<TICKER>,<PER>,<DATE>,<TIME>,<OPEN>,<HIGH>,<LOW>,<CLOSE>,<VOL>,<OPENINT>
R22,D,20171229,000000,22.146,22.146,17.959,18.125,28609,0
R22,D,20180103,000000,18.145,18.145,17.178,17.568,6413,0
R22,D,20180104,000000,17.618,17.618,16.202,17.129,8806,0
R22,D,20180105,000000,17.959,17.959,17.852,17.852,128,0
R22,D,20180108,000000,18.057,18.535,17.568,17.568,2250,0
R22,D,20180109,000000,17.373,17.373,17.139,17.139,5783,0
R22,D,20180110,000000,17.266,17.558,17.266,17.558,207,0
R22,D,20180111,000000,17.813,17.813,17.178,17.568,8565,0
R22,D,20180112,000000,17.129,17.861,17.129,17.861,154,0
R22,D,20180115,000000,18.447,18.447,17.959,18.203,499,0
R22,D,20180116,000000,18.535,18.535,17.9,18.222,10966,0
R22,D,20180117,000000,18.222,18.222,17.822,17.959,9260,0
R22,D,20180118,000000,17.959,18.145,17.226,18.047,3295,0
R22,D,20180119,000000,18.047,18.047,17.861,17.959,6510,0
R22,D,20180122,000000,18.047,18.057,17.959,18.057,1793,0
R22,D,20180123,000000,17.959,18.173,17.861,18.057,12413,0
R22,D,20180124,000000,18.057,18.154,17.9,18.115,1038,0
R22,D,20180125,000000,18.115,19.521,17.94,19.364,12997,0
R22,D,20180126,000000,18.545,19.286,18.545,19.13,6515,0
R22,D,20180129,000000,18.622,19.13,18.622,19.13,6685,0
R22,D,20180130,000000,19.209,19.209,18.622,18.935,20977,0
R22,D,20180131,000000,18.72,19.364,18.72,18.935,10140,0
R22,D,20180201,000000,19.345,19.521,18.915,19.521,3804,0
R22,D,20180202,000000,19.521,19.521,19.521,19.521,35,0
R22,D,20180205,000000,19.032,19.404,18.35,19.032,13622,0
R22,D,20180206,000000,18.545,18.837,17.081,18.837,30661,0
R22,D,20180207,000000,19.423,19.423,18.837,19.013,195,0
R22,D,20180208,000000,18.817,19.032,18.057,19.032,1699,0
R22,D,20180209,000000,18.564,18.974,18.252,18.935,1940,0
R22,D,20180212,000000,19.013,19.032,18.994,19.032,11760,0
R22,D,20180213,000000,19.091,19.911,19.091,19.345,9532,0
R22,D,20180214,000000,19.618,19.813,19.521,19.716,5511,0
R22,D,20180215,000000,19.862,19.96,19.764,19.96,3281,0
R22,D,20180216,000000,19.96,20.009,19.716,19.911,3902,0
R22,D,20180219,000000,20.009,20.448,20.009,20.301,84898,0
R22,D,20180220,000000,20.301,20.301,19.911,20.301,611,0
R22,D,20180221,000000,20.204,20.204,19.521,19.813,2522,0
R22,D,20180222,000000,19.96,19.96,18.74,19.813,6574,0
R22,D,20180223,000000,19.667,19.667,18.799,19.032,3945,0
R22,D,20180226,000000,19.227,19.716,19.227,19.521,2352,0
R22,D,20180227,000000,19.521,19.521,19.521,19.521,7,0
R22,D,20180228,000000,19.091,19.423,18.603,19.423,2274,0
R22,D,20180301,000000,19.227,19.501,18.74,18.74,1132,0
R22,D,20180302,000000,18.837,19.013,18.408,18.935,2921,0
R22,D,20180305,000000,19.13,19.13,18.642,18.935,381,0
R22,D,20180306,000000,18.935,19.521,18.935,19.501,6989,0
R22,D,20180307,000000,19.462,19.462,19.032,19.326,555,0
R22,D,20180308,000000,19.052,19.209,18.935,19.032,3445,0
R22,D,20180309,000000,18.935,19.501,18.935,19.501,14876,0
R22,D,20180312,000000,19.501,19.501,18.74,19.111,2106,0
R22,D,20180313,000000,19.227,19.227,18.837,18.837,557,0
R22,D,20180314,000000,19.227,19.227,18.837,18.837,483,0
R22,D,20180315,000000,18.837,18.837,18.837,18.837,52,0
R22,D,20180316,000000,18.74,18.74,18.642,18.642,24,0
R22,D,20180319,000000,18.642,18.642,18.467,18.545,177,0
R22,D,20180320,000000,18.35,18.837,18.35,18.837,1047,0
R22,D,20180321,000000,18.837,19.032,18.837,18.935,1288,0
R22,D,20180322,000000,18.935,18.935,18.837,18.837,1319,0
R22,D,20180323,000000,18.837,18.935,18.74,18.896,731,0
R22,D,20180326,000000,18.896,18.896,18.896,18.896,8,0
R22,D,20180327,000000,18.642,18.896,18.642,18.896,77,0
R22,D,20180328,000000,18.896,18.935,18.545,18.935,10709,0
R22,D,20180329,000000,18.935,19.13,18.35,19.13,21572,0
R22,D,20180403,000000,19.091,19.911,18.564,19.764,4233,0
R22,D,20180404,000000,19.911,19.911,19.189,19.813,50,0
R22,D,20180405,000000,19.813,19.813,19.521,19.764,156,0
R22,D,20180406,000000,19.521,19.764,19.521,19.764,43,0
R22,D,20180409,000000,19.764,20.058,19.521,20.058,1146,0
R22,D,20180410,000000,20.009,20.009,19.227,19.345,1623,0
R22,D,20180411,000000,19.96,19.96,19.247,19.813,25,0
R22,D,20180412,000000,19.813,20.009,19.521,20.009,136620,0
R22,D,20180413,000000,20.009,21.863,19.618,21.327,46453,0
R22,D,20180416,000000,21.472,21.863,20.692,21.668,2838,0
R22,D,20180417,000000,21.472,21.472,20.741,21.131,20448,0
R22,D,20180418,000000,21.472,21.472,20.155,20.301,1571,0
R22,D,20180419,000000,20.106,20.496,19.521,19.521,3085,0
R22,D,20180420,000000,20.155,20.155,19.209,19.521,2703,0
R22,D,20180423,000000,20.058,20.058,19.521,20.058,85,0
R22,D,20180424,000000,20.399,20.399,19.227,19.862,518,0
R22,D,20180425,000000,19.813,19.813,19.13,19.813,508,0
R22,D,20180426,000000,19.618,19.716,19.247,19.716,975,0
R22,D,20180427,000000,19.716,20.204,19.326,19.521,208703,0
R22,D,20180430,000000,20.009,20.301,19.521,20.301,9326,0
R22,D,20180502,000000,20.496,20.496,19.716,19.716,176,0
R22,D,20180504,000000,20.496,20.496,19.052,19.521,2370,0
R22,D,20180507,000000,19.521,19.521,19.423,19.481,453,0
R22,D,20180508,000000,19.481,19.481,18.173,19.209,1522,0
R22,D,20180509,000000,19.481,19.481,18.427,19.032,823,0
R22,D,20180510,000000,19.032,19.032,18.74,18.935,503,0
R22,D,20180511,000000,18.935,18.935,18.33,18.935,382,0
R22,D,20180514,000000,18.935,19.227,18.154,18.954,2415,0
R22,D,20180515,000000,18.252,18.935,18.252,18.935,666,0
R22,D,20180516,000000,18.935,18.935,18.35,18.935,518,0
R22,D,20180517,000000,18.935,18.935,18.173,18.72,1586,0
R22,D,20180518,000000,18.935,18.935,18.622,18.896,914,0
R22,D,20180521,000000,18.896,18.896,18.193,18.877,40,0
R22,D,20180522,000000,18.857,19.911,18.564,18.7,2151,0
R22,D,20180523,000000,19.481,19.481,18.74,18.74,1050,0
R22,D,20180524,000000,19.326,19.326,17.432,18.74,53276,0
R22,D,20180525,000000,18.837,19.032,17.1,18.935,57573,0
R22,D,20180528,000000,18.837,19.521,18.837,19.032,36099,0
R22,D,20180529,000000,18.837,19.326,18.564,19.326,2936,0
R22,D,20180530,000000,19.326,19.521,18.74,19.521,6711,0
R22,D,20180601,000000,19.521,19.521,18.72,19.032,2567,0
R22,D,20180604,000000,19.032,19.032,18.642,19.032,665,0
R22,D,20180605,000000,19.813,19.813,18.662,18.935,109,0
R22,D,20180606,000000,19.032,19.032,19.032,19.032,157,0
R22,D,20180607,000000,18.935,18.935,18.057,18.74,3114,0
R22,D,20180608,000000,18.896,18.896,18.74,18.74,35,0
R22,D,20180611,000000,19.032,19.032,18.095,18.74,1078,0
R22,D,20180612,000000,18.915,18.915,18.154,18.837,1359,0
R22,D,20180613,000000,19.423,19.423,18.193,18.193,169,0
R22,D,20180614,000000,19.013,19.013,18.642,18.642,451,0
R22,D,20180615,000000,18.74,18.837,18.545,18.545,401,0
R22,D,20180618,000000,18.545,18.545,18.545,18.545,12,0
R22,D,20180619,000000,18.545,18.545,17.568,18.545,3904,0
R22,D,20180620,000000,18.545,18.545,18.057,18.545,1113,0
R22,D,20180621,000000,18.74,18.74,18.232,18.545,936,0
R22,D,20180622,000000,18.545,19.032,18.545,18.545,1283,0
R22,D,20180625,000000,18.232,18.545,18.232,18.545,445,0
R22,D,20180626,000000,18.505,18.545,18.057,18.545,5662,0
R22,D,20180627,000000,18.837,18.837,18.545,18.545,104,0
R22,D,20180628,000000,18.545,18.545,18.545,18.545,57,0
R22,D,20180629,000000,18.817,18.817,18.74,18.74,52,0
R22,D,20180702,000000,18.817,18.817,18.817,18.817,1,0
R22,D,20180703,000000,18.817,18.817,18.154,18.642,743,0
R22,D,20180704,000000,18.817,18.817,18.057,18.057,163,0
R22,D,20180705,000000,18.057,18.057,17.763,18.057,587,0
R22,D,20180706,000000,18.545,18.545,18.135,18.135,2,0
R22,D,20180709,000000,18.057,18.057,17.588,17.588,85,0
R22,D,20180710,000000,18.545,18.545,18.545,18.545,1,0
R22,D,20180711,000000,18.35,18.35,18.35,18.35,1,0
R22,D,20180712,000000,18.35,18.35,18.35,18.35,1,0
R22,D,20180713,000000,18.35,18.35,18.33,18.33,2,0
R22,D,20180716,000000,18.33,18.35,17.666,18.35,840,0
R22,D,20180717,000000,18.545,18.545,18.545,18.545,1,0
R22,D,20180718,000000,18.545,18.545,17.178,17.178,2803,0
R22,D,20180719,000000,17.763,17.763,17.158,17.763,536,0
R22,D,20180720,000000,18.545,18.545,17.393,18.35,522,0
R22,D,20180723,000000,18.057,18.057,18.057,18.057,2,0
R22,D,20180724,000000,18.057,18.057,17.861,17.861,68,0
R22,D,20180725,000000,17.842,17.842,17.471,17.822,527,0
R22,D,20180726,000000,17.822,17.822,17.373,17.822,30997,0
R22,D,20180727,000000,17.822,17.822,17.178,17.568,103341,0
R22,D,20180730,000000,17.354,17.803,17.354,17.803,119,0
R22,D,20180731,000000,17.803,18.779,17.803,18.779,3506,0
R22,D,20180801,000000,17.861,18.817,17.861,18.817,2045,0
R22,D,20180802,000000,18.817,18.817,18.817,18.817,2,0
R22,D,20180803,000000,18.817,19.032,18.622,18.935,2952,0
R22,D,20180806,000000,18.935,18.935,18.545,18.545,2,0
R22,D,20180807,000000,18.935,18.935,18.935,18.935,1,0
R22,D,20180808,000000,18.935,18.935,17.763,18.545,102735,0
R22,D,20180809,000000,18.545,18.935,18.545,18.935,43,0
R22,D,20180810,000000,18.545,18.935,18.545,18.935,1381,0
R22,D,20180813,000000,18.154,18.545,18.154,18.545,88,0
R22,D,20180814,000000,18.545,18.935,18.545,18.935,452,0
R22,D,20180816,000000,18.935,18.935,18.935,18.935,2,0
R22,D,20180817,000000,18.935,18.935,18.525,18.935,1467,0
R22,D,20180820,000000,18.935,18.935,18.935,18.935,2,0
R22,D,20180821,000000,18.896,18.935,18.896,18.935,359,0
R22,D,20180822,000000,19.032,19.032,18.232,19.032,475,0
R22,D,20180823,000000,19.423,19.423,18.994,19.032,1212,0
R22,D,20180824,000000,19.032,19.032,17.568,18.74,3107,0
R22,D,20180827,000000,18.72,18.935,18.72,18.935,1252,0
R22,D,20180828,000000,18.994,18.994,18.994,18.994,1640,0
R22,D,20180829,000000,17.959,18.935,17.959,18.935,31353,0
R22,D,20180830,000000,18.935,18.935,18.31,18.837,25498,0
R22,D,20180831,000000,18.817,18.817,18.388,18.7,5554,0
R22,D,20180903,000000,18.72,18.72,16.963,16.963,4499,0
R22,D,20180904,000000,17.666,17.745,16.886,17.451,1601,0
R22,D,20180905,000000,17.471,17.471,16.592,17.081,1144,0
R22,D,20180906,000000,17.081,17.51,16.788,17.51,38,0
R22,D,20180907,000000,17.51,17.51,17.51,17.51,12,0
R22,D,20180910,000000,17.471,17.471,17.471,17.471,10,0
R22,D,20180911,000000,17.568,17.568,16.709,17.354,107,0
R22,D,20180912,000000,17.334,17.568,16.749,17.568,6,0
R22,D,20180913,000000,17.568,17.568,17.354,17.354,11,0
R22,D,20180914,000000,17.354,17.471,16.729,17.471,44,0
R22,D,20180917,000000,16.826,17.354,16.691,16.807,1855,0
R22,D,20180918,000000,17.568,17.568,16.299,16.456,531,0
R22,D,20180919,000000,16.886,16.886,16.456,16.671,2169,0
R22,D,20180920,000000,16.886,16.886,15.48,15.48,145195,0
R22,D,20180921,000000,15.48,15.617,15.48,15.519,58988,0
R22,D,20180924,000000,16.104,16.104,15.617,16.046,17645,0
R22,D,20180925,000000,16.027,16.104,15.714,16.104,1396,0
R22,D,20180926,000000,16.104,17.568,16.104,17.568,53703,0
R22,D,20180927,000000,17.803,17.803,17.081,17.568,377,0
R22,D,20180928,000000,17.568,17.568,17.568,17.568,43,0
R22,D,20181001,000000,17.568,17.568,17.568,17.568,457,0
R22,D,20181002,000000,17.763,17.763,16.397,16.397,2066,0
R22,D,20181003,000000,17.53,17.53,16.007,16.573,3052,0
R22,D,20181004,000000,17.373,17.373,17.373,17.373,1,0
R22,D,20181005,000000,16.944,17.373,16.866,17.373,1296,0
R22,D,20181008,000000,17.373,17.373,16.397,17.119,2329,0
R22,D,20181009,000000,17.119,17.119,16.299,16.476,565,0
R22,D,20181010,000000,17.119,17.119,15.714,16.104,831,0
R22,D,20181011,000000,15.617,15.617,15.519,15.617,1158,0
R22,D,20181012,000000,16.104,16.104,15.226,15.714,169,0
R22,D,20181015,000000,15.714,15.714,15.245,15.675,7,0
R22,D,20181016,000000,15.245,15.558,15.245,15.285,331,0
R22,D,20181017,000000,15.655,15.655,15.245,15.617,442,0
R22,D,20181018,000000,15.617,15.617,15.617,15.617,2,0
R22,D,20181019,000000,15.617,15.617,15.577,15.597,4,0
R22,D,20181022,000000,15.597,16.104,15.597,16.104,302,0
R22,D,20181023,000000,16.104,16.104,16.104,16.104,1,0
R22,D,20181024,000000,16.104,16.104,15.226,15.831,288,0
R22,D,20181025,000000,16.104,16.104,15.031,15.44,812,0
R22,D,20181026,000000,15.851,15.851,15.128,15.851,59,0
R22,D,20181029,000000,15.46,15.851,15.46,15.851,21402,0
R22,D,20181030,000000,16.104,16.104,16.104,16.104,1,0
R22,D,20181031,000000,16.104,16.104,16.104,16.104,2,0
R22,D,20181102,000000,16.104,16.104,15.851,16.104,71,0
R22,D,20181105,000000,16.104,16.104,15.617,15.734,20639,0
R22,D,20181106,000000,16.104,16.104,15.909,16.104,127,0
R22,D,20181107,000000,16.104,16.104,15.617,15.617,10247,0
R22,D,20181108,000000,16.104,16.104,16.104,16.104,29,0
R22,D,20181109,000000,16.104,16.104,16.104,16.104,2,0
R22,D,20181113,000000,16.104,16.104,16.104,16.104,10,0
R22,D,20181114,000000,16.104,16.299,15.617,15.909,6009,0
R22,D,20181115,000000,16.397,16.788,16.104,16.104,1255,0
R22,D,20181116,000000,16.788,16.788,16.788,16.788,1,0
R22,D,20181119,000000,15.617,15.636,14.895,14.933,4994,0
R22,D,20181120,000000,15.753,15.753,14.64,15.128,23078,0
R22,D,20181121,000000,15.324,15.324,14.64,14.933,344,0
R22,D,20181122,000000,15.011,15.011,15.011,15.011,8,0
R22,D,20181123,000000,15.011,15.128,15.011,15.128,1289,0
R22,D,20181126,000000,15.617,15.714,15.422,15.714,11346,0
R22,D,20181127,000000,15.772,15.949,15.772,15.949,5495,0
R22,D,20181128,000000,16.592,16.592,15.617,15.812,619,0
R22,D,20181129,000000,16.592,16.592,15.519,15.909,1050,0
R22,D,20181130,000000,16.592,16.592,15.617,16.299,37811,0
R22,D,20181203,000000,15.636,16.554,15.636,16.182,4535,0
R22,D,20181204,000000,16.592,16.592,15.636,16.202,4752,0
R22,D,20181205,000000,16.202,16.202,15.617,15.617,1345,0
R22,D,20181206,000000,16.065,16.065,15.128,15.675,739,0
R22,D,20181207,000000,15.655,15.831,15.655,15.831,18,0
R22,D,20181210,000000,15.831,15.967,15.675,15.675,95,0
R22,D,20181211,000000,15.967,15.967,15.617,15.617,13,0
R22,D,20181212,000000,15.812,15.812,15.265,15.812,58,0
R22,D,20181213,000000,15.929,15.929,15.851,15.851,285,0
R22,D,20181214,000000,15.851,15.851,15.617,15.792,339,0
R22,D,20181217,000000,15.949,15.949,15.617,15.772,463,0
R22,D,20181218,000000,15.772,15.772,15.226,15.226,263,0
R22,D,20181219,000000,15.617,15.617,15.577,15.577,63,0
R22,D,20181220,000000,15.538,15.597,15.187,15.597,152,0
R22,D,20181221,000000,15.577,15.577,14.543,14.543,881,0
R22,D,20181227,000000,14.64,15.226,14.543,14.543,2281,0
R22,D,20181228,000000,14.543,14.543,13.976,14.543,587,0
R22,D,20190102,000000,15.031,15.031,14.582,14.582,1253,0
R22,D,20190103,000000,14.582,14.621,14.426,14.465,983,0
R22,D,20190104,000000,14.465,14.484,14.465,14.484,14,0
R22,D,20190107,000000,14.484,14.484,14.386,14.484,383,0
R22,D,20190108,000000,14.484,14.484,14.25,14.25,3149,0
R22,D,20190109,000000,14.348,14.348,14.25,14.348,852,0
R22,D,20190110,000000,14.25,14.66,14.25,14.328,61122,0
R22,D,20190111,000000,14.64,14.64,14.153,14.153,1667,0
R22,D,20190114,000000,14.328,14.328,13.879,14.074,1161,0
R22,D,20190115,000000,14.094,14.27,13.879,14.27,2251,0
R22,D,20190116,000000,14.27,14.445,13.957,14.445,2383,0
R22,D,20190117,000000,14.445,14.445,14.426,14.445,31,0
R22,D,20190118,000000,14.445,14.64,14.191,14.64,108976,0
R22,D,20190121,000000,14.64,15.109,14.445,14.992,9416,0
R22,D,20190122,000000,15.031,16.592,15.031,16.299,10279,0
R22,D,20190123,000000,16.299,16.494,16.299,16.494,459,0
R22,D,20190124,000000,16.494,16.494,16.104,16.202,1046,0
R22,D,20190125,000000,16.397,16.749,16.397,16.631,98639,0
R22,D,20190128,000000,16.494,16.573,16.163,16.163,20531,0
R22,D,20190129,000000,16.378,16.378,14.835,15.812,1761,0
R22,D,20190130,000000,15.812,16.28,15.519,16.28,1894,0
R22,D,20190131,000000,16.28,16.28,16.222,16.28,32,0
R22,D,20190201,000000,16.28,16.28,15.812,16.007,720,0
R22,D,20190204,000000,16.007,16.007,15.987,16.007,93,0
R22,D,20190205,000000,16.007,16.007,16.007,16.007,1,0
R22,D,20190206,000000,15.967,15.967,14.699,15.285,12944,0
R22,D,20190207,000000,15.402,15.812,15.128,15.363,8210,0
R22,D,20190208,000000,15.031,15.09,14.543,14.582,20959,0
R22,D,20190211,000000,15.011,15.011,14.484,14.523,5354,0
R22,D,20190212,000000,15.324,16.846,14.835,16.494,39541,0
R22,D,20190213,000000,16.788,18.154,16.788,17.763,27228,0
R22,D,20190214,000000,18.173,18.799,17.334,17.745,13318,0
R22,D,20190215,000000,17.725,17.725,16.807,17.178,2345,0
R22,D,20190218,000000,17.432,17.432,16.709,17.218,821,0
R22,D,20190219,000000,17.178,17.432,16.651,17.081,1590,0
R22,D,20190220,000000,16.651,17.276,16.651,17.276,3043,0
R22,D,20190221,000000,17.236,17.432,17.236,17.432,139,0
R22,D,20190222,000000,17.432,17.432,17.081,17.178,631,0
R22,D,20190225,000000,17.432,17.861,17.081,17.568,7813,0
R22,D,20190226,000000,17.568,18.057,17.315,17.549,8405,0
R22,D,20190227,000000,17.763,17.94,17.568,17.666,15896,0
R22,D,20190228,000000,17.861,18.037,17.373,18.018,2658,0
R22,D,20190301,000000,18.037,18.037,17.549,17.861,1271,0
R22,D,20190304,000000,17.861,17.881,17.861,17.861,327,0
R22,D,20190305,000000,17.861,17.861,17.178,17.471,4382,0
R22,D,20190306,000000,17.568,17.588,17.178,17.568,14886,0
R22,D,20190307,000000,17.276,17.666,17.276,17.568,851,0
R22,D,20190308,000000,17.608,17.627,17.373,17.608,729,0
R22,D,20190311,000000,17.568,17.568,17.373,17.471,261,0
R22,D,20190312,000000,17.471,17.568,16.671,17.471,6353,0
R22,D,20190313,000000,17.354,17.373,17.003,17.276,968,0
R22,D,20190314,000000,17.295,17.295,16.983,16.983,118,0
R22,D,20190315,000000,17.354,17.49,16.983,16.983,974,0
R22,D,20190318,000000,17.276,17.276,17.276,17.276,5,0
R22,D,20190319,000000,16.983,17.471,16.709,17.471,1568,0
R22,D,20190320,000000,17.471,19.423,17.471,18.935,30825,0
R22,D,20190321,000000,18.935,19.111,18.545,19.111,4029,0
R22,D,20190322,000000,19.111,19.111,18.74,18.74,170,0
R22,D,20190325,000000,19.032,19.032,18.642,19.032,225,0
R22,D,20190326,000000,18.935,18.935,18.057,18.74,898,0
R22,D,20190327,000000,18.545,19.032,18.154,18.915,3721,0
R22,D,20190328,000000,18.915,18.935,18.915,18.935,549,0
R22,D,20190329,000000,18.837,19.032,18.779,19.032,2156,0
R22,D,20190401,000000,18.935,19.521,18.935,19.032,11658,0
R22,D,20190402,000000,19.326,21.277,19.326,20.009,13323,0
R22,D,20190403,000000,20.106,20.399,20.106,20.204,1930,0
R22,D,20190404,000000,20.399,20.399,19.813,20.106,1532,0
R22,D,20190405,000000,20.301,20.496,20.009,20.496,2425,0
R22,D,20190408,000000,20.009,20.106,19.618,20.009,1592,0
R22,D,20190409,000000,20.009,20.009,19.423,19.911,2655,0
R22,D,20190410,000000,19.813,19.911,19.521,19.911,2990,0
R22,D,20190411,000000,19.813,19.813,19.813,19.813,5,0
R22,D,20190412,000000,19.813,19.813,19.813,19.813,5,0
R22,D,20190415,000000,19.179,20.009,19.179,19.911,1941,0
R22,D,20190416,000000,19.521,19.911,19.521,19.911,654,0
R22,D,20190417,000000,19.911,20.009,19.326,19.911,1581,0
R22,D,20190418,000000,19.813,19.911,19.521,19.813,560,0
R22,D,20190423,000000,19.813,19.813,19.813,19.813,5,0
R22,D,20190424,000000,19.813,19.813,19.374,19.813,171,0
R22,D,20190425,000000,19.813,19.813,19.082,19.716,1162,0
R22,D,20190426,000000,19.521,19.521,19.521,19.521,105,0
R22,D,20190429,000000,19.521,19.521,18.935,19.227,636,0
R22,D,20190430,000000,19.179,20.399,19.179,19.716,9313,0
R22,D,20190502,000000,19.911,19.911,19.911,19.911,5,0
R22,D,20190506,000000,19.716,19.911,19.521,19.911,259,0
R22,D,20190507,000000,19.911,19.911,19.911,19.911,6,0
R22,D,20190508,000000,19.423,19.911,19.423,19.618,2120,0
R22,D,20190509,000000,19.521,19.521,17.568,17.715,11353,0
R22,D,20190510,000000,18.545,19.227,18.545,18.837,1152,0
R22,D,20190513,000000,18.837,18.837,18.545,18.642,2568,0
R22,D,20190514,000000,18.837,18.837,17.861,18.3,780,0
R22,D,20190515,000000,18.447,18.447,17.325,18.008,6977,0
R22,D,20190516,000000,18.057,18.057,17.568,17.568,4649,0
R22,D,20190517,000000,17.568,18.3,17.568,18.105,2807,0
R22,D,20190520,000000,18.935,19.423,17.813,18.252,9561,0
R22,D,20190521,000000,18.35,18.74,17.861,18.252,4891,0
R22,D,20190522,000000,18.203,18.203,17.568,17.959,5722,0
R22,D,20190523,000000,17.959,18.057,17.763,17.959,4823,0
R22,D,20190524,000000,18.057,18.057,17.373,17.618,30679,0
R22,D,20190527,000000,17.129,17.763,17.129,17.763,325,0
R22,D,20190528,000000,17.763,17.763,17.081,17.618,941,0
R22,D,20190529,000000,17.763,17.763,17.178,17.178,259,0
R22,D,20190530,000000,17.763,17.763,17.568,17.763,259,0
R22,D,20190531,000000,17.959,18.154,17.959,17.959,912,0
R22,D,20190603,000000,18.057,18.154,18.008,18.154,1195,0
R22,D,20190604,000000,18.154,18.35,18.057,18.35,19737,0
R22,D,20190605,000000,18.35,18.35,17.568,17.959,1880,0
R22,D,20190606,000000,17.959,17.959,17.423,17.568,4343,0
R22,D,20190607,000000,17.52,17.52,17.373,17.373,1453,0
R22,D,20190610,000000,17.52,17.568,17.373,17.568,625,0
R22,D,20190611,000000,17.568,17.568,17.373,17.373,663,0
R22,D,20190612,000000,17.423,17.423,17.325,17.373,460,0
R22,D,20190613,000000,17.373,17.52,17.276,17.52,5102,0
R22,D,20190614,000000,17.52,18.837,17.52,18.74,7165,0
R22,D,20190617,000000,18.74,18.74,18.545,18.642,365,0
R22,D,20190618,000000,19.13,19.326,18.642,19.326,3388,0
R22,D,20190619,000000,19.326,19.716,18.886,19.326,3729,0
R22,D,20190621,000000,19.277,19.277,18.691,18.984,679,0
R22,D,20190624,000000,18.984,19.13,18.837,18.837,140,0
R22,D,20190625,000000,19.326,19.326,19.032,19.032,222,0
R22,D,20190626,000000,19.227,19.227,18.935,19.227,124,0
R22,D,20190627,000000,19.227,19.227,18.691,19.032,293,0
R22,D,20190628,000000,19.032,19.227,18.691,19.227,146,0
R22,D,20190701,000000,19.227,19.521,19.227,19.521,1885,0
R22,D,20190702,000000,19.277,19.277,19.032,19.032,235,0
R22,D,20190703,000000,19.277,19.277,18.837,19.032,118,0
R22,D,20190704,000000,19.032,19.032,18.642,18.935,334,0
R22,D,20190705,000000,19.032,19.032,18.447,18.984,699,0
R22,D,20190708,000000,18.984,18.984,18.984,18.984,2,0
R22,D,20190709,000000,18.984,18.984,18.447,18.984,223,0
R22,D,20190710,000000,18.984,18.984,18.545,18.984,55,0
R22,D,20190711,000000,18.935,18.935,18.252,18.447,2416,0
R22,D,20190712,000000,18.545,18.789,18.447,18.545,497,0
R22,D,20190715,000000,18.545,18.545,18.3,18.495,1029,0
R22,D,20190716,000000,18.495,19.911,18.398,19.326,21414,0
R22,D,20190717,000000,19.374,19.618,19.326,19.326,55147,0
R22,D,20190718,000000,19.374,19.374,19.227,19.277,1331,0
R22,D,20190719,000000,19.326,19.374,19.13,19.13,7712,0
R22,D,20190722,000000,19.326,19.374,19.082,19.326,4117,0
R22,D,20190723,000000,19.374,19.374,19.082,19.082,1235,0
R22,D,20190724,000000,19.13,19.326,19.13,19.277,1944,0
R22,D,20190725,000000,19.326,19.911,19.179,19.911,72732,0
R22,D,20190726,000000,19.911,21.472,19.813,20.496,14578,0
R22,D,20190729,000000,20.496,20.887,20.301,20.692,7828,0
R22,D,20190730,000000,20.692,20.79,20.399,20.692,23221,0
R22,D,20190731,000000,20.692,20.985,20.399,20.399,26422,0
R22,D,20190801,000000,20.301,20.692,20.301,20.692,1935,0
R22,D,20190802,000000,20.692,20.79,20.204,20.301,508,0
R22,D,20190805,000000,20.301,20.399,19.716,20.009,2013,0
R22,D,20190806,000000,19.813,20.496,19.227,20.301,5059,0
R22,D,20190807,000000,20.399,20.399,19.716,20.009,907,0
R22,D,20190808,000000,20.009,20.106,19.911,20.106,4999,0
R22,D,20190809,000000,20.399,20.399,19.813,20.106,604,0
R22,D,20190812,000000,20.009,20.106,20.009,20.106,206,0
R22,D,20190813,000000,20.106,20.692,19.716,20.692,1555,0
R22,D,20190814,000000,20.692,21.277,20.692,21.18,6862,0
R22,D,20190816,000000,21.18,21.18,20.301,20.887,2484,0
R22,D,20190819,000000,20.887,21.082,20.106,20.399,1294,0
R22,D,20190820,000000,20.399,20.399,19.521,20.301,22329,0
R22,D,20190821,000000,20.301,20.301,20.106,20.301,65,0
R22,D,20190822,000000,20.301,20.79,20.106,20.79,891,0
R22,D,20190823,000000,20.594,20.79,20.594,20.79,302,0
R22,D,20190826,000000,20.79,20.79,20.496,20.692,801,0
R22,D,20190827,000000,20.594,20.594,20.399,20.594,1263,0
R22,D,20190828,000000,20.79,20.79,20.106,20.496,2340,0
R22,D,20190829,000000,20.496,20.496,20.009,20.399,323,0
R22,D,20190830,000000,20.496,20.496,20.106,20.496,369,0
R22,D,20190902,000000,20.301,20.301,19.911,20.009,1288,0
R22,D,20190903,000000,20.009,20.009,19.374,19.472,3099,0
R22,D,20190904,000000,19.472,19.472,18.789,19.472,3583,0
R22,D,20190905,000000,19.521,20.204,19.277,19.277,105984,0
R22,D,20190906,000000,19.618,19.618,19.521,19.521,1416,0
R22,D,20190909,000000,19.521,19.911,19.423,19.521,23988,0
R22,D,20190910,000000,19.521,19.521,19.13,19.277,2961,0
R22,D,20190911,000000,19.277,19.277,19.277,19.277,651,0
R22,D,20190912,000000,19.326,19.326,19.082,19.227,572,0
R22,D,20190913,000000,19.227,19.227,19.082,19.082,61,0
R22,D,20190916,000000,19.032,19.032,18.203,18.789,2682,0
R22,D,20190917,000000,18.886,19.277,18.74,18.74,2338,0
R22,D,20190918,000000,18.545,19.227,18.545,19.227,447,0
R22,D,20190919,000000,19.277,19.277,19.179,19.277,1235,0
R22,D,20190920,000000,19.277,19.326,18.837,19.277,1135,0
R22,D,20190923,000000,19.13,19.326,18.837,19.326,310,0
R22,D,20190924,000000,19.326,19.326,19.277,19.326,926,0
R22,D,20190925,000000,19.326,19.472,18.886,19.472,866,0
R22,D,20190926,000000,19.472,19.472,19.032,19.472,987,0
R22,D,20190927,000000,19.472,19.813,18.935,19.227,1984,0
R22,D,20190930,000000,19.326,19.472,19.13,19.227,666,0
R22,D,20191001,000000,19.227,19.227,19.13,19.13,1252,0
R22,D,20191002,000000,19.13,19.13,18.837,18.984,864,0
R22,D,20191003,000000,18.642,19.082,18.642,19.082,73,0
R22,D,20191004,000000,19.082,19.227,18.74,19.227,475,0
R22,D,20191007,000000,19.227,19.227,19.227,19.227,3,0
R22,D,20191008,000000,19.179,19.179,19.032,19.032,1929,0
R22,D,20191009,000000,19.13,19.13,18.837,19.032,973,0
R22,D,20191010,000000,19.032,19.13,18.74,18.984,820,0
R22,D,20191011,000000,19.032,20.009,18.935,19.911,1544,0
R22,D,20191014,000000,20.208,20.208,19.713,19.713,2232,0
R22,D,20191015,000000,19.911,19.911,19.713,19.911,86,0
R22,D,20191016,000000,19.911,19.911,19.911,19.911,73,0
R22,D,20191017,000000,19.911,19.911,19.564,19.812,72,0
R22,D,20191018,000000,19.812,19.911,19.614,19.911,3505,0
R22,D,20191021,000000,19.812,19.812,19.465,19.465,605,0
R22,D,20191022,000000,19.812,19.812,19.416,19.515,566,0
R22,D,20191023,000000,19.663,19.663,18.92,19.317,1835,0
R22,D,20191024,000000,19.663,19.663,19.663,19.663,17,0
R22,D,20191025,000000,19.663,19.663,19.416,19.663,514,0
R22,D,20191028,000000,19.614,19.663,19.614,19.663,170,0
R22,D,20191029,000000,19.663,19.663,19.019,19.663,4597,0
R22,D,20191030,000000,19.663,19.812,19.019,19.812,3418,0
R22,D,20191031,000000,19.812,19.812,19.416,19.812,4012,0
R22,D,20191104,000000,19.812,19.911,19.564,19.812,4846,0
R22,D,20191105,000000,19.911,19.911,19.812,19.911,998,0
R22,D,20191106,000000,19.911,19.911,19.366,19.366,477,0
R22,D,20191107,000000,19.812,19.812,19.168,19.168,421,0
R22,D,20191108,000000,19.366,19.564,18.821,18.821,3225,0
R22,D,20191112,000000,18.623,18.821,18.128,18.623,2159,0
R22,D,20191113,000000,18.821,18.821,18.227,18.425,1033,0
R22,D,20191114,000000,18.227,19.218,18.227,19.118,2890,0
R22,D,20191115,000000,19.218,19.218,19.218,19.218,13,0
R22,D,20191118,000000,18.821,20.01,18.821,20.01,22975,0
R22,D,20191119,000000,20.01,21.397,19.812,20.604,52108,0
R22,D,20191120,000000,20.604,20.803,20.01,20.703,24250,0
R22,D,20191121,000000,20.703,20.703,20.109,20.505,948,0
R22,D,20191122,000000,20.505,20.803,19.812,20.307,4316,0
R22,D,20191125,000000,20.307,20.505,19.911,20.307,51842,0
R22,D,20191126,000000,20.406,21.001,20.406,20.803,11059,0
R22,D,20191127,000000,20.902,21.1,20.604,20.902,1925,0
R22,D,20191128,000000,20.902,21.496,20.208,21.496,16092,0
R22,D,20191129,000000,21.1,21.694,21.1,21.694,5815,0
R22,D,20191202,000000,21.694,22.288,21.397,21.694,11395,0
R22,D,20191203,000000,21.694,21.793,21.298,21.298,910,0
R22,D,20191204,000000,21.595,21.694,21.1,21.496,34668,0
R22,D,20191205,000000,21.595,21.991,21.397,21.694,3041,0
R22,D,20191206,000000,21.694,21.694,21.298,21.298,1508,0
R22,D,20191209,000000,21.298,21.397,21.199,21.397,1560,0
R22,D,20191210,000000,21.397,21.397,21.298,21.298,59,0
R22,D,20191211,000000,21.298,21.397,21.1,21.1,542,0
R22,D,20191212,000000,21.1,21.298,21.1,21.298,144,0
R22,D,20191213,000000,21.298,21.298,21.1,21.298,50886,0
R22,D,20191216,000000,21.298,23.279,21.298,22.883,10178,0
R22,D,20191217,000000,22.883,23.576,22.487,22.784,210059,0
R22,D,20191218,000000,22.387,22.883,22.189,22.387,1847,0
R22,D,20191219,000000,22.487,22.586,22.387,22.586,988,0
R22,D,20191220,000000,22.784,23.675,22.586,23.477,9468,0
R22,D,20191223,000000,22.982,23.477,22.784,23.081,15411,0
R22,D,20191227,000000,23.477,24.171,22.784,23.477,8045,0
R22,D,20191230,000000,23.477,23.774,22.784,22.784,5862,0
R22,D,20200102,000000,23.477,23.774,22.784,23.279,4059,0
R22,D,20200103,000000,23.378,23.378,22.784,23.279,12935,0
R22,D,20200107,000000,23.378,23.576,22.982,23.279,17790,0
R22,D,20200108,000000,23.279,23.576,22.784,23.576,23386,0
R22,D,20200109,000000,23.576,25.359,23.576,24.567,9801,0
R22,D,20200110,000000,24.765,25.26,24.765,25.161,4455,0
R22,D,20200113,000000,25.26,26.548,25.26,26.548,14242,0
R22,D,20200114,000000,27.142,27.142,24.864,25.359,25416,0
R22,D,20200115,000000,25.161,25.458,23.675,24.468,57421,0
R22,D,20200116,000000,24.963,25.656,24.171,24.171,38701,0
R22,D,20200117,000000,24.567,24.666,23.378,23.675,33220,0
R22,D,20200120,000000,23.972,24.071,23.081,23.18,23830,0
R22,D,20200121,000000,23.081,25.359,22.883,24.765,54700,0
R22,D,20200122,000000,25.062,25.062,24.171,24.369,19830,0
R22,D,20200123,000000,24.567,24.567,23.873,24.071,5040,0
R22,D,20200124,000000,23.873,25.855,23.873,25.161,248776,0
R22,D,20200127,000000,25.557,25.557,23.873,23.873,26015,0
R22,D,20200128,000000,24.27,24.963,23.972,24.468,29441,0
R22,D,20200129,000000,24.765,25.557,24.666,24.963,14082,0
R22,D,20200130,000000,24.468,24.963,24.369,24.369,4637,0
R22,D,20200131,000000,24.369,25.755,23.972,25.755,10411,0
R22,D,20200203,000000,25.557,25.855,25.26,25.855,7579,0
R22,D,20200204,000000,25.954,25.954,25.161,25.458,12806,0
R22,D,20200205,000000,25.557,25.557,24.666,25.062,13666,0
R22,D,20200206,000000,24.765,26.152,24.765,25.26,8808,0
R22,D,20200207,000000,25.656,25.755,24.864,25.359,3395,0
R22,D,20200210,000000,24.963,25.062,24.864,24.864,1613,0
R22,D,20200211,000000,25.062,26.35,25.062,25.855,10177,0
R22,D,20200212,000000,26.251,26.449,25.954,26.35,6602,0
R22,D,20200213,000000,26.449,27.638,25.855,26.944,9528,0
R22,D,20200214,000000,26.944,27.836,26.449,26.746,12997,0
R22,D,20200217,000000,26.746,27.439,26.152,26.647,30705,0
R22,D,20200218,000000,26.845,26.845,25.954,26.449,4172,0
R22,D,20200219,000000,26.548,28.133,26.251,26.647,14069,0
R22,D,20200220,000000,28.133,28.133,26.746,26.746,17915,0
R22,D,20200221,000000,26.944,27.34,25.359,25.359,17529,0
R22,D,20200224,000000,25.557,25.954,24.171,24.864,18908,0
R22,D,20200225,000000,25.755,27.241,25.062,25.954,26283,0
R22,D,20200226,000000,25.557,26.35,25.161,26.152,16582,0
R22,D,20200227,000000,25.954,25.954,21.199,23.774,35527,0
R22,D,20200228,000000,21.793,23.774,21.298,23.774,65556,0
R22,D,20200302,000000,23.774,25.458,23.774,25.359,25019,0
R22,D,20200303,000000,25.458,26.647,25.458,26.35,22743,0
R22,D,20200304,000000,26.152,26.152,25.557,25.755,10821,0
R22,D,20200305,000000,25.755,26.647,24.864,25.26,11486,0
R22,D,20200306,000000,25.26,25.26,24.071,24.765,6255,0
R22,D,20200309,000000,23.081,24.27,22.189,23.279,17477,0
R22,D,20200310,000000,22.982,23.774,21.991,22.189,9189,0
R22,D,20200311,000000,22.288,22.685,20.109,20.803,29435,0
R22,D,20200312,000000,19.812,20.505,18.326,18.92,21327,0
R22,D,20200313,000000,18.524,21.595,18.276,21.1,44406,0
R22,D,20200316,000000,21.1,21.1,19.812,20.803,7559,0
R22,D,20200317,000000,20.803,21.793,20.208,20.703,28353,0
R22,D,20200318,000000,20.307,22.189,20.307,20.803,27003,0
R22,D,20200319,000000,20.803,21.892,20.703,21.892,37830,0
R22,D,20200320,000000,21.991,22.784,20.902,21.793,42882,0
R22,D,20200323,000000,20.109,21.298,19.812,21.1,26977,0
R22,D,20200324,000000,21.793,22.784,21.793,22.685,83360,0
R22,D,20200325,000000,22.982,23.675,21.298,22.189,20375,0
R22,D,20200326,000000,22.189,22.288,21.793,22.288,3646,0
R22,D,20200327,000000,22.387,22.784,22.189,22.487,4964,0
R22,D,20200330,000000,22.586,22.586,21.793,22.487,1604,0
R22,D,20200331,000000,22.586,23.774,22.288,23.774,22707,0
R22,D,20200401,000000,23.774,23.774,22.883,23.378,4574,0
R22,D,20200402,000000,23.279,23.279,22.487,22.784,7356,0
R22,D,20200403,000000,22.784,22.883,22.387,22.784,3760,0
R22,D,20200406,000000,23.279,23.972,22.685,22.784,16227,0
R22,D,20200407,000000,23.279,23.576,22.586,22.784,10025,0
R22,D,20200408,000000,22.982,22.982,22.387,22.586,4286,0
R22,D,20200409,000000,22.784,23.378,20.505,23.279,16909,0
R22,D,20200414,000000,23.081,25.062,23.081,24.666,18842,0
R22,D,20200415,000000,24.864,24.864,23.774,23.972,7587,0
R22,D,20200416,000000,24.567,24.567,23.774,24.27,6491,0
R22,D,20200417,000000,24.666,25.458,24.27,24.27,19692,0
R22,D,20200420,000000,24.27,24.963,24.27,24.27,9874,0
R22,D,20200421,000000,24.864,25.161,22.387,23.675,23937,0
R22,D,20200422,000000,23.378,24.171,23.18,24.171,7777,0
R22,D,20200423,000000,24.171,26.152,24.171,25.755,82470,0
R22,D,20200424,000000,26.053,26.449,25.26,26.449,8919,0
R22,D,20200427,000000,26.449,28.232,26.449,27.935,21555,0
R22,D,20200428,000000,28.034,29.223,28.034,28.925,22834,0
R22,D,20200429,000000,29.322,29.52,27.935,28.331,23554,0
R22,D,20200430,000000,28.232,29.52,26.746,29.52,44992,0
R22,D,20200504,000000,28.232,29.223,28.034,28.529,11235,0
R22,D,20200505,000000,28.727,29.322,28.529,28.529,6808,0
R22,D,20200506,000000,28.727,28.727,28.232,28.232,3218,0
R22,D,20200507,000000,28.529,30.708,28.232,30.51,39666,0
R22,D,20200508,000000,31.501,31.501,29.718,29.916,26011,0
R22,D,20200511,000000,30.213,30.213,29.024,29.322,20922,0
R22,D,20200512,000000,29.718,32.293,29.024,31.699,30628,0
R22,D,20200513,000000,31.105,32.591,31.006,32.095,38222,0
R22,D,20200514,000000,32.095,32.194,28.727,29.718,49917,0
R22,D,20200515,000000,30.609,31.501,30.312,30.312,18380,0
R22,D,20200518,000000,31.6,32.194,31.402,31.699,18113,0
R22,D,20200519,000000,32.492,32.987,29.916,30.708,50033,0
R22,D,20200520,000000,31.105,31.105,29.718,30.114,16442,0
R22,D,20200521,000000,30.114,30.213,29.619,30.015,9163,0
R22,D,20200522,000000,29.718,30.015,29.322,29.916,6611,0
R22,D,20200525,000000,30.015,31.006,29.718,30.609,10223,0
R22,D,20200526,000000,30.808,31.402,30.609,30.808,13397,0
R22,D,20200527,000000,30.808,30.808,26.152,27.836,103841,0
R22,D,20200528,000000,28.43,29.223,28.43,28.529,27340,0
R22,D,20200529,000000,29.223,29.52,28.628,29.223,16257,0
R22,D,20200601,000000,29.223,30.411,29.124,29.718,21111,0
R22,D,20200602,000000,29.718,29.718,28.232,28.826,18083,0
R22,D,20200603,000000,29.124,29.619,28.232,29.223,20847,0
R22,D,20200604,000000,29.223,29.619,28.925,29.223,7625,0
R22,D,20200605,000000,29.619,29.619,28.925,29.223,11741,0
R22,D,20200608,000000,29.223,29.322,28.232,29.322,24014,0
R22,D,20200609,000000,29.322,29.322,28.034,28.232,12404,0
R22,D,20200610,000000,28.133,28.925,28.133,28.826,6449,0
R22,D,20200612,000000,28.034,28.232,26.845,28.232,12457,0
R22,D,20200615,000000,28.232,28.232,27.34,28.034,5469,0
R22,D,20200616,000000,28.331,29.421,28.232,29.421,21106,0
R22,D,20200617,000000,29.421,29.421,28.628,29.223,16525,0
R22,D,20200618,000000,29.223,29.718,28.925,29.223,15556,0
R22,D,20200619,000000,29.223,29.421,28.925,29.421,8961,0
R22,D,20200622,000000,29.52,30.213,29.223,29.223,11902,0
R22,D,20200623,000000,29.322,29.718,28.43,28.529,11468,0
R22,D,20200624,000000,28.331,28.925,28.133,28.727,15053,0
R22,D,20200625,000000,28.628,28.628,26.845,28.034,14003,0
R22,D,20200626,000000,28.232,28.232,26.845,26.944,19590,0
R22,D,20200629,000000,27.043,27.043,25.557,25.954,34108,0
R22,D,20200630,000000,26.152,27.34,25.755,27.34,18893,0
R22,D,20200701,000000,27.638,27.638,26.251,26.746,8646,0
R22,D,20200702,000000,26.845,28.43,25.954,27.439,22225,0
R22,D,20200703,000000,27.737,28.43,27.737,28.43,40761,0
R22,D,20200706,000000,28.529,29.916,28.529,29.619,26987,0
R22,D,20200707,000000,29.619,29.817,28.925,29.421,13629,0
R22,D,20200708,000000,29.421,29.718,29.124,29.619,35853,0
R22,D,20200709,000000,29.916,31.303,29.024,29.223,32308,0
R22,D,20200710,000000,29.223,29.322,28.232,28.727,23472,0
R22,D,20200713,000000,28.727,29.124,27.836,28.529,30153,0
R22,D,20200714,000000,28.529,28.727,28.331,28.331,2885,0
R22,D,20200715,000000,28.43,29.421,28.43,29.322,8582,0
R22,D,20200716,000000,29.223,29.52,28.727,29.024,5770,0
R22,D,20200717,000000,29.223,29.52,29.024,29.124,5474,0
R22,D,20200720,000000,29.718,31.303,29.223,31.204,87327,0
R22,D,20200721,000000,31.897,33.779,31.699,32.591,36651,0
R22,D,20200722,000000,33.185,33.185,31.699,32.69,19405,0
R22,D,20200723,000000,32.69,33.284,32.392,32.392,16115,0
R22,D,20200724,000000,33.086,33.086,31.303,31.501,10105,0
R22,D,20200727,000000,31.699,33.086,31.303,32.789,17788,0
R22,D,20200728,000000,32.69,32.69,31.897,31.897,22033,0
R22,D,20200729,000000,31.501,33.185,31.402,32.392,19046,0
R22,D,20200730,000000,33.185,33.482,27.241,29.223,105221,0
R22,D,20200731,000000,28.925,32.194,28.727,32.194,39323,0
R22,D,20200803,000000,31.798,33.284,31.798,33.185,23550,0
R22,D,20200804,000000,33.581,34.671,33.383,33.68,33726,0
R22,D,20200805,000000,34.473,35.166,33.482,33.482,14868,0
R22,D,20200806,000000,33.68,33.68,31.006,32.69,12453,0
R22,D,20200807,000000,33.482,33.482,31.6,31.699,11293,0
R22,D,20200810,000000,31.897,32.69,31.897,32.293,3804,0
R22,D,20200811,000000,32.492,32.492,31.699,31.798,3445,0
R22,D,20200812,000000,31.897,31.897,30.312,31.402,6315,0
R22,D,20200813,000000,31.303,32.293,31.303,31.501,3739,0
R22,D,20200814,000000,31.303,32.293,31.303,32.095,2380,0
R22,D,20200817,000000,32.095,33.185,32.095,33.185,7287,0
R22,D,20200818,000000,33.68,34.671,31.699,32.194,36346,0
R22,D,20200819,000000,31.996,32.789,31.402,32.293,9342,0
R22,D,20200820,000000,32.789,33.284,31.699,33.284,22890,0
R22,D,20200821,000000,33.284,33.977,32.888,33.185,6488,0
R22,D,20200824,000000,33.482,34.374,32.69,34.374,24366,0
R22,D,20200825,000000,34.374,34.572,32.888,33.086,20439,0
R22,D,20200826,000000,33.185,33.68,32.69,33.68,2664,0
R22,D,20200827,000000,33.581,33.581,32.789,33.185,969,0
R22,D,20200828,000000,33.68,33.68,32.095,32.888,7689,0
R22,D,20200831,000000,32.888,33.086,32.194,32.789,4513,0
R22,D,20200901,000000,33.086,33.086,30.708,30.708,11645,0
R22,D,20200902,000000,30.708,32.095,30.708,31.996,29493,0
R22,D,20200903,000000,32.194,32.987,31.996,32.492,5935,0
R22,D,20200904,000000,31.996,33.383,31.303,32.492,8169,0
R22,D,20200907,000000,32.194,32.69,32.095,32.492,6035,0
R22,D,20200908,000000,31.996,32.492,28.826,30.708,33155,0
R22,D,20200909,000000,31.204,31.501,30.708,31.501,8937,0
R22,D,20200910,000000,31.699,32.69,31.105,32.591,12255,0
R22,D,20200911,000000,32.69,33.185,32.591,33.086,7672,0
R22,D,20200914,000000,33.185,33.779,32.293,33.779,11929,0
R22,D,20200915,000000,33.779,33.779,32.492,32.492,5508,0
R22,D,20200916,000000,33.086,33.086,32.095,32.69,7205,0
R22,D,20200917,000000,32.392,32.392,31.798,32.095,4444,0
R22,D,20200918,000000,31.798,32.69,29.52,31.303,13676,0
R22,D,20200921,000000,31.204,31.699,29.619,29.718,23200,0
R22,D,20200922,000000,30.015,30.907,30.015,30.907,9977,0
R22,D,20200923,000000,31.501,31.699,30.907,31.006,6808,0
R22,D,20200924,000000,30.708,30.708,29.718,30.312,7901,0
R22,D,20200925,000000,30.312,31.798,30.312,31.6,12489,0
R22,D,20200928,000000,32.3,32.8,31.7,32,8234,0
R22,D,20200929,000000,32.4,32.4,31.2,31.3,6260,0
R22,D,20200930,000000,31.5,32,31,31.1,8284,0
R22,D,20201001,000000,31.5,31.5,31,31,1891,0
R22,D,20201002,000000,31,31.5,30.5,30.6,3214,0
R22,D,20201005,000000,30.9,31.8,30.8,31.4,2380,0
R22,D,20201006,000000,31.6,31.9,31.5,31.6,3646,0
R22,D,20201007,000000,31.5,31.5,31.3,31.3,2575,0
R22,D,20201008,000000,31.3,31.8,31.3,31.5,5339,0
R22,D,20201009,000000,31.3,31.5,30.5,30.5,8000,0
R22,D,20201012,000000,30.5,30.5,29.4,30.5,5471,0
R22,D,20201013,000000,30,30.8,29.5,29.5,11767,0
R22,D,20201014,000000,29.8,30.2,29.3,30,8437,0
R22,D,20201015,000000,30.4,30.4,28.7,28.9,19896,0
R22,D,20201016,000000,29,30.9,28.4,30.8,18870,0
