<TICKER>,<PER>,<DATE>,<TIME>,<OPEN>,<HIGH>,<LOW>,<CLOSE>,<VOL>,<OPENINT>
ALG_PB,D,20130108,000000,7.1,7.1,7.1,7.1,0,0
ALG_PB,D,20130109,000000,5.91,7.1,5.68,7.1,0,0
ALG_PB,D,20130110,000000,7.1,7.14,7.1,7.1,0,0
ALG_PB,D,20130111,000000,7.89,7.89,7.89,7.89,0,0
ALG_PB,D,20130115,000000,7.49,7.89,7.49,7.89,0,0
ALG_PB,D,20130218,000000,7.49,7.49,7.49,7.49,0,0
ALG_PB,D,20130222,000000,7.18,7.18,6.38,7.18,0,0
ALG_PB,D,20130225,000000,6.38,7.18,6.38,7.18,0,0
ALG_PB,D,20130226,000000,7.97,7.97,7.18,7.58,0,0
ALG_PB,D,20130227,000000,7.54,7.54,7.54,7.54,0,0
ALG_PB,D,20130306,000000,7.58,7.58,7.58,7.58,0,0
ALG_PB,D,20130307,000000,7.18,7.18,7.18,7.18,0,0
ALG_PB,D,20130308,000000,7.18,7.58,7.18,7.58,0,0
ALG_PB,D,20130311,000000,7.18,7.58,7.18,7.58,0,0
ALG_PB,D,20130315,000000,7.97,7.98,7.97,7.98,0,0
ALG_PB,D,20130319,000000,7.86,7.86,7.86,7.86,0,0
ALG_PB,D,20130320,000000,7.87,7.98,7.87,7.98,0,0
ALG_PB,D,20130321,000000,7.89,7.89,7.89,7.89,0,0
ALG_PB,D,20130322,000000,7.98,7.98,7.98,7.98,0,0
ALG_PB,D,20130325,000000,7.98,8.06,7.98,8.06,0,0
ALG_PB,D,20130326,000000,7.89,8.09,7.89,8.09,0,0
ALG_PB,D,20130328,000000,8.06,8.14,8.06,8.14,0,0
ALG_PB,D,20130405,000000,8.21,8.29,8.21,8.29,0,0
ALG_PB,D,20130411,000000,8.7,8.7,8.7,8.7,0,0
ALG_PB,D,20130412,000000,8.53,8.53,8.53,8.53,0,0
ALG_PB,D,20130419,000000,8.77,8.77,8.77,8.77,0,0
ALG_PB,D,20130426,000000,8.77,8.77,8.77,8.77,0,0
ALG_PB,D,20130429,000000,8.77,8.92,8.77,8.92,0,0
ALG_PB,D,20130430,000000,8.89,8.89,8.89,8.89,0,0
ALG_PB,D,20130502,000000,8.92,8.92,8.92,8.92,0,0
ALG_PB,D,20130507,000000,8.92,8.93,8.92,8.93,0,0
ALG_PB,D,20130508,000000,9.13,9.13,9.13,9.13,0,0
ALG_PB,D,20130509,000000,9.17,9.17,9.17,9.17,0,0
ALG_PB,D,20130510,000000,9.17,9.25,9.17,9.25,0,0
ALG_PB,D,20130513,000000,9.25,9.25,9.25,9.25,0,0
ALG_PB,D,20130514,000000,9.21,9.53,9.21,9.53,0,0
ALG_PB,D,20130515,000000,9.53,9.57,9.53,9.57,0,0
ALG_PB,D,20130516,000000,9.17,9.45,9.17,9.45,0,0
ALG_PB,D,20130517,000000,9.61,9.61,9.61,9.61,0,0
ALG_PB,D,20130520,000000,9.57,9.57,9.57,9.57,0,0
ALG_PB,D,20130521,000000,9.6,9.6,9.6,9.6,0,0
ALG_PB,D,20130523,000000,9.57,9.57,9.57,9.57,0,0
ALG_PB,D,20130524,000000,9.57,9.57,9.41,9.41,0,0
ALG_PB,D,20130527,000000,9.17,9.17,9.17,9.17,0,0
ALG_PB,D,20130528,000000,9.41,9.41,9.41,9.41,0,0
ALG_PB,D,20130529,000000,9.58,9.59,9.58,9.58,0,0
ALG_PB,D,20130531,000000,9.59,10.03,9.59,10.03,0,0
ALG_PB,D,20130603,000000,10.03,10.03,9.33,9.33,0,0
ALG_PB,D,20130604,000000,9.94,9.94,9.94,9.94,0,0
ALG_PB,D,20130605,000000,10.03,10.03,10.03,10.03,0,0
ALG_PB,D,20130606,000000,10.02,10.02,10.02,10.02,0,0
ALG_PB,D,20130607,000000,10.03,10.07,10.03,10.07,0,0
ALG_PB,D,20130610,000000,10.07,10.07,10.07,10.07,0,0
ALG_PB,D,20130611,000000,10.06,10.06,10.06,10.06,0,0
ALG_PB,D,20130612,000000,10.06,10.06,10.06,10.06,0,0
ALG_PB,D,20130613,000000,10.06,10.06,10.06,10.06,0,0
ALG_PB,D,20130614,000000,10.06,10.06,10.06,10.06,0,0
ALG_PB,D,20130617,000000,10.08,10.1,10.08,10.1,0,0
ALG_PB,D,20130619,000000,10.1,10.1,10.1,10.1,0,0
ALG_PB,D,20130620,000000,10.11,10.11,10.11,10.11,0,0
ALG_PB,D,20130621,000000,10.11,10.14,10.11,10.14,0,0
ALG_PB,D,20130624,000000,10.15,10.15,10.15,10.15,0,0
ALG_PB,D,20130625,000000,9.98,9.98,9.98,9.98,0,0
ALG_PB,D,20130627,000000,10.07,10.07,10.07,10.07,0,0
ALG_PB,D,20130628,000000,10.15,10.15,10.15,10.15,0,0
ALG_PB,D,20130702,000000,10.11,10.11,10.11,10.11,0,0
ALG_PB,D,20130703,000000,10.11,10.11,10.11,10.11,0,0
ALG_PB,D,20130704,000000,9.45,10.15,9.45,10.15,0,0
ALG_PB,D,20130708,000000,9.45,9.61,9.45,9.61,0,0
ALG_PB,D,20130709,000000,9.69,9.69,9.69,9.69,0,0
ALG_PB,D,20130710,000000,9.02,9.02,8.98,8.98,0,0
ALG_PB,D,20130711,000000,8.98,8.98,8.98,8.98,0,0
ALG_PB,D,20130716,000000,8.4,8.4,8.4,8.4,0,0
ALG_PB,D,20130717,000000,8.49,8.49,8.49,8.49,0,0
ALG_PB,D,20130725,000000,8.4,8.4,8.4,8.4,0,0
ALG_PB,D,20130805,000000,7.91,7.91,7.91,7.91,0,0
ALG_PB,D,20130806,000000,7.91,7.91,7.86,7.86,0,0
ALG_PB,D,20130808,000000,7.86,7.86,7.86,7.86,0,0
ALG_PB,D,20130813,000000,7.86,7.86,7.86,7.86,0,0
ALG_PB,D,20130819,000000,7.82,7.82,7.82,7.82,0,0
ALG_PB,D,20130820,000000,7.82,7.82,7.82,7.82,0,0
ALG_PB,D,20130821,000000,7.82,7.82,7.82,7.82,0,0
ALG_PB,D,20130822,000000,7.82,7.82,7.82,7.82,0,0
ALG_PB,D,20130823,000000,7.85,7.85,7.85,7.85,0,0
ALG_PB,D,20130826,000000,7.85,7.85,7.85,7.85,0,0
ALG_PB,D,20130827,000000,7.85,7.85,7.85,7.85,0,0
ALG_PB,D,20130829,000000,7.32,7.49,7.32,7.49,0,0
ALG_PB,D,20130830,000000,6.97,7.49,6.97,7.49,0,0
ALG_PB,D,20130902,000000,6.49,6.97,6.49,6.97,0,0
ALG_PB,D,20130906,000000,6.28,6.36,6.28,6.36,0,0
ALG_PB,D,20130909,000000,5.93,5.99,5.93,5.99,0,0
ALG_PB,D,20130910,000000,5.41,5.43,5.41,5.43,0,0
ALG_PB,D,20130911,000000,5.43,5.45,5.43,5.45,0,0
ALG_PB,D,20130912,000000,5.46,5.46,5.46,5.46,0,0
ALG_PB,D,20130913,000000,5.47,5.48,5.47,5.48,0,0
ALG_PB,D,20130916,000000,5.49,5.49,5.49,5.49,0,0
ALG_PB,D,20130917,000000,5.91,5.91,5.91,5.91,0,0
ALG_PB,D,20130918,000000,5.49,5.67,5.49,5.67,0,0
ALG_PB,D,20130919,000000,5.68,5.68,5.68,5.68,0,0
ALG_PB,D,20130920,000000,5.75,5.75,5.75,5.75,0,0
ALG_PB,D,20130923,000000,5.75,5.77,5.75,5.77,0,0
ALG_PB,D,20130924,000000,5.58,5.58,5.58,5.58,0,0
ALG_PB,D,20130927,000000,5.58,5.58,5.58,5.58,0,0
ALG_PB,D,20130930,000000,5.58,5.58,5.58,5.58,0,0
ALG_PB,D,20131004,000000,5.58,5.58,5.58,5.58,0,0
ALG_PB,D,20131016,000000,5.58,5.58,5.58,5.58,0,0
ALG_PB,D,20131021,000000,5.58,5.75,5.58,5.75,0,0
ALG_PB,D,20131022,000000,5.58,5.58,5.58,5.58,0,0
ALG_PB,D,20131023,000000,5.75,6.01,5.75,6.01,0,0
ALG_PB,D,20131025,000000,6.01,6.01,6.01,6.01,0,0
ALG_PB,D,20131028,000000,6.01,6.01,6.01,6.01,0,0
ALG_PB,D,20131030,000000,6.01,6.01,6.01,6.01,0,0
ALG_PB,D,20131119,000000,6.01,6.01,6.01,6.01,0,0
ALG_PB,D,20131120,000000,6.01,6.44,6.01,6.44,0,0
ALG_PB,D,20131121,000000,6.44,6.44,6.44,6.44,0,0
ALG_PB,D,20131126,000000,6.44,6.44,6.44,6.44,0,0
ALG_PB,D,20131127,000000,6.44,6.44,6.44,6.44,0,0
ALG_PB,D,20131203,000000,6.44,6.44,6.44,6.44,0,0
ALG_PB,D,20131204,000000,6.44,6.44,6.44,6.44,0,0
ALG_PB,D,20131205,000000,6.44,6.44,6.44,6.44,0,0
ALG_PB,D,20131206,000000,6.44,6.44,6.44,6.44,0,0
ALG_PB,D,20131209,000000,6.44,7.3,6.44,7.3,0,0
ALG_PB,D,20131211,000000,6.87,6.87,6.87,6.87,0,0
ALG_PB,D,20131212,000000,6.87,6.87,6.87,6.87,0,0
ALG_PB,D,20131216,000000,6.01,6.87,6.01,6.87,0,0
ALG_PB,D,20140108,000000,7.28,7.8,7.28,7.8,0,0
ALG_PB,D,20140109,000000,7.8,7.8,6.76,7.12,0,0
ALG_PB,D,20140110,000000,7.12,7.12,7.12,7.12,0,0
ALG_PB,D,20140124,000000,6.24,6.76,6.24,6.76,0,0
ALG_PB,D,20140130,000000,6.76,7.8,6.76,7.8,0,0
ALG_PB,D,20140203,000000,7.07,7.07,7.07,7.07,0,0
ALG_PB,D,20140204,000000,7.07,7.07,7.07,7.07,0,0
ALG_PB,D,20140212,000000,7.8,7.8,7.8,7.8,0,0
ALG_PB,D,20140221,000000,8.32,16.9,8.32,16.9,0,0
ALG_PB,D,20140228,000000,15.42,16.35,15.42,16.35,0,0
ALG_PB,D,20140303,000000,17.11,17.11,16.11,16.11,0,0
ALG_PB,D,20140304,000000,16.47,16.47,16.47,16.47,0,0
ALG_PB,D,20140306,000000,16.45,16.45,16.45,16.45,0,0
ALG_PB,D,20140307,000000,16.11,16.11,16.11,16.11,0,0
ALG_PB,D,20140310,000000,15.42,15.42,15.42,15.42,0,0
ALG_PB,D,20140312,000000,1.71,1.71,1.52,1.71,0,0
ALG_PB,D,20140313,000000,1.71,1.71,1.71,1.71,0,0
ALG_PB,D,20140317,000000,1.71,1.71,1.71,1.71,0,0
ALG_PB,D,20140325,000000,1.71,1.71,1.71,1.71,0,0
ALG_PB,D,20140328,000000,1.71,1.71,1.71,1.71,0,0
ALG_PB,D,20140331,000000,1.71,1.71,1.71,1.71,0,0
ALG_PB,D,20140401,000000,1.71,1.71,1.71,1.71,0,0
ALG_PB,D,20140402,000000,1.71,1.79,1.71,1.79,0,0
ALG_PB,D,20140403,000000,1.79,1.81,1.79,1.81,0,0
ALG_PB,D,20140404,000000,1.81,1.81,1.81,1.81,0,0
ALG_PB,D,20140408,000000,1.81,1.81,1.81,1.81,0,0
ALG_PB,D,20140409,000000,1.82,1.82,1.82,1.82,0,0
ALG_PB,D,20140415,000000,1.82,1.84,1.82,1.84,0,0
ALG_PB,D,20140416,000000,1.84,1.87,1.84,1.87,0,0
ALG_PB,D,20140417,000000,1.88,1.91,1.88,1.91,0,0
ALG_PB,D,20140424,000000,1.91,1.91,1.91,1.91,0,0
ALG_PB,D,20140425,000000,1.92,1.99,1.92,1.99,0,0
ALG_PB,D,20140428,000000,1.99,2.3,1.99,2.3,0,0
ALG_PB,D,20140429,000000,2.51,2.51,2.51,2.51,0,0
ALG_PB,D,20140430,000000,2.65,2.75,2.65,2.75,0,0
ALG_PB,D,20140502,000000,2.89,3,2.89,3,0,0
ALG_PB,D,20140505,000000,3.14,3.14,3.14,3.14,0,0
ALG_PB,D,20140506,000000,3.23,3.23,3.23,3.23,0,0
ALG_PB,D,20140509,000000,3.3,3.3,3.18,3.18,0,0
ALG_PB,D,20140514,000000,3.3,3.38,3.3,3.38,0,0
ALG_PB,D,20140515,000000,3.42,3.42,3.42,3.42,0,0
ALG_PB,D,20140521,000000,3.42,3.42,3.42,3.42,0,0
ALG_PB,D,20140522,000000,3.42,3.42,3.42,3.42,0,0
ALG_PB,D,20140523,000000,3.42,3.42,3.42,3.42,0,0
ALG_PB,D,20140527,000000,3.42,3.42,3.42,3.42,0,0
ALG_PB,D,20140528,000000,3.42,3.42,3.42,3.42,0,0
ALG_PB,D,20140529,000000,3.42,3.42,3.42,3.42,0,0
ALG_PB,D,20140530,000000,3.42,3.42,3.42,3.42,0,0
ALG_PB,D,20140602,000000,3.5,3.5,3.5,3.5,0,0
ALG_PB,D,20140606,000000,3.55,3.55,3.55,3.55,0,0
ALG_PB,D,20140609,000000,3.55,3.61,3.55,3.61,0,0
ALG_PB,D,20140613,000000,3.73,3.73,3.73,3.73,0,0
ALG_PB,D,20140618,000000,3.77,3.77,3.77,3.77,0,0
ALG_PB,D,20140623,000000,3.85,3.85,3.85,3.85,0,0
ALG_PB,D,20140625,000000,3.91,3.91,3.89,3.89,0,0
ALG_PB,D,20140627,000000,3.89,3.89,3.82,3.82,0,0
ALG_PB,D,20140701,000000,3.73,3.73,3.73,3.73,0,0
ALG_PB,D,20140714,000000,3.82,3.82,3.82,3.82,0,0
ALG_PB,D,20140715,000000,3.82,3.82,3.82,3.82,0,0
ALG_PB,D,20140717,000000,3.82,3.82,3.82,3.82,0,0
ALG_PB,D,20140718,000000,3.82,3.85,3.82,3.85,0,0
ALG_PB,D,20140805,000000,3.6,3.82,3.6,3.82,0,0
ALG_PB,D,20140818,000000,3.56,3.73,3.56,3.73,0,0
ALG_PB,D,20140829,000000,3.52,3.52,3.52,3.52,0,0
ALG_PB,D,20140902,000000,3.54,3.54,3.54,3.54,0,0
ALG_PB,D,20140903,000000,3.54,3.54,3.54,3.54,0,0
ALG_PB,D,20140904,000000,3.57,3.57,3.57,3.57,0,0
ALG_PB,D,20140908,000000,3.47,3.47,3.47,3.47,0,0
ALG_PB,D,20140909,000000,3.57,3.57,3.57,3.57,0,0
ALG_PB,D,20140910,000000,3.57,3.57,3.57,3.57,0,0
ALG_PB,D,20140911,000000,3.57,3.57,3.57,3.57,0,0
ALG_PB,D,20140912,000000,3.57,3.57,3.57,3.57,0,0
ALG_PB,D,20140915,000000,3.47,3.58,3.47,3.58,0,0
ALG_PB,D,20140926,000000,3.45,3.73,3.45,3.73,0,0
ALG_PB,D,20140929,000000,3.74,3.74,3.74,3.74,0,0
ALG_PB,D,20141007,000000,3.52,3.52,3.52,3.52,0,0
ALG_PB,D,20141008,000000,3.52,3.52,3.52,3.52,0,0
ALG_PB,D,20141010,000000,3.61,3.61,3.61,3.61,0,0
ALG_PB,D,20141014,000000,3.52,3.52,3.52,3.52,0,0
ALG_PB,D,20141015,000000,3.61,3.61,3.61,3.61,0,0
ALG_PB,D,20141017,000000,3.61,3.61,3.61,3.61,0,0
ALG_PB,D,20141027,000000,3.61,3.61,3.61,3.61,0,0
ALG_PB,D,20141112,000000,3.61,3.61,3.61,3.61,0,0
ALG_PB,D,20141117,000000,3.61,3.61,3.61,3.61,0,0
ALG_PB,D,20141211,000000,3.39,3.61,3.39,3.61,0,0
ALG_PB,D,20141230,000000,3.39,3.61,3.39,3.61,0,0
ALG_PB,D,20150102,000000,3.27,3.27,3.27,3.27,0,0
ALG_PB,D,20150105,000000,3.47,3.47,3.47,3.47,0,0
ALG_PB,D,20150108,000000,3.5,3.5,3.5,3.5,0,0
ALG_PB,D,20150109,000000,3.54,3.54,3.54,3.54,0,0
ALG_PB,D,20150112,000000,3.33,3.58,3.33,3.58,0,0
ALG_PB,D,20150121,000000,3.41,3.41,3.41,3.41,0,0
ALG_PB,D,20150210,000000,3.27,3.27,3.27,3.27,0,0
ALG_PB,D,20150216,000000,3.2,3.44,3.2,3.44,0,0
ALG_PB,D,20150410,000000,1.96,1.96,1.96,1.96,0,0
ALG_PB,D,20150413,000000,2.02,2.07,2.02,2.07,0,0
ALG_PB,D,20150415,000000,2.07,2.07,2.07,2.07,0,0
ALG_PB,D,20150526,000000,1.95,1.95,1.95,1.95,0,0
ALG_PB,D,20150601,000000,1.99,1.99,1.99,1.99,0,0
ALG_PB,D,20150623,000000,1.96,2.02,1.96,2.02,0,0
ALG_PB,D,20150624,000000,2.02,2.04,2.02,2.04,0,0
ALG_PB,D,20150625,000000,2.04,2.04,2.04,2.04,0,0
ALG_PB,D,20150731,000000,1.82,2.07,1.82,2.07,0,0
ALG_PB,D,20150817,000000,1.77,1.9,1.77,1.9,0,0
ALG_PB,D,20150819,000000,1.69,1.82,1.69,1.82,0,0
ALG_PB,D,20150921,000000,1.62,1.9,1.62,1.9,0,0
ALG_PB,D,20150928,000000,1.88,2.22,1.88,2.22,0,0
ALG_PB,D,20151007,000000,2.34,2.34,2.34,2.34,0,0
ALG_PB,D,20151012,000000,2.45,2.45,2.45,2.45,0,0
ALG_PB,D,20151013,000000,2.53,2.53,2.53,2.53,0,0
ALG_PB,D,20151016,000000,2.56,2.56,2.56,2.56,0,0
ALG_PB,D,20151026,000000,2.57,2.68,2.57,2.68,0,0
ALG_PB,D,20151221,000000,2.48,2.59,2.48,2.58,0,0
ALG_PB,D,20151222,000000,2.31,2.48,2.31,2.48,0,0
ALG_PB,D,20160104,000000,2.5,2.5,2.32,2.32,0,0
ALG_PB,D,20160111,000000,2.29,2.32,2.29,2.32,0,0
ALG_PB,D,20160122,000000,2.32,2.48,2.32,2.48,0,0
ALG_PB,D,20160126,000000,2.45,2.45,2.45,2.45,0,0
ALG_PB,D,20160127,000000,2.32,2.52,2.32,2.52,0,0
ALG_PB,D,20160128,000000,2.34,2.34,2.34,2.34,0,0
ALG_PB,D,20160129,000000,2.32,2.59,2.16,2.59,0,0
ALG_PB,D,20160216,000000,2.48,2.48,2.48,2.48,0,0
ALG_PB,D,20160218,000000,2.48,2.48,2.48,2.48,0,0
ALG_PB,D,20160222,000000,2.48,2.48,2.48,2.48,0,0
ALG_PB,D,20160316,000000,3.4,3.72,3.4,3.72,0,0
ALG_PB,D,20160317,000000,3.62,3.62,3.52,3.53,0,0
ALG_PB,D,20160318,000000,3.58,3.62,3.58,3.62,0,0
ALG_PB,D,20160322,000000,3.37,3.62,3.37,3.51,0,0
ALG_PB,D,20160324,000000,3.57,3.57,3.51,3.57,0,0
ALG_PB,D,20160329,000000,3.34,3.83,3.34,3.83,0,0
ALG_PB,D,20160330,000000,3.4,3.62,3.4,3.62,0,0
ALG_PB,D,20160401,000000,3.33,3.33,3.13,3.17,0,0
ALG_PB,D,20160404,000000,3.16,3.16,3.15,3.15,0,0
ALG_PB,D,20160405,000000,3.07,3.07,3.07,3.07,0,0
ALG_PB,D,20160406,000000,3.07,3.07,3.07,3.07,0,0
ALG_PB,D,20160407,000000,3.07,3.07,3.07,3.07,0,0
ALG_PB,D,20160412,000000,3.04,3.07,3.04,3.07,0,0
ALG_PB,D,20160413,000000,3.07,3.08,3.07,3.08,0,0
ALG_PB,D,20160414,000000,3.08,3.08,3.08,3.08,0,0
ALG_PB,D,20160420,000000,2.98,3.07,2.98,3.07,0,0
ALG_PB,D,20160421,000000,3.06,3.08,3.06,3.08,0,0
ALG_PB,D,20160422,000000,2.98,3.08,2.98,3.08,0,0
ALG_PB,D,20160426,000000,3.04,3.04,3.04,3.04,0,0
ALG_PB,D,20160429,000000,3.04,3.07,3.04,3.07,0,0
ALG_PB,D,20160505,000000,3.06,3.06,3.06,3.06,0,0
ALG_PB,D,20160511,000000,3,3.07,3,3.07,0,0
ALG_PB,D,20160512,000000,2.98,3.1,2.98,3.1,0,0
ALG_PB,D,20160513,000000,3.04,3.04,3.04,3.04,0,0
ALG_PB,D,20160516,000000,2.85,3.06,2.85,3.05,0,0
ALG_PB,D,20160520,000000,2.88,3.19,2.88,3.19,0,0
ALG_PB,D,20160523,000000,3.08,3.62,3.08,3.62,0,0
ALG_PB,D,20160524,000000,3.23,3.62,3.23,3.62,0,0
ALG_PB,D,20160530,000000,3.62,3.83,3.62,3.83,0,0
ALG_PB,D,20160531,000000,3.64,3.64,3.64,3.64,0,0
ALG_PB,D,20160603,000000,3.68,4.28,3.68,4.28,0,0
ALG_PB,D,20160606,000000,3.75,4.28,3.75,4.28,0,0
ALG_PB,D,20160608,000000,4.18,4.66,4.18,4.66,0,0
ALG_PB,D,20160614,000000,3.98,4.07,3.98,4.07,0,0
ALG_PB,D,20160615,000000,3.96,3.96,3.96,3.96,0,0
ALG_PB,D,20160617,000000,3.95,3.95,3.95,3.95,0,0
ALG_PB,D,20160620,000000,3.96,3.96,3.96,3.96,0,0
ALG_PB,D,20160621,000000,3.95,3.95,3.95,3.95,0,0
ALG_PB,D,20160622,000000,3.96,3.96,3.96,3.96,0,0
ALG_PB,D,20160623,000000,4.07,4.07,4.07,4.07,0,0
ALG_PB,D,20160627,000000,4.07,4.07,4.07,4.07,0,0
ALG_PB,D,20160628,000000,4.04,4.19,4.04,4.19,0,0
ALG_PB,D,20160701,000000,4.18,4.19,4.18,4.19,0,0
ALG_PB,D,20160704,000000,4.04,4.04,3.96,3.96,0,0
ALG_PB,D,20160705,000000,4.18,4.18,4.18,4.18,0,0
ALG_PB,D,20160708,000000,4.18,4.18,4.18,4.18,0,0
ALG_PB,D,20160711,000000,4.18,4.18,4.18,4.18,0,0
ALG_PB,D,20160713,000000,4.18,4.18,4.18,4.18,0,0
ALG_PB,D,20160715,000000,4.18,4.18,4.18,4.18,0,0
ALG_PB,D,20160718,000000,4.18,4.18,4.18,4.18,0,0
ALG_PB,D,20160720,000000,4.18,4.18,4.18,4.18,0,0
ALG_PB,D,20160726,000000,4.18,4.18,4.18,4.18,0,0
ALG_PB,D,20160728,000000,4.18,4.18,4.18,4.18,0,0
ALG_PB,D,20160729,000000,4.18,4.18,4.18,4.18,0,0
ALG_PB,D,20160801,000000,4.18,4.18,4.18,4.18,0,0
ALG_PB,D,20160804,000000,4.18,4.18,4.18,4.18,0,0
ALG_PB,D,20160805,000000,4.18,4.18,4.18,4.18,0,0
ALG_PB,D,20160808,000000,4.18,4.18,4.18,4.18,0,0
ALG_PB,D,20160810,000000,4.18,4.18,4.18,4.18,0,0
ALG_PB,D,20160816,000000,4.18,4.18,4.18,4.18,0,0
ALG_PB,D,20160817,000000,4.18,4.18,4.18,4.18,0,0
ALG_PB,D,20160819,000000,4.53,4.53,4.53,4.53,0,0
ALG_PB,D,20160825,000000,4.53,4.53,4.53,4.53,0,0
ALG_PB,D,20160830,000000,4.53,4.53,4.53,4.53,0,0
ALG_PB,D,20160901,000000,4.53,4.53,4.53,4.53,0,0
ALG_PB,D,20160906,000000,4.54,4.54,4.53,4.53,0,0
ALG_PB,D,20160908,000000,4.53,4.53,4.53,4.53,0,0
ALG_PB,D,20160909,000000,4.54,4.54,4.54,4.54,0,0
ALG_PB,D,20160913,000000,4.54,4.54,4.54,4.54,0,0
ALG_PB,D,20160914,000000,4.54,4.54,4.54,4.54,0,0
ALG_PB,D,20160915,000000,4.54,4.54,4.54,4.54,0,0
ALG_PB,D,20160919,000000,4.23,4.55,4.23,4.44,0,0
ALG_PB,D,20160921,000000,4.44,4.44,4.44,4.44,0,0
ALG_PB,D,20160922,000000,4.44,4.44,4.44,4.44,0,0
ALG_PB,D,20160926,000000,4.44,4.44,4.44,4.44,0,0
ALG_PB,D,20160928,000000,4.42,4.42,4.42,4.42,0,0
ALG_PB,D,20161007,000000,4.43,4.44,4.43,4.44,0,0
ALG_PB,D,20161010,000000,4.42,4.42,4.42,4.42,0,0
ALG_PB,D,20161011,000000,4.45,4.45,4.45,4.45,0,0
ALG_PB,D,20161012,000000,4.42,4.42,4.42,4.42,0,0
ALG_PB,D,20161014,000000,4.42,4.44,4.42,4.44,0,0
ALG_PB,D,20161017,000000,4.44,4.44,4.44,4.44,0,0
ALG_PB,D,20161018,000000,4.44,4.44,4.44,4.44,0,0
ALG_PB,D,20161020,000000,4.44,4.44,4.44,4.44,0,0
ALG_PB,D,20161021,000000,4.44,4.44,4.44,4.44,0,0
ALG_PB,D,20161024,000000,4.44,4.45,4.44,4.45,0,0
ALG_PB,D,20161025,000000,4.45,4.5,4.45,4.5,0,0
ALG_PB,D,20161026,000000,4.5,4.5,4.5,4.5,0,0
ALG_PB,D,20161027,000000,4.5,4.52,4.5,4.52,0,0
ALG_PB,D,20161028,000000,4.52,4.53,4.52,4.53,0,0
ALG_PB,D,20161031,000000,4.53,4.54,4.53,4.54,0,0
ALG_PB,D,20161102,000000,4.54,4.6,4.54,4.6,0,0
ALG_PB,D,20161103,000000,4.65,4.71,4.65,4.71,0,0
ALG_PB,D,20161104,000000,4.69,4.72,4.69,4.72,0,0
ALG_PB,D,20161107,000000,4.72,4.74,4.72,4.74,0,0
ALG_PB,D,20161108,000000,4.74,4.75,4.74,4.75,0,0
ALG_PB,D,20161109,000000,4.76,4.8,4.76,4.8,0,0
ALG_PB,D,20161110,000000,4.8,4.83,4.8,4.83,0,0
ALG_PB,D,20161114,000000,4.83,4.84,4.83,4.84,0,0
ALG_PB,D,20161115,000000,4.84,4.85,4.84,4.85,0,0
ALG_PB,D,20161116,000000,4.85,4.9,4.85,4.9,0,0
ALG_PB,D,20161117,000000,4.9,4.97,4.9,4.97,0,0
ALG_PB,D,20161118,000000,4.97,5.02,4.97,5.02,0,0
ALG_PB,D,20161121,000000,5.02,5.06,5.02,5.06,0,0
ALG_PB,D,20161122,000000,5.06,5.31,5.06,5.31,0,0
ALG_PB,D,20161123,000000,5.38,5.39,5.38,5.39,0,0
ALG_PB,D,20161124,000000,5.39,5.49,5.39,5.49,0,0
ALG_PB,D,20161125,000000,5.49,5.49,5.38,5.42,0,0
ALG_PB,D,20161128,000000,5.42,5.55,5.42,5.55,0,0
ALG_PB,D,20161129,000000,5.55,5.56,5.55,5.56,0,0
ALG_PB,D,20161130,000000,5.55,5.55,5.55,5.55,0,0
ALG_PB,D,20161201,000000,5.43,5.46,5.43,5.46,0,0
ALG_PB,D,20161202,000000,5.46,5.46,5.42,5.43,0,0
ALG_PB,D,20161205,000000,5.43,5.55,5.43,5.55,0,0
ALG_PB,D,20161206,000000,5.62,5.64,5.62,5.64,0,0
ALG_PB,D,20161207,000000,5.64,5.68,5.64,5.68,0,0
ALG_PB,D,20161208,000000,5.74,5.77,5.74,5.77,0,0
ALG_PB,D,20161209,000000,5.78,5.79,5.78,5.79,0,0
ALG_PB,D,20161212,000000,5.58,5.64,5.58,5.64,0,0
ALG_PB,D,20161213,000000,5.64,5.7,5.64,5.7,0,0
ALG_PB,D,20161214,000000,5.77,5.78,5.77,5.78,0,0
ALG_PB,D,20161215,000000,5.78,5.79,5.78,5.79,0,0
ALG_PB,D,20161216,000000,5.81,5.87,5.81,5.87,0,0
ALG_PB,D,20161219,000000,5.95,6.03,5.95,6.03,0,0
ALG_PB,D,20161220,000000,6.09,6.27,6.09,6.27,0,0
ALG_PB,D,20161221,000000,6.33,6.37,6.33,6.37,0,0
ALG_PB,D,20161222,000000,6.37,6.37,5.12,6.03,0,0
ALG_PB,D,20161223,000000,6.27,6.27,6.27,6.27,0,0
ALG_PB,D,20161227,000000,6.15,6.21,6.15,6.21,0,0
ALG_PB,D,20161228,000000,6.21,6.24,6.21,6.24,0,0
ALG_PB,D,20161229,000000,6.27,6.3,6.27,6.3,0,0
ALG_PB,D,20161230,000000,6.3,6.32,6.3,6.32,0,0
ALG_PB,D,20170102,000000,6.21,6.22,6.2,6.22,0,0
ALG_PB,D,20170103,000000,6.22,6.27,6.22,6.27,0,0
ALG_PB,D,20170104,000000,6.22,6.25,6.22,6.25,0,0
ALG_PB,D,20170105,000000,6.25,6.27,6.25,6.27,0,0
ALG_PB,D,20170109,000000,6.27,6.27,6.2,6.21,0,0
ALG_PB,D,20170110,000000,6.21,6.21,6.21,6.21,0,0
ALG_PB,D,20170111,000000,6.27,6.28,6.27,6.28,0,0
ALG_PB,D,20170112,000000,6.28,6.3,6.28,6.3,0,0
ALG_PB,D,20170113,000000,6.2,6.22,6.2,6.22,0,0
ALG_PB,D,20170116,000000,6.22,6.27,6.22,6.27,0,0
ALG_PB,D,20170117,000000,6.28,6.3,6.28,6.3,0,0
ALG_PB,D,20170118,000000,6.3,6.31,6.3,6.31,0,0
ALG_PB,D,20170119,000000,6.32,6.34,5.62,6.13,0,0
ALG_PB,D,20170120,000000,5.86,5.87,5.84,5.87,0,0
ALG_PB,D,20170123,000000,5.86,5.87,5.86,5.87,0,0
ALG_PB,D,20170124,000000,5.86,5.87,5.86,5.87,0,0
ALG_PB,D,20170125,000000,5.86,5.87,5.86,5.87,0,0
ALG_PB,D,20170126,000000,5.87,5.87,5.87,5.87,0,0
ALG_PB,D,20170127,000000,5.79,5.8,5.79,5.8,0,0
ALG_PB,D,20170130,000000,5.8,5.81,5.8,5.81,0,0
ALG_PB,D,20170131,000000,5.68,5.72,5.68,5.72,0,0
ALG_PB,D,20170201,000000,5.8,5.8,5.79,5.8,0,0
ALG_PB,D,20170203,000000,5.67,5.78,5.67,5.78,0,0
ALG_PB,D,20170206,000000,5.69,5.69,5.69,5.69,0,0
ALG_PB,D,20170207,000000,5.6,5.6,5.54,5.54,0,0
ALG_PB,D,20170208,000000,5.38,5.54,5.38,5.54,0,0
ALG_PB,D,20170209,000000,5.52,5.52,5.33,5.45,0,0
ALG_PB,D,20170210,000000,5.49,5.5,5.43,5.48,0,0
ALG_PB,D,20170213,000000,5.43,5.43,5.43,5.43,0,0
ALG_PB,D,20170214,000000,5.3,5.3,4.82,5.28,0,0
ALG_PB,D,20170215,000000,5.07,5.07,4.58,4.58,0,0
ALG_PB,D,20170216,000000,4.46,4.61,4.46,4.61,0,0
ALG_PB,D,20170217,000000,4.61,4.61,4.35,4.41,0,0
ALG_PB,D,20170220,000000,4.22,4.41,4.22,4.41,0,0
ALG_PB,D,20170221,000000,4.1,4.4,3.93,4.1,0,0
ALG_PB,D,20170222,000000,4.1,4.1,3.76,3.76,0,0
ALG_PB,D,20170223,000000,3.76,3.92,3.76,3.77,0,0
ALG_PB,D,20170224,000000,3.77,3.77,3.38,3.77,0,0
ALG_PB,D,20170227,000000,3.79,3.79,3.41,3.61,0,0
ALG_PB,D,20170228,000000,3.61,3.62,3.38,3.62,0,0
ALG_PB,D,20170301,000000,3.62,3.62,3.46,3.46,0,0
ALG_PB,D,20170302,000000,3.43,3.43,3.32,3.38,0,0
ALG_PB,D,20170303,000000,3.37,3.51,3.37,3.51,0,0
ALG_PB,D,20170306,000000,3.51,3.51,3.51,3.51,0,0
ALG_PB,D,20170307,000000,3.51,3.51,3.37,3.38,0,0
ALG_PB,D,20170308,000000,3.38,3.69,3.37,3.49,0,0
ALG_PB,D,20170309,000000,3.49,3.5,3.49,3.49,0,0
ALG_PB,D,20170310,000000,3.33,3.49,3.33,3.49,0,0
ALG_PB,D,20170313,000000,3.34,3.49,3.34,3.49,0,0
ALG_PB,D,20170314,000000,3.49,3.49,3.33,3.34,0,0
ALG_PB,D,20170316,000000,3.49,3.49,3.34,3.49,0,0
ALG_PB,D,20170317,000000,3.49,3.49,3.34,3.48,0,0
ALG_PB,D,20170320,000000,3.49,3.49,3.23,3.35,0,0
ALG_PB,D,20170322,000000,3.35,3.35,3.19,3.34,0,0
ALG_PB,D,20170324,000000,3.25,3.35,3.25,3.35,0,0
ALG_PB,D,20170327,000000,3.35,3.62,3.35,3.4,0,0
ALG_PB,D,20170328,000000,3.4,3.4,3.15,3.15,0,0
ALG_PB,D,20170329,000000,3.15,3.36,3.15,3.36,0,0
ALG_PB,D,20170330,000000,3.15,3.3,3.15,3.3,0,0
ALG_PB,D,20170331,000000,3.16,3.29,3.16,3.29,0,0
ALG_PB,D,20170404,000000,3.14,3.28,3.14,3.28,0,0
ALG_PB,D,20170405,000000,3.3,3.3,3.14,3.14,0,0
ALG_PB,D,20170406,000000,3.14,3.14,2.95,3.04,0,0
ALG_PB,D,20170410,000000,3.04,3.16,3.04,3.16,0,0
ALG_PB,D,20170412,000000,3.02,3.02,3.02,3.02,0,0
ALG_PB,D,20170413,000000,2.94,2.97,2.94,2.97,0,0
ALG_PB,D,20170419,000000,2.76,2.94,2.72,2.8,0,0
ALG_PB,D,20170420,000000,2.86,2.97,2.85,2.85,0,0
ALG_PB,D,20170421,000000,2.56,2.77,2.56,2.77,0,0
ALG_PB,D,20170424,000000,2.78,2.96,2.78,2.96,0,0
ALG_PB,D,20170425,000000,2.93,2.96,2.93,2.96,0,0
ALG_PB,D,20170426,000000,2.96,2.96,2.96,2.96,0,0
ALG_PB,D,20170427,000000,2.96,2.96,2.67,2.89,0,0
ALG_PB,D,20170428,000000,2.61,2.85,2.61,2.85,0,0
ALG_PB,D,20170502,000000,2.87,2.89,2.87,2.89,0,0
ALG_PB,D,20170505,000000,3.87,4.06,3.87,4.06,0,0
ALG_PB,D,20170508,000000,4.05,4.05,4.05,4.05,0,0
ALG_PB,D,20170510,000000,4.05,4.05,4.05,4.05,0,0
ALG_PB,D,20170511,000000,4.05,4.05,4.05,4.05,0,0
ALG_PB,D,20170512,000000,4.05,4.05,4.05,4.05,0,0
ALG_PB,D,20170515,000000,3.82,4.04,3.82,4.04,0,0
ALG_PB,D,20170516,000000,4.04,4.04,4.04,4.04,0,0
ALG_PB,D,20170518,000000,4.04,4.04,4.04,4.04,0,0
ALG_PB,D,20170519,000000,3.99,4.04,3.99,4.04,0,0
ALG_PB,D,20170522,000000,3.97,4.04,3.97,4.04,0,0
ALG_PB,D,20170523,000000,3.73,3.8,3.73,3.8,0,0
ALG_PB,D,20170524,000000,3.8,3.8,3.8,3.8,0,0
ALG_PB,D,20170526,000000,3.8,3.8,3.8,3.8,0,0
ALG_PB,D,20170529,000000,3.8,3.8,3.8,3.8,0,0
ALG_PB,D,20170530,000000,3.8,3.8,3.8,3.8,0,0
ALG_PB,D,20170531,000000,3.8,3.8,3.8,3.8,0,0
ALG_PB,D,20170601,000000,3.8,3.8,3.8,3.8,0,0
ALG_PB,D,20170605,000000,3.73,3.77,3.73,3.77,0,0
ALG_PB,D,20170606,000000,3.54,3.77,3.47,3.77,0,0
ALG_PB,D,20170608,000000,3.4,3.71,3.4,3.71,0,0
ALG_PB,D,20170612,000000,3.54,3.54,3.54,3.54,0,0
ALG_PB,D,20170614,000000,3.37,3.37,2.9,2.9,0,0
ALG_PB,D,20170616,000000,2.9,2.9,2.85,2.85,0,0
ALG_PB,D,20170619,000000,2.85,2.9,2.85,2.9,0,0
ALG_PB,D,20170620,000000,2.9,2.9,2.9,2.9,0,0
ALG_PB,D,20170621,000000,2.9,2.9,2.9,2.9,0,0
ALG_PB,D,20170622,000000,2.9,3.03,2.9,3.03,0,0
ALG_PB,D,20170623,000000,3.01,3.03,3.01,3.03,0,0
ALG_PB,D,20170627,000000,2.95,3.02,2.95,3,0,0
ALG_PB,D,20170628,000000,2.95,2.95,2.7,2.95,0,0
ALG_PB,D,20170629,000000,2.93,2.93,2.93,2.93,0,0
ALG_PB,D,20170703,000000,2.76,2.9,2.76,2.9,0,0
ALG_PB,D,20170704,000000,2.93,2.93,2.93,2.93,0,0
ALG_PB,D,20170705,000000,2.86,3.02,2.86,3.02,0,0
ALG_PB,D,20170707,000000,2.85,2.85,2.85,2.85,0,0
ALG_PB,D,20170710,000000,2.83,2.83,2.83,2.83,0,0
ALG_PB,D,20170711,000000,2.7,2.91,2.7,2.91,0,0
ALG_PB,D,20170712,000000,2.75,2.76,2.63,2.76,0,0
ALG_PB,D,20170713,000000,2.75,2.75,2.36,2.7,0,0
ALG_PB,D,20170714,000000,2.69,2.71,2.66,2.71,0,0
ALG_PB,D,20170717,000000,2.74,2.74,2.74,2.74,0,0
ALG_PB,D,20170718,000000,2.73,2.86,2.73,2.86,0,0
ALG_PB,D,20170719,000000,2.87,2.87,2.87,2.87,0,0
ALG_PB,D,20170720,000000,2.86,3.03,2.86,3.03,0,0
ALG_PB,D,20170721,000000,2.73,2.98,2.73,2.98,0,0
ALG_PB,D,20170724,000000,3.03,3.03,3.03,3.03,0,0
ALG_PB,D,20170725,000000,3,3,3,3,0,0
ALG_PB,D,20170731,000000,2.7,2.9,2.7,2.9,0,0
ALG_PB,D,20170801,000000,2.78,3.03,2.78,3.03,0,0
ALG_PB,D,20170802,000000,3.03,3.03,2.98,2.98,0,0
ALG_PB,D,20170804,000000,3.02,3.03,3.01,3.03,0,0
ALG_PB,D,20170809,000000,2.53,2.57,2.43,2.57,0,0
ALG_PB,D,20170810,000000,2.44,2.59,2.44,2.59,0,0
ALG_PB,D,20170814,000000,2.43,2.56,2.37,2.56,0,0
ALG_PB,D,20170816,000000,2.47,2.47,2.2,2.43,0,0
ALG_PB,D,20170817,000000,2.09,2.09,1.99,2.08,0,0
ALG_PB,D,20170818,000000,2.08,2.08,2.08,2.08,0,0
ALG_PB,D,20170822,000000,2.06,2.08,2.06,2.08,0,0
ALG_PB,D,20170828,000000,2.06,2.08,2.06,2.08,0,0
ALG_PB,D,20170829,000000,2.08,2.08,2.08,2.08,0,0
ALG_PB,D,20170911,000000,2.08,2.08,2.08,2.08,0,0
ALG_PB,D,20170918,000000,1.89,2.08,1.89,2.08,0,0
ALG_PB,D,20170927,000000,2.06,2.06,2.06,2.06,0,0
ALG_PB,D,20170928,000000,2.06,2.06,2.06,2.06,0,0
ALG_PB,D,20170929,000000,2.09,2.09,2.09,2.09,0,0
ALG_PB,D,20171023,000000,2.61,2.61,2.61,2.61,0,0
ALG_PB,D,20171025,000000,2.53,2.55,2.53,2.55,0,0
ALG_PB,D,20171026,000000,2.53,2.53,2.53,2.53,0,0
ALG_PB,D,20171031,000000,2.6,2.61,2.53,2.61,0,0
ALG_PB,D,20171113,000000,2.61,2.61,2.36,2.36,0,0
ALG_PB,D,20171114,000000,2.15,2.36,1.94,2.23,0,0
ALG_PB,D,20171116,000000,2.17,2.38,2.17,2.38,0,0
ALG_PB,D,20171117,000000,2.53,2.59,2.38,2.59,0,0
ALG_PB,D,20171121,000000,2.59,2.6,2.59,2.6,0,0
ALG_PB,D,20171124,000000,2.53,2.53,2.48,2.48,0,0
ALG_PB,D,20171130,000000,2.51,2.51,2.51,2.51,0,0
ALG_PB,D,20171201,000000,2.53,2.64,2.53,2.64,0,0
ALG_PB,D,20171206,000000,2.48,2.62,2.48,2.53,0,0
ALG_PB,D,20171207,000000,2.49,2.5,2.4,2.5,0,0
ALG_PB,D,20171208,000000,2.41,2.52,2.41,2.52,0,0
ALG_PB,D,20171212,000000,2.28,2.28,2.21,2.21,0,0
ALG_PB,D,20171213,000000,2.4,2.51,2.21,2.51,0,0
ALG_PB,D,20171218,000000,2.32,2.51,2.15,2.32,0,0
ALG_PB,D,20171227,000000,2.24,2.24,2.24,2.24,0,0
ALG_PB,D,20180103,000000,2.17,2.34,2.17,2.32,0,0
ALG_PB,D,20180104,000000,2.32,2.39,2.15,2.37,0,0
ALG_PB,D,20180105,000000,2.24,2.37,2.24,2.32,0,0
ALG_PB,D,20180108,000000,2.32,2.75,2.32,2.75,0,0
ALG_PB,D,20180109,000000,3.01,3.31,3.01,3.31,0,0
ALG_PB,D,20180110,000000,3.61,4.15,3.61,4.15,0,0
ALG_PB,D,20180111,000000,4.34,5.16,4.17,4.17,0,0
ALG_PB,D,20180112,000000,4.19,4.6,3.76,4.19,0,0
ALG_PB,D,20180116,000000,4.17,4.17,4.17,4.17,0,0
ALG_PB,D,20180117,000000,4.17,4.17,4.17,4.17,0,0
ALG_PB,D,20180119,000000,3.87,3.87,3.87,3.87,0,0
ALG_PB,D,20180122,000000,4.04,4.04,3.65,3.65,0,0
ALG_PB,D,20180123,000000,3.78,3.83,3.44,3.53,0,0
ALG_PB,D,20180124,000000,3.53,3.74,3.53,3.57,0,0
ALG_PB,D,20180125,000000,3.74,3.74,3.44,3.72,0,0
ALG_PB,D,20180126,000000,3.83,3.83,3.83,3.83,0,0
ALG_PB,D,20180131,000000,3.65,3.78,3.65,3.78,0,0
ALG_PB,D,20180205,000000,3.44,3.44,3.44,3.44,0,0
ALG_PB,D,20180208,000000,3.61,3.72,3.61,3.72,0,0
ALG_PB,D,20180209,000000,3.74,3.74,3.72,3.74,0,0
ALG_PB,D,20180212,000000,3.48,3.48,3.48,3.48,0,0
ALG_PB,D,20180213,000000,3.65,3.65,3.63,3.63,0,0
ALG_PB,D,20180214,000000,3.7,3.74,3.7,3.74,0,0
ALG_PB,D,20180215,000000,3.48,3.57,3.48,3.57,0,0
ALG_PB,D,20180216,000000,3.42,3.61,3.42,3.61,0,0
ALG_PB,D,20180219,000000,3.61,3.61,3.61,3.61,0,0
ALG_PB,D,20180220,000000,3.65,3.65,3.63,3.63,0,0
ALG_PB,D,20180221,000000,3.44,3.63,3.44,3.44,0,0
ALG_PB,D,20180222,000000,3.63,3.7,3.63,3.7,0,0
ALG_PB,D,20180226,000000,3.44,3.57,3.44,3.57,0,0
ALG_PB,D,20180227,000000,3.46,3.61,3.46,3.61,0,0
ALG_PB,D,20180307,000000,3.55,3.61,3.55,3.55,0,0
ALG_PB,D,20180308,000000,3.44,3.55,3.44,3.44,0,0
ALG_PB,D,20180309,000000,3.44,3.61,3.44,3.61,0,0
ALG_PB,D,20180315,000000,3.4,3.4,3.4,3.4,0,0
ALG_PB,D,20180320,000000,3.44,3.44,3.44,3.44,0,0
ALG_PB,D,20180328,000000,3.22,3.48,3.22,3.48,0,0
ALG_PB,D,20180403,000000,3.38,3.38,3.38,3.38,0,0
ALG_PB,D,20180417,000000,3.07,3.07,3.07,3.07,0,0
ALG_PB,D,20180418,000000,2.92,2.92,2.92,2.92,0,0
ALG_PB,D,20180425,000000,3.18,3.18,3.16,3.16,0,0
ALG_PB,D,20180502,000000,7.44,7.44,7.44,7.44,0,0
ALG_PB,D,20180528,000000,6.71,7.44,6.09,6.09,0,0
ALG_PB,D,20180529,000000,5.53,5.53,4.98,4.98,0,0
ALG_PB,D,20180530,000000,4.49,4.49,4.06,4.06,0,0
ALG_PB,D,20180601,000000,3.68,3.68,3.36,3.36,0,0
ALG_PB,D,20180604,000000,3.04,3.04,2.75,2.75,0,0
ALG_PB,D,20180605,000000,2.48,2.48,2.14,2.27,0,0
ALG_PB,D,20180606,000000,1.91,1.91,1.72,1.72,0,0
ALG_PB,D,20180607,000000,1.73,2.06,1.56,2.06,0,0
ALG_PB,D,20180608,000000,1.9,2.27,1.9,2.18,0,0
ALG_PB,D,20180611,000000,2.17,2.39,2.02,2.2,0,0
ALG_PB,D,20180612,000000,2.39,2.82,2.17,2.7,0,0
ALG_PB,D,20180613,000000,2.67,2.67,2.18,2.27,0,0
ALG_PB,D,20180614,000000,2.25,2.25,2.04,2.21,0,0
ALG_PB,D,20180615,000000,2.21,2.27,1.98,1.98,0,0
ALG_PB,D,20180618,000000,2.09,2.09,1.68,1.68,0,0
ALG_PB,D,20180619,000000,1.77,1.91,1.61,1.67,0,0
ALG_PB,D,20180620,000000,1.83,1.83,1.79,1.81,0,0
ALG_PB,D,20180621,000000,1.81,2.05,1.8,1.91,0,0
ALG_PB,D,20180622,000000,1.81,1.87,1.73,1.81,0,0
ALG_PB,D,20180625,000000,1.67,1.9,1.67,1.9,0,0
ALG_PB,D,20180626,000000,1.89,1.94,1.83,1.89,0,0
ALG_PB,D,20180627,000000,1.91,1.91,1.73,1.86,0,0
ALG_PB,D,20180628,000000,1.75,1.85,1.6,1.77,0,0
ALG_PB,D,20180629,000000,1.67,1.72,1.55,1.7,0,0
ALG_PB,D,20180702,000000,1.6,1.7,1.6,1.7,0,0
ALG_PB,D,20180703,000000,1.7,1.97,1.7,1.9,0,0
ALG_PB,D,20180704,000000,1.91,1.91,1.73,1.85,0,0
ALG_PB,D,20180705,000000,1.84,1.93,1.67,1.77,0,0
ALG_PB,D,20180706,000000,1.74,1.74,1.58,1.67,0,0
ALG_PB,D,20180709,000000,1.62,1.74,1.58,1.66,0,0
ALG_PB,D,20180710,000000,1.68,1.84,1.68,1.8,0,0
ALG_PB,D,20180711,000000,1.81,1.87,1.7,1.85,0,0
ALG_PB,D,20180712,000000,1.85,1.85,1.7,1.77,0,0
ALG_PB,D,20180713,000000,1.75,1.84,1.75,1.84,0,0
ALG_PB,D,20180716,000000,1.83,1.86,1.83,1.84,0,0
ALG_PB,D,20180717,000000,1.86,1.97,1.86,1.9,0,0
ALG_PB,D,20180718,000000,1.94,2.11,1.85,2.03,0,0
ALG_PB,D,20180719,000000,2.03,2.03,1.74,1.74,0,0
ALG_PB,D,20180720,000000,1.84,1.84,1.58,1.65,0,0
ALG_PB,D,20180723,000000,1.63,1.8,1.62,1.79,0,0
ALG_PB,D,20180724,000000,1.78,1.84,1.78,1.78,0,0
ALG_PB,D,20180725,000000,1.67,1.75,1.65,1.68,0,0
ALG_PB,D,20180726,000000,1.81,1.81,1.81,1.81,0,0
ALG_PB,D,20180727,000000,1.74,1.81,1.73,1.81,0,0
ALG_PB,D,20180730,000000,1.73,1.84,1.73,1.84,0,0
ALG_PB,D,20180731,000000,1.84,2.02,1.75,1.96,0,0
ALG_PB,D,20180801,000000,1.98,1.98,1.79,1.93,0,0
ALG_PB,D,20180802,000000,1.96,1.96,1.77,1.89,0,0
ALG_PB,D,20180803,000000,1.9,1.93,1.79,1.91,0,0
ALG_PB,D,20180806,000000,1.91,2.03,1.79,1.91,0,0
ALG_PB,D,20180807,000000,1.79,1.93,1.78,1.85,0,0
ALG_PB,D,20180808,000000,1.79,1.83,1.67,1.83,0,0
ALG_PB,D,20180809,000000,1.67,1.8,1.66,1.75,0,0
ALG_PB,D,20180810,000000,1.67,1.74,1.67,1.73,0,0
ALG_PB,D,20180813,000000,1.73,1.77,1.73,1.77,0,0
ALG_PB,D,20180814,000000,1.77,1.83,1.77,1.83,0,0
ALG_PB,D,20180816,000000,1.7,1.84,1.7,1.81,0,0
ALG_PB,D,20180817,000000,1.81,1.84,1.81,1.84,0,0
ALG_PB,D,20180820,000000,1.83,1.85,1.83,1.85,0,0
ALG_PB,D,20180821,000000,1.91,1.97,1.91,1.96,0,0
ALG_PB,D,20180823,000000,1.85,1.93,1.83,1.93,0,0
ALG_PB,D,20180824,000000,1.93,2.24,1.93,2.09,0,0
ALG_PB,D,20180827,000000,2.09,2.21,1.98,2.08,0,0
ALG_PB,D,20180828,000000,2.03,2.21,2.03,2.21,0,0
ALG_PB,D,20180829,000000,2.21,2.48,2.04,2.39,0,0
ALG_PB,D,20180830,000000,2.37,2.39,2.21,2.37,0,0
ALG_PB,D,20180831,000000,2.36,2.36,2.15,2.23,0,0
ALG_PB,D,20180903,000000,2.21,2.24,2.15,2.24,0,0
ALG_PB,D,20180904,000000,2.2,2.2,2.08,2.08,0,0
ALG_PB,D,20180905,000000,1.85,2.08,1.83,2.01,0,0
ALG_PB,D,20180906,000000,1.99,2.08,1.99,2.08,0,0
ALG_PB,D,20180907,000000,2.05,2.15,2.05,2.15,0,0
ALG_PB,D,20180910,000000,1.87,2.05,1.87,2.05,0,0
ALG_PB,D,20180911,000000,1.86,1.97,1.86,1.97,0,0
ALG_PB,D,20180912,000000,2.01,2.01,2.01,2.01,0,0
ALG_PB,D,20180913,000000,2.14,2.14,2.14,2.14,0,0
ALG_PB,D,20180914,000000,1.85,1.96,1.84,1.84,0,0
ALG_PB,D,20180917,000000,1.98,2.01,1.98,1.99,0,0
ALG_PB,D,20180918,000000,1.81,1.98,1.73,1.92,0,0
ALG_PB,D,20180919,000000,1.73,1.86,1.68,1.85,0,0
ALG_PB,D,20180920,000000,1.71,1.77,1.71,1.75,0,0
ALG_PB,D,20180921,000000,1.74,1.79,1.66,1.66,0,0
ALG_PB,D,20180924,000000,1.73,1.75,1.58,1.73,0,0
ALG_PB,D,20180928,000000,1.62,1.72,1.56,1.7,0,0
ALG_PB,D,20181001,000000,1.59,1.59,1.55,1.59,0,0
ALG_PB,D,20181002,000000,1.55,1.71,1.55,1.71,0,0
ALG_PB,D,20181003,000000,1.66,1.66,1.66,1.66,0,0
