<TICKER>,<PER>,<DATE>,<TIME>,<OPEN>,<HIGH>,<LOW>,<CLOSE>,<VOL>,<OPENINT>
AML_PB,D,20140717,000000,1.4094,1.4094,1.4094,1.4094,0,0
AML_PB,D,20140718,000000,1.4094,1.4168,1.4094,1.4168,0,0
AML_PB,D,20140721,000000,1.4168,1.4243,1.4094,1.4168,0,0
AML_PB,D,20140722,000000,1.4168,1.4168,1.3943,1.3943,0,0
AML_PB,D,20140723,000000,1.4019,1.4019,1.4019,1.4019,0,0
AML_PB,D,20140724,000000,1.4168,1.4168,1.3419,1.3718,0,0
AML_PB,D,20140725,000000,1.3718,1.3793,1.3718,1.3793,0,0
AML_PB,D,20140728,000000,1.3943,1.4094,1.3869,1.4094,0,0
AML_PB,D,20140729,000000,1.4094,1.4094,1.4019,1.4094,0,0
AML_PB,D,20140730,000000,1.4094,1.4094,1.3869,1.4019,0,0
AML_PB,D,20140731,000000,1.3943,1.4094,1.3943,1.4019,0,0
AML_PB,D,20140801,000000,1.4019,1.4019,1.3644,1.3644,0,0
AML_PB,D,20140804,000000,1.3793,1.4019,1.3644,1.3644,0,0
AML_PB,D,20140805,000000,1.3644,1.3793,1.3644,1.3793,0,0
AML_PB,D,20140806,000000,1.3793,1.4019,1.3718,1.4019,0,0
AML_PB,D,20140807,000000,1.3869,1.4019,1.3644,1.3869,0,0
AML_PB,D,20140808,000000,1.3869,1.3943,1.3718,1.3943,0,0
AML_PB,D,20140811,000000,1.3793,1.3943,1.3793,1.3943,0,0
AML_PB,D,20140812,000000,1.3943,1.4019,1.3869,1.3943,0,0
AML_PB,D,20140813,000000,1.3869,1.3943,1.3869,1.3943,0,0
AML_PB,D,20140814,000000,1.3718,1.3943,1.3718,1.3943,0,0
AML_PB,D,20140818,000000,1.3943,1.3943,1.3943,1.3943,0,0
AML_PB,D,20140819,000000,1.3943,1.3943,1.3718,1.3943,0,0
AML_PB,D,20140820,000000,1.3943,1.4019,1.3793,1.3943,0,0
AML_PB,D,20140821,000000,1.4019,1.4543,1.4019,1.4543,0,0
AML_PB,D,20140822,000000,1.4543,1.4693,1.4543,1.4543,0,0
AML_PB,D,20140825,000000,1.4619,1.4619,1.4394,1.4468,0,0
AML_PB,D,20140826,000000,1.4394,1.4693,1.4394,1.4693,0,0
AML_PB,D,20140827,000000,1.4768,1.5142,1.4768,1.5142,0,0
AML_PB,D,20140828,000000,1.5142,1.5444,1.4619,1.4993,0,0
AML_PB,D,20140829,000000,1.4993,1.5368,1.4843,1.5142,0,0
AML_PB,D,20140901,000000,1.5142,1.5444,1.5142,1.5218,0,0
AML_PB,D,20140902,000000,1.5368,1.5818,1.5218,1.5818,0,0
AML_PB,D,20140903,000000,1.5967,1.6342,1.5967,1.6118,0,0
AML_PB,D,20140904,000000,1.6118,1.6118,1.5818,1.6043,0,0
AML_PB,D,20140905,000000,1.6043,1.6417,1.5967,1.6342,0,0
AML_PB,D,20140908,000000,1.6192,1.6342,1.5742,1.5742,0,0
AML_PB,D,20140909,000000,1.5742,1.5742,1.5444,1.5444,0,0
AML_PB,D,20140910,000000,1.5368,1.5368,1.5142,1.5293,0,0
AML_PB,D,20140911,000000,1.5142,1.5293,1.5142,1.5293,0,0
AML_PB,D,20140912,000000,1.5293,1.5742,1.5293,1.5742,0,0
AML_PB,D,20140915,000000,1.5742,1.5742,1.5444,1.5668,0,0
AML_PB,D,20140916,000000,1.5668,1.5668,1.5444,1.5517,0,0
AML_PB,D,20140917,000000,1.5517,1.5593,1.5444,1.5593,0,0
AML_PB,D,20140918,000000,1.5593,1.5668,1.5517,1.5593,0,0
AML_PB,D,20140919,000000,1.5593,1.5742,1.5593,1.5668,0,0
AML_PB,D,20140922,000000,1.5668,1.5818,1.5668,1.5742,0,0
AML_PB,D,20140923,000000,1.5668,1.5668,1.5444,1.5517,0,0
AML_PB,D,20140924,000000,1.5517,1.5517,1.5444,1.5444,0,0
AML_PB,D,20140925,000000,1.5517,1.5593,1.5444,1.5517,0,0
AML_PB,D,20140926,000000,1.5444,1.5517,1.5444,1.5517,0,0
AML_PB,D,20140929,000000,1.5444,1.5517,1.5444,1.5517,0,0
AML_PB,D,20140930,000000,1.5444,1.5742,1.5444,1.5742,0,0
AML_PB,D,20141001,000000,1.5742,1.6192,1.5742,1.6043,0,0
AML_PB,D,20141002,000000,1.6043,1.6118,1.5818,1.6118,0,0
AML_PB,D,20141003,000000,1.6043,1.6043,1.5668,1.5818,0,0
AML_PB,D,20141006,000000,1.5893,1.5893,1.5742,1.5818,0,0
AML_PB,D,20141007,000000,1.5668,1.5818,1.5593,1.5818,0,0
AML_PB,D,20141008,000000,1.5593,1.5742,1.5517,1.5742,0,0
AML_PB,D,20141009,000000,1.5742,1.5742,1.5517,1.5593,0,0
AML_PB,D,20141010,000000,1.5517,1.5593,1.5218,1.5593,0,0
AML_PB,D,20141013,000000,1.5444,1.5668,1.5444,1.5668,0,0
AML_PB,D,20141014,000000,1.5668,1.5668,1.5593,1.5593,0,0
AML_PB,D,20141015,000000,1.5593,1.6192,1.5593,1.5818,0,0
AML_PB,D,20141016,000000,1.5818,1.6118,1.5668,1.6043,0,0
AML_PB,D,20141017,000000,1.6043,1.6192,1.6043,1.6192,0,0
AML_PB,D,20141020,000000,1.6192,1.6417,1.6192,1.6417,0,0
AML_PB,D,20141021,000000,1.6342,1.6493,1.6267,1.6493,0,0
AML_PB,D,20141022,000000,1.6567,1.6793,1.6493,1.6793,0,0
AML_PB,D,20141023,000000,1.6642,1.6942,1.6267,1.6642,0,0
AML_PB,D,20141024,000000,1.6642,1.6718,1.6567,1.6718,0,0
AML_PB,D,20141027,000000,1.6718,1.6718,1.6493,1.6718,0,0
AML_PB,D,20141028,000000,1.6718,1.6718,1.6493,1.6718,0,0
AML_PB,D,20141029,000000,1.6718,1.6718,1.6417,1.6642,0,0
AML_PB,D,20141030,000000,1.6642,1.6642,1.5818,1.5818,0,0
AML_PB,D,20141031,000000,1.5818,1.6043,1.5818,1.6043,0,0
AML_PB,D,20141103,000000,1.6043,1.6267,1.6043,1.6192,0,0
AML_PB,D,20141104,000000,1.6267,1.6342,1.6267,1.6267,0,0
AML_PB,D,20141105,000000,1.6267,1.6267,1.6118,1.6192,0,0
AML_PB,D,20141106,000000,1.6192,1.6192,1.6118,1.6118,0,0
AML_PB,D,20141107,000000,1.6118,1.6192,1.6043,1.6043,0,0
AML_PB,D,20141110,000000,1.6118,1.6118,1.6043,1.6043,0,0
AML_PB,D,20141112,000000,1.6118,1.6118,1.5967,1.6043,0,0
AML_PB,D,20141113,000000,1.6043,1.6043,1.5668,1.5818,0,0
AML_PB,D,20141114,000000,1.5818,1.5818,1.5444,1.5517,0,0
AML_PB,D,20141117,000000,1.5444,1.5517,1.5293,1.5293,0,0
AML_PB,D,20141118,000000,1.5293,1.5293,1.4993,1.5142,0,0
AML_PB,D,20141119,000000,1.5142,1.5593,1.5142,1.5517,0,0
AML_PB,D,20141120,000000,1.5668,1.5668,1.5368,1.5517,0,0
AML_PB,D,20141121,000000,1.5593,1.5893,1.5444,1.5818,0,0
AML_PB,D,20141124,000000,1.5818,1.5818,1.5668,1.5818,0,0
AML_PB,D,20141125,000000,1.5818,1.5818,1.5668,1.5818,0,0
AML_PB,D,20141126,000000,1.5742,1.5818,1.5668,1.5818,0,0
AML_PB,D,20141127,000000,1.5818,1.5818,1.5668,1.5818,0,0
AML_PB,D,20141128,000000,1.5742,1.5742,1.5668,1.5668,0,0
AML_PB,D,20141201,000000,1.5593,1.5593,1.5218,1.5218,0,0
AML_PB,D,20141202,000000,1.5218,1.5517,1.4917,1.5517,0,0
AML_PB,D,20141203,000000,1.5517,1.5517,1.5293,1.5517,0,0
AML_PB,D,20141204,000000,1.5444,1.5444,1.5444,1.5444,0,0
AML_PB,D,20141205,000000,1.5293,1.5893,1.5142,1.5818,0,0
AML_PB,D,20141208,000000,1.5818,1.5818,1.5517,1.5818,0,0
AML_PB,D,20141210,000000,1.5517,1.5742,1.5517,1.5517,0,0
AML_PB,D,20141211,000000,1.5142,1.5742,1.5142,1.5444,0,0
AML_PB,D,20141212,000000,1.5668,1.5668,1.5142,1.5593,0,0
AML_PB,D,20141215,000000,1.5142,1.5742,1.5142,1.5668,0,0
AML_PB,D,20141216,000000,1.5293,1.5742,1.5293,1.5742,0,0
AML_PB,D,20141217,000000,1.5444,1.5818,1.5444,1.5818,0,0
AML_PB,D,20141218,000000,1.5742,1.6043,1.5742,1.6043,0,0
AML_PB,D,20141219,000000,1.5742,1.6043,1.5742,1.6043,0,0
AML_PB,D,20141222,000000,1.6043,1.6118,1.6043,1.6043,0,0
AML_PB,D,20141223,000000,1.5967,1.6342,1.5893,1.6342,0,0
AML_PB,D,20141229,000000,1.6417,1.6417,1.6192,1.6417,0,0
AML_PB,D,20141230,000000,1.6342,1.6942,1.6342,1.6793,0,0
AML_PB,D,20150102,000000,1.6942,1.6942,1.6718,1.6718,0,0
AML_PB,D,20150105,000000,1.6493,1.6493,1.6192,1.6417,0,0
AML_PB,D,20150107,000000,1.6567,1.6567,1.6342,1.6342,0,0
AML_PB,D,20150108,000000,1.6342,1.6417,1.6342,1.6417,0,0
AML_PB,D,20150109,000000,1.6417,1.6417,1.5893,1.6267,0,0
AML_PB,D,20150112,000000,1.6267,1.6267,1.5967,1.6192,0,0
AML_PB,D,20150113,000000,1.5967,1.6417,1.5967,1.6417,0,0
AML_PB,D,20150114,000000,1.6567,1.6567,1.6417,1.6417,0,0
AML_PB,D,20150115,000000,1.6417,1.6567,1.6192,1.6567,0,0
AML_PB,D,20150116,000000,1.6342,1.6718,1.6192,1.6567,0,0
AML_PB,D,20150119,000000,1.6342,1.6642,1.6342,1.6417,0,0
AML_PB,D,20150120,000000,1.6342,1.6417,1.6342,1.6342,0,0
AML_PB,D,20150121,000000,1.6342,1.6493,1.6342,1.6342,0,0
AML_PB,D,20150122,000000,1.6493,1.6867,1.6493,1.6867,0,0
AML_PB,D,20150123,000000,1.6867,1.7092,1.6867,1.7017,0,0
AML_PB,D,20150126,000000,1.7167,1.7167,1.6942,1.6942,0,0
AML_PB,D,20150127,000000,1.6942,1.6942,1.6867,1.6867,0,0
AML_PB,D,20150128,000000,1.6718,1.7167,1.6718,1.7167,0,0
AML_PB,D,20150129,000000,1.7316,1.7766,1.7242,1.7617,0,0
AML_PB,D,20150130,000000,1.7617,1.7766,1.7542,1.7617,0,0
AML_PB,D,20150202,000000,1.7467,1.7617,1.7467,1.7617,0,0
AML_PB,D,20150203,000000,1.7542,1.7617,1.7316,1.7316,0,0
AML_PB,D,20150204,000000,1.7393,1.7542,1.7393,1.7467,0,0
AML_PB,D,20150205,000000,1.7316,1.7617,1.7316,1.7542,0,0
AML_PB,D,20150206,000000,1.7542,1.7542,1.7393,1.7393,0,0
AML_PB,D,20150209,000000,1.7393,1.7393,1.7092,1.7092,0,0
AML_PB,D,20150210,000000,1.6942,1.6942,1.6493,1.6493,0,0
AML_PB,D,20150211,000000,1.6493,1.6493,1.6192,1.6417,0,0
AML_PB,D,20150212,000000,1.6417,1.6718,1.6417,1.6718,0,0
AML_PB,D,20150213,000000,1.6867,1.7242,1.6567,1.6718,0,0
AML_PB,D,20150216,000000,1.6718,1.6718,1.6567,1.6718,0,0
AML_PB,D,20150217,000000,1.6718,1.6718,1.6642,1.6718,0,0
AML_PB,D,20150218,000000,1.6567,1.6793,1.6567,1.6793,0,0
AML_PB,D,20150219,000000,1.6793,1.7316,1.6793,1.7316,0,0
AML_PB,D,20150220,000000,1.7316,1.7316,1.7092,1.7167,0,0
AML_PB,D,20150223,000000,1.7316,1.7692,1.7316,1.7542,0,0
AML_PB,D,20150224,000000,1.7542,1.7692,1.7542,1.7692,0,0
AML_PB,D,20150225,000000,1.7692,1.8218,1.7542,1.7992,0,0
AML_PB,D,20150226,000000,1.8218,1.8218,1.8067,1.8067,0,0
AML_PB,D,20150227,000000,1.8218,1.8442,1.8067,1.8067,0,0
AML_PB,D,20150302,000000,1.8141,1.8816,1.8141,1.8816,0,0
AML_PB,D,20150303,000000,1.8816,1.9266,1.8816,1.9116,0,0
AML_PB,D,20150304,000000,1.9566,2.0016,1.9566,1.9865,0,0
AML_PB,D,20150305,000000,1.9941,1.9941,1.9566,1.9566,0,0
AML_PB,D,20150306,000000,1.9715,1.9715,1.9416,1.9491,0,0
AML_PB,D,20150309,000000,1.9566,1.9566,1.9191,1.9416,0,0
AML_PB,D,20150310,000000,1.9416,1.9941,1.9416,1.9791,0,0
AML_PB,D,20150311,000000,1.9566,1.9865,1.9491,1.9566,0,0
AML_PB,D,20150312,000000,1.9865,1.9865,1.9641,1.9715,0,0
AML_PB,D,20150313,000000,2.0016,2.1365,1.9865,1.9865,0,0
AML_PB,D,20150316,000000,2.0315,2.189,2.0315,2.054,0,0
AML_PB,D,20150317,000000,2.054,2.054,1.9941,2.0166,0,0
AML_PB,D,20150318,000000,2.0465,2.0465,2.0016,2.0315,0,0
AML_PB,D,20150319,000000,2.0465,2.0616,2.0465,2.0465,0,0
AML_PB,D,20150320,000000,2.054,2.0841,2.0166,2.0465,0,0
AML_PB,D,20150323,000000,2.0841,2.1066,2.0391,2.1066,0,0
AML_PB,D,20150324,000000,2.1139,2.1139,2.0691,2.0691,0,0
AML_PB,D,20150325,000000,2.0691,2.0691,2.0016,2.0315,0,0
AML_PB,D,20150326,000000,2.0315,2.0315,1.9491,1.9566,0,0
AML_PB,D,20150327,000000,1.9491,1.9941,1.9491,1.9641,0,0
AML_PB,D,20150330,000000,1.9865,2.0315,1.9041,1.9041,0,0
AML_PB,D,20150331,000000,1.9116,1.9491,1.8516,1.8741,0,0
AML_PB,D,20150401,000000,1.8741,1.9341,1.8516,1.8816,0,0
AML_PB,D,20150402,000000,1.8816,1.8816,1.8741,1.8741,0,0
AML_PB,D,20150407,000000,1.8892,1.9116,1.8892,1.8965,0,0
AML_PB,D,20150408,000000,1.9416,1.9416,1.8965,1.9116,0,0
AML_PB,D,20150409,000000,1.9341,1.9341,1.9116,1.9266,0,0
AML_PB,D,20150410,000000,1.9491,2.0091,1.9491,2.0016,0,0
AML_PB,D,20150413,000000,2.0241,2.0315,2.0166,2.0166,0,0
AML_PB,D,20150414,000000,2.0166,2.0241,2.0166,2.0166,0,0
AML_PB,D,20150415,000000,2.0166,2.0915,2.0166,2.0915,0,0
AML_PB,D,20150416,000000,2.0915,2.1515,2.0915,2.1215,0,0
AML_PB,D,20150417,000000,2.1365,2.1365,2.1215,2.1215,0,0
AML_PB,D,20150420,000000,2.129,2.129,2.0915,2.0915,0,0
AML_PB,D,20150421,000000,2.1617,2.1617,1.999,2.0533,0,0
AML_PB,D,20150422,000000,2.0533,2.1153,2.0377,2.0456,0,0
AML_PB,D,20150423,000000,2.0533,2.0843,2.0533,2.0765,0,0
AML_PB,D,20150424,000000,2.0843,2.1075,2.0765,2.0765,0,0
AML_PB,D,20150427,000000,2.092,2.1075,1.999,2.0068,0,0
AML_PB,D,20150428,000000,2.0843,2.0843,2.0223,2.0377,0,0
AML_PB,D,20150429,000000,2.0223,2.0533,1.999,2.0068,0,0
AML_PB,D,20150430,000000,2.0533,2.0533,2.0068,2.0068,0,0
AML_PB,D,20150504,000000,2.0145,2.0687,2.0145,2.0456,0,0
AML_PB,D,20150505,000000,2.0456,2.0997,2.0456,2.0687,0,0
AML_PB,D,20150506,000000,2.0377,2.092,2.0145,2.092,0,0
AML_PB,D,20150507,000000,2.092,2.1075,2.0765,2.0997,0,0
AML_PB,D,20150508,000000,2.092,2.1229,2.092,2.1075,0,0
AML_PB,D,20150511,000000,2.1229,2.1229,2.061,2.0843,0,0
AML_PB,D,20150512,000000,1.9604,1.9835,1.906,1.906,0,0
AML_PB,D,20150513,000000,1.8983,1.8983,1.8518,1.875,0,0
AML_PB,D,20150514,000000,1.875,1.875,1.8363,1.8596,0,0
AML_PB,D,20150515,000000,1.875,1.9137,1.875,1.9137,0,0
AML_PB,D,20150518,000000,1.9216,1.9447,1.8441,1.875,0,0
AML_PB,D,20150519,000000,1.875,1.875,1.8054,1.8208,0,0
AML_PB,D,20150520,000000,1.8054,1.8441,1.7898,1.8363,0,0
AML_PB,D,20150521,000000,1.7976,1.8596,1.7976,1.8596,0,0
AML_PB,D,20150522,000000,1.8596,1.8596,1.8518,1.8518,0,0
AML_PB,D,20150525,000000,1.8054,1.8363,1.8054,1.8208,0,0
AML_PB,D,20150526,000000,1.8208,1.8441,1.8208,1.8363,0,0
AML_PB,D,20150527,000000,1.8441,1.8596,1.8441,1.8596,0,0
AML_PB,D,20150528,000000,1.8596,1.8596,1.8363,1.8363,0,0
AML_PB,D,20150529,000000,1.8363,1.8441,1.8208,1.8285,0,0
AML_PB,D,20150601,000000,1.8054,1.8829,1.8054,1.8829,0,0
AML_PB,D,20150602,000000,1.8829,1.8829,1.8363,1.8441,0,0
AML_PB,D,20150603,000000,1.8363,1.8906,1.8363,1.8906,0,0
AML_PB,D,20150605,000000,1.8983,1.8983,1.8829,1.8829,0,0
AML_PB,D,20150608,000000,1.9294,1.999,1.906,1.999,0,0
AML_PB,D,20150609,000000,1.9912,1.9912,1.9604,1.9604,0,0
AML_PB,D,20150610,000000,1.999,1.999,1.9604,1.9835,0,0
AML_PB,D,20150611,000000,1.9835,1.9912,1.9294,1.9294,0,0
AML_PB,D,20150612,000000,1.9294,1.9294,1.8983,1.8983,0,0
AML_PB,D,20150615,000000,1.8596,1.8906,1.8596,1.8829,0,0
AML_PB,D,20150616,000000,1.8829,1.8906,1.8673,1.8673,0,0
AML_PB,D,20150617,000000,1.8829,1.8829,1.8596,1.8596,0,0
AML_PB,D,20150618,000000,1.8518,1.8596,1.8285,1.8596,0,0
AML_PB,D,20150619,000000,1.8596,1.8596,1.8441,1.8596,0,0
AML_PB,D,20150622,000000,1.8518,1.8596,1.8518,1.8596,0,0
AML_PB,D,20150623,000000,1.8673,1.9447,1.8596,1.9447,0,0
AML_PB,D,20150624,000000,1.9525,1.968,1.8596,1.8983,0,0
AML_PB,D,20150625,000000,1.8983,1.9216,1.8983,1.9216,0,0
AML_PB,D,20150626,000000,1.9137,1.968,1.9137,1.9447,0,0
AML_PB,D,20150629,000000,1.8518,1.9294,1.7898,1.906,0,0
AML_PB,D,20150630,000000,1.8596,1.968,1.8596,1.968,0,0
AML_PB,D,20150701,000000,1.937,1.9525,1.8983,1.9216,0,0
AML_PB,D,20150702,000000,1.968,1.9835,1.9294,1.9835,0,0
AML_PB,D,20150703,000000,1.999,2.0223,1.9758,1.999,0,0
AML_PB,D,20150706,000000,1.9912,1.9912,1.9525,1.9758,0,0
AML_PB,D,20150707,000000,1.9835,1.9835,1.9525,1.968,0,0
AML_PB,D,20150708,000000,1.9912,1.9912,1.9525,1.968,0,0
AML_PB,D,20150709,000000,1.9525,1.9525,1.9137,1.9294,0,0
AML_PB,D,20150710,000000,1.9216,1.9758,1.9137,1.9294,0,0
AML_PB,D,20150713,000000,1.9294,1.999,1.9294,1.999,0,0
AML_PB,D,20150714,000000,1.999,2.0223,1.968,1.9912,0,0
AML_PB,D,20150715,000000,1.999,2.0533,1.999,2.0377,0,0
AML_PB,D,20150716,000000,2.0456,2.0456,2.0223,2.0456,0,0
AML_PB,D,20150717,000000,2.0456,2.0456,2.0377,2.0456,0,0
AML_PB,D,20150720,000000,2.0299,2.0299,1.9835,1.999,0,0
AML_PB,D,20150721,000000,2.0145,2.0299,1.9912,2.0299,0,0
AML_PB,D,20150722,000000,2.0299,2.0299,1.9447,1.9447,0,0
AML_PB,D,20150723,000000,1.968,2.0068,1.937,1.999,0,0
AML_PB,D,20150724,000000,2.0299,2.0377,1.999,2.0377,0,0
AML_PB,D,20150727,000000,2.0533,2.0533,1.9835,1.999,0,0
AML_PB,D,20150728,000000,1.9912,2.0456,1.9912,2.0377,0,0
AML_PB,D,20150729,000000,2.0377,2.0377,2.0145,2.0145,0,0
AML_PB,D,20150730,000000,2.0145,2.0145,1.9525,1.9525,0,0
AML_PB,D,20150731,000000,2.0068,2.0068,1.8518,1.8829,0,0
AML_PB,D,20150803,000000,1.8829,1.9137,1.8285,1.8441,0,0
AML_PB,D,20150804,000000,1.8441,1.8983,1.8441,1.8983,0,0
AML_PB,D,20150805,000000,1.8983,1.9912,1.8983,1.9912,0,0
AML_PB,D,20150806,000000,1.9912,1.999,1.968,1.999,0,0
AML_PB,D,20150807,000000,1.968,2.0145,1.9294,1.999,0,0
AML_PB,D,20150810,000000,2.0145,2.0145,1.968,1.968,0,0
AML_PB,D,20150811,000000,1.999,2.0068,1.968,1.999,0,0
AML_PB,D,20150812,000000,2.0145,2.0145,1.9525,1.968,0,0
AML_PB,D,20150813,000000,1.968,2.0145,1.968,1.9758,0,0
AML_PB,D,20150814,000000,1.968,1.9835,1.9525,1.9525,0,0
AML_PB,D,20150817,000000,1.937,1.9912,1.937,1.9758,0,0
AML_PB,D,20150818,000000,1.999,1.999,1.968,1.9835,0,0
AML_PB,D,20150819,000000,1.9835,1.9835,1.968,1.9758,0,0
AML_PB,D,20150820,000000,2.0068,2.0068,1.9137,1.9216,0,0
AML_PB,D,20150821,000000,1.9216,1.9216,1.8441,1.8441,0,0
AML_PB,D,20150824,000000,1.8285,1.8285,1.6349,1.6427,0,0
AML_PB,D,20150825,000000,1.5806,1.7666,1.5806,1.7356,0,0
AML_PB,D,20150826,000000,1.7046,1.7589,1.7046,1.7046,0,0
AML_PB,D,20150827,000000,1.7046,1.782,1.7046,1.7589,0,0
AML_PB,D,20150828,000000,1.7666,1.8441,1.7666,1.8441,0,0
AML_PB,D,20150831,000000,1.8441,1.8441,1.8285,1.8285,0,0
AML_PB,D,20150901,000000,1.8363,1.8363,1.7898,1.8208,0,0
AML_PB,D,20150902,000000,1.8131,1.8363,1.7743,1.782,0,0
AML_PB,D,20150903,000000,1.8131,1.8131,1.7898,1.8131,0,0
AML_PB,D,20150904,000000,1.8054,1.8054,1.7201,1.751,0,0
AML_PB,D,20150907,000000,1.751,1.751,1.7356,1.7356,0,0
AML_PB,D,20150908,000000,1.7122,1.7356,1.6891,1.7046,0,0
AML_PB,D,20150909,000000,1.751,1.751,1.7046,1.7279,0,0
AML_PB,D,20150910,000000,1.7279,1.7279,1.6968,1.6968,0,0
AML_PB,D,20150911,000000,1.7201,1.7201,1.6581,1.6814,0,0
AML_PB,D,20150914,000000,1.7046,1.7046,1.6503,1.6503,0,0
AML_PB,D,20150915,000000,1.6503,1.6503,1.5961,1.6503,0,0
AML_PB,D,20150916,000000,1.6658,1.7201,1.6658,1.7201,0,0
AML_PB,D,20150917,000000,1.6891,1.751,1.6891,1.7356,0,0
AML_PB,D,20150918,000000,1.7356,1.7356,1.6736,1.6891,0,0
AML_PB,D,20150921,000000,1.6891,1.7201,1.6891,1.7201,0,0
AML_PB,D,20150922,000000,1.6891,1.7122,1.6891,1.6891,0,0
AML_PB,D,20150923,000000,1.6891,1.7122,1.6736,1.6891,0,0
AML_PB,D,20150924,000000,1.6658,1.7122,1.6658,1.7046,0,0
AML_PB,D,20150925,000000,1.7046,1.7122,1.7046,1.7046,0,0
AML_PB,D,20150928,000000,1.7356,1.751,1.6814,1.7046,0,0
AML_PB,D,20150929,000000,1.6658,1.7201,1.6581,1.7201,0,0
AML_PB,D,20150930,000000,1.7201,1.7356,1.7046,1.7356,0,0
AML_PB,D,20151001,000000,1.7201,1.7201,1.6968,1.7201,0,0
AML_PB,D,20151002,000000,1.7122,1.7122,1.6814,1.6968,0,0
AML_PB,D,20151005,000000,1.7046,1.7046,1.6814,1.6814,0,0
AML_PB,D,20151006,000000,1.6814,1.6814,1.6658,1.6814,0,0
AML_PB,D,20151007,000000,1.7046,1.7046,1.627,1.627,0,0
AML_PB,D,20151008,000000,1.627,1.6658,1.627,1.627,0,0
AML_PB,D,20151009,000000,1.627,1.6658,1.627,1.627,0,0
AML_PB,D,20151012,000000,1.627,1.6349,1.627,1.627,0,0
AML_PB,D,20151013,000000,1.627,1.6581,1.6039,1.6581,0,0
AML_PB,D,20151014,000000,1.6581,1.6736,1.627,1.6503,0,0
AML_PB,D,20151015,000000,1.6658,1.6736,1.627,1.6736,0,0
AML_PB,D,20151016,000000,1.6503,1.7046,1.6503,1.6891,0,0
AML_PB,D,20151019,000000,1.7046,1.7046,1.6814,1.6814,0,0
AML_PB,D,20151020,000000,1.6814,1.751,1.6814,1.7356,0,0
AML_PB,D,20151021,000000,1.751,1.8054,1.7432,1.7898,0,0
AML_PB,D,20151022,000000,1.8054,1.8208,1.7356,1.782,0,0
AML_PB,D,20151023,000000,1.7743,1.782,1.7743,1.782,0,0
AML_PB,D,20151026,000000,1.7898,1.8363,1.7898,1.8363,0,0
AML_PB,D,20151027,000000,1.8441,1.875,1.8441,1.875,0,0
AML_PB,D,20151028,000000,1.875,1.875,1.8441,1.8518,0,0
AML_PB,D,20151029,000000,1.8441,1.8441,1.8131,1.8131,0,0
AML_PB,D,20151030,000000,1.782,1.8596,1.782,1.8518,0,0
AML_PB,D,20151102,000000,1.875,1.875,1.8054,1.8518,0,0
AML_PB,D,20151103,000000,1.875,1.8906,1.875,1.8906,0,0
AML_PB,D,20151104,000000,1.8906,1.906,1.8596,1.8596,0,0
AML_PB,D,20151105,000000,1.875,1.875,1.6891,1.6891,0,0
AML_PB,D,20151106,000000,1.6891,1.7279,1.6891,1.6968,0,0
AML_PB,D,20151109,000000,1.7046,1.7122,1.6814,1.6891,0,0
AML_PB,D,20151110,000000,1.6891,1.6968,1.6503,1.6503,0,0
AML_PB,D,20151112,000000,1.6658,1.6968,1.6349,1.6658,0,0
AML_PB,D,20151113,000000,1.6891,1.6891,1.6581,1.6736,0,0
AML_PB,D,20151116,000000,1.6503,1.6658,1.6349,1.6658,0,0
AML_PB,D,20151117,000000,1.6581,1.6658,1.6349,1.6658,0,0
AML_PB,D,20151118,000000,1.6349,1.6581,1.6349,1.6581,0,0
AML_PB,D,20151119,000000,1.6658,1.6736,1.6427,1.6736,0,0
AML_PB,D,20151120,000000,1.6736,1.6736,1.6581,1.6658,0,0
AML_PB,D,20151123,000000,1.6658,1.6658,1.6039,1.6503,0,0
AML_PB,D,20151124,000000,1.6658,1.6658,1.5883,1.6039,0,0
AML_PB,D,20151125,000000,1.6039,1.6503,1.6039,1.6349,0,0
AML_PB,D,20151126,000000,1.6349,1.6658,1.6193,1.6193,0,0
AML_PB,D,20151127,000000,1.6039,1.6193,1.5883,1.6193,0,0
AML_PB,D,20151130,000000,1.6193,1.6503,1.6193,1.6503,0,0
AML_PB,D,20151201,000000,1.6581,1.6814,1.6503,1.6658,0,0
AML_PB,D,20151202,000000,1.6814,1.6814,1.6039,1.6503,0,0
AML_PB,D,20151203,000000,1.6427,1.6427,1.6117,1.6117,0,0
AML_PB,D,20151204,000000,1.6117,1.6117,1.5341,1.6039,0,0
AML_PB,D,20151207,000000,1.6039,1.6117,1.5651,1.5651,0,0
AML_PB,D,20151208,000000,1.5497,1.5651,1.5264,1.5341,0,0
AML_PB,D,20151209,000000,1.5341,1.5341,1.4721,1.4721,0,0
AML_PB,D,20151210,000000,1.4643,1.5341,1.4567,1.4721,0,0
AML_PB,D,20151211,000000,1.4643,1.5186,1.3714,1.3714,0,0
AML_PB,D,20151214,000000,1.3947,1.4024,1.325,1.3714,0,0
AML_PB,D,20151215,000000,1.3714,1.4799,1.3714,1.4799,0,0
AML_PB,D,20151216,000000,1.4953,1.5341,1.4953,1.5109,0,0
AML_PB,D,20151217,000000,1.5186,1.5341,1.5186,1.5341,0,0
AML_PB,D,20151218,000000,1.5341,1.5497,1.5341,1.5418,0,0
AML_PB,D,20151221,000000,1.5341,1.5497,1.5109,1.5497,0,0
AML_PB,D,20151222,000000,1.5573,1.5573,1.5341,1.5341,0,0
AML_PB,D,20151223,000000,1.5497,1.5651,1.5497,1.5651,0,0
AML_PB,D,20151228,000000,1.5651,1.5651,1.5031,1.5341,0,0
AML_PB,D,20151229,000000,1.5341,1.6349,1.5341,1.6349,0,0
AML_PB,D,20151230,000000,1.6581,1.6581,1.5341,1.6581,0,0
AML_PB,D,20160104,000000,1.6193,1.6193,1.5573,1.5806,0,0
AML_PB,D,20160105,000000,1.5806,1.5883,1.5651,1.5883,0,0
AML_PB,D,20160107,000000,1.5729,1.5729,1.5109,1.5264,0,0
AML_PB,D,20160108,000000,1.5264,1.5651,1.5264,1.5341,0,0
AML_PB,D,20160111,000000,1.5264,1.5264,1.5031,1.5031,0,0
AML_PB,D,20160112,000000,1.5109,1.5418,1.5031,1.5418,0,0
AML_PB,D,20160113,000000,1.5418,1.5418,1.5031,1.5186,0,0
AML_PB,D,20160114,000000,1.5031,1.5109,1.4799,1.5031,0,0
AML_PB,D,20160115,000000,1.4877,1.5186,1.4877,1.5109,0,0
AML_PB,D,20160118,000000,1.5031,1.5031,1.4953,1.5031,0,0
AML_PB,D,20160119,000000,1.5031,1.5186,1.5031,1.5186,0,0
AML_PB,D,20160120,000000,1.5186,1.5341,1.5186,1.5264,0,0
AML_PB,D,20160121,000000,1.5341,1.5418,1.5341,1.5341,0,0
AML_PB,D,20160122,000000,1.5418,1.5651,1.5341,1.5651,0,0
AML_PB,D,20160125,000000,1.5883,1.6193,1.5883,1.6193,0,0
AML_PB,D,20160126,000000,1.5961,1.6117,1.5651,1.6117,0,0
AML_PB,D,20160127,000000,1.5806,1.6117,1.5806,1.6039,0,0
AML_PB,D,20160128,000000,1.5806,1.6193,1.5806,1.5883,0,0
AML_PB,D,20160129,000000,1.5883,1.6193,1.5806,1.6193,0,0
AML_PB,D,20160201,000000,1.5883,1.627,1.5883,1.627,0,0
AML_PB,D,20160202,000000,1.627,1.6349,1.6039,1.6193,0,0
AML_PB,D,20160203,000000,1.6193,1.6193,1.6039,1.6039,0,0
AML_PB,D,20160204,000000,1.6117,1.6117,1.5806,1.5806,0,0
AML_PB,D,20160205,000000,1.5806,1.6193,1.5651,1.5806,0,0
AML_PB,D,20160208,000000,1.5573,1.5651,1.5573,1.5573,0,0
AML_PB,D,20160209,000000,1.5651,1.5651,1.5418,1.5418,0,0
AML_PB,D,20160210,000000,1.5497,1.5729,1.5497,1.5651,0,0
AML_PB,D,20160211,000000,1.6039,1.6039,1.5418,1.5418,0,0
AML_PB,D,20160212,000000,1.5651,1.5729,1.5651,1.5651,0,0
AML_PB,D,20160215,000000,1.5651,1.5651,1.5651,1.5651,0,0
AML_PB,D,20160216,000000,1.5806,1.5806,1.5651,1.5651,0,0
AML_PB,D,20160217,000000,1.5341,1.5806,1.5341,1.5651,0,0
AML_PB,D,20160218,000000,1.5651,1.5961,1.5651,1.5806,0,0
AML_PB,D,20160219,000000,1.5961,1.5961,1.5651,1.5806,0,0
AML_PB,D,20160222,000000,1.5806,1.6039,1.5651,1.6039,0,0
AML_PB,D,20160223,000000,1.6039,1.6039,1.5883,1.6039,0,0
AML_PB,D,20160224,000000,1.5729,1.6039,1.5729,1.5806,0,0
AML_PB,D,20160225,000000,1.5883,1.6349,1.5883,1.6193,0,0
AML_PB,D,20160226,000000,1.6193,1.627,1.6117,1.6117,0,0
AML_PB,D,20160229,000000,1.6193,1.627,1.6193,1.6193,0,0
AML_PB,D,20160301,000000,1.6193,1.6349,1.6193,1.6193,0,0
AML_PB,D,20160302,000000,1.6193,1.6349,1.6193,1.6193,0,0
AML_PB,D,20160303,000000,1.6117,1.6814,1.6117,1.6658,0,0
AML_PB,D,20160304,000000,1.6736,1.7279,1.6658,1.6658,0,0
AML_PB,D,20160307,000000,1.6658,1.6658,1.6039,1.6117,0,0
AML_PB,D,20160308,000000,1.6117,1.6117,1.6039,1.6039,0,0
AML_PB,D,20160309,000000,1.5651,1.5651,1.5264,1.5651,0,0
AML_PB,D,20160310,000000,1.5729,1.5729,1.5497,1.5573,0,0
AML_PB,D,20160311,000000,1.5418,1.5806,1.5418,1.5497,0,0
AML_PB,D,20160314,000000,1.5651,1.6039,1.5651,1.5961,0,0
AML_PB,D,20160315,000000,1.6349,1.6658,1.5651,1.5651,0,0
AML_PB,D,20160316,000000,1.5651,1.5806,1.5573,1.5806,0,0
AML_PB,D,20160317,000000,1.5806,1.5806,1.5573,1.5806,0,0
AML_PB,D,20160318,000000,1.5806,1.6117,1.5806,1.6039,0,0
AML_PB,D,20160321,000000,1.6039,1.6117,1.5961,1.5961,0,0
AML_PB,D,20160322,000000,1.5961,1.5961,1.5883,1.5883,0,0
AML_PB,D,20160323,000000,1.5883,1.6039,1.5883,1.5961,0,0
AML_PB,D,20160324,000000,1.6039,1.6117,1.5806,1.6117,0,0
AML_PB,D,20160329,000000,1.5806,1.6349,1.5806,1.6349,0,0
AML_PB,D,20160330,000000,1.627,1.6503,1.627,1.6503,0,0
AML_PB,D,20160331,000000,1.6503,1.6658,1.6503,1.6581,0,0
AML_PB,D,20160401,000000,1.6503,1.6503,1.6117,1.627,0,0
AML_PB,D,20160404,000000,1.627,1.6427,1.627,1.6427,0,0
AML_PB,D,20160405,000000,1.6349,1.6349,1.6117,1.6193,0,0
AML_PB,D,20160406,000000,1.627,1.627,1.5418,1.5418,0,0
AML_PB,D,20160407,000000,1.4411,1.5418,1.4411,1.5109,0,0
AML_PB,D,20160408,000000,1.5186,1.5186,1.4799,1.4953,0,0
AML_PB,D,20160411,000000,1.5031,1.5418,1.5031,1.5031,0,0
AML_PB,D,20160412,000000,1.5186,1.5341,1.5031,1.5031,0,0
AML_PB,D,20160413,000000,1.5264,1.5264,1.5031,1.5031,0,0
AML_PB,D,20160414,000000,1.5186,1.5264,1.5031,1.5031,0,0
AML_PB,D,20160415,000000,1.5109,1.5109,1.4721,1.4799,0,0
AML_PB,D,20160418,000000,1.5031,1.5497,1.4953,1.5497,0,0
AML_PB,D,20160419,000000,1.5806,1.5806,1.5651,1.5651,0,0
AML_PB,D,20160420,000000,1.5806,1.5961,1.5806,1.5883,0,0
AML_PB,D,20160421,000000,1.5961,1.5961,1.5497,1.5573,0,0
AML_PB,D,20160422,000000,1.5573,1.5883,1.5573,1.5806,0,0
AML_PB,D,20160425,000000,1.5806,1.5883,1.5573,1.5651,0,0
AML_PB,D,20160426,000000,1.5651,1.5806,1.5573,1.5651,0,0
AML_PB,D,20160427,000000,1.5729,1.5806,1.5729,1.5729,0,0
AML_PB,D,20160428,000000,1.5729,1.5883,1.5729,1.5729,0,0
AML_PB,D,20160429,000000,1.5806,1.5883,1.5806,1.5806,0,0
AML_PB,D,20160502,000000,1.5883,1.5883,1.5806,1.5806,0,0
AML_PB,D,20160504,000000,1.5729,1.5883,1.5573,1.5806,0,0
AML_PB,D,20160505,000000,1.5729,1.5806,1.5651,1.5729,0,0
AML_PB,D,20160506,000000,1.5729,1.5729,1.5573,1.5651,0,0
AML_PB,D,20160509,000000,1.5651,1.5651,1.5497,1.5573,0,0
AML_PB,D,20160510,000000,1.5573,1.5573,1.5341,1.5418,0,0
AML_PB,D,20160511,000000,1.5264,1.5418,1.5186,1.5264,0,0
AML_PB,D,20160512,000000,1.5418,1.5497,1.5186,1.5341,0,0
AML_PB,D,20160513,000000,1.6117,1.6503,1.5961,1.6117,0,0
AML_PB,D,20160516,000000,1.6117,1.6427,1.6039,1.6349,0,0
AML_PB,D,20160517,000000,1.6427,1.6658,1.6427,1.6581,0,0
AML_PB,D,20160518,000000,1.6581,1.6581,1.6349,1.6427,0,0
AML_PB,D,20160519,000000,1.6443,1.6849,1.6443,1.6849,0,0
AML_PB,D,20160520,000000,1.6849,1.7012,1.5628,1.5628,0,0
AML_PB,D,20160523,000000,1.5465,1.571,1.5465,1.5628,0,0
AML_PB,D,20160524,000000,1.5628,1.6198,1.5628,1.6036,0,0
AML_PB,D,20160525,000000,1.6198,1.6768,1.6198,1.6605,0,0
AML_PB,D,20160527,000000,1.6443,1.6686,1.6443,1.6605,0,0
AML_PB,D,20160530,000000,1.6605,1.6605,1.6443,1.6524,0,0
AML_PB,D,20160531,000000,1.6524,1.6605,1.6198,1.6361,0,0
AML_PB,D,20160601,000000,1.6198,1.6198,1.5873,1.5955,0,0
AML_PB,D,20160602,000000,1.6198,1.6524,1.6198,1.6443,0,0
AML_PB,D,20160603,000000,1.6443,1.6605,1.6443,1.6524,0,0
AML_PB,D,20160606,000000,1.6524,1.6768,1.6524,1.6686,0,0
AML_PB,D,20160607,000000,1.6686,1.7093,1.6686,1.7093,0,0
AML_PB,D,20160608,000000,1.6931,1.7012,1.6768,1.6849,0,0
AML_PB,D,20160609,000000,1.6768,1.6931,1.6686,1.6931,0,0
AML_PB,D,20160610,000000,1.6931,1.6931,1.6686,1.6849,0,0
AML_PB,D,20160613,000000,1.6849,1.6849,1.6361,1.6361,0,0
AML_PB,D,20160614,000000,1.6361,1.6605,1.6361,1.6524,0,0
AML_PB,D,20160615,000000,1.6524,1.6768,1.6524,1.6524,0,0
AML_PB,D,20160616,000000,1.6524,1.6524,1.5955,1.6443,0,0
AML_PB,D,20160617,000000,1.6361,1.6443,1.6036,1.6361,0,0
AML_PB,D,20160620,000000,1.6361,1.6605,1.6117,1.6524,0,0
AML_PB,D,20160621,000000,1.6605,1.6768,1.6605,1.6605,0,0
AML_PB,D,20160622,000000,1.6686,1.6931,1.6686,1.6849,0,0
AML_PB,D,20160623,000000,1.6849,1.6931,1.6361,1.6931,0,0
AML_PB,D,20160624,000000,1.571,1.6931,1.571,1.6361,0,0
AML_PB,D,20160627,000000,1.6198,1.628,1.6117,1.6117,0,0
AML_PB,D,20160628,000000,1.6198,1.6443,1.6036,1.6443,0,0
AML_PB,D,20160629,000000,1.6443,1.6605,1.6361,1.6605,0,0
AML_PB,D,20160630,000000,1.6768,1.6849,1.6361,1.6768,0,0
AML_PB,D,20160701,000000,1.6849,1.7501,1.6605,1.7419,0,0
AML_PB,D,20160704,000000,1.7338,1.7338,1.6849,1.7256,0,0
AML_PB,D,20160705,000000,1.7256,1.7419,1.6931,1.6931,0,0
AML_PB,D,20160706,000000,1.6931,1.7419,1.6931,1.7419,0,0
AML_PB,D,20160707,000000,1.7093,1.7419,1.7093,1.7338,0,0
AML_PB,D,20160708,000000,1.7256,1.7256,1.7256,1.7256,0,0
AML_PB,D,20160711,000000,1.7256,1.7256,1.7093,1.7093,0,0
AML_PB,D,20160712,000000,1.7093,1.7093,1.6931,1.6931,0,0
AML_PB,D,20160713,000000,1.6931,1.6931,1.6849,1.6849,0,0
AML_PB,D,20160714,000000,1.6686,1.6931,1.6686,1.6931,0,0
AML_PB,D,20160715,000000,1.6931,1.7093,1.6768,1.6931,0,0
AML_PB,D,20160718,000000,1.6931,1.7175,1.6931,1.7175,0,0
AML_PB,D,20160719,000000,1.7175,1.7256,1.6931,1.7093,0,0
AML_PB,D,20160720,000000,1.7175,1.7256,1.7093,1.7175,0,0
AML_PB,D,20160721,000000,1.7175,1.7256,1.7175,1.7175,0,0
AML_PB,D,20160722,000000,1.7012,1.7664,1.6849,1.7664,0,0
AML_PB,D,20160725,000000,1.7664,1.7989,1.7501,1.7989,0,0
AML_PB,D,20160726,000000,1.7989,1.8477,1.7907,1.8477,0,0
AML_PB,D,20160727,000000,1.8315,1.8884,1.8315,1.8884,0,0
AML_PB,D,20160728,000000,1.8721,1.8802,1.8721,1.8802,0,0
AML_PB,D,20160729,000000,1.8802,1.9129,1.8802,1.9129,0,0
AML_PB,D,20160801,000000,1.9129,1.9536,1.9129,1.9373,0,0
AML_PB,D,20160802,000000,1.9373,1.9617,1.9373,1.9617,0,0
AML_PB,D,20160803,000000,1.9617,1.9617,1.8965,1.9129,0,0
AML_PB,D,20160804,000000,1.8965,1.9047,1.8802,1.8802,0,0
AML_PB,D,20160805,000000,1.864,1.921,1.864,1.9047,0,0
AML_PB,D,20160808,000000,1.921,1.9536,1.9129,1.9536,0,0
AML_PB,D,20160809,000000,1.9536,1.9698,1.9536,1.9536,0,0
AML_PB,D,20160810,000000,1.9536,1.9698,1.9292,1.9698,0,0
AML_PB,D,20160811,000000,1.9698,1.978,1.9617,1.9617,0,0
AML_PB,D,20160812,000000,1.9698,2.0105,1.9698,2.0105,0,0
AML_PB,D,20160816,000000,2.0187,2.0187,1.9698,1.9698,0,0
AML_PB,D,20160817,000000,1.978,2.0024,1.9698,2.0024,0,0
AML_PB,D,20160818,000000,2.0024,2.0187,2.0024,2.0187,0,0
AML_PB,D,20160819,000000,2.0268,2.0268,1.9373,1.9943,0,0
AML_PB,D,20160822,000000,1.9861,1.9861,1.8559,1.9047,0,0
AML_PB,D,20160823,000000,1.8802,1.978,1.8802,1.978,0,0
AML_PB,D,20160824,000000,1.978,2.0268,1.9698,2.0187,0,0
AML_PB,D,20160825,000000,2.0105,2.0187,1.9943,1.9943,0,0
AML_PB,D,20160826,000000,1.978,2.0024,1.978,2.0024,0,0
AML_PB,D,20160829,000000,1.978,2.0024,1.9536,1.9536,0,0
AML_PB,D,20160830,000000,1.9373,1.978,1.9292,1.978,0,0
AML_PB,D,20160831,000000,1.9455,1.9861,1.9455,1.9861,0,0
AML_PB,D,20160901,000000,1.9536,1.9861,1.9292,1.9455,0,0
AML_PB,D,20160902,000000,1.9455,1.978,1.9455,1.9617,0,0
AML_PB,D,20160905,000000,1.9617,1.9617,1.9455,1.9617,0,0
AML_PB,D,20160906,000000,1.9617,1.9617,1.9129,1.9292,0,0
AML_PB,D,20160907,000000,1.9292,1.9617,1.8965,1.921,0,0
AML_PB,D,20160908,000000,1.9292,1.9292,1.8721,1.8884,0,0
AML_PB,D,20160909,000000,1.864,1.8721,1.8234,1.864,0,0
AML_PB,D,20160912,000000,1.8396,1.9373,1.8396,1.9373,0,0
AML_PB,D,20160913,000000,1.9455,1.9617,1.8884,1.9455,0,0
AML_PB,D,20160914,000000,1.921,1.9292,1.921,1.921,0,0
AML_PB,D,20160915,000000,1.921,1.978,1.8965,1.9536,0,0
AML_PB,D,20160916,000000,1.9698,1.9943,1.9698,1.9943,0,0
AML_PB,D,20160919,000000,1.9943,2.0105,1.978,2.0024,0,0
AML_PB,D,20160920,000000,2.0105,2.0431,2.0024,2.0431,0,0
AML_PB,D,20160921,000000,2.0593,2.0675,2.0187,2.035,0,0
AML_PB,D,20160922,000000,2.035,2.035,1.9943,2.0268,0,0
AML_PB,D,20160923,000000,2.0268,2.0675,2.0105,2.0431,0,0
AML_PB,D,20160926,000000,2.0431,2.0431,2.0187,2.0268,0,0
AML_PB,D,20160927,000000,2.0187,2.0675,2.0105,2.0675,0,0
AML_PB,D,20160928,000000,2.0675,2.0675,2.0431,2.0675,0,0
AML_PB,D,20160929,000000,2.0675,2.0756,2.0431,2.0431,0,0
AML_PB,D,20160930,000000,2.0675,2.0838,2.0431,2.0838,0,0
AML_PB,D,20161003,000000,2.1001,2.1001,2.0756,2.0838,0,0
AML_PB,D,20161004,000000,2.0675,2.0675,2.0105,2.035,0,0
AML_PB,D,20161005,000000,2.035,2.035,1.9861,2.0105,0,0
AML_PB,D,20161006,000000,2.0105,2.0105,1.978,1.9943,0,0
AML_PB,D,20161007,000000,2.0187,2.0187,1.9455,1.9455,0,0
AML_PB,D,20161010,000000,1.9455,1.978,1.9373,1.9698,0,0
AML_PB,D,20161011,000000,1.9861,2.0024,1.9617,1.9617,0,0
AML_PB,D,20161012,000000,1.9617,1.9698,1.9455,1.9536,0,0
AML_PB,D,20161013,000000,1.9455,1.9698,1.9292,1.9455,0,0
AML_PB,D,20161014,000000,1.9455,1.9698,1.9292,1.9698,0,0
AML_PB,D,20161017,000000,1.9617,1.9698,1.9455,1.9455,0,0
AML_PB,D,20161018,000000,1.9455,1.9698,1.9373,1.9617,0,0
AML_PB,D,20161019,000000,1.9617,1.9617,1.9292,1.9455,0,0
AML_PB,D,20161020,000000,1.9617,1.9617,1.9373,1.9536,0,0
AML_PB,D,20161021,000000,1.9698,1.9698,1.9373,1.9455,0,0
AML_PB,D,20161024,000000,1.9373,1.9373,1.9129,1.9129,0,0
AML_PB,D,20161025,000000,1.9047,1.9047,1.8477,1.8477,0,0
AML_PB,D,20161026,000000,1.8477,1.8721,1.8396,1.8477,0,0
AML_PB,D,20161027,000000,1.8559,1.8721,1.8315,1.8396,0,0
AML_PB,D,20161028,000000,1.8396,1.8477,1.8396,1.8477,0,0
AML_PB,D,20161031,000000,1.8477,1.9129,1.8477,1.8965,0,0
AML_PB,D,20161102,000000,1.8721,1.9292,1.8721,1.921,0,0
AML_PB,D,20161103,000000,1.921,1.9455,1.8965,1.9373,0,0
AML_PB,D,20161104,000000,1.8721,1.8965,1.7338,1.7338,0,0
AML_PB,D,20161107,000000,1.7338,1.7338,1.7338,1.7338,0,0
AML_PB,D,20161108,000000,1.7338,1.7338,1.7256,1.7256,0,0
AML_PB,D,20161109,000000,1.7256,1.7419,1.6931,1.7419,0,0
AML_PB,D,20161110,000000,1.7501,1.8234,1.7419,1.7826,0,0
AML_PB,D,20161114,000000,1.7989,1.7989,1.7745,1.7745,0,0
AML_PB,D,20161115,000000,1.7745,1.7907,1.7582,1.7907,0,0
AML_PB,D,20161116,000000,1.7907,1.7989,1.7256,1.7256,0,0
AML_PB,D,20161117,000000,1.7338,1.7501,1.7093,1.7093,0,0
AML_PB,D,20161118,000000,1.7093,1.7175,1.6931,1.6931,0,0
AML_PB,D,20161121,000000,1.7093,1.7175,1.6931,1.7093,0,0
AML_PB,D,20161122,000000,1.7093,1.7175,1.6768,1.7093,0,0
AML_PB,D,20161123,000000,1.6931,1.7419,1.6686,1.7419,0,0
AML_PB,D,20161124,000000,1.7175,1.7501,1.7175,1.7419,0,0
AML_PB,D,20161125,000000,1.7419,1.7501,1.7419,1.7501,0,0
AML_PB,D,20161128,000000,1.7419,1.7501,1.6931,1.6931,0,0
AML_PB,D,20161129,000000,1.6931,1.7175,1.6931,1.7175,0,0
AML_PB,D,20161130,000000,1.7093,1.7093,1.6849,1.6931,0,0
AML_PB,D,20161201,000000,1.6849,1.6931,1.6849,1.6931,0,0
AML_PB,D,20161202,000000,1.6849,1.7093,1.6849,1.7093,0,0
AML_PB,D,20161205,000000,1.7012,1.7338,1.7012,1.7338,0,0
AML_PB,D,20161206,000000,1.7419,1.7501,1.7338,1.7419,0,0
AML_PB,D,20161207,000000,1.7256,1.7907,1.7256,1.7501,0,0
AML_PB,D,20161208,000000,1.7745,1.7907,1.7582,1.7745,0,0
AML_PB,D,20161209,000000,1.7907,1.8071,1.7175,1.7826,0,0
AML_PB,D,20161212,000000,1.7826,1.7826,1.7256,1.7256,0,0
AML_PB,D,20161213,000000,1.7256,1.7256,1.7175,1.7175,0,0
AML_PB,D,20161214,000000,1.7175,1.7175,1.7012,1.7012,0,0
AML_PB,D,20161215,000000,1.7012,1.7338,1.7012,1.7012,0,0
AML_PB,D,20161216,000000,1.7012,1.7175,1.7012,1.7093,0,0
AML_PB,D,20161219,000000,1.7012,1.7175,1.6686,1.6931,0,0
AML_PB,D,20161220,000000,1.6849,1.6931,1.6605,1.6931,0,0
AML_PB,D,20161221,000000,1.6686,1.6931,1.6686,1.6931,0,0
AML_PB,D,20161222,000000,1.6849,1.7093,1.6849,1.7093,0,0
AML_PB,D,20161223,000000,1.6931,1.7338,1.6931,1.7338,0,0
AML_PB,D,20161227,000000,1.7093,1.7338,1.7093,1.7338,0,0
AML_PB,D,20161228,000000,1.7338,1.7907,1.7338,1.7745,0,0
AML_PB,D,20161229,000000,1.7907,1.8071,1.7664,1.7989,0,0
AML_PB,D,20161230,000000,1.7989,1.8234,1.7989,1.8234,0,0
AML_PB,D,20170102,000000,1.8315,1.8315,1.7501,1.7501,0,0
AML_PB,D,20170103,000000,1.7745,1.8071,1.7664,1.8071,0,0
AML_PB,D,20170104,000000,1.8152,1.8234,1.7826,1.7826,0,0
AML_PB,D,20170105,000000,1.7826,1.7989,1.7745,1.7826,0,0
AML_PB,D,20170109,000000,1.7989,1.7989,1.7826,1.7907,0,0
AML_PB,D,20170110,000000,1.7989,1.7989,1.7907,1.7907,0,0
AML_PB,D,20170111,000000,1.8071,1.8315,1.7989,1.8234,0,0
AML_PB,D,20170112,000000,1.8315,1.8559,1.8234,1.8477,0,0
AML_PB,D,20170113,000000,1.8477,1.864,1.8477,1.8559,0,0
AML_PB,D,20170116,000000,1.864,1.9129,1.8477,1.8965,0,0
AML_PB,D,20170117,000000,1.9129,1.9129,1.8721,1.8721,0,0
AML_PB,D,20170118,000000,1.8965,1.8965,1.8721,1.8802,0,0
AML_PB,D,20170119,000000,1.8802,1.8802,1.8315,1.8802,0,0
AML_PB,D,20170120,000000,1.8802,1.8965,1.8477,1.8721,0,0
AML_PB,D,20170123,000000,1.8721,1.8802,1.8477,1.8477,0,0
AML_PB,D,20170124,000000,1.8721,1.9129,1.8559,1.8721,0,0
AML_PB,D,20170125,000000,1.8721,1.9698,1.8721,1.9373,0,0
AML_PB,D,20170126,000000,1.9373,1.9698,1.9373,1.9617,0,0
AML_PB,D,20170127,000000,1.9536,1.9698,1.9373,1.9617,0,0
AML_PB,D,20170130,000000,1.9617,1.978,1.9617,1.9698,0,0
AML_PB,D,20170131,000000,1.9698,1.9698,1.9455,1.9617,0,0
AML_PB,D,20170201,000000,1.9617,1.9698,1.9455,1.9698,0,0
AML_PB,D,20170202,000000,1.9698,1.9698,1.921,1.9373,0,0
AML_PB,D,20170203,000000,1.9373,1.9617,1.921,1.9373,0,0
AML_PB,D,20170206,000000,1.9373,1.9617,1.9373,1.9455,0,0
AML_PB,D,20170207,000000,1.9455,1.9455,1.8396,1.8396,0,0
AML_PB,D,20170208,000000,1.8396,1.8559,1.8396,1.8477,0,0
AML_PB,D,20170209,000000,1.8477,1.864,1.8396,1.864,0,0
AML_PB,D,20170210,000000,1.8559,1.8721,1.8315,1.8315,0,0
AML_PB,D,20170213,000000,1.8315,1.8315,1.8152,1.8315,0,0
AML_PB,D,20170214,000000,1.8315,1.8315,1.7989,1.8234,0,0
AML_PB,D,20170215,000000,1.8315,1.8315,1.8071,1.8234,0,0
AML_PB,D,20170216,000000,1.8315,1.8396,1.8315,1.8315,0,0
AML_PB,D,20170217,000000,1.864,1.864,1.8071,1.8071,0,0
AML_PB,D,20170220,000000,1.8071,1.8152,1.8071,1.8071,0,0
AML_PB,D,20170221,000000,1.8071,1.8234,1.7989,1.8152,0,0
AML_PB,D,20170222,000000,1.8234,1.8234,1.8071,1.8152,0,0
AML_PB,D,20170223,000000,1.8234,1.8396,1.8152,1.8396,0,0
AML_PB,D,20170224,000000,1.8396,1.8396,1.7989,1.8152,0,0
AML_PB,D,20170227,000000,1.8152,1.8234,1.7989,1.7989,0,0
AML_PB,D,20170228,000000,1.8152,1.8152,1.7826,1.7907,0,0
AML_PB,D,20170301,000000,1.7826,1.8721,1.7826,1.864,0,0
AML_PB,D,20170302,000000,1.864,1.8721,1.8477,1.8559,0,0
AML_PB,D,20170303,000000,1.8559,1.8559,1.8396,1.8396,0,0
AML_PB,D,20170306,000000,1.8396,1.8396,1.8071,1.8071,0,0
AML_PB,D,20170307,000000,1.8071,1.8152,1.7907,1.7907,0,0
AML_PB,D,20170308,000000,1.7907,1.7907,1.7582,1.7582,0,0
AML_PB,D,20170309,000000,1.7664,1.8071,1.7664,1.7826,0,0
AML_PB,D,20170310,000000,1.7745,1.7907,1.7745,1.7745,0,0
AML_PB,D,20170313,000000,1.7907,1.7907,1.7745,1.7745,0,0
AML_PB,D,20170314,000000,1.7664,1.7826,1.7664,1.7826,0,0
AML_PB,D,20170315,000000,1.7826,1.7826,1.7501,1.7664,0,0
AML_PB,D,20170316,000000,1.7664,1.7745,1.7501,1.7745,0,0
AML_PB,D,20170317,000000,1.7745,1.8152,1.7745,1.8071,0,0
AML_PB,D,20170320,000000,1.8071,1.8071,1.7664,1.7826,0,0
AML_PB,D,20170321,000000,1.7826,1.7907,1.7664,1.7664,0,0
AML_PB,D,20170322,000000,1.7664,1.7826,1.7501,1.7745,0,0
AML_PB,D,20170323,000000,1.7664,1.7826,1.7664,1.7826,0,0
AML_PB,D,20170324,000000,1.7582,1.7826,1.7501,1.7826,0,0
AML_PB,D,20170327,000000,1.7501,1.7826,1.7501,1.7745,0,0
AML_PB,D,20170328,000000,1.7745,1.7745,1.7582,1.7745,0,0
AML_PB,D,20170329,000000,1.7745,1.7826,1.7745,1.7826,0,0
AML_PB,D,20170330,000000,1.7826,1.7989,1.7664,1.7826,0,0
AML_PB,D,20170331,000000,1.7826,1.8152,1.7826,1.8071,0,0
AML_PB,D,20170403,000000,1.8071,1.8071,1.7826,1.7826,0,0
AML_PB,D,20170404,000000,1.7745,1.8802,1.7745,1.8477,0,0
AML_PB,D,20170405,000000,1.864,1.864,1.8234,1.8234,0,0
AML_PB,D,20170406,000000,1.8234,1.864,1.6198,1.6198,0,0
AML_PB,D,20170407,000000,1.628,1.6605,1.6198,1.6524,0,0
AML_PB,D,20170410,000000,1.6605,1.6605,1.6605,1.6605,0,0
AML_PB,D,20170411,000000,1.6605,1.6605,1.6443,1.6443,0,0
AML_PB,D,20170412,000000,1.6524,1.6524,1.6443,1.6443,0,0
AML_PB,D,20170413,000000,1.6443,1.6524,1.628,1.6361,0,0
AML_PB,D,20170418,000000,1.6524,1.6524,1.6443,1.6524,0,0
AML_PB,D,20170419,000000,1.6443,1.6524,1.6443,1.6524,0,0
AML_PB,D,20170420,000000,1.6524,1.6768,1.6443,1.6768,0,0
AML_PB,D,20170421,000000,1.6768,1.6768,1.6605,1.6768,0,0
AML_PB,D,20170424,000000,1.6768,1.6768,1.6686,1.6686,0,0
AML_PB,D,20170425,000000,1.6686,1.6768,1.6686,1.6768,0,0
AML_PB,D,20170426,000000,1.6849,1.6849,1.628,1.6443,0,0
AML_PB,D,20170427,000000,1.6524,1.6768,1.6524,1.6686,0,0
AML_PB,D,20170428,000000,1.6768,1.6849,1.6768,1.6849,0,0
AML_PB,D,20170502,000000,1.6849,1.7093,1.6686,1.7093,0,0
AML_PB,D,20170504,000000,1.7093,1.7338,1.7012,1.7338,0,0
AML_PB,D,20170505,000000,1.7338,1.7338,1.7093,1.7338,0,0
AML_PB,D,20170508,000000,1.7338,1.7338,1.7256,1.7338,0,0
AML_PB,D,20170509,000000,1.7338,1.7664,1.7338,1.7582,0,0
AML_PB,D,20170510,000000,1.7664,1.7664,1.7256,1.7338,0,0
AML_PB,D,20170511,000000,1.7338,1.7419,1.7093,1.7256,0,0
AML_PB,D,20170512,000000,1.7256,1.7419,1.7093,1.7419,0,0
AML_PB,D,20170515,000000,1.7419,1.7419,1.7256,1.7419,0,0
AML_PB,D,20170516,000000,1.628,1.6931,1.628,1.6361,0,0
AML_PB,D,20170517,000000,1.6361,1.6605,1.6361,1.6361,0,0
AML_PB,D,20170518,000000,1.628,1.6524,1.628,1.6524,0,0
AML_PB,D,20170519,000000,1.6361,1.6605,1.6361,1.6524,0,0
AML_PB,D,20170522,000000,1.6605,1.6605,1.6524,1.6605,0,0
AML_PB,D,20170523,000000,1.6869,1.6869,1.6699,1.6869,0,0
AML_PB,D,20170524,000000,1.6784,1.6784,1.6784,1.6784,0,0
AML_PB,D,20170525,000000,1.6784,1.6784,1.6699,1.6699,0,0
AML_PB,D,20170526,000000,1.6699,1.6784,1.6614,1.6699,0,0
AML_PB,D,20170529,000000,1.6699,1.6699,1.6614,1.6614,0,0
AML_PB,D,20170530,000000,1.6614,1.6614,1.6444,1.6614,0,0
AML_PB,D,20170531,000000,1.6614,1.6699,1.6444,1.6699,0,0
AML_PB,D,20170601,000000,1.6699,1.6699,1.6614,1.6699,0,0
AML_PB,D,20170602,000000,1.6699,1.6699,1.6614,1.6699,0,0
AML_PB,D,20170605,000000,1.6699,1.6699,1.6444,1.6444,0,0
AML_PB,D,20170606,000000,1.6444,1.6444,1.6358,1.6444,0,0
AML_PB,D,20170607,000000,1.6358,1.6358,1.6103,1.6273,0,0
AML_PB,D,20170608,000000,1.6188,1.6444,1.6188,1.6444,0,0
AML_PB,D,20170609,000000,1.6188,1.6444,1.6188,1.6444,0,0
AML_PB,D,20170612,000000,1.6444,1.6444,1.6358,1.6444,0,0
AML_PB,D,20170613,000000,1.6699,1.6699,1.6444,1.6699,0,0
AML_PB,D,20170614,000000,1.6699,1.6699,1.6444,1.6444,0,0
AML_PB,D,20170616,000000,1.6444,1.6614,1.5847,1.5847,0,0
AML_PB,D,20170619,000000,1.5932,1.6188,1.5932,1.6188,0,0
AML_PB,D,20170620,000000,1.6188,1.6358,1.6188,1.6273,0,0
AML_PB,D,20170621,000000,1.6273,1.6273,1.6103,1.6188,0,0
AML_PB,D,20170622,000000,1.6358,1.6358,1.6018,1.6103,0,0
AML_PB,D,20170623,000000,1.6103,1.6358,1.6103,1.6358,0,0
AML_PB,D,20170626,000000,1.6358,1.6444,1.6188,1.6444,0,0
AML_PB,D,20170627,000000,1.6358,1.6358,1.6188,1.6358,0,0
AML_PB,D,20170628,000000,1.6358,1.6614,1.6188,1.6614,0,0
AML_PB,D,20170629,000000,1.6528,1.6614,1.6358,1.6614,0,0
AML_PB,D,20170630,000000,1.6614,1.6614,1.6444,1.6614,0,0
AML_PB,D,20170703,000000,1.6614,1.6614,1.6358,1.6444,0,0
AML_PB,D,20170704,000000,1.6358,1.6358,1.6103,1.6103,0,0
AML_PB,D,20170705,000000,1.6018,1.6188,1.6018,1.6018,0,0
AML_PB,D,20170706,000000,1.6103,1.6103,1.5932,1.6018,0,0
AML_PB,D,20170707,000000,1.6018,1.6018,1.5932,1.5932,0,0
AML_PB,D,20170710,000000,1.5847,1.6018,1.5847,1.5932,0,0
AML_PB,D,20170711,000000,1.5932,1.5932,1.5847,1.5847,0,0
AML_PB,D,20170712,000000,1.5847,1.5847,1.5677,1.5677,0,0
AML_PB,D,20170713,000000,1.5677,1.5762,1.5421,1.5762,0,0
AML_PB,D,20170714,000000,1.5762,1.5762,1.5591,1.5677,0,0
AML_PB,D,20170717,000000,1.525,1.525,1.3291,1.3291,0,0
AML_PB,D,20170718,000000,1.3632,1.3802,1.3291,1.3291,0,0
AML_PB,D,20170719,000000,1.3377,1.3377,1.3206,1.3377,0,0
AML_PB,D,20170720,000000,1.3377,1.3377,1.3036,1.3121,0,0
AML_PB,D,20170721,000000,1.3121,1.3121,1.2695,1.278,0,0
AML_PB,D,20170724,000000,1.278,1.278,1.2439,1.2524,0,0
AML_PB,D,20170725,000000,1.2524,1.2609,1.2439,1.2439,0,0
AML_PB,D,20170726,000000,1.2524,1.278,1.2524,1.278,0,0
AML_PB,D,20170727,000000,1.2865,1.2865,1.2609,1.2609,0,0
AML_PB,D,20170728,000000,1.2609,1.2695,1.2439,1.2609,0,0
AML_PB,D,20170731,000000,1.2609,1.2609,1.2013,1.2013,0,0
AML_PB,D,20170801,000000,1.2013,1.2268,1.2013,1.2268,0,0
AML_PB,D,20170802,000000,1.2439,1.2524,1.2439,1.2439,0,0
AML_PB,D,20170803,000000,1.2524,1.295,1.2524,1.295,0,0
AML_PB,D,20170804,000000,1.295,1.3036,1.295,1.295,0,0
AML_PB,D,20170807,000000,1.295,1.3121,1.295,1.3036,0,0
AML_PB,D,20170808,000000,1.3121,1.3206,1.3121,1.3121,0,0
AML_PB,D,20170809,000000,1.3121,1.3206,1.295,1.3121,0,0
AML_PB,D,20170810,000000,1.3121,1.3206,1.3036,1.3121,0,0
AML_PB,D,20170811,000000,1.3036,1.3121,1.3036,1.3121,0,0
AML_PB,D,20170814,000000,1.3121,1.3206,1.3121,1.3121,0,0
AML_PB,D,20170816,000000,1.3206,1.3206,1.3121,1.3121,0,0
AML_PB,D,20170817,000000,1.3121,1.3121,1.3121,1.3121,0,0
AML_PB,D,20170818,000000,1.3121,1.3121,1.3036,1.3121,0,0
AML_PB,D,20170821,000000,1.3121,1.3121,1.3121,1.3121,0,0
AML_PB,D,20170822,000000,1.3036,1.4058,1.3036,1.4058,0,0
AML_PB,D,20170823,000000,1.4143,1.4228,1.3888,1.3888,0,0
AML_PB,D,20170824,000000,1.3888,1.3973,1.3888,1.3888,0,0
AML_PB,D,20170825,000000,1.3888,1.3888,1.3888,1.3888,0,0
AML_PB,D,20170828,000000,1.3888,1.3973,1.3888,1.3888,0,0
AML_PB,D,20170829,000000,1.3888,1.3888,1.3802,1.3802,0,0
AML_PB,D,20170830,000000,1.3802,1.3973,1.3802,1.3888,0,0
AML_PB,D,20170831,000000,1.3888,1.3973,1.3802,1.3888,0,0
AML_PB,D,20170901,000000,1.3888,1.3888,1.3632,1.3632,0,0
AML_PB,D,20170904,000000,1.3632,1.3632,1.3547,1.3547,0,0
AML_PB,D,20170905,000000,1.3377,1.3632,1.3377,1.3632,0,0
AML_PB,D,20170906,000000,1.3632,1.3802,1.3547,1.3632,0,0
AML_PB,D,20170907,000000,1.3632,1.3632,1.3461,1.3632,0,0
AML_PB,D,20170908,000000,1.3632,1.3632,1.3461,1.3632,0,0
AML_PB,D,20170911,000000,1.3632,1.3632,1.3461,1.3461,0,0
AML_PB,D,20170912,000000,1.3461,1.3461,1.3377,1.3461,0,0
AML_PB,D,20170913,000000,1.3461,1.3547,1.3461,1.3547,0,0
AML_PB,D,20170914,000000,1.3547,1.3547,1.3291,1.3291,0,0
AML_PB,D,20170915,000000,1.3377,1.3461,1.3291,1.3291,0,0
AML_PB,D,20170918,000000,1.3377,1.3632,1.3291,1.3547,0,0
AML_PB,D,20170919,000000,1.3461,1.4228,1.3461,1.4228,0,0
AML_PB,D,20170920,000000,1.4143,1.4143,1.4143,1.4143,0,0
AML_PB,D,20170921,000000,1.4143,1.4739,1.4143,1.4569,0,0
AML_PB,D,20170922,000000,1.4569,1.4739,1.4314,1.4398,0,0
AML_PB,D,20170925,000000,1.4398,1.4398,1.4058,1.4143,0,0
AML_PB,D,20170926,000000,1.4058,1.4143,1.3802,1.3802,0,0
AML_PB,D,20170927,000000,1.3888,1.3888,1.3547,1.3718,0,0
AML_PB,D,20170928,000000,1.3718,1.3718,1.3718,1.3718,0,0
AML_PB,D,20170929,000000,1.4314,1.4314,1.4314,1.4314,0,0
AML_PB,D,20171002,000000,1.4314,1.4484,1.4314,1.4484,0,0
AML_PB,D,20171003,000000,1.4569,1.4569,1.4143,1.4143,0,0
AML_PB,D,20171004,000000,1.4228,1.4569,1.4058,1.4058,0,0
AML_PB,D,20171005,000000,1.4058,1.4143,1.3973,1.3973,0,0
AML_PB,D,20171006,000000,1.4143,1.4143,1.4058,1.4143,0,0
AML_PB,D,20171009,000000,1.4143,1.4484,1.4143,1.4398,0,0
AML_PB,D,20171010,000000,1.4484,1.4654,1.4484,1.4484,0,0
AML_PB,D,20171011,000000,1.4569,1.491,1.4569,1.491,0,0
AML_PB,D,20171012,000000,1.4995,1.525,1.491,1.5166,0,0
AML_PB,D,20171013,000000,1.508,1.5166,1.508,1.5166,0,0
AML_PB,D,20171016,000000,1.4995,1.5166,1.491,1.491,0,0
AML_PB,D,20171017,000000,1.4825,1.4995,1.4484,1.4825,0,0
AML_PB,D,20171018,000000,1.4739,1.4739,1.4398,1.4569,0,0
AML_PB,D,20171019,000000,1.4569,1.4569,1.4398,1.4398,0,0
AML_PB,D,20171020,000000,1.4398,1.4739,1.4314,1.4484,0,0
AML_PB,D,20171023,000000,1.4569,1.4569,1.4143,1.4228,0,0
AML_PB,D,20171024,000000,1.4228,1.4314,1.4058,1.4058,0,0
AML_PB,D,20171025,000000,1.3973,1.3973,1.3802,1.3888,0,0
AML_PB,D,20171026,000000,1.3802,1.3888,1.3802,1.3802,0,0
AML_PB,D,20171027,000000,1.3802,1.4314,1.3802,1.4314,0,0
AML_PB,D,20171030,000000,1.4314,1.4739,1.4143,1.4654,0,0
AML_PB,D,20171031,000000,1.4569,1.4739,1.4484,1.4739,0,0
AML_PB,D,20171102,000000,1.4654,1.4654,1.4484,1.4654,0,0
AML_PB,D,20171103,000000,1.4654,1.4654,1.4314,1.4484,0,0
AML_PB,D,20171106,000000,1.4654,1.4654,1.4484,1.4569,0,0
AML_PB,D,20171107,000000,1.4484,1.4484,1.4314,1.4314,0,0
AML_PB,D,20171108,000000,1.4228,1.4314,1.3888,1.3973,0,0
AML_PB,D,20171109,000000,1.3888,1.4058,1.3802,1.3802,0,0
AML_PB,D,20171110,000000,1.3973,1.3973,1.3547,1.3632,0,0
AML_PB,D,20171113,000000,1.3632,1.3632,1.3377,1.3461,0,0
AML_PB,D,20171114,000000,1.3461,1.3632,1.3377,1.3632,0,0
AML_PB,D,20171115,000000,1.3973,1.3973,1.3461,1.3632,0,0
AML_PB,D,20171116,000000,1.3632,1.3888,1.3461,1.3547,0,0
AML_PB,D,20171117,000000,1.3377,1.4825,1.3377,1.4314,0,0
AML_PB,D,20171120,000000,1.4228,1.4995,1.4228,1.4825,0,0
AML_PB,D,20171121,000000,1.4825,1.4825,1.4398,1.4654,0,0
AML_PB,D,20171122,000000,1.4654,1.4654,1.4143,1.4484,0,0
AML_PB,D,20171123,000000,1.4484,1.4484,1.4314,1.4398,0,0
AML_PB,D,20171124,000000,1.4398,1.4398,1.4314,1.4398,0,0
AML_PB,D,20171127,000000,1.4398,1.4398,1.4143,1.4228,0,0
AML_PB,D,20171128,000000,1.4228,1.4314,1.4143,1.4228,0,0
AML_PB,D,20171129,000000,1.4228,1.4228,1.4143,1.4228,0,0
AML_PB,D,20171130,000000,1.4228,1.4228,1.3973,1.4228,0,0
AML_PB,D,20171201,000000,1.4228,1.4228,1.3973,1.4228,0,0
AML_PB,D,20171204,000000,1.4228,1.4484,1.4143,1.4484,0,0
AML_PB,D,20171205,000000,1.4484,1.4484,1.4228,1.4398,0,0
AML_PB,D,20171206,000000,1.4228,1.4314,1.4228,1.4228,0,0
AML_PB,D,20171207,000000,1.4228,1.4314,1.4143,1.4228,0,0
AML_PB,D,20171208,000000,1.4314,1.4314,1.4143,1.4143,0,0
AML_PB,D,20171211,000000,1.4143,1.4228,1.4058,1.4228,0,0
AML_PB,D,20171212,000000,1.4228,1.4228,1.4143,1.4143,0,0
AML_PB,D,20171213,000000,1.4143,1.4314,1.4143,1.4228,0,0
AML_PB,D,20171214,000000,1.4398,1.4398,1.4228,1.4398,0,0
AML_PB,D,20171215,000000,1.4228,1.4484,1.4228,1.4398,0,0
AML_PB,D,20171218,000000,1.4484,1.4484,1.4398,1.4398,0,0
AML_PB,D,20171219,000000,1.4398,1.4569,1.4398,1.4398,0,0
AML_PB,D,20171220,000000,1.4398,1.4569,1.4314,1.4569,0,0
AML_PB,D,20171221,000000,1.4484,1.4654,1.4398,1.4398,0,0
AML_PB,D,20171222,000000,1.4398,1.4569,1.4314,1.4398,0,0
AML_PB,D,20171227,000000,1.4398,1.4398,1.4143,1.4398,0,0
AML_PB,D,20171228,000000,1.4398,1.4654,1.4314,1.4654,0,0
AML_PB,D,20171229,000000,1.4654,1.4825,1.4569,1.4825,0,0
AML_PB,D,20180103,000000,1.508,1.525,1.4825,1.5166,0,0
AML_PB,D,20180104,000000,1.5166,1.5166,1.491,1.4995,0,0
AML_PB,D,20180105,000000,1.508,1.5166,1.4654,1.4654,0,0
AML_PB,D,20180108,000000,1.4654,1.4739,1.4569,1.4739,0,0
AML_PB,D,20180109,000000,1.4739,1.4739,1.4654,1.4739,0,0
AML_PB,D,20180110,000000,1.4739,1.4739,1.4569,1.4569,0,0
AML_PB,D,20180111,000000,1.4739,1.4739,1.4569,1.4654,0,0
AML_PB,D,20180112,000000,1.4654,1.4739,1.4569,1.4739,0,0
AML_PB,D,20180115,000000,1.4739,1.4739,1.4569,1.4654,0,0
AML_PB,D,20180116,000000,1.4654,1.491,1.4654,1.491,0,0
AML_PB,D,20180117,000000,1.491,1.491,1.4825,1.491,0,0
AML_PB,D,20180118,000000,1.4995,1.4995,1.4739,1.491,0,0
AML_PB,D,20180119,000000,1.4995,1.4995,1.491,1.491,0,0
AML_PB,D,20180122,000000,1.4995,1.5421,1.491,1.5336,0,0
AML_PB,D,20180123,000000,1.5336,1.5591,1.5336,1.5591,0,0
AML_PB,D,20180124,000000,1.5507,1.5677,1.5421,1.5677,0,0
AML_PB,D,20180125,000000,1.5591,1.5591,1.525,1.5591,0,0
AML_PB,D,20180126,000000,1.5507,1.5591,1.5336,1.5591,0,0
AML_PB,D,20180129,000000,1.5507,1.5762,1.5507,1.5677,0,0
AML_PB,D,20180130,000000,1.5677,1.5677,1.5336,1.5507,0,0
AML_PB,D,20180131,000000,1.5507,1.5591,1.5421,1.5591,0,0
AML_PB,D,20180201,000000,1.5591,1.5677,1.5421,1.5507,0,0
AML_PB,D,20180202,000000,1.5507,1.5677,1.525,1.5507,0,0
AML_PB,D,20180205,000000,1.525,1.5336,1.508,1.5336,0,0
AML_PB,D,20180206,000000,1.508,1.525,1.491,1.525,0,0
AML_PB,D,20180207,000000,1.508,1.525,1.508,1.525,0,0
AML_PB,D,20180208,000000,1.525,1.525,1.4569,1.4569,0,0
AML_PB,D,20180209,000000,1.4569,1.4739,1.4398,1.4569,0,0
AML_PB,D,20180212,000000,1.4484,1.5166,1.4484,1.5166,0,0
AML_PB,D,20180213,000000,1.5166,1.5762,1.5166,1.5677,0,0
AML_PB,D,20180214,000000,1.5762,1.6018,1.5677,1.6018,0,0
AML_PB,D,20180215,000000,1.6018,1.6018,1.5677,1.5677,0,0
AML_PB,D,20180216,000000,1.5677,1.5762,1.5591,1.5677,0,0
AML_PB,D,20180219,000000,1.5677,1.5677,1.5507,1.5507,0,0
AML_PB,D,20180220,000000,1.5507,1.5591,1.4825,1.508,0,0
AML_PB,D,20180221,000000,1.4995,1.508,1.4484,1.4484,0,0
AML_PB,D,20180222,000000,1.4484,1.4739,1.4484,1.4654,0,0
AML_PB,D,20180223,000000,1.4569,1.4739,1.4314,1.4569,0,0
AML_PB,D,20180226,000000,1.4569,1.4654,1.4228,1.4484,0,0
AML_PB,D,20180227,000000,1.4484,1.4484,1.4314,1.4314,0,0
AML_PB,D,20180228,000000,1.4484,1.4484,1.4228,1.4228,0,0
AML_PB,D,20180301,000000,1.4143,1.4314,1.3973,1.4228,0,0
AML_PB,D,20180302,000000,1.4058,1.4569,1.4058,1.4569,0,0
AML_PB,D,20180305,000000,1.4484,1.4739,1.4484,1.4654,0,0
AML_PB,D,20180306,000000,1.4398,1.4654,1.4228,1.4398,0,0
AML_PB,D,20180307,000000,1.4228,1.4569,1.4228,1.4569,0,0
AML_PB,D,20180308,000000,1.4569,1.4569,1.4228,1.4398,0,0
AML_PB,D,20180309,000000,1.4228,1.4825,1.4143,1.4739,0,0
AML_PB,D,20180312,000000,1.4569,1.4569,1.4228,1.4569,0,0
AML_PB,D,20180313,000000,1.4314,1.4398,1.4314,1.4314,0,0
AML_PB,D,20180314,000000,1.4314,1.4569,1.4314,1.4569,0,0
AML_PB,D,20180315,000000,1.4398,1.4398,1.4398,1.4398,0,0
AML_PB,D,20180316,000000,1.4398,1.491,1.4314,1.491,0,0
AML_PB,D,20180319,000000,1.4825,1.4825,1.4825,1.4825,0,0
AML_PB,D,20180320,000000,1.4569,1.4825,1.4484,1.4825,0,0
AML_PB,D,20180321,000000,1.4825,1.491,1.4484,1.491,0,0
AML_PB,D,20180322,000000,1.4654,1.4739,1.4398,1.4398,0,0
AML_PB,D,20180323,000000,1.4398,1.4569,1.4398,1.4569,0,0
AML_PB,D,20180326,000000,1.4569,1.4825,1.4569,1.4825,0,0
AML_PB,D,20180327,000000,1.4654,1.508,1.4654,1.491,0,0
AML_PB,D,20180328,000000,1.4995,1.508,1.4654,1.508,0,0
AML_PB,D,20180329,000000,1.508,1.5336,1.491,1.508,0,0
AML_PB,D,20180403,000000,1.508,1.508,1.4825,1.508,0,0
AML_PB,D,20180404,000000,1.508,1.508,1.4739,1.4739,0,0
AML_PB,D,20180405,000000,1.4825,1.4825,1.4654,1.4825,0,0
AML_PB,D,20180406,000000,1.4825,1.4825,1.4825,1.4825,0,0
AML_PB,D,20180409,000000,1.4825,1.5336,1.4825,1.5336,0,0
AML_PB,D,20180410,000000,1.5336,1.5507,1.4654,1.4654,0,0
AML_PB,D,20180411,000000,1.4654,1.4739,1.4314,1.4654,0,0
AML_PB,D,20180412,000000,1.4398,1.4484,1.4398,1.4398,0,0
AML_PB,D,20180413,000000,1.4484,1.4484,1.4143,1.4398,0,0
AML_PB,D,20180416,000000,1.4398,1.4654,1.4228,1.4654,0,0
AML_PB,D,20180417,000000,1.4398,1.4739,1.4398,1.4398,0,0
AML_PB,D,20180418,000000,1.4569,1.4569,1.4398,1.4398,0,0
AML_PB,D,20180419,000000,1.4398,1.4569,1.4143,1.4484,0,0
AML_PB,D,20180420,000000,1.4569,1.4569,1.4143,1.4398,0,0
AML_PB,D,20180423,000000,1.4398,1.4654,1.4143,1.4654,0,0
AML_PB,D,20180424,000000,1.4569,1.491,1.4398,1.4654,0,0
AML_PB,D,20180425,000000,1.4569,1.491,1.4569,1.4569,0,0
AML_PB,D,20180426,000000,1.4569,1.4569,1.4314,1.4314,0,0
AML_PB,D,20180427,000000,1.4569,1.4569,1.4314,1.4314,0,0
AML_PB,D,20180430,000000,1.4484,1.4569,1.3888,1.4058,0,0
AML_PB,D,20180502,000000,1.4143,1.4314,1.4143,1.4314,0,0
AML_PB,D,20180504,000000,1.4314,1.4314,1.4228,1.4314,0,0
AML_PB,D,20180507,000000,1.4398,1.4398,1.4228,1.4228,0,0
AML_PB,D,20180508,000000,1.4398,1.4398,1.3973,1.4314,0,0
AML_PB,D,20180509,000000,1.4058,1.4739,1.4058,1.4654,0,0
AML_PB,D,20180510,000000,1.4398,1.508,1.4398,1.491,0,0
AML_PB,D,20180511,000000,1.491,1.5166,1.4739,1.5166,0,0
AML_PB,D,20180514,000000,1.5166,1.5166,1.491,1.491,0,0
AML_PB,D,20180515,000000,1.491,1.5166,1.4739,1.508,0,0
AML_PB,D,20180516,000000,1.508,1.508,1.4825,1.4995,0,0
AML_PB,D,20180517,000000,1.4995,1.4995,1.4995,1.4995,0,0
AML_PB,D,20180518,000000,1.4995,1.4995,1.4398,1.4995,0,0
AML_PB,D,20180521,000000,1.4739,1.4825,1.4739,1.4825,0,0
AML_PB,D,20180522,000000,1.4825,1.491,1.4825,1.491,0,0
AML_PB,D,20180523,000000,1.4739,1.4739,1.3802,1.3802,0,0
AML_PB,D,20180524,000000,1.4058,1.4058,1.3802,1.4058,0,0
AML_PB,D,20180525,000000,1.4143,1.4143,1.3802,1.3802,0,0
AML_PB,D,20180528,000000,1.3802,1.3973,1.3802,1.3973,0,0
AML_PB,D,20180529,000000,1.3973,1.3973,1.3632,1.3888,0,0
AML_PB,D,20180530,000000,1.3802,1.3802,1.3802,1.3802,0,0
AML_PB,D,20180601,000000,1.3718,1.3718,1.3632,1.3632,0,0
AML_PB,D,20180604,000000,1.3632,1.3718,1.3632,1.3718,0,0
AML_PB,D,20180605,000000,1.3718,1.3718,1.3547,1.3632,0,0
AML_PB,D,20180606,000000,1.3762,1.3942,1.3762,1.3762,0,0
AML_PB,D,20180607,000000,1.3673,1.4032,1.3673,1.3942,0,0
AML_PB,D,20180608,000000,1.3942,1.3942,1.3762,1.3762,0,0
AML_PB,D,20180611,000000,1.3762,1.3762,1.3673,1.3673,0,0
AML_PB,D,20180612,000000,1.3762,1.3942,1.2953,1.3942,0,0
AML_PB,D,20180613,000000,1.4032,1.4032,1.3673,1.3942,0,0
AML_PB,D,20180614,000000,1.3762,1.3762,1.3762,1.3762,0,0
AML_PB,D,20180615,000000,1.3493,1.3762,1.3493,1.3762,0,0
AML_PB,D,20180618,000000,1.3493,1.3493,1.2863,1.3133,0,0
AML_PB,D,20180619,000000,1.3043,1.3043,1.2503,1.2683,0,0
AML_PB,D,20180620,000000,1.2683,1.2683,1.2233,1.2503,0,0
AML_PB,D,20180621,000000,1.2143,1.2323,1.2143,1.2233,0,0
AML_PB,D,20180622,000000,1.2233,1.2593,1.2053,1.2593,0,0
AML_PB,D,20180625,000000,1.2233,1.3313,1.2143,1.3313,0,0
AML_PB,D,20180626,000000,1.2683,1.2773,1.2503,1.2593,0,0
AML_PB,D,20180627,000000,1.2413,1.2863,1.2413,1.2593,0,0
AML_PB,D,20180628,000000,1.2503,1.2593,1.2413,1.2503,0,0
AML_PB,D,20180629,000000,1.2503,1.2593,1.2323,1.2503,0,0
AML_PB,D,20180702,000000,1.2323,1.2323,1.2233,1.2233,0,0
AML_PB,D,20180703,000000,1.2233,1.2413,1.2233,1.2413,0,0
AML_PB,D,20180704,000000,1.2413,1.2413,1.2233,1.2323,0,0
AML_PB,D,20180705,000000,1.2323,1.2413,1.2233,1.2323,0,0
AML_PB,D,20180706,000000,1.2413,1.2413,1.2233,1.2323,0,0
AML_PB,D,20180709,000000,1.2413,1.2413,1.2233,1.2233,0,0
AML_PB,D,20180710,000000,1.2233,1.2233,1.2143,1.2143,0,0
AML_PB,D,20180711,000000,1.2143,1.2233,1.1874,1.1874,0,0
AML_PB,D,20180712,000000,1.1874,1.2233,1.1874,1.2233,0,0
AML_PB,D,20180713,000000,1.1963,1.2053,1.1874,1.2053,0,0
AML_PB,D,20180716,000000,1.2053,1.2053,1.1963,1.2053,0,0
AML_PB,D,20180717,000000,1.2503,1.2503,1.2323,1.2323,0,0
AML_PB,D,20180718,000000,1.2503,1.2503,1.2323,1.2323,0,0
AML_PB,D,20180719,000000,1.2233,1.2503,1.2053,1.2503,0,0
AML_PB,D,20180720,000000,1.2593,1.2593,1.2593,1.2593,0,0
AML_PB,D,20180723,000000,1.2503,1.2503,1.2233,1.2413,0,0
AML_PB,D,20180724,000000,1.2233,1.2503,1.2233,1.2503,0,0
AML_PB,D,20180725,000000,1.2413,1.2413,1.2413,1.2413,0,0
AML_PB,D,20180726,000000,1.2323,1.2593,1.2323,1.2323,0,0
AML_PB,D,20180727,000000,1.2323,1.2323,1.2323,1.2323,0,0
AML_PB,D,20180730,000000,1.2503,1.2503,1.2323,1.2323,0,0
AML_PB,D,20180731,000000,1.2503,1.2773,1.2503,1.2773,0,0
AML_PB,D,20180801,000000,1.2773,1.2953,1.2773,1.2863,0,0
AML_PB,D,20180802,000000,1.2773,1.2863,1.2683,1.2773,0,0
AML_PB,D,20180803,000000,1.2773,1.2773,1.2683,1.2683,0,0
AML_PB,D,20180806,000000,1.2773,1.2773,1.2683,1.2773,0,0
AML_PB,D,20180807,000000,1.2593,1.2773,1.2593,1.2683,0,0
AML_PB,D,20180808,000000,1.2683,1.2683,1.2503,1.2503,0,0
AML_PB,D,20180809,000000,1.2773,1.2863,1.2683,1.2863,0,0
AML_PB,D,20180810,000000,1.2863,1.2863,1.2683,1.2683,0,0
AML_PB,D,20180813,000000,1.2683,1.2953,1.2683,1.2953,0,0
AML_PB,D,20180814,000000,1.2953,1.3043,1.2953,1.2953,0,0
AML_PB,D,20180816,000000,1.2953,1.3043,1.2683,1.2953,0,0
AML_PB,D,20180817,000000,1.2683,1.2953,1.2233,1.2863,0,0
AML_PB,D,20180820,000000,1.2953,1.2953,1.2773,1.2953,0,0
AML_PB,D,20180821,000000,1.2593,1.3043,1.2593,1.2953,0,0
AML_PB,D,20180822,000000,1.3313,1.3942,1.3313,1.3942,0,0
AML_PB,D,20180823,000000,1.3942,1.3942,1.3852,1.3942,0,0
AML_PB,D,20180824,000000,1.3942,1.3942,1.3852,1.3942,0,0
AML_PB,D,20180827,000000,1.3942,1.3942,1.3583,1.3673,0,0
AML_PB,D,20180828,000000,1.3673,1.3673,1.3673,1.3673,0,0
AML_PB,D,20180829,000000,1.3673,1.3673,1.3583,1.3673,0,0
AML_PB,D,20180830,000000,1.3673,1.3673,1.3583,1.3583,0,0
AML_PB,D,20180831,000000,1.3583,1.3583,1.3583,1.3583,0,0
AML_PB,D,20180903,000000,1.3583,1.3583,1.3133,1.3223,0,0
AML_PB,D,20180904,000000,1.3223,1.3223,1.2773,1.2773,0,0
AML_PB,D,20180905,000000,1.2773,1.2773,1.2683,1.2683,0,0
AML_PB,D,20180906,000000,1.3043,1.3043,1.1784,1.2503,0,0
AML_PB,D,20180907,000000,1.2053,1.2413,1.1963,1.2323,0,0
AML_PB,D,20180910,000000,1.2323,1.2323,1.2053,1.2053,0,0
AML_PB,D,20180911,000000,1.2233,1.2233,1.1874,1.1874,0,0
AML_PB,D,20180912,000000,1.1963,1.2143,1.1963,1.2053,0,0
AML_PB,D,20180913,000000,1.2143,1.2593,1.2053,1.2053,0,0
AML_PB,D,20180914,000000,1.2053,1.2143,1.1874,1.2053,0,0
AML_PB,D,20180917,000000,1.2053,1.2233,1.1963,1.2053,0,0
AML_PB,D,20180918,000000,1.2053,1.2143,1.2053,1.2143,0,0
AML_PB,D,20180919,000000,1.2143,1.2593,1.2053,1.2053,0,0
AML_PB,D,20180920,000000,1.2143,1.2413,1.2053,1.2053,0,0
AML_PB,D,20180921,000000,1.2233,1.2773,1.2233,1.2773,0,0
AML_PB,D,20180924,000000,1.2773,1.2773,1.2143,1.2233,0,0
AML_PB,D,20180925,000000,1.2053,1.2323,1.2053,1.2053,0,0
AML_PB,D,20180926,000000,1.2143,1.2323,1.2053,1.2323,0,0
AML_PB,D,20180927,000000,1.2323,1.2413,1.2143,1.2413,0,0
AML_PB,D,20180928,000000,1.2323,1.2503,1.2143,1.2143,0,0
AML_PB,D,20181001,000000,1.2323,1.2413,1.2233,1.2233,0,0
AML_PB,D,20181002,000000,1.2233,1.2233,1.2233,1.2233,0,0
AML_PB,D,20181003,000000,1.2143,1.2323,1.2053,1.2053,0,0
AML_PB,D,20181004,000000,1.2233,1.2233,1.1963,1.1963,0,0
AML_PB,D,20181005,000000,1.1963,1.2053,1.1963,1.1963,0,0
AML_PB,D,20181008,000000,1.2053,1.2053,1.2053,1.2053,0,0
AML_PB,D,20181009,000000,1.2053,1.2323,1.2053,1.2323,0,0
AML_PB,D,20181010,000000,1.2323,1.2323,1.1963,1.1963,0,0
AML_PB,D,20181011,000000,1.1963,1.2143,1.1963,1.2143,0,0
AML_PB,D,20181012,000000,1.2233,1.2233,1.1604,1.1694,0,0
AML_PB,D,20181015,000000,1.1784,1.1963,1.1784,1.1963,0,0
AML_PB,D,20181016,000000,1.2143,1.2233,1.1963,1.1963,0,0
AML_PB,D,20181017,000000,1.2143,1.2143,1.2143,1.2143,0,0
AML_PB,D,20181018,000000,1.2143,1.2143,1.2053,1.2143,0,0
AML_PB,D,20181019,000000,1.2053,1.2053,1.1874,1.1874,0,0
AML_PB,D,20181022,000000,1.1874,1.2053,1.1874,1.2053,0,0
AML_PB,D,20181023,000000,1.1784,1.2233,1.1784,1.2233,0,0
AML_PB,D,20181024,000000,1.2233,1.2323,1.1874,1.2323,0,0
AML_PB,D,20181025,000000,1.1874,1.2233,1.1874,1.2233,0,0
AML_PB,D,20181026,000000,1.2053,1.2323,1.1963,1.2053,0,0
AML_PB,D,20181029,000000,1.2233,1.2233,1.1874,1.2053,0,0
AML_PB,D,20181030,000000,1.2053,1.2053,1.1874,1.2053,0,0
AML_PB,D,20181031,000000,1.2143,1.2143,1.1784,1.1784,0,0
AML_PB,D,20181102,000000,1.1874,1.2143,1.1874,1.2143,0,0
AML_PB,D,20181105,000000,1.2323,1.2323,1.2143,1.2143,0,0
AML_PB,D,20181106,000000,1.2323,1.2323,1.1784,1.1874,0,0
AML_PB,D,20181107,000000,1.1784,1.1784,1.1604,1.1604,0,0
AML_PB,D,20181108,000000,1.1604,1.1604,1.1244,1.1424,0,0
AML_PB,D,20181109,000000,1.1604,1.1604,1.1244,1.1424,0,0
AML_PB,D,20181113,000000,1.1244,1.1334,1.1244,1.1334,0,0
AML_PB,D,20181114,000000,1.1874,1.1874,1.1064,1.1064,0,0
AML_PB,D,20181115,000000,1.1064,1.1154,1.1064,1.1064,0,0
AML_PB,D,20181116,000000,1.1154,1.1154,1.0974,1.1154,0,0
AML_PB,D,20181119,000000,1.1064,1.1154,1.1064,1.1064,0,0
AML_PB,D,20181120,000000,1.1064,1.1334,1.1064,1.1154,0,0
AML_PB,D,20181121,000000,1.0974,1.1424,1.0974,1.1154,0,0
AML_PB,D,20181122,000000,1.1154,1.1514,1.1154,1.1334,0,0
AML_PB,D,20181123,000000,1.1154,1.1604,1.1154,1.1604,0,0
AML_PB,D,20181126,000000,1.1604,1.1604,1.1244,1.1604,0,0
AML_PB,D,20181127,000000,1.1604,1.1694,1.1514,1.1694,0,0
AML_PB,D,20181128,000000,1.1604,1.1784,1.1604,1.1784,0,0
AML_PB,D,20181129,000000,1.1874,1.2053,1.1874,1.2053,0,0
AML_PB,D,20181130,000000,1.2053,1.2053,1.1784,1.1874,0,0
AML_PB,D,20181203,000000,1.1874,1.1874,1.1604,1.1604,0,0
AML_PB,D,20181204,000000,1.1604,1.1604,1.1244,1.1514,0,0
AML_PB,D,20181205,000000,1.1424,1.1424,1.1244,1.1334,0,0
AML_PB,D,20181206,000000,1.1154,1.1334,1.0974,1.1334,0,0
AML_PB,D,20181207,000000,1.1244,1.1334,1.1244,1.1334,0,0
AML_PB,D,20181210,000000,1.1064,1.1154,1.1064,1.1154,0,0
AML_PB,D,20181211,000000,1.1064,1.1064,1.1064,1.1064,0,0
AML_PB,D,20181212,000000,1.1064,1.1604,1.1064,1.1604,0,0
AML_PB,D,20181213,000000,1.1424,1.1874,1.1424,1.1874,0,0
AML_PB,D,20181214,000000,1.1604,1.1874,1.1604,1.1604,0,0
AML_PB,D,20181217,000000,1.1604,1.1604,1.1334,1.1514,0,0
AML_PB,D,20181218,000000,1.1244,1.1424,1.1154,1.1334,0,0
AML_PB,D,20181219,000000,1.1514,1.1514,1.1154,1.1334,0,0
AML_PB,D,20181220,000000,1.1154,1.1424,1.1064,1.1154,0,0
AML_PB,D,20181221,000000,1.1064,1.1064,1.0974,1.1064,0,0
AML_PB,D,20181227,000000,1.0794,1.1064,1.0794,1.0974,0,0
AML_PB,D,20181228,000000,1.1064,1.1244,1.1064,1.1244,0,0
AML_PB,D,20190102,000000,1.1334,1.1334,1.0794,1.0974,0,0
AML_PB,D,20190103,000000,1.1244,1.1244,1.0704,1.0794,0,0
AML_PB,D,20190104,000000,1.1064,1.1064,1.0524,1.0524,0,0
AML_PB,D,20190107,000000,1.0524,1.0614,1.0254,1.0434,0,0
AML_PB,D,20190108,000000,1.0524,1.0524,1.0344,1.0434,0,0
AML_PB,D,20190109,000000,1.0524,1.0524,1.0254,1.0344,0,0
AML_PB,D,20190110,000000,1.0344,1.0344,1.0254,1.0254,0,0
AML_PB,D,20190111,000000,1.0254,1.0344,1.0254,1.0254,0,0
AML_PB,D,20190114,000000,1.0254,1.0254,1.0254,1.0254,0,0
AML_PB,D,20190115,000000,1.0254,1.0344,1.0075,1.0075,0,0
AML_PB,D,20190116,000000,1.0254,1.0524,1.0254,1.0524,0,0
AML_PB,D,20190117,000000,1.0614,1.0794,1.0254,1.0524,0,0
AML_PB,D,20190118,000000,1.0524,1.0524,1.0254,1.0344,0,0
AML_PB,D,20190121,000000,1.0344,1.0344,1.0164,1.0254,0,0
AML_PB,D,20190122,000000,1.0254,1.0254,1.0254,1.0254,0,0
AML_PB,D,20190123,000000,1.0254,1.0344,1.0254,1.0254,0,0
AML_PB,D,20190124,000000,1.0434,1.0434,1.0254,1.0254,0,0
AML_PB,D,20190125,000000,1.0434,1.0434,1.0254,1.0254,0,0
AML_PB,D,20190128,000000,1.0344,1.0434,1.0254,1.0434,0,0
AML_PB,D,20190129,000000,1.0434,1.0434,1.0254,1.0434,0,0
AML_PB,D,20190130,000000,1.0434,1.0434,1.0344,1.0344,0,0
AML_PB,D,20190131,000000,1.0344,1.0704,1.0344,1.0614,0,0
AML_PB,D,20190201,000000,1.0704,1.1154,1.0524,1.1154,0,0
AML_PB,D,20190204,000000,1.1154,1.1424,1.1064,1.1244,0,0
AML_PB,D,20190205,000000,1.1424,1.1604,1.1424,1.1604,0,0
AML_PB,D,20190206,000000,1.1604,1.1604,1.1334,1.1604,0,0
AML_PB,D,20190207,000000,1.1514,1.1604,1.1244,1.1244,0,0
AML_PB,D,20190208,000000,1.1154,1.1154,1.1064,1.1154,0,0
AML_PB,D,20190211,000000,1.1244,1.1604,1.1154,1.1514,0,0
AML_PB,D,20190212,000000,1.1514,1.1604,1.1334,1.1334,0,0
AML_PB,D,20190213,000000,1.1424,1.1604,1.0974,1.1064,0,0
AML_PB,D,20190214,000000,1.1064,1.1154,1.0974,1.1154,0,0
AML_PB,D,20190215,000000,1.1154,1.1244,1.0974,1.1244,0,0
AML_PB,D,20190218,000000,1.1244,1.1244,1.0974,1.0974,0,0
AML_PB,D,20190219,000000,1.0974,1.0974,1.0884,1.0884,0,0
AML_PB,D,20190220,000000,1.0884,1.1244,1.0884,1.1064,0,0
AML_PB,D,20190221,000000,1.1064,1.1064,1.0794,1.0974,0,0
AML_PB,D,20190222,000000,1.1064,1.1334,1.1064,1.1064,0,0
AML_PB,D,20190225,000000,1.1064,1.1334,1.1064,1.1154,0,0
AML_PB,D,20190226,000000,1.1154,1.1154,1.1154,1.1154,0,0
AML_PB,D,20190227,000000,1.1154,1.1334,1.1154,1.1334,0,0
AML_PB,D,20190228,000000,1.1334,1.1334,1.1334,1.1334,0,0
AML_PB,D,20190301,000000,1.1334,1.1604,1.1244,1.1514,0,0
AML_PB,D,20190304,000000,1.1514,1.1514,1.1334,1.1334,0,0
AML_PB,D,20190305,000000,1.1334,1.1604,1.1334,1.1334,0,0
AML_PB,D,20190306,000000,1.1334,1.1514,1.1334,1.1514,0,0
AML_PB,D,20190307,000000,1.1424,1.1424,1.1334,1.1334,0,0
AML_PB,D,20190308,000000,1.1334,1.1514,1.1244,1.1424,0,0
AML_PB,D,20190311,000000,1.1334,1.1514,1.1334,1.1514,0,0
AML_PB,D,20190312,000000,1.1424,1.1424,1.1424,1.1424,0,0
AML_PB,D,20190313,000000,1.1424,1.2053,1.1424,1.1874,0,0
AML_PB,D,20190314,000000,1.1874,1.2053,1.1694,1.1784,0,0
AML_PB,D,20190315,000000,1.1874,1.1874,1.1784,1.1784,0,0
AML_PB,D,20190318,000000,1.1784,1.1874,1.1694,1.1694,0,0
AML_PB,D,20190319,000000,1.1694,1.1874,1.1694,1.1784,0,0
AML_PB,D,20190320,000000,1.1963,1.1963,1.1784,1.1874,0,0
AML_PB,D,20190321,000000,1.1874,1.2053,1.1874,1.2053,0,0
AML_PB,D,20190322,000000,1.2323,1.2503,1.1694,1.1784,0,0
AML_PB,D,20190325,000000,1.1694,1.1694,1.1514,1.1694,0,0
AML_PB,D,20190326,000000,1.1694,1.1963,1.1604,1.1784,0,0
AML_PB,D,20190327,000000,1.1874,1.1963,1.1784,1.1784,0,0
AML_PB,D,20190328,000000,1.1784,1.1874,1.1604,1.1694,0,0
AML_PB,D,20190329,000000,1.1604,1.1604,1.1514,1.1604,0,0
AML_PB,D,20190401,000000,1.1784,1.1874,1.1514,1.1604,0,0
AML_PB,D,20190402,000000,1.1694,1.1694,1.1514,1.1604,0,0
AML_PB,D,20190403,000000,1.1424,1.1694,1.1424,1.1694,0,0
AML_PB,D,20190404,000000,1.1694,1.1694,1.1424,1.1694,0,0
AML_PB,D,20190405,000000,1.1604,1.1604,1.1514,1.1604,0,0
AML_PB,D,20190408,000000,1.1514,1.1694,1.1514,1.1694,0,0
AML_PB,D,20190409,000000,1.1604,1.1784,1.1604,1.1694,0,0
AML_PB,D,20190410,000000,1.1784,1.1874,1.1604,1.1784,0,0
AML_PB,D,20190411,000000,1.1784,1.1963,1.1694,1.1874,0,0
AML_PB,D,20190412,000000,1.1963,1.2143,1.1874,1.1963,0,0
AML_PB,D,20190415,000000,1.1963,1.2053,1.1874,1.1963,0,0
AML_PB,D,20190416,000000,1.2143,1.2143,1.1874,1.1963,0,0
AML_PB,D,20190417,000000,1.1963,1.2233,1.1963,1.2143,0,0
AML_PB,D,20190418,000000,1.2143,1.2143,1.1963,1.2143,0,0
AML_PB,D,20190423,000000,1.2143,1.2143,1.1963,1.2143,0,0
AML_PB,D,20190424,000000,1.2143,1.2143,1.1963,1.2053,0,0
AML_PB,D,20190425,000000,1.2143,1.2143,1.1963,1.1963,0,0
AML_PB,D,20190426,000000,1.1963,1.1963,1.1874,1.1874,0,0
AML_PB,D,20190429,000000,1.1874,1.2053,1.1874,1.2053,0,0
AML_PB,D,20190430,000000,1.2053,1.2053,1.1874,1.1874,0,0
AML_PB,D,20190502,000000,1.1963,1.1963,1.1963,1.1963,0,0
AML_PB,D,20190506,000000,1.1963,1.1963,1.1604,1.1694,0,0
AML_PB,D,20190507,000000,1.1784,1.1784,1.1514,1.1514,0,0
AML_PB,D,20190508,000000,1.1514,1.1514,1.0974,1.1154,0,0
AML_PB,D,20190509,000000,1.0974,1.1154,1.0974,1.0974,0,0
AML_PB,D,20190510,000000,1.0974,1.1244,1.0974,1.1064,0,0
AML_PB,D,20190513,000000,1.1064,1.1424,1.1064,1.1244,0,0
AML_PB,D,20190514,000000,1.1154,1.1244,1.1154,1.1154,0,0
AML_PB,D,20190515,000000,1.1154,1.1154,1.0974,1.0974,0,0
AML_PB,D,20190516,000000,1.0974,1.1064,1.0794,1.0884,0,0
AML_PB,D,20190517,000000,1.0704,1.0704,0.9895,0.9895,0,0
AML_PB,D,20190520,000000,0.9985,0.9985,0.9625,0.9625,0,0
AML_PB,D,20190521,000000,0.9715,0.9805,0.9625,0.9625,0,0
AML_PB,D,20190522,000000,0.9805,0.9805,0.9625,0.9625,0,0
AML_PB,D,20190523,000000,0.9805,0.9985,0.9805,0.9895,0,0
AML_PB,D,20190524,000000,0.9895,1.0524,0.9895,1.0524,0,0
AML_PB,D,20190527,000000,1.0524,1.0794,1.0434,1.0614,0,0
AML_PB,D,20190528,000000,1.0704,1.1784,1.0704,1.0794,0,0
AML_PB,D,20190529,000000,1.0794,1.0884,1.0434,1.0614,0,0
AML_PB,D,20190530,000000,1.0614,1.0614,1.0524,1.0524,0,0
AML_PB,D,20190531,000000,1.0614,1.0614,1.0344,1.0344,0,0
AML_PB,D,20190603,000000,1.0434,1.0614,1.0344,1.0434,0,0
AML_PB,D,20190604,000000,1.0614,1.0614,1.0344,1.0434,0,0
AML_PB,D,20190605,000000,1.0434,1.0524,1.0254,1.0344,0,0
AML_PB,D,20190606,000000,1.08,1.08,1.06,1.08,0,0
AML_PB,D,20190607,000000,1.08,1.08,1.06,1.06,0,0
AML_PB,D,20190610,000000,1.06,1.06,1.01,1.02,0,0
AML_PB,D,20190611,000000,1.02,1.02,1,1.02,0,0
AML_PB,D,20190612,000000,1.03,1.03,1.03,1.03,0,0
AML_PB,D,20190613,000000,1.04,1.04,1.03,1.04,0,0
AML_PB,D,20190614,000000,1.05,1.06,1.04,1.05,0,0
AML_PB,D,20190617,000000,1.06,1.06,1.05,1.06,0,0
AML_PB,D,20190618,000000,1.06,1.06,1.05,1.06,0,0
AML_PB,D,20190619,000000,1.05,1.06,1.04,1.05,0,0
AML_PB,D,20190621,000000,1.05,1.05,1.04,1.04,0,0
AML_PB,D,20190624,000000,1.04,1.05,1.04,1.05,0,0
AML_PB,D,20190625,000000,1.04,1.05,1.03,1.05,0,0
AML_PB,D,20190626,000000,1.05,1.05,1.03,1.03,0,0
AML_PB,D,20190627,000000,1.03,1.05,1.03,1.05,0,0
AML_PB,D,20190628,000000,1.06,1.06,1.03,1.04,0,0
AML_PB,D,20190701,000000,1.05,1.06,1.04,1.04,0,0
AML_PB,D,20190702,000000,1.05,1.05,1.04,1.04,0,0
AML_PB,D,20190703,000000,1.05,1.05,1.04,1.04,0,0
AML_PB,D,20190704,000000,1.04,1.04,1.01,1.01,0,0
AML_PB,D,20190705,000000,1.01,1.02,1,1.01,0,0
AML_PB,D,20190708,000000,1.01,1.01,0.99,1,0,0
AML_PB,D,20190709,000000,1,1,0.99,1,0,0
AML_PB,D,20190710,000000,1,1.02,1,1.02,0,0
AML_PB,D,20190711,000000,1.03,1.04,1.02,1.04,0,0
AML_PB,D,20190712,000000,1.03,1.05,1.03,1.04,0,0
AML_PB,D,20190715,000000,1.05,1.05,1.02,1.02,0,0
AML_PB,D,20190716,000000,1.02,1.04,1.02,1.03,0,0
AML_PB,D,20190717,000000,1.03,1.04,1.03,1.04,0,0
AML_PB,D,20190718,000000,1.02,1.05,1.02,1.05,0,0
AML_PB,D,20190719,000000,1.05,1.05,1.04,1.05,0,0
AML_PB,D,20190722,000000,1.05,1.05,1.04,1.05,0,0
AML_PB,D,20190723,000000,1.05,1.05,1.04,1.05,0,0
AML_PB,D,20190724,000000,1.05,1.06,1.04,1.06,0,0
AML_PB,D,20190725,000000,1.05,1.07,1.05,1.07,0,0
AML_PB,D,20190726,000000,1.08,1.08,1.06,1.07,0,0
AML_PB,D,20190729,000000,1.07,1.07,1.05,1.06,0,0
AML_PB,D,20190730,000000,1.05,1.05,1.04,1.05,0,0
AML_PB,D,20190731,000000,1.05,1.07,1.05,1.07,0,0
AML_PB,D,20190801,000000,1.07,1.07,1.05,1.07,0,0
AML_PB,D,20190802,000000,1.05,1.06,1.03,1.05,0,0
AML_PB,D,20190805,000000,1.05,1.06,1.03,1.04,0,0
AML_PB,D,20190806,000000,1.01,1.03,1.01,1.03,0,0
AML_PB,D,20190807,000000,1.01,1.03,1.01,1.03,0,0
AML_PB,D,20190808,000000,1.03,1.03,1.01,1.01,0,0
AML_PB,D,20190809,000000,1.02,1.02,1.01,1.02,0,0
AML_PB,D,20190812,000000,1.01,1.02,1,1.01,0,0
AML_PB,D,20190813,000000,1.01,1.01,1,1.01,0,0
AML_PB,D,20190814,000000,1,1.01,0.99,1,0,0
AML_PB,D,20190816,000000,0.99,1.01,0.99,1.01,0,0
AML_PB,D,20190819,000000,1.01,1.01,0.99,1,0,0
AML_PB,D,20190820,000000,1,1.09,0.99,1.09,0,0
AML_PB,D,20190821,000000,1.09,1.11,1.09,1.1,0,0
AML_PB,D,20190822,000000,1.1,1.11,1.1,1.11,0,0
AML_PB,D,20190823,000000,1.1,1.1,1.09,1.1,0,0
AML_PB,D,20190826,000000,1.1,1.1,1.08,1.1,0,0
AML_PB,D,20190827,000000,1.1,1.1,1.09,1.1,0,0
AML_PB,D,20190828,000000,1.1,1.1,1.08,1.09,0,0
AML_PB,D,20190829,000000,1.08,1.09,1.06,1.07,0,0
AML_PB,D,20190830,000000,1.09,1.09,1.06,1.08,0,0
AML_PB,D,20190902,000000,1.08,1.1,1.08,1.1,0,0
AML_PB,D,20190903,000000,1.1,1.1,1.08,1.09,0,0
AML_PB,D,20190904,000000,1.1,1.1,1.08,1.08,0,0
AML_PB,D,20190905,000000,1.09,1.1,1.08,1.1,0,0
AML_PB,D,20190906,000000,1.09,1.09,1.08,1.08,0,0
AML_PB,D,20190909,000000,1.09,1.09,1.08,1.08,0,0
AML_PB,D,20190910,000000,1.09,1.11,1.09,1.11,0,0
AML_PB,D,20190911,000000,1.11,1.13,1.11,1.13,0,0
AML_PB,D,20190912,000000,1.13,1.13,1.09,1.1,0,0
AML_PB,D,20190913,000000,1.11,1.11,1.08,1.09,0,0
AML_PB,D,20190916,000000,1.09,1.09,1.07,1.08,0,0
AML_PB,D,20190917,000000,1.1,1.1,1.07,1.09,0,0
AML_PB,D,20190918,000000,1.09,1.09,1.06,1.07,0,0
AML_PB,D,20190919,000000,1.07,1.07,1.06,1.07,0,0
AML_PB,D,20190920,000000,1.07,1.08,1.06,1.07,0,0
AML_PB,D,20190923,000000,1.07,1.08,1.06,1.08,0,0
AML_PB,D,20190924,000000,1.08,1.08,1.08,1.08,0,0
AML_PB,D,20190925,000000,1.08,1.08,1.06,1.07,0,0
AML_PB,D,20190926,000000,1.08,1.08,1.06,1.08,0,0
AML_PB,D,20190927,000000,1.08,1.08,1.06,1.08,0,0
AML_PB,D,20190930,000000,1.08,1.08,1.06,1.06,0,0
AML_PB,D,20191001,000000,1.07,1.07,1.04,1.06,0,0
AML_PB,D,20191002,000000,1.04,1.07,1.02,1.07,0,0
AML_PB,D,20191003,000000,1.05,1.1,1.05,1.09,0,0
AML_PB,D,20191004,000000,1.1,1.1,1.09,1.1,0,0
AML_PB,D,20191007,000000,1.09,1.1,1.08,1.1,0,0
AML_PB,D,20191008,000000,1.09,1.09,1.08,1.09,0,0
AML_PB,D,20191009,000000,1.08,1.09,1.08,1.09,0,0
AML_PB,D,20191010,000000,1.09,1.09,1.09,1.09,0,0
AML_PB,D,20191011,000000,1.09,1.09,1.07,1.09,0,0
AML_PB,D,20191014,000000,1.08,1.09,1.08,1.09,0,0
AML_PB,D,20191015,000000,1.09,1.09,1.07,1.09,0,0
AML_PB,D,20191016,000000,1.09,1.09,1.09,1.09,0,0
AML_PB,D,20191017,000000,1.09,1.1,1.07,1.1,0,0
AML_PB,D,20191018,000000,1.1,1.1,1.08,1.09,0,0
AML_PB,D,20191021,000000,1.09,1.09,1.07,1.08,0,0
AML_PB,D,20191022,000000,1.09,1.09,1.08,1.09,0,0
AML_PB,D,20191023,000000,1.09,1.09,1.08,1.09,0,0
AML_PB,D,20191024,000000,1.09,1.09,1.07,1.08,0,0
AML_PB,D,20191025,000000,1.09,1.09,1.08,1.09,0,0
AML_PB,D,20191028,000000,1.09,1.09,1.08,1.08,0,0
AML_PB,D,20191029,000000,1.09,1.09,1.08,1.08,0,0
AML_PB,D,20191030,000000,1.08,1.08,1.08,1.08,0,0
AML_PB,D,20191031,000000,1.08,1.08,1.08,1.08,0,0
AML_PB,D,20191104,000000,1.08,1.13,1.08,1.11,0,0
AML_PB,D,20191105,000000,1.13,1.13,1.09,1.13,0,0
AML_PB,D,20191106,000000,1.14,1.16,1.13,1.16,0,0
AML_PB,D,20191107,000000,1.16,1.17,1.14,1.16,0,0
AML_PB,D,20191108,000000,1.16,1.16,1.14,1.16,0,0
AML_PB,D,20191112,000000,1.17,1.17,1.16,1.16,0,0
AML_PB,D,20191113,000000,1.16,1.16,1.12,1.14,0,0
AML_PB,D,20191114,000000,1.14,1.14,1.11,1.13,0,0
AML_PB,D,20191115,000000,1.13,1.13,1.13,1.13,0,0
AML_PB,D,20191118,000000,1.13,1.15,1.12,1.12,0,0
AML_PB,D,20191119,000000,1.11,1.15,1.11,1.12,0,0
AML_PB,D,20191120,000000,1.12,1.15,1.12,1.14,0,0
AML_PB,D,20191121,000000,1.15,1.15,1.13,1.14,0,0
AML_PB,D,20191122,000000,1.15,1.17,1.13,1.14,0,0
AML_PB,D,20191125,000000,1.16,1.16,1.14,1.15,0,0
AML_PB,D,20191126,000000,1.16,1.16,1.14,1.14,0,0
AML_PB,D,20191127,000000,1.14,1.15,1.14,1.15,0,0
AML_PB,D,20191128,000000,1.15,1.16,1.15,1.16,0,0
AML_PB,D,20191129,000000,1.16,1.23,1.16,1.22,0,0
AML_PB,D,20191202,000000,1.23,1.25,1.22,1.22,0,0
AML_PB,D,20191203,000000,1.24,1.24,1.22,1.22,0,0
AML_PB,D,20191204,000000,1.22,1.22,1.2,1.2,0,0
AML_PB,D,20191205,000000,1.2,1.22,1.2,1.22,0,0
AML_PB,D,20191206,000000,1.21,1.23,1.21,1.23,0,0
AML_PB,D,20191209,000000,1.24,1.24,1.17,1.21,0,0
AML_PB,D,20191210,000000,1.21,1.21,1.21,1.21,0,0
AML_PB,D,20191211,000000,1.22,1.22,1.19,1.2,0,0
AML_PB,D,20191212,000000,1.19,1.23,1.19,1.21,0,0
AML_PB,D,20191213,000000,1.22,1.23,1.22,1.22,0,0
AML_PB,D,20191216,000000,1.22,1.23,1.2,1.22,0,0
AML_PB,D,20191217,000000,1.21,1.22,1.19,1.22,0,0
AML_PB,D,20191218,000000,1.19,1.22,1.19,1.2,0,0
AML_PB,D,20191219,000000,1.2,1.2,1.2,1.2,0,0
AML_PB,D,20191220,000000,1.2,1.2,1.19,1.19,0,0
AML_PB,D,20191223,000000,1.19,1.2,1.19,1.19,0,0
AML_PB,D,20191227,000000,1.19,1.21,1.19,1.19,0,0
AML_PB,D,20191230,000000,1.19,1.22,1.19,1.22,0,0
AML_PB,D,20200102,000000,1.23,1.27,1.22,1.27,0,0
AML_PB,D,20200103,000000,1.27,1.33,1.25,1.32,0,0
AML_PB,D,20200107,000000,1.32,1.32,1.29,1.31,0,0
AML_PB,D,20200108,000000,1.31,1.32,1.31,1.31,0,0
AML_PB,D,20200109,000000,1.32,1.32,1.31,1.32,0,0
AML_PB,D,20200110,000000,1.31,1.33,1.31,1.32,0,0
AML_PB,D,20200113,000000,1.32,1.33,1.32,1.33,0,0
AML_PB,D,20200114,000000,1.34,1.37,1.34,1.37,0,0
AML_PB,D,20200115,000000,1.34,1.37,1.34,1.36,0,0
AML_PB,D,20200116,000000,1.36,1.37,1.36,1.37,0,0
AML_PB,D,20200117,000000,1.38,1.38,1.35,1.37,0,0
AML_PB,D,20200120,000000,1.36,1.36,1.31,1.32,0,0
AML_PB,D,20200121,000000,1.32,1.36,1.31,1.36,0,0
AML_PB,D,20200122,000000,1.36,1.36,1.32,1.35,0,0
AML_PB,D,20200123,000000,1.35,1.35,1.29,1.29,0,0
AML_PB,D,20200124,000000,1.29,1.31,1.27,1.31,0,0
AML_PB,D,20200127,000000,1.31,1.32,1.29,1.29,0,0
AML_PB,D,20200128,000000,1.28,1.3,1.28,1.3,0,0
AML_PB,D,20200129,000000,1.3,1.3,1.29,1.3,0,0
AML_PB,D,20200130,000000,1.31,1.31,1.28,1.31,0,0
AML_PB,D,20200131,000000,1.31,1.34,1.31,1.34,0,0
AML_PB,D,20200203,000000,1.35,1.36,1.34,1.36,0,0
AML_PB,D,20200204,000000,1.37,1.38,1.34,1.38,0,0
AML_PB,D,20200205,000000,1.38,1.39,1.37,1.38,0,0
AML_PB,D,20200206,000000,1.39,1.39,1.38,1.38,0,0
AML_PB,D,20200207,000000,1.38,1.39,1.37,1.37,0,0
AML_PB,D,20200210,000000,1.37,1.37,1.36,1.36,0,0
AML_PB,D,20200211,000000,1.36,1.38,1.36,1.38,0,0
AML_PB,D,20200212,000000,1.38,1.38,1.33,1.33,0,0
AML_PB,D,20200213,000000,1.35,1.35,1.33,1.33,0,0
AML_PB,D,20200214,000000,1.36,1.36,1.35,1.35,0,0
AML_PB,D,20200217,000000,1.35,1.41,1.34,1.41,0,0
AML_PB,D,20200218,000000,1.42,1.42,1.39,1.4,0,0
AML_PB,D,20200219,000000,1.4,1.43,1.4,1.41,0,0
AML_PB,D,20200220,000000,1.41,1.43,1.4,1.42,0,0
AML_PB,D,20200221,000000,1.42,1.43,1.39,1.4,0,0
AML_PB,D,20200224,000000,1.4,1.4,1.28,1.31,0,0
AML_PB,D,20200225,000000,1.32,1.36,1.29,1.32,0,0
AML_PB,D,20200226,000000,1.32,1.33,1.29,1.32,0,0
AML_PB,D,20200227,000000,1.32,1.32,1.22,1.22,0,0
AML_PB,D,20200228,000000,1.2,1.22,1.11,1.19,0,0
AML_PB,D,20200302,000000,1.14,1.23,1.14,1.16,0,0
AML_PB,D,20200303,000000,1.17,1.22,1.17,1.22,0,0
AML_PB,D,20200304,000000,1.21,1.22,1.19,1.21,0,0
AML_PB,D,20200305,000000,1.25,1.25,1.19,1.21,0,0
AML_PB,D,20200306,000000,1.22,1.22,1.17,1.17,0,0
AML_PB,D,20200309,000000,1.14,1.14,1.1,1.13,0,0
AML_PB,D,20200310,000000,1.11,1.16,1.11,1.15,0,0
AML_PB,D,20200311,000000,1.13,1.14,1.06,1.07,0,0
AML_PB,D,20200312,000000,1.02,1.02,0.97,1,0,0
AML_PB,D,20200313,000000,0.94,1.06,0.94,1.06,0,0
AML_PB,D,20200316,000000,0.94,0.98,0.86,0.94,0,0
AML_PB,D,20200317,000000,0.94,0.97,0.94,0.95,0,0
AML_PB,D,20200318,000000,0.94,0.94,0.89,0.9,0,0
AML_PB,D,20200319,000000,0.9,0.94,0.9,0.92,0,0
AML_PB,D,20200320,000000,0.94,0.97,0.91,0.91,0,0
AML_PB,D,20200323,000000,1,1,0.91,0.91,0,0
AML_PB,D,20200324,000000,0.91,0.98,0.91,0.96,0,0
AML_PB,D,20200325,000000,0.98,0.99,0.96,0.98,0,0
AML_PB,D,20200326,000000,0.97,1.01,0.97,1.01,0,0
AML_PB,D,20200327,000000,1.01,1.02,1,1.02,0,0
AML_PB,D,20200330,000000,1.02,1.02,0.98,1.01,0,0
AML_PB,D,20200331,000000,1.02,1.04,1.02,1.03,0,0
AML_PB,D,20200401,000000,1.01,1.03,1,1.01,0,0
AML_PB,D,20200402,000000,1.01,1.02,1.01,1.01,0,0
AML_PB,D,20200403,000000,1.01,1.01,0.99,0.99,0,0
AML_PB,D,20200406,000000,1,1.03,1,1.02,0,0
AML_PB,D,20200407,000000,1.03,1.07,1.03,1.05,0,0
AML_PB,D,20200408,000000,1.05,1.07,1.05,1.05,0,0
AML_PB,D,20200409,000000,1.06,1.1,1.05,1.09,0,0
AML_PB,D,20200414,000000,1.12,1.16,1.08,1.1,0,0
AML_PB,D,20200415,000000,1.1,1.13,1.05,1.07,0,0
AML_PB,D,20200416,000000,1.08,1.08,1.04,1.06,0,0
AML_PB,D,20200417,000000,1.06,1.1,1.06,1.1,0,0
AML_PB,D,20200420,000000,1.1,1.12,1.1,1.1,0,0
AML_PB,D,20200421,000000,1.1,1.1,1.06,1.06,0,0
AML_PB,D,20200422,000000,1.06,1.1,1.06,1.1,0,0
AML_PB,D,20200423,000000,1.06,1.1,1.05,1.1,0,0
AML_PB,D,20200424,000000,1.08,1.1,1.07,1.08,0,0
AML_PB,D,20200427,000000,1.08,1.1,1.08,1.08,0,0
AML_PB,D,20200428,000000,1.08,1.1,1.08,1.1,0,0
AML_PB,D,20200429,000000,1.1,1.19,1.1,1.13,0,0
AML_PB,D,20200430,000000,1.19,1.19,1.16,1.16,0,0
AML_PB,D,20200504,000000,1.19,1.19,1.13,1.13,0,0
AML_PB,D,20200505,000000,1.16,1.16,1.12,1.13,0,0
AML_PB,D,20200506,000000,1.13,1.13,1.12,1.13,0,0
AML_PB,D,20200507,000000,1.13,1.19,1.12,1.16,0,0
AML_PB,D,20200508,000000,1.16,1.16,1.16,1.16,0,0
AML_PB,D,20200511,000000,1.15,1.16,1.15,1.16,0,0
AML_PB,D,20200512,000000,1.16,1.16,1.15,1.16,0,0
AML_PB,D,20200513,000000,1.16,1.16,1.14,1.14,0,0
AML_PB,D,20200514,000000,1.14,1.14,1.12,1.13,0,0
AML_PB,D,20200515,000000,1.12,1.12,1.01,1.03,0,0
AML_PB,D,20200518,000000,1.04,1.08,1.04,1.08,0,0
AML_PB,D,20200519,000000,1.08,1.09,1.07,1.08,0,0
AML_PB,D,20200520,000000,1.08,1.08,1.07,1.08,0,0
AML_PB,D,20200521,000000,1.05,1.09,1.05,1.08,0,0
AML_PB,D,20200522,000000,1.08,1.13,1.08,1.12,0,0
AML_PB,D,20200525,000000,1.1,1.1,1.08,1.1,0,0
AML_PB,D,20200526,000000,1.1,1.11,1.1,1.11,0,0
AML_PB,D,20200527,000000,1.11,1.11,1.09,1.11,0,0
AML_PB,D,20200528,000000,1.09,1.11,1.09,1.09,0,0
AML_PB,D,20200529,000000,1.09,1.12,1.09,1.12,0,0
AML_PB,D,20200601,000000,1.12,1.13,1.11,1.12,0,0
AML_PB,D,20200602,000000,1.12,1.15,1.12,1.14,0,0
AML_PB,D,20200603,000000,1.14,1.22,1.14,1.18,0,0
AML_PB,D,20200604,000000,1.19,1.19,1.17,1.18,0,0
AML_PB,D,20200605,000000,1.17,1.2,1.17,1.18,0,0
AML_PB,D,20200608,000000,1.16,1.17,1.15,1.17,0,0
AML_PB,D,20200609,000000,1.16,1.18,1.16,1.17,0,0
AML_PB,D,20200610,000000,1.16,1.17,1.16,1.16,0,0
AML_PB,D,20200612,000000,1.14,1.16,1.13,1.16,0,0
AML_PB,D,20200615,000000,1.15,1.15,1.14,1.14,0,0
AML_PB,D,20200616,000000,1.14,1.16,1.14,1.15,0,0
AML_PB,D,20200617,000000,1.15,1.18,1.15,1.18,0,0
AML_PB,D,20200618,000000,1.18,1.18,1.16,1.17,0,0
AML_PB,D,20200619,000000,1.16,1.18,1.16,1.17,0,0
AML_PB,D,20200622,000000,1.18,1.18,1.15,1.16,0,0
AML_PB,D,20200623,000000,1.16,1.18,1.15,1.18,0,0
AML_PB,D,20200624,000000,1.18,1.18,1.16,1.18,0,0
AML_PB,D,20200625,000000,1.16,1.17,1.15,1.17,0,0
AML_PB,D,20200626,000000,1.17,1.18,1.17,1.17,0,0
AML_PB,D,20200629,000000,1.15,1.16,1.12,1.15,0,0
AML_PB,D,20200630,000000,1.14,1.14,1.12,1.14,0,0
AML_PB,D,20200701,000000,1.13,1.14,1.11,1.14,0,0
AML_PB,D,20200702,000000,1.11,1.13,1.11,1.12,0,0
AML_PB,D,20200703,000000,1.12,1.13,1.11,1.12,0,0
AML_PB,D,20200706,000000,1.12,1.16,1.12,1.16,0,0
AML_PB,D,20200707,000000,1.17,1.18,1.13,1.14,0,0
AML_PB,D,20200708,000000,1.14,1.15,1.12,1.12,0,0
AML_PB,D,20200709,000000,1.12,1.13,1.12,1.13,0,0
AML_PB,D,20200710,000000,1.15,1.15,1.13,1.13,0,0
AML_PB,D,20200713,000000,1.13,1.17,1.13,1.17,0,0
AML_PB,D,20200714,000000,1.16,1.16,1.13,1.13,0,0
AML_PB,D,20200715,000000,1.13,1.15,1.13,1.14,0,0
AML_PB,D,20200716,000000,1.15,1.15,1.15,1.15,0,0
AML_PB,D,20200717,000000,1.15,1.15,1.14,1.14,0,0
AML_PB,D,20200720,000000,1.14,1.14,1.12,1.14,0,0
AML_PB,D,20200721,000000,1.14,1.15,1.13,1.14,0,0
AML_PB,D,20200722,000000,1.13,1.15,1.13,1.13,0,0
AML_PB,D,20200723,000000,1.12,1.13,1.12,1.12,0,0
AML_PB,D,20200724,000000,1.15,1.15,1.12,1.13,0,0
AML_PB,D,20200727,000000,1.13,1.15,1.12,1.12,0,0
AML_PB,D,20200728,000000,1.12,1.12,1.11,1.11,0,0
AML_PB,D,20200729,000000,1.11,1.12,1.11,1.11,0,0
AML_PB,D,20200730,000000,1.12,1.12,1.07,1.12,0,0
AML_PB,D,20200731,000000,1.06,1.09,1.06,1.09,0,0
AML_PB,D,20200803,000000,1.1,1.13,1.06,1.11,0,0
AML_PB,D,20200804,000000,1.11,1.13,1.09,1.1,0,0
AML_PB,D,20200805,000000,1.1,1.1,1.08,1.1,0,0
AML_PB,D,20200806,000000,1.1,1.13,1.08,1.08,0,0
AML_PB,D,20200807,000000,1.08,1.13,1.06,1.13,0,0
AML_PB,D,20200810,000000,1.07,1.09,1.07,1.09,0,0
AML_PB,D,20200811,000000,1.1,1.1,1.07,1.1,0,0
AML_PB,D,20200812,000000,1.08,1.08,1.03,1.06,0,0
AML_PB,D,20200813,000000,1.04,1.05,1.04,1.05,0,0
AML_PB,D,20200814,000000,1.06,1.06,1.04,1.06,0,0
AML_PB,D,20200817,000000,1.07,1.07,1.04,1.06,0,0
AML_PB,D,20200818,000000,1.06,1.06,1.06,1.06,0,0
AML_PB,D,20200819,000000,1.06,1.07,1.06,1.07,0,0
AML_PB,D,20200820,000000,1.07,1.07,1.07,1.07,0,0
AML_PB,D,20200821,000000,1.07,1.07,1.07,1.07,0,0
AML_PB,D,20200824,000000,1.08,1.08,1.06,1.06,0,0
AML_PB,D,20200825,000000,1.08,1.1,1.05,1.05,0,0
AML_PB,D,20200826,000000,1.05,1.08,1.04,1.04,0,0
AML_PB,D,20200827,000000,1.07,1.07,1.07,1.07,0,0
AML_PB,D,20200828,000000,1.07,1.11,1.06,1.09,0,0
AML_PB,D,20200831,000000,1.06,1.09,1.06,1.07,0,0
AML_PB,D,20200901,000000,1.08,1.08,1.07,1.07,0,0
AML_PB,D,20200902,000000,1.08,1.08,1.07,1.07,0,0
AML_PB,D,20200903,000000,1.06,1.06,1.06,1.06,0,0
AML_PB,D,20200904,000000,1.05,1.06,1.05,1.06,0,0
AML_PB,D,20200907,000000,1.06,1.06,1.05,1.06,0,0
AML_PB,D,20200908,000000,1.06,1.06,1.04,1.04,0,0
AML_PB,D,20200909,000000,1.04,1.05,1.02,1.04,0,0
AML_PB,D,20200910,000000,1.04,1.05,1.04,1.05,0,0
AML_PB,D,20200911,000000,1.06,1.06,1.04,1.04,0,0
AML_PB,D,20200914,000000,1.02,1.06,1.02,1.04,0,0
AML_PB,D,20200915,000000,1.04,1.04,1.04,1.04,0,0
AML_PB,D,20200916,000000,1.02,1.05,1.02,1.05,0,0
AML_PB,D,20200917,000000,1.05,1.05,1.03,1.03,0,0
AML_PB,D,20200918,000000,1.04,1.04,1.04,1.04,0,0
AML_PB,D,20200921,000000,1.04,1.04,1.03,1.03,0,0
AML_PB,D,20200922,000000,1.02,1.03,1.02,1.03,0,0
AML_PB,D,20200923,000000,1.03,1.03,1.01,1.02,0,0
AML_PB,D,20200924,000000,1.03,1.03,1.03,1.03,0,0
AML_PB,D,20200925,000000,1.03,1.04,1.03,1.03,0,0
AML_PB,D,20200928,000000,1.04,1.05,1.02,1.02,0,0
AML_PB,D,20200929,000000,1.04,1.04,1.02,1.04,0,0
AML_PB,D,20200930,000000,1.04,1.04,1.02,1.04,0,0
AML_PB,D,20201001,000000,1.04,1.04,1.03,1.03,0,0
AML_PB,D,20201002,000000,1.03,1.04,1.02,1.04,0,0
AML_PB,D,20201005,000000,1.03,1.04,1.03,1.04,0,0
AML_PB,D,20201006,000000,1.04,1.04,1.03,1.04,0,0
AML_PB,D,20201007,000000,1.04,1.04,1.02,1.04,0,0
AML_PB,D,20201008,000000,1.03,1.07,1.03,1.07,0,0
AML_PB,D,20201009,000000,1.07,1.07,1.04,1.04,0,0
AML_PB,D,20201012,000000,1.04,1.04,1.04,1.04,0,0
AML_PB,D,20201013,000000,1.04,1.04,1.04,1.04,0,0
AML_PB,D,20201014,000000,1.04,1.05,1.04,1.04,0,0
AML_PB,D,20201015,000000,1.04,1.04,1.03,1.03,0,0
AML_PB,D,20201016,000000,1.04,1.06,1.04,1.04,0,0
