<TICKER>,<PER>,<DATE>,<TIME>,<OPEN>,<HIGH>,<LOW>,<CLOSE>,<VOL>,<OPENINT>
APR_PB,D,20160606,000000,2.9269,2.9269,2.9269,2.9269,0,0
APR_PB,D,20160607,000000,2.9867,3.0763,2.9269,2.9568,0,0
APR_PB,D,20160608,000000,3.0763,3.0763,2.9668,3.0663,0,0
APR_PB,D,20160609,000000,3.1858,3.1957,2.9867,2.9867,0,0
APR_PB,D,20160610,000000,3.0763,3.0763,2.9767,3.0165,0,0
APR_PB,D,20160613,000000,3.0165,3.136,3.0165,3.1161,0,0
APR_PB,D,20160614,000000,3.136,3.1858,3.126,3.1858,0,0
APR_PB,D,20160615,000000,3.4446,3.4446,3.2256,3.2455,0,0
APR_PB,D,20160616,000000,3.5541,3.5541,3.3351,3.3351,0,0
APR_PB,D,20160617,000000,3.3351,3.4048,3.2455,3.4048,0,0
APR_PB,D,20160620,000000,3.6736,3.6935,3.4645,3.4844,0,0
APR_PB,D,20160621,000000,3.6736,3.6736,3.4645,3.6139,0,0
APR_PB,D,20160622,000000,3.6139,3.9225,3.6139,3.8628,0,0
APR_PB,D,20160623,000000,3.9125,3.9324,3.6935,3.7532,0,0
APR_PB,D,20160624,000000,3.4446,3.5541,3.355,3.5541,0,0
APR_PB,D,20160627,000000,3.6636,3.6736,3.5641,3.6636,0,0
APR_PB,D,20160628,000000,3.6636,3.6636,3.5044,3.584,0,0
APR_PB,D,20160629,000000,3.9225,3.9225,3.6338,3.8229,0,0
APR_PB,D,20160630,000000,3.9026,3.9026,3.7632,3.8229,0,0
APR_PB,D,20160701,000000,3.8727,3.8727,3.7035,3.803,0,0
APR_PB,D,20160704,000000,3.7234,3.7931,3.5641,3.6437,0,0
APR_PB,D,20160705,000000,3.6935,3.6935,3.584,3.6338,0,0
APR_PB,D,20160706,000000,3.6736,3.6736,3.5044,3.5541,0,0
APR_PB,D,20160707,000000,3.6039,3.6039,3.4944,3.5442,0,0
APR_PB,D,20160708,000000,3.5442,4.5497,3.5044,4.5497,0,0
APR_PB,D,20160711,000000,4.5497,4.8085,4.5497,4.7886,0,0
APR_PB,D,20160712,000000,4.7787,4.8981,4.7488,4.8384,0,0
APR_PB,D,20160713,000000,4.8683,5.0574,4.7787,5.0574,0,0
APR_PB,D,20160714,000000,5.0574,5.4059,5.0574,5.3262,0,0
APR_PB,D,20160715,000000,5.3461,5.3561,5.1769,5.2167,0,0
APR_PB,D,20160718,000000,5.2167,5.2964,5.157,5.2864,0,0
APR_PB,D,20160719,000000,5.2964,5.2964,5.1769,5.1769,0,0
APR_PB,D,20160720,000000,5.1769,5.2665,5.0873,5.2665,0,0
APR_PB,D,20160721,000000,5.2068,5.2565,5.0674,5.157,0,0
APR_PB,D,20160722,000000,5.157,5.2665,5.1271,5.2565,0,0
APR_PB,D,20160725,000000,5.2167,5.2366,5.1271,5.2366,0,0
APR_PB,D,20160726,000000,5.2366,5.2366,5.157,5.2068,0,0
APR_PB,D,20160727,000000,5.2068,5.2068,5.1271,5.1868,0,0
APR_PB,D,20160728,000000,5.1271,5.2068,5.1271,5.2068,0,0
APR_PB,D,20160729,000000,5.2068,5.386,5.147,5.3561,0,0
APR_PB,D,20160801,000000,5.3262,5.4656,5.3262,5.4158,0,0
APR_PB,D,20160802,000000,5.4357,5.4656,5.376,5.4158,0,0
APR_PB,D,20160803,000000,5.386,5.4158,5.3561,5.376,0,0
APR_PB,D,20160804,000000,5.4357,5.4656,5.386,5.4656,0,0
APR_PB,D,20160805,000000,5.4357,5.8041,5.4357,5.8041,0,0
APR_PB,D,20160808,000000,5.8937,5.8937,5.7145,5.7444,0,0
APR_PB,D,20160809,000000,5.7444,5.7842,5.4855,5.6946,0,0
APR_PB,D,20160810,000000,5.6946,5.7444,5.6548,5.7244,0,0
APR_PB,D,20160811,000000,5.7742,5.7742,5.7145,5.7244,0,0
APR_PB,D,20160812,000000,5.7444,5.7444,5.6647,5.7145,0,0
APR_PB,D,20160816,000000,5.7543,5.7543,5.6647,5.6647,0,0
APR_PB,D,20160817,000000,5.7444,5.7444,5.4656,5.5552,0,0
APR_PB,D,20160818,000000,5.605,5.6348,5.5253,5.5552,0,0
APR_PB,D,20160819,000000,5.5552,5.6548,5.5253,5.5552,0,0
APR_PB,D,20160822,000000,5.5552,5.5751,5.5452,5.5452,0,0
APR_PB,D,20160823,000000,5.5751,5.5851,5.5154,5.5452,0,0
APR_PB,D,20160824,000000,5.5851,5.5851,5.4955,5.5751,0,0
APR_PB,D,20160825,000000,5.5751,5.5751,5.3461,5.4955,0,0
APR_PB,D,20160826,000000,5.5154,5.5452,5.386,5.4955,0,0
APR_PB,D,20160829,000000,5.4656,5.4955,5.376,5.4556,0,0
APR_PB,D,20160830,000000,5.4656,5.4656,5.376,5.4357,0,0
APR_PB,D,20160831,000000,5.5154,5.5154,5.386,5.4656,0,0
APR_PB,D,20160901,000000,5.5154,5.5154,5.3262,5.3262,0,0
APR_PB,D,20160902,000000,5.2665,5.4656,5.2565,5.4656,0,0
APR_PB,D,20160905,000000,5.4855,5.5154,5.4357,5.4855,0,0
APR_PB,D,20160906,000000,5.4955,5.7244,5.4656,5.7244,0,0
APR_PB,D,20160907,000000,5.8539,6.4313,3.365,3.365,0,0
APR_PB,D,20160908,000000,3.4347,3.4347,3.2754,3.3152,0,0
APR_PB,D,20160909,000000,3.2953,3.4048,3.2654,3.2754,0,0
APR_PB,D,20160912,000000,3.3052,3.365,3.2853,3.3351,0,0
APR_PB,D,20160913,000000,3.3451,3.4844,3.3451,3.4546,0,0
APR_PB,D,20160914,000000,3.4347,3.5342,3.4048,3.4844,0,0
APR_PB,D,20160915,000000,3.5243,3.584,3.5044,3.5044,0,0
APR_PB,D,20160916,000000,3.5442,3.5541,3.4745,3.5044,0,0
APR_PB,D,20160919,000000,3.5044,3.5342,3.4546,3.4944,0,0
APR_PB,D,20160920,000000,3.4844,3.4944,3.4546,3.4645,0,0
APR_PB,D,20160921,000000,3.4745,3.4745,3.4446,3.4546,0,0
APR_PB,D,20160922,000000,3.4745,3.4745,3.365,3.4048,0,0
APR_PB,D,20160923,000000,3.4247,3.4745,3.365,3.4645,0,0
APR_PB,D,20160926,000000,3.4645,3.5541,3.4645,3.5243,0,0
APR_PB,D,20160927,000000,3.5541,3.5541,3.4745,3.5342,0,0
APR_PB,D,20160928,000000,3.5442,3.5442,3.4944,3.5442,0,0
APR_PB,D,20160929,000000,3.5442,3.5442,3.4944,3.5342,0,0
APR_PB,D,20160930,000000,3.5442,3.5442,3.4944,3.5143,0,0
APR_PB,D,20161003,000000,3.5143,3.574,3.4944,3.5641,0,0
APR_PB,D,20161004,000000,3.5641,3.5641,3.5243,3.5342,0,0
APR_PB,D,20161005,000000,3.5342,3.5342,3.4944,3.4944,0,0
APR_PB,D,20161006,000000,3.4944,3.5143,3.4446,3.4645,0,0
APR_PB,D,20161007,000000,3.4944,3.4944,3.4745,3.4745,0,0
APR_PB,D,20161010,000000,3.4844,3.5044,3.4645,3.4844,0,0
APR_PB,D,20161011,000000,3.4944,3.4944,3.3948,3.3948,0,0
APR_PB,D,20161012,000000,3.4844,3.4844,3.2555,3.3948,0,0
APR_PB,D,20161013,000000,3.4446,3.5243,3.4148,3.4844,0,0
APR_PB,D,20161014,000000,3.5442,3.5541,3.4844,3.4844,0,0
APR_PB,D,20161017,000000,3.4745,3.4745,3.4347,3.4546,0,0
APR_PB,D,20161018,000000,3.4645,3.4645,3.3451,3.4546,0,0
APR_PB,D,20161019,000000,3.4247,3.4546,3.3849,3.4048,0,0
APR_PB,D,20161020,000000,3.4546,3.4546,3.3948,3.4446,0,0
APR_PB,D,20161021,000000,3.4048,3.4546,3.365,3.3849,0,0
APR_PB,D,20161024,000000,3.3849,3.3849,3.365,3.365,0,0
APR_PB,D,20161025,000000,3.355,3.3948,3.355,3.3849,0,0
APR_PB,D,20161026,000000,3.4048,3.4048,3.3749,3.4048,0,0
APR_PB,D,20161027,000000,3.4446,3.4446,3.365,3.4347,0,0
APR_PB,D,20161028,000000,3.4347,3.5243,3.4048,3.4048,0,0
APR_PB,D,20161031,000000,3.4645,3.5243,3.4048,3.5243,0,0
APR_PB,D,20161102,000000,3.5243,3.5243,3.3252,3.4048,0,0
APR_PB,D,20161103,000000,3.4048,3.4347,3.3052,3.3252,0,0
APR_PB,D,20161104,000000,3.3849,3.3849,3.3252,3.365,0,0
APR_PB,D,20161107,000000,3.4247,3.4247,3.3252,3.3749,0,0
APR_PB,D,20161108,000000,3.3749,3.3749,3.3052,3.365,0,0
APR_PB,D,20161109,000000,3.1758,3.355,3.1758,3.3451,0,0
APR_PB,D,20161110,000000,3.4048,3.584,3.3451,3.4944,0,0
APR_PB,D,20161114,000000,3.5342,3.5342,3.365,3.4745,0,0
APR_PB,D,20161115,000000,3.3849,3.4745,3.3849,3.4645,0,0
APR_PB,D,20161116,000000,3.4944,3.5143,3.4048,3.4546,0,0
APR_PB,D,20161117,000000,3.4048,3.4048,3.3252,3.365,0,0
APR_PB,D,20161118,000000,3.365,3.4048,3.1957,3.1957,0,0
APR_PB,D,20161121,000000,3.1957,3.2057,3.126,3.1559,0,0
APR_PB,D,20161122,000000,3.1559,3.1858,3.0962,3.1758,0,0
APR_PB,D,20161123,000000,3.1858,3.2057,3.126,3.1957,0,0
APR_PB,D,20161124,000000,3.2057,3.2754,3.146,3.1858,0,0
APR_PB,D,20161125,000000,3.2256,3.2555,3.1858,3.2555,0,0
APR_PB,D,20161128,000000,3.2555,3.2853,3.2156,3.2455,0,0
APR_PB,D,20161129,000000,3.2853,3.2853,3.2156,3.2356,0,0
APR_PB,D,20161130,000000,3.2455,3.2754,3.2057,3.2754,0,0
APR_PB,D,20161201,000000,3.2754,3.2754,3.2455,3.2654,0,0
APR_PB,D,20161202,000000,3.2654,3.2654,3.1659,3.2156,0,0
APR_PB,D,20161205,000000,3.2455,3.2455,3.1659,3.2455,0,0
APR_PB,D,20161206,000000,3.2455,3.2555,3.2057,3.2455,0,0
APR_PB,D,20161207,000000,3.2455,3.2455,3.2156,3.2455,0,0
APR_PB,D,20161208,000000,3.2256,3.2455,3.1858,3.2356,0,0
APR_PB,D,20161209,000000,3.2256,3.2256,3.2156,3.2256,0,0
APR_PB,D,20161212,000000,3.2754,3.3849,3.2754,3.3749,0,0
APR_PB,D,20161213,000000,3.3749,3.4048,3.3451,3.3749,0,0
APR_PB,D,20161214,000000,3.3948,3.3948,3.2754,3.2953,0,0
APR_PB,D,20161215,000000,3.2853,3.3451,3.2853,3.3451,0,0
APR_PB,D,20161216,000000,3.355,3.3749,3.3451,3.355,0,0
APR_PB,D,20161219,000000,3.365,3.365,3.3052,3.3451,0,0
APR_PB,D,20161220,000000,3.3451,3.365,3.3052,3.3152,0,0
APR_PB,D,20161221,000000,3.3451,3.3451,3.3052,3.3451,0,0
APR_PB,D,20161222,000000,3.3252,3.3351,3.3052,3.3052,0,0
APR_PB,D,20161223,000000,3.3351,3.3351,3.2853,3.3052,0,0
APR_PB,D,20161227,000000,3.3152,3.3152,3.2455,3.3052,0,0
APR_PB,D,20161228,000000,3.3052,3.3152,3.2455,3.2555,0,0
APR_PB,D,20161229,000000,3.2754,3.3252,3.2356,3.3252,0,0
APR_PB,D,20161230,000000,3.3252,3.3451,3.2654,3.3451,0,0
APR_PB,D,20170102,000000,3.3749,3.3749,3.3152,3.3351,0,0
APR_PB,D,20170103,000000,3.355,3.3749,3.3252,3.3749,0,0
APR_PB,D,20170104,000000,3.3948,3.3948,3.355,3.3948,0,0
APR_PB,D,20170105,000000,3.4048,3.6537,3.4048,3.5442,0,0
APR_PB,D,20170109,000000,3.574,3.6139,3.5044,3.5442,0,0
APR_PB,D,20170110,000000,3.5641,3.5641,3.4745,3.5044,0,0
APR_PB,D,20170111,000000,3.5243,3.5243,3.4446,3.4844,0,0
APR_PB,D,20170112,000000,3.4844,3.5442,3.4048,3.4745,0,0
APR_PB,D,20170113,000000,3.5342,3.5342,3.4745,3.5342,0,0
APR_PB,D,20170116,000000,3.5342,3.5342,3.4844,3.5044,0,0
APR_PB,D,20170117,000000,3.5243,3.5442,3.4645,3.4645,0,0
APR_PB,D,20170118,000000,3.4745,3.4745,3.2057,3.2455,0,0
APR_PB,D,20170119,000000,3.2754,3.3451,3.2057,3.3152,0,0
APR_PB,D,20170120,000000,3.3152,3.4844,3.3152,3.4745,0,0
APR_PB,D,20170123,000000,3.4745,3.5442,3.4745,3.5442,0,0
APR_PB,D,20170124,000000,3.5442,3.7732,3.5442,3.7333,0,0
APR_PB,D,20170125,000000,3.7831,3.7931,3.6636,3.7035,0,0
APR_PB,D,20170126,000000,3.7931,3.7931,3.6636,3.7333,0,0
APR_PB,D,20170127,000000,3.7333,3.7333,3.6636,3.7035,0,0
APR_PB,D,20170130,000000,3.6636,3.7234,3.6338,3.6935,0,0
APR_PB,D,20170131,000000,3.7035,3.7732,3.6437,3.6636,0,0
APR_PB,D,20170201,000000,3.6935,3.7134,3.6437,3.7134,0,0
APR_PB,D,20170202,000000,3.7234,3.7732,3.7134,3.7333,0,0
APR_PB,D,20170203,000000,3.7732,3.7732,3.6736,3.7134,0,0
APR_PB,D,20170206,000000,3.7234,3.7234,3.6736,3.6736,0,0
APR_PB,D,20170207,000000,3.6537,3.6537,3.594,3.594,0,0
APR_PB,D,20170208,000000,3.6437,3.6437,3.5442,3.574,0,0
APR_PB,D,20170209,000000,3.594,3.6935,3.584,3.6039,0,0
APR_PB,D,20170210,000000,3.6039,3.6736,3.6039,3.6736,0,0
APR_PB,D,20170213,000000,3.6836,3.7035,3.6437,3.6736,0,0
APR_PB,D,20170214,000000,3.6736,3.7035,3.6537,3.6736,0,0
APR_PB,D,20170215,000000,3.6736,3.7134,3.6437,3.6437,0,0
APR_PB,D,20170216,000000,3.7035,3.7035,3.6537,3.6537,0,0
APR_PB,D,20170217,000000,3.6636,3.6636,3.6039,3.6039,0,0
APR_PB,D,20170220,000000,3.6636,3.6935,3.6537,3.6537,0,0
APR_PB,D,20170221,000000,3.6935,3.6935,3.6238,3.6636,0,0
APR_PB,D,20170222,000000,3.6736,3.6736,3.6338,3.6636,0,0
APR_PB,D,20170223,000000,3.6338,3.6935,3.6338,3.6736,0,0
APR_PB,D,20170224,000000,3.6836,3.6935,3.6238,3.6338,0,0
APR_PB,D,20170227,000000,3.6836,3.6836,3.584,3.6537,0,0
APR_PB,D,20170228,000000,3.6437,3.6437,3.5342,3.584,0,0
APR_PB,D,20170301,000000,3.6238,3.6238,3.5143,3.5143,0,0
APR_PB,D,20170302,000000,3.5143,3.584,3.4745,3.584,0,0
APR_PB,D,20170303,000000,3.574,3.574,3.5342,3.574,0,0
APR_PB,D,20170306,000000,3.574,3.574,3.5342,3.5442,0,0
APR_PB,D,20170307,000000,3.5442,3.6039,3.5442,3.5641,0,0
APR_PB,D,20170308,000000,3.584,3.584,3.5442,3.5541,0,0
APR_PB,D,20170309,000000,3.5442,3.5541,3.4645,3.4745,0,0
APR_PB,D,20170310,000000,3.4745,3.594,3.4247,3.594,0,0
APR_PB,D,20170313,000000,3.6636,3.7234,3.6636,3.6836,0,0
APR_PB,D,20170314,000000,3.7333,3.7333,3.6636,3.6736,0,0
APR_PB,D,20170315,000000,3.7234,3.7732,3.6736,3.7732,0,0
APR_PB,D,20170316,000000,3.7732,4.042,3.7632,3.9623,0,0
APR_PB,D,20170317,000000,3.9623,4.0121,3.9324,3.9922,0,0
APR_PB,D,20170320,000000,4.042,4.0519,3.9623,4.0519,0,0
APR_PB,D,20170321,000000,4.0619,4.1913,3.9623,3.9623,0,0
APR_PB,D,20170322,000000,3.9623,3.9623,3.8628,3.9324,0,0
APR_PB,D,20170323,000000,4.0619,4.1714,4.042,4.1116,0,0
APR_PB,D,20170324,000000,4.1614,4.1614,3.9922,4.1316,0,0
APR_PB,D,20170327,000000,4.032,4.1316,4.032,4.1216,0,0
APR_PB,D,20170328,000000,4.1216,4.1216,4.0121,4.0818,0,0
APR_PB,D,20170329,000000,4.022,4.022,3.8827,3.9125,0,0
APR_PB,D,20170330,000000,3.8827,4.0021,3.8628,3.9623,0,0
APR_PB,D,20170331,000000,3.8628,4.0121,3.8628,3.9623,0,0
APR_PB,D,20170403,000000,3.8628,4.032,3.8628,4.0121,0,0
APR_PB,D,20170404,000000,4.0121,4.1017,4.0121,4.042,0,0
APR_PB,D,20170405,000000,4.1913,4.1913,3.9424,3.9424,0,0
APR_PB,D,20170406,000000,3.8428,3.8428,3.6238,3.6636,0,0
APR_PB,D,20170407,000000,3.6636,3.6935,3.6338,3.6636,0,0
APR_PB,D,20170410,000000,3.6636,3.7035,3.6238,3.6636,0,0
APR_PB,D,20170411,000000,3.6636,3.6935,3.6139,3.6636,0,0
APR_PB,D,20170412,000000,3.6636,3.6636,3.6039,3.6437,0,0
APR_PB,D,20170413,000000,3.6338,3.6437,3.6039,3.6139,0,0
APR_PB,D,20170418,000000,3.6139,3.6139,3.5143,3.5541,0,0
APR_PB,D,20170419,000000,3.5641,3.6935,3.5541,3.6836,0,0
APR_PB,D,20170420,000000,3.6935,3.6935,3.6039,3.6636,0,0
APR_PB,D,20170421,000000,3.6636,3.6836,3.6039,3.6836,0,0
APR_PB,D,20170424,000000,3.6836,3.7433,3.6437,3.7433,0,0
APR_PB,D,20170425,000000,3.803,3.8329,3.7732,3.803,0,0
APR_PB,D,20170426,000000,3.8229,3.8329,3.7134,3.7931,0,0
APR_PB,D,20170427,000000,3.803,3.803,3.7333,3.803,0,0
APR_PB,D,20170428,000000,3.7931,3.8428,3.7732,3.8428,0,0
APR_PB,D,20170502,000000,3.803,3.8926,3.803,3.8727,0,0
APR_PB,D,20170504,000000,3.9026,3.9822,3.8528,3.8926,0,0
APR_PB,D,20170505,000000,3.9026,3.9125,3.8628,3.9125,0,0
APR_PB,D,20170508,000000,3.9324,3.9524,3.9026,3.9125,0,0
APR_PB,D,20170509,000000,3.9225,3.9225,3.8428,3.8428,0,0
APR_PB,D,20170510,000000,3.8229,3.8926,3.7333,3.8727,0,0
APR_PB,D,20170511,000000,3.8727,3.9125,3.803,3.9026,0,0
APR_PB,D,20170512,000000,3.8926,3.9324,3.8329,3.9324,0,0
APR_PB,D,20170515,000000,3.9424,3.9524,3.8727,3.8727,0,0
APR_PB,D,20170516,000000,3.9026,3.9026,3.7931,3.8727,0,0
APR_PB,D,20170517,000000,3.8727,3.8727,3.7433,3.7732,0,0
APR_PB,D,20170518,000000,3.7234,3.8727,3.6636,3.8727,0,0
APR_PB,D,20170519,000000,3.8428,3.9026,3.8329,3.8727,0,0
APR_PB,D,20170522,000000,3.8926,3.8926,3.8428,3.8428,0,0
APR_PB,D,20170523,000000,3.8727,3.8727,3.803,3.813,0,0
APR_PB,D,20170524,000000,3.8229,3.9524,3.8229,3.9524,0,0
APR_PB,D,20170525,000000,3.9524,4.032,3.9524,4.032,0,0
APR_PB,D,20170526,000000,4.0519,4.0519,4.0021,4.0519,0,0
APR_PB,D,20170529,000000,4.0619,4.0619,4.0021,4.0519,0,0
APR_PB,D,20170530,000000,4.0818,4.1415,3.8329,3.8329,0,0
APR_PB,D,20170531,000000,3.8628,3.8628,3.7532,3.8628,0,0
APR_PB,D,20170601,000000,3.8727,3.8727,3.813,3.8528,0,0
APR_PB,D,20170602,000000,3.9524,3.9524,3.8827,3.9125,0,0
APR_PB,D,20170605,000000,3.9225,3.9723,3.8926,3.9125,0,0
APR_PB,D,20170606,000000,3.9225,3.9723,3.9125,3.9225,0,0
APR_PB,D,20170607,000000,3.9822,3.9822,3.8428,3.8428,0,0
APR_PB,D,20170608,000000,3.8827,3.9026,3.8428,3.9026,0,0
APR_PB,D,20170609,000000,3.9125,3.9225,3.8827,3.9026,0,0
APR_PB,D,20170612,000000,3.9524,3.9524,3.8628,3.8628,0,0
APR_PB,D,20170613,000000,3.8827,3.8827,3.8428,3.8727,0,0
APR_PB,D,20170614,000000,3.8827,3.9324,3.8827,3.9026,0,0
APR_PB,D,20170616,000000,3.9125,3.9324,3.8628,3.9026,0,0
APR_PB,D,20170619,000000,3.9026,3.9324,3.9026,3.9026,0,0
APR_PB,D,20170620,000000,3.8628,3.9125,3.8628,3.8727,0,0
APR_PB,D,20170621,000000,3.8727,3.9026,3.8428,3.9026,0,0
APR_PB,D,20170622,000000,3.9026,3.9026,3.8628,3.8628,0,0
APR_PB,D,20170623,000000,3.9026,3.9026,3.8528,3.8628,0,0
APR_PB,D,20170626,000000,3.8628,4.3108,3.8628,4.3108,0,0
APR_PB,D,20170627,000000,4.3108,4.3307,4.3108,4.3108,0,0
APR_PB,D,20170628,000000,4.3406,4.3506,4.2809,4.2809,0,0
APR_PB,D,20170629,000000,4.3008,4.3008,4.1614,4.261,0,0
APR_PB,D,20170630,000000,4.2709,4.2709,4.1714,4.2112,0,0
APR_PB,D,20170703,000000,4.1614,4.261,4.1614,4.2411,0,0
APR_PB,D,20170704,000000,4.2709,4.2709,4.1813,4.261,0,0
APR_PB,D,20170705,000000,4.261,4.261,4.1515,4.1714,0,0
APR_PB,D,20170706,000000,4.1714,4.1714,4.0818,4.1415,0,0
APR_PB,D,20170707,000000,4.1017,4.251,4.0818,4.1813,0,0
APR_PB,D,20170710,000000,4.1515,4.2411,4.1515,4.2212,0,0
APR_PB,D,20170711,000000,4.1813,4.2212,4.1813,4.2112,0,0
APR_PB,D,20170712,000000,4.2212,4.251,4.1515,4.2112,0,0
APR_PB,D,20170713,000000,4.2212,4.251,4.1813,4.2012,0,0
APR_PB,D,20170714,000000,4.1813,4.2212,4.1614,4.2212,0,0
APR_PB,D,20170717,000000,4.2311,4.2311,4.1913,4.1913,0,0
APR_PB,D,20170718,000000,4.2112,4.2112,4.0818,4.1515,0,0
APR_PB,D,20170719,000000,4.1714,4.1813,4.032,4.0619,0,0
APR_PB,D,20170720,000000,4.0619,4.1216,3.9922,4.1216,0,0
APR_PB,D,20170721,000000,4.1216,4.1216,4.0818,4.1017,0,0
APR_PB,D,20170724,000000,4.1017,4.1116,3.9922,4.0718,0,0
APR_PB,D,20170725,000000,4.0718,4.0718,3.9822,3.9822,0,0
APR_PB,D,20170726,000000,3.9922,3.9922,3.9026,3.9524,0,0
APR_PB,D,20170727,000000,3.9524,3.9922,3.8628,3.9822,0,0
APR_PB,D,20170728,000000,3.9822,3.9922,3.9026,3.9324,0,0
APR_PB,D,20170731,000000,3.9324,3.9822,3.7732,3.7732,0,0
APR_PB,D,20170801,000000,3.803,3.9225,3.7134,3.9225,0,0
APR_PB,D,20170802,000000,3.9623,3.9922,3.9225,3.9922,0,0
APR_PB,D,20170803,000000,3.9922,3.9922,3.9723,3.9922,0,0
APR_PB,D,20170804,000000,3.9822,3.9922,3.9623,3.9922,0,0
APR_PB,D,20170807,000000,3.9922,3.9922,3.8827,3.9922,0,0
APR_PB,D,20170808,000000,3.9822,3.9822,3.9324,3.9623,0,0
APR_PB,D,20170809,000000,3.9623,3.9723,3.9225,3.9225,0,0
APR_PB,D,20170810,000000,3.9623,4.0619,3.9225,4.042,0,0
APR_PB,D,20170811,000000,4.022,4.032,3.9225,4.0121,0,0
APR_PB,D,20170814,000000,4.0021,4.0121,3.9822,3.9922,0,0
APR_PB,D,20170816,000000,4.022,4.022,3.9225,3.9225,0,0
APR_PB,D,20170817,000000,3.9922,3.9922,3.8926,3.9524,0,0
APR_PB,D,20170818,000000,3.9922,3.9922,3.8926,3.9225,0,0
APR_PB,D,20170821,000000,3.9026,3.9424,3.9026,3.9324,0,0
APR_PB,D,20170822,000000,3.9225,3.9623,3.9225,3.9623,0,0
APR_PB,D,20170823,000000,3.9125,3.9922,3.9125,3.9524,0,0
APR_PB,D,20170824,000000,3.9922,3.9922,3.9324,3.9723,0,0
APR_PB,D,20170825,000000,3.9922,3.9922,3.9026,3.9125,0,0
APR_PB,D,20170828,000000,3.9723,3.9723,3.8827,3.9324,0,0
APR_PB,D,20170829,000000,3.9324,3.9922,3.9324,3.9922,0,0
APR_PB,D,20170830,000000,3.9922,4.1316,3.9324,4.1216,0,0
APR_PB,D,20170831,000000,4.1216,4.1216,4.0818,4.1216,0,0
APR_PB,D,20170901,000000,4.1216,4.2112,4.1116,4.2112,0,0
APR_PB,D,20170904,000000,4.251,4.251,4.1017,4.1116,0,0
APR_PB,D,20170905,000000,4.1316,4.1316,4.0121,4.022,0,0
APR_PB,D,20170906,000000,4.022,4.022,3.9623,3.9922,0,0
APR_PB,D,20170907,000000,4.0519,4.0519,3.9424,4.022,0,0
APR_PB,D,20170908,000000,4.022,4.0519,3.9623,4.0519,0,0
APR_PB,D,20170911,000000,4.0519,4.0519,3.9723,4.0519,0,0
APR_PB,D,20170912,000000,4.0619,4.0619,4.022,4.0519,0,0
APR_PB,D,20170913,000000,4.0519,4.0519,3.9922,4.022,0,0
APR_PB,D,20170914,000000,4.022,4.0519,3.9623,4.032,0,0
APR_PB,D,20170915,000000,4.022,4.032,3.9623,3.9623,0,0
APR_PB,D,20170918,000000,3.9623,4.022,3.9623,4.0021,0,0
APR_PB,D,20170919,000000,4.0121,4.042,4.0121,4.042,0,0
APR_PB,D,20170920,000000,3.9723,4.0121,2.8075,2.8075,0,0
APR_PB,D,20170921,000000,2.8274,2.8572,2.8075,2.8274,0,0
APR_PB,D,20170922,000000,2.8572,2.8572,2.7975,2.8572,0,0
APR_PB,D,20170925,000000,2.8473,2.8473,2.8274,2.8473,0,0
APR_PB,D,20170926,000000,2.8373,2.8373,2.7975,2.8075,0,0
APR_PB,D,20170927,000000,2.8075,2.8075,2.7577,2.8075,0,0
APR_PB,D,20170928,000000,2.8075,2.8075,2.8075,2.8075,0,0
APR_PB,D,20170929,000000,2.9468,2.9468,2.9468,2.9468,0,0
APR_PB,D,20171002,000000,2.9568,2.9568,2.8473,2.8672,0,0
APR_PB,D,20171003,000000,2.8672,2.8672,2.8075,2.8274,0,0
APR_PB,D,20171004,000000,2.8274,2.8473,2.7975,2.8075,0,0
APR_PB,D,20171005,000000,2.7975,2.8274,2.7975,2.8274,0,0
APR_PB,D,20171006,000000,2.8274,2.8473,2.7876,2.8373,0,0
APR_PB,D,20171009,000000,2.8373,2.8473,2.8075,2.8075,0,0
APR_PB,D,20171010,000000,2.8373,2.8473,2.8075,2.8075,0,0
APR_PB,D,20171011,000000,2.7975,2.8274,2.7975,2.8075,0,0
APR_PB,D,20171012,000000,2.8174,2.8174,2.7477,2.7776,0,0
APR_PB,D,20171013,000000,2.8174,2.8174,2.7776,2.7776,0,0
APR_PB,D,20171016,000000,2.7975,2.7975,2.7477,2.7876,0,0
APR_PB,D,20171017,000000,2.7876,2.7876,2.6681,2.678,0,0
APR_PB,D,20171018,000000,2.7378,2.7378,2.5785,2.7179,0,0
APR_PB,D,20171019,000000,2.7179,2.7179,2.6482,2.678,0,0
APR_PB,D,20171020,000000,2.678,2.678,2.6482,2.678,0,0
APR_PB,D,20171023,000000,2.678,2.678,2.5984,2.6581,0,0
APR_PB,D,20171024,000000,2.6581,2.6581,2.5785,2.6084,0,0
APR_PB,D,20171025,000000,2.6084,2.6482,2.5486,2.6482,0,0
APR_PB,D,20171026,000000,2.6681,2.678,2.6382,2.678,0,0
APR_PB,D,20171027,000000,2.678,2.688,2.6482,2.678,0,0
APR_PB,D,20171030,000000,2.7179,2.7179,2.5785,2.5785,0,0
APR_PB,D,20171031,000000,2.5884,2.6382,2.5785,2.6283,0,0
APR_PB,D,20171102,000000,2.6681,2.6681,2.5387,2.5486,0,0
APR_PB,D,20171103,000000,2.5287,2.5387,2.4491,2.5287,0,0
APR_PB,D,20171106,000000,2.4889,2.5287,2.4889,2.5188,0,0
APR_PB,D,20171107,000000,2.5287,2.5486,2.4889,2.5287,0,0
APR_PB,D,20171108,000000,2.5188,2.5387,2.4789,2.4988,0,0
APR_PB,D,20171109,000000,2.4988,2.4988,2.4789,2.4889,0,0
APR_PB,D,20171110,000000,2.4988,2.4988,2.4789,2.4789,0,0
APR_PB,D,20171113,000000,2.4789,2.5188,2.4491,2.4789,0,0
APR_PB,D,20171114,000000,2.4789,2.5188,2.459,2.4789,0,0
APR_PB,D,20171115,000000,2.4789,2.5486,2.3993,2.5486,0,0
APR_PB,D,20171116,000000,2.5486,2.6681,2.4889,2.4889,0,0
APR_PB,D,20171117,000000,2.5287,2.5287,2.4292,2.5188,0,0
APR_PB,D,20171120,000000,2.5188,2.5188,2.469,2.4988,0,0
APR_PB,D,20171121,000000,2.5188,2.5188,2.4491,2.5188,0,0
APR_PB,D,20171122,000000,2.5486,2.5486,2.4789,2.5387,0,0
APR_PB,D,20171123,000000,2.5486,2.5486,2.4889,2.5486,0,0
APR_PB,D,20171124,000000,2.5486,2.5785,2.5486,2.5586,0,0
APR_PB,D,20171127,000000,2.5287,2.6283,2.5287,2.6283,0,0
APR_PB,D,20171128,000000,2.6283,2.6581,2.6283,2.6581,0,0
APR_PB,D,20171129,000000,2.6581,2.7079,2.6581,2.678,0,0
APR_PB,D,20171130,000000,2.688,2.688,2.5387,2.5785,0,0
APR_PB,D,20171201,000000,2.5785,2.6084,2.5486,2.5984,0,0
APR_PB,D,20171204,000000,2.6084,2.6283,2.5586,2.6283,0,0
APR_PB,D,20171205,000000,2.6482,2.7079,2.6183,2.7079,0,0
APR_PB,D,20171206,000000,2.6283,2.698,2.6283,2.698,0,0
APR_PB,D,20171207,000000,2.698,2.698,2.6681,2.688,0,0
APR_PB,D,20171208,000000,2.698,2.698,2.6084,2.6482,0,0
APR_PB,D,20171211,000000,2.6482,2.6482,2.6084,2.6382,0,0
APR_PB,D,20171212,000000,2.6382,2.6382,2.5785,2.6183,0,0
APR_PB,D,20171213,000000,2.6283,2.6681,2.5884,2.6283,0,0
APR_PB,D,20171214,000000,2.6482,2.7179,2.6482,2.7179,0,0
APR_PB,D,20171215,000000,2.7278,2.7876,2.7278,2.7577,0,0
APR_PB,D,20171218,000000,2.7577,2.7577,2.7477,2.7477,0,0
APR_PB,D,20171219,000000,2.4889,2.7477,2.4491,2.4491,0,0
APR_PB,D,20171220,000000,2.469,2.5188,2.4391,2.4391,0,0
APR_PB,D,20171221,000000,2.4491,2.4491,2.4192,2.4192,0,0
APR_PB,D,20171222,000000,2.4789,2.4789,2.4192,2.4391,0,0
APR_PB,D,20171227,000000,2.4391,2.4491,2.3893,2.4092,0,0
APR_PB,D,20171228,000000,2.4192,2.4889,2.3993,2.4889,0,0
APR_PB,D,20171229,000000,2.4292,2.4789,2.4092,2.4292,0,0
APR_PB,D,20180103,000000,2.4789,2.4988,2.4789,2.4988,0,0
APR_PB,D,20180104,000000,2.4988,2.5586,2.4988,2.5387,0,0
APR_PB,D,20180105,000000,2.5586,2.5785,2.5088,2.5785,0,0
APR_PB,D,20180108,000000,2.5785,2.5785,2.5287,2.5586,0,0
APR_PB,D,20180109,000000,2.5785,2.5785,2.5486,2.5486,0,0
APR_PB,D,20180110,000000,2.5586,2.5586,2.469,2.5287,0,0
APR_PB,D,20180111,000000,2.5486,2.5486,2.4889,2.4988,0,0
APR_PB,D,20180112,000000,2.5287,2.5387,2.4988,2.5088,0,0
APR_PB,D,20180115,000000,2.5188,2.5586,2.4988,2.5586,0,0
APR_PB,D,20180116,000000,2.5586,2.5586,2.5188,2.5188,0,0
APR_PB,D,20180117,000000,2.5287,2.5287,2.4988,2.5088,0,0
APR_PB,D,20180118,000000,2.5188,2.5486,2.4889,2.5486,0,0
APR_PB,D,20180119,000000,2.5586,2.5685,2.5287,2.5387,0,0
APR_PB,D,20180122,000000,2.5685,2.5685,2.4988,2.4988,0,0
APR_PB,D,20180123,000000,2.5486,2.5486,2.469,2.4789,0,0
APR_PB,D,20180124,000000,2.5088,2.5088,2.3893,2.4789,0,0
APR_PB,D,20180125,000000,2.5088,2.5387,2.5088,2.5387,0,0
APR_PB,D,20180126,000000,2.5486,2.5586,2.5486,2.5586,0,0
APR_PB,D,20180129,000000,2.5586,2.5586,2.5387,2.5586,0,0
APR_PB,D,20180130,000000,2.5486,2.5486,2.5088,2.5387,0,0
APR_PB,D,20180131,000000,2.5287,2.5287,2.4988,2.5287,0,0
APR_PB,D,20180201,000000,2.5287,2.5486,2.5188,2.5188,0,0
APR_PB,D,20180202,000000,2.5188,2.5287,2.469,2.5188,0,0
APR_PB,D,20180205,000000,2.5287,2.5287,2.4889,2.5088,0,0
APR_PB,D,20180206,000000,2.3893,2.459,2.3794,2.4292,0,0
APR_PB,D,20180207,000000,2.4391,2.4889,2.4391,2.469,0,0
APR_PB,D,20180208,000000,2.4889,2.4889,2.4292,2.469,0,0
APR_PB,D,20180209,000000,2.4391,2.469,2.4391,2.469,0,0
APR_PB,D,20180212,000000,2.4789,2.4789,2.4192,2.4491,0,0
APR_PB,D,20180213,000000,2.4491,2.4988,2.4292,2.4988,0,0
APR_PB,D,20180214,000000,2.4988,2.6084,2.4988,2.6084,0,0
APR_PB,D,20180215,000000,2.6283,2.6581,2.6084,2.6382,0,0
APR_PB,D,20180216,000000,2.6382,2.6681,2.6084,2.6283,0,0
APR_PB,D,20180219,000000,2.6581,2.6581,2.5884,2.6283,0,0
APR_PB,D,20180220,000000,2.6283,2.6283,2.5287,2.5287,0,0
APR_PB,D,20180221,000000,2.5785,2.5884,2.5088,2.5287,0,0
APR_PB,D,20180222,000000,2.5088,2.5785,2.4988,2.5287,0,0
APR_PB,D,20180223,000000,2.5685,2.5685,2.5088,2.5486,0,0
APR_PB,D,20180226,000000,2.5586,2.5785,2.5287,2.5486,0,0
APR_PB,D,20180227,000000,2.5685,2.5685,2.5188,2.5586,0,0
APR_PB,D,20180228,000000,2.5586,2.5586,2.4889,2.4988,0,0
APR_PB,D,20180301,000000,2.4988,2.4988,2.4889,2.4988,0,0
APR_PB,D,20180302,000000,2.3495,2.4092,2.3097,2.3097,0,0
APR_PB,D,20180305,000000,2.3296,2.3495,2.2898,2.3196,0,0
APR_PB,D,20180306,000000,2.3296,2.3794,2.3196,2.3396,0,0
APR_PB,D,20180307,000000,2.3396,2.3495,2.2997,2.3196,0,0
APR_PB,D,20180308,000000,2.3495,2.3694,2.2898,2.3196,0,0
APR_PB,D,20180309,000000,2.3296,2.3296,2.2997,2.3097,0,0
APR_PB,D,20180312,000000,2.3196,2.3495,2.3196,2.3196,0,0
APR_PB,D,20180313,000000,2.3396,2.3396,2.3097,2.3196,0,0
APR_PB,D,20180314,000000,2.3196,2.3495,2.3097,2.3196,0,0
APR_PB,D,20180315,000000,2.3296,2.3396,2.3097,2.3396,0,0
APR_PB,D,20180316,000000,2.3396,2.3396,2.2898,2.3196,0,0
APR_PB,D,20180319,000000,2.3196,2.3196,2.2997,2.3097,0,0
APR_PB,D,20180320,000000,2.3097,2.3196,2.2997,2.3196,0,0
APR_PB,D,20180321,000000,2.3196,2.3196,2.2898,2.2898,0,0
APR_PB,D,20180322,000000,2.3396,2.3396,2.2798,2.2997,0,0
APR_PB,D,20180323,000000,2.2699,2.2997,2.1703,2.24,0,0
APR_PB,D,20180326,000000,2.24,2.3196,2.24,2.3196,0,0
APR_PB,D,20180327,000000,2.3097,2.3097,2.23,2.2699,0,0
APR_PB,D,20180328,000000,2.2997,2.2997,2.1504,2.1604,0,0
APR_PB,D,20180329,000000,2.1703,2.2101,2.1305,2.1902,0,0
APR_PB,D,20180403,000000,2.1902,2.2699,2.1902,2.25,0,0
APR_PB,D,20180404,000000,2.2599,2.2599,2.2101,2.2201,0,0
APR_PB,D,20180405,000000,2.25,2.2798,2.1902,2.1902,0,0
APR_PB,D,20180406,000000,2.2201,2.2997,2.2002,2.2997,0,0
APR_PB,D,20180409,000000,2.3196,2.3396,2.2798,2.3296,0,0
APR_PB,D,20180410,000000,2.3196,2.3296,2.2798,2.2898,0,0
APR_PB,D,20180411,000000,2.3196,2.3196,2.25,2.25,0,0
APR_PB,D,20180412,000000,2.2997,2.2997,2.23,2.2898,0,0
APR_PB,D,20180413,000000,2.2898,2.3694,2.2898,2.3694,0,0
APR_PB,D,20180416,000000,2.3893,2.3893,2.3196,2.3893,0,0
APR_PB,D,20180417,000000,2.3893,2.3893,2.3495,2.3694,0,0
APR_PB,D,20180418,000000,2.3694,2.3694,2.3097,2.3694,0,0
APR_PB,D,20180419,000000,2.3595,2.3595,2.3296,2.3396,0,0
APR_PB,D,20180420,000000,2.3396,2.3495,2.3097,2.3396,0,0
APR_PB,D,20180423,000000,2.3097,2.3396,2.2798,2.2898,0,0
APR_PB,D,20180424,000000,2.3097,2.3196,2.23,2.3097,0,0
APR_PB,D,20180425,000000,2.3097,2.3097,2.1902,2.1902,0,0
APR_PB,D,20180426,000000,2.1902,2.2699,2.1902,2.2201,0,0
APR_PB,D,20180427,000000,2.23,2.23,2.1703,2.1902,0,0
APR_PB,D,20180430,000000,2.2101,2.2699,2.1902,2.2699,0,0
APR_PB,D,20180502,000000,2.2699,2.2699,2.2101,2.2101,0,0
APR_PB,D,20180504,000000,2.2599,2.2599,2.1504,2.1604,0,0
APR_PB,D,20180507,000000,2.1902,2.2798,2.1604,2.24,0,0
APR_PB,D,20180508,000000,2.2599,2.3296,2.1902,2.24,0,0
APR_PB,D,20180509,000000,2.2798,2.2798,2.2101,2.2101,0,0
APR_PB,D,20180510,000000,2.2699,2.2699,2.2201,2.2599,0,0
APR_PB,D,20180511,000000,2.2699,2.2798,2.2699,2.2798,0,0
APR_PB,D,20180514,000000,2.24,2.2798,2.2101,2.2599,0,0
APR_PB,D,20180515,000000,2.2699,2.2898,2.2201,2.2898,0,0
APR_PB,D,20180516,000000,2.2997,2.3196,2.24,2.2898,0,0
APR_PB,D,20180517,000000,2.2898,2.3296,2.2599,2.2798,0,0
APR_PB,D,20180518,000000,2.3097,2.3097,2.2201,2.24,0,0
APR_PB,D,20180521,000000,2.2798,2.2798,2.2101,2.23,0,0
APR_PB,D,20180522,000000,2.2798,2.2798,2.1703,2.24,0,0
APR_PB,D,20180523,000000,2.2798,2.2898,2.1703,2.1703,0,0
APR_PB,D,20180524,000000,2.1703,2.1703,2.1404,2.1703,0,0
APR_PB,D,20180525,000000,2.1703,2.1703,2.1305,2.1604,0,0
APR_PB,D,20180528,000000,2.1703,2.1703,2.1205,2.1404,0,0
APR_PB,D,20180529,000000,2.1404,2.1404,2.1106,2.1305,0,0
APR_PB,D,20180530,000000,2.1106,2.1404,2.0807,2.0807,0,0
APR_PB,D,20180601,000000,2.0508,2.0807,2.0508,2.0807,0,0
APR_PB,D,20180604,000000,2.0807,2.1703,2.0409,2.0409,0,0
APR_PB,D,20180605,000000,2.0907,2.0907,2.0508,2.0907,0,0
APR_PB,D,20180606,000000,2.1404,2.1404,2.0907,2.1006,0,0
APR_PB,D,20180607,000000,2.1205,2.1305,2.1106,2.1205,0,0
APR_PB,D,20180608,000000,2.1404,2.1504,2.1106,2.1504,0,0
APR_PB,D,20180611,000000,2.1604,2.1604,2.1604,2.1604,0,0
APR_PB,D,20180612,000000,2.1404,2.1504,2.1106,2.1404,0,0
APR_PB,D,20180613,000000,2.1404,2.1404,2.1106,2.1305,0,0
APR_PB,D,20180614,000000,2.1305,2.1404,2.1305,2.1305,0,0
APR_PB,D,20180615,000000,2.1305,2.1404,2.0608,2.1404,0,0
APR_PB,D,20180618,000000,2.0807,2.1305,2.0409,2.0807,0,0
APR_PB,D,20180619,000000,2.1006,2.1006,2.0309,2.0309,0,0
APR_PB,D,20180620,000000,1.9712,2.0807,1.9712,2.0807,0,0
APR_PB,D,20180621,000000,2.1006,2.1006,1.9712,1.9812,0,0
APR_PB,D,20180622,000000,2.011,2.011,1.9214,1.9413,0,0
APR_PB,D,20180625,000000,1.9413,1.9413,1.9214,1.9413,0,0
APR_PB,D,20180626,000000,1.9314,1.9314,1.8617,1.9115,0,0
APR_PB,D,20180627,000000,1.9115,1.9115,1.8916,1.9015,0,0
APR_PB,D,20180628,000000,2.0508,2.0508,1.8716,1.8716,0,0
APR_PB,D,20180629,000000,1.8716,1.9812,1.8716,1.9115,0,0
APR_PB,D,20180702,000000,1.9314,2.0309,1.8517,2.0309,0,0
APR_PB,D,20180703,000000,2.0508,2.0708,1.9612,2.011,0,0
APR_PB,D,20180704,000000,2.0608,2.0708,1.9513,2.0608,0,0
APR_PB,D,20180705,000000,2.0708,2.0708,2.011,2.0708,0,0
APR_PB,D,20180706,000000,2.0608,2.0608,2.021,2.0608,0,0
APR_PB,D,20180709,000000,2.0608,2.0608,2.0011,2.0409,0,0
APR_PB,D,20180710,000000,2.0508,2.0508,1.9911,2.0508,0,0
APR_PB,D,20180711,000000,2.0309,2.0309,1.9911,2.021,0,0
APR_PB,D,20180712,000000,2.021,2.021,1.9712,1.9712,0,0
APR_PB,D,20180713,000000,1.9712,1.9812,1.9712,1.9712,0,0
APR_PB,D,20180716,000000,1.9612,2.011,1.8716,1.9812,0,0
APR_PB,D,20180717,000000,1.9812,1.9812,1.9314,1.9812,0,0
APR_PB,D,20180718,000000,1.9812,1.9812,1.9314,1.9612,0,0
APR_PB,D,20180719,000000,1.8816,1.9812,1.8816,1.9314,0,0
APR_PB,D,20180720,000000,1.9314,2.0011,1.9314,1.9712,0,0
APR_PB,D,20180723,000000,1.9812,1.9911,1.9712,1.9712,0,0
APR_PB,D,20180724,000000,1.9911,2.0508,1.9911,2.0508,0,0
APR_PB,D,20180725,000000,2.0608,2.0807,2.021,2.0309,0,0
APR_PB,D,20180726,000000,2.0807,2.0907,2.0608,2.0807,0,0
APR_PB,D,20180727,000000,2.1205,2.1205,2.0309,2.0807,0,0
APR_PB,D,20180730,000000,2.0807,2.1106,2.0309,2.0708,0,0
APR_PB,D,20180731,000000,2.1106,2.1703,2.1106,2.1703,0,0
APR_PB,D,20180801,000000,2.1604,2.1604,2.0807,2.1006,0,0
APR_PB,D,20180802,000000,2.1205,2.1205,2.0807,2.0807,0,0
APR_PB,D,20180803,000000,2.1006,2.1006,2.0807,2.0807,0,0
APR_PB,D,20180806,000000,2.0907,2.0907,2.0807,2.0807,0,0
APR_PB,D,20180807,000000,2.1006,2.1006,2.0409,2.0608,0,0
APR_PB,D,20180808,000000,2.0907,2.0907,2.0608,2.0907,0,0
APR_PB,D,20180809,000000,2.0907,2.0907,2.0508,2.0508,0,0
APR_PB,D,20180810,000000,2.0907,2.0907,2.0907,2.0907,0,0
APR_PB,D,20180813,000000,2.0907,2.0907,2.0807,2.0807,0,0
APR_PB,D,20180814,000000,2.0907,2.0907,2.0807,2.0807,0,0
APR_PB,D,20180816,000000,2.0807,2.0807,1.9911,2.0608,0,0
APR_PB,D,20180817,000000,2.0608,2.0608,2.011,2.0608,0,0
APR_PB,D,20180820,000000,2.0508,2.0508,1.9911,2.0309,0,0
APR_PB,D,20180821,000000,2.0309,2.0508,2.011,2.011,0,0
APR_PB,D,20180822,000000,2.021,2.021,2.011,2.011,0,0
APR_PB,D,20180823,000000,2.0508,2.0508,2.0309,2.0309,0,0
APR_PB,D,20180824,000000,1.9911,2.0508,1.9911,2.0309,0,0
APR_PB,D,20180827,000000,2.0309,2.0309,2.0309,2.0309,0,0
APR_PB,D,20180828,000000,2.0309,2.0309,1.9911,2.021,0,0
APR_PB,D,20180829,000000,2.0309,2.0309,2.011,2.011,0,0
APR_PB,D,20180830,000000,1.9911,2.0309,1.9911,2.021,0,0
APR_PB,D,20180831,000000,2.021,2.0309,1.9911,2.0309,0,0
APR_PB,D,20180903,000000,2.0309,2.0309,1.9712,1.9812,0,0
APR_PB,D,20180904,000000,1.9612,1.9812,1.9015,1.9314,0,0
APR_PB,D,20180905,000000,1.9115,1.9612,1.8716,1.8916,0,0
APR_PB,D,20180906,000000,1.8916,1.9015,1.8119,1.8119,0,0
APR_PB,D,20180907,000000,1.8517,1.8716,1.792,1.8119,0,0
APR_PB,D,20180910,000000,1.7621,1.8716,1.7621,1.8119,0,0
APR_PB,D,20180911,000000,1.8517,1.8916,1.792,1.792,0,0
APR_PB,D,20180912,000000,1.8916,1.9712,1.7422,1.7422,0,0
APR_PB,D,20180913,000000,1.7721,1.782,1.7422,1.7621,0,0
APR_PB,D,20180914,000000,1.802,1.802,1.7223,1.7223,0,0
APR_PB,D,20180917,000000,1.7721,1.7721,1.7223,1.7223,0,0
APR_PB,D,20180918,000000,1.7024,1.802,1.7024,1.802,0,0
APR_PB,D,20180919,000000,1.802,1.802,1.792,1.802,0,0
APR_PB,D,20180920,000000,1.802,1.802,1.7721,1.792,0,0
APR_PB,D,20180921,000000,1.792,1.792,1.7522,1.782,0,0
APR_PB,D,20180924,000000,1.782,1.782,1.7721,1.7721,0,0
APR_PB,D,20180925,000000,1.782,1.782,1.7323,1.7721,0,0
APR_PB,D,20180926,000000,1.7721,1.7721,1.7323,1.7422,0,0
APR_PB,D,20180927,000000,1.7323,1.7621,1.6825,1.6924,0,0
APR_PB,D,20180928,000000,1.7522,1.7522,1.6825,1.7422,0,0
APR_PB,D,20181001,000000,1.7621,1.7621,1.6924,1.7223,0,0
APR_PB,D,20181002,000000,1.7323,1.7323,1.7024,1.7223,0,0
APR_PB,D,20181003,000000,1.7223,1.7323,1.7124,1.7223,0,0
APR_PB,D,20181004,000000,1.7323,1.7721,1.7223,1.7522,0,0
APR_PB,D,20181005,000000,1.7522,1.7621,1.7422,1.7621,0,0
APR_PB,D,20181008,000000,1.7422,1.7422,1.7024,1.7024,0,0
APR_PB,D,20181009,000000,1.7223,1.7621,1.7223,1.7621,0,0
APR_PB,D,20181010,000000,1.7721,1.8816,1.7621,1.802,0,0
APR_PB,D,20181011,000000,1.7522,1.8119,1.7422,1.792,0,0
APR_PB,D,20181012,000000,1.8119,1.8119,1.7621,1.7621,0,0
APR_PB,D,20181015,000000,1.792,1.792,1.7223,1.7323,0,0
APR_PB,D,20181016,000000,1.782,1.782,1.7024,1.7223,0,0
APR_PB,D,20181017,000000,1.7621,1.7621,1.7124,1.7124,0,0
APR_PB,D,20181018,000000,1.7522,1.7522,1.7223,1.7223,0,0
APR_PB,D,20181019,000000,1.7522,1.782,1.7223,1.7721,0,0
APR_PB,D,20181022,000000,1.782,1.782,1.7124,1.7223,0,0
APR_PB,D,20181023,000000,1.7621,1.7621,1.7024,1.7024,0,0
APR_PB,D,20181024,000000,1.7124,1.7323,1.7124,1.7223,0,0
APR_PB,D,20181025,000000,1.7223,1.7223,1.6626,1.7124,0,0
APR_PB,D,20181026,000000,1.7124,1.7124,1.6924,1.7024,0,0
APR_PB,D,20181029,000000,1.7124,1.7124,1.6725,1.6725,0,0
APR_PB,D,20181030,000000,1.6725,1.6825,1.6526,1.6725,0,0
APR_PB,D,20181031,000000,1.6725,1.6825,1.6626,1.6725,0,0
APR_PB,D,20181102,000000,1.6725,1.6825,1.6725,1.6725,0,0
APR_PB,D,20181105,000000,1.6725,1.7024,1.6626,1.6626,0,0
APR_PB,D,20181106,000000,1.6626,1.6725,1.6526,1.6725,0,0
APR_PB,D,20181107,000000,1.6725,1.6825,1.6626,1.6725,0,0
APR_PB,D,20181108,000000,1.6725,1.6825,1.6626,1.6725,0,0
APR_PB,D,20181109,000000,1.6725,1.6725,1.6526,1.6725,0,0
APR_PB,D,20181113,000000,1.6725,1.6825,1.6725,1.6725,0,0
APR_PB,D,20181114,000000,1.6725,1.6725,1.6626,1.6626,0,0
APR_PB,D,20181115,000000,1.6725,1.6725,1.6725,1.6725,0,0
APR_PB,D,20181116,000000,1.6725,1.6725,1.6228,1.6725,0,0
APR_PB,D,20181119,000000,1.6725,1.6725,1.6626,1.6725,0,0
APR_PB,D,20181120,000000,1.6626,1.6626,1.6128,1.6228,0,0
APR_PB,D,20181121,000000,1.6228,1.6526,1.6128,1.6526,0,0
APR_PB,D,20181122,000000,1.6626,1.6626,1.6526,1.6626,0,0
APR_PB,D,20181123,000000,1.6626,1.6626,1.6327,1.6327,0,0
APR_PB,D,20181126,000000,1.6526,1.6725,1.6327,1.6626,0,0
APR_PB,D,20181127,000000,1.6526,1.6626,1.6128,1.6327,0,0
APR_PB,D,20181128,000000,1.6327,1.6725,1.6327,1.6626,0,0
APR_PB,D,20181129,000000,1.6924,1.7124,1.5829,1.5829,0,0
APR_PB,D,20181130,000000,1.5829,1.6028,1.563,1.5829,0,0
APR_PB,D,20181203,000000,1.6128,1.6228,1.5929,1.6028,0,0
APR_PB,D,20181204,000000,1.6228,1.6228,1.563,1.5829,0,0
APR_PB,D,20181205,000000,1.5829,1.5829,1.573,1.5829,0,0
APR_PB,D,20181206,000000,1.5929,1.5929,1.563,1.5829,0,0
APR_PB,D,20181207,000000,1.5929,1.5929,1.573,1.5829,0,0
APR_PB,D,20181210,000000,1.5829,1.5829,1.573,1.573,0,0
APR_PB,D,20181211,000000,1.5929,1.5929,1.5232,1.5232,0,0
APR_PB,D,20181212,000000,1.5431,1.5829,1.5033,1.5829,0,0
APR_PB,D,20181213,000000,1.5929,1.5929,1.563,1.5929,0,0
APR_PB,D,20181214,000000,1.5929,1.6924,1.5929,1.6825,0,0
APR_PB,D,20181217,000000,1.6825,1.7323,1.6725,1.6725,0,0
APR_PB,D,20181218,000000,1.6825,1.6924,1.6626,1.6725,0,0
APR_PB,D,20181219,000000,1.6825,1.6825,1.6526,1.6825,0,0
APR_PB,D,20181220,000000,1.6825,1.6825,1.6626,1.6825,0,0
APR_PB,D,20181221,000000,1.6825,1.6825,1.6526,1.6526,0,0
APR_PB,D,20181227,000000,1.6725,1.6725,1.6626,1.6626,0,0
APR_PB,D,20181228,000000,1.6725,1.6924,1.6427,1.6526,0,0
APR_PB,D,20190102,000000,1.6526,1.6725,1.6526,1.6526,0,0
APR_PB,D,20190103,000000,1.6825,1.6825,1.6128,1.6128,0,0
APR_PB,D,20190104,000000,1.6128,1.6626,1.6028,1.6228,0,0
APR_PB,D,20190107,000000,1.6327,1.6526,1.6228,1.6427,0,0
APR_PB,D,20190108,000000,1.6725,1.6725,1.6427,1.6427,0,0
APR_PB,D,20190109,000000,1.6327,1.6626,1.6327,1.6626,0,0
APR_PB,D,20190110,000000,1.6327,1.6725,1.6327,1.6626,0,0
APR_PB,D,20190111,000000,1.6327,1.6626,1.6327,1.6626,0,0
APR_PB,D,20190114,000000,1.6526,1.7522,1.6327,1.7124,0,0
APR_PB,D,20190115,000000,1.7223,1.7522,1.7223,1.7323,0,0
APR_PB,D,20190116,000000,1.7323,1.7522,1.7323,1.7323,0,0
APR_PB,D,20190117,000000,1.7323,1.7422,1.6825,1.7124,0,0
APR_PB,D,20190118,000000,1.7124,1.7124,1.6725,1.6825,0,0
APR_PB,D,20190121,000000,1.6924,1.7124,1.6825,1.6924,0,0
APR_PB,D,20190122,000000,1.7024,1.7024,1.6526,1.6725,0,0
APR_PB,D,20190123,000000,1.6825,1.6924,1.6725,1.6924,0,0
APR_PB,D,20190124,000000,1.6924,1.6924,1.6626,1.6825,0,0
APR_PB,D,20190125,000000,1.6626,1.6825,1.6427,1.6725,0,0
APR_PB,D,20190128,000000,1.7124,1.7124,1.6427,1.6626,0,0
APR_PB,D,20190129,000000,1.6825,1.6825,1.6427,1.6427,0,0
APR_PB,D,20190130,000000,1.6427,1.6825,1.6327,1.6327,0,0
APR_PB,D,20190131,000000,1.6725,1.6825,1.6427,1.6825,0,0
APR_PB,D,20190201,000000,1.6825,1.6825,1.6526,1.6825,0,0
APR_PB,D,20190204,000000,1.7323,1.7323,1.6924,1.7124,0,0
APR_PB,D,20190205,000000,1.7223,1.7223,1.6924,1.7124,0,0
APR_PB,D,20190206,000000,1.7223,1.7223,1.6924,1.6924,0,0
APR_PB,D,20190207,000000,1.7024,1.7024,1.6526,1.6626,0,0
APR_PB,D,20190208,000000,1.6526,1.6725,1.6526,1.6725,0,0
APR_PB,D,20190211,000000,1.7124,1.7124,1.6626,1.7024,0,0
APR_PB,D,20190212,000000,1.7124,1.7124,1.6825,1.6924,0,0
APR_PB,D,20190213,000000,1.7024,1.7024,1.6725,1.6725,0,0
APR_PB,D,20190214,000000,1.6725,1.6825,1.6526,1.6825,0,0
APR_PB,D,20190215,000000,1.6825,1.6825,1.6725,1.6825,0,0
APR_PB,D,20190218,000000,1.7124,1.7124,1.6825,1.6924,0,0
APR_PB,D,20190219,000000,1.6924,1.6924,1.6825,1.6825,0,0
APR_PB,D,20190220,000000,1.6825,1.7124,1.6825,1.7124,0,0
APR_PB,D,20190221,000000,1.7124,1.7124,1.6725,1.6924,0,0
APR_PB,D,20190222,000000,1.6924,1.792,1.6924,1.792,0,0
APR_PB,D,20190225,000000,1.782,1.8318,1.782,1.802,0,0
APR_PB,D,20190226,000000,1.8119,1.8119,1.7621,1.782,0,0
APR_PB,D,20190227,000000,1.802,1.8219,1.782,1.792,0,0
APR_PB,D,20190228,000000,1.802,1.9115,1.802,1.8418,0,0
APR_PB,D,20190301,000000,1.8418,1.8617,1.802,1.802,0,0
APR_PB,D,20190304,000000,1.8318,1.8318,1.7721,1.802,0,0
APR_PB,D,20190305,000000,1.802,1.8318,1.782,1.8318,0,0
APR_PB,D,20190306,000000,1.8418,1.9015,1.8318,1.8716,0,0
APR_PB,D,20190307,000000,1.8716,1.8816,1.8517,1.8716,0,0
APR_PB,D,20190308,000000,1.8716,1.8716,1.8517,1.8716,0,0
APR_PB,D,20190311,000000,1.8716,1.8716,1.8617,1.8716,0,0
APR_PB,D,20190312,000000,1.8716,1.8716,1.8219,1.8219,0,0
APR_PB,D,20190313,000000,1.8318,1.8418,1.8219,1.8418,0,0
APR_PB,D,20190314,000000,1.8517,1.8517,1.8119,1.8219,0,0
APR_PB,D,20190315,000000,1.8318,1.8816,1.8318,1.8716,0,0
APR_PB,D,20190318,000000,1.8816,1.8816,1.8517,1.8716,0,0
APR_PB,D,20190319,000000,1.8716,1.8716,1.8517,1.8716,0,0
APR_PB,D,20190320,000000,1.8716,1.9015,1.8716,1.8816,0,0
APR_PB,D,20190321,000000,1.8916,1.9015,1.8816,1.9015,0,0
APR_PB,D,20190322,000000,1.9015,1.9015,1.8716,1.8716,0,0
APR_PB,D,20190325,000000,1.8716,1.9015,1.8716,1.8716,0,0
APR_PB,D,20190326,000000,1.8816,1.8816,1.8418,1.8418,0,0
APR_PB,D,20190327,000000,1.8716,1.8816,1.8219,1.8318,0,0
APR_PB,D,20190328,000000,1.8318,1.8916,1.8318,1.8716,0,0
APR_PB,D,20190329,000000,1.8617,1.8916,1.8617,1.8816,0,0
APR_PB,D,20190401,000000,1.9015,1.9314,1.8716,1.9314,0,0
APR_PB,D,20190402,000000,1.9513,1.9513,1.8617,1.9314,0,0
APR_PB,D,20190403,000000,1.9513,1.9513,1.9115,1.9314,0,0
APR_PB,D,20190404,000000,2.0309,2.0907,1.9911,1.9911,0,0
APR_PB,D,20190405,000000,2.0011,2.0508,1.9812,2.0011,0,0
APR_PB,D,20190408,000000,2.0011,2.0508,1.9612,2.0011,0,0
APR_PB,D,20190409,000000,2.011,2.0309,1.9911,1.9911,0,0
APR_PB,D,20190410,000000,1.9911,2.011,1.9513,1.9712,0,0
APR_PB,D,20190411,000000,1.9911,1.9911,1.9214,1.9314,0,0
APR_PB,D,20190412,000000,1.9115,1.9413,1.9015,1.9314,0,0
APR_PB,D,20190415,000000,1.8916,1.9812,1.8916,1.9812,0,0
APR_PB,D,20190416,000000,1.9812,1.9812,1.9612,1.9612,0,0
APR_PB,D,20190417,000000,1.9612,1.9812,1.9612,1.9712,0,0
APR_PB,D,20190418,000000,1.9712,1.9712,1.9513,1.9612,0,0
APR_PB,D,20190423,000000,1.9612,1.9612,1.9513,1.9513,0,0
APR_PB,D,20190424,000000,1.9513,1.9712,1.9214,1.9513,0,0
APR_PB,D,20190425,000000,1.9513,1.9513,1.9214,1.9513,0,0
APR_PB,D,20190426,000000,1.9812,1.9812,1.9214,1.9214,0,0
APR_PB,D,20190429,000000,1.9214,1.9612,1.9214,1.9612,0,0
APR_PB,D,20190430,000000,1.9513,2.0011,1.9513,2.0011,0,0
APR_PB,D,20190502,000000,1.9812,2.021,1.9812,2.011,0,0
APR_PB,D,20190506,000000,2.011,2.011,1.9712,1.9911,0,0
APR_PB,D,20190507,000000,1.9812,2.0011,1.9612,2.0011,0,0
APR_PB,D,20190508,000000,2.0011,2.0011,1.9712,1.9911,0,0
APR_PB,D,20190509,000000,1.9812,1.9911,1.9413,1.9513,0,0
APR_PB,D,20190510,000000,1.9513,1.9812,1.9513,1.9812,0,0
APR_PB,D,20190513,000000,1.9612,1.9812,1.9612,1.9712,0,0
APR_PB,D,20190514,000000,1.9812,1.9812,1.9612,1.9812,0,0
APR_PB,D,20190515,000000,2.0011,2.0011,1.9513,1.9612,0,0
APR_PB,D,20190516,000000,1.9612,1.9612,1.9513,1.9513,0,0
APR_PB,D,20190517,000000,1.9513,1.9612,1.9413,1.9612,0,0
APR_PB,D,20190520,000000,1.9214,1.9612,1.9214,1.9314,0,0
APR_PB,D,20190521,000000,1.9413,1.9612,1.9214,1.9513,0,0
APR_PB,D,20190522,000000,1.9812,1.9812,1.8517,1.8517,0,0
APR_PB,D,20190523,000000,1.8517,1.8517,1.8318,1.8517,0,0
APR_PB,D,20190524,000000,1.8517,1.8517,1.8119,1.8318,0,0
APR_PB,D,20190527,000000,1.8119,1.8219,1.7621,1.8119,0,0
APR_PB,D,20190528,000000,1.802,1.802,1.7522,1.782,0,0
APR_PB,D,20190529,000000,1.802,1.802,1.7323,1.7323,0,0
APR_PB,D,20190530,000000,1.7124,1.782,1.7124,1.7721,0,0
APR_PB,D,20190531,000000,1.81,1.81,1.78,1.81,0,0
APR_PB,D,20190603,000000,1.81,1.81,1.78,1.81,0,0
APR_PB,D,20190604,000000,1.81,1.84,1.8,1.84,0,0
APR_PB,D,20190605,000000,1.83,1.84,1.83,1.84,0,0
APR_PB,D,20190606,000000,1.83,1.83,1.8,1.83,0,0
APR_PB,D,20190607,000000,1.83,1.84,1.8,1.84,0,0
APR_PB,D,20190610,000000,1.82,1.83,1.82,1.82,0,0
APR_PB,D,20190611,000000,1.81,1.82,1.81,1.81,0,0
APR_PB,D,20190612,000000,1.81,1.82,1.8,1.81,0,0
APR_PB,D,20190613,000000,1.81,1.81,1.78,1.8,0,0
APR_PB,D,20190614,000000,1.79,1.84,1.78,1.83,0,0
APR_PB,D,20190617,000000,1.79,1.83,1.79,1.79,0,0
APR_PB,D,20190618,000000,1.79,1.87,1.79,1.83,0,0
APR_PB,D,20190619,000000,1.84,1.87,1.84,1.84,0,0
APR_PB,D,20190621,000000,1.86,1.86,1.84,1.84,0,0
APR_PB,D,20190624,000000,1.86,1.86,1.84,1.85,0,0
APR_PB,D,20190625,000000,1.86,1.86,1.82,1.84,0,0
APR_PB,D,20190626,000000,1.84,1.84,1.82,1.83,0,0
APR_PB,D,20190627,000000,1.82,1.86,1.81,1.86,0,0
APR_PB,D,20190628,000000,1.86,1.87,1.83,1.87,0,0
APR_PB,D,20190701,000000,1.88,1.91,1.85,1.87,0,0
APR_PB,D,20190702,000000,1.87,1.9,1.84,1.89,0,0
APR_PB,D,20190703,000000,1.9,1.9,1.88,1.9,0,0
APR_PB,D,20190704,000000,1.9,1.9,1.89,1.89,0,0
APR_PB,D,20190705,000000,1.89,1.89,1.87,1.89,0,0
APR_PB,D,20190708,000000,1.89,1.89,1.86,1.88,0,0
APR_PB,D,20190709,000000,1.9,2.03,1.9,1.98,0,0
APR_PB,D,20190710,000000,1.99,1.99,1.95,1.98,0,0
APR_PB,D,20190711,000000,1.98,2.05,1.98,2.02,0,0
APR_PB,D,20190712,000000,2.03,2.04,1.98,1.98,0,0
APR_PB,D,20190715,000000,2.01,2.01,1.97,1.99,0,0
APR_PB,D,20190716,000000,2.01,2.01,1.99,2.01,0,0
APR_PB,D,20190717,000000,2.01,2.01,1.98,1.99,0,0
APR_PB,D,20190718,000000,2,2,1.96,1.99,0,0
APR_PB,D,20190719,000000,1.99,1.99,1.94,1.96,0,0
APR_PB,D,20190722,000000,1.96,1.96,1.95,1.96,0,0
APR_PB,D,20190723,000000,1.96,1.98,1.96,1.98,0,0
APR_PB,D,20190724,000000,1.98,1.98,1.98,1.98,0,0
APR_PB,D,20190725,000000,2,2.01,1.97,2,0,0
APR_PB,D,20190726,000000,2,2.01,1.98,1.98,0,0
APR_PB,D,20190729,000000,2.01,2.01,1.97,1.98,0,0
APR_PB,D,20190730,000000,2,2,1.9,1.94,0,0
APR_PB,D,20190731,000000,1.96,2,1.94,2,0,0
APR_PB,D,20190801,000000,2,2,1.96,1.98,0,0
APR_PB,D,20190802,000000,1.98,1.98,1.94,1.96,0,0
APR_PB,D,20190805,000000,1.98,1.99,1.94,1.96,0,0
APR_PB,D,20190806,000000,1.99,1.99,1.96,1.97,0,0
APR_PB,D,20190807,000000,1.98,1.98,1.94,1.95,0,0
APR_PB,D,20190808,000000,1.95,1.95,1.94,1.95,0,0
APR_PB,D,20190809,000000,1.95,1.95,1.93,1.93,0,0
APR_PB,D,20190812,000000,1.93,1.96,1.93,1.94,0,0
APR_PB,D,20190813,000000,1.93,1.98,1.93,1.98,0,0
APR_PB,D,20190814,000000,1.98,1.98,1.94,1.97,0,0
APR_PB,D,20190816,000000,1.97,1.97,1.93,1.97,0,0
APR_PB,D,20190819,000000,1.98,1.98,1.94,1.94,0,0
APR_PB,D,20190820,000000,1.94,1.94,1.85,1.85,0,0
APR_PB,D,20190821,000000,1.86,1.9,1.85,1.88,0,0
APR_PB,D,20190822,000000,1.89,1.91,1.89,1.89,0,0
APR_PB,D,20190823,000000,1.91,1.96,1.87,1.87,0,0
APR_PB,D,20190826,000000,1.86,1.94,1.86,1.93,0,0
APR_PB,D,20190827,000000,1.94,1.94,1.88,1.93,0,0
APR_PB,D,20190828,000000,1.93,1.93,1.89,1.92,0,0
APR_PB,D,20190829,000000,1.87,1.93,1.87,1.92,0,0
APR_PB,D,20190830,000000,1.93,1.93,1.91,1.93,0,0
APR_PB,D,20190902,000000,1.93,1.96,1.9,1.93,0,0
APR_PB,D,20190903,000000,1.96,1.96,1.86,1.9,0,0
APR_PB,D,20190904,000000,1.86,1.97,1.86,1.95,0,0
APR_PB,D,20190905,000000,1.95,1.96,1.94,1.94,0,0
APR_PB,D,20190906,000000,1.97,2.01,1.94,1.94,0,0
APR_PB,D,20190909,000000,1.96,2.01,1.93,1.96,0,0
APR_PB,D,20190910,000000,2.01,2.01,1.96,1.96,0,0
APR_PB,D,20190911,000000,1.82,1.96,1.66,1.66,0,0
APR_PB,D,20190912,000000,1.69,1.71,1.58,1.61,0,0
APR_PB,D,20190913,000000,1.63,1.65,1.62,1.64,0,0
APR_PB,D,20190916,000000,1.67,1.67,1.6,1.62,0,0
APR_PB,D,20190917,000000,1.62,1.74,1.6,1.64,0,0
APR_PB,D,20190918,000000,1.64,1.66,1.6,1.63,0,0
APR_PB,D,20190919,000000,1.61,1.64,1.57,1.64,0,0
APR_PB,D,20190920,000000,1.64,1.64,1.6,1.64,0,0
APR_PB,D,20190923,000000,1.64,1.65,1.62,1.64,0,0
APR_PB,D,20190924,000000,1.62,1.64,1.62,1.64,0,0
APR_PB,D,20190925,000000,1.64,1.67,1.63,1.65,0,0
APR_PB,D,20190926,000000,1.64,1.66,1.64,1.66,0,0
APR_PB,D,20190927,000000,1.66,1.66,1.62,1.65,0,0
APR_PB,D,20190930,000000,1.65,1.67,1.64,1.66,0,0
APR_PB,D,20191001,000000,1.64,1.67,1.63,1.66,0,0
APR_PB,D,20191002,000000,1.66,1.66,1.63,1.63,0,0
APR_PB,D,20191003,000000,1.64,1.64,1.61,1.64,0,0
APR_PB,D,20191004,000000,1.64,1.64,1.61,1.62,0,0
APR_PB,D,20191007,000000,1.63,1.7,1.62,1.62,0,0
APR_PB,D,20191008,000000,1.66,1.68,1.66,1.67,0,0
APR_PB,D,20191009,000000,1.69,1.69,1.64,1.64,0,0
APR_PB,D,20191010,000000,1.64,1.67,1.64,1.67,0,0
APR_PB,D,20191011,000000,1.68,1.68,1.64,1.64,0,0
APR_PB,D,20191014,000000,1.67,1.67,1.64,1.67,0,0
APR_PB,D,20191015,000000,1.67,1.68,1.66,1.66,0,0
APR_PB,D,20191016,000000,1.65,1.65,1.63,1.64,0,0
APR_PB,D,20191017,000000,1.65,1.68,1.64,1.67,0,0
APR_PB,D,20191018,000000,1.67,1.69,1.66,1.68,0,0
APR_PB,D,20191021,000000,1.66,1.68,1.65,1.66,0,0
APR_PB,D,20191022,000000,1.68,1.69,1.64,1.67,0,0
APR_PB,D,20191023,000000,1.66,1.68,1.64,1.68,0,0
APR_PB,D,20191024,000000,1.68,1.68,1.64,1.64,0,0
APR_PB,D,20191025,000000,1.63,1.66,1.62,1.64,0,0
APR_PB,D,20191028,000000,1.63,1.66,1.62,1.64,0,0
APR_PB,D,20191029,000000,1.64,1.66,1.62,1.64,0,0
APR_PB,D,20191030,000000,1.64,1.65,1.64,1.65,0,0
APR_PB,D,20191031,000000,1.65,1.66,1.64,1.65,0,0
APR_PB,D,20191104,000000,1.65,1.67,1.65,1.67,0,0
APR_PB,D,20191105,000000,1.65,1.68,1.64,1.66,0,0
APR_PB,D,20191106,000000,1.62,1.7,1.62,1.68,0,0
APR_PB,D,20191107,000000,1.7,1.7,1.66,1.68,0,0
APR_PB,D,20191108,000000,1.66,1.67,1.66,1.66,0,0
APR_PB,D,20191112,000000,1.66,1.66,1.61,1.61,0,0
APR_PB,D,20191113,000000,1.61,1.65,1.58,1.63,0,0
APR_PB,D,20191114,000000,1.61,1.67,1.61,1.66,0,0
APR_PB,D,20191115,000000,1.67,1.67,1.61,1.62,0,0
APR_PB,D,20191118,000000,1.62,1.67,1.62,1.66,0,0
APR_PB,D,20191119,000000,1.66,1.68,1.64,1.68,0,0
APR_PB,D,20191120,000000,1.67,1.7,1.64,1.7,0,0
APR_PB,D,20191121,000000,1.69,1.75,1.69,1.74,0,0
APR_PB,D,20191122,000000,1.75,1.75,1.66,1.7,0,0
APR_PB,D,20191125,000000,1.74,1.75,1.69,1.74,0,0
APR_PB,D,20191126,000000,1.71,1.74,1.63,1.63,0,0
APR_PB,D,20191127,000000,1.65,1.66,1.62,1.63,0,0
APR_PB,D,20191128,000000,1.63,1.65,1.63,1.63,0,0
APR_PB,D,20191129,000000,1.63,1.64,1.63,1.63,0,0
APR_PB,D,20191202,000000,1.63,1.72,1.63,1.7,0,0
APR_PB,D,20191203,000000,1.71,1.73,1.7,1.7,0,0
APR_PB,D,20191204,000000,1.66,1.7,1.66,1.7,0,0
APR_PB,D,20191205,000000,1.7,1.71,1.68,1.7,0,0
APR_PB,D,20191206,000000,1.68,1.71,1.66,1.66,0,0
APR_PB,D,20191209,000000,1.65,1.71,1.65,1.66,0,0
APR_PB,D,20191210,000000,1.66,1.71,1.65,1.7,0,0
APR_PB,D,20191211,000000,1.7,1.7,1.68,1.7,0,0
APR_PB,D,20191212,000000,1.71,1.72,1.7,1.71,0,0
APR_PB,D,20191213,000000,1.72,1.73,1.71,1.73,0,0
APR_PB,D,20191216,000000,1.71,1.73,1.67,1.71,0,0
APR_PB,D,20191217,000000,1.71,1.71,1.68,1.7,0,0
APR_PB,D,20191218,000000,1.7,1.71,1.65,1.71,0,0
APR_PB,D,20191219,000000,1.71,1.74,1.71,1.74,0,0
APR_PB,D,20191220,000000,1.71,1.74,1.71,1.73,0,0
APR_PB,D,20191223,000000,1.73,1.76,1.73,1.75,0,0
APR_PB,D,20191227,000000,1.75,1.75,1.68,1.71,0,0
APR_PB,D,20191230,000000,1.71,1.74,1.71,1.71,0,0
APR_PB,D,20200102,000000,1.76,1.76,1.69,1.73,0,0
APR_PB,D,20200103,000000,1.7,1.74,1.7,1.74,0,0
APR_PB,D,20200107,000000,1.71,1.74,1.71,1.73,0,0
APR_PB,D,20200108,000000,1.73,1.74,1.71,1.71,0,0
APR_PB,D,20200109,000000,1.7,1.73,1.7,1.71,0,0
APR_PB,D,20200110,000000,1.73,1.73,1.7,1.73,0,0
APR_PB,D,20200113,000000,1.73,1.77,1.72,1.75,0,0
APR_PB,D,20200114,000000,1.77,1.77,1.73,1.74,0,0
APR_PB,D,20200115,000000,1.77,1.77,1.71,1.73,0,0
APR_PB,D,20200116,000000,1.75,1.77,1.75,1.77,0,0
APR_PB,D,20200117,000000,1.77,1.79,1.77,1.78,0,0
APR_PB,D,20200120,000000,1.79,1.83,1.78,1.82,0,0
APR_PB,D,20200121,000000,1.83,1.83,1.81,1.82,0,0
APR_PB,D,20200122,000000,1.82,1.84,1.81,1.83,0,0
APR_PB,D,20200123,000000,1.84,1.87,1.82,1.87,0,0
APR_PB,D,20200124,000000,1.86,1.98,1.86,1.93,0,0
APR_PB,D,20200127,000000,1.9,1.94,1.9,1.94,0,0
APR_PB,D,20200128,000000,1.93,1.99,1.93,1.98,0,0
APR_PB,D,20200129,000000,1.99,1.99,1.97,1.98,0,0
APR_PB,D,20200130,000000,1.96,1.98,1.93,1.97,0,0
APR_PB,D,20200131,000000,1.91,1.98,1.91,1.97,0,0
APR_PB,D,20200203,000000,1.93,1.97,1.93,1.95,0,0
APR_PB,D,20200204,000000,1.95,1.97,1.9,1.96,0,0
APR_PB,D,20200205,000000,1.97,1.98,1.93,1.97,0,0
APR_PB,D,20200206,000000,1.95,2.02,1.93,1.93,0,0
APR_PB,D,20200207,000000,1.97,2,1.93,1.93,0,0
APR_PB,D,20200210,000000,1.93,1.98,1.93,1.97,0,0
APR_PB,D,20200211,000000,1.97,1.98,1.94,1.97,0,0
APR_PB,D,20200212,000000,2.01,2.01,1.94,1.94,0,0
APR_PB,D,20200213,000000,2.01,2.01,1.93,1.93,0,0
APR_PB,D,20200214,000000,1.98,2,1.93,2,0,0
APR_PB,D,20200217,000000,2.01,2.03,1.98,2.02,0,0
APR_PB,D,20200218,000000,2.04,2.04,2.01,2.01,0,0
APR_PB,D,20200219,000000,2.04,2.04,2,2,0,0
APR_PB,D,20200220,000000,2.01,2.01,1.94,1.96,0,0
APR_PB,D,20200221,000000,1.96,1.98,1.93,1.97,0,0
APR_PB,D,20200224,000000,1.93,1.93,1.83,1.9,0,0
APR_PB,D,20200225,000000,1.86,1.93,1.86,1.9,0,0
APR_PB,D,20200226,000000,1.85,1.91,1.79,1.91,0,0
APR_PB,D,20200227,000000,1.93,1.93,1.75,1.75,0,0
APR_PB,D,20200228,000000,1.64,1.76,1.61,1.73,0,0
APR_PB,D,20200302,000000,1.7,1.85,1.7,1.75,0,0
APR_PB,D,20200303,000000,1.77,1.87,1.77,1.87,0,0
APR_PB,D,20200304,000000,1.82,1.85,1.82,1.82,0,0
APR_PB,D,20200305,000000,1.82,1.92,1.82,1.9,0,0
APR_PB,D,20200306,000000,1.9,1.92,1.82,1.87,0,0
APR_PB,D,20200309,000000,1.75,1.78,1.7,1.73,0,0
APR_PB,D,20200310,000000,1.74,1.86,1.74,1.81,0,0
APR_PB,D,20200311,000000,1.81,1.82,1.7,1.7,0,0
APR_PB,D,20200312,000000,1.63,1.63,1.44,1.44,0,0
APR_PB,D,20200313,000000,1.44,1.53,1.44,1.49,0,0
APR_PB,D,20200316,000000,1.48,1.48,1.33,1.37,0,0
APR_PB,D,20200317,000000,1.41,1.42,1.37,1.42,0,0
APR_PB,D,20200318,000000,1.42,1.46,1.4,1.46,0,0
APR_PB,D,20200319,000000,1.42,1.46,1.42,1.45,0,0
APR_PB,D,20200320,000000,1.45,1.48,1.42,1.47,0,0
APR_PB,D,20200323,000000,1.39,1.39,1.34,1.34,0,0
APR_PB,D,20200324,000000,1.32,1.35,1.29,1.31,0,0
APR_PB,D,20200325,000000,1.31,1.31,1.21,1.24,0,0
APR_PB,D,20200326,000000,1.28,1.28,1.23,1.25,0,0
APR_PB,D,20200327,000000,1.28,1.28,1.25,1.28,0,0
APR_PB,D,20200330,000000,1.3,1.31,1.28,1.31,0,0
APR_PB,D,20200331,000000,1.35,1.38,1.34,1.37,0,0
APR_PB,D,20200401,000000,1.34,1.36,1.31,1.31,0,0
APR_PB,D,20200402,000000,1.31,1.31,1.28,1.28,0,0
APR_PB,D,20200403,000000,1.31,1.31,1.29,1.3,0,0
APR_PB,D,20200406,000000,1.34,1.39,1.31,1.38,0,0
APR_PB,D,20200407,000000,1.42,1.42,1.31,1.31,0,0
APR_PB,D,20200408,000000,1.37,1.37,1.29,1.32,0,0
APR_PB,D,20200409,000000,1.37,1.39,1.32,1.39,0,0
APR_PB,D,20200414,000000,1.4,1.51,1.4,1.51,0,0
APR_PB,D,20200415,000000,1.56,1.56,1.47,1.49,0,0
APR_PB,D,20200416,000000,1.48,1.49,1.46,1.47,0,0
APR_PB,D,20200417,000000,1.48,1.49,1.47,1.49,0,0
APR_PB,D,20200420,000000,1.49,1.55,1.49,1.54,0,0
APR_PB,D,20200421,000000,1.54,1.54,1.42,1.48,0,0
APR_PB,D,20200422,000000,1.53,1.53,1.45,1.46,0,0
APR_PB,D,20200423,000000,1.48,1.53,1.47,1.5,0,0
APR_PB,D,20200424,000000,1.51,1.51,1.47,1.5,0,0
APR_PB,D,20200427,000000,1.52,1.58,1.51,1.55,0,0
APR_PB,D,20200428,000000,1.57,1.61,1.55,1.55,0,0
APR_PB,D,20200429,000000,1.58,1.58,1.51,1.57,0,0
APR_PB,D,20200430,000000,1.6,1.67,1.57,1.6,0,0
APR_PB,D,20200504,000000,1.64,1.64,1.53,1.55,0,0
APR_PB,D,20200505,000000,1.58,1.58,1.54,1.54,0,0
APR_PB,D,20200506,000000,1.54,1.61,1.51,1.56,0,0
APR_PB,D,20200507,000000,1.59,1.63,1.57,1.57,0,0
APR_PB,D,20200508,000000,1.58,1.64,1.58,1.64,0,0
APR_PB,D,20200511,000000,1.66,1.66,1.61,1.65,0,0
APR_PB,D,20200512,000000,1.65,1.72,1.64,1.71,0,0
APR_PB,D,20200513,000000,1.72,1.78,1.7,1.72,0,0
APR_PB,D,20200514,000000,1.72,1.73,1.68,1.68,0,0
APR_PB,D,20200515,000000,1.68,1.7,1.65,1.68,0,0
APR_PB,D,20200518,000000,1.68,1.7,1.65,1.68,0,0
APR_PB,D,20200519,000000,1.7,1.75,1.67,1.67,0,0
APR_PB,D,20200520,000000,1.68,1.72,1.65,1.72,0,0
APR_PB,D,20200521,000000,1.72,1.8,1.72,1.8,0,0
APR_PB,D,20200522,000000,1.76,1.82,1.72,1.8,0,0
APR_PB,D,20200525,000000,1.8,1.8,1.75,1.78,0,0
APR_PB,D,20200526,000000,1.78,1.8,1.78,1.78,0,0
APR_PB,D,20200527,000000,1.8,1.81,1.76,1.78,0,0
APR_PB,D,20200528,000000,1.78,1.78,1.62,1.66,0,0
APR_PB,D,20200529,000000,1.7,1.72,1.67,1.67,0,0
APR_PB,D,20200601,000000,1.76,1.76,1.69,1.71,0,0
APR_PB,D,20200602,000000,1.72,1.72,1.69,1.71,0,0
APR_PB,D,20200603,000000,1.7,1.78,1.7,1.78,0,0
APR_PB,D,20200604,000000,1.78,1.81,1.74,1.81,0,0
APR_PB,D,20200605,000000,1.82,1.82,1.74,1.81,0,0
APR_PB,D,20200608,000000,1.79,1.79,1.74,1.74,0,0
APR_PB,D,20200609,000000,1.76,1.76,1.73,1.76,0,0
APR_PB,D,20200610,000000,1.78,1.78,1.74,1.78,0,0
APR_PB,D,20200612,000000,1.72,1.73,1.71,1.71,0,0
APR_PB,D,20200615,000000,1.66,1.71,1.66,1.7,0,0
APR_PB,D,20200616,000000,1.68,1.74,1.68,1.74,0,0
APR_PB,D,20200617,000000,1.73,1.73,1.72,1.73,0,0
APR_PB,D,20200618,000000,1.68,1.72,1.68,1.72,0,0
APR_PB,D,20200619,000000,1.73,1.76,1.68,1.74,0,0
APR_PB,D,20200622,000000,1.74,1.74,1.7,1.73,0,0
APR_PB,D,20200623,000000,1.69,1.74,1.69,1.74,0,0
APR_PB,D,20200624,000000,1.75,1.75,1.7,1.7,0,0
APR_PB,D,20200625,000000,1.7,1.73,1.69,1.72,0,0
APR_PB,D,20200626,000000,1.72,1.74,1.7,1.74,0,0
APR_PB,D,20200629,000000,1.71,1.79,1.71,1.79,0,0
APR_PB,D,20200630,000000,1.79,1.79,1.72,1.79,0,0
APR_PB,D,20200701,000000,1.8,1.8,1.71,1.76,0,0
APR_PB,D,20200702,000000,1.75,1.8,1.75,1.8,0,0
APR_PB,D,20200703,000000,1.77,1.8,1.77,1.8,0,0
APR_PB,D,20200706,000000,1.8,1.8,1.77,1.79,0,0
APR_PB,D,20200707,000000,1.81,1.88,1.81,1.87,0,0
APR_PB,D,20200708,000000,1.83,1.86,1.82,1.85,0,0
APR_PB,D,20200709,000000,1.83,1.93,1.83,1.93,0,0
APR_PB,D,20200710,000000,1.92,1.93,1.91,1.93,0,0
APR_PB,D,20200713,000000,1.91,2,1.91,1.96,0,0
APR_PB,D,20200714,000000,1.98,1.98,1.9,1.9,0,0
APR_PB,D,20200715,000000,1.9,1.94,1.89,1.93,0,0
APR_PB,D,20200716,000000,1.93,1.95,1.89,1.93,0,0
APR_PB,D,20200717,000000,1.96,1.97,1.93,1.95,0,0
APR_PB,D,20200720,000000,1.95,2,1.93,2,0,0
APR_PB,D,20200721,000000,1.97,2.09,1.97,2.07,0,0
APR_PB,D,20200722,000000,2.07,2.07,2.05,2.05,0,0
APR_PB,D,20200723,000000,2.07,2.07,2.05,2.07,0,0
APR_PB,D,20200724,000000,2.07,2.08,2.04,2.07,0,0
APR_PB,D,20200727,000000,2.1,2.1,2.07,2.07,0,0
APR_PB,D,20200728,000000,2.07,2.16,2.07,2.16,0,0
APR_PB,D,20200729,000000,2.16,2.16,2.14,2.16,0,0
APR_PB,D,20200730,000000,2.16,2.16,1.97,2.04,0,0
APR_PB,D,20200731,000000,2.04,2.12,2.04,2.12,0,0
APR_PB,D,20200803,000000,2.14,2.21,2.14,2.21,0,0
APR_PB,D,20200804,000000,2.48,2.58,2.4,2.42,0,0
APR_PB,D,20200805,000000,2.47,2.47,2.38,2.42,0,0
APR_PB,D,20200806,000000,2.38,2.4,2.3,2.37,0,0
APR_PB,D,20200807,000000,2.35,2.35,2.28,2.28,0,0
APR_PB,D,20200810,000000,2.28,2.4,2.24,2.39,0,0
APR_PB,D,20200811,000000,2.39,2.55,2.39,2.54,0,0
APR_PB,D,20200812,000000,2.52,2.53,2.44,2.53,0,0
APR_PB,D,20200813,000000,2.55,2.55,2.48,2.55,0,0
APR_PB,D,20200814,000000,2.52,2.58,2.52,2.52,0,0
APR_PB,D,20200817,000000,2.49,2.55,2.44,2.49,0,0
APR_PB,D,20200818,000000,2.54,2.54,2.47,2.51,0,0
APR_PB,D,20200819,000000,2.51,2.51,2.41,2.42,0,0
APR_PB,D,20200820,000000,2.43,2.46,2.39,2.39,0,0
APR_PB,D,20200821,000000,2.42,2.42,2.4,2.4,0,0
APR_PB,D,20200824,000000,2.42,2.44,2.42,2.42,0,0
APR_PB,D,20200825,000000,2.42,2.42,2.39,2.4,0,0
APR_PB,D,20200826,000000,2.4,2.41,2.39,2.41,0,0
APR_PB,D,20200827,000000,2.41,2.42,2.4,2.41,0,0
APR_PB,D,20200828,000000,2.42,2.44,2.4,2.44,0,0
APR_PB,D,20200831,000000,2.38,2.42,2.38,2.41,0,0
APR_PB,D,20200901,000000,2.42,2.5,2.39,2.4,0,0
APR_PB,D,20200902,000000,2.44,2.44,2.4,2.41,0,0
APR_PB,D,20200903,000000,2.42,2.48,2.41,2.44,0,0
APR_PB,D,20200904,000000,2.41,2.46,2.41,2.46,0,0
APR_PB,D,20200907,000000,2.5,2.51,2.39,2.39,0,0
APR_PB,D,20200908,000000,2.39,2.43,2.39,2.41,0,0
APR_PB,D,20200909,000000,2.42,2.42,2.38,2.41,0,0
APR_PB,D,20200910,000000,2.42,2.42,2.39,2.41,0,0
APR_PB,D,20200911,000000,2.42,2.42,2.32,2.32,0,0
APR_PB,D,20200914,000000,2.32,2.35,2.32,2.32,0,0
APR_PB,D,20200915,000000,2.37,2.41,2.34,2.38,0,0
APR_PB,D,20200916,000000,2.41,2.42,2.38,2.4,0,0
APR_PB,D,20200917,000000,2.44,2.48,2.27,2.27,0,0
APR_PB,D,20200918,000000,2.27,2.27,2.19,2.19,0,0
APR_PB,D,20200921,000000,2.22,2.24,2.16,2.22,0,0
APR_PB,D,20200922,000000,2.25,2.25,2.2,2.2,0,0
APR_PB,D,20200923,000000,2.22,2.24,2.19,2.21,0,0
APR_PB,D,20200924,000000,2.2,2.21,2.2,2.21,0,0
APR_PB,D,20200925,000000,2.2,2.21,2.2,2.2,0,0
APR_PB,D,20200928,000000,2.2,2.22,2.2,2.21,0,0
APR_PB,D,20200929,000000,2.22,2.25,2.2,2.25,0,0
APR_PB,D,20200930,000000,2.25,2.25,2.19,2.24,0,0
APR_PB,D,20201001,000000,2.25,2.25,2.23,2.23,0,0
APR_PB,D,20201002,000000,2.22,2.26,2.22,2.26,0,0
APR_PB,D,20201005,000000,2.26,2.26,2.2,2.23,0,0
APR_PB,D,20201006,000000,2.28,2.34,2.22,2.23,0,0
APR_PB,D,20201007,000000,2.25,2.25,2.22,2.25,0,0
APR_PB,D,20201008,000000,2.28,2.28,2.21,2.23,0,0
APR_PB,D,20201009,000000,2.25,2.25,2.21,2.22,0,0
APR_PB,D,20201012,000000,2.22,2.22,2.2,2.21,0,0
APR_PB,D,20201013,000000,2.22,2.23,2.21,2.22,0,0
APR_PB,D,20201014,000000,2.22,2.22,2.2,2.22,0,0
APR_PB,D,20201015,000000,2.19,2.22,2.18,2.19,0,0
APR_PB,D,20201016,000000,2.19,2.25,2.19,2.25,0,0
