<TICKER>,<PER>,<DATE>,<TIME>,<OPEN>,<HIGH>,<LOW>,<CLOSE>,<VOL>,<OPENINT>
AWM_MV,D,20141217,000000,60.41,60.41,60.41,60.41,0,0
AWM_MV,D,20141218,000000,63.88,66.35,54.97,56.45,0,0
AWM_MV,D,20141219,000000,53.98,55.46,49.52,50.01,0,0
AWM_MV,D,20141222,000000,52.98,53.48,49.52,52.98,0,0
AWM_MV,D,20141223,000000,56.45,56.45,51,54.97,0,0
AWM_MV,D,20141229,000000,50.01,53.98,49.52,53.98,0,0
AWM_MV,D,20141230,000000,49.52,55.46,49.52,55.46,0,0
AWM_MV,D,20150102,000000,55.96,59.42,55.46,55.96,0,0
AWM_MV,D,20150105,000000,57.44,57.44,56.45,56.95,0,0
AWM_MV,D,20150107,000000,57.94,62.39,56.95,59.42,0,0
AWM_MV,D,20150108,000000,59.42,63.88,59.42,61.9,0,0
AWM_MV,D,20150109,000000,60.91,63.38,59.42,63.38,0,0
AWM_MV,D,20150112,000000,63.38,90.12,63.38,86.66,0,0
AWM_MV,D,20150113,000000,82.7,93.59,79.23,82.2,0,0
AWM_MV,D,20150114,000000,83.69,87.65,72.79,77.25,0,0
AWM_MV,D,20150115,000000,79.23,82.7,70.81,82.7,0,0
AWM_MV,D,20150116,000000,82.7,83.69,76.26,81.71,0,0
AWM_MV,D,20150119,000000,76.75,83.19,71.8,80.72,0,0
AWM_MV,D,20150120,000000,80.22,80.22,72.3,78.24,0,0
AWM_MV,D,20150121,000000,72.3,77.25,72.3,76.26,0,0
AWM_MV,D,20150122,000000,74.77,76.26,73.78,73.78,0,0
AWM_MV,D,20150123,000000,73.78,74.28,71.8,72.3,0,0
AWM_MV,D,20150126,000000,72.79,73.78,64.87,64.87,0,0
AWM_MV,D,20150127,000000,70.81,70.81,64.37,64.37,0,0
AWM_MV,D,20150128,000000,68.34,68.83,63.88,66.35,0,0
AWM_MV,D,20150129,000000,66.35,69.82,64.37,66.85,0,0
AWM_MV,D,20150130,000000,66.85,66.85,60.91,63.38,0,0
AWM_MV,D,20150202,000000,65.86,71.31,65.86,69.82,0,0
AWM_MV,D,20150203,000000,71.31,71.31,64.87,64.87,0,0
AWM_MV,D,20150204,000000,64.37,69.82,64.37,69.33,0,0
AWM_MV,D,20150205,000000,69.33,70.32,66.85,70.32,0,0
AWM_MV,D,20150206,000000,70.32,73.78,69.33,73.29,0,0
AWM_MV,D,20150209,000000,72.3,73.29,70.81,72.79,0,0
AWM_MV,D,20150210,000000,72.79,73.29,71.31,72.3,0,0
AWM_MV,D,20150211,000000,72.3,72.3,66.35,69.33,0,0
AWM_MV,D,20150212,000000,66.85,68.34,63.38,66.85,0,0
AWM_MV,D,20150213,000000,63.38,66.35,62.39,66.35,0,0
AWM_MV,D,20150216,000000,65.36,65.86,65.36,65.86,0,0
AWM_MV,D,20150217,000000,64.37,67.84,64.37,66.85,0,0
AWM_MV,D,20150218,000000,66.35,67.84,63.38,66.85,0,0
AWM_MV,D,20150219,000000,66.35,66.35,63.88,66.35,0,0
AWM_MV,D,20150220,000000,66.35,66.35,63.88,66.35,0,0
AWM_MV,D,20150223,000000,66.85,66.85,64.87,66.35,0,0
AWM_MV,D,20150224,000000,66.35,66.35,66.35,66.35,0,0
AWM_MV,D,20150225,000000,66.35,69.33,66.35,69.33,0,0
AWM_MV,D,20150226,000000,68.34,68.34,66.85,67.84,0,0
AWM_MV,D,20150227,000000,67.35,67.84,65.36,67.84,0,0
AWM_MV,D,20150302,000000,65.36,69.33,64.87,68.83,0,0
AWM_MV,D,20150303,000000,68.34,70.32,68.34,69.82,0,0
AWM_MV,D,20150304,000000,70.32,78.73,69.82,78.73,0,0
AWM_MV,D,20150305,000000,77.74,79.23,76.26,78.24,0,0
AWM_MV,D,20150306,000000,78.24,78.24,72.79,76.26,0,0
AWM_MV,D,20150309,000000,74.28,75.76,74.28,75.76,0,0
AWM_MV,D,20150310,000000,74.28,75.27,71.8,75.27,0,0
AWM_MV,D,20150311,000000,71.8,74.28,71.8,74.28,0,0
AWM_MV,D,20150312,000000,73.78,73.78,71.8,73.29,0,0
AWM_MV,D,20150313,000000,73.29,73.29,70.81,71.31,0,0
AWM_MV,D,20150316,000000,73.29,74.28,70.81,74.28,0,0
AWM_MV,D,20150317,000000,73.78,74.28,71.8,71.8,0,0
AWM_MV,D,20150318,000000,72.3,72.3,70.81,71.8,0,0
AWM_MV,D,20150319,000000,70.81,72.79,70.32,71.8,0,0
AWM_MV,D,20150320,000000,70.32,74.28,70.32,73.78,0,0
AWM_MV,D,20150323,000000,73.78,74.28,73.29,74.28,0,0
AWM_MV,D,20150324,000000,74.28,81.71,74.28,80.72,0,0
AWM_MV,D,20150325,000000,79.23,87.65,77.25,85.17,0,0
AWM_MV,D,20150326,000000,84.18,86.66,84.18,86.16,0,0
AWM_MV,D,20150327,000000,85.17,86.66,84.68,85.17,0,0
AWM_MV,D,20150330,000000,86.16,86.66,83.19,86.66,0,0
AWM_MV,D,20150331,000000,86.16,103,86.16,101.51,0,0
AWM_MV,D,20150401,000000,101.02,101.02,94.09,98.54,0,0
AWM_MV,D,20150402,000000,96.56,96.56,93.09,94.09,0,0
AWM_MV,D,20150407,000000,98.05,98.54,92.6,92.6,0,0
AWM_MV,D,20150408,000000,91.11,93.59,89.13,93.59,0,0
AWM_MV,D,20150409,000000,93.59,94.09,91.61,94.09,0,0
AWM_MV,D,20150410,000000,96.56,96.56,93.09,94.09,0,0
AWM_MV,D,20150413,000000,92.1,94.09,90.62,91.61,0,0
AWM_MV,D,20150414,000000,90.62,91.61,90.62,90.62,0,0
AWM_MV,D,20150415,000000,94.09,94.09,90.12,94.09,0,0
AWM_MV,D,20150416,000000,90.12,91.11,86.66,91.11,0,0
AWM_MV,D,20150417,000000,87.15,91.11,84.18,91.11,0,0
AWM_MV,D,20150420,000000,91.11,94.09,91.11,92.6,0,0
AWM_MV,D,20150421,000000,93.09,94.09,88.64,94.09,0,0
AWM_MV,D,20150422,000000,92.6,93.09,89.13,93.09,0,0
AWM_MV,D,20150423,000000,92.6,94.09,88.64,94.09,0,0
AWM_MV,D,20150424,000000,90.12,91.61,89.13,91.11,0,0
AWM_MV,D,20150427,000000,93.09,93.09,86.66,86.66,0,0
AWM_MV,D,20150428,000000,90.62,94.09,87.15,91.11,0,0
AWM_MV,D,20150429,000000,90.12,90.12,86.66,86.66,0,0
AWM_MV,D,20150430,000000,89.63,91.61,89.63,91.61,0,0
AWM_MV,D,20150504,000000,91.61,94.09,91.61,94.09,0,0
AWM_MV,D,20150505,000000,93.59,93.59,89.13,89.13,0,0
AWM_MV,D,20150506,000000,92.1,92.1,89.63,91.61,0,0
AWM_MV,D,20150507,000000,89.13,93.09,89.13,91.61,0,0
AWM_MV,D,20150508,000000,91.61,91.61,89.63,91.61,0,0
AWM_MV,D,20150511,000000,91.61,91.61,88.14,90.62,0,0
AWM_MV,D,20150512,000000,87.65,89.13,84.18,88.14,0,0
AWM_MV,D,20150513,000000,81.21,85.67,80.72,83.19,0,0
AWM_MV,D,20150514,000000,81.71,81.71,79.23,79.23,0,0
AWM_MV,D,20150515,000000,79.23,79.23,77.25,79.23,0,0
AWM_MV,D,20150518,000000,76.75,79.23,76.75,79.23,0,0
AWM_MV,D,20150519,000000,79.23,79.23,78.73,79.23,0,0
AWM_MV,D,20150520,000000,79.23,79.23,74.28,77.74,0,0
AWM_MV,D,20150521,000000,74.28,74.28,62.89,66.35,0,0
AWM_MV,D,20150522,000000,73.78,73.78,72.3,73.29,0,0
AWM_MV,D,20150525,000000,71.8,74.28,71.8,74.28,0,0
AWM_MV,D,20150526,000000,74.28,75.76,74.28,75.76,0,0
AWM_MV,D,20150527,000000,74.28,78.24,74.28,78.24,0,0
AWM_MV,D,20150528,000000,79.23,83.69,79.23,83.19,0,0
AWM_MV,D,20150529,000000,83.69,93.09,80.72,87.65,0,0
AWM_MV,D,20150601,000000,87.65,89.13,87.65,88.64,0,0
AWM_MV,D,20150602,000000,88.64,88.64,83.19,85.67,0,0
AWM_MV,D,20150603,000000,85.67,85.67,85.67,85.67,0,0
AWM_MV,D,20150605,000000,86.16,89.13,80.22,89.13,0,0
AWM_MV,D,20150608,000000,86.66,86.66,86.66,86.66,0,0
AWM_MV,D,20150609,000000,86.16,89.13,80.22,89.13,0,0
AWM_MV,D,20150610,000000,89.13,89.13,85.67,87.15,0,0
AWM_MV,D,20150616,000000,85.17,86.66,74.77,86.66,0,0
AWM_MV,D,20150617,000000,77.74,85.67,76.75,85.67,0,0
AWM_MV,D,20150622,000000,81.71,84.68,79.23,79.23,0,0
AWM_MV,D,20150623,000000,75.76,84.18,74.77,74.77,0,0
AWM_MV,D,20150624,000000,74.28,79.23,74.28,79.23,0,0
AWM_MV,D,20150625,000000,74.77,80.22,74.77,80.22,0,0
AWM_MV,D,20150629,000000,80.22,80.22,76.26,77.25,0,0
AWM_MV,D,20150630,000000,73.29,80.22,73.29,80.22,0,0
AWM_MV,D,20150701,000000,77.74,80.22,76.75,80.22,0,0
AWM_MV,D,20150702,000000,80.22,80.22,80.22,80.22,0,0
AWM_MV,D,20150703,000000,76.26,79.72,75.27,79.72,0,0
AWM_MV,D,20150706,000000,70.32,77.25,70.32,77.25,0,0
AWM_MV,D,20150707,000000,74.28,74.28,74.28,74.28,0,0
AWM_MV,D,20150708,000000,70.81,80.22,70.81,80.22,0,0
AWM_MV,D,20150710,000000,79.72,79.72,79.72,79.72,0,0
AWM_MV,D,20150713,000000,80.22,80.22,80.22,80.22,0,0
AWM_MV,D,20150714,000000,75.76,75.76,75.76,75.76,0,0
AWM_MV,D,20150715,000000,80.22,80.22,76.75,80.22,0,0
AWM_MV,D,20150716,000000,79.23,80.22,79.23,79.23,0,0
AWM_MV,D,20150717,000000,79.23,80.22,70.81,80.22,0,0
AWM_MV,D,20150721,000000,75.27,79.72,75.27,79.72,0,0
AWM_MV,D,20150723,000000,75.76,75.76,75.76,75.76,0,0
AWM_MV,D,20150724,000000,79.72,79.72,79.72,79.72,0,0
AWM_MV,D,20150727,000000,75.27,75.27,73.29,73.29,0,0
AWM_MV,D,20150728,000000,73.78,78.24,73.78,78.24,0,0
AWM_MV,D,20150729,000000,72.79,78.24,72.79,77.74,0,0
AWM_MV,D,20150730,000000,77.25,77.25,77.25,77.25,0,0
AWM_MV,D,20150731,000000,77.25,77.25,75.27,75.27,0,0
AWM_MV,D,20150803,000000,73.78,76.75,73.78,76.26,0,0
AWM_MV,D,20150805,000000,76.26,76.75,74.28,74.28,0,0
AWM_MV,D,20150806,000000,76.75,76.75,76.75,76.75,0,0
AWM_MV,D,20150807,000000,78.73,78.73,78.73,78.73,0,0
AWM_MV,D,20150810,000000,79.72,82.2,78.73,82.2,0,0
AWM_MV,D,20150811,000000,85.17,85.17,79.23,85.17,0,0
AWM_MV,D,20150812,000000,84.68,84.68,84.68,84.68,0,0
AWM_MV,D,20150813,000000,84.68,84.68,73.78,80.72,0,0
AWM_MV,D,20150814,000000,76.75,79.23,76.75,79.23,0,0
AWM_MV,D,20150817,000000,79.72,79.72,72.79,77.74,0,0
AWM_MV,D,20150818,000000,72.3,77.74,72.3,77.74,0,0
AWM_MV,D,20150819,000000,70.32,77.25,69.33,74.28,0,0
AWM_MV,D,20150820,000000,78.73,78.73,78.73,78.73,0,0
AWM_MV,D,20150821,000000,71.8,76.75,71.8,76.75,0,0
AWM_MV,D,20150824,000000,72.3,73.78,68.34,73.78,0,0
AWM_MV,D,20150825,000000,70.32,73.78,68.83,68.83,0,0
AWM_MV,D,20150826,000000,74.77,74.77,74.77,74.77,0,0
AWM_MV,D,20150827,000000,75.76,79.23,68.34,79.23,0,0
AWM_MV,D,20150902,000000,69.82,74.28,69.82,74.28,0,0
AWM_MV,D,20150903,000000,73.78,73.78,73.78,73.78,0,0
AWM_MV,D,20150904,000000,72.3,72.3,72.3,72.3,0,0
AWM_MV,D,20150907,000000,73.29,79.23,73.29,78.24,0,0
AWM_MV,D,20150908,000000,78.24,78.24,78.24,78.24,0,0
AWM_MV,D,20150909,000000,74.77,74.77,74.28,74.28,0,0
AWM_MV,D,20150910,000000,74.77,74.77,74.77,74.77,0,0
AWM_MV,D,20150911,000000,74.77,76.26,74.28,76.26,0,0
AWM_MV,D,20150914,000000,77.25,77.25,77.25,77.25,0,0
AWM_MV,D,20150915,000000,74.28,75.76,69.33,75.27,0,0
AWM_MV,D,20150916,000000,71.8,71.8,69.33,69.33,0,0
AWM_MV,D,20150917,000000,75.27,76.75,70.32,75.76,0,0
AWM_MV,D,20150921,000000,75.76,76.75,75.76,76.26,0,0
AWM_MV,D,20150922,000000,71.8,71.8,70.81,70.81,0,0
AWM_MV,D,20150923,000000,74.28,76.75,74.28,76.75,0,0
AWM_MV,D,20150924,000000,71.8,76.26,71.8,76.26,0,0
AWM_MV,D,20150925,000000,70.81,70.81,70.81,70.81,0,0
AWM_MV,D,20150929,000000,71.31,74.28,71.31,74.28,0,0
AWM_MV,D,20150930,000000,70.81,75.27,70.81,75.27,0,0
AWM_MV,D,20151001,000000,76.26,76.26,71.31,71.31,0,0
AWM_MV,D,20151002,000000,71.31,72.79,69.82,72.79,0,0
AWM_MV,D,20151005,000000,73.29,73.29,71.31,71.31,0,0
AWM_MV,D,20151006,000000,71.8,71.8,70.32,71.31,0,0
AWM_MV,D,20151007,000000,71.31,72.79,71.31,72.79,0,0
AWM_MV,D,20151008,000000,70.32,70.32,70.32,70.32,0,0
AWM_MV,D,20151009,000000,70.32,70.81,69.82,70.81,0,0
AWM_MV,D,20151012,000000,66.85,69.33,66.85,69.33,0,0
AWM_MV,D,20151013,000000,69.33,69.33,69.33,69.33,0,0
AWM_MV,D,20151014,000000,69.33,76.26,69.33,74.28,0,0
AWM_MV,D,20151015,000000,74.28,75.76,71.31,75.76,0,0
AWM_MV,D,20151016,000000,74.28,75.76,69.33,75.76,0,0
AWM_MV,D,20151019,000000,75.27,75.27,75.27,75.27,0,0
AWM_MV,D,20151020,000000,72.79,72.79,72.79,72.79,0,0
AWM_MV,D,20151021,000000,74.28,75.76,71.8,75.76,0,0
AWM_MV,D,20151022,000000,75.76,82.2,75.76,82.2,0,0
AWM_MV,D,20151023,000000,79.72,81.21,78.73,81.21,0,0
AWM_MV,D,20151026,000000,81.71,81.71,81.71,81.71,0,0
AWM_MV,D,20151027,000000,77.25,82.2,77.25,82.2,0,0
AWM_MV,D,20151028,000000,79.23,81.71,79.23,81.71,0,0
AWM_MV,D,20151029,000000,81.21,81.71,79.23,81.71,0,0
AWM_MV,D,20151030,000000,81.71,81.71,81.71,81.71,0,0
AWM_MV,D,20151102,000000,76.75,79.23,71.31,79.23,0,0
AWM_MV,D,20151103,000000,76.75,80.22,76.75,80.22,0,0
AWM_MV,D,20151104,000000,76.75,81.21,76.75,81.21,0,0
AWM_MV,D,20151105,000000,81.71,81.71,81.21,81.21,0,0
AWM_MV,D,20151106,000000,77.25,81.21,77.25,81.21,0,0
AWM_MV,D,20151109,000000,81.21,81.21,74.28,78.73,0,0
AWM_MV,D,20151110,000000,77.74,77.74,74.28,76.75,0,0
AWM_MV,D,20151112,000000,76.75,76.75,76.75,76.75,0,0
AWM_MV,D,20151113,000000,74.28,75.76,73.29,75.76,0,0
AWM_MV,D,20151116,000000,74.28,74.28,74.28,74.28,0,0
AWM_MV,D,20151117,000000,73.29,73.78,72.3,72.79,0,0
AWM_MV,D,20151118,000000,72.79,73.29,71.8,73.29,0,0
AWM_MV,D,20151119,000000,70.81,73.78,70.81,73.78,0,0
AWM_MV,D,20151120,000000,70.81,71.8,70.81,71.8,0,0
AWM_MV,D,20151123,000000,71.31,75.76,71.31,75.76,0,0
AWM_MV,D,20151124,000000,71.8,73.78,71.8,73.78,0,0
AWM_MV,D,20151125,000000,70.32,73.78,70.32,73.78,0,0
AWM_MV,D,20151126,000000,73.78,73.78,70.32,70.32,0,0
AWM_MV,D,20151127,000000,73.78,73.78,69.33,71.8,0,0
AWM_MV,D,20151130,000000,68.83,71.31,68.34,70.81,0,0
AWM_MV,D,20151201,000000,68.34,70.32,68.34,70.32,0,0
AWM_MV,D,20151202,000000,67.84,69.82,67.84,69.82,0,0
AWM_MV,D,20151203,000000,69.82,69.82,68.34,69.82,0,0
AWM_MV,D,20151204,000000,69.82,69.82,69.82,69.82,0,0
AWM_MV,D,20151207,000000,69.33,69.33,69.33,69.33,0,0
AWM_MV,D,20151208,000000,65.36,69.82,65.36,68.83,0,0
AWM_MV,D,20151209,000000,68.83,68.83,68.83,68.83,0,0
AWM_MV,D,20151210,000000,68.83,68.83,68.83,68.83,0,0
AWM_MV,D,20151211,000000,65.36,68.34,65.36,68.34,0,0
AWM_MV,D,20151214,000000,66.85,68.34,63.88,64.37,0,0
AWM_MV,D,20151215,000000,68.83,68.83,68.83,68.83,0,0
AWM_MV,D,20151217,000000,66.35,68.83,64.37,68.34,0,0
AWM_MV,D,20151221,000000,68.83,68.83,62.39,62.39,0,0
AWM_MV,D,20151222,000000,62.89,64.37,61.4,61.4,0,0
AWM_MV,D,20151223,000000,64.37,65.86,62.39,64.37,0,0
AWM_MV,D,20151228,000000,64.37,67.84,61.9,67.84,0,0
AWM_MV,D,20151229,000000,68.83,68.83,66.85,67.84,0,0
AWM_MV,D,20151230,000000,67.35,67.35,64.37,66.85,0,0
AWM_MV,D,20160104,000000,62.39,64.37,62.39,64.37,0,0
AWM_MV,D,20160105,000000,63.38,63.38,62.39,62.39,0,0
AWM_MV,D,20160107,000000,62.39,62.39,56.95,56.95,0,0
AWM_MV,D,20160108,000000,58.43,63.38,58.43,63.38,0,0
AWM_MV,D,20160111,000000,63.38,63.38,61.4,61.4,0,0
AWM_MV,D,20160112,000000,61.4,61.4,60.41,61.4,0,0
AWM_MV,D,20160113,000000,61.9,63.38,59.92,61.9,0,0
AWM_MV,D,20160115,000000,61.9,61.9,57.94,61.9,0,0
AWM_MV,D,20160118,000000,59.42,60.41,59.42,60.41,0,0
AWM_MV,D,20160119,000000,58.43,60.41,58.43,60.41,0,0
AWM_MV,D,20160122,000000,60.41,62.89,60.41,62.89,0,0
AWM_MV,D,20160125,000000,56.95,61.9,56.95,61.9,0,0
AWM_MV,D,20160126,000000,59.42,60.91,56.95,60.91,0,0
AWM_MV,D,20160128,000000,59.92,59.92,59.92,59.92,0,0
AWM_MV,D,20160129,000000,59.42,62.89,57.44,62.39,0,0
AWM_MV,D,20160201,000000,62.39,62.39,57.94,62.39,0,0
AWM_MV,D,20160202,000000,58.43,62.39,58.43,62.39,0,0
AWM_MV,D,20160203,000000,59.42,59.42,55.46,59.42,0,0
AWM_MV,D,20160205,000000,57.94,61.9,57.94,61.9,0,0
AWM_MV,D,20160208,000000,59.42,59.42,59.42,59.42,0,0
AWM_MV,D,20160209,000000,57.44,59.42,56.95,59.42,0,0
AWM_MV,D,20160210,000000,59.42,59.42,59.42,59.42,0,0
AWM_MV,D,20160211,000000,57.44,59.42,56.95,59.42,0,0
AWM_MV,D,20160212,000000,56.95,59.42,56.95,59.42,0,0
AWM_MV,D,20160215,000000,61.4,61.4,61.4,61.4,0,0
AWM_MV,D,20160216,000000,62.39,62.39,57.94,61.9,0,0
AWM_MV,D,20160217,000000,61.4,64.37,60.91,63.38,0,0
AWM_MV,D,20160218,000000,62.89,62.89,62.89,62.89,0,0
AWM_MV,D,20160219,000000,61.9,62.39,61.9,62.39,0,0
AWM_MV,D,20160222,000000,61.9,61.9,60.91,60.91,0,0
AWM_MV,D,20160223,000000,59.92,62.89,59.92,62.89,0,0
AWM_MV,D,20160224,000000,62.89,63.88,60.41,63.88,0,0
AWM_MV,D,20160225,000000,63.38,63.38,61.9,63.38,0,0
AWM_MV,D,20160226,000000,60.41,63.38,59.42,63.38,0,0
AWM_MV,D,20160229,000000,62.89,62.89,62.89,62.89,0,0
AWM_MV,D,20160301,000000,60.91,63.38,60.91,63.38,0,0
AWM_MV,D,20160303,000000,62.89,62.89,60.41,61.9,0,0
AWM_MV,D,20160304,000000,62.89,62.89,62.89,62.89,0,0
AWM_MV,D,20160308,000000,60.41,61.4,58.93,61.4,0,0
AWM_MV,D,20160309,000000,59.42,63.38,59.42,61.4,0,0
AWM_MV,D,20160310,000000,61.4,62.89,61.4,62.89,0,0
AWM_MV,D,20160311,000000,60.41,63.38,60.41,63.38,0,0
AWM_MV,D,20160315,000000,62.89,62.89,56.95,62.39,0,0
AWM_MV,D,20160316,000000,59.42,63.38,59.42,63.38,0,0
AWM_MV,D,20160317,000000,62.89,62.89,59.42,62.89,0,0
AWM_MV,D,20160318,000000,62.89,62.89,61.4,62.89,0,0
AWM_MV,D,20160321,000000,62.39,62.89,62.39,62.89,0,0
AWM_MV,D,20160322,000000,63.38,64.87,63.38,63.88,0,0
AWM_MV,D,20160329,000000,59.42,63.88,59.42,63.88,0,0
AWM_MV,D,20160330,000000,63.88,63.88,63.88,63.88,0,0
AWM_MV,D,20160331,000000,62.39,62.39,62.39,62.39,0,0
AWM_MV,D,20160404,000000,63.38,66.85,63.38,66.85,0,0
AWM_MV,D,20160405,000000,67.84,67.84,64.37,65.86,0,0
AWM_MV,D,20160406,000000,65.86,65.86,64.37,65.36,0,0
AWM_MV,D,20160407,000000,68.34,68.34,64.37,64.37,0,0
AWM_MV,D,20160408,000000,68.34,68.34,61.9,63.38,0,0
AWM_MV,D,20160411,000000,67.35,67.35,61.4,64.87,0,0
AWM_MV,D,20160412,000000,64.87,64.87,62.39,64.37,0,0
AWM_MV,D,20160413,000000,64.87,64.87,61.4,63.38,0,0
AWM_MV,D,20160414,000000,64.37,64.37,62.39,63.38,0,0
AWM_MV,D,20160415,000000,64.37,64.37,61.9,61.9,0,0
AWM_MV,D,20160418,000000,64.87,64.87,59.92,62.39,0,0
AWM_MV,D,20160419,000000,62.89,62.89,59.42,59.42,0,0
AWM_MV,D,20160420,000000,61.4,61.4,57.94,58.93,0,0
AWM_MV,D,20160421,000000,58.93,58.93,57.44,58.93,0,0
AWM_MV,D,20160422,000000,59.42,59.42,56.45,58.43,0,0
AWM_MV,D,20160425,000000,59.42,61.4,57.94,58.93,0,0
AWM_MV,D,20160426,000000,59.42,61.4,57.94,58.93,0,0
AWM_MV,D,20160427,000000,60.41,60.41,56.95,57.94,0,0
AWM_MV,D,20160428,000000,60.41,60.41,56.95,58.43,0,0
AWM_MV,D,20160429,000000,58.93,58.93,58.93,58.93,0,0
AWM_MV,D,20160502,000000,61.4,63.38,57.44,58.43,0,0
AWM_MV,D,20160504,000000,58.93,58.93,57.44,58.43,0,0
AWM_MV,D,20160505,000000,56.95,59.42,56.95,58.93,0,0
AWM_MV,D,20160506,000000,58.93,58.93,56.95,57.94,0,0
AWM_MV,D,20160509,000000,57.94,57.94,56.95,57.44,0,0
AWM_MV,D,20160510,000000,58.43,62.89,57.44,59.92,0,0
AWM_MV,D,20160511,000000,59.92,63.38,59.92,61.9,0,0
AWM_MV,D,20160512,000000,63.88,67.35,61.4,65.86,0,0
AWM_MV,D,20160513,000000,66.85,68.34,64.37,65.86,0,0
AWM_MV,D,20160516,000000,65.86,65.86,62.89,64.37,0,0
AWM_MV,D,20160517,000000,65.36,65.36,62.89,64.87,0,0
AWM_MV,D,20160518,000000,64.87,65.86,62.89,64.87,0,0
AWM_MV,D,20160519,000000,64.87,64.87,64.37,64.87,0,0
AWM_MV,D,20160520,000000,65.36,66.85,63.38,65.86,0,0
AWM_MV,D,20160523,000000,65.36,67.35,64.37,65.86,0,0
AWM_MV,D,20160524,000000,66.85,66.85,63.38,64.37,0,0
AWM_MV,D,20160525,000000,64.87,64.87,61.9,64.87,0,0
AWM_MV,D,20160527,000000,65.36,65.36,59.92,63.38,0,0
AWM_MV,D,20160530,000000,63.38,63.38,60.91,62.39,0,0
AWM_MV,D,20160531,000000,63.38,63.38,59.92,61.9,0,0
AWM_MV,D,20160601,000000,62.39,62.39,59.92,61.9,0,0
AWM_MV,D,20160602,000000,62.39,62.39,61.4,61.9,0,0
AWM_MV,D,20160603,000000,61.9,61.9,60.41,61.4,0,0
AWM_MV,D,20160606,000000,61.4,61.4,58.43,60.41,0,0
AWM_MV,D,20160607,000000,60.91,60.91,58.43,60.91,0,0
AWM_MV,D,20160608,000000,60.41,60.41,58.93,60.41,0,0
AWM_MV,D,20160609,000000,60.41,60.41,59.42,60.41,0,0
AWM_MV,D,20160610,000000,60.41,60.91,58.93,60.91,0,0
AWM_MV,D,20160613,000000,60.91,60.91,57.94,59.92,0,0
AWM_MV,D,20160614,000000,61.9,61.9,59.42,59.92,0,0
AWM_MV,D,20160615,000000,60.41,60.41,54.47,54.47,0,0
AWM_MV,D,20160616,000000,56.45,57.94,53.48,56.45,0,0
AWM_MV,D,20160617,000000,56.95,56.95,53.98,56.95,0,0
AWM_MV,D,20160620,000000,56.95,56.95,52.98,53.48,0,0
AWM_MV,D,20160621,000000,55.46,55.46,49.52,52.98,0,0
AWM_MV,D,20160622,000000,52.98,57.44,50.01,55.46,0,0
AWM_MV,D,20160623,000000,56.95,58.93,53.48,57.44,0,0
AWM_MV,D,20160624,000000,50.01,55.96,50.01,52.49,0,0
AWM_MV,D,20160627,000000,52.49,55.46,52.49,54.47,0,0
AWM_MV,D,20160628,000000,55.46,56.95,54.47,54.47,0,0
AWM_MV,D,20160629,000000,54.47,54.47,52.49,52.98,0,0
AWM_MV,D,20160630,000000,54.97,54.97,52.98,54.47,0,0
AWM_MV,D,20160701,000000,54.47,57.44,53.98,54.97,0,0
AWM_MV,D,20160704,000000,55.96,56.95,53.48,54.47,0,0
AWM_MV,D,20160705,000000,54.47,55.96,52.49,54.47,0,0
AWM_MV,D,20160706,000000,53.98,53.98,52.49,52.98,0,0
AWM_MV,D,20160707,000000,52.49,52.98,52.49,52.98,0,0
AWM_MV,D,20160708,000000,52.98,55.46,52.98,54.47,0,0
AWM_MV,D,20160711,000000,53.48,54.47,53.48,53.48,0,0
AWM_MV,D,20160712,000000,53.48,54.47,53.48,54.47,0,0
AWM_MV,D,20160713,000000,53.98,53.98,52.98,53.98,0,0
AWM_MV,D,20160714,000000,54.97,59.86,53.48,59.86,0,0
AWM_MV,D,20160715,000000,59.32,65.3,59.32,65.3,0,0
AWM_MV,D,20160718,000000,65.85,65.85,62.04,64.76,0,0
AWM_MV,D,20160719,000000,64.76,66.39,63.13,63.13,0,0
AWM_MV,D,20160720,000000,63.13,65.85,63.13,64.76,0,0
AWM_MV,D,20160721,000000,64.76,70.74,64.76,68.57,0,0
AWM_MV,D,20160722,000000,68.57,68.57,64.76,68.02,0,0
AWM_MV,D,20160725,000000,68.02,70.74,64.76,69.11,0,0
AWM_MV,D,20160726,000000,68.02,72.38,68.02,71.29,0,0
AWM_MV,D,20160727,000000,71.29,73.46,71.29,71.83,0,0
AWM_MV,D,20160728,000000,72.92,72.92,67.48,69.11,0,0
AWM_MV,D,20160729,000000,69.11,69.11,65.85,67.48,0,0
AWM_MV,D,20160801,000000,68.57,68.57,62.58,64.76,0,0
AWM_MV,D,20160802,000000,66.39,66.39,59.86,60.95,0,0
AWM_MV,D,20160803,000000,64.21,64.21,60.4,63.13,0,0
AWM_MV,D,20160804,000000,63.13,63.13,59.86,63.13,0,0
AWM_MV,D,20160805,000000,63.13,63.13,63.13,63.13,0,0
AWM_MV,D,20160808,000000,63.13,63.13,59.86,62.58,0,0
AWM_MV,D,20160809,000000,63.13,66.39,63.13,64.76,0,0
AWM_MV,D,20160810,000000,64.76,65.3,64.21,65.3,0,0
AWM_MV,D,20160811,000000,65.3,65.3,62.58,65.3,0,0
AWM_MV,D,20160812,000000,65.3,67.48,62.58,67.48,0,0
AWM_MV,D,20160816,000000,70.74,74.55,68.02,74.55,0,0
AWM_MV,D,20160817,000000,75.64,82.72,73.46,75.1,0,0
AWM_MV,D,20160818,000000,75.1,76.19,74.01,75.64,0,0
AWM_MV,D,20160819,000000,76.19,76.19,71.83,75.1,0,0
AWM_MV,D,20160822,000000,75.1,75.64,72.92,75.64,0,0
AWM_MV,D,20160823,000000,75.64,75.64,72.38,75.64,0,0
AWM_MV,D,20160824,000000,73.46,83.8,73.46,83.26,0,0
AWM_MV,D,20160825,000000,83.26,87.07,81.63,82.17,0,0
AWM_MV,D,20160826,000000,84.35,84.35,82.72,83.8,0,0
AWM_MV,D,20160829,000000,84.35,91.97,84.35,90.88,0,0
AWM_MV,D,20160830,000000,91.97,93.06,89.79,93.06,0,0
AWM_MV,D,20160831,000000,93.06,95.23,88.16,95.23,0,0
AWM_MV,D,20160901,000000,95.23,95.78,87.61,95.23,0,0
AWM_MV,D,20160902,000000,94.14,99.04,92.51,98.5,0,0
AWM_MV,D,20160905,000000,100.13,102.85,97.95,102.85,0,0
AWM_MV,D,20160906,000000,102.85,102.85,97.41,100.67,0,0
AWM_MV,D,20160907,000000,102.31,102.31,97.95,101.22,0,0
AWM_MV,D,20160908,000000,101.22,102.85,99.04,102.31,0,0
AWM_MV,D,20160909,000000,102.85,102.85,100.67,101.22,0,0
AWM_MV,D,20160912,000000,100.13,102.31,97.41,100.67,0,0
AWM_MV,D,20160913,000000,102.31,102.85,98.5,101.22,0,0
AWM_MV,D,20160914,000000,102.31,102.31,98.5,101.22,0,0
AWM_MV,D,20160915,000000,101.22,101.22,94.14,98.5,0,0
AWM_MV,D,20160916,000000,99.04,99.04,92.51,92.51,0,0
AWM_MV,D,20160919,000000,94.69,96.32,92.51,96.32,0,0
AWM_MV,D,20160920,000000,97.41,97.41,93.06,95.78,0,0
AWM_MV,D,20160921,000000,97.95,97.95,94.69,95.78,0,0
AWM_MV,D,20160922,000000,96.32,96.32,92.51,95.23,0,0
AWM_MV,D,20160923,000000,96.86,96.86,93.06,94.14,0,0
AWM_MV,D,20160926,000000,93.6,99.59,91.97,97.95,0,0
AWM_MV,D,20160927,000000,96.86,103.4,96.86,102.31,0,0
AWM_MV,D,20160928,000000,103.4,106.12,97.95,103.4,0,0
AWM_MV,D,20160929,000000,104.48,106.12,101.22,106.12,0,0
AWM_MV,D,20160930,000000,106.66,106.66,103.94,106.66,0,0
AWM_MV,D,20161003,000000,106.12,106.12,99.59,103.4,0,0
AWM_MV,D,20161004,000000,102.85,102.85,95.23,96.32,0,0
AWM_MV,D,20161005,000000,96.32,100.67,96.32,100.67,0,0
AWM_MV,D,20161006,000000,100.67,102.85,99.04,100.67,0,0
AWM_MV,D,20161007,000000,100.67,101.22,95.78,101.22,0,0
AWM_MV,D,20161010,000000,101.22,101.22,95.78,99.59,0,0
AWM_MV,D,20161011,000000,100.67,101.22,96.86,99.59,0,0
AWM_MV,D,20161012,000000,100.13,101.22,97.41,100.13,0,0
AWM_MV,D,20161013,000000,100.13,100.13,96.86,97.95,0,0
AWM_MV,D,20161014,000000,97.95,97.95,94.69,97.41,0,0
AWM_MV,D,20161017,000000,97.41,97.41,91.42,95.78,0,0
AWM_MV,D,20161018,000000,95.78,95.78,91.42,95.23,0,0
AWM_MV,D,20161019,000000,95.23,95.23,88.16,94.69,0,0
AWM_MV,D,20161020,000000,94.14,99.59,94.14,99.04,0,0
AWM_MV,D,20161021,000000,99.04,99.04,97.95,97.95,0,0
AWM_MV,D,20161024,000000,97.95,97.95,91.42,96.86,0,0
AWM_MV,D,20161025,000000,97.41,97.41,93.6,96.32,0,0
AWM_MV,D,20161026,000000,96.32,96.32,93.6,95.23,0,0
AWM_MV,D,20161027,000000,94.69,96.86,93.6,96.86,0,0
AWM_MV,D,20161028,000000,96.86,100.13,95.23,100.13,0,0
AWM_MV,D,20161031,000000,100.13,100.67,95.78,100.13,0,0
AWM_MV,D,20161102,000000,100.13,100.13,97.41,97.41,0,0
AWM_MV,D,20161103,000000,97.41,99.04,95.23,99.04,0,0
AWM_MV,D,20161104,000000,97.95,103.98,94.69,103.98,0,0
AWM_MV,D,20161107,000000,107.49,107.49,99.31,101.65,0,0
AWM_MV,D,20161108,000000,101.65,101.65,98.73,101.06,0,0
AWM_MV,D,20161109,000000,97.56,104.57,97.56,101.06,0,0
AWM_MV,D,20161110,000000,103.98,103.98,94.64,100.48,0,0
AWM_MV,D,20161114,000000,106.32,106.32,102.82,103.98,0,0
AWM_MV,D,20161115,000000,106.91,106.91,99.31,103.4,0,0
AWM_MV,D,20161116,000000,103.98,103.98,98.73,100.48,0,0
AWM_MV,D,20161117,000000,100.48,100.48,96.97,99.9,0,0
AWM_MV,D,20161118,000000,99.9,99.9,93.47,93.47,0,0
AWM_MV,D,20161121,000000,96.39,96.39,89.38,95.81,0,0
AWM_MV,D,20161122,000000,95.22,96.39,91.13,96.39,0,0
AWM_MV,D,20161123,000000,98.14,98.14,93.47,96.39,0,0
AWM_MV,D,20161124,000000,96.39,98.73,93.47,98.73,0,0
AWM_MV,D,20161125,000000,99.31,101.65,98.14,101.65,0,0
AWM_MV,D,20161128,000000,102.23,102.23,99.31,100.48,0,0
AWM_MV,D,20161129,000000,100.48,102.23,97.56,102.23,0,0
AWM_MV,D,20161130,000000,102.23,102.23,98.73,101.65,0,0
AWM_MV,D,20161201,000000,102.82,102.82,98.73,102.23,0,0
AWM_MV,D,20161202,000000,102.23,102.23,96.97,98.73,0,0
AWM_MV,D,20161205,000000,101.65,101.65,99.31,99.31,0,0
AWM_MV,D,20161206,000000,98.14,98.14,95.22,98.14,0,0
AWM_MV,D,20161207,000000,94.64,98.14,92.3,97.56,0,0
AWM_MV,D,20161208,000000,98.73,98.73,96.39,98.73,0,0
AWM_MV,D,20161209,000000,98.73,98.73,92.89,98.14,0,0
AWM_MV,D,20161212,000000,97.56,103.4,94.64,103.4,0,0
AWM_MV,D,20161213,000000,104.57,105.15,99.31,102.23,0,0
AWM_MV,D,20161214,000000,103.4,103.4,99.31,99.31,0,0
AWM_MV,D,20161215,000000,99.31,99.31,99.31,99.31,0,0
AWM_MV,D,20161216,000000,101.06,102.23,97.56,102.23,0,0
AWM_MV,D,20161219,000000,102.23,102.23,96.97,98.73,0,0
AWM_MV,D,20161220,000000,99.31,99.31,96.97,98.14,0,0
AWM_MV,D,20161221,000000,96.97,98.14,96.39,98.14,0,0
AWM_MV,D,20161222,000000,98.14,98.14,95.22,98.14,0,0
AWM_MV,D,20161223,000000,98.14,98.14,94.64,98.14,0,0
AWM_MV,D,20161227,000000,99.31,99.9,96.39,99.9,0,0
AWM_MV,D,20161228,000000,96.97,102.23,96.97,98.14,0,0
AWM_MV,D,20161229,000000,100.48,100.48,95.81,98.14,0,0
AWM_MV,D,20161230,000000,99.31,102.23,96.97,102.23,0,0
AWM_MV,D,20170102,000000,102.23,102.23,101.65,101.65,0,0
AWM_MV,D,20170103,000000,101.65,102.23,98.73,101.65,0,0
AWM_MV,D,20170104,000000,101.06,101.06,98.14,99.31,0,0
AWM_MV,D,20170105,000000,98.73,99.31,96.97,99.31,0,0
AWM_MV,D,20170109,000000,99.31,99.31,96.97,98.73,0,0
AWM_MV,D,20170110,000000,100.48,101.65,99.31,101.65,0,0
AWM_MV,D,20170111,000000,96.97,101.65,96.97,99.31,0,0
AWM_MV,D,20170112,000000,99.31,101.65,96.97,101.06,0,0
AWM_MV,D,20170113,000000,98.14,101.06,98.14,101.06,0,0
AWM_MV,D,20170116,000000,101.65,107.49,101.65,105.15,0,0
AWM_MV,D,20170117,000000,108.07,108.07,102.82,103.98,0,0
AWM_MV,D,20170118,000000,103.98,105.15,103.98,103.98,0,0
AWM_MV,D,20170119,000000,103.98,103.98,97.56,101.65,0,0
AWM_MV,D,20170120,000000,100.48,100.48,96.39,96.39,0,0
AWM_MV,D,20170123,000000,96.39,99.9,96.39,99.31,0,0
AWM_MV,D,20170124,000000,99.31,101.06,95.22,95.81,0,0
AWM_MV,D,20170125,000000,98.14,98.14,95.22,98.14,0,0
AWM_MV,D,20170126,000000,97.56,99.31,95.81,99.31,0,0
AWM_MV,D,20170127,000000,99.31,101.65,96.97,101.06,0,0
AWM_MV,D,20170130,000000,102.23,105.15,98.14,105.15,0,0
AWM_MV,D,20170131,000000,104.57,105.15,102.23,102.23,0,0
AWM_MV,D,20170201,000000,102.23,104.57,102.23,104.57,0,0
AWM_MV,D,20170202,000000,105.15,105.15,95.81,101.65,0,0
AWM_MV,D,20170203,000000,102.82,102.82,97.56,101.06,0,0
AWM_MV,D,20170206,000000,102.23,102.23,97.56,99.31,0,0
AWM_MV,D,20170207,000000,101.65,102.23,101.65,102.23,0,0
AWM_MV,D,20170208,000000,102.23,102.23,99.31,101.65,0,0
AWM_MV,D,20170209,000000,101.65,108.07,98.73,102.82,0,0
AWM_MV,D,20170210,000000,105.15,108.07,102.82,106.91,0,0
AWM_MV,D,20170213,000000,107.49,127.35,106.91,119.17,0,0
AWM_MV,D,20170214,000000,120.34,122.09,115.08,115.08,0,0
AWM_MV,D,20170215,000000,122.09,122.09,113.33,115.67,0,0
AWM_MV,D,20170216,000000,118.01,118.01,115.08,115.08,0,0
AWM_MV,D,20170217,000000,115.08,116.84,115.08,116.25,0,0
AWM_MV,D,20170220,000000,116.25,116.84,108.66,115.08,0,0
AWM_MV,D,20170221,000000,112.16,115.67,107.49,113.92,0,0
AWM_MV,D,20170222,000000,113.33,113.92,107.49,107.49,0,0
AWM_MV,D,20170223,000000,111.58,114.5,109.83,113.33,0,0
AWM_MV,D,20170224,000000,113.92,115.08,113.92,114.5,0,0
AWM_MV,D,20170227,000000,115.67,116.25,112.16,113.92,0,0
AWM_MV,D,20170228,000000,114.5,118.59,112.75,118.59,0,0
AWM_MV,D,20170301,000000,118.59,118.59,113.33,114.5,0,0
AWM_MV,D,20170302,000000,115.08,115.67,111,114.5,0,0
AWM_MV,D,20170303,000000,115.67,138.45,113.33,127.35,0,0
AWM_MV,D,20170306,000000,127.35,128.52,116.25,127.35,0,0
AWM_MV,D,20170307,000000,130.86,130.86,118.59,122.68,0,0
AWM_MV,D,20170308,000000,131.44,135.53,123.85,123.85,0,0
AWM_MV,D,20170309,000000,120.93,126.18,102.23,113.92,0,0
AWM_MV,D,20170310,000000,116.25,125.6,114.5,122.09,0,0
AWM_MV,D,20170313,000000,121.51,121.51,118.59,121.51,0,0
AWM_MV,D,20170314,000000,122.68,130.27,120.93,129.1,0,0
AWM_MV,D,20170315,000000,130.27,130.27,124.43,129.69,0,0
AWM_MV,D,20170316,000000,130.27,133.78,128.52,131.44,0,0
AWM_MV,D,20170317,000000,131.44,132.03,129.69,131.44,0,0
AWM_MV,D,20170320,000000,132.03,132.03,129.1,130.86,0,0
AWM_MV,D,20170321,000000,132.03,132.03,125.6,125.6,0,0
AWM_MV,D,20170322,000000,122.09,122.68,116.84,120.93,0,0
AWM_MV,D,20170323,000000,125.02,125.6,119.17,122.68,0,0
AWM_MV,D,20170324,000000,125.02,125.02,116.84,122.68,0,0
AWM_MV,D,20170327,000000,124.43,124.43,121.51,121.51,0,0
AWM_MV,D,20170328,000000,122.09,122.09,111.58,120.34,0,0
AWM_MV,D,20170329,000000,119.17,119.17,113.92,116.25,0,0
AWM_MV,D,20170330,000000,116.84,116.84,112.16,115.67,0,0
AWM_MV,D,20170331,000000,111.58,116.84,109.83,113.33,0,0
AWM_MV,D,20170403,000000,108.66,113.92,108.66,110.41,0,0
AWM_MV,D,20170404,000000,111,114.5,110.41,113.33,0,0
AWM_MV,D,20170405,000000,113.33,114.5,111,114.5,0,0
AWM_MV,D,20170406,000000,115.08,115.08,110.41,110.41,0,0
AWM_MV,D,20170407,000000,112.75,112.75,110.41,112.16,0,0
AWM_MV,D,20170410,000000,111,111,108.07,110.41,0,0
AWM_MV,D,20170411,000000,111,112.16,109.24,109.24,0,0
AWM_MV,D,20170412,000000,108.07,111,108.07,108.07,0,0
AWM_MV,D,20170413,000000,110.41,110.41,105.74,107.49,0,0
AWM_MV,D,20170418,000000,107.49,115.08,105.74,112.16,0,0
AWM_MV,D,20170419,000000,112.16,112.16,109.83,111,0,0
AWM_MV,D,20170420,000000,112.16,119.76,111,118.59,0,0
AWM_MV,D,20170421,000000,120.34,120.34,115.08,118.59,0,0
AWM_MV,D,20170424,000000,118.59,120.34,113.33,115.67,0,0
AWM_MV,D,20170425,000000,113.33,115.67,112.75,115.67,0,0
AWM_MV,D,20170426,000000,115.67,115.67,111,113.33,0,0
AWM_MV,D,20170427,000000,113.92,114.5,111,111.58,0,0
AWM_MV,D,20170428,000000,111,118.59,109.83,117.42,0,0
AWM_MV,D,20170502,000000,117.42,122.09,115.67,119.76,0,0
AWM_MV,D,20170504,000000,122.09,122.09,117.42,117.42,0,0
AWM_MV,D,20170505,000000,115.08,118.59,115.08,118.59,0,0
AWM_MV,D,20170508,000000,122.09,122.09,118.59,120.93,0,0
AWM_MV,D,20170509,000000,122.09,122.09,119.17,120.34,0,0
AWM_MV,D,20170510,000000,122.09,122.09,120.34,120.93,0,0
AWM_MV,D,20170511,000000,120.93,122.09,120.34,121.51,0,0
AWM_MV,D,20170512,000000,121.51,122.09,120.93,122.09,0,0
AWM_MV,D,20170515,000000,122.09,122.09,119.76,120.93,0,0
AWM_MV,D,20170516,000000,122.09,122.09,122.09,122.09,0,0
AWM_MV,D,20170517,000000,122.09,129.69,122.09,129.1,0,0
AWM_MV,D,20170518,000000,124.43,124.43,120.34,123.85,0,0
AWM_MV,D,20170519,000000,123.85,123.85,119.76,123.26,0,0
AWM_MV,D,20170522,000000,123.26,123.26,117.42,117.42,0,0
AWM_MV,D,20170523,000000,119.76,120.34,119.76,120.34,0,0
AWM_MV,D,20170524,000000,120.34,121.51,117.42,121.51,0,0
AWM_MV,D,20170525,000000,121.51,122.68,121.51,122.09,0,0
AWM_MV,D,20170526,000000,122.09,122.09,118.59,119.76,0,0
AWM_MV,D,20170529,000000,119.76,119.76,116.25,119.17,0,0
AWM_MV,D,20170530,000000,119.17,119.76,118.59,119.17,0,0
AWM_MV,D,20170531,000000,119.17,119.17,116.25,116.84,0,0
AWM_MV,D,20170601,000000,119.17,119.17,116.84,118.59,0,0
AWM_MV,D,20170602,000000,119.76,119.76,117.42,119.17,0,0
AWM_MV,D,20170605,000000,119.17,121.51,118.01,118.01,0,0
AWM_MV,D,20170606,000000,118.01,118.01,114.5,114.5,0,0
AWM_MV,D,20170607,000000,116.84,116.84,111,114.5,0,0
AWM_MV,D,20170608,000000,112.75,115.08,110.41,112.75,0,0
AWM_MV,D,20170609,000000,111,112.75,108.07,109.24,0,0
AWM_MV,D,20170612,000000,109.24,111.58,109.24,109.83,0,0
AWM_MV,D,20170613,000000,109.24,111,106.91,111,0,0
AWM_MV,D,20170614,000000,108.07,111,95.22,96.39,0,0
AWM_MV,D,20170616,000000,96.39,101.65,96.39,99.9,0,0
AWM_MV,D,20170619,000000,96.97,99.9,96.97,99.31,0,0
AWM_MV,D,20170620,000000,99.31,99.9,90.55,93.47,0,0
AWM_MV,D,20170621,000000,88.21,95.81,84.71,94.64,0,0
AWM_MV,D,20170622,000000,95.22,95.22,88.8,93.47,0,0
AWM_MV,D,20170623,000000,90.55,93.47,89.38,92.89,0,0
AWM_MV,D,20170626,000000,92.89,92.89,86.46,87.63,0,0
AWM_MV,D,20170627,000000,87.63,91.13,87.04,90.55,0,0
AWM_MV,D,20170628,000000,90.55,94.64,88.8,92.89,0,0
AWM_MV,D,20170629,000000,93.47,93.47,91.13,92.89,0,0
AWM_MV,D,20170630,000000,93.47,96.39,92.3,93.47,0,0
AWM_MV,D,20170703,000000,93.47,96.39,93.47,95.81,0,0
AWM_MV,D,20170704,000000,99.31,99.31,93.47,96.39,0,0
AWM_MV,D,20170705,000000,98.73,98.73,92.89,92.89,0,0
AWM_MV,D,20170706,000000,92.3,94.64,91.13,91.72,0,0
AWM_MV,D,20170707,000000,89.96,91.72,86.46,89.96,0,0
AWM_MV,D,20170710,000000,89.96,91.72,87.04,91.13,0,0
AWM_MV,D,20170711,000000,88.21,90.55,88.21,89.96,0,0
AWM_MV,D,20170712,000000,88.21,91.13,85.29,89.38,0,0
AWM_MV,D,20170713,000000,85.88,88.21,85.29,87.63,0,0
AWM_MV,D,20170714,000000,85.29,87.63,84.12,87.63,0,0
AWM_MV,D,20170717,000000,87.63,88.8,82.37,87.04,0,0
AWM_MV,D,20170718,000000,87.63,87.63,84.12,84.71,0,0
AWM_MV,D,20170719,000000,85.29,89.38,85.29,89.38,0,0
AWM_MV,D,20170720,000000,89.38,89.38,85.29,88.8,0,0
AWM_MV,D,20170721,000000,85.29,89.38,84.71,88.8,0,0
AWM_MV,D,20170724,000000,88.21,89.38,85.29,88.21,0,0
AWM_MV,D,20170725,000000,86.46,88.21,74.19,74.19,0,0
AWM_MV,D,20170726,000000,78.28,78.28,74.78,78.28,0,0
AWM_MV,D,20170727,000000,78.28,82.37,77.11,80.03,0,0
AWM_MV,D,20170728,000000,80.03,87.63,78.28,86.46,0,0
AWM_MV,D,20170731,000000,87.04,87.04,80.03,81.2,0,0
AWM_MV,D,20170801,000000,78.28,82.95,78.28,81.79,0,0
AWM_MV,D,20170802,000000,87.04,87.04,80.03,81.2,0,0
AWM_MV,D,20170803,000000,83.54,83.54,79.45,81.2,0,0
AWM_MV,D,20170804,000000,81.79,81.79,78.86,80.03,0,0
AWM_MV,D,20170807,000000,81.79,81.79,77.11,80.62,0,0
AWM_MV,D,20170808,000000,78.28,82.95,78.28,81.2,0,0
AWM_MV,D,20170809,000000,84.71,89.38,82.95,88.8,0,0
AWM_MV,D,20170810,000000,89.38,89.38,81.2,81.2,0,0
AWM_MV,D,20170811,000000,80.62,84.71,80.03,84.71,0,0
AWM_MV,D,20170814,000000,84.71,84.71,80.03,80.62,0,0
AWM_MV,D,20170816,000000,80.62,84.12,79.45,80.62,0,0
AWM_MV,D,20170817,000000,80.62,84.12,79.45,80.62,0,0
AWM_MV,D,20170818,000000,82.95,82.95,71.27,71.27,0,0
AWM_MV,D,20170821,000000,70.1,71.27,67.18,70.1,0,0
AWM_MV,D,20170822,000000,70.69,70.69,67.18,67.77,0,0
AWM_MV,D,20170823,000000,68.93,68.93,63.68,66.6,0,0
AWM_MV,D,20170824,000000,66.6,66.6,60.76,62.51,0,0
AWM_MV,D,20170825,000000,63.68,66.01,62.51,65.43,0,0
AWM_MV,D,20170828,000000,67.18,71.85,65.43,69.52,0,0
AWM_MV,D,20170829,000000,70.1,74.19,69.52,70.1,0,0
AWM_MV,D,20170830,000000,71.27,71.27,67.18,68.93,0,0
AWM_MV,D,20170831,000000,68.93,68.93,66.6,68.35,0,0
AWM_MV,D,20170901,000000,67.77,67.77,66.01,67.77,0,0
AWM_MV,D,20170904,000000,68.35,68.35,63.09,66.01,0,0
AWM_MV,D,20170905,000000,66.01,66.01,60.76,63.09,0,0
AWM_MV,D,20170906,000000,63.09,63.09,57.25,59,0,0
AWM_MV,D,20170907,000000,59.59,61.92,59,61.34,0,0
AWM_MV,D,20170908,000000,59.59,61.34,58.42,59.59,0,0
AWM_MV,D,20170911,000000,59,59,53.16,54.33,0,0
AWM_MV,D,20170912,000000,54.91,54.91,50.24,53.74,0,0
AWM_MV,D,20170913,000000,53.74,54.33,53.16,53.74,0,0
AWM_MV,D,20170914,000000,53.16,53.74,51.99,51.99,0,0
AWM_MV,D,20170915,000000,53.74,57.25,53.74,57.25,0,0
AWM_MV,D,20170918,000000,57.25,64.84,57.25,60.76,0,0
AWM_MV,D,20170919,000000,61.34,64.26,59,63.09,0,0
AWM_MV,D,20170920,000000,63.09,63.09,59.59,60.17,0,0
AWM_MV,D,20170921,000000,58.42,58.42,57.83,58.42,0,0
AWM_MV,D,20170922,000000,58.42,58.42,56.08,56.67,0,0
AWM_MV,D,20170925,000000,57.25,59.59,57.25,58.42,0,0
AWM_MV,D,20170926,000000,58.42,58.42,56.67,57.83,0,0
AWM_MV,D,20170927,000000,57.83,58.42,57.25,58.42,0,0
AWM_MV,D,20170928,000000,58.42,58.42,58.42,58.42,0,0
AWM_MV,D,20170929,000000,55.5,55.5,55.5,55.5,0,0
AWM_MV,D,20171002,000000,57.25,59,57.25,58.42,0,0
AWM_MV,D,20171003,000000,58.42,58.42,56.08,57.83,0,0
AWM_MV,D,20171004,000000,57.83,57.83,56.08,57.25,0,0
AWM_MV,D,20171005,000000,57.25,58.42,56.08,58.42,0,0
AWM_MV,D,20171006,000000,59,64.84,58.42,63.68,0,0
AWM_MV,D,20171009,000000,64.26,67.18,64.26,67.18,0,0
AWM_MV,D,20171010,000000,67.18,71.85,67.18,70.69,0,0
AWM_MV,D,20171011,000000,70.69,70.69,66.01,67.18,0,0
AWM_MV,D,20171012,000000,67.18,67.18,64.26,64.84,0,0
AWM_MV,D,20171013,000000,64.84,67.18,63.68,63.68,0,0
AWM_MV,D,20171016,000000,63.68,65.43,60.76,64.26,0,0
AWM_MV,D,20171017,000000,64.84,65.43,63.68,64.26,0,0
AWM_MV,D,20171018,000000,65.43,65.43,61.34,64.26,0,0
AWM_MV,D,20171019,000000,65.43,65.43,63.09,63.68,0,0
AWM_MV,D,20171020,000000,63.09,63.09,60.17,60.17,0,0
AWM_MV,D,20171023,000000,59.59,62.51,56.67,57.83,0,0
AWM_MV,D,20171024,000000,56.67,58.42,55.5,57.25,0,0
AWM_MV,D,20171025,000000,58.42,60.76,55.5,56.67,0,0
AWM_MV,D,20171026,000000,56.67,56.67,54.33,56.67,0,0
AWM_MV,D,20171027,000000,56.67,56.67,54.33,56.08,0,0
AWM_MV,D,20171030,000000,56.67,58.42,56.08,58.42,0,0
AWM_MV,D,20171031,000000,59,62.51,58.42,61.34,0,0
AWM_MV,D,20171102,000000,61.34,61.92,60.17,61.34,0,0
AWM_MV,D,20171103,000000,62.51,62.51,58.42,59,0,0
AWM_MV,D,20171106,000000,60.76,61.34,58.42,59.59,0,0
AWM_MV,D,20171107,000000,59.59,59.59,56.67,58.42,0,0
AWM_MV,D,20171108,000000,58.42,58.42,56.08,57.83,0,0
AWM_MV,D,20171109,000000,57.83,58.42,56.67,58.42,0,0
AWM_MV,D,20171110,000000,58.42,58.42,56.08,57.25,0,0
AWM_MV,D,20171113,000000,56.67,56.67,54.91,55.5,0,0
AWM_MV,D,20171114,000000,55.5,57.83,53.16,53.16,0,0
AWM_MV,D,20171115,000000,56.08,56.08,52.58,53.74,0,0
AWM_MV,D,20171116,000000,54.91,56.08,54.33,56.08,0,0
AWM_MV,D,20171117,000000,55.5,56.08,52.58,53.16,0,0
AWM_MV,D,20171120,000000,54.91,54.91,51.41,51.99,0,0
AWM_MV,D,20171121,000000,51.99,54.33,50.82,50.82,0,0
AWM_MV,D,20171122,000000,53.16,53.16,50.82,52.58,0,0
AWM_MV,D,20171123,000000,52.58,54.33,51.99,51.99,0,0
AWM_MV,D,20171124,000000,51.99,51.99,51.41,51.41,0,0
AWM_MV,D,20171127,000000,51.99,53.74,50.82,52.58,0,0
AWM_MV,D,20171128,000000,51.99,51.99,50.82,51.41,0,0
AWM_MV,D,20171129,000000,51.41,51.41,48.49,49.07,0,0
AWM_MV,D,20171130,000000,47.9,49.66,44.4,44.4,0,0
AWM_MV,D,20171201,000000,44.4,50.82,43.23,49.66,0,0
AWM_MV,D,20171204,000000,49.07,49.66,46.15,46.15,0,0
AWM_MV,D,20171205,000000,47.9,47.9,45.57,46.73,0,0
AWM_MV,D,20171206,000000,46.73,46.73,43.23,44.4,0,0
AWM_MV,D,20171207,000000,44.98,46.15,44.98,46.15,0,0
AWM_MV,D,20171208,000000,46.15,47.9,46.15,46.15,0,0
AWM_MV,D,20171211,000000,47.9,48.49,46.15,48.49,0,0
AWM_MV,D,20171212,000000,47.9,47.9,46.73,47.32,0,0
AWM_MV,D,20171213,000000,47.32,47.32,44.98,46.15,0,0
AWM_MV,D,20171214,000000,46.15,47.32,44.98,46.73,0,0
AWM_MV,D,20171215,000000,46.73,46.73,45.57,46.15,0,0
AWM_MV,D,20171218,000000,45.57,46.73,44.98,45.57,0,0
AWM_MV,D,20171219,000000,46.15,46.15,43.81,44.4,0,0
AWM_MV,D,20171220,000000,44.4,47.9,43.81,46.15,0,0
AWM_MV,D,20171221,000000,46.15,46.15,43.81,44.4,0,0
AWM_MV,D,20171222,000000,44.98,44.98,42.65,42.65,0,0
AWM_MV,D,20171227,000000,42.65,43.23,42.06,42.65,0,0
AWM_MV,D,20171228,000000,42.65,43.81,40.89,41.48,0,0
AWM_MV,D,20171229,000000,43.23,43.23,41.48,41.48,0,0
AWM_MV,D,20180103,000000,42.65,44.98,41.48,43.81,0,0
AWM_MV,D,20180104,000000,43.81,50.24,43.81,47.32,0,0
AWM_MV,D,20180105,000000,47.9,50.24,47.32,49.07,0,0
AWM_MV,D,20180108,000000,49.66,50.24,47.9,49.66,0,0
AWM_MV,D,20180109,000000,50.24,54.33,47.9,52.58,0,0
AWM_MV,D,20180110,000000,54.33,58.42,52.58,54.91,0,0
AWM_MV,D,20180111,000000,54.91,54.91,51.99,53.74,0,0
AWM_MV,D,20180112,000000,53.16,53.16,51.41,51.99,0,0
AWM_MV,D,20180115,000000,52.58,54.33,50.82,51.99,0,0
AWM_MV,D,20180116,000000,50.24,51.41,49.07,50.82,0,0
AWM_MV,D,20180117,000000,50.82,50.82,48.49,49.07,0,0
AWM_MV,D,20180118,000000,50.24,50.24,47.9,49.07,0,0
AWM_MV,D,20180119,000000,49.07,49.07,45.57,45.57,0,0
AWM_MV,D,20180122,000000,45.57,46.73,45.57,46.73,0,0
AWM_MV,D,20180123,000000,45.57,47.32,45.57,45.57,0,0
AWM_MV,D,20180124,000000,45.57,47.32,44.98,44.98,0,0
AWM_MV,D,20180125,000000,45.57,46.73,44.4,46.15,0,0
AWM_MV,D,20180126,000000,46.15,46.15,44.98,46.15,0,0
AWM_MV,D,20180129,000000,46.15,46.15,44.98,46.15,0,0
AWM_MV,D,20180130,000000,46.15,54.91,43.81,54.91,0,0
AWM_MV,D,20180131,000000,53.74,53.74,46.15,46.15,0,0
AWM_MV,D,20180201,000000,47.32,49.07,46.73,47.32,0,0
AWM_MV,D,20180202,000000,47.9,48.49,47.32,47.9,0,0
AWM_MV,D,20180205,000000,47.32,49.07,47.32,47.32,0,0
AWM_MV,D,20180206,000000,46.73,46.73,43.81,45.57,0,0
AWM_MV,D,20180207,000000,45.57,47.32,45.57,46.73,0,0
AWM_MV,D,20180208,000000,45.57,46.73,45.57,46.15,0,0
AWM_MV,D,20180209,000000,46.15,46.15,43.81,44.4,0,0
AWM_MV,D,20180212,000000,44.4,47.32,43.81,46.73,0,0
AWM_MV,D,20180213,000000,46.73,47.32,45.57,46.15,0,0
AWM_MV,D,20180214,000000,46.73,47.9,46.15,47.32,0,0
AWM_MV,D,20180215,000000,49.07,49.07,47.32,48.49,0,0
AWM_MV,D,20180216,000000,48.49,51.41,46.73,50.24,0,0
AWM_MV,D,20180219,000000,50.82,51.41,50.24,50.82,0,0
AWM_MV,D,20180220,000000,50.82,50.82,49.07,49.66,0,0
AWM_MV,D,20180221,000000,49.66,49.66,46.73,47.32,0,0
AWM_MV,D,20180222,000000,47.32,47.32,46.73,47.32,0,0
AWM_MV,D,20180223,000000,47.32,47.32,46.73,46.73,0,0
AWM_MV,D,20180226,000000,46.15,48.49,45.57,48.49,0,0
AWM_MV,D,20180227,000000,49.07,49.07,46.73,46.73,0,0
AWM_MV,D,20180228,000000,47.32,47.32,45.57,46.73,0,0
AWM_MV,D,20180301,000000,46.73,47.32,45.57,46.73,0,0
AWM_MV,D,20180302,000000,46.73,46.73,45.57,46.15,0,0
AWM_MV,D,20180305,000000,46.15,46.15,44.4,45.57,0,0
AWM_MV,D,20180306,000000,45.57,46.15,43.81,46.15,0,0
AWM_MV,D,20180307,000000,46.15,46.15,44.4,44.4,0,0
AWM_MV,D,20180308,000000,44.4,46.15,44.4,45.57,0,0
AWM_MV,D,20180309,000000,44.4,44.4,43.81,44.4,0,0
AWM_MV,D,20180312,000000,44.98,44.98,43.81,44.4,0,0
AWM_MV,D,20180313,000000,44.98,45.57,43.81,45.57,0,0
AWM_MV,D,20180314,000000,43.81,44.98,43.81,44.4,0,0
AWM_MV,D,20180315,000000,43.81,44.4,43.23,43.81,0,0
AWM_MV,D,20180316,000000,43.23,43.81,42.06,43.23,0,0
AWM_MV,D,20180319,000000,43.23,43.23,40.31,41.48,0,0
AWM_MV,D,20180320,000000,40.31,41.48,40.31,40.89,0,0
AWM_MV,D,20180321,000000,39.72,40.89,37.97,38.56,0,0
AWM_MV,D,20180322,000000,37.97,40.31,37.97,40.31,0,0
AWM_MV,D,20180323,000000,39.72,40.89,38.56,39.14,0,0
AWM_MV,D,20180326,000000,40.31,42.65,39.14,42.06,0,0
AWM_MV,D,20180327,000000,42.65,42.65,40.31,40.89,0,0
AWM_MV,D,20180328,000000,40.89,40.89,38.56,40.89,0,0
AWM_MV,D,20180329,000000,40.31,40.31,38.56,40.31,0,0
AWM_MV,D,20180403,000000,40.31,40.89,39.72,40.89,0,0
AWM_MV,D,20180404,000000,40.89,40.89,39.72,40.31,0,0
AWM_MV,D,20180405,000000,38.56,40.31,37.97,40.31,0,0
AWM_MV,D,20180406,000000,40.31,40.31,38.56,39.72,0,0
AWM_MV,D,20180409,000000,38.56,39.72,38.56,39.14,0,0
AWM_MV,D,20180410,000000,39.14,40.31,39.14,39.72,0,0
AWM_MV,D,20180411,000000,40.31,40.31,39.72,40.31,0,0
AWM_MV,D,20180412,000000,39.14,39.14,36.8,37.97,0,0
AWM_MV,D,20180413,000000,35.05,38.56,35.05,37.97,0,0
AWM_MV,D,20180416,000000,38.56,38.56,35.64,37.39,0,0
AWM_MV,D,20180417,000000,35.05,37.39,35.05,36.8,0,0
AWM_MV,D,20180418,000000,35.05,36.8,33.88,36.22,0,0
AWM_MV,D,20180419,000000,35.64,38.56,35.05,37.97,0,0
AWM_MV,D,20180420,000000,37.97,37.97,36.8,37.39,0,0
AWM_MV,D,20180423,000000,37.39,37.39,37.39,37.39,0,0
AWM_MV,D,20180424,000000,37.39,38.56,35.64,37.97,0,0
AWM_MV,D,20180425,000000,38.56,39.14,37.39,37.39,0,0
AWM_MV,D,20180426,000000,37.39,38.56,36.8,37.97,0,0
AWM_MV,D,20180427,000000,37.39,38.56,35.64,38.56,0,0
AWM_MV,D,20180430,000000,37.97,38.56,37.97,37.97,0,0
AWM_MV,D,20180502,000000,39.14,39.14,36.8,36.8,0,0
AWM_MV,D,20180504,000000,36.8,38.56,36.22,37.97,0,0
AWM_MV,D,20180507,000000,37.39,37.97,36.22,37.97,0,0
AWM_MV,D,20180508,000000,36.8,37.97,36.22,36.8,0,0
AWM_MV,D,20180509,000000,36.8,36.8,36.22,36.8,0,0
AWM_MV,D,20180510,000000,35.05,36.8,34.47,34.47,0,0
AWM_MV,D,20180511,000000,34.47,35.64,34.47,34.47,0,0
AWM_MV,D,20180514,000000,35.64,35.64,32.71,35.05,0,0
AWM_MV,D,20180515,000000,35.05,35.05,32.71,34.47,0,0
AWM_MV,D,20180516,000000,34.47,34.47,34.47,34.47,0,0
AWM_MV,D,20180517,000000,34.47,34.47,33.3,34.47,0,0
AWM_MV,D,20180518,000000,33.3,35.05,32.71,33.88,0,0
AWM_MV,D,20180521,000000,34.47,34.47,32.71,33.88,0,0
AWM_MV,D,20180522,000000,34.47,37.39,33.88,37.39,0,0
AWM_MV,D,20180523,000000,37.39,37.39,35.64,37.39,0,0
AWM_MV,D,20180524,000000,37.39,38.56,36.8,37.97,0,0
AWM_MV,D,20180525,000000,35.64,37.97,35.64,35.64,0,0
AWM_MV,D,20180528,000000,37.39,43.23,35.05,43.23,0,0
AWM_MV,D,20180529,000000,44.4,46.73,41.48,44.98,0,0
AWM_MV,D,20180530,000000,46.15,46.73,43.23,44.4,0,0
AWM_MV,D,20180601,000000,42.06,44.4,40.89,42.06,0,0
AWM_MV,D,20180604,000000,43.81,44.4,40.89,42.65,0,0
AWM_MV,D,20180605,000000,43.81,44.4,42.06,44.4,0,0
AWM_MV,D,20180606,000000,44.4,51.99,43.23,50.24,0,0
AWM_MV,D,20180607,000000,51.41,53.16,49.66,51.99,0,0
AWM_MV,D,20180608,000000,51.99,51.99,48.49,49.66,0,0
AWM_MV,D,20180611,000000,50.82,50.82,47.9,47.9,0,0
AWM_MV,D,20180612,000000,46.73,50.24,46.73,49.07,0,0
AWM_MV,D,20180613,000000,47.9,50.24,46.73,46.73,0,0
AWM_MV,D,20180614,000000,47.9,48.49,46.73,47.32,0,0
AWM_MV,D,20180615,000000,48.49,48.49,46.15,47.32,0,0
AWM_MV,D,20180618,000000,47.32,47.32,43.23,43.23,0,0
AWM_MV,D,20180619,000000,43.23,46.15,43.23,44.4,0,0
AWM_MV,D,20180620,000000,44.4,44.98,43.23,44.98,0,0
AWM_MV,D,20180621,000000,44.98,45.57,43.81,45.57,0,0
AWM_MV,D,20180622,000000,44.4,46.15,43.81,43.81,0,0
AWM_MV,D,20180625,000000,45.57,45.57,44.4,44.4,0,0
AWM_MV,D,20180626,000000,44.4,44.98,43.81,44.98,0,0
AWM_MV,D,20180627,000000,43.81,43.81,42.06,43.23,0,0
AWM_MV,D,20180628,000000,42.06,43.23,42.06,42.65,0,0
AWM_MV,D,20180629,000000,42.06,44.98,42.06,42.06,0,0
AWM_MV,D,20180702,000000,41.48,43.81,41.48,42.65,0,0
AWM_MV,D,20180703,000000,43.81,45.57,43.81,44.98,0,0
AWM_MV,D,20180704,000000,45.57,45.57,43.81,44.4,0,0
AWM_MV,D,20180705,000000,44.98,44.98,42.06,43.81,0,0
AWM_MV,D,20180706,000000,44.4,44.4,44.4,44.4,0,0
AWM_MV,D,20180709,000000,44.4,44.4,41.48,41.48,0,0
AWM_MV,D,20180710,000000,42.06,45.57,42.06,42.65,0,0
AWM_MV,D,20180711,000000,43.23,46.73,43.23,44.98,0,0
AWM_MV,D,20180712,000000,45.57,49.07,45.57,47.9,0,0
AWM_MV,D,20180713,000000,47.9,49.07,47.9,49.07,0,0
AWM_MV,D,20180716,000000,49.07,49.07,46.73,46.73,0,0
AWM_MV,D,20180717,000000,46.73,46.73,45.57,45.57,0,0
AWM_MV,D,20180718,000000,45.57,47.9,45.57,47.9,0,0
AWM_MV,D,20180719,000000,46.15,47.9,46.15,46.15,0,0
AWM_MV,D,20180720,000000,46.15,47.32,46.15,47.32,0,0
AWM_MV,D,20180723,000000,46.15,47.32,46.15,47.32,0,0
AWM_MV,D,20180724,000000,47.32,48.49,44.98,47.9,0,0
AWM_MV,D,20180725,000000,47.32,51.99,47.32,48.49,0,0
AWM_MV,D,20180726,000000,50.82,51.41,48.49,49.66,0,0
AWM_MV,D,20180727,000000,50.24,50.82,49.66,49.66,0,0
AWM_MV,D,20180730,000000,49.07,49.66,47.9,49.66,0,0
AWM_MV,D,20180731,000000,49.07,49.07,47.9,49.07,0,0
AWM_MV,D,20180801,000000,49.07,49.07,47.9,49.07,0,0
AWM_MV,D,20180802,000000,47.9,51.41,47.32,51.41,0,0
AWM_MV,D,20180803,000000,51.41,51.41,48.49,49.07,0,0
AWM_MV,D,20180806,000000,47.9,49.07,47.9,49.07,0,0
AWM_MV,D,20180807,000000,49.07,49.07,47.9,48.49,0,0
AWM_MV,D,20180808,000000,48.49,48.49,47.32,47.9,0,0
AWM_MV,D,20180809,000000,46.15,47.9,46.15,47.32,0,0
AWM_MV,D,20180810,000000,46.15,47.32,46.15,46.73,0,0
AWM_MV,D,20180813,000000,45.57,47.9,45.57,47.32,0,0
AWM_MV,D,20180814,000000,46.15,48.49,46.15,47.32,0,0
AWM_MV,D,20180816,000000,46.73,47.9,46.73,47.9,0,0
AWM_MV,D,20180817,000000,46.73,47.32,46.15,47.32,0,0
AWM_MV,D,20180820,000000,47.32,51.41,46.73,51.41,0,0
AWM_MV,D,20180821,000000,51.99,51.99,47.9,49.07,0,0
AWM_MV,D,20180822,000000,48.49,52.58,48.49,51.99,0,0
AWM_MV,D,20180823,000000,53.74,64.84,52.58,64.84,0,0
AWM_MV,D,20180824,000000,64.84,65.43,60.76,60.76,0,0
AWM_MV,D,20180827,000000,61.92,63.68,53.74,53.74,0,0
AWM_MV,D,20180828,000000,54.91,59,52.58,53.74,0,0
AWM_MV,D,20180829,000000,54.33,55.5,51.41,54.33,0,0
AWM_MV,D,20180830,000000,55.5,56.08,52.58,54.33,0,0
AWM_MV,D,20180831,000000,55.5,55.5,52.58,53.74,0,0
AWM_MV,D,20180903,000000,54.91,54.91,52.58,53.74,0,0
AWM_MV,D,20180904,000000,52.58,53.74,50.24,51.99,0,0
AWM_MV,D,20180905,000000,50.82,51.41,48.49,50.82,0,0
AWM_MV,D,20180906,000000,48.49,49.66,44.4,44.4,0,0
AWM_MV,D,20180907,000000,43.81,46.15,43.81,46.15,0,0
AWM_MV,D,20180910,000000,45.57,47.32,44.98,46.73,0,0
AWM_MV,D,20180911,000000,45.57,47.9,44.98,47.9,0,0
AWM_MV,D,20180912,000000,46.73,49.66,46.15,48.49,0,0
AWM_MV,D,20180913,000000,48.49,50.24,48.49,50.24,0,0
AWM_MV,D,20180914,000000,50.24,53.16,49.07,49.07,0,0
AWM_MV,D,20180917,000000,49.07,50.24,49.07,49.66,0,0
AWM_MV,D,20180918,000000,50.24,52.58,49.07,51.99,0,0
AWM_MV,D,20180919,000000,51.41,51.99,47.32,47.32,0,0
AWM_MV,D,20180920,000000,48.49,49.07,46.73,48.49,0,0
AWM_MV,D,20180921,000000,47.32,47.9,46.15,47.9,0,0
AWM_MV,D,20180924,000000,47.9,49.07,46.73,47.9,0,0
AWM_MV,D,20180925,000000,47.9,47.9,46.15,47.32,0,0
AWM_MV,D,20180926,000000,47.32,47.9,44.98,46.73,0,0
AWM_MV,D,20180927,000000,46.73,46.73,45.57,46.15,0,0
AWM_MV,D,20180928,000000,46.73,49.66,45.57,49.66,0,0
AWM_MV,D,20181001,000000,48.49,50.24,48.49,49.66,0,0
AWM_MV,D,20181002,000000,48.49,48.49,47.32,47.32,0,0
AWM_MV,D,20181003,000000,47.32,47.32,45.57,47.32,0,0
AWM_MV,D,20181004,000000,46.15,47.32,46.15,47.32,0,0
AWM_MV,D,20181005,000000,47.32,47.32,46.15,47.32,0,0
AWM_MV,D,20181008,000000,46.15,47.32,45.57,47.32,0,0
AWM_MV,D,20181009,000000,46.15,46.73,45.57,45.57,0,0
AWM_MV,D,20181010,000000,46.73,46.73,46.15,46.73,0,0
AWM_MV,D,20181011,000000,44.98,45.57,44.4,44.4,0,0
AWM_MV,D,20181012,000000,44.4,46.15,43.81,44.98,0,0
AWM_MV,D,20181015,000000,43.81,44.98,42.65,43.23,0,0
AWM_MV,D,20181016,000000,43.81,44.98,40.89,42.06,0,0
AWM_MV,D,20181017,000000,42.06,42.65,39.72,42.65,0,0
AWM_MV,D,20181018,000000,40.31,43.23,39.72,41.48,0,0
AWM_MV,D,20181019,000000,41.48,42.65,40.89,42.06,0,0
AWM_MV,D,20181022,000000,40.89,42.65,40.31,42.65,0,0
AWM_MV,D,20181023,000000,42.65,42.65,39.14,39.72,0,0
AWM_MV,D,20181024,000000,40.31,40.31,39.14,40.31,0,0
AWM_MV,D,20181025,000000,38.56,40.31,38.56,40.31,0,0
AWM_MV,D,20181026,000000,40.31,42.06,40.31,42.06,0,0
AWM_MV,D,20181029,000000,42.06,42.06,39.14,39.14,0,0
AWM_MV,D,20181030,000000,40.31,40.31,39.72,40.31,0,0
AWM_MV,D,20181031,000000,39.72,40.31,38.56,39.72,0,0
AWM_MV,D,20181102,000000,40.31,40.89,39.72,40.89,0,0
AWM_MV,D,20181105,000000,39.72,40.89,39.14,40.89,0,0
AWM_MV,D,20181106,000000,40.31,41.48,39.72,41.48,0,0
AWM_MV,D,20181107,000000,41.48,41.48,39.14,40.89,0,0
AWM_MV,D,20181108,000000,40.89,40.89,39.72,40.89,0,0
AWM_MV,D,20181109,000000,39.72,41.48,39.72,40.31,0,0
AWM_MV,D,20181113,000000,39.72,40.89,39.14,39.14,0,0
AWM_MV,D,20181114,000000,40.31,40.31,39.14,40.31,0,0
AWM_MV,D,20181115,000000,39.14,39.14,38.56,39.14,0,0
AWM_MV,D,20181116,000000,39.14,39.14,36.8,38.56,0,0
AWM_MV,D,20181119,000000,37.39,38.56,36.22,38.56,0,0
AWM_MV,D,20181120,000000,37.39,44.4,37.39,43.23,0,0
AWM_MV,D,20181121,000000,42.06,46.15,42.06,43.23,0,0
AWM_MV,D,20181122,000000,43.23,43.23,40.89,42.06,0,0
AWM_MV,D,20181123,000000,39.72,40.89,39.72,40.89,0,0
AWM_MV,D,20181126,000000,40.31,41.48,40.31,40.89,0,0
AWM_MV,D,20181127,000000,40.31,41.48,40.31,41.48,0,0
AWM_MV,D,20181128,000000,41.48,41.48,40.31,40.89,0,0
AWM_MV,D,20181129,000000,40.89,41.48,39.72,39.72,0,0
AWM_MV,D,20181130,000000,40.89,40.89,39.14,40.31,0,0
AWM_MV,D,20181203,000000,40.31,42.06,39.14,41.48,0,0
AWM_MV,D,20181204,000000,41.48,41.48,40.89,40.89,0,0
AWM_MV,D,20181205,000000,39.72,40.89,38.56,40.31,0,0
AWM_MV,D,20181206,000000,40.31,40.31,40.31,40.31,0,0
AWM_MV,D,20181207,000000,40.31,41.48,39.72,41.48,0,0
AWM_MV,D,20181210,000000,40.89,41.48,40.89,41.48,0,0
AWM_MV,D,20181211,000000,40.89,41.48,40.89,41.48,0,0
AWM_MV,D,20181212,000000,40.89,40.89,39.14,40.89,0,0
AWM_MV,D,20181213,000000,40.89,40.89,40.31,40.31,0,0
AWM_MV,D,20181214,000000,39.72,39.72,39.14,39.72,0,0
AWM_MV,D,20181217,000000,39.72,40.31,38.56,40.31,0,0
AWM_MV,D,20181218,000000,39.72,39.72,37.39,38.56,0,0
AWM_MV,D,20181219,000000,37.39,37.97,36.8,37.97,0,0
AWM_MV,D,20181220,000000,37.39,39.72,36.8,39.14,0,0
AWM_MV,D,20181221,000000,39.14,39.72,37.97,39.14,0,0
AWM_MV,D,20181227,000000,39.14,40.31,39.14,39.72,0,0
AWM_MV,D,20181228,000000,39.14,40.31,37.97,37.97,0,0
AWM_MV,D,20190102,000000,38.56,39.14,37.97,39.14,0,0
AWM_MV,D,20190103,000000,37.97,39.14,37.97,39.14,0,0
AWM_MV,D,20190104,000000,38.56,39.14,38.56,39.14,0,0
AWM_MV,D,20190107,000000,38.56,39.14,38.56,39.14,0,0
AWM_MV,D,20190108,000000,39.14,39.14,39.14,39.14,0,0
AWM_MV,D,20190109,000000,39.14,40.31,38.56,40.31,0,0
AWM_MV,D,20190110,000000,39.72,40.31,39.14,40.31,0,0
AWM_MV,D,20190111,000000,40.31,40.31,39.72,40.31,0,0
AWM_MV,D,20190114,000000,40.31,40.31,39.14,39.14,0,0
AWM_MV,D,20190115,000000,39.72,40.31,39.72,40.31,0,0
AWM_MV,D,20190116,000000,40.31,44.98,40.31,42.65,0,0
AWM_MV,D,20190117,000000,42.65,43.23,41.48,43.23,0,0
AWM_MV,D,20190118,000000,42.65,43.23,42.65,43.23,0,0
AWM_MV,D,20190121,000000,42.65,42.65,40.31,41.48,0,0
AWM_MV,D,20190122,000000,40.89,41.48,40.31,41.48,0,0
AWM_MV,D,20190123,000000,40.89,41.48,40.31,40.89,0,0
AWM_MV,D,20190124,000000,40.89,41.48,40.31,41.48,0,0
AWM_MV,D,20190125,000000,41.48,43.81,41.48,43.23,0,0
AWM_MV,D,20190128,000000,43.23,44.98,43.23,44.4,0,0
AWM_MV,D,20190129,000000,44.4,44.4,40.89,42.65,0,0
AWM_MV,D,20190130,000000,42.65,42.65,42.06,42.06,0,0
AWM_MV,D,20190131,000000,42.65,42.65,40.31,42.06,0,0
AWM_MV,D,20190201,000000,42.06,42.06,40.89,40.89,0,0
AWM_MV,D,20190204,000000,40.89,41.48,39.14,39.14,0,0
AWM_MV,D,20190205,000000,39.14,40.31,36.22,38.56,0,0
AWM_MV,D,20190206,000000,39.72,40.89,37.39,38.56,0,0
AWM_MV,D,20190207,000000,38.56,39.14,37.39,39.14,0,0
AWM_MV,D,20190208,000000,38.56,40.31,38.56,40.31,0,0
AWM_MV,D,20190211,000000,40.31,40.89,39.72,40.31,0,0
AWM_MV,D,20190212,000000,40.31,40.89,39.72,40.89,0,0
AWM_MV,D,20190213,000000,39.72,40.89,39.14,40.31,0,0
AWM_MV,D,20190214,000000,40.31,41.48,40.31,41.48,0,0
AWM_MV,D,20190215,000000,40.31,40.89,40.31,40.31,0,0
AWM_MV,D,20190218,000000,40.31,44.98,39.14,43.81,0,0
AWM_MV,D,20190219,000000,43.23,43.23,41.48,42.65,0,0
AWM_MV,D,20190220,000000,40.89,42.06,40.31,40.31,0,0
AWM_MV,D,20190221,000000,39.72,42.06,39.14,41.48,0,0
AWM_MV,D,20190222,000000,41.48,43.23,39.72,41.48,0,0
AWM_MV,D,20190225,000000,41.48,41.48,40.31,41.48,0,0
AWM_MV,D,20190226,000000,41.48,41.48,40.31,40.89,0,0
AWM_MV,D,20190227,000000,40.31,40.31,40.31,40.31,0,0
AWM_MV,D,20190228,000000,40.31,40.89,40.31,40.31,0,0
AWM_MV,D,20190301,000000,40.89,44.4,40.89,42.65,0,0
AWM_MV,D,20190304,000000,42.65,42.65,40.89,42.06,0,0
AWM_MV,D,20190305,000000,42.06,42.06,40.89,41.48,0,0
AWM_MV,D,20190306,000000,42.06,43.81,40.89,41.71,0,0
AWM_MV,D,20190307,000000,41.71,42.06,40.31,40.31,0,0
AWM_MV,D,20190308,000000,40.89,41.48,40.31,41.36,0,0
AWM_MV,D,20190311,000000,40.31,42.65,40.31,40.89,0,0
AWM_MV,D,20190312,000000,41.71,41.71,40.31,40.31,0,0
AWM_MV,D,20190313,000000,41.36,41.36,40.89,40.89,0,0
AWM_MV,D,20190314,000000,40.08,40.78,39.72,40.31,0,0
AWM_MV,D,20190315,000000,39.72,40.08,38.56,40.08,0,0
AWM_MV,D,20190318,000000,40.08,40.31,39.14,40.19,0,0
AWM_MV,D,20190319,000000,39.14,39.72,38.56,38.91,0,0
AWM_MV,D,20190320,000000,39.14,39.72,38.91,39.14,0,0
AWM_MV,D,20190321,000000,39.61,40.08,39.14,40.08,0,0
AWM_MV,D,20190322,000000,39.72,39.72,39.14,39.14,0,0
AWM_MV,D,20190325,000000,39.14,39.61,38.44,39.02,0,0
AWM_MV,D,20190326,000000,38.44,39.37,38.44,39.14,0,0
AWM_MV,D,20190327,000000,38.56,38.56,36.8,37.15,0,0
AWM_MV,D,20190328,000000,37.15,38.56,37.15,37.97,0,0
AWM_MV,D,20190329,000000,38.56,38.56,38.44,38.44,0,0
AWM_MV,D,20190401,000000,38.44,38.44,37.39,37.97,0,0
AWM_MV,D,20190402,000000,38.44,38.56,36.22,37.5,0,0
AWM_MV,D,20190403,000000,36.8,37.86,36.22,37.39,0,0
AWM_MV,D,20190404,000000,37.39,37.5,36.8,37.5,0,0
AWM_MV,D,20190405,000000,37.39,40.89,37.39,40.19,0,0
AWM_MV,D,20190408,000000,40.08,40.08,38.09,39.49,0,0
AWM_MV,D,20190409,000000,39.61,39.61,38.09,39.26,0,0
AWM_MV,D,20190410,000000,38.56,39.49,37.86,38.21,0,0
AWM_MV,D,20190411,000000,38.32,39.14,37.97,39.14,0,0
AWM_MV,D,20190412,000000,39.14,39.14,39.14,39.14,0,0
AWM_MV,D,20190415,000000,38.91,38.91,37.97,38.91,0,0
AWM_MV,D,20190416,000000,38.91,38.91,38.91,38.91,0,0
AWM_MV,D,20190417,000000,38.91,39.26,36.34,37.97,0,0
AWM_MV,D,20190418,000000,36.8,37.97,36.8,37.97,0,0
AWM_MV,D,20190423,000000,37.39,38.21,37.39,38.21,0,0
AWM_MV,D,20190424,000000,38.32,38.32,38.32,38.32,0,0
AWM_MV,D,20190425,000000,38.32,40.31,37.39,39.14,0,0
AWM_MV,D,20190426,000000,39.14,39.14,37.97,39.14,0,0
AWM_MV,D,20190429,000000,37.97,38.56,36.92,38.09,0,0
AWM_MV,D,20190430,000000,38.09,38.09,37.39,37.39,0,0
AWM_MV,D,20190502,000000,37.39,37.86,37.39,37.86,0,0
AWM_MV,D,20190506,000000,37.86,37.86,37.39,37.39,0,0
AWM_MV,D,20190507,000000,37.39,37.39,36.22,37.27,0,0
AWM_MV,D,20190508,000000,37.27,37.27,36.22,36.92,0,0
AWM_MV,D,20190509,000000,36.92,36.92,36.92,36.92,0,0
AWM_MV,D,20190510,000000,36.92,36.92,36.8,36.8,0,0
AWM_MV,D,20190513,000000,36.8,36.8,36.8,36.8,0,0
AWM_MV,D,20190514,000000,36.8,37.15,35.99,37.15,0,0
AWM_MV,D,20190515,000000,37.15,37.15,37.15,37.15,0,0
AWM_MV,D,20190516,000000,37.27,38.56,37.27,38.44,0,0
AWM_MV,D,20190517,000000,37.39,38.21,37.27,38.21,0,0
AWM_MV,D,20190520,000000,38.56,39.72,37.39,39.72,0,0
AWM_MV,D,20190521,000000,39.61,39.61,37.97,39.14,0,0
AWM_MV,D,20190522,000000,39.02,39.02,37.5,38.79,0,0
AWM_MV,D,20190523,000000,38.91,38.91,38.91,38.91,0,0
AWM_MV,D,20190524,000000,38.67,38.67,38.67,38.67,0,0
AWM_MV,D,20190527,000000,38.67,40.31,38.67,40.31,0,0
AWM_MV,D,20190528,000000,40.19,41.94,39.14,39.84,0,0
AWM_MV,D,20190529,000000,41.48,41.48,39.72,39.84,0,0
AWM_MV,D,20190530,000000,39.84,42.06,39.84,42.06,0,0
AWM_MV,D,20190531,000000,41.94,46.73,41.48,44.4,0,0
AWM_MV,D,20190603,000000,44.75,44.75,42.65,44.4,0,0
AWM_MV,D,20190604,000000,44.4,44.4,42.65,44.4,0,0
AWM_MV,D,20190605,000000,44.4,46.73,43.81,45.33,0,0
AWM_MV,D,20190606,000000,45.22,45.22,44.4,45.22,0,0
AWM_MV,D,20190607,000000,43.81,45.8,43.58,45.57,0,0
AWM_MV,D,20190610,000000,46.5,46.5,44.98,44.98,0,0
AWM_MV,D,20190611,000000,44.98,44.98,42.65,44.98,0,0
AWM_MV,D,20190612,000000,44.98,46.03,43.81,44.98,0,0
AWM_MV,D,20190613,000000,43.23,45.8,42.65,43.81,0,0
AWM_MV,D,20190614,000000,42.65,42.65,38.44,40.19,0,0
AWM_MV,D,20190617,000000,38.56,39.72,38.56,39.72,0,0
AWM_MV,D,20190618,000000,38.67,39.02,37.97,39.02,0,0
AWM_MV,D,20190619,000000,38.56,39.02,38.56,39.02,0,0
AWM_MV,D,20190621,000000,39.02,42.65,39.02,40.19,0,0
AWM_MV,D,20190624,000000,40.19,42.06,37.39,39.14,0,0
AWM_MV,D,20190625,000000,39.14,39.72,37.39,39.72,0,0
AWM_MV,D,20190626,000000,39.61,39.72,37.97,39.14,0,0
AWM_MV,D,20190627,000000,39.14,39.14,37.39,39.14,0,0
AWM_MV,D,20190628,000000,38.91,41.48,37.97,41.48,0,0
AWM_MV,D,20190701,000000,41.48,42.29,40.89,42.29,0,0
AWM_MV,D,20190702,000000,42.06,42.06,40.43,41.83,0,0
AWM_MV,D,20190703,000000,41.48,41.48,40.89,40.89,0,0
AWM_MV,D,20190704,000000,41.48,41.48,40.43,41.24,0,0
AWM_MV,D,20190705,000000,41.24,44.4,41.24,44.4,0,0
AWM_MV,D,20190708,000000,44.4,44.4,42.18,43.81,0,0
AWM_MV,D,20190709,000000,43.7,43.7,43.7,43.7,0,0
AWM_MV,D,20190710,000000,43.58,43.58,41.01,43,0,0
AWM_MV,D,20190711,000000,43,43.23,43,43.23,0,0
AWM_MV,D,20190712,000000,42.06,44.98,42.06,43.81,0,0
AWM_MV,D,20190715,000000,42.29,44.4,39.72,39.72,0,0
AWM_MV,D,20190716,000000,41.48,45.57,41.36,42.76,0,0
AWM_MV,D,20190717,000000,44.28,44.28,42.88,43.46,0,0
AWM_MV,D,20190718,000000,43.46,43.46,42.65,42.65,0,0
AWM_MV,D,20190719,000000,43.35,43.35,42.18,42.65,0,0
AWM_MV,D,20190722,000000,43.35,43.35,42.65,43.35,0,0
AWM_MV,D,20190723,000000,43.23,44.05,42.18,44.05,0,0
AWM_MV,D,20190724,000000,43.81,43.81,43.81,43.81,0,0
AWM_MV,D,20190725,000000,44.05,44.05,42.41,43.81,0,0
AWM_MV,D,20190726,000000,43.7,43.81,43.7,43.81,0,0
AWM_MV,D,20190729,000000,44.4,44.4,44.28,44.28,0,0
AWM_MV,D,20190730,000000,44.28,44.28,43.81,43.81,0,0
AWM_MV,D,20190731,000000,43.23,43.58,42.65,43.58,0,0
AWM_MV,D,20190801,000000,43.23,43.23,43.23,43.23,0,0
AWM_MV,D,20190802,000000,43.23,43.23,43.23,43.23,0,0
AWM_MV,D,20190805,000000,43.23,43.23,42.53,42.53,0,0
AWM_MV,D,20190806,000000,41.59,42.06,40.43,41.94,0,0
AWM_MV,D,20190807,000000,41.94,42.06,41.83,42.06,0,0
AWM_MV,D,20190808,000000,42.06,42.06,40.43,41.48,0,0
AWM_MV,D,20190809,000000,41.59,41.94,39.72,41.94,0,0
AWM_MV,D,20190812,000000,41.94,41.94,41.94,41.94,0,0
AWM_MV,D,20190813,000000,41.94,41.94,40.31,40.89,0,0
AWM_MV,D,20190814,000000,41.94,41.94,41.94,41.94,0,0
AWM_MV,D,20190816,000000,41.94,42.06,39.84,39.84,0,0
AWM_MV,D,20190819,000000,39.72,40.31,39.14,39.14,0,0
AWM_MV,D,20190820,000000,39.02,40.78,38.56,40.78,0,0
AWM_MV,D,20190821,000000,40.78,40.78,40.78,40.78,0,0
AWM_MV,D,20190823,000000,40.54,40.54,40.54,40.54,0,0
AWM_MV,D,20190827,000000,40.54,40.54,40.54,40.54,0,0
AWM_MV,D,20190828,000000,38.21,40.19,38.21,40.19,0,0
AWM_MV,D,20190829,000000,39.61,39.61,37.39,38.56,0,0
AWM_MV,D,20190830,000000,37.5,39.14,37.5,39.14,0,0
AWM_MV,D,20190902,000000,38.56,38.91,37.97,38.91,0,0
AWM_MV,D,20190903,000000,38.91,38.91,36.8,38.67,0,0
AWM_MV,D,20190904,000000,37.39,38.67,37.39,38.56,0,0
AWM_MV,D,20190905,000000,38.44,38.44,38.44,38.44,0,0
AWM_MV,D,20190906,000000,38.32,38.32,36.22,37.97,0,0
AWM_MV,D,20190909,000000,37.97,37.97,37.39,37.39,0,0
AWM_MV,D,20190910,000000,37.39,37.86,36.8,37.39,0,0
AWM_MV,D,20190911,000000,37.39,39.37,37.39,39.37,0,0
AWM_MV,D,20190912,000000,39.37,39.72,39.37,39.72,0,0
AWM_MV,D,20190913,000000,39.61,39.61,37.5,39.02,0,0
AWM_MV,D,20190916,000000,38.91,39.02,37.04,38.91,0,0
AWM_MV,D,20190917,000000,38.91,38.91,37.39,38.91,0,0
AWM_MV,D,20190918,000000,37.04,37.97,35.64,35.87,0,0
AWM_MV,D,20190919,000000,35.87,39.37,35.87,39.37,0,0
AWM_MV,D,20190920,000000,39.37,39.37,36.92,37.86,0,0
AWM_MV,D,20190923,000000,36.8,37.97,36.8,37.97,0,0
AWM_MV,D,20190924,000000,37.97,37.97,36.57,37.97,0,0
AWM_MV,D,20190925,000000,37.86,37.86,36.34,37.74,0,0
AWM_MV,D,20190926,000000,37.62,37.74,36.22,37.74,0,0
AWM_MV,D,20190927,000000,37.74,37.97,36.8,37.86,0,0
AWM_MV,D,20190930,000000,37.97,37.97,35.99,37.86,0,0
AWM_MV,D,20191001,000000,37.86,38.56,36.22,38.56,0,0
AWM_MV,D,20191002,000000,37.97,39.02,36.8,39.02,0,0
AWM_MV,D,20191003,000000,38.79,38.79,36.8,38.79,0,0
AWM_MV,D,20191004,000000,38.79,38.79,36.45,37.74,0,0
AWM_MV,D,20191007,000000,37.39,37.97,37.39,37.39,0,0
AWM_MV,D,20191008,000000,37.39,37.39,37.39,37.39,0,0
AWM_MV,D,20191009,000000,37.39,37.39,36.1,37.39,0,0
AWM_MV,D,20191010,000000,37.74,40.31,37.74,40.31,0,0
AWM_MV,D,20191011,000000,40.31,40.31,40.31,40.31,0,0
AWM_MV,D,20191014,000000,36.8,40.31,36.8,39.02,0,0
AWM_MV,D,20191015,000000,38.56,39.02,36.8,39.02,0,0
AWM_MV,D,20191016,000000,38.79,38.79,38.79,38.79,0,0
AWM_MV,D,20191017,000000,38.79,38.79,38.79,38.79,0,0
AWM_MV,D,20191018,000000,38.56,38.56,36.57,38.44,0,0
AWM_MV,D,20191021,000000,36.57,38.44,36.45,38.44,0,0
AWM_MV,D,20191022,000000,38.44,38.44,35.05,36.8,0,0
AWM_MV,D,20191023,000000,36.8,36.8,35.05,36.45,0,0
AWM_MV,D,20191024,000000,36.45,37.86,35.64,37.86,0,0
AWM_MV,D,20191025,000000,36.8,36.8,35.05,36.69,0,0
AWM_MV,D,20191028,000000,34.93,36.69,34,36.69,0,0
AWM_MV,D,20191029,000000,34.47,36.69,34.47,34.58,0,0
AWM_MV,D,20191030,000000,36.22,36.22,34.58,36.1,0,0
AWM_MV,D,20191031,000000,36.69,36.69,34,34,0,0
AWM_MV,D,20191104,000000,36.45,36.45,35.05,36.45,0,0
AWM_MV,D,20191105,000000,36.34,36.34,34.35,34.35,0,0
AWM_MV,D,20191106,000000,36.22,36.22,34.35,36.1,0,0
AWM_MV,D,20191107,000000,35.99,35.99,35.05,35.99,0,0
AWM_MV,D,20191108,000000,35.64,36.22,34.58,36.22,0,0
AWM_MV,D,20191112,000000,36.45,36.45,36.45,36.45,0,0
AWM_MV,D,20191113,000000,36.45,36.69,36.45,36.69,0,0
AWM_MV,D,20191114,000000,36.69,36.69,34.58,36.69,0,0
AWM_MV,D,20191115,000000,35.64,35.64,35.64,35.64,0,0
AWM_MV,D,20191118,000000,35.64,37.97,35.64,37.74,0,0
AWM_MV,D,20191119,000000,37.74,37.74,35.28,35.64,0,0
AWM_MV,D,20191120,000000,35.87,37.74,35.64,37.74,0,0
AWM_MV,D,20191121,000000,36.22,40.19,36.22,40.19,0,0
AWM_MV,D,20191122,000000,38.09,40.19,38.09,39.61,0,0
AWM_MV,D,20191125,000000,37.97,37.97,34.58,36.22,0,0
AWM_MV,D,20191126,000000,35.05,36.22,34.58,36.1,0,0
AWM_MV,D,20191127,000000,35.05,35.05,34.58,35.05,0,0
AWM_MV,D,20191128,000000,35.05,35.64,34,35.64,0,0
AWM_MV,D,20191129,000000,35.52,35.52,34,35.52,0,0
AWM_MV,D,20191202,000000,35.52,35.52,34.23,35.52,0,0
AWM_MV,D,20191203,000000,35.52,35.52,34.12,35.52,0,0
AWM_MV,D,20191204,000000,35.52,35.52,32.71,34.47,0,0
AWM_MV,D,20191205,000000,33.88,35.05,32.25,33.88,0,0
AWM_MV,D,20191206,000000,32.13,34,29.15,30.03,0,0
AWM_MV,D,20191209,000000,29.91,30.26,27.69,30.14,0,0
AWM_MV,D,20191210,000000,28.74,29.79,27.57,29.09,0,0
AWM_MV,D,20191211,000000,29.09,29.09,27.46,27.57,0,0
AWM_MV,D,20191212,000000,28.51,28.51,27.46,28.51,0,0
AWM_MV,D,20191213,000000,28.51,28.51,27.57,28.45,0,0
AWM_MV,D,20191216,000000,28.45,28.51,27.57,28.33,0,0
AWM_MV,D,20191217,000000,27.57,28.33,27.57,28.27,0,0
AWM_MV,D,20191218,000000,28.22,28.33,27.57,28.33,0,0
AWM_MV,D,20191219,000000,28.27,28.27,27.57,28.04,0,0
AWM_MV,D,20191220,000000,27.75,28.16,27.46,28.16,0,0
AWM_MV,D,20191223,000000,28.16,30.84,27.46,28.45,0,0
AWM_MV,D,20191227,000000,30.03,30.03,28.45,30.03,0,0
AWM_MV,D,20191230,000000,30.03,31.43,30.03,30.84,0,0
AWM_MV,D,20200102,000000,30.49,33.3,30.49,32.36,0,0
AWM_MV,D,20200103,000000,32.25,33.06,29.91,33.06,0,0
AWM_MV,D,20200107,000000,33.88,33.88,33.3,33.3,0,0
AWM_MV,D,20200108,000000,30.96,32.6,30.96,32.36,0,0
AWM_MV,D,20200109,000000,32.36,32.36,30.96,32.36,0,0
AWM_MV,D,20200110,000000,32.36,32.36,30.38,31.55,0,0
AWM_MV,D,20200113,000000,31.55,32.01,30.38,32.01,0,0
AWM_MV,D,20200114,000000,31.55,31.78,31.55,31.78,0,0
AWM_MV,D,20200115,000000,31.55,31.55,29.33,31.31,0,0
AWM_MV,D,20200116,000000,31.2,32.01,31.2,32.01,0,0
AWM_MV,D,20200117,000000,31.55,31.55,29.33,29.33,0,0
AWM_MV,D,20200120,000000,30.84,31.2,29.91,31.2,0,0
AWM_MV,D,20200121,000000,31.08,34.12,31.08,34,0,0
AWM_MV,D,20200122,000000,33.18,33.18,31.78,33.06,0,0
AWM_MV,D,20200123,000000,33.06,33.06,31.66,32.71,0,0
AWM_MV,D,20200124,000000,33.3,33.88,32.25,32.71,0,0
AWM_MV,D,20200127,000000,32.71,35.64,32.71,35.64,0,0
AWM_MV,D,20200128,000000,34.47,34.47,32.71,33.88,0,0
AWM_MV,D,20200129,000000,33.88,33.88,32.25,32.25,0,0
AWM_MV,D,20200130,000000,32.36,33.88,30.96,32.13,0,0
AWM_MV,D,20200131,000000,32.13,32.95,31.55,32.13,0,0
AWM_MV,D,20200203,000000,32.71,33.65,30.96,33.3,0,0
AWM_MV,D,20200204,000000,32.13,32.13,30.61,31.55,0,0
AWM_MV,D,20200205,000000,32.13,32.13,29.56,30.38,0,0
AWM_MV,D,20200206,000000,30.96,31.55,30.96,31.55,0,0
AWM_MV,D,20200207,000000,31.55,31.55,31.43,31.43,0,0
AWM_MV,D,20200210,000000,31.55,31.55,31.2,31.2,0,0
AWM_MV,D,20200211,000000,31.2,31.2,30.38,31.2,0,0
AWM_MV,D,20200212,000000,31.2,33.18,29.91,31.9,0,0
AWM_MV,D,20200213,000000,32.13,32.71,32.13,32.13,0,0
AWM_MV,D,20200214,000000,32.01,32.01,30.38,30.96,0,0
AWM_MV,D,20200217,000000,31.31,31.31,31.31,31.31,0,0
AWM_MV,D,20200218,000000,31.43,31.43,31.31,31.31,0,0
AWM_MV,D,20200219,000000,31.31,31.31,31.31,31.31,0,0
AWM_MV,D,20200220,000000,31.31,31.43,31.31,31.43,0,0
AWM_MV,D,20200221,000000,31.43,31.43,28.63,30.96,0,0
AWM_MV,D,20200224,000000,30.96,30.96,29.21,30.14,0,0
AWM_MV,D,20200225,000000,30.26,30.38,28.04,29.21,0,0
AWM_MV,D,20200226,000000,29.21,29.68,26.29,29.68,0,0
AWM_MV,D,20200227,000000,28.63,28.63,26.87,27.28,0,0
AWM_MV,D,20200228,000000,29.91,29.91,26.99,29.09,0,0
AWM_MV,D,20200302,000000,28.57,28.63,26.87,28.63,0,0
AWM_MV,D,20200303,000000,28.63,28.63,27.4,28.57,0,0
AWM_MV,D,20200304,000000,27.46,28.57,27.46,28.51,0,0
AWM_MV,D,20200305,000000,28.45,28.45,25.7,25.82,0,0
AWM_MV,D,20200306,000000,27.16,30.14,22.2,29.79,0,0
AWM_MV,D,20200309,000000,27.46,27.46,24.54,26.87,0,0
AWM_MV,D,20200310,000000,24.54,26.87,23.95,25.12,0,0
AWM_MV,D,20200311,000000,25.12,25.12,22.32,22.32,0,0
AWM_MV,D,20200312,000000,18.11,21.61,18.11,20.97,0,0
AWM_MV,D,20200313,000000,19.86,22.2,19.86,21.61,0,0
AWM_MV,D,20200316,000000,21.91,23.72,21.91,23.72,0,0
AWM_MV,D,20200317,000000,23.31,26.29,23.31,25.12,0,0
AWM_MV,D,20200318,000000,25.06,25.06,23.95,23.95,0,0
AWM_MV,D,20200319,000000,23.95,24.54,21.56,24.3,0,0
AWM_MV,D,20200320,000000,24.3,24.54,22.2,24.54,0,0
AWM_MV,D,20200323,000000,25.12,27.46,23.37,25.82,0,0
AWM_MV,D,20200324,000000,25.94,25.94,23.37,25.12,0,0
AWM_MV,D,20200325,000000,23.95,25.7,23.37,25.7,0,0
AWM_MV,D,20200326,000000,25.7,25.7,23.37,25.06,0,0
AWM_MV,D,20200327,000000,25.06,25.7,23.37,25.7,0,0
AWM_MV,D,20200330,000000,25.7,32.6,24.07,31.08,0,0
AWM_MV,D,20200331,000000,31.08,37.5,31.08,36.8,0,0
AWM_MV,D,20200401,000000,37.62,40.31,35.64,36.22,0,0
AWM_MV,D,20200402,000000,36.22,37.74,32.6,35.05,0,0
AWM_MV,D,20200403,000000,37.97,47.32,33.06,47.32,0,0
AWM_MV,D,20200406,000000,63.09,66.6,50.59,55.73,0,0
AWM_MV,D,20200407,000000,57.83,57.83,43.81,44.4,0,0
AWM_MV,D,20200408,000000,41.94,44.98,39.72,41.13,0,0
AWM_MV,D,20200409,000000,42.18,48.84,39.61,46.85,0,0
AWM_MV,D,20200414,000000,49.66,49.66,39.84,39.84,0,0
AWM_MV,D,20200415,000000,40.31,41.36,37.97,41.36,0,0
AWM_MV,D,20200416,000000,42.06,45.68,41.01,43.46,0,0
AWM_MV,D,20200417,000000,43.23,44.98,43.23,44.4,0,0
AWM_MV,D,20200420,000000,43.81,43.81,40.08,41.48,0,0
AWM_MV,D,20200421,000000,41.48,41.48,38.09,39.61,0,0
AWM_MV,D,20200422,000000,38.56,40.31,38.56,39.49,0,0
AWM_MV,D,20200423,000000,39.37,39.37,36.22,38.32,0,0
AWM_MV,D,20200424,000000,36.8,43,36.8,41.48,0,0
AWM_MV,D,20200427,000000,42.88,42.88,39.84,40.78,0,0
AWM_MV,D,20200428,000000,39.37,41.48,39.14,39.26,0,0
AWM_MV,D,20200429,000000,40.31,41.36,37.97,39.61,0,0
AWM_MV,D,20200430,000000,39.14,39.61,37.86,38.56,0,0
AWM_MV,D,20200504,000000,39.61,39.61,36.8,37.39,0,0
AWM_MV,D,20200505,000000,38.44,38.91,36.34,37.86,0,0
AWM_MV,D,20200506,000000,36.8,36.92,35.05,35.52,0,0
AWM_MV,D,20200507,000000,36.34,36.8,34.23,35.4,0,0
AWM_MV,D,20200508,000000,35.64,35.99,32.71,34.82,0,0
AWM_MV,D,20200511,000000,33.53,36.22,33.53,35.52,0,0
AWM_MV,D,20200512,000000,35.64,36.22,34.58,36.22,0,0
AWM_MV,D,20200513,000000,35.28,36.1,34.12,35.17,0,0
AWM_MV,D,20200514,000000,34.82,34.93,32.48,33.77,0,0
AWM_MV,D,20200515,000000,33.77,33.88,32.71,33.06,0,0
AWM_MV,D,20200518,000000,33.06,33.06,31.55,32.25,0,0
AWM_MV,D,20200519,000000,31.78,35.75,30.49,35.64,0,0
AWM_MV,D,20200520,000000,36.22,36.22,33.65,35.64,0,0
AWM_MV,D,20200521,000000,36.1,36.1,33.77,34,0,0
AWM_MV,D,20200522,000000,34.93,34.93,34,34.58,0,0
AWM_MV,D,20200525,000000,34.93,43.58,34.47,43.11,0,0
AWM_MV,D,20200526,000000,42.88,42.88,39.14,40.89,0,0
AWM_MV,D,20200527,000000,39.72,40.19,39.14,39.72,0,0
AWM_MV,D,20200528,000000,39.72,43,39.72,41.59,0,0
AWM_MV,D,20200529,000000,41.71,42.06,37.62,39.49,0,0
AWM_MV,D,20200601,000000,37.97,39.14,37.97,39.02,0,0
AWM_MV,D,20200602,000000,39.72,39.72,38.21,38.56,0,0
AWM_MV,D,20200603,000000,38.91,39.49,37.86,37.86,0,0
AWM_MV,D,20200604,000000,38.09,39.26,38.09,39.02,0,0
AWM_MV,D,20200605,000000,38.32,42.53,38.32,41.94,0,0
AWM_MV,D,20200608,000000,41.94,46.38,41.94,46.03,0,0
AWM_MV,D,20200609,000000,46.5,47.9,44.4,45.1,0,0
AWM_MV,D,20200610,000000,44.87,46.62,41.83,43.81,0,0
AWM_MV,D,20200612,000000,41.59,42.53,41.01,42.29,0,0
AWM_MV,D,20200615,000000,41.48,42.53,40.66,40.89,0,0
AWM_MV,D,20200616,000000,41.48,42.88,40.54,42.88,0,0
AWM_MV,D,20200617,000000,42.88,42.88,40.31,41.71,0,0
AWM_MV,D,20200618,000000,41.83,45.45,41.24,44.16,0,0
AWM_MV,D,20200619,000000,42.88,44.16,42.41,42.41,0,0
AWM_MV,D,20200622,000000,40.31,43.81,40.31,43,0,0
AWM_MV,D,20200623,000000,43.23,43.23,41.01,41.71,0,0
AWM_MV,D,20200624,000000,42.65,43.23,41.71,42.53,0,0
AWM_MV,D,20200625,000000,41.24,43.23,39.72,39.72,0,0
AWM_MV,D,20200626,000000,44.98,49.42,44.98,49.42,0,0
AWM_MV,D,20200629,000000,53.28,64.26,52.69,52.81,0,0
AWM_MV,D,20200630,000000,53.63,53.63,49.19,49.77,0,0
AWM_MV,D,20200701,000000,49.77,55.5,47.55,49.54,0,0
AWM_MV,D,20200702,000000,51.06,53.16,50.94,51.29,0,0
AWM_MV,D,20200703,000000,50.36,51.64,48.95,49.77,0,0
AWM_MV,D,20200706,000000,51.64,51.64,47.9,48.37,0,0
AWM_MV,D,20200707,000000,47.55,48.37,45.57,47.55,0,0
AWM_MV,D,20200708,000000,47.32,47.9,44.63,46.15,0,0
AWM_MV,D,20200709,000000,45.57,47.79,43.23,47.2,0,0
AWM_MV,D,20200710,000000,47.2,47.9,45.33,46.38,0,0
AWM_MV,D,20200713,000000,45.45,48.95,45.45,46.38,0,0
AWM_MV,D,20200714,000000,47.67,47.67,45.68,46.62,0,0
AWM_MV,D,20200715,000000,45.33,53.16,45.33,50.59,0,0
AWM_MV,D,20200716,000000,51.41,54.33,51.06,52.46,0,0
AWM_MV,D,20200717,000000,52.58,52.58,50.24,51.99,0,0
AWM_MV,D,20200720,000000,53.16,53.16,51.41,52.58,0,0
AWM_MV,D,20200721,000000,53.28,54.21,52.81,53.98,0,0
AWM_MV,D,20200722,000000,55.03,55.03,50.59,52.93,0,0
AWM_MV,D,20200723,000000,50.82,52.58,49.07,49.66,0,0
AWM_MV,D,20200724,000000,52.93,53.63,50.71,53.51,0,0
AWM_MV,D,20200727,000000,53.74,58.42,53.51,56.08,0,0
AWM_MV,D,20200728,000000,59,59,53.16,53.74,0,0
AWM_MV,D,20200729,000000,53.74,53.74,50.94,51.88,0,0
AWM_MV,D,20200730,000000,51.88,51.88,45.57,45.68,0,0
AWM_MV,D,20200731,000000,45.22,48.6,45.22,47.9,0,0
AWM_MV,D,20200803,000000,47.9,52.58,47.9,51.29,0,0
AWM_MV,D,20200804,000000,51.29,51.99,49.66,51.99,0,0
AWM_MV,D,20200805,000000,51.99,52.58,50.01,51.99,0,0
AWM_MV,D,20200806,000000,51.99,51.99,49.66,50.82,0,0
AWM_MV,D,20200807,000000,50.82,50.82,46.73,50.36,0,0
AWM_MV,D,20200810,000000,48.49,50.47,47.44,48.49,0,0
AWM_MV,D,20200811,000000,48.72,50.82,47.9,48.95,0,0
AWM_MV,D,20200812,000000,48.49,49.66,45.92,48.49,0,0
AWM_MV,D,20200813,000000,47.44,48.49,46.5,47.79,0,0
AWM_MV,D,20200814,000000,46.73,47.67,45.57,46.73,0,0
AWM_MV,D,20200817,000000,106.91,107.49,92.59,92.59,0,0
AWM_MV,D,20200818,000000,96.39,148.97,93.47,148.97,0,0
AWM_MV,D,20200819,000000,151.3,198.62,143.71,146.05,0,0
AWM_MV,D,20200820,000000,148.38,164.74,116.25,132.03,0,0
AWM_MV,D,20200821,000000,122.09,128.52,114.5,127.94,0,0
AWM_MV,D,20200824,000000,124.43,133.78,117.42,118.01,0,0
AWM_MV,D,20200825,000000,119.17,139.62,115.67,136.11,0,0
AWM_MV,D,20200826,000000,139.62,142.54,126.18,126.18,0,0
AWM_MV,D,20200827,000000,123.26,127.35,120.93,121.51,0,0
AWM_MV,D,20200828,000000,122.68,140.2,120.34,134.95,0,0
AWM_MV,D,20200831,000000,135.53,156.56,135.53,139.62,0,0
AWM_MV,D,20200901,000000,136.11,141.37,128.52,128.52,0,0
AWM_MV,D,20200902,000000,128.52,135.53,128.52,131.44,0,0
AWM_MV,D,20200903,000000,133.78,135.53,124.43,124.43,0,0
AWM_MV,D,20200904,000000,122.68,123.26,118.59,120.34,0,0
AWM_MV,D,20200907,000000,121.51,125.02,103.4,103.4,0,0
AWM_MV,D,20200908,000000,101.65,101.65,79.45,89.96,0,0
AWM_MV,D,20200909,000000,90.55,103.4,90.55,103.4,0,0
AWM_MV,D,20200910,000000,106.32,106.32,92.3,95.81,0,0
AWM_MV,D,20200911,000000,93.47,101.94,89.67,101.65,0,0
AWM_MV,D,20200914,000000,102.82,108.66,99.9,106.32,0,0
AWM_MV,D,20200915,000000,105.74,107.2,98.73,99.31,0,0
AWM_MV,D,20200916,000000,99.02,101.06,96.68,97.56,0,0
AWM_MV,D,20200917,000000,97.56,100.77,94.64,96.68,0,0
AWM_MV,D,20200918,000000,99.02,102.23,95.51,101.06,0,0
AWM_MV,D,20200921,000000,102.52,102.52,94.64,94.64,0,0
AWM_MV,D,20200922,000000,94.64,98.14,92.89,96.39,0,0
AWM_MV,D,20200923,000000,96.39,97.56,90.84,94.05,0,0
AWM_MV,D,20200924,000000,94.64,94.64,85.29,85.29,0,0
AWM_MV,D,20200925,000000,86.46,88.8,81.79,86.46,0,0
AWM_MV,D,20200928,000000,87.63,100.48,83.83,98.73,0,0
AWM_MV,D,20200929,000000,103.98,112.16,94.93,107.49,0,0
AWM_MV,D,20200930,000000,106.91,112.16,99.9,106.91,0,0
AWM_MV,D,20201001,000000,99.31,99.31,91.13,93.47,0,0
AWM_MV,D,20201002,000000,91.72,94.35,87.63,91.13,0,0
AWM_MV,D,20201005,000000,91.42,103.69,91.13,102.23,0,0
AWM_MV,D,20201006,000000,103.69,106.32,101.06,101.65,0,0
AWM_MV,D,20201007,000000,99.9,99.9,97.27,98.14,0,0
AWM_MV,D,20201008,000000,101.06,112.75,99.31,111,0,0
AWM_MV,D,20201009,000000,113.33,120.34,111,116.84,0,0
AWM_MV,D,20201012,000000,119.17,119.17,111,112.46,0,0
AWM_MV,D,20201013,000000,112.16,113.33,104.86,112.16,0,0
AWM_MV,D,20201014,000000,109.83,109.83,104.57,106.32,0,0
AWM_MV,D,20201015,000000,101.65,122.68,95.22,122.68,0,0
AWM_MV,D,20201016,000000,145.46,145.46,120.34,129.69,0,0
