<TICKER>,<PER>,<DATE>,<TIME>,<OPEN>,<HIGH>,<LOW>,<CLOSE>,<VOL>,<OPENINT>
BIK_PB,D,20180823,000000,0.62,0.62,0.62,0.62,0,0
BIK_PB,D,20180824,000000,0.62,0.62,0.62,0.62,0,0
BIK_PB,D,20180827,000000,0.62,0.62,0.62,0.62,0,0
BIK_PB,D,20180828,000000,0.62,0.62,0.62,0.62,0,0
BIK_PB,D,20180829,000000,0.62,0.62,0.5846,0.5846,0,0
BIK_PB,D,20180830,000000,0.62,0.62,0.62,0.62,0,0
BIK_PB,D,20180831,000000,0.62,0.62,0.6111,0.6111,0,0
BIK_PB,D,20180903,000000,0.62,0.62,0.62,0.62,0,0
BIK_PB,D,20180904,000000,0.62,0.62,0.6023,0.6111,0,0
BIK_PB,D,20180905,000000,0.62,0.62,0.5757,0.5757,0,0
BIK_PB,D,20180906,000000,0.5757,0.5757,0.5403,0.5757,0,0
BIK_PB,D,20180907,000000,0.5757,0.5757,0.5757,0.5757,0,0
BIK_PB,D,20180910,000000,0.5757,0.5757,0.5757,0.5757,0,0
BIK_PB,D,20180911,000000,0.5757,0.5757,0.5757,0.5757,0,0
BIK_PB,D,20180912,000000,0.5669,0.5669,0.5669,0.5669,0,0
BIK_PB,D,20180913,000000,0.5757,0.5846,0.5757,0.5846,0,0
BIK_PB,D,20180914,000000,0.5846,0.5846,0.5846,0.5846,0,0
BIK_PB,D,20180917,000000,0.5846,0.5846,0.5757,0.5757,0,0
BIK_PB,D,20180918,000000,0.5757,0.5757,0.5757,0.5757,0,0
BIK_PB,D,20180919,000000,0.5757,0.5757,0.558,0.5757,0,0
BIK_PB,D,20180920,000000,0.5757,0.5757,0.5757,0.5757,0,0
BIK_PB,D,20180921,000000,0.5757,0.5757,0.5757,0.5757,0,0
BIK_PB,D,20180924,000000,0.5757,0.5846,0.558,0.558,0,0
BIK_PB,D,20180925,000000,0.5757,0.5757,0.5757,0.5757,0,0
BIK_PB,D,20180926,000000,0.5757,0.5757,0.5757,0.5757,0,0
BIK_PB,D,20180927,000000,0.5757,0.5757,0.5757,0.5757,0,0
BIK_PB,D,20180928,000000,0.5757,0.5757,0.5757,0.5757,0,0
BIK_PB,D,20181001,000000,0.5757,0.5757,0.5757,0.5757,0,0
BIK_PB,D,20181002,000000,0.5757,0.5757,0.5757,0.5757,0,0
BIK_PB,D,20181003,000000,0.5757,0.5757,0.5757,0.5757,0,0
BIK_PB,D,20181004,000000,0.5757,0.5757,0.5757,0.5757,0,0
BIK_PB,D,20181005,000000,0.5757,0.5757,0.5757,0.5757,0,0
BIK_PB,D,20181008,000000,0.5757,0.5757,0.5757,0.5757,0,0
BIK_PB,D,20181009,000000,0.5757,0.5757,0.5757,0.5757,0,0
BIK_PB,D,20181010,000000,0.5757,0.5757,0.5757,0.5757,0,0
BIK_PB,D,20181011,000000,0.5669,0.5669,0.5669,0.5669,0,0
BIK_PB,D,20181012,000000,0.5669,0.5669,0.5669,0.5669,0,0
BIK_PB,D,20181015,000000,0.5669,0.5669,0.5669,0.5669,0,0
BIK_PB,D,20181016,000000,0.5669,0.5669,0.5669,0.5669,0,0
BIK_PB,D,20181017,000000,0.5669,0.5669,0.5669,0.5669,0,0
BIK_PB,D,20181018,000000,0.5669,0.5669,0.5669,0.5669,0,0
BIK_PB,D,20181019,000000,0.5669,0.5669,0.5491,0.5491,0,0
BIK_PB,D,20181022,000000,0.5669,0.5669,0.5669,0.5669,0,0
BIK_PB,D,20181023,000000,0.5669,0.5669,0.5669,0.5669,0,0
BIK_PB,D,20181024,000000,0.5669,0.5669,0.5669,0.5669,0,0
BIK_PB,D,20181025,000000,0.5669,0.5669,0.5669,0.5669,0,0
BIK_PB,D,20181026,000000,0.5669,0.5669,0.5669,0.5669,0,0
BIK_PB,D,20181029,000000,0.5669,0.5757,0.5669,0.5757,0,0
BIK_PB,D,20181030,000000,0.5757,0.5757,0.5757,0.5757,0,0
BIK_PB,D,20181031,000000,0.5757,0.5757,0.5757,0.5757,0,0
BIK_PB,D,20181102,000000,0.5757,0.5757,0.5757,0.5757,0,0
BIK_PB,D,20181105,000000,0.5757,0.5757,0.5757,0.5757,0,0
BIK_PB,D,20181106,000000,0.5757,0.5757,0.5757,0.5757,0,0
BIK_PB,D,20181107,000000,0.5757,0.5757,0.5314,0.5314,0,0
BIK_PB,D,20181108,000000,0.5757,0.5757,0.5757,0.5757,0,0
BIK_PB,D,20181109,000000,0.5757,0.5846,0.5757,0.5846,0,0
BIK_PB,D,20181113,000000,0.5846,0.5846,0.5846,0.5846,0,0
BIK_PB,D,20181114,000000,0.5846,0.5846,0.5846,0.5846,0,0
BIK_PB,D,20181115,000000,0.5846,0.5846,0.5846,0.5846,0,0
BIK_PB,D,20181116,000000,0.5846,0.5846,0.5846,0.5846,0,0
BIK_PB,D,20181119,000000,0.5846,0.5846,0.5846,0.5846,0,0
BIK_PB,D,20181120,000000,0.5846,0.5846,0.5846,0.5846,0,0
BIK_PB,D,20181121,000000,0.5846,0.5846,0.5314,0.5314,0,0
BIK_PB,D,20181122,000000,0.5314,0.5314,0.41629,0.41629,0,0
BIK_PB,D,20181123,000000,0.41629,0.47829,0.41629,0.47829,0,0
BIK_PB,D,20181126,000000,0.496,0.496,0.46943,0.496,0,0
BIK_PB,D,20181127,000000,0.5226,0.5491,0.5226,0.5491,0,0
BIK_PB,D,20181128,000000,0.5491,0.5491,0.5491,0.5491,0,0
BIK_PB,D,20181129,000000,0.5846,0.5846,0.5491,0.5491,0,0
BIK_PB,D,20181130,000000,0.5491,0.5846,0.5491,0.5846,0,0
BIK_PB,D,20181203,000000,0.5846,0.5846,0.5669,0.5669,0,0
BIK_PB,D,20181204,000000,0.5669,0.5669,0.5669,0.5669,0,0
BIK_PB,D,20181205,000000,0.5669,0.5669,0.5669,0.5669,0,0
BIK_PB,D,20181206,000000,0.5757,0.5757,0.5669,0.5669,0,0
BIK_PB,D,20181207,000000,0.5669,0.5669,0.558,0.558,0,0
BIK_PB,D,20181210,000000,0.5846,0.5846,0.5491,0.5491,0,0
BIK_PB,D,20181211,000000,0.5846,0.5934,0.5846,0.5846,0,0
BIK_PB,D,20181212,000000,0.5934,0.5934,0.5846,0.5846,0,0
BIK_PB,D,20181213,000000,0.6023,0.6023,0.6023,0.6023,0,0
BIK_PB,D,20181214,000000,0.6023,0.6023,0.5846,0.5846,0,0
BIK_PB,D,20181217,000000,0.5934,0.5934,0.5846,0.5846,0,0
BIK_PB,D,20181218,000000,0.5846,0.5846,0.5669,0.5846,0,0
BIK_PB,D,20181219,000000,0.5846,0.5846,0.5846,0.5846,0,0
BIK_PB,D,20181220,000000,0.5757,0.5757,0.5669,0.5669,0,0
BIK_PB,D,20181221,000000,0.5846,0.5846,0.5846,0.5846,0,0
BIK_PB,D,20181227,000000,0.5846,0.5846,0.5846,0.5846,0,0
BIK_PB,D,20181228,000000,0.5757,0.5757,0.5403,0.5403,0,0
BIK_PB,D,20190102,000000,0.5403,0.5403,0.45171,0.5403,0,0
BIK_PB,D,20190103,000000,0.5403,0.5403,0.5137,0.5137,0,0
BIK_PB,D,20190104,000000,0.5137,0.5403,0.5049,0.5403,0,0
BIK_PB,D,20190107,000000,0.5757,0.5934,0.5757,0.5934,0,0
BIK_PB,D,20190108,000000,0.5934,0.5934,0.5934,0.5934,0,0
BIK_PB,D,20190109,000000,0.5934,0.5934,0.558,0.558,0,0
BIK_PB,D,20190110,000000,0.5934,0.5934,0.558,0.558,0,0
BIK_PB,D,20190111,000000,0.5934,0.5934,0.5934,0.5934,0,0
BIK_PB,D,20190114,000000,0.5934,0.5934,0.5934,0.5934,0,0
BIK_PB,D,20190115,000000,0.5934,0.5934,0.558,0.5934,0,0
BIK_PB,D,20190116,000000,0.62,0.62,0.62,0.62,0,0
BIK_PB,D,20190117,000000,0.62,0.62,0.5757,0.5757,0,0
BIK_PB,D,20190118,000000,0.62,0.62,0.62,0.62,0,0
BIK_PB,D,20190121,000000,0.6111,0.6111,0.5846,0.5846,0,0
BIK_PB,D,20190122,000000,0.5846,0.5846,0.5846,0.5846,0,0
BIK_PB,D,20190123,000000,0.6111,0.6111,0.5846,0.6111,0,0
BIK_PB,D,20190124,000000,0.6111,0.6111,0.5934,0.6111,0,0
BIK_PB,D,20190125,000000,0.6111,0.62,0.6111,0.62,0,0
BIK_PB,D,20190128,000000,0.62,0.62,0.62,0.62,0,0
BIK_PB,D,20190129,000000,0.62,0.62,0.62,0.62,0,0
BIK_PB,D,20190130,000000,0.62,0.62,0.62,0.62,0,0
BIK_PB,D,20190131,000000,0.6111,0.6111,0.6111,0.6111,0,0
BIK_PB,D,20190201,000000,0.6111,0.6111,0.6111,0.6111,0,0
BIK_PB,D,20190204,000000,0.6111,0.6111,0.6111,0.6111,0,0
BIK_PB,D,20190205,000000,0.6111,0.6111,0.6111,0.6111,0,0
BIK_PB,D,20190206,000000,0.6111,0.6111,0.6111,0.6111,0,0
BIK_PB,D,20190207,000000,0.6111,0.6111,0.6111,0.6111,0,0
BIK_PB,D,20190208,000000,0.6111,0.6111,0.6111,0.6111,0,0
BIK_PB,D,20190211,000000,0.6111,0.6111,0.5934,0.5934,0,0
BIK_PB,D,20190212,000000,0.6111,0.6111,0.5669,0.5669,0,0
BIK_PB,D,20190213,000000,0.5846,0.5846,0.5846,0.5846,0,0
BIK_PB,D,20190214,000000,0.6111,0.6111,0.6111,0.6111,0,0
BIK_PB,D,20190215,000000,0.6111,0.6111,0.5934,0.5934,0,0
BIK_PB,D,20190218,000000,0.6111,0.6111,0.6023,0.6023,0,0
BIK_PB,D,20190219,000000,0.6023,0.6023,0.6023,0.6023,0,0
BIK_PB,D,20190220,000000,0.6023,0.6023,0.6023,0.6023,0,0
BIK_PB,D,20190221,000000,0.6023,0.6023,0.5846,0.5846,0,0
BIK_PB,D,20190222,000000,0.6023,0.6023,0.6023,0.6023,0,0
BIK_PB,D,20190225,000000,0.6023,0.6023,0.6023,0.6023,0,0
BIK_PB,D,20190226,000000,0.6023,0.6023,0.6023,0.6023,0,0
BIK_PB,D,20190227,000000,0.6023,0.6023,0.6023,0.6023,0,0
BIK_PB,D,20190228,000000,0.6023,0.6023,0.6023,0.6023,0,0
BIK_PB,D,20190301,000000,0.6023,0.6023,0.6023,0.6023,0,0
BIK_PB,D,20190304,000000,0.6023,0.6023,0.6023,0.6023,0,0
BIK_PB,D,20190305,000000,0.6023,0.6023,0.6023,0.6023,0,0
BIK_PB,D,20190306,000000,0.6023,0.6023,0.6023,0.6023,0,0
BIK_PB,D,20190307,000000,0.6023,0.6023,0.6023,0.6023,0,0
BIK_PB,D,20190308,000000,0.6023,0.6023,0.6023,0.6023,0,0
BIK_PB,D,20190311,000000,0.6023,0.6023,0.6023,0.6023,0,0
BIK_PB,D,20190312,000000,0.6023,0.6023,0.6023,0.6023,0,0
BIK_PB,D,20190313,000000,0.6023,0.6023,0.6023,0.6023,0,0
BIK_PB,D,20190314,000000,0.6023,0.6023,0.6023,0.6023,0,0
BIK_PB,D,20190315,000000,0.6023,0.6023,0.6023,0.6023,0,0
BIK_PB,D,20190318,000000,0.6023,0.6023,0.6023,0.6023,0,0
BIK_PB,D,20190319,000000,0.6023,0.6023,0.6023,0.6023,0,0
BIK_PB,D,20190320,000000,0.6023,0.6023,0.6023,0.6023,0,0
BIK_PB,D,20190321,000000,0.6023,0.6023,0.6023,0.6023,0,0
BIK_PB,D,20190322,000000,0.6023,0.6023,0.6023,0.6023,0,0
BIK_PB,D,20190325,000000,0.6023,0.6023,0.6023,0.6023,0,0
BIK_PB,D,20190326,000000,0.6023,0.6023,0.6023,0.6023,0,0
BIK_PB,D,20190327,000000,0.6023,0.6023,0.6023,0.6023,0,0
BIK_PB,D,20190328,000000,0.6023,0.6023,0.6023,0.6023,0,0
BIK_PB,D,20190329,000000,0.6023,0.6023,0.6023,0.6023,0,0
BIK_PB,D,20190401,000000,0.6023,0.6023,0.6023,0.6023,0,0
BIK_PB,D,20190402,000000,0.6554,0.6554,0.6554,0.6554,0,0
BIK_PB,D,20190403,000000,0.6554,0.6554,0.6554,0.6554,0,0
BIK_PB,D,20190404,000000,0.6554,0.6554,0.6023,0.6023,0,0
BIK_PB,D,20190405,000000,0.6289,0.6289,0.6289,0.6289,0,0
BIK_PB,D,20190408,000000,0.6554,0.6554,0.6554,0.6554,0,0
BIK_PB,D,20190409,000000,0.6554,0.6554,0.6554,0.6554,0,0
BIK_PB,D,20190410,000000,0.6554,0.6554,0.6289,0.6289,0,0
BIK_PB,D,20190411,000000,0.6554,0.6643,0.6554,0.6643,0,0
BIK_PB,D,20190412,000000,0.6643,0.6643,0.6643,0.6643,0,0
BIK_PB,D,20190415,000000,0.6643,0.6643,0.6643,0.6643,0,0
BIK_PB,D,20190416,000000,0.6554,0.6554,0.6554,0.6554,0,0
BIK_PB,D,20190417,000000,0.6466,0.6466,0.6466,0.6466,0,0
BIK_PB,D,20190418,000000,0.6466,0.6466,0.6466,0.6466,0,0
BIK_PB,D,20190423,000000,0.6554,0.6554,0.6554,0.6554,0,0
BIK_PB,D,20190424,000000,0.6554,0.6554,0.6554,0.6554,0,0
BIK_PB,D,20190425,000000,0.6554,0.682,0.6554,0.682,0,0
BIK_PB,D,20190426,000000,0.682,0.682,0.682,0.682,0,0
BIK_PB,D,20190429,000000,0.682,0.682,0.682,0.682,0,0
BIK_PB,D,20190430,000000,0.682,0.682,0.682,0.682,0,0
BIK_PB,D,20190502,000000,0.682,0.682,0.6554,0.682,0,0
BIK_PB,D,20190506,000000,0.682,0.682,0.6554,0.682,0,0
BIK_PB,D,20190507,000000,0.6643,0.6643,0.6554,0.6643,0,0
BIK_PB,D,20190508,000000,0.6643,0.6643,0.6643,0.6643,0,0
BIK_PB,D,20190509,000000,0.6643,0.682,0.6643,0.682,0,0
BIK_PB,D,20190510,000000,0.7086,0.7086,0.7086,0.7086,0,0
BIK_PB,D,20190513,000000,0.7086,0.7086,0.7086,0.7086,0,0
BIK_PB,D,20190514,000000,0.682,0.682,0.682,0.682,0,0
BIK_PB,D,20190515,000000,0.682,0.744,0.682,0.7263,0,0
BIK_PB,D,20190516,000000,0.7263,0.7263,0.7263,0.7263,0,0
BIK_PB,D,20190517,000000,0.7174,0.7174,0.7174,0.7174,0,0
BIK_PB,D,20190520,000000,0.6909,0.7263,0.6909,0.7263,0,0
BIK_PB,D,20190521,000000,0.7263,0.7263,0.7263,0.7263,0,0
BIK_PB,D,20190522,000000,0.7086,0.7263,0.7086,0.7263,0,0
BIK_PB,D,20190523,000000,0.7263,0.744,0.7263,0.744,0,0
BIK_PB,D,20190524,000000,0.744,0.744,0.7351,0.744,0,0
BIK_PB,D,20190527,000000,0.744,0.744,0.744,0.744,0,0
BIK_PB,D,20190528,000000,0.744,0.744,0.744,0.744,0,0
BIK_PB,D,20190529,000000,0.744,0.744,0.744,0.744,0,0
BIK_PB,D,20190530,000000,0.744,0.744,0.744,0.744,0,0
BIK_PB,D,20190531,000000,0.744,0.744,0.744,0.744,0,0
BIK_PB,D,20190603,000000,0.744,0.744,0.744,0.744,0,0
BIK_PB,D,20190604,000000,0.744,0.744,0.744,0.744,0,0
BIK_PB,D,20190605,000000,0.744,0.744,0.744,0.744,0,0
BIK_PB,D,20190606,000000,0.744,0.744,0.744,0.744,0,0
BIK_PB,D,20190607,000000,0.744,0.744,0.7086,0.7351,0,0
BIK_PB,D,20190610,000000,0.7351,0.7351,0.7351,0.7351,0,0
BIK_PB,D,20190611,000000,0.744,0.744,0.744,0.744,0,0
BIK_PB,D,20190612,000000,0.744,0.744,0.7351,0.7351,0,0
BIK_PB,D,20190613,000000,0.7351,0.7351,0.7351,0.7351,0,0
BIK_PB,D,20190614,000000,0.6997,0.7351,0.6997,0.7351,0,0
BIK_PB,D,20190617,000000,0.7351,0.7351,0.7351,0.7351,0,0
BIK_PB,D,20190618,000000,0.6997,0.7351,0.6997,0.7351,0,0
BIK_PB,D,20190619,000000,0.7174,0.7351,0.7174,0.7351,0,0
BIK_PB,D,20190621,000000,0.744,0.744,0.744,0.744,0,0
BIK_PB,D,20190624,000000,0.7351,0.7351,0.7351,0.7351,0,0
BIK_PB,D,20190625,000000,0.7351,0.7351,0.7351,0.7351,0,0
BIK_PB,D,20190626,000000,0.7351,0.7351,0.7351,0.7351,0,0
BIK_PB,D,20190627,000000,0.7351,0.7351,0.7351,0.7351,0,0
BIK_PB,D,20190628,000000,0.7351,0.7351,0.6997,0.6997,0,0
BIK_PB,D,20190701,000000,0.6997,0.6997,0.6997,0.6997,0,0
BIK_PB,D,20190702,000000,0.6997,0.6997,0.682,0.6909,0,0
BIK_PB,D,20190703,000000,0.6997,0.6997,0.6997,0.6997,0,0
BIK_PB,D,20190704,000000,0.6997,0.6997,0.6731,0.6997,0,0
BIK_PB,D,20190705,000000,0.6997,0.6997,0.6554,0.6731,0,0
BIK_PB,D,20190708,000000,0.6731,0.7086,0.6731,0.7086,0,0
BIK_PB,D,20190709,000000,0.7263,0.7263,0.6909,0.7086,0,0
BIK_PB,D,20190710,000000,0.7263,0.7263,0.7086,0.7086,0,0
BIK_PB,D,20190711,000000,0.7086,0.7086,0.7086,0.7086,0,0
BIK_PB,D,20190712,000000,0.7263,0.7263,0.7086,0.7086,0,0
BIK_PB,D,20190715,000000,0.7263,0.7263,0.6909,0.7086,0,0
BIK_PB,D,20190716,000000,0.7086,0.7086,0.682,0.7086,0,0
BIK_PB,D,20190717,000000,0.7086,0.7086,0.6909,0.7086,0,0
BIK_PB,D,20190718,000000,0.7263,0.7263,0.6909,0.7086,0,0
BIK_PB,D,20190719,000000,0.7263,0.7263,0.6909,0.7086,0,0
BIK_PB,D,20190722,000000,0.7263,0.7263,0.682,0.682,0,0
BIK_PB,D,20190723,000000,0.682,0.682,0.6111,0.6731,0,0
BIK_PB,D,20190724,000000,0.6289,0.6731,0.6289,0.6731,0,0
BIK_PB,D,20190725,000000,0.6909,0.6909,0.6731,0.6909,0,0
BIK_PB,D,20190726,000000,0.6909,0.6909,0.6643,0.682,0,0
BIK_PB,D,20190729,000000,0.6909,0.6909,0.682,0.6909,0,0
BIK_PB,D,20190730,000000,0.682,0.682,0.682,0.682,0,0
BIK_PB,D,20190731,000000,0.682,0.682,0.682,0.682,0,0
BIK_PB,D,20190801,000000,0.7086,0.7086,0.6643,0.6643,0,0
BIK_PB,D,20190802,000000,0.6909,0.6909,0.6554,0.6731,0,0
BIK_PB,D,20190805,000000,0.72,0.72,0.63,0.69,0,0
BIK_PB,D,20190806,000000,0.69,0.69,0.69,0.69,0,0
BIK_PB,D,20190807,000000,0.69,0.69,0.65,0.68,0,0
BIK_PB,D,20190808,000000,0.68,0.68,0.65,0.67,0,0
BIK_PB,D,20190809,000000,0.68,0.68,0.67,0.67,0,0
BIK_PB,D,20190812,000000,0.67,0.67,0.64,0.67,0,0
BIK_PB,D,20190813,000000,0.67,0.67,0.67,0.67,0,0
BIK_PB,D,20190814,000000,0.66,0.66,0.66,0.66,0,0
BIK_PB,D,20190816,000000,0.66,0.66,0.66,0.66,0,0
BIK_PB,D,20190819,000000,0.66,0.66,0.66,0.66,0,0
BIK_PB,D,20190820,000000,0.66,0.66,0.66,0.66,0,0
BIK_PB,D,20190821,000000,0.66,0.68,0.64,0.68,0,0
BIK_PB,D,20190822,000000,0.69,0.69,0.65,0.68,0,0
BIK_PB,D,20190823,000000,0.69,0.69,0.69,0.69,0,0
BIK_PB,D,20190826,000000,0.69,0.69,0.69,0.69,0,0
BIK_PB,D,20190827,000000,0.69,0.69,0.68,0.68,0,0
BIK_PB,D,20190828,000000,0.69,0.69,0.68,0.68,0,0
BIK_PB,D,20190829,000000,0.69,0.69,0.65,0.65,0,0
BIK_PB,D,20190830,000000,0.69,0.69,0.64,0.66,0,0
BIK_PB,D,20190902,000000,0.69,0.69,0.64,0.67,0,0
BIK_PB,D,20190903,000000,0.69,0.69,0.69,0.69,0,0
BIK_PB,D,20190904,000000,0.69,0.69,0.65,0.68,0,0
BIK_PB,D,20190905,000000,0.68,0.68,0.65,0.65,0,0
BIK_PB,D,20190906,000000,0.67,0.67,0.61,0.67,0,0
BIK_PB,D,20190909,000000,0.68,0.68,0.63,0.68,0,0
BIK_PB,D,20190910,000000,0.69,0.69,0.69,0.69,0,0
BIK_PB,D,20190911,000000,0.69,0.69,0.69,0.69,0,0
BIK_PB,D,20190912,000000,0.7,0.7,0.69,0.69,0,0
BIK_PB,D,20190913,000000,0.69,0.69,0.68,0.69,0,0
BIK_PB,D,20190916,000000,0.69,0.69,0.67,0.67,0,0
BIK_PB,D,20190917,000000,0.67,0.67,0.64,0.67,0,0
BIK_PB,D,20190918,000000,0.67,0.67,0.67,0.67,0,0
BIK_PB,D,20190919,000000,0.67,0.67,0.61,0.67,0,0
BIK_PB,D,20190920,000000,0.67,0.69,0.67,0.69,0,0
BIK_PB,D,20190923,000000,0.7,0.7,0.7,0.7,0,0
BIK_PB,D,20190924,000000,0.7,0.7,0.65,0.66,0,0
BIK_PB,D,20190925,000000,0.66,0.66,0.66,0.66,0,0
BIK_PB,D,20190926,000000,0.66,0.66,0.66,0.66,0,0
BIK_PB,D,20190927,000000,0.68,0.68,0.66,0.66,0,0
BIK_PB,D,20190930,000000,0.7,0.7,0.66,0.66,0,0
BIK_PB,D,20191001,000000,0.7,0.7,0.64,0.7,0,0
BIK_PB,D,20191002,000000,0.7,0.7,0.7,0.7,0,0
BIK_PB,D,20191003,000000,0.7,0.7,0.7,0.7,0,0
BIK_PB,D,20191004,000000,0.68,0.7,0.68,0.68,0,0
BIK_PB,D,20191007,000000,0.68,0.68,0.68,0.68,0,0
BIK_PB,D,20191008,000000,0.68,0.68,0.68,0.68,0,0
BIK_PB,D,20191009,000000,0.68,0.68,0.68,0.68,0,0
BIK_PB,D,20191010,000000,0.68,0.68,0.68,0.68,0,0
BIK_PB,D,20191011,000000,0.68,0.68,0.66,0.66,0,0
BIK_PB,D,20191014,000000,0.66,0.66,0.66,0.66,0,0
BIK_PB,D,20191015,000000,0.68,0.68,0.66,0.68,0,0
BIK_PB,D,20191016,000000,0.66,0.66,0.66,0.66,0,0
BIK_PB,D,20191017,000000,0.68,0.68,0.66,0.66,0,0
BIK_PB,D,20191018,000000,0.66,0.66,0.66,0.66,0,0
BIK_PB,D,20191021,000000,0.68,0.68,0.68,0.68,0,0
BIK_PB,D,20191022,000000,0.68,0.68,0.68,0.68,0,0
BIK_PB,D,20191023,000000,0.68,0.68,0.68,0.68,0,0
BIK_PB,D,20191024,000000,0.68,0.68,0.68,0.68,0,0
BIK_PB,D,20191025,000000,0.68,0.68,0.67,0.67,0,0
BIK_PB,D,20191028,000000,0.67,0.68,0.66,0.68,0,0
BIK_PB,D,20191029,000000,0.68,0.68,0.68,0.68,0,0
BIK_PB,D,20191030,000000,0.67,0.67,0.67,0.67,0,0
BIK_PB,D,20191031,000000,0.68,0.68,0.68,0.68,0,0
BIK_PB,D,20191104,000000,0.71,0.71,0.71,0.71,0,0
BIK_PB,D,20191105,000000,0.71,0.71,0.65,0.71,0,0
BIK_PB,D,20191106,000000,0.71,0.71,0.7,0.7,0,0
BIK_PB,D,20191107,000000,0.7,0.7,0.7,0.7,0,0
BIK_PB,D,20191108,000000,0.7,0.7,0.7,0.7,0,0
BIK_PB,D,20191112,000000,0.71,0.71,0.67,0.67,0,0
BIK_PB,D,20191113,000000,0.68,0.68,0.68,0.68,0,0
BIK_PB,D,20191114,000000,0.68,0.74,0.65,0.74,0,0
BIK_PB,D,20191115,000000,0.74,0.75,0.74,0.75,0,0
BIK_PB,D,20191118,000000,0.74,0.75,0.74,0.75,0,0
BIK_PB,D,20191119,000000,0.75,0.75,0.75,0.75,0,0
BIK_PB,D,20191120,000000,0.78,0.78,0.75,0.78,0,0
BIK_PB,D,20191121,000000,0.77,0.77,0.72,0.72,0,0
BIK_PB,D,20191122,000000,0.74,0.74,0.74,0.74,0,0
BIK_PB,D,20191125,000000,0.76,0.76,0.74,0.74,0,0
BIK_PB,D,20191126,000000,0.74,0.74,0.74,0.74,0,0
BIK_PB,D,20191127,000000,0.74,0.74,0.74,0.74,0,0
BIK_PB,D,20191128,000000,0.74,0.74,0.74,0.74,0,0
BIK_PB,D,20191129,000000,0.74,0.74,0.74,0.74,0,0
BIK_PB,D,20191202,000000,0.74,0.74,0.74,0.74,0,0
BIK_PB,D,20191203,000000,0.74,0.74,0.73,0.74,0,0
BIK_PB,D,20191204,000000,0.74,0.74,0.71,0.74,0,0
BIK_PB,D,20191205,000000,0.74,0.74,0.74,0.74,0,0
BIK_PB,D,20191206,000000,0.74,0.74,0.74,0.74,0,0
BIK_PB,D,20191209,000000,0.74,0.74,0.74,0.74,0,0
BIK_PB,D,20191210,000000,0.74,0.74,0.74,0.74,0,0
BIK_PB,D,20191211,000000,0.74,0.74,0.71,0.72,0,0
BIK_PB,D,20191212,000000,0.74,0.74,0.68,0.7,0,0
BIK_PB,D,20191213,000000,0.72,0.72,0.7,0.7,0,0
BIK_PB,D,20191217,000000,0.72,0.72,0.72,0.72,0,0
BIK_PB,D,20191218,000000,0.72,0.72,0.7,0.7,0,0
BIK_PB,D,20191219,000000,0.71,0.71,0.71,0.71,0,0
BIK_PB,D,20191220,000000,0.7,0.7,0.69,0.7,0,0
BIK_PB,D,20191223,000000,0.71,0.71,0.67,0.7,0,0
BIK_PB,D,20191227,000000,0.7,0.7,0.7,0.7,0,0
BIK_PB,D,20191230,000000,0.7,0.7,0.69,0.7,0,0
BIK_PB,D,20200103,000000,0.7,0.7,0.69,0.69,0,0
BIK_PB,D,20200107,000000,0.7,0.7,0.68,0.69,0,0
BIK_PB,D,20200108,000000,0.69,0.69,0.66,0.69,0,0
BIK_PB,D,20200109,000000,0.67,0.67,0.66,0.67,0,0
BIK_PB,D,20200110,000000,0.67,0.67,0.67,0.67,0,0
BIK_PB,D,20200113,000000,0.67,0.67,0.67,0.67,0,0
BIK_PB,D,20200114,000000,0.67,0.67,0.67,0.67,0,0
BIK_PB,D,20200115,000000,0.67,0.67,0.63,0.64,0,0
BIK_PB,D,20200116,000000,0.64,0.65,0.64,0.65,0,0
BIK_PB,D,20200117,000000,0.64,0.64,0.62,0.64,0,0
BIK_PB,D,20200120,000000,0.66,0.66,0.64,0.64,0,0
BIK_PB,D,20200121,000000,0.64,0.66,0.64,0.66,0,0
BIK_PB,D,20200122,000000,0.66,0.66,0.66,0.66,0,0
BIK_PB,D,20200123,000000,0.66,0.66,0.66,0.66,0,0
BIK_PB,D,20200124,000000,0.66,0.66,0.66,0.66,0,0
BIK_PB,D,20200127,000000,0.66,0.71,0.65,0.71,0,0
BIK_PB,D,20200128,000000,0.71,0.71,0.67,0.71,0,0
BIK_PB,D,20200129,000000,0.7,0.7,0.7,0.7,0,0
BIK_PB,D,20200130,000000,0.7,0.7,0.7,0.7,0,0
BIK_PB,D,20200131,000000,0.7,0.7,0.69,0.69,0,0
BIK_PB,D,20200203,000000,0.69,0.69,0.68,0.69,0,0
BIK_PB,D,20200204,000000,0.69,0.7,0.69,0.7,0,0
BIK_PB,D,20200205,000000,0.7,0.7,0.7,0.7,0,0
BIK_PB,D,20200206,000000,0.7,0.72,0.7,0.7,0,0
BIK_PB,D,20200207,000000,0.7,0.7,0.69,0.69,0,0
BIK_PB,D,20200210,000000,0.69,0.69,0.67,0.69,0,0
BIK_PB,D,20200211,000000,0.69,0.69,0.68,0.69,0,0
BIK_PB,D,20200212,000000,0.69,0.69,0.67,0.69,0,0
BIK_PB,D,20200213,000000,0.72,0.72,0.66,0.66,0,0
BIK_PB,D,20200214,000000,0.66,0.69,0.66,0.69,0,0
BIK_PB,D,20200217,000000,0.72,0.72,0.69,0.7,0,0
BIK_PB,D,20200218,000000,0.69,0.7,0.69,0.7,0,0
BIK_PB,D,20200219,000000,0.72,0.72,0.72,0.72,0,0
BIK_PB,D,20200220,000000,0.72,0.72,0.71,0.71,0,0
BIK_PB,D,20200221,000000,0.7,0.7,0.68,0.68,0,0
BIK_PB,D,20200224,000000,0.7,0.7,0.7,0.7,0,0
BIK_PB,D,20200225,000000,0.7,0.7,0.68,0.7,0,0
BIK_PB,D,20200226,000000,0.7,0.7,0.68,0.68,0,0
BIK_PB,D,20200227,000000,0.68,0.68,0.68,0.68,0,0
BIK_PB,D,20200228,000000,0.68,0.68,0.65,0.65,0,0
BIK_PB,D,20200302,000000,0.68,0.68,0.68,0.68,0,0
BIK_PB,D,20200303,000000,0.68,0.68,0.68,0.68,0,0
BIK_PB,D,20200304,000000,0.68,0.68,0.68,0.68,0,0
BIK_PB,D,20200305,000000,0.68,0.68,0.65,0.65,0,0
BIK_PB,D,20200306,000000,0.65,0.65,0.63,0.63,0,0
BIK_PB,D,20200309,000000,0.63,0.63,0.58,0.58,0,0
BIK_PB,D,20200310,000000,0.6,0.63,0.6,0.63,0,0
BIK_PB,D,20200311,000000,0.63,0.63,0.58,0.6,0,0
BIK_PB,D,20200312,000000,0.6,0.6,0.6,0.6,0,0
BIK_PB,D,20200313,000000,0.58,0.6,0.58,0.6,0,0
BIK_PB,D,20200316,000000,0.61,0.61,0.58,0.58,0,0
BIK_PB,D,20200317,000000,0.58,0.58,0.58,0.58,0,0
BIK_PB,D,20200318,000000,0.6,0.6,0.6,0.6,0,0
BIK_PB,D,20200319,000000,0.6,0.6,0.6,0.6,0,0
BIK_PB,D,20200320,000000,0.6,0.6,0.59,0.59,0,0
BIK_PB,D,20200323,000000,0.58,0.58,0.58,0.58,0,0
BIK_PB,D,20200324,000000,0.59,0.59,0.59,0.59,0,0
BIK_PB,D,20200325,000000,0.59,0.59,0.59,0.59,0,0
BIK_PB,D,20200326,000000,0.58,0.58,0.58,0.58,0,0
BIK_PB,D,20200327,000000,0.58,0.58,0.58,0.58,0,0
BIK_PB,D,20200330,000000,0.58,0.58,0.58,0.58,0,0
BIK_PB,D,20200331,000000,0.58,0.58,0.58,0.58,0,0
BIK_PB,D,20200401,000000,0.58,0.58,0.58,0.58,0,0
BIK_PB,D,20200402,000000,0.58,0.59,0.56,0.59,0,0
BIK_PB,D,20200406,000000,0.59,0.59,0.57,0.57,0,0
BIK_PB,D,20200407,000000,0.6,0.6,0.6,0.6,0,0
BIK_PB,D,20200408,000000,0.59,0.59,0.59,0.59,0,0
BIK_PB,D,20200409,000000,0.58,0.58,0.58,0.58,0,0
BIK_PB,D,20200414,000000,0.61,0.61,0.61,0.61,0,0
BIK_PB,D,20200415,000000,0.61,0.61,0.61,0.61,0,0
BIK_PB,D,20200416,000000,0.61,0.61,0.59,0.59,0,0
BIK_PB,D,20200417,000000,0.61,0.61,0.59,0.59,0,0
BIK_PB,D,20200420,000000,0.61,0.61,0.58,0.58,0,0
BIK_PB,D,20200421,000000,0.58,0.58,0.56,0.56,0,0
BIK_PB,D,20200422,000000,0.56,0.56,0.56,0.56,0,0
BIK_PB,D,20200423,000000,0.55,0.58,0.55,0.58,0,0
BIK_PB,D,20200424,000000,0.59,0.59,0.59,0.59,0,0
BIK_PB,D,20200427,000000,0.59,0.59,0.58,0.58,0,0
BIK_PB,D,20200428,000000,0.56,0.59,0.56,0.59,0,0
BIK_PB,D,20200429,000000,0.59,0.59,0.56,0.56,0,0
BIK_PB,D,20200430,000000,0.58,0.58,0.56,0.56,0,0
BIK_PB,D,20200504,000000,0.58,0.58,0.58,0.58,0,0
BIK_PB,D,20200505,000000,0.58,0.58,0.56,0.56,0,0
BIK_PB,D,20200506,000000,0.59,0.59,0.57,0.57,0,0
BIK_PB,D,20200507,000000,0.59,0.59,0.59,0.59,0,0
BIK_PB,D,20200508,000000,0.57,0.57,0.57,0.57,0,0
BIK_PB,D,20200511,000000,0.58,0.58,0.58,0.58,0,0
BIK_PB,D,20200512,000000,0.55,0.57,0.55,0.57,0,0
BIK_PB,D,20200513,000000,0.59,0.59,0.57,0.59,0,0
BIK_PB,D,20200514,000000,0.59,0.62,0.59,0.62,0,0
BIK_PB,D,20200515,000000,0.62,0.62,0.59,0.61,0,0
BIK_PB,D,20200518,000000,0.62,0.62,0.62,0.62,0,0
BIK_PB,D,20200519,000000,0.62,0.62,0.62,0.62,0,0
BIK_PB,D,20200520,000000,0.61,0.61,0.61,0.61,0,0
BIK_PB,D,20200521,000000,0.61,0.62,0.59,0.62,0,0
BIK_PB,D,20200522,000000,0.64,0.64,0.61,0.61,0,0
BIK_PB,D,20200525,000000,0.63,0.63,0.63,0.63,0,0
BIK_PB,D,20200526,000000,0.63,0.63,0.6,0.61,0,0
BIK_PB,D,20200527,000000,0.65,0.65,0.61,0.61,0,0
BIK_PB,D,20200528,000000,0.65,0.65,0.65,0.65,0,0
BIK_PB,D,20200529,000000,0.62,0.65,0.61,0.61,0,0
BIK_PB,D,20200601,000000,0.61,0.65,0.6,0.65,0,0
BIK_PB,D,20200602,000000,0.65,0.65,0.62,0.62,0,0
BIK_PB,D,20200603,000000,0.62,0.62,0.62,0.62,0,0
BIK_PB,D,20200604,000000,0.62,0.62,0.62,0.62,0,0
BIK_PB,D,20200605,000000,0.61,0.63,0.61,0.63,0,0
BIK_PB,D,20200608,000000,0.64,0.65,0.63,0.63,0,0
BIK_PB,D,20200609,000000,0.64,0.64,0.61,0.61,0,0
BIK_PB,D,20200610,000000,0.64,0.64,0.64,0.64,0,0
BIK_PB,D,20200612,000000,0.62,0.64,0.59,0.64,0,0
BIK_PB,D,20200615,000000,0.64,0.64,0.62,0.62,0,0
BIK_PB,D,20200616,000000,0.62,0.62,0.62,0.62,0,0
BIK_PB,D,20200617,000000,0.6,0.63,0.6,0.63,0,0
BIK_PB,D,20200618,000000,0.64,0.64,0.63,0.63,0,0
BIK_PB,D,20200619,000000,0.63,0.63,0.63,0.63,0,0
BIK_PB,D,20200622,000000,0.63,0.63,0.61,0.63,0,0
BIK_PB,D,20200623,000000,0.63,0.63,0.63,0.63,0,0
BIK_PB,D,20200624,000000,0.63,0.63,0.61,0.63,0,0
BIK_PB,D,20200625,000000,0.63,0.63,0.62,0.62,0,0
BIK_PB,D,20200626,000000,0.63,0.63,0.63,0.63,0,0
BIK_PB,D,20200629,000000,0.63,0.63,0.63,0.63,0,0
BIK_PB,D,20200630,000000,0.63,0.63,0.63,0.63,0,0
BIK_PB,D,20200701,000000,0.63,0.63,0.63,0.63,0,0
BIK_PB,D,20200702,000000,0.63,0.63,0.63,0.63,0,0
BIK_PB,D,20200703,000000,0.62,0.62,0.62,0.62,0,0
BIK_PB,D,20200706,000000,0.62,0.62,0.62,0.62,0,0
BIK_PB,D,20200707,000000,0.63,0.63,0.61,0.61,0,0
BIK_PB,D,20200708,000000,0.63,0.63,0.6,0.6,0,0
BIK_PB,D,20200709,000000,0.6,0.6,0.58,0.6,0,0
BIK_PB,D,20200710,000000,0.59,0.59,0.59,0.59,0,0
BIK_PB,D,20200713,000000,0.58,0.6,0.55,0.6,0,0
BIK_PB,D,20200714,000000,0.6,0.6,0.6,0.6,0,0
BIK_PB,D,20200715,000000,0.6,0.6,0.58,0.58,0,0
BIK_PB,D,20200716,000000,0.58,0.58,0.55,0.57,0,0
BIK_PB,D,20200717,000000,0.57,0.57,0.57,0.57,0,0
BIK_PB,D,20200720,000000,0.57,0.57,0.55,0.57,0,0
BIK_PB,D,20200721,000000,0.57,0.57,0.57,0.57,0,0
BIK_PB,D,20200722,000000,0.57,0.57,0.55,0.57,0,0
BIK_PB,D,20200723,000000,0.57,0.57,0.57,0.57,0,0
BIK_PB,D,20200724,000000,0.59,0.59,0.59,0.59,0,0
BIK_PB,D,20200727,000000,0.6,0.6,0.55,0.6,0,0
BIK_PB,D,20200728,000000,0.61,0.61,0.61,0.61,0,0
BIK_PB,D,20200729,000000,0.61,0.61,0.61,0.61,0,0
BIK_PB,D,20200730,000000,0.61,0.62,0.57,0.62,0,0
BIK_PB,D,20200731,000000,0.62,0.62,0.57,0.62,0,0
BIK_PB,D,20200803,000000,0.63,0.63,0.6,0.62,0,0
BIK_PB,D,20200804,000000,0.63,0.63,0.59,0.62,0,0
BIK_PB,D,20200805,000000,0.63,0.63,0.62,0.62,0,0
BIK_PB,D,20200806,000000,0.62,0.62,0.62,0.62,0,0
BIK_PB,D,20200807,000000,0.62,0.62,0.62,0.62,0,0
BIK_PB,D,20200810,000000,0.63,0.63,0.63,0.63,0,0
BIK_PB,D,20200811,000000,0.63,0.63,0.63,0.63,0,0
BIK_PB,D,20200812,000000,0.62,0.62,0.62,0.62,0,0
BIK_PB,D,20200813,000000,0.62,0.62,0.62,0.62,0,0
BIK_PB,D,20200814,000000,0.62,0.62,0.61,0.61,0,0
BIK_PB,D,20200817,000000,0.61,0.62,0.61,0.62,0,0
BIK_PB,D,20200818,000000,0.62,0.62,0.59,0.59,0,0
BIK_PB,D,20200819,000000,0.62,0.62,0.62,0.62,0,0
BIK_PB,D,20200820,000000,0.62,0.62,0.62,0.62,0,0
BIK_PB,D,20200821,000000,0.62,0.62,0.62,0.62,0,0
BIK_PB,D,20200824,000000,0.62,0.62,0.62,0.62,0,0
BIK_PB,D,20200825,000000,0.62,0.62,0.62,0.62,0,0
BIK_PB,D,20200826,000000,0.62,0.62,0.62,0.62,0,0
BIK_PB,D,20200827,000000,0.62,0.62,0.62,0.62,0,0
BIK_PB,D,20200828,000000,0.61,0.61,0.61,0.61,0,0
BIK_PB,D,20200831,000000,0.61,0.61,0.61,0.61,0,0
BIK_PB,D,20200901,000000,0.61,0.61,0.61,0.61,0,0
BIK_PB,D,20200902,000000,0.61,0.62,0.6,0.6,0,0
BIK_PB,D,20200903,000000,0.61,0.61,0.61,0.61,0,0
BIK_PB,D,20200904,000000,0.61,0.61,0.59,0.59,0,0
BIK_PB,D,20200907,000000,0.61,0.61,0.55,0.57,0,0
BIK_PB,D,20200908,000000,0.57,0.6,0.57,0.6,0,0
BIK_PB,D,20200909,000000,0.61,0.61,0.57,0.57,0,0
BIK_PB,D,20200910,000000,0.57,0.59,0.57,0.59,0,0
BIK_PB,D,20200911,000000,0.61,0.61,0.59,0.59,0,0
BIK_PB,D,20200914,000000,0.61,0.61,0.58,0.61,0,0
BIK_PB,D,20200915,000000,0.62,0.62,0.58,0.58,0,0
BIK_PB,D,20200916,000000,0.57,0.61,0.57,0.61,0,0
BIK_PB,D,20200917,000000,0.62,0.63,0.62,0.63,0,0
BIK_PB,D,20200918,000000,0.63,0.63,0.63,0.63,0,0
BIK_PB,D,20200921,000000,0.63,0.63,0.6,0.6,0,0
BIK_PB,D,20200922,000000,0.62,0.62,0.6,0.6,0,0
BIK_PB,D,20200923,000000,0.62,0.64,0.59,0.59,0,0
BIK_PB,D,20200924,000000,0.59,0.59,0.58,0.58,0,0
BIK_PB,D,20200925,000000,0.6,0.6,0.58,0.58,0,0
BIK_PB,D,20200928,000000,0.58,0.6,0.58,0.58,0,0
BIK_PB,D,20200929,000000,0.61,0.61,0.61,0.61,0,0
BIK_PB,D,20200930,000000,0.6,0.63,0.6,0.63,0,0
BIK_PB,D,20201001,000000,0.65,0.65,0.62,0.62,0,0
BIK_PB,D,20201002,000000,0.67,0.67,0.6,0.6,0,0
BIK_PB,D,20201005,000000,0.6,0.6,0.6,0.6,0,0
BIK_PB,D,20201007,000000,0.6,0.6,0.58,0.58,0,0
BIK_PB,D,20201008,000000,0.58,0.58,0.58,0.58,0,0
BIK_PB,D,20201009,000000,0.62,0.62,0.62,0.62,0,0
BIK_PB,D,20201012,000000,0.58,0.64,0.58,0.64,0,0
BIK_PB,D,20201013,000000,0.65,0.65,0.65,0.65,0,0
BIK_PB,D,20201014,000000,0.65,0.65,0.59,0.65,0,0
BIK_PB,D,20201015,000000,0.66,0.66,0.66,0.66,0,0
