<TICKER>,<PER>,<DATE>,<TIME>,<OPEN>,<HIGH>,<LOW>,<CLOSE>,<VOL>,<OPENINT>
CLE_PB,D,20110805,000000,1827.24,2057.64,1720.07,2056.57,0,0
CLE_PB,D,20110808,000000,1880.83,1977.29,1880.83,1912.98,0,0
CLE_PB,D,20110809,000000,1784.38,1859.38,1784.38,1821.88,0,0
CLE_PB,D,20110810,000000,1782.21,1927.98,1752.21,1757.57,0,0
CLE_PB,D,20110811,000000,1746.86,1804.74,1633.26,1666.48,0,0
CLE_PB,D,20110812,000000,1746.86,1746.86,1575.38,1607.55,0,0
CLE_PB,D,20110816,000000,1687.93,1768.29,1634.33,1741.5,0,0
CLE_PB,D,20110817,000000,1795.1,1831.52,1741.5,1831.52,0,0
CLE_PB,D,20110818,000000,1822.95,1822.95,1736.14,1765.07,0,0
CLE_PB,D,20110819,000000,1714.71,1810.1,1714.71,1810.1,0,0
CLE_PB,D,20110822,000000,1810.1,1917.26,1810.1,1917.26,0,0
CLE_PB,D,20110823,000000,1929.05,2057.64,1929.05,2036.21,0,0
CLE_PB,D,20110824,000000,2089.81,2089.81,2036.21,2089.81,0,0
CLE_PB,D,20110825,000000,2111.24,2143.38,2111.24,2111.24,0,0
CLE_PB,D,20110826,000000,2041.57,2138.02,2041.57,2138.02,0,0
CLE_PB,D,20110829,000000,2143.38,2234.48,2138.02,2234.48,0,0
CLE_PB,D,20110830,000000,2229.12,2285.93,2229.12,2266.64,0,0
CLE_PB,D,20110831,000000,2356.64,2356.64,2266.64,2282.71,0,0
CLE_PB,D,20110901,000000,2281.64,2282.71,2229.12,2229.12,0,0
CLE_PB,D,20110902,000000,2111.24,2191.62,2111.24,2143.38,0,0
CLE_PB,D,20110905,000000,2132.67,2143.38,2058.71,2116.6,0,0
CLE_PB,D,20110906,000000,2057.64,2186.26,2057.64,2143.38,0,0
CLE_PB,D,20110907,000000,2191.62,2191.62,2128.38,2159.45,0,0
CLE_PB,D,20110908,000000,2159.45,2159.45,2063,2121.95,0,0
CLE_PB,D,20110909,000000,2116.6,2116.6,2064.07,2111.24,0,0
CLE_PB,D,20110912,000000,2104.81,2104.81,2014.79,2082.31,0,0
CLE_PB,D,20110913,000000,2116.6,2116.6,2116.6,2116.6,0,0
CLE_PB,D,20110914,000000,2109.1,2154.1,2109.1,2143.38,0,0
CLE_PB,D,20110915,000000,2298.79,2325.57,2250.55,2272,0,0
CLE_PB,D,20110916,000000,2309.5,2352.36,2272,2345.93,0,0
CLE_PB,D,20110919,000000,2352.36,2352.36,2288.07,2293.43,0,0
CLE_PB,D,20110920,000000,2293.43,2352.36,2293.43,2352.36,0,0
CLE_PB,D,20110921,000000,2333.07,2432.74,2333.07,2432.74,0,0
CLE_PB,D,20110922,000000,2422.02,2422.02,2250.55,2293.43,0,0
CLE_PB,D,20110923,000000,2250.55,2320.21,2250.55,2320.21,0,0
CLE_PB,D,20110926,000000,2306.29,2411.31,2306.29,2357.71,0,0
CLE_PB,D,20110927,000000,2431.67,2463.83,2357.71,2448.81,0,0
CLE_PB,D,20110928,000000,2400.6,2589.21,2400.6,2588.14,0,0
CLE_PB,D,20110929,000000,2606.36,2783.19,2443.45,2518.48,0,0
CLE_PB,D,20110930,000000,2518.48,2588.14,2444.52,2564.57,0,0
CLE_PB,D,20111003,000000,2504.55,2572.07,2504.55,2560.29,0,0
CLE_PB,D,20111004,000000,2539.9,2539.9,2384.52,2411.31,0,0
CLE_PB,D,20111005,000000,2363.1,2518.48,2293.43,2480.98,0,0
CLE_PB,D,20111006,000000,2545.26,2545.26,2480.98,2543.12,0,0
CLE_PB,D,20111007,000000,2545.26,2614.93,2539.9,2598.86,0,0
CLE_PB,D,20111010,000000,2625.64,2647.07,2573.14,2640.64,0,0
CLE_PB,D,20111011,000000,2631,2673.88,2631,2652.45,0,0
CLE_PB,D,20111012,000000,2679.24,2695.31,2679.24,2695.31,0,0
CLE_PB,D,20111013,000000,2679.24,2700.67,2674.95,2679.24,0,0
CLE_PB,D,20111014,000000,2679.24,2689.95,2679.24,2689.95,0,0
CLE_PB,D,20111017,000000,2689.95,2689.95,2572.07,2613.86,0,0
CLE_PB,D,20111018,000000,2552.76,2679.24,2534.55,2582.79,0,0
CLE_PB,D,20111019,000000,2625.64,2625.64,2485.26,2491.69,0,0
CLE_PB,D,20111020,000000,2454.17,2491.69,2371.67,2425.24,0,0
CLE_PB,D,20111021,000000,2454.17,2545.26,2454.17,2545.26,0,0
CLE_PB,D,20111024,000000,2623.5,2623.5,2475.62,2572.07,0,0
CLE_PB,D,20111025,000000,2572.07,2577.43,2572.07,2577.43,0,0
CLE_PB,D,20111026,000000,2572.07,2582.79,2519.55,2582.79,0,0
CLE_PB,D,20111027,000000,2604.21,2620.29,2518.48,2620.29,0,0
CLE_PB,D,20111028,000000,2647.07,2647.07,2572.07,2572.07,0,0
CLE_PB,D,20111031,000000,2572.07,2596.71,2571,2596.71,0,0
CLE_PB,D,20111102,000000,2470.26,2595.64,2470.26,2595.64,0,0
CLE_PB,D,20111103,000000,2704.95,2704.95,2668.52,2668.52,0,0
CLE_PB,D,20111104,000000,2647.07,2647.07,2572.07,2640.64,0,0
CLE_PB,D,20111107,000000,2551.69,2625.64,2551.69,2598.86,0,0
CLE_PB,D,20111108,000000,2604.21,2604.21,2572.07,2572.07,0,0
CLE_PB,D,20111109,000000,2572.07,2593.5,2572.07,2593.5,0,0
CLE_PB,D,20111110,000000,2582.79,2582.79,2561.36,2572.07,0,0
CLE_PB,D,20111114,000000,2572.07,2604.21,2572.07,2593.5,0,0
CLE_PB,D,20111115,000000,2593.5,2593.5,53.45,53.45,0,0
CLE_PB,D,20111116,000000,53.45,53.45,52.03,52.27,0,0
CLE_PB,D,20111117,000000,53.45,53.45,50.56,50.56,0,0
CLE_PB,D,20111118,000000,50.04,52.12,50.04,52.12,0,0
CLE_PB,D,20111121,000000,52.12,52.12,50.13,50.98,0,0
CLE_PB,D,20111122,000000,50.11,51.45,50.11,51.45,0,0
CLE_PB,D,20111123,000000,51.78,51.78,49.55,50.09,0,0
CLE_PB,D,20111124,000000,50.11,50.22,48.55,49.67,0,0
CLE_PB,D,20111125,000000,51.23,51.23,3.22,3.22,0,0
CLE_PB,D,20111128,000000,3.32,3.32,3.18,3.27,0,0
CLE_PB,D,20111129,000000,3.29,3.29,3.18,3.18,0,0
CLE_PB,D,20111130,000000,3.26,3.29,3.26,3.29,0,0
CLE_PB,D,20111201,000000,3.33,3.33,3.29,3.29,0,0
CLE_PB,D,20111202,000000,3.33,3.33,3.33,3.33,0,0
CLE_PB,D,20111205,000000,3.33,3.33,3.23,3.26,0,0
CLE_PB,D,20111206,000000,3.29,3.29,3.29,3.29,0,0
CLE_PB,D,20111207,000000,3.29,3.29,3.23,3.29,0,0
CLE_PB,D,20111208,000000,3.23,3.25,3.23,3.25,0,0
CLE_PB,D,20111209,000000,3.26,3.26,3.11,3.15,0,0
CLE_PB,D,20111212,000000,3.15,3.15,3.15,3.15,0,0
CLE_PB,D,20111213,000000,3.14,3.26,3.14,3.26,0,0
CLE_PB,D,20111214,000000,3.26,3.26,3.07,3.18,0,0
CLE_PB,D,20111215,000000,3.16,3.18,3.16,3.17,0,0
CLE_PB,D,20111216,000000,3.08,3.23,3.08,3.17,0,0
CLE_PB,D,20111219,000000,3.17,3.17,3.17,3.17,0,0
CLE_PB,D,20111220,000000,3.23,3.23,3.07,3.11,0,0
CLE_PB,D,20111221,000000,3.11,3.11,3.04,3.11,0,0
CLE_PB,D,20111222,000000,3.11,3.11,3.07,3.07,0,0
CLE_PB,D,20111223,000000,3.11,3.11,3.02,3.11,0,0
CLE_PB,D,20111227,000000,3.23,3.23,3.11,3.14,0,0
CLE_PB,D,20111228,000000,3.15,3.18,3.07,3.07,0,0
CLE_PB,D,20111229,000000,3.23,3.23,3.15,3.17,0,0
CLE_PB,D,20111230,000000,3.11,3.23,3.11,3.18,0,0
CLE_PB,D,20120102,000000,3.23,3.26,3.23,3.26,0,0
CLE_PB,D,20120103,000000,3.28,3.28,3.28,3.28,0,0
CLE_PB,D,20120104,000000,3.26,3.26,3.26,3.26,0,0
CLE_PB,D,20120105,000000,3.26,3.26,3.25,3.25,0,0
CLE_PB,D,20120109,000000,3.28,3.28,3.11,3.11,0,0
CLE_PB,D,20120110,000000,3.15,3.26,3.15,3.26,0,0
CLE_PB,D,20120111,000000,3.26,3.32,3.26,3.32,0,0
CLE_PB,D,20120112,000000,3.18,3.27,3.18,3.27,0,0
CLE_PB,D,20120113,000000,3.29,3.29,3.29,3.29,0,0
CLE_PB,D,20120116,000000,3.32,3.32,3.16,3.16,0,0
CLE_PB,D,20120117,000000,3.29,3.29,3.17,3.22,0,0
CLE_PB,D,20120118,000000,3.22,3.22,3.22,3.22,0,0
CLE_PB,D,20120119,000000,3.16,3.2,3.14,3.2,0,0
CLE_PB,D,20120120,000000,3.18,3.18,3.18,3.18,0,0
CLE_PB,D,20120123,000000,3.22,3.22,3.13,3.17,0,0
CLE_PB,D,20120124,000000,3.22,3.22,3.07,3.12,0,0
CLE_PB,D,20120125,000000,3.18,3.18,3.07,3.11,0,0
CLE_PB,D,20120126,000000,3.1,3.18,3.1,3.11,0,0
CLE_PB,D,20120127,000000,3.21,3.21,3.18,3.18,0,0
CLE_PB,D,20120130,000000,3.18,3.18,3.18,3.18,0,0
CLE_PB,D,20120131,000000,3.11,3.29,3.11,3.29,0,0
CLE_PB,D,20120201,000000,3.29,3.4,3.2,3.4,0,0
CLE_PB,D,20120202,000000,3.47,3.57,3.46,3.57,0,0
CLE_PB,D,20120203,000000,3.55,3.66,3.55,3.64,0,0
CLE_PB,D,20120206,000000,3.6,3.66,3.6,3.6,0,0
CLE_PB,D,20120207,000000,3.54,3.66,3.54,3.59,0,0
CLE_PB,D,20120208,000000,3.66,3.71,3.66,3.7,0,0
CLE_PB,D,20120209,000000,3.74,3.75,3.66,3.66,0,0
CLE_PB,D,20120210,000000,3.7,3.7,3.55,3.63,0,0
CLE_PB,D,20120213,000000,3.68,3.68,3.51,3.61,0,0
CLE_PB,D,20120214,000000,3.7,3.7,3.55,3.55,0,0
CLE_PB,D,20120215,000000,3.52,3.69,3.52,3.69,0,0
CLE_PB,D,20120216,000000,3.69,3.7,3.55,3.7,0,0
CLE_PB,D,20120217,000000,3.7,3.97,3.7,3.92,0,0
CLE_PB,D,20120220,000000,3.92,4.29,3.92,4.07,0,0
CLE_PB,D,20120221,000000,4.26,4.26,3.95,4,0,0
CLE_PB,D,20120222,000000,3.98,4,3.85,3.92,0,0
CLE_PB,D,20120223,000000,3.92,3.92,3.66,3.84,0,0
CLE_PB,D,20120224,000000,3.78,3.86,3.78,3.86,0,0
CLE_PB,D,20120227,000000,3.86,3.86,3.76,3.83,0,0
CLE_PB,D,20120228,000000,3.83,3.83,3.74,3.77,0,0
CLE_PB,D,20120229,000000,3.73,3.91,3.73,3.91,0,0
CLE_PB,D,20120301,000000,3.92,3.92,3.76,3.8,0,0
CLE_PB,D,20120302,000000,3.84,3.87,3.77,3.87,0,0
CLE_PB,D,20120305,000000,3.87,3.89,3.87,3.89,0,0
CLE_PB,D,20120306,000000,3.77,3.77,3.21,3.21,0,0
CLE_PB,D,20120308,000000,3.12,3.4,3.12,3.36,0,0
CLE_PB,D,20120309,000000,3.36,3.36,3.29,3.36,0,0
CLE_PB,D,20120312,000000,3.36,3.47,3.33,3.42,0,0
CLE_PB,D,20120313,000000,3.48,3.6,3.48,3.55,0,0
CLE_PB,D,20120314,000000,3.55,3.58,3.51,3.54,0,0
CLE_PB,D,20120315,000000,3.47,3.52,3.43,3.52,0,0
CLE_PB,D,20120316,000000,3.54,3.54,3.42,3.46,0,0
CLE_PB,D,20120319,000000,3.46,3.46,3.43,3.43,0,0
CLE_PB,D,20120320,000000,3.43,3.43,3.31,3.39,0,0
CLE_PB,D,20120321,000000,3.39,3.39,3.34,3.39,0,0
CLE_PB,D,20120322,000000,3.39,3.39,3.27,3.33,0,0
CLE_PB,D,20120323,000000,3.33,3.33,3.18,3.24,0,0
CLE_PB,D,20120326,000000,3.24,3.3,3.24,3.3,0,0
CLE_PB,D,20120327,000000,3.29,3.39,3.29,3.36,0,0
CLE_PB,D,20120328,000000,3.36,3.36,3.27,3.36,0,0
CLE_PB,D,20120329,000000,3.36,3.36,3.23,3.28,0,0
CLE_PB,D,20120330,000000,3.36,3.36,3.27,3.27,0,0
CLE_PB,D,20120402,000000,3.21,3.27,3.2,3.26,0,0
CLE_PB,D,20120403,000000,3.22,3.26,3.18,3.18,0,0
CLE_PB,D,20120404,000000,3.03,3.24,3.03,3.24,0,0
CLE_PB,D,20120405,000000,3.27,3.27,3.18,3.23,0,0
CLE_PB,D,20120410,000000,3.29,3.29,3.21,3.21,0,0
CLE_PB,D,20120411,000000,3.24,3.29,3.21,3.29,0,0
CLE_PB,D,20120412,000000,3.29,3.29,3.21,3.26,0,0
CLE_PB,D,20120413,000000,3.27,3.27,3.27,3.27,0,0
CLE_PB,D,20120416,000000,3.27,3.27,3.25,3.25,0,0
CLE_PB,D,20120417,000000,3.21,3.29,3.21,3.21,0,0
CLE_PB,D,20120418,000000,3.24,3.27,3.24,3.27,0,0
CLE_PB,D,20120419,000000,3.24,3.27,3.21,3.24,0,0
CLE_PB,D,20120420,000000,3.21,3.24,3.21,3.24,0,0
CLE_PB,D,20120423,000000,3.15,3.18,3.15,3.15,0,0
CLE_PB,D,20120424,000000,3.02,3.15,3.02,3.15,0,0
CLE_PB,D,20120425,000000,3.11,3.11,3.1,3.1,0,0
CLE_PB,D,20120426,000000,3.11,3.11,3.11,3.11,0,0
CLE_PB,D,20120427,000000,3.21,3.21,3.11,3.11,0,0
CLE_PB,D,20120430,000000,3.11,3.11,3.02,3.07,0,0
CLE_PB,D,20120502,000000,3.01,3.01,3,3,0,0
CLE_PB,D,20120504,000000,3,3.1,3,3.1,0,0
CLE_PB,D,20120507,000000,3.06,3.06,3.05,3.05,0,0
CLE_PB,D,20120508,000000,3.02,3.02,2.95,2.96,0,0
CLE_PB,D,20120509,000000,2.87,2.87,2.74,2.83,0,0
CLE_PB,D,20120510,000000,2.77,2.82,2.74,2.81,0,0
CLE_PB,D,20120514,000000,2.85,2.85,2.63,2.63,0,0
CLE_PB,D,20120515,000000,2.62,2.62,2.39,2.39,0,0
CLE_PB,D,20120516,000000,2.42,2.42,2.24,2.36,0,0
CLE_PB,D,20120517,000000,2.22,2.3,2.15,2.18,0,0
CLE_PB,D,20120518,000000,2.12,2.24,2.12,2.24,0,0
CLE_PB,D,20120521,000000,2.23,2.42,2.23,2.32,0,0
CLE_PB,D,20120522,000000,2.37,2.45,2.3,2.37,0,0
CLE_PB,D,20120523,000000,2.39,2.39,2.35,2.35,0,0
CLE_PB,D,20120524,000000,2.35,2.35,2.28,2.28,0,0
CLE_PB,D,20120525,000000,2.3,2.45,2.28,2.45,0,0
CLE_PB,D,20120528,000000,2.5,2.5,2.45,2.46,0,0
CLE_PB,D,20120529,000000,2.45,2.45,2.41,2.45,0,0
CLE_PB,D,20120530,000000,2.51,2.51,2.42,2.42,0,0
CLE_PB,D,20120531,000000,2.42,2.49,2.42,2.44,0,0
CLE_PB,D,20120601,000000,2.44,2.44,2.32,2.32,0,0
CLE_PB,D,20120604,000000,2.39,2.39,2.26,2.26,0,0
CLE_PB,D,20120605,000000,2.16,2.26,2.06,2.13,0,0
CLE_PB,D,20120606,000000,2.07,2.13,1.98,2.13,0,0
CLE_PB,D,20120608,000000,2.1,2.13,2.1,2.13,0,0
CLE_PB,D,20120611,000000,2.13,2.28,2.13,2.28,0,0
CLE_PB,D,20120612,000000,2.28,2.38,2.28,2.38,0,0
CLE_PB,D,20120613,000000,2.39,2.49,2.39,2.4,0,0
CLE_PB,D,20120614,000000,2.37,2.4,2.37,2.38,0,0
CLE_PB,D,20120615,000000,2.46,2.46,2.36,2.38,0,0
CLE_PB,D,20120618,000000,2.61,2.61,2.23,2.36,0,0
CLE_PB,D,20120619,000000,2.38,2.39,2.36,2.39,0,0
CLE_PB,D,20120620,000000,2.42,2.42,2.38,2.42,0,0
CLE_PB,D,20120621,000000,2.4,2.4,2.35,2.35,0,0
CLE_PB,D,20120622,000000,2.35,2.36,2.27,2.29,0,0
CLE_PB,D,20120625,000000,2.29,2.29,2.26,2.26,0,0
CLE_PB,D,20120626,000000,2.29,2.29,2.21,2.21,0,0
CLE_PB,D,20120627,000000,2.26,2.26,2.11,2.18,0,0
CLE_PB,D,20120628,000000,2.18,2.18,2.1,2.1,0,0
CLE_PB,D,20120629,000000,2.1,2.25,2.1,2.25,0,0
CLE_PB,D,20120702,000000,2.18,2.23,2.1,2.19,0,0
CLE_PB,D,20120703,000000,2.26,2.45,2.19,2.45,0,0
CLE_PB,D,20120704,000000,2.46,2.46,2.36,2.41,0,0
CLE_PB,D,20120705,000000,2.36,2.41,2.29,2.29,0,0
CLE_PB,D,20120706,000000,2.4,2.4,2.26,2.36,0,0
CLE_PB,D,20120709,000000,2.23,2.32,2.23,2.32,0,0
CLE_PB,D,20120710,000000,2.32,2.32,2.23,2.32,0,0
CLE_PB,D,20120711,000000,2.25,2.34,2.25,2.34,0,0
CLE_PB,D,20120712,000000,2.33,2.33,2.25,2.29,0,0
CLE_PB,D,20120713,000000,2.25,2.36,2.25,2.29,0,0
CLE_PB,D,20120716,000000,2.36,2.36,2.25,2.25,0,0
CLE_PB,D,20120717,000000,2.3,2.3,2.25,2.29,0,0
CLE_PB,D,20120718,000000,2.29,2.33,2.29,2.33,0,0
CLE_PB,D,20120719,000000,2.29,2.32,2.29,2.32,0,0
CLE_PB,D,20120720,000000,2.32,2.32,2.32,2.32,0,0
CLE_PB,D,20120723,000000,2.33,2.33,2.33,2.33,0,0
CLE_PB,D,20120724,000000,2.33,2.33,2.33,2.33,0,0
CLE_PB,D,20120725,000000,2.29,2.29,2.25,2.29,0,0
CLE_PB,D,20120726,000000,2.32,2.32,2.29,2.29,0,0
CLE_PB,D,20120727,000000,2.26,2.31,2.26,2.29,0,0
CLE_PB,D,20120731,000000,2.25,2.29,2.23,2.29,0,0
CLE_PB,D,20120801,000000,2.23,2.29,2.22,2.24,0,0
CLE_PB,D,20120802,000000,2.21,2.22,2.1,2.13,0,0
CLE_PB,D,20120803,000000,2.19,2.21,2.15,2.15,0,0
CLE_PB,D,20120806,000000,2.12,2.16,2.1,2.12,0,0
CLE_PB,D,20120807,000000,2.17,2.17,2.16,2.16,0,0
CLE_PB,D,20120808,000000,2.17,2.17,2.07,2.07,0,0
CLE_PB,D,20120809,000000,2.07,2.07,1.96,1.96,0,0
CLE_PB,D,20120810,000000,1.97,1.97,1.92,1.96,0,0
CLE_PB,D,20120813,000000,1.91,1.91,1.88,1.9,0,0
CLE_PB,D,20120814,000000,1.91,1.91,1.86,1.86,0,0
CLE_PB,D,20120816,000000,1.83,1.88,1.81,1.88,0,0
CLE_PB,D,20120817,000000,1.91,1.96,1.88,1.96,0,0
CLE_PB,D,20120820,000000,1.96,2.03,1.96,2.03,0,0
CLE_PB,D,20120821,000000,2.06,2.09,2.03,2.09,0,0
CLE_PB,D,20120822,000000,2.09,2.19,2.09,2.16,0,0
CLE_PB,D,20120823,000000,2.16,2.16,2.15,2.15,0,0
CLE_PB,D,20120824,000000,2.15,2.15,2.1,2.13,0,0
CLE_PB,D,20120827,000000,2.09,2.13,2.09,2.13,0,0
CLE_PB,D,20120828,000000,2.13,2.13,2.1,2.1,0,0
CLE_PB,D,20120829,000000,2.13,2.13,2.13,2.13,0,0
CLE_PB,D,20120830,000000,2.07,2.13,2.03,2.13,0,0
CLE_PB,D,20120831,000000,2.13,2.13,2.06,2.06,0,0
CLE_PB,D,20120903,000000,2.13,2.13,2.11,2.11,0,0
CLE_PB,D,20120904,000000,2.1,2.11,2.1,2.1,0,0
CLE_PB,D,20120905,000000,2.1,2.1,2,2,0,0
CLE_PB,D,20120906,000000,2.08,2.13,2,2.13,0,0
CLE_PB,D,20120907,000000,2.13,2.14,2.13,2.14,0,0
CLE_PB,D,20120910,000000,2.16,2.16,2.14,2.16,0,0
CLE_PB,D,20120911,000000,2.16,2.16,2.15,2.15,0,0
CLE_PB,D,20120912,000000,2.15,2.15,2.13,2.13,0,0
CLE_PB,D,20120913,000000,2.14,2.14,2.06,2.13,0,0
CLE_PB,D,20120914,000000,2.13,2.13,2.1,2.1,0,0
CLE_PB,D,20120917,000000,2.1,2.1,2.06,2.08,0,0
CLE_PB,D,20120918,000000,2.09,2.14,2.06,2.1,0,0
CLE_PB,D,20120919,000000,2.06,2.15,2.06,2.15,0,0
CLE_PB,D,20120920,000000,2.15,2.15,2.13,2.13,0,0
CLE_PB,D,20120921,000000,2.08,2.15,2.08,2.15,0,0
CLE_PB,D,20120924,000000,2.13,2.13,2.12,2.12,0,0
CLE_PB,D,20120925,000000,2.12,2.13,2.12,2.13,0,0
CLE_PB,D,20120926,000000,2.16,2.16,2.1,2.1,0,0
CLE_PB,D,20120927,000000,2.11,2.15,2.11,2.15,0,0
CLE_PB,D,20120928,000000,2.16,2.17,2.15,2.17,0,0
CLE_PB,D,20121001,000000,2.19,2.36,2.19,2.28,0,0
CLE_PB,D,20121002,000000,2.29,2.29,2.25,2.25,0,0
CLE_PB,D,20121003,000000,2.25,2.26,2.25,2.26,0,0
CLE_PB,D,20121004,000000,2.29,2.33,2.26,2.33,0,0
CLE_PB,D,20121005,000000,2.32,2.36,2.26,2.36,0,0
CLE_PB,D,20121008,000000,2.36,2.36,2.29,2.29,0,0
CLE_PB,D,20121009,000000,2.34,2.34,2.17,2.23,0,0
CLE_PB,D,20121010,000000,2.26,2.26,2.1,2.16,0,0
CLE_PB,D,20121011,000000,2.16,2.16,2.12,2.16,0,0
CLE_PB,D,20121012,000000,2.17,2.21,2.11,2.21,0,0
CLE_PB,D,20121015,000000,2.19,2.19,2.17,2.17,0,0
CLE_PB,D,20121016,000000,2.22,2.22,2.12,2.14,0,0
CLE_PB,D,20121017,000000,2.18,2.18,2.11,2.13,0,0
CLE_PB,D,20121018,000000,2.1,2.13,2.06,2.11,0,0
CLE_PB,D,20121019,000000,2.06,2.06,1.85,2,0,0
CLE_PB,D,20121022,000000,2.04,2.05,2,2.03,0,0
CLE_PB,D,20121023,000000,2.04,2.04,1.93,2.03,0,0
CLE_PB,D,20121024,000000,1.95,1.96,1.92,1.93,0,0
CLE_PB,D,20121025,000000,1.94,1.94,1.87,1.94,0,0
CLE_PB,D,20121026,000000,1.93,1.93,1.93,1.93,0,0
CLE_PB,D,20121029,000000,1.94,1.94,1.87,1.9,0,0
CLE_PB,D,20121030,000000,1.92,1.92,1.87,1.9,0,0
CLE_PB,D,20121031,000000,1.9,1.9,1.85,1.86,0,0
CLE_PB,D,20121102,000000,1.89,1.89,1.77,1.79,0,0
CLE_PB,D,20121105,000000,1.79,1.79,1.45,1.45,0,0
CLE_PB,D,20121106,000000,1.44,1.45,1.4,1.4,0,0
CLE_PB,D,20121107,000000,1.38,1.38,1.29,1.35,0,0
CLE_PB,D,20121108,000000,1.33,1.33,1.3,1.33,0,0
CLE_PB,D,20121109,000000,1.35,1.35,1.33,1.33,0,0
CLE_PB,D,20121112,000000,1.34,1.34,1.31,1.34,0,0
CLE_PB,D,20121113,000000,1.35,1.35,1.33,1.33,0,0
CLE_PB,D,20121114,000000,1.3,1.34,1.26,1.26,0,0
CLE_PB,D,20121115,000000,1.23,1.26,1.18,1.23,0,0
CLE_PB,D,20121116,000000,1.23,1.24,1.18,1.24,0,0
CLE_PB,D,20121119,000000,1.24,1.26,1.24,1.26,0,0
CLE_PB,D,20121120,000000,1.26,1.26,1.18,1.2,0,0
CLE_PB,D,20121121,000000,1.2,1.2,1.15,1.18,0,0
CLE_PB,D,20121122,000000,1.15,1.16,1.12,1.16,0,0
CLE_PB,D,20121123,000000,1.15,1.15,1.08,1.1,0,0
CLE_PB,D,20121126,000000,1.1,1.11,1.09,1.11,0,0
CLE_PB,D,20121127,000000,1.11,1.12,1.08,1.12,0,0
CLE_PB,D,20121128,000000,1.12,1.12,1.11,1.12,0,0
CLE_PB,D,20121129,000000,1.12,1.12,1.08,1.12,0,0
CLE_PB,D,20121130,000000,1.11,1.11,1.09,1.1,0,0
CLE_PB,D,20121203,000000,1.11,1.11,1.11,1.11,0,0
CLE_PB,D,20121204,000000,1.11,1.11,1.11,1.11,0,0
CLE_PB,D,20121205,000000,1.11,1.14,1.11,1.13,0,0
CLE_PB,D,20121206,000000,1.14,1.19,1.13,1.16,0,0
CLE_PB,D,20121207,000000,1.22,1.22,1.18,1.19,0,0
CLE_PB,D,20121210,000000,1.22,1.24,1.22,1.24,0,0
CLE_PB,D,20121211,000000,1.24,1.26,1.21,1.23,0,0
CLE_PB,D,20121212,000000,1.25,1.25,1.21,1.23,0,0
CLE_PB,D,20121213,000000,1.24,1.25,1.22,1.25,0,0
CLE_PB,D,20121214,000000,1.26,1.26,1.23,1.24,0,0
CLE_PB,D,20121217,000000,1.24,1.24,1.21,1.23,0,0
CLE_PB,D,20121218,000000,1.24,1.24,1.21,1.22,0,0
CLE_PB,D,20121219,000000,1.22,1.22,1.11,1.15,0,0
CLE_PB,D,20121220,000000,1.17,1.17,1.06,1.06,0,0
CLE_PB,D,20121221,000000,1.05,1.1,1.05,1.1,0,0
CLE_PB,D,20121227,000000,1.1,1.1,1.03,1.05,0,0
CLE_PB,D,20121228,000000,1.05,1.05,1.01,1.03,0,0
CLE_PB,D,20130102,000000,1,1.11,1,1.09,0,0
CLE_PB,D,20130103,000000,1.09,1.17,1.09,1.17,0,0
CLE_PB,D,20130104,000000,1.16,1.23,1.14,1.23,0,0
CLE_PB,D,20130107,000000,1.23,1.3,1.23,1.3,0,0
CLE_PB,D,20130108,000000,1.3,1.3,1.24,1.24,0,0
CLE_PB,D,20130109,000000,1.28,1.28,1.23,1.23,0,0
CLE_PB,D,20130110,000000,1.23,1.25,1.21,1.24,0,0
CLE_PB,D,20130111,000000,1.24,1.25,1.23,1.25,0,0
CLE_PB,D,20130114,000000,1.27,1.27,1.23,1.25,0,0
CLE_PB,D,20130115,000000,1.23,1.23,1.14,1.19,0,0
CLE_PB,D,20130116,000000,1.19,1.19,1.19,1.19,0,0
CLE_PB,D,20130117,000000,1.19,1.2,1.14,1.18,0,0
CLE_PB,D,20130118,000000,1.14,1.21,1.14,1.19,0,0
CLE_PB,D,20130121,000000,1.19,1.19,1.16,1.19,0,0
CLE_PB,D,20130122,000000,1.19,1.21,1.19,1.21,0,0
CLE_PB,D,20130123,000000,1.21,1.22,1.19,1.22,0,0
CLE_PB,D,20130124,000000,1.17,1.23,1.17,1.23,0,0
CLE_PB,D,20130125,000000,1.24,1.24,1.22,1.24,0,0
CLE_PB,D,20130128,000000,1.24,1.24,1.17,1.18,0,0
CLE_PB,D,20130129,000000,1.22,1.3,1.18,1.18,0,0
CLE_PB,D,20130130,000000,1.37,1.38,1.35,1.36,0,0
CLE_PB,D,20130131,000000,1.41,1.46,1.41,1.43,0,0
CLE_PB,D,20130201,000000,1.44,1.53,1.43,1.51,0,0
CLE_PB,D,20130204,000000,1.51,1.53,1.41,1.41,0,0
CLE_PB,D,20130205,000000,1.41,1.44,1.38,1.41,0,0
CLE_PB,D,20130206,000000,1.41,1.41,1.39,1.41,0,0
CLE_PB,D,20130207,000000,1.41,1.41,1.35,1.35,0,0
CLE_PB,D,20130208,000000,1.35,1.41,1.31,1.35,0,0
CLE_PB,D,20130211,000000,1.39,1.42,1.38,1.42,0,0
CLE_PB,D,20130212,000000,1.42,1.42,1.36,1.36,0,0
CLE_PB,D,20130213,000000,1.35,1.41,1.35,1.41,0,0
CLE_PB,D,20130214,000000,1.41,1.43,1.35,1.38,0,0
CLE_PB,D,20130215,000000,1.34,1.35,1.24,1.35,0,0
CLE_PB,D,20130218,000000,1.33,1.33,1.33,1.33,0,0
CLE_PB,D,20130219,000000,1.3,1.3,1.26,1.27,0,0
CLE_PB,D,20130220,000000,1.29,1.29,1.25,1.28,0,0
CLE_PB,D,20130221,000000,1.28,1.28,1.26,1.28,0,0
CLE_PB,D,20130222,000000,1.25,1.28,1.24,1.28,0,0
CLE_PB,D,20130225,000000,1.27,1.27,1.21,1.21,0,0
CLE_PB,D,20130226,000000,1.21,1.21,1.17,1.18,0,0
CLE_PB,D,20130227,000000,1.19,1.19,1.14,1.17,0,0
CLE_PB,D,20130228,000000,1.17,1.17,1.14,1.14,0,0
CLE_PB,D,20130301,000000,1.14,1.14,1.11,1.11,0,0
CLE_PB,D,20130304,000000,1.08,1.1,1.07,1.07,0,0
CLE_PB,D,20130305,000000,1.07,1.09,1.07,1.09,0,0
CLE_PB,D,20130306,000000,1.09,1.09,1.08,1.09,0,0
CLE_PB,D,20130307,000000,1.09,1.09,1.06,1.07,0,0
CLE_PB,D,20130308,000000,1.1,1.11,1.07,1.09,0,0
CLE_PB,D,20130311,000000,1.1,1.1,1.09,1.09,0,0
CLE_PB,D,20130312,000000,1.09,1.09,1.09,1.09,0,0
CLE_PB,D,20130313,000000,1.07,1.08,1.07,1.07,0,0
CLE_PB,D,20130314,000000,1.08,1.08,1.07,1.07,0,0
CLE_PB,D,20130315,000000,1.09,1.14,1.02,1.05,0,0
CLE_PB,D,20130318,000000,1.02,1.03,1.02,1.02,0,0
CLE_PB,D,20130319,000000,1,1,0.84,0.89,0,0
CLE_PB,D,20130320,000000,0.89,0.89,0.83,0.86,0,0
CLE_PB,D,20130321,000000,0.87,0.87,0.84,0.86,0,0
CLE_PB,D,20130322,000000,0.84,0.86,0.83,0.84,0,0
CLE_PB,D,20130325,000000,0.83,0.84,0.81,0.82,0,0
CLE_PB,D,20130326,000000,0.75,0.75,0.64,0.67,0,0
CLE_PB,D,20130327,000000,0.68,0.68,0.67,0.67,0,0
CLE_PB,D,20130328,000000,0.68,0.68,0.68,0.68,0,0
CLE_PB,D,20130402,000000,0.68,0.68,0.65,0.67,0,0
CLE_PB,D,20130403,000000,0.66,0.66,0.65,0.65,0,0
CLE_PB,D,20130404,000000,0.63,0.64,0.62,0.64,0,0
CLE_PB,D,20130405,000000,0.62,0.62,0.58,0.6,0,0
CLE_PB,D,20130408,000000,0.65,0.65,0.62,0.62,0,0
CLE_PB,D,20130409,000000,0.63,0.64,0.63,0.64,0,0
CLE_PB,D,20130410,000000,0.65,0.65,0.59,0.64,0,0
CLE_PB,D,20130411,000000,0.64,0.64,0.61,0.64,0,0
CLE_PB,D,20130412,000000,0.62,0.62,0.56,0.57,0,0
CLE_PB,D,20130415,000000,0.52,0.52,0.51,0.51,0,0
CLE_PB,D,20130417,000000,0.5,0.5,0.43,0.43,0,0
CLE_PB,D,20130418,000000,0.42,0.43,0.38,0.4,0,0
CLE_PB,D,20130419,000000,0.4,0.4,0.39,0.4,0,0
CLE_PB,D,20130422,000000,0.39,0.4,0.34,0.35,0,0
CLE_PB,D,20130423,000000,0.35,0.35,0.29,0.29,0,0
CLE_PB,D,20130424,000000,0.3,0.35,0.29,0.35,0,0
CLE_PB,D,20130425,000000,0.36,0.43,0.33,0.41,0,0
CLE_PB,D,20130426,000000,0.43,0.47,0.41,0.42,0,0
CLE_PB,D,20130429,000000,0.42,0.47,0.41,0.47,0,0
CLE_PB,D,20130430,000000,0.49,0.59,0.47,0.47,0,0
CLE_PB,D,20130502,000000,0.54,0.56,0.51,0.53,0,0
CLE_PB,D,20130506,000000,0.56,0.56,0.53,0.54,0,0
CLE_PB,D,20130507,000000,0.54,0.55,0.53,0.55,0,0
CLE_PB,D,20130508,000000,0.54,0.55,0.53,0.55,0,0
CLE_PB,D,20130509,000000,0.53,0.54,0.52,0.53,0,0
CLE_PB,D,20130510,000000,0.53,0.53,0.51,0.52,0,0
CLE_PB,D,20130513,000000,0.5,0.51,0.46,0.48,0,0
CLE_PB,D,20130514,000000,0.47,0.48,0.47,0.48,0,0
CLE_PB,D,20130515,000000,0.47,0.48,0.47,0.47,0,0
CLE_PB,D,20130516,000000,0.5,0.5,0.48,0.5,0,0
CLE_PB,D,20130517,000000,0.52,0.53,0.5,0.53,0,0
CLE_PB,D,20130520,000000,0.53,0.54,0.53,0.54,0,0
CLE_PB,D,20130521,000000,0.54,0.54,0.52,0.53,0,0
CLE_PB,D,20130522,000000,0.52,0.52,0.48,0.52,0,0
CLE_PB,D,20130523,000000,0.52,0.52,0.48,0.49,0,0
CLE_PB,D,20130524,000000,0.49,0.49,0.47,0.48,0,0
CLE_PB,D,20130527,000000,0.45,0.45,0.44,0.45,0,0
CLE_PB,D,20130528,000000,0.45,0.45,0.41,0.42,0,0
CLE_PB,D,20130529,000000,0.41,0.42,0.37,0.37,0,0
CLE_PB,D,20130531,000000,0.42,0.42,0.39,0.41,0,0
CLE_PB,D,20130603,000000,0.42,0.42,0.41,0.41,0,0
CLE_PB,D,20130604,000000,0.43,0.43,0.4,0.41,0,0
CLE_PB,D,20130605,000000,0.42,0.42,0.38,0.4,0,0
CLE_PB,D,20130606,000000,0.4,0.4,0.39,0.39,0,0
CLE_PB,D,20130607,000000,0.39,0.4,0.37,0.39,0,0
CLE_PB,D,20130610,000000,0.4,0.4,0.37,0.38,0,0
CLE_PB,D,20130611,000000,0.38,0.39,0.37,0.37,0,0
CLE_PB,D,20130612,000000,0.37,0.41,0.37,0.39,0,0
CLE_PB,D,20130613,000000,0.39,0.39,0.38,0.38,0,0
CLE_PB,D,20130614,000000,0.39,0.41,0.39,0.41,0,0
CLE_PB,D,20130617,000000,0.41,0.43,0.41,0.42,0,0
CLE_PB,D,20130618,000000,0.42,0.45,0.41,0.41,0,0
CLE_PB,D,20130619,000000,0.42,0.42,0.4,0.42,0,0
CLE_PB,D,20130620,000000,0.41,0.41,0.37,0.38,0,0
CLE_PB,D,20130621,000000,0.38,0.38,0.35,0.38,0,0
CLE_PB,D,20130624,000000,0.36,0.39,0.36,0.38,0,0
CLE_PB,D,20130625,000000,0.39,0.39,0.37,0.39,0,0
CLE_PB,D,20130626,000000,0.38,0.38,0.34,0.35,0,0
CLE_PB,D,20130627,000000,0.35,0.36,0.33,0.34,0,0
CLE_PB,D,20130628,000000,0.34,0.35,0.3,0.31,0,0
CLE_PB,D,20130701,000000,0.31,0.31,0.3,0.3,0,0
CLE_PB,D,20130702,000000,0.3,0.3,0.26,0.29,0,0
CLE_PB,D,20130703,000000,0.3,0.3,0.26,0.29,0,0
CLE_PB,D,20130704,000000,0.28,0.28,0.27,0.27,0,0
CLE_PB,D,20130705,000000,0.28,0.29,0.27,0.28,0,0
CLE_PB,D,20130708,000000,0.28,0.28,0.27,0.27,0,0
CLE_PB,D,20130709,000000,0.27,0.27,0.27,0.27,0,0
CLE_PB,D,20130710,000000,0.27,0.27,0.23,0.26,0,0
CLE_PB,D,20130711,000000,0.25,0.25,0.21,0.21,0,0
CLE_PB,D,20130712,000000,0.21,0.24,0.2,0.23,0,0
CLE_PB,D,20130715,000000,0.24,0.24,0.22,0.23,0,0
CLE_PB,D,20130716,000000,0.23,0.23,0.21,0.22,0,0
CLE_PB,D,20130717,000000,0.22,0.22,0.21,0.22,0,0
CLE_PB,D,20130718,000000,0.22,0.22,0.21,0.22,0,0
CLE_PB,D,20130719,000000,0.21,0.24,0.21,0.21,0,0
CLE_PB,D,20130722,000000,0.21,0.23,0.21,0.22,0,0
CLE_PB,D,20130723,000000,0.22,0.23,0.22,0.23,0,0
CLE_PB,D,20130724,000000,0.23,0.24,0.23,0.23,0,0
CLE_PB,D,20130725,000000,0.23,0.24,0.23,0.23,0,0
CLE_PB,D,20130726,000000,0.23,0.23,0.21,0.22,0,0
CLE_PB,D,20130729,000000,0.22,0.22,0.21,0.21,0,0
CLE_PB,D,20130730,000000,0.22,0.25,0.21,0.24,0,0
CLE_PB,D,20130731,000000,0.24,0.26,0.24,0.25,0,0
CLE_PB,D,20130801,000000,0.25,0.31,0.24,0.31,0,0
CLE_PB,D,20130802,000000,0.3,0.32,0.29,0.3,0,0
CLE_PB,D,20130805,000000,0.31,0.31,0.29,0.29,0,0
CLE_PB,D,20130806,000000,0.28,0.28,0.26,0.27,0,0
CLE_PB,D,20130807,000000,0.27,0.28,0.25,0.26,0,0
CLE_PB,D,20130808,000000,0.28,0.28,0.26,0.26,0,0
CLE_PB,D,20130809,000000,0.27,0.27,0.26,0.27,0,0
CLE_PB,D,20130812,000000,0.27,0.28,0.26,0.27,0,0
CLE_PB,D,20130813,000000,0.27,0.27,0.24,0.25,0,0
CLE_PB,D,20130814,000000,0.25,0.26,0.24,0.25,0,0
CLE_PB,D,20130816,000000,0.24,0.25,0.24,0.24,0,0
CLE_PB,D,20130819,000000,0.24,0.25,0.23,0.24,0,0
CLE_PB,D,20130820,000000,0.23,0.24,0.22,0.23,0,0
CLE_PB,D,20130821,000000,0.23,0.24,0.23,0.24,0,0
CLE_PB,D,20130822,000000,0.23,0.24,0.23,0.23,0,0
CLE_PB,D,20130823,000000,0.24,0.25,0.23,0.25,0,0
CLE_PB,D,20130826,000000,0.25,0.28,0.25,0.28,0,0
CLE_PB,D,20130827,000000,0.28,0.29,0.26,0.26,0,0
CLE_PB,D,20130828,000000,0.26,0.28,0.26,0.26,0,0
CLE_PB,D,20130829,000000,0.26,0.27,0.24,0.25,0,0
CLE_PB,D,20130830,000000,0.25,0.25,0.24,0.25,0,0
CLE_PB,D,20130902,000000,0.24,0.25,0.24,0.25,0,0
CLE_PB,D,20130903,000000,0.25,0.25,0.24,0.24,0,0
CLE_PB,D,20130904,000000,0.25,0.25,0.24,0.24,0,0
CLE_PB,D,20130905,000000,0.25,0.25,0.23,0.23,0,0
CLE_PB,D,20130906,000000,0.24,0.24,0.22,0.23,0,0
CLE_PB,D,20130909,000000,0.23,0.24,0.23,0.24,0,0
CLE_PB,D,20130910,000000,0.24,0.26,0.24,0.25,0,0
CLE_PB,D,20130911,000000,0.26,0.27,0.25,0.25,0,0
CLE_PB,D,20130912,000000,0.26,0.26,0.25,0.26,0,0
CLE_PB,D,20130913,000000,0.26,0.28,0.25,0.27,0,0
CLE_PB,D,20130916,000000,0.28,0.29,0.27,0.27,0,0
CLE_PB,D,20130917,000000,0.27,0.28,0.27,0.28,0,0
CLE_PB,D,20130918,000000,0.28,0.3,0.28,0.29,0,0
CLE_PB,D,20130919,000000,0.3,0.3,0.28,0.29,0,0
CLE_PB,D,20130920,000000,0.29,0.29,0.27,0.27,0,0
CLE_PB,D,20130923,000000,0.26,0.27,0.25,0.26,0,0
CLE_PB,D,20130924,000000,0.26,0.27,0.25,0.26,0,0
CLE_PB,D,20130925,000000,0.26,0.27,0.25,0.27,0,0
CLE_PB,D,20130926,000000,0.27,0.28,0.26,0.27,0,0
CLE_PB,D,20130927,000000,0.27,0.27,0.26,0.27,0,0
CLE_PB,D,20130930,000000,0.27,0.27,0.26,0.27,0,0
CLE_PB,D,20131001,000000,0.26,0.27,0.26,0.26,0,0
CLE_PB,D,20131002,000000,0.26,0.26,0.25,0.26,0,0
CLE_PB,D,20131003,000000,0.26,0.26,0.26,0.26,0,0
CLE_PB,D,20131004,000000,0.26,0.27,0.26,0.27,0,0
CLE_PB,D,20131007,000000,0.27,0.28,0.27,0.28,0,0
CLE_PB,D,20131008,000000,0.28,0.31,0.28,0.31,0,0
CLE_PB,D,20131009,000000,0.31,0.32,0.29,0.3,0,0
CLE_PB,D,20131010,000000,0.3,0.31,0.3,0.3,0,0
CLE_PB,D,20131011,000000,0.31,0.31,0.3,0.3,0,0
CLE_PB,D,20131014,000000,0.3,0.3,0.28,0.28,0,0
CLE_PB,D,20131015,000000,0.28,0.29,0.28,0.29,0,0
CLE_PB,D,20131016,000000,0.29,0.29,0.27,0.27,0,0
CLE_PB,D,20131017,000000,0.28,0.28,0.27,0.28,0,0
CLE_PB,D,20131018,000000,0.29,0.29,0.28,0.29,0,0
CLE_PB,D,20131021,000000,0.29,0.29,0.27,0.28,0,0
CLE_PB,D,20131022,000000,0.28,0.28,0.28,0.28,0,0
CLE_PB,D,20131023,000000,0.28,0.28,0.27,0.28,0,0
CLE_PB,D,20131024,000000,0.28,0.28,0.27,0.27,0,0
CLE_PB,D,20131025,000000,0.27,0.28,0.27,0.27,0,0
CLE_PB,D,20131028,000000,0.27,0.28,0.26,0.27,0,0
CLE_PB,D,20131029,000000,0.27,0.27,0.26,0.27,0,0
CLE_PB,D,20131030,000000,0.27,0.27,0.26,0.27,0,0
CLE_PB,D,20131031,000000,0.27,0.27,0.26,0.27,0,0
CLE_PB,D,20131104,000000,0.26,0.26,0.25,0.25,0,0
CLE_PB,D,20131105,000000,0.25,0.25,0.24,0.24,0,0
CLE_PB,D,20131106,000000,0.24,0.24,0.24,0.24,0,0
CLE_PB,D,20131107,000000,0.24,0.29,0.23,0.29,0,0
CLE_PB,D,20131108,000000,0.28,0.29,0.28,0.29,0,0
CLE_PB,D,20131112,000000,0.29,0.29,0.27,0.27,0,0
CLE_PB,D,20131113,000000,0.27,0.28,0.27,0.27,0,0
CLE_PB,D,20131114,000000,0.28,0.28,0.27,0.27,0,0
CLE_PB,D,20131115,000000,0.28,0.29,0.27,0.29,0,0
CLE_PB,D,20131118,000000,0.29,0.3,0.29,0.3,0,0
CLE_PB,D,20131119,000000,0.29,0.3,0.29,0.29,0,0
CLE_PB,D,20131120,000000,0.29,0.3,0.29,0.29,0,0
CLE_PB,D,20131121,000000,0.29,0.29,0.29,0.29,0,0
CLE_PB,D,20131122,000000,0.29,0.29,0.28,0.28,0,0
CLE_PB,D,20131125,000000,0.28,0.28,0.27,0.27,0,0
CLE_PB,D,20131126,000000,0.27,0.27,0.25,0.25,0,0
CLE_PB,D,20131127,000000,0.25,0.25,0.23,0.25,0,0
CLE_PB,D,20131128,000000,0.26,0.26,0.25,0.25,0,0
CLE_PB,D,20131129,000000,0.25,0.26,0.25,0.26,0,0
CLE_PB,D,20131202,000000,0.25,0.25,0.25,0.25,0,0
CLE_PB,D,20131203,000000,0.24,0.24,0.22,0.22,0,0
CLE_PB,D,20131204,000000,0.22,0.22,0.2,0.21,0,0
CLE_PB,D,20131205,000000,0.21,0.23,0.2,0.21,0,0
CLE_PB,D,20131206,000000,0.21,0.22,0.2,0.21,0,0
CLE_PB,D,20131209,000000,0.21,0.22,0.2,0.2,0,0
CLE_PB,D,20131210,000000,0.21,0.21,0.2,0.21,0,0
CLE_PB,D,20131211,000000,0.21,0.21,0.2,0.2,0,0
CLE_PB,D,20131212,000000,0.21,0.23,0.2,0.23,0,0
CLE_PB,D,20131213,000000,0.23,0.23,0.22,0.22,0,0
CLE_PB,D,20131216,000000,0.23,0.23,0.19,0.2,0,0
CLE_PB,D,20131217,000000,0.2,0.2,0.18,0.18,0,0
CLE_PB,D,20131218,000000,0.18,0.18,0.15,0.15,0,0
CLE_PB,D,20131219,000000,0.15,0.16,0.15,0.15,0,0
CLE_PB,D,20131220,000000,0.15,0.16,0.14,0.14,0,0
CLE_PB,D,20131223,000000,0.14,0.15,0.14,0.14,0,0
CLE_PB,D,20131227,000000,0.15,0.15,0.14,0.15,0,0
CLE_PB,D,20131230,000000,0.15,0.16,0.15,0.15,0,0
CLE_PB,D,20140102,000000,0.16,0.16,0.15,0.15,0,0
CLE_PB,D,20140103,000000,0.15,0.16,0.14,0.15,0,0
CLE_PB,D,20140107,000000,0.15,0.15,0.14,0.14,0,0
CLE_PB,D,20140108,000000,0.15,0.16,0.14,0.15,0,0
CLE_PB,D,20140109,000000,0.16,0.19,0.16,0.18,0,0
CLE_PB,D,20140110,000000,0.18,0.19,0.17,0.17,0,0
CLE_PB,D,20140113,000000,0.16,0.16,0.16,0.16,0,0
CLE_PB,D,20140114,000000,0.17,0.19,0.16,0.19,0,0
CLE_PB,D,20140115,000000,0.19,0.2,0.18,0.19,0,0
CLE_PB,D,20140116,000000,0.18,0.19,0.18,0.19,0,0
CLE_PB,D,20140117,000000,0.19,0.21,0.19,0.2,0,0
CLE_PB,D,20140120,000000,0.2,0.21,0.2,0.2,0,0
CLE_PB,D,20140121,000000,0.2,0.2,0.19,0.19,0,0
CLE_PB,D,20140122,000000,0.18,0.19,0.17,0.17,0,0
CLE_PB,D,20140123,000000,0.16,0.17,0.15,0.15,0,0
CLE_PB,D,20140124,000000,0.15,0.16,0.15,0.15,0,0
CLE_PB,D,20140127,000000,0.15,0.16,0.15,0.15,0,0
CLE_PB,D,20140128,000000,0.15,0.17,0.15,0.17,0,0
CLE_PB,D,20140129,000000,0.17,0.18,0.17,0.17,0,0
CLE_PB,D,20140130,000000,0.17,0.17,0.16,0.17,0,0
CLE_PB,D,20140131,000000,0.17,0.17,0.16,0.16,0,0
CLE_PB,D,20140203,000000,0.16,0.16,0.16,0.16,0,0
CLE_PB,D,20140204,000000,0.16,0.16,0.16,0.16,0,0
CLE_PB,D,20140205,000000,0.16,0.17,0.16,0.16,0,0
CLE_PB,D,20140206,000000,0.17,0.17,0.16,0.17,0,0
CLE_PB,D,20140207,000000,0.17,0.17,0.16,0.17,0,0
CLE_PB,D,20140210,000000,0.17,0.17,0.16,0.16,0,0
CLE_PB,D,20140211,000000,0.16,0.17,0.16,0.16,0,0
CLE_PB,D,20140212,000000,0.16,0.17,0.16,0.16,0,0
CLE_PB,D,20140213,000000,0.16,0.16,0.16,0.16,0,0
CLE_PB,D,20140214,000000,0.16,0.16,0.16,0.16,0,0
CLE_PB,D,20140217,000000,0.16,0.17,0.16,0.17,0,0
CLE_PB,D,20140218,000000,0.17,0.2,0.17,0.17,0,0
CLE_PB,D,20140219,000000,0.16,0.18,0.16,0.16,0,0
CLE_PB,D,20140220,000000,0.17,0.19,0.17,0.18,0,0
CLE_PB,D,20140221,000000,0.19,0.2,0.18,0.19,0,0
CLE_PB,D,20140224,000000,0.2,0.27,0.2,0.27,0,0
CLE_PB,D,20140225,000000,0.29,0.32,0.28,0.29,0,0
CLE_PB,D,20140226,000000,0.3,0.3,0.25,0.25,0,0
CLE_PB,D,20140227,000000,0.25,0.28,0.25,0.28,0,0
CLE_PB,D,20140228,000000,0.29,0.3,0.26,0.26,0,0
CLE_PB,D,20140303,000000,0.22,0.24,0.21,0.21,0,0
CLE_PB,D,20140304,000000,0.23,0.24,0.21,0.24,0,0
CLE_PB,D,20140305,000000,0.24,0.25,0.23,0.25,0,0
CLE_PB,D,20140306,000000,0.25,0.26,0.25,0.25,0,0
CLE_PB,D,20140307,000000,0.25,0.25,0.22,0.23,0,0
CLE_PB,D,20140310,000000,0.23,0.26,0.22,0.24,0,0
CLE_PB,D,20140311,000000,0.25,0.26,0.21,0.26,0,0
CLE_PB,D,20140312,000000,0.27,0.32,0.24,0.24,0,0
CLE_PB,D,20140313,000000,0.24,0.26,0.24,0.25,0,0
CLE_PB,D,20140314,000000,0.24,0.25,0.23,0.23,0,0
CLE_PB,D,20140317,000000,0.25,0.26,0.24,0.24,0,0
CLE_PB,D,20140318,000000,0.25,0.26,0.23,0.25,0,0
CLE_PB,D,20140319,000000,0.25,0.26,0.24,0.25,0,0
CLE_PB,D,20140320,000000,0.25,0.25,0.24,0.24,0,0
CLE_PB,D,20140321,000000,0.25,0.25,0.23,0.23,0,0
CLE_PB,D,20140324,000000,0.23,0.24,0.23,0.23,0,0
CLE_PB,D,20140325,000000,0.23,0.24,0.23,0.23,0,0
CLE_PB,D,20140326,000000,0.24,0.25,0.24,0.25,0,0
CLE_PB,D,20140327,000000,0.25,0.25,0.24,0.24,0,0
CLE_PB,D,20140328,000000,0.24,0.26,0.23,0.25,0,0
CLE_PB,D,20140331,000000,0.26,0.27,0.25,0.26,0,0
CLE_PB,D,20140401,000000,0.26,0.27,0.25,0.26,0,0
CLE_PB,D,20140402,000000,0.26,0.27,0.25,0.26,0,0
CLE_PB,D,20140403,000000,0.25,0.26,0.24,0.25,0,0
CLE_PB,D,20140404,000000,0.24,0.25,0.24,0.24,0,0
CLE_PB,D,20140407,000000,0.23,0.24,0.23,0.23,0,0
CLE_PB,D,20140408,000000,0.23,0.23,0.22,0.23,0,0
CLE_PB,D,20140409,000000,0.23,0.24,0.23,0.23,0,0
CLE_PB,D,20140410,000000,0.23,0.24,0.23,0.23,0,0
CLE_PB,D,20140411,000000,0.23,0.24,0.23,0.24,0,0
CLE_PB,D,20140414,000000,0.23,0.23,0.21,0.21,0,0
CLE_PB,D,20140415,000000,0.21,0.22,0.21,0.21,0,0
CLE_PB,D,20140416,000000,0.21,0.22,0.2,0.21,0,0
CLE_PB,D,20140417,000000,0.21,0.21,0.2,0.2,0,0
CLE_PB,D,20140422,000000,0.2,0.23,0.2,0.22,0,0
CLE_PB,D,20140423,000000,0.22,0.22,0.21,0.21,0,0
CLE_PB,D,20140424,000000,0.22,0.22,0.2,0.2,0,0
CLE_PB,D,20140425,000000,0.2,0.2,0.2,0.2,0,0
CLE_PB,D,20140428,000000,0.2,0.2,0.19,0.2,0,0
CLE_PB,D,20140429,000000,0.2,0.21,0.2,0.21,0,0
CLE_PB,D,20140430,000000,0.2,0.21,0.2,0.2,0,0
CLE_PB,D,20140502,000000,0.2,0.2,0.19,0.2,0,0
CLE_PB,D,20140505,000000,0.2,0.2,0.18,0.19,0,0
CLE_PB,D,20140506,000000,0.18,0.19,0.18,0.19,0,0
CLE_PB,D,20140507,000000,0.19,0.2,0.18,0.2,0,0
CLE_PB,D,20140508,000000,0.2,0.21,0.19,0.2,0,0
CLE_PB,D,20140509,000000,0.2,0.2,0.19,0.19,0,0
CLE_PB,D,20140512,000000,0.19,0.19,0.18,0.18,0,0
CLE_PB,D,20140513,000000,0.18,0.19,0.18,0.18,0,0
CLE_PB,D,20140514,000000,0.18,0.19,0.18,0.19,0,0
CLE_PB,D,20140515,000000,0.19,0.19,0.18,0.18,0,0
CLE_PB,D,20140516,000000,0.19,0.19,0.18,0.19,0,0
CLE_PB,D,20140519,000000,0.19,0.19,0.19,0.19,0,0
CLE_PB,D,20140520,000000,0.19,0.2,0.19,0.2,0,0
CLE_PB,D,20140521,000000,0.2,0.2,0.19,0.2,0,0
CLE_PB,D,20140522,000000,0.2,0.2,0.19,0.19,0,0
CLE_PB,D,20140523,000000,0.2,0.2,0.19,0.2,0,0
CLE_PB,D,20140526,000000,0.2,0.23,0.2,0.22,0,0
CLE_PB,D,20140527,000000,0.22,0.22,0.2,0.21,0,0
CLE_PB,D,20140528,000000,0.21,0.21,0.21,0.21,0,0
CLE_PB,D,20140529,000000,0.2,0.21,0.2,0.2,0,0
CLE_PB,D,20140530,000000,0.21,0.21,0.2,0.2,0,0
CLE_PB,D,20140602,000000,0.21,0.21,0.2,0.2,0,0
CLE_PB,D,20140603,000000,0.21,0.21,0.2,0.21,0,0
CLE_PB,D,20140604,000000,0.21,0.21,0.19,0.19,0,0
CLE_PB,D,20140605,000000,0.19,0.2,0.19,0.2,0,0
CLE_PB,D,20140606,000000,0.2,0.2,0.19,0.2,0,0
CLE_PB,D,20140609,000000,0.2,0.21,0.2,0.2,0,0
CLE_PB,D,20140610,000000,0.45,0.45,0.45,0.45,0,0
CLE_PB,D,20140611,000000,0.46,0.47,0.44,0.44,0,0
CLE_PB,D,20140612,000000,0.45,0.45,0.43,0.44,0,0
CLE_PB,D,20140613,000000,0.44,0.44,0.42,0.43,0,0
CLE_PB,D,20140616,000000,0.42,0.44,0.42,0.43,0,0
CLE_PB,D,20140617,000000,0.42,0.43,0.42,0.42,0,0
CLE_PB,D,20140618,000000,0.43,0.43,0.42,0.42,0,0
CLE_PB,D,20140620,000000,0.41,0.43,0.41,0.43,0,0
CLE_PB,D,20140623,000000,0.43,0.43,0.42,0.43,0,0
CLE_PB,D,20140624,000000,0.42,0.44,0.42,0.42,0,0
CLE_PB,D,20140625,000000,0.42,0.42,0.42,0.42,0,0
CLE_PB,D,20140626,000000,0.42,0.43,0.41,0.42,0,0
CLE_PB,D,20140627,000000,0.42,0.42,0.4,0.4,0,0
CLE_PB,D,20140630,000000,0.41,0.41,0.4,0.41,0,0
CLE_PB,D,20140701,000000,0.4,0.41,0.4,0.41,0,0
CLE_PB,D,20140702,000000,0.4,0.4,0.38,0.38,0,0
CLE_PB,D,20140703,000000,0.39,0.39,0.37,0.38,0,0
CLE_PB,D,20140704,000000,0.38,0.38,0.37,0.37,0,0
CLE_PB,D,20140707,000000,0.36,0.39,0.36,0.39,0,0
CLE_PB,D,20140708,000000,0.39,0.39,0.37,0.37,0,0
CLE_PB,D,20140709,000000,0.37,0.38,0.37,0.37,0,0
CLE_PB,D,20140710,000000,0.36,0.37,0.36,0.36,0,0
CLE_PB,D,20140711,000000,0.37,0.37,0.36,0.37,0,0
CLE_PB,D,20140714,000000,0.38,0.38,0.36,0.37,0,0
CLE_PB,D,20140715,000000,0.36,0.37,0.35,0.36,0,0
CLE_PB,D,20140716,000000,0.35,0.36,0.34,0.35,0,0
CLE_PB,D,20140717,000000,0.34,0.35,0.34,0.35,0,0
CLE_PB,D,20140718,000000,0.35,0.35,0.34,0.34,0,0
CLE_PB,D,20140721,000000,0.34,0.34,0.33,0.33,0,0
CLE_PB,D,20140722,000000,0.33,0.34,0.33,0.34,0,0
CLE_PB,D,20140723,000000,0.34,0.35,0.34,0.35,0,0
CLE_PB,D,20140724,000000,0.34,0.35,0.34,0.35,0,0
CLE_PB,D,20140725,000000,0.35,0.35,0.35,0.35,0,0
CLE_PB,D,20140728,000000,0.35,0.35,0.32,0.33,0,0
CLE_PB,D,20140729,000000,0.33,0.33,0.31,0.31,0,0
CLE_PB,D,20140730,000000,0.32,0.33,0.29,0.29,0,0
CLE_PB,D,20140731,000000,0.3,0.3,0.29,0.3,0,0
CLE_PB,D,20140801,000000,0.3,0.31,0.29,0.3,0,0
CLE_PB,D,20140804,000000,0.31,0.32,0.31,0.31,0,0
CLE_PB,D,20140805,000000,0.3,0.32,0.3,0.31,0,0
CLE_PB,D,20140806,000000,0.32,0.32,0.28,0.28,0,0
CLE_PB,D,20140807,000000,0.3,0.3,0.28,0.29,0,0
CLE_PB,D,20140808,000000,0.29,0.29,0.29,0.29,0,0
CLE_PB,D,20140811,000000,0.29,0.3,0.29,0.29,0,0
CLE_PB,D,20140812,000000,0.3,0.3,0.28,0.29,0,0
CLE_PB,D,20140813,000000,0.29,0.3,0.29,0.29,0,0
CLE_PB,D,20140814,000000,0.29,0.29,0.29,0.29,0,0
CLE_PB,D,20140818,000000,0.29,0.3,0.29,0.3,0,0
CLE_PB,D,20140819,000000,0.29,0.3,0.29,0.29,0,0
CLE_PB,D,20140820,000000,0.29,0.29,0.29,0.29,0,0
CLE_PB,D,20140821,000000,0.29,0.29,0.29,0.29,0,0
CLE_PB,D,20140822,000000,0.29,0.29,0.28,0.29,0,0
CLE_PB,D,20140825,000000,0.29,0.29,0.29,0.29,0,0
CLE_PB,D,20140826,000000,0.29,0.29,0.28,0.28,0,0
CLE_PB,D,20140827,000000,0.26,0.28,0.26,0.26,0,0
CLE_PB,D,20140828,000000,0.27,0.27,0.21,0.21,0,0
CLE_PB,D,20140829,000000,0.21,0.21,0.19,0.19,0,0
CLE_PB,D,20140901,000000,0.17,0.18,0.17,0.17,0,0
CLE_PB,D,20140902,000000,0.17,0.2,0.16,0.19,0,0
CLE_PB,D,20140903,000000,0.19,0.24,0.18,0.24,0,0
CLE_PB,D,20140904,000000,0.24,0.27,0.22,0.26,0,0
CLE_PB,D,20140905,000000,0.25,0.31,0.25,0.3,0,0
CLE_PB,D,20140908,000000,0.3,0.34,0.3,0.31,0,0
CLE_PB,D,20140909,000000,0.31,0.33,0.28,0.29,0,0
CLE_PB,D,20140910,000000,0.28,0.33,0.28,0.33,0,0
CLE_PB,D,20140911,000000,0.33,0.35,0.31,0.32,0,0
CLE_PB,D,20140912,000000,0.32,0.32,0.3,0.32,0,0
CLE_PB,D,20140915,000000,0.32,0.32,0.3,0.31,0,0
CLE_PB,D,20140916,000000,0.3,0.3,0.29,0.3,0,0
CLE_PB,D,20140917,000000,0.3,0.3,0.25,0.25,0,0
CLE_PB,D,20140918,000000,0.25,0.27,0.25,0.26,0,0
CLE_PB,D,20140919,000000,0.26,0.29,0.26,0.28,0,0
CLE_PB,D,20140922,000000,0.3,0.32,0.3,0.31,0,0
CLE_PB,D,20140923,000000,0.32,0.32,0.29,0.29,0,0
CLE_PB,D,20140924,000000,0.3,0.31,0.29,0.29,0,0
CLE_PB,D,20140925,000000,0.3,0.3,0.27,0.28,0,0
CLE_PB,D,20140926,000000,0.28,0.29,0.27,0.28,0,0
CLE_PB,D,20140929,000000,0.28,0.29,0.28,0.28,0,0
CLE_PB,D,20140930,000000,0.28,0.28,0.28,0.28,0,0
CLE_PB,D,20141001,000000,0.27,0.27,0.25,0.26,0,0
CLE_PB,D,20141002,000000,0.26,0.26,0.25,0.25,0,0
CLE_PB,D,20141003,000000,0.26,0.27,0.26,0.27,0,0
CLE_PB,D,20141006,000000,0.27,0.27,0.26,0.26,0,0
CLE_PB,D,20141007,000000,0.27,0.27,0.26,0.27,0,0
CLE_PB,D,20141008,000000,0.27,0.27,0.26,0.26,0,0
CLE_PB,D,20141009,000000,0.26,0.26,0.25,0.26,0,0
CLE_PB,D,20141010,000000,0.26,0.26,0.26,0.26,0,0
CLE_PB,D,20141013,000000,0.26,0.27,0.26,0.27,0,0
CLE_PB,D,20141014,000000,0.27,0.28,0.27,0.27,0,0
CLE_PB,D,20141015,000000,0.26,0.27,0.26,0.27,0,0
CLE_PB,D,20141016,000000,0.27,0.27,0.25,0.25,0,0
CLE_PB,D,20141017,000000,0.26,0.26,0.25,0.25,0,0
CLE_PB,D,20141020,000000,0.25,0.26,0.22,0.22,0,0
CLE_PB,D,20141021,000000,0.22,0.23,0.22,0.22,0,0
CLE_PB,D,20141022,000000,0.23,0.25,0.23,0.24,0,0
CLE_PB,D,20141023,000000,0.24,0.25,0.23,0.23,0,0
CLE_PB,D,20141024,000000,0.24,0.24,0.23,0.24,0,0
CLE_PB,D,20141027,000000,0.25,0.27,0.25,0.27,0,0
CLE_PB,D,20141028,000000,0.28,0.28,0.25,0.25,0,0
CLE_PB,D,20141029,000000,0.26,0.26,0.24,0.25,0,0
CLE_PB,D,20141030,000000,0.24,0.25,0.23,0.24,0,0
CLE_PB,D,20141031,000000,0.24,0.25,0.24,0.24,0,0
CLE_PB,D,20141103,000000,0.25,0.38,0.23,0.38,0,0
CLE_PB,D,20141104,000000,0.39,0.39,0.36,0.36,0,0
CLE_PB,D,20141105,000000,0.37,0.37,0.36,0.37,0,0
CLE_PB,D,20141106,000000,0.36,0.37,0.36,0.36,0,0
CLE_PB,D,20141107,000000,0.36,0.37,0.34,0.34,0,0
CLE_PB,D,20141110,000000,0.34,0.35,0.34,0.35,0,0
CLE_PB,D,20141112,000000,0.36,0.4,0.36,0.38,0,0
CLE_PB,D,20141113,000000,0.38,0.39,0.37,0.37,0,0
CLE_PB,D,20141114,000000,0.37,0.38,0.35,0.37,0,0
CLE_PB,D,20141117,000000,0.38,0.38,0.36,0.36,0,0
CLE_PB,D,20141118,000000,0.36,0.36,0.33,0.33,0,0
CLE_PB,D,20141119,000000,0.34,0.34,0.33,0.33,0,0
CLE_PB,D,20141120,000000,0.33,0.33,0.33,0.33,0,0
CLE_PB,D,20141121,000000,0.33,0.34,0.33,0.33,0,0
CLE_PB,D,20141124,000000,0.34,0.34,0.31,0.32,0,0
CLE_PB,D,20141125,000000,0.32,0.32,0.31,0.31,0,0
CLE_PB,D,20141126,000000,0.31,0.58,0.29,0.58,0,0
CLE_PB,D,20141127,000000,0.56,0.58,0.55,0.57,0,0
CLE_PB,D,20141128,000000,0.58,0.58,0.55,0.56,0,0
CLE_PB,D,20141201,000000,0.57,0.57,0.53,0.57,0,0
CLE_PB,D,20141202,000000,0.58,0.65,0.58,0.61,0,0
CLE_PB,D,20141203,000000,0.61,0.63,0.59,0.59,0,0
CLE_PB,D,20141204,000000,0.61,0.61,0.58,0.59,0,0
CLE_PB,D,20141205,000000,0.61,0.61,0.56,0.59,0,0
CLE_PB,D,20141208,000000,0.58,0.6,0.58,0.6,0,0
CLE_PB,D,20141209,000000,0.6,0.66,0.59,0.63,0,0
CLE_PB,D,20141210,000000,0.62,0.68,0.62,0.66,0,0
CLE_PB,D,20141211,000000,0.67,0.67,0.64,0.66,0,0
CLE_PB,D,20141212,000000,0.67,0.67,0.61,0.62,0,0
CLE_PB,D,20141215,000000,0.63,0.63,0.59,0.61,0,0
CLE_PB,D,20141216,000000,0.6,0.62,0.6,0.61,0,0
CLE_PB,D,20141217,000000,0.61,0.62,0.61,0.61,0,0
CLE_PB,D,20141218,000000,0.61,0.62,0.59,0.59,0,0
CLE_PB,D,20141219,000000,0.59,0.6,0.57,0.59,0,0
CLE_PB,D,20141222,000000,0.59,0.59,0.56,0.56,0,0
CLE_PB,D,20141223,000000,0.56,0.56,0.5,0.54,0,0
CLE_PB,D,20141229,000000,0.51,0.54,0.51,0.53,0,0
CLE_PB,D,20141230,000000,0.54,0.54,0.51,0.51,0,0
CLE_PB,D,20150102,000000,0.56,0.56,0.55,0.56,0,0
CLE_PB,D,20150105,000000,0.56,0.59,0.56,0.58,0,0
CLE_PB,D,20150107,000000,0.54,0.58,0.54,0.56,0,0
CLE_PB,D,20150108,000000,0.57,0.57,0.54,0.56,0,0
CLE_PB,D,20150109,000000,0.56,0.61,0.56,0.61,0,0
CLE_PB,D,20150112,000000,0.61,0.64,0.59,0.61,0,0
CLE_PB,D,20150113,000000,0.58,0.61,0.58,0.6,0,0
CLE_PB,D,20150114,000000,0.59,0.59,0.56,0.58,0,0
CLE_PB,D,20150115,000000,0.58,0.58,0.54,0.55,0,0
CLE_PB,D,20150116,000000,0.56,0.56,0.53,0.53,0,0
CLE_PB,D,20150119,000000,0.53,0.56,0.52,0.55,0,0
CLE_PB,D,20150120,000000,0.55,0.55,0.53,0.55,0,0
CLE_PB,D,20150121,000000,0.55,0.56,0.52,0.55,0,0
CLE_PB,D,20150122,000000,0.56,0.56,0.56,0.56,0,0
CLE_PB,D,20150123,000000,0.55,0.55,0.5,0.5,0,0
CLE_PB,D,20150126,000000,0.5,0.51,0.49,0.51,0,0
CLE_PB,D,20150127,000000,0.51,0.51,0.49,0.51,0,0
CLE_PB,D,20150128,000000,0.5,0.52,0.5,0.52,0,0
CLE_PB,D,20150129,000000,0.52,0.55,0.52,0.53,0,0
CLE_PB,D,20150130,000000,0.55,0.55,0.51,0.53,0,0
CLE_PB,D,20150202,000000,0.55,0.55,0.5,0.52,0,0
CLE_PB,D,20150203,000000,0.52,0.52,0.5,0.52,0,0
CLE_PB,D,20150204,000000,0.52,0.54,0.52,0.54,0,0
CLE_PB,D,20150205,000000,0.54,0.54,0.51,0.53,0,0
CLE_PB,D,20150206,000000,0.53,0.54,0.51,0.51,0,0
CLE_PB,D,20150209,000000,0.54,0.55,0.52,0.52,0,0
CLE_PB,D,20150210,000000,0.53,0.55,0.52,0.53,0,0
CLE_PB,D,20150211,000000,0.51,0.55,0.51,0.54,0,0
CLE_PB,D,20150212,000000,0.54,0.62,0.52,0.56,0,0
CLE_PB,D,20150213,000000,0.56,0.58,0.55,0.56,0,0
CLE_PB,D,20150216,000000,0.56,0.58,0.53,0.53,0,0
CLE_PB,D,20150217,000000,0.53,0.54,0.52,0.53,0,0
CLE_PB,D,20150218,000000,0.53,0.58,0.52,0.58,0,0
CLE_PB,D,20150219,000000,0.58,0.6,0.58,0.6,0,0
CLE_PB,D,20150220,000000,0.6,0.6,0.58,0.59,0,0
CLE_PB,D,20150223,000000,0.59,0.59,0.56,0.57,0,0
CLE_PB,D,20150224,000000,0.58,0.58,0.52,0.52,0,0
CLE_PB,D,20150225,000000,0.52,0.54,0.51,0.52,0,0
CLE_PB,D,20150226,000000,0.55,0.59,0.53,0.57,0,0
CLE_PB,D,20150227,000000,0.59,0.59,0.58,0.58,0,0
CLE_PB,D,20150302,000000,0.59,0.59,0.54,0.58,0,0
CLE_PB,D,20170928,000000,0.58,0.58,0.58,0.58,0,0
