<TICKER>,<PER>,<DATE>,<TIME>,<OPEN>,<HIGH>,<LOW>,<CLOSE>,<VOL>,<OPENINT>
CTS_MV,D,20151116,000000,179.8,179.8,179.8,179.8,0,0
CTS_MV,D,20151120,000000,182.87,182.87,182.87,182.87,0,0
CTS_MV,D,20151123,000000,186.18,186.18,186.18,186.18,0,0
CTS_MV,D,20151124,000000,188.73,204.04,186.18,186.18,0,0
CTS_MV,D,20151125,000000,182.36,198.94,182.36,195.1,0,0
CTS_MV,D,20151126,000000,184.9,184.9,184.9,184.9,0,0
CTS_MV,D,20151127,000000,195.1,210.41,195.1,210.41,0,0
CTS_MV,D,20151130,000000,191.54,197.66,183.63,183.63,0,0
CTS_MV,D,20151201,000000,183.63,183.63,183.63,183.63,0,0
CTS_MV,D,20151209,000000,183.63,183.63,183.63,183.63,0,0
CTS_MV,D,20151210,000000,183.63,183.63,183.63,183.63,0,0
CTS_MV,D,20160107,000000,190,190,190,190,0,0
CTS_MV,D,20160108,000000,190.27,204.04,190.27,204.04,0,0
CTS_MV,D,20160111,000000,204.04,204.04,204.04,204.04,0,0
CTS_MV,D,20160112,000000,204.04,204.04,204.04,204.04,0,0
CTS_MV,D,20160203,000000,193.83,193.83,193.83,193.83,0,0
CTS_MV,D,20160216,000000,192.81,192.81,183.63,183.63,0,0
CTS_MV,D,20160308,000000,178.53,178.53,178.53,178.53,0,0
CTS_MV,D,20160413,000000,184.66,184.66,184.66,184.66,0,0
CTS_MV,D,20160414,000000,184.66,198.17,184.66,198.17,0,0
CTS_MV,D,20160415,000000,204.04,229.55,204.04,229.55,0,0
CTS_MV,D,20160418,000000,252.49,280.55,252.49,280.55,0,0
CTS_MV,D,20160419,000000,280.55,293.81,255.04,280.55,0,0
CTS_MV,D,20160420,000000,306.05,334.11,255.04,275.45,0,0
CTS_MV,D,20160425,000000,252.24,252.24,252.24,252.24,0,0
CTS_MV,D,20160426,000000,251.22,269.59,251.22,269.59,0,0
CTS_MV,D,20160428,000000,211.94,211.94,211.94,211.94,0,0
CTS_MV,D,20160429,000000,229.55,229.55,211.94,229.55,0,0
CTS_MV,D,20160502,000000,242.3,268.31,242.3,268.31,0,0
CTS_MV,D,20160504,000000,268.31,268.31,268.31,268.31,0,0
CTS_MV,D,20160505,000000,280.55,306.05,280.55,280.55,0,0
CTS_MV,D,20160506,000000,255.04,280.55,255.04,280.55,0,0
CTS_MV,D,20160510,000000,242.55,242.55,242.55,242.55,0,0
CTS_MV,D,20160511,000000,229.28,229.28,229.28,229.28,0,0
CTS_MV,D,20160517,000000,229.28,229.28,229.28,229.28,0,0
CTS_MV,D,20160518,000000,229.28,229.28,207.1,229.28,0,0
CTS_MV,D,20160519,000000,229.28,229.28,206.84,206.84,0,0
CTS_MV,D,20160520,000000,216.79,216.79,216.79,216.79,0,0
CTS_MV,D,20160523,000000,229.28,229.28,229.28,229.28,0,0
CTS_MV,D,20160530,000000,240.82,240.82,240.82,240.82,0,0
CTS_MV,D,20160601,000000,240.28,240.28,240.28,240.28,0,0
CTS_MV,D,20160602,000000,240.55,240.55,240.55,240.55,0,0
CTS_MV,D,20160606,000000,216.69,216.69,216.69,216.69,0,0
CTS_MV,D,20160607,000000,195.23,195.23,166.54,166.8,0,0
CTS_MV,D,20160608,000000,174.04,174.58,166.8,174.58,0,0
CTS_MV,D,20160609,000000,175.11,192.27,175.11,192.27,0,0
CTS_MV,D,20160610,000000,201.4,201.4,193.61,194.42,0,0
CTS_MV,D,20160613,000000,206.49,216.15,193.08,193.08,0,0
CTS_MV,D,20160614,000000,197.91,198.44,197.91,198.44,0,0
CTS_MV,D,20160615,000000,201.93,202.21,195.76,195.76,0,0
CTS_MV,D,20160616,000000,207.3,207.3,193.35,193.35,0,0
CTS_MV,D,20160617,000000,206.49,206.49,198.44,198.44,0,0
CTS_MV,D,20160620,000000,206.49,206.49,197.91,197.91,0,0
CTS_MV,D,20160621,000000,198.44,198.44,193.89,198.44,0,0
CTS_MV,D,20160622,000000,196.31,199.79,196.31,199.79,0,0
CTS_MV,D,20160623,000000,199.79,201.67,197.91,201.67,0,0
CTS_MV,D,20160624,000000,203,203,193.61,193.61,0,0
CTS_MV,D,20160627,000000,193.61,195.76,193.61,195.23,0,0
CTS_MV,D,20160628,000000,194.42,208.37,188.25,197.1,0,0
CTS_MV,D,20160629,000000,206.49,206.49,203.81,206.49,0,0
CTS_MV,D,20160630,000000,206.49,214.54,205.68,214.54,0,0
CTS_MV,D,20160701,000000,214.54,214.54,193.35,193.35,0,0
CTS_MV,D,20160704,000000,206.22,206.22,206.22,206.22,0,0
CTS_MV,D,20160705,000000,174.31,174.31,174.31,174.31,0,0
CTS_MV,D,20160706,000000,205.15,205.15,205.15,205.15,0,0
CTS_MV,D,20160707,000000,203.81,203.81,203.27,203.27,0,0
CTS_MV,D,20160708,000000,203,203,200.59,200.59,0,0
CTS_MV,D,20160711,000000,203.27,203.27,203.27,203.27,0,0
CTS_MV,D,20160712,000000,206.75,206.75,206.75,206.75,0,0
CTS_MV,D,20160713,000000,210.78,210.78,210.78,210.78,0,0
CTS_MV,D,20160714,000000,211.86,211.86,211.86,211.86,0,0
CTS_MV,D,20160715,000000,214.54,214.54,214.54,214.54,0,0
CTS_MV,D,20160718,000000,214.54,214.54,214.54,214.54,0,0
CTS_MV,D,20160719,000000,217.76,217.76,217.76,217.76,0,0
CTS_MV,D,20160720,000000,214.54,214.54,214.54,214.54,0,0
CTS_MV,D,20160803,000000,197.91,200.06,197.91,200.06,0,0
CTS_MV,D,20160804,000000,198.99,200.86,198.99,200.86,0,0
CTS_MV,D,20160805,000000,199.52,207.56,199.52,207.56,0,0
CTS_MV,D,20160808,000000,206.49,209.17,206.49,209.17,0,0
CTS_MV,D,20160809,000000,209.17,214.54,209.17,214.27,0,0
CTS_MV,D,20160810,000000,211.86,214.54,211.86,214.54,0,0
CTS_MV,D,20160811,000000,214.54,219.89,214.54,219.36,0,0
CTS_MV,D,20160812,000000,219.36,222.31,217.76,222.31,0,0
CTS_MV,D,20160816,000000,223.92,224.19,222.31,222.31,0,0
CTS_MV,D,20160817,000000,223.12,223.12,214.54,214.54,0,0
CTS_MV,D,20160818,000000,214.54,220.97,214.54,220.97,0,0
CTS_MV,D,20160819,000000,220.7,221.23,219.89,221.23,0,0
CTS_MV,D,20160822,000000,220.43,223.12,220.43,221.23,0,0
CTS_MV,D,20160823,000000,220.97,220.97,213.47,220.97,0,0
CTS_MV,D,20160824,000000,221.23,221.23,218.56,218.56,0,0
CTS_MV,D,20160825,000000,216.69,217.22,216.69,217.22,0,0
CTS_MV,D,20160826,000000,204.34,204.34,200.33,200.33,0,0
CTS_MV,D,20160829,000000,210.24,214.54,210.24,214.54,0,0
CTS_MV,D,20160830,000000,217.22,218.56,214.54,218.56,0,0
CTS_MV,D,20160831,000000,217.22,220.43,217.22,220.43,0,0
CTS_MV,D,20160901,000000,219.89,221.23,217.22,221.23,0,0
CTS_MV,D,20160902,000000,221.23,224.19,219.36,223.12,0,0
CTS_MV,D,20160905,000000,222.58,223.92,214,223.92,0,0
CTS_MV,D,20160906,000000,223.92,223.92,221.51,222.04,0,0
CTS_MV,D,20160907,000000,222.04,223.38,219.36,223.38,0,0
CTS_MV,D,20160908,000000,222.04,222.58,219.36,222.58,0,0
CTS_MV,D,20160909,000000,223.92,223.92,222.04,223.92,0,0
CTS_MV,D,20160912,000000,222.04,223.12,219.89,223.12,0,0
CTS_MV,D,20160913,000000,222.58,222.58,219.89,222.58,0,0
CTS_MV,D,20160914,000000,223.92,223.92,222.04,222.58,0,0
CTS_MV,D,20160915,000000,221.51,223.92,219.36,223.92,0,0
CTS_MV,D,20160916,000000,218.83,223.92,214.54,222.58,0,0
CTS_MV,D,20160919,000000,222.58,224.19,220.43,224.19,0,0
CTS_MV,D,20160920,000000,223.92,226.6,221.51,226.6,0,0
CTS_MV,D,20160921,000000,226.6,227.95,223.12,227.95,0,0
CTS_MV,D,20160922,000000,224.19,227.95,221.23,227.95,0,0
CTS_MV,D,20160923,000000,227.95,229.55,222.58,227.95,0,0
CTS_MV,D,20160926,000000,225.8,233.31,222.58,233.31,0,0
CTS_MV,D,20160927,000000,218.56,233.31,218.56,233.31,0,0
CTS_MV,D,20160928,000000,226.87,233.31,223.12,233.31,0,0
CTS_MV,D,20160929,000000,227.41,233.31,224.19,233.31,0,0
CTS_MV,D,20160930,000000,227.68,227.95,222.85,227.95,0,0
CTS_MV,D,20161003,000000,219.63,230.09,215.07,230.09,0,0
CTS_MV,D,20161004,000000,227.95,231.97,224.19,231.97,0,0
CTS_MV,D,20161005,000000,230.63,231.7,219.36,229.83,0,0
CTS_MV,D,20161006,000000,227.95,229.83,219.89,220.43,0,0
CTS_MV,D,20161007,000000,228.48,228.48,222.58,226.87,0,0
CTS_MV,D,20161010,000000,226.6,228.48,219.89,228.48,0,0
CTS_MV,D,20161011,000000,226.34,226.34,219.89,225.26,0,0
CTS_MV,D,20161012,000000,229.02,229.29,223.12,229.29,0,0
CTS_MV,D,20161013,000000,229.02,231.97,224.19,231.97,0,0
CTS_MV,D,20161014,000000,231.17,231.17,222.58,229.02,0,0
CTS_MV,D,20161017,000000,218.56,229.02,218.56,229.02,0,0
CTS_MV,D,20161018,000000,227.95,228.75,223.12,228.75,0,0
CTS_MV,D,20161019,000000,229.02,233.31,225.26,233.31,0,0
CTS_MV,D,20161020,000000,224.19,234.92,224.19,234.92,0,0
CTS_MV,D,20161021,000000,233.04,238.4,228.48,238.4,0,0
CTS_MV,D,20161024,000000,238.4,241.35,233.85,238.67,0,0
CTS_MV,D,20161025,000000,238.67,241.35,230.63,241.35,0,0
CTS_MV,D,20161026,000000,241.35,249.4,233.58,249.4,0,0
CTS_MV,D,20161027,000000,252.07,259.58,243.5,259.58,0,0
CTS_MV,D,20161028,000000,258.79,268.17,258.79,268.17,0,0
CTS_MV,D,20161102,000000,254.76,254.76,254.76,254.76,0,0
CTS_MV,D,20161103,000000,254.76,254.76,254.76,254.76,0,0
CTS_MV,D,20161104,000000,254.76,254.76,254.76,254.76,0,0
CTS_MV,D,20161107,000000,254.76,254.76,254.76,254.76,0,0
CTS_MV,D,20161108,000000,254.22,254.76,254.22,254.76,0,0
CTS_MV,D,20161109,000000,254.22,254.76,249.4,254.76,0,0
CTS_MV,D,20161110,000000,254.76,254.76,253.96,254.76,0,0
CTS_MV,D,20161114,000000,254.76,254.76,246.18,254.76,0,0
CTS_MV,D,20161115,000000,253.96,254.76,253.96,254.22,0,0
CTS_MV,D,20161116,000000,254.76,254.76,253.96,253.96,0,0
CTS_MV,D,20161117,000000,252.34,254.76,252.34,254.76,0,0
CTS_MV,D,20161118,000000,254.49,261.73,249.94,261.73,0,0
CTS_MV,D,20161121,000000,261.47,265.49,255.03,255.03,0,0
CTS_MV,D,20161122,000000,255.3,257.45,251.28,257.45,0,0
CTS_MV,D,20161123,000000,256.9,265.49,252.62,265.49,0,0
CTS_MV,D,20161124,000000,263.07,265.22,257.45,265.22,0,0
CTS_MV,D,20161125,000000,262.81,265.49,257.45,265.49,0,0
CTS_MV,D,20161128,000000,258.79,265.49,258.79,265.49,0,0
CTS_MV,D,20161129,000000,265.49,265.49,259.58,265.49,0,0
CTS_MV,D,20161130,000000,264.69,264.96,259.05,264.96,0,0
CTS_MV,D,20161201,000000,264.96,265.49,262,265.49,0,0
CTS_MV,D,20161202,000000,265.49,267.37,265.49,267.37,0,0
CTS_MV,D,20161205,000000,265.49,268.17,265.49,267.9,0,0
CTS_MV,D,20161206,000000,267.9,268.17,262.81,268.17,0,0
CTS_MV,D,20161207,000000,267.9,267.9,255.56,267.9,0,0
CTS_MV,D,20161208,000000,267.9,268.17,266.03,268.17,0,0
CTS_MV,D,20161209,000000,266.83,266.83,260.13,262.81,0,0
CTS_MV,D,20161212,000000,263.88,264.15,252.07,264.15,0,0
CTS_MV,D,20161213,000000,263.88,264.15,260.13,264.15,0,0
CTS_MV,D,20161214,000000,263.88,264.15,261.47,264.15,0,0
CTS_MV,D,20161216,000000,263.88,264.15,261.47,264.15,0,0
CTS_MV,D,20161219,000000,262.81,265.49,260.13,265.49,0,0
CTS_MV,D,20161220,000000,264.42,265.49,262.28,265.49,0,0
CTS_MV,D,20161222,000000,250.74,261.47,250.74,261.47,0,0
CTS_MV,D,20161223,000000,260.13,262.54,260.13,262.54,0,0
CTS_MV,D,20161227,000000,261.47,268.97,261.47,268.97,0,0
CTS_MV,D,20161228,000000,261.47,281.32,261.47,281.32,0,0
CTS_MV,D,20161230,000000,274.34,274.34,274.34,274.34,0,0
CTS_MV,D,20170102,000000,264.96,276.21,264.96,276.21,0,0
CTS_MV,D,20170103,000000,273.53,294.99,273.53,273.53,0,0
CTS_MV,D,20170104,000000,268.17,294.72,268.17,294.72,0,0
CTS_MV,D,20170105,000000,274.87,280.24,268.17,269.78,0,0
CTS_MV,D,20170109,000000,275.68,280.24,275.68,280.24,0,0
CTS_MV,D,20170110,000000,276.21,279.97,276.21,278.1,0,0
CTS_MV,D,20170111,000000,277.83,280.24,277.83,280.24,0,0
CTS_MV,D,20170112,000000,268.44,279.7,268.44,279.44,0,0
CTS_MV,D,20170113,000000,268.17,278.1,268.17,278.1,0,0
CTS_MV,D,20170116,000000,277.29,277.29,276.21,276.76,0,0
CTS_MV,D,20170117,000000,275.68,275.95,274.87,274.87,0,0
CTS_MV,D,20170118,000000,275.14,275.14,274.07,274.61,0,0
CTS_MV,D,20170119,000000,273,273,268.17,270.58,0,0
CTS_MV,D,20170120,000000,269.51,270.31,268.17,268.17,0,0
CTS_MV,D,20170123,000000,267.9,273,260.93,273,0,0
CTS_MV,D,20170124,000000,270.58,277.02,270.58,277.02,0,0
CTS_MV,D,20170125,000000,277.02,278.9,268.17,278.9,0,0
CTS_MV,D,20170126,000000,279.97,279.97,278.63,278.63,0,0
CTS_MV,D,20170127,000000,273.27,273.53,261.2,273.53,0,0
CTS_MV,D,20170130,000000,273.53,273.53,273.53,273.53,0,0
CTS_MV,D,20170131,000000,273.27,273.27,273,273.27,0,0
CTS_MV,D,20170201,000000,268.17,272.19,268.17,272.19,0,0
CTS_MV,D,20170202,000000,268.17,268.17,268.17,268.17,0,0
CTS_MV,D,20170203,000000,267.9,268.17,267.9,268.17,0,0
CTS_MV,D,20170208,000000,265.49,270.58,265.49,270.58,0,0
CTS_MV,D,20170209,000000,270.58,270.58,262.81,268.17,0,0
CTS_MV,D,20170213,000000,268.17,272.19,268.17,272.19,0,0
CTS_MV,D,20170214,000000,269.51,273.53,254.76,254.76,0,0
CTS_MV,D,20170215,000000,254.76,254.76,242.69,254.76,0,0
CTS_MV,D,20170216,000000,254.76,254.76,254.76,254.76,0,0
CTS_MV,D,20170217,000000,262.54,262.54,256.1,256.1,0,0
CTS_MV,D,20170221,000000,262.81,262.81,257.45,257.45,0,0
CTS_MV,D,20170222,000000,259.05,267.37,259.05,265.49,0,0
CTS_MV,D,20170223,000000,265.49,267.11,265.22,266.03,0,0
CTS_MV,D,20170224,000000,267.37,267.63,255.3,267.37,0,0
CTS_MV,D,20170227,000000,249.94,265.49,249.94,261.47,0,0
CTS_MV,D,20170228,000000,249.4,260.13,249.4,260.13,0,0
CTS_MV,D,20170301,000000,261.2,261.2,241.35,253.41,0,0
CTS_MV,D,20170302,000000,247.25,247.25,223.12,223.12,0,0
CTS_MV,D,20170303,000000,223.12,242.69,223.12,242.69,0,0
CTS_MV,D,20170306,000000,242.69,245.38,240.01,245.38,0,0
CTS_MV,D,20170307,000000,253.41,254.76,253.41,254.76,0,0
CTS_MV,D,20170308,000000,254.49,254.76,254.49,254.76,0,0
CTS_MV,D,20170309,000000,254.76,258.79,254.76,258.79,0,0
CTS_MV,D,20170310,000000,259.86,262.81,251.01,262.81,0,0
CTS_MV,D,20170313,000000,263.07,263.07,254.76,262.81,0,0
CTS_MV,D,20170314,000000,254.76,266.03,254.76,266.03,0,0
CTS_MV,D,20170315,000000,261.47,266.03,254.49,266.03,0,0
CTS_MV,D,20170316,000000,254.76,265.49,254.76,265.22,0,0
CTS_MV,D,20170317,000000,257.45,257.45,257.45,257.45,0,0
CTS_MV,D,20170320,000000,257.45,270.31,257.45,270.31,0,0
CTS_MV,D,20170321,000000,268.17,268.17,265.49,265.49,0,0
CTS_MV,D,20170322,000000,265.49,268.17,265.49,265.49,0,0
CTS_MV,D,20170323,000000,260.13,265.49,257.45,265.49,0,0
CTS_MV,D,20170324,000000,265.49,265.49,265.49,265.49,0,0
CTS_MV,D,20170327,000000,267.63,268.17,267.63,268.17,0,0
CTS_MV,D,20170328,000000,268.17,268.17,265.49,265.49,0,0
CTS_MV,D,20170329,000000,264.15,266.83,264.15,266.83,0,0
CTS_MV,D,20170330,000000,266.83,266.83,265.49,265.49,0,0
CTS_MV,D,20170331,000000,265.49,276.76,265.49,276.76,0,0
CTS_MV,D,20170403,000000,264.69,274.61,264.69,274.61,0,0
CTS_MV,D,20170404,000000,262.81,269.51,262.81,269.51,0,0
CTS_MV,D,20170405,000000,266.3,266.3,266.3,266.3,0,0
CTS_MV,D,20170406,000000,275.95,280.24,275.95,279.7,0,0
CTS_MV,D,20170407,000000,278.9,289.09,278.9,289.09,0,0
CTS_MV,D,20170410,000000,284.26,294.99,284.26,294.99,0,0
CTS_MV,D,20170411,000000,291.77,301.15,291.77,301.15,0,0
CTS_MV,D,20170412,000000,301.15,301.96,301.15,301.96,0,0
CTS_MV,D,20170413,000000,305.71,308.94,303.03,308.94,0,0
CTS_MV,D,20170418,000000,303.83,319.12,303.83,319.12,0,0
CTS_MV,D,20170419,000000,318.85,334.41,316.97,321.27,0,0
CTS_MV,D,20170420,000000,324.49,324.49,319.12,321.8,0,0
CTS_MV,D,20170421,000000,314.3,321.8,311.08,321.8,0,0
CTS_MV,D,20170424,000000,326.63,333.07,324.49,327.7,0,0
CTS_MV,D,20170425,000000,280.24,281.59,273.53,273.53,0,0
CTS_MV,D,20170426,000000,276.21,276.76,273.53,273.53,0,0
CTS_MV,D,20170427,000000,274.87,274.87,273.53,273.53,0,0
CTS_MV,D,20170428,000000,273.53,275.14,273.53,273.53,0,0
CTS_MV,D,20170502,000000,273.53,273.53,273.53,273.53,0,0
CTS_MV,D,20170504,000000,273.53,274.07,273.53,273.53,0,0
CTS_MV,D,20170505,000000,274.07,274.61,274.07,274.61,0,0
CTS_MV,D,20170508,000000,268.17,270.31,268.17,270.31,0,0
CTS_MV,D,20170509,000000,270.85,271.38,270.85,271.38,0,0
CTS_MV,D,20170510,000000,272.46,273.53,272.46,272.46,0,0
CTS_MV,D,20170511,000000,272.46,273.53,272.46,273.53,0,0
CTS_MV,D,20170512,000000,273.53,274.07,273.53,274.07,0,0
CTS_MV,D,20170515,000000,270.85,270.85,268.17,268.17,0,0
CTS_MV,D,20170516,000000,268.17,268.17,268.17,268.17,0,0
CTS_MV,D,20170517,000000,268.17,274.07,268.17,274.07,0,0
CTS_MV,D,20170518,000000,270.85,273,270.85,270.85,0,0
CTS_MV,D,20170519,000000,264.15,273.53,237.86,273.53,0,0
CTS_MV,D,20170522,000000,277.29,277.29,250.74,250.74,0,0
CTS_MV,D,20170523,000000,237.59,239.2,224.19,239.2,0,0
CTS_MV,D,20170524,000000,241.35,243.76,239.2,243.76,0,0
CTS_MV,D,20170525,000000,244.03,246.72,244.03,246.72,0,0
CTS_MV,D,20170526,000000,246.72,249.94,246.72,249.94,0,0
CTS_MV,D,20170529,000000,252.07,253.41,252.07,253.41,0,0
CTS_MV,D,20170530,000000,254.76,254.76,254.76,254.76,0,0
CTS_MV,D,20170531,000000,254.76,254.76,254.76,254.76,0,0
CTS_MV,D,20170601,000000,254.76,265.49,254.76,265.49,0,0
CTS_MV,D,20170602,000000,266.83,267.37,266.83,267.37,0,0
CTS_MV,D,20170605,000000,269.51,271.38,255.3,255.3,0,0
CTS_MV,D,20170606,000000,260.13,260.66,260.13,260.66,0,0
CTS_MV,D,20170607,000000,260.66,261.2,260.66,261.2,0,0
CTS_MV,D,20170608,000000,261.2,261.73,261.2,261.73,0,0
CTS_MV,D,20170609,000000,262.28,262.81,262.28,262.28,0,0
CTS_MV,D,20170612,000000,254.76,259.86,254.76,259.86,0,0
CTS_MV,D,20170613,000000,259.86,260.13,259.86,259.86,0,0
CTS_MV,D,20170616,000000,249.4,249.4,244.57,244.57,0,0
CTS_MV,D,20170619,000000,245.38,245.38,245.38,245.38,0,0
CTS_MV,D,20170621,000000,239.74,249.4,239.74,249.4,0,0
CTS_MV,D,20170622,000000,241.35,241.35,241.35,241.35,0,0
CTS_MV,D,20170623,000000,241.35,241.35,241.35,241.35,0,0
CTS_MV,D,20170626,000000,241.35,241.35,241.35,241.35,0,0
CTS_MV,D,20170627,000000,241.35,246.72,232.51,243.5,0,0
CTS_MV,D,20170628,000000,241.35,250.48,241.35,250.48,0,0
CTS_MV,D,20170629,000000,252.62,253.41,252.62,253.41,0,0
CTS_MV,D,20170630,000000,253.41,258.52,253.41,258.52,0,0
CTS_MV,D,20170703,000000,257.98,259.58,253.41,253.41,0,0
CTS_MV,D,20170706,000000,241.35,241.35,241.35,241.35,0,0
CTS_MV,D,20170712,000000,249.4,250.74,249.4,250.74,0,0
CTS_MV,D,20170713,000000,251.54,252.07,251.54,252.07,0,0
CTS_MV,D,20170714,000000,253.41,253.41,241.35,253.41,0,0
CTS_MV,D,20170717,000000,253.15,253.15,253.15,253.15,0,0
CTS_MV,D,20170718,000000,250.74,253.15,250.74,252.07,0,0
CTS_MV,D,20170720,000000,251.28,251.28,251.28,251.28,0,0
CTS_MV,D,20170721,000000,251.01,251.28,251.01,251.28,0,0
CTS_MV,D,20170724,000000,251.28,251.54,251.01,251.54,0,0
CTS_MV,D,20170725,000000,251.28,253.41,251.28,253.41,0,0
CTS_MV,D,20170726,000000,241.35,249.4,241.35,249.4,0,0
CTS_MV,D,20170727,000000,249.94,249.94,249.4,249.4,0,0
CTS_MV,D,20170728,000000,249.94,249.94,249.4,249.4,0,0
CTS_MV,D,20170731,000000,248.06,248.06,247.8,247.8,0,0
CTS_MV,D,20170801,000000,251.81,251.81,238.67,246.72,0,0
CTS_MV,D,20170802,000000,247.52,247.8,244.31,244.31,0,0
CTS_MV,D,20170803,000000,235.99,241.35,235.99,236.52,0,0
CTS_MV,D,20170804,000000,236.52,236.52,236.52,236.52,0,0
CTS_MV,D,20170807,000000,236.52,241.89,227.95,241.35,0,0
CTS_MV,D,20170808,000000,234.66,241.08,230.63,238.67,0,0
CTS_MV,D,20170809,000000,241.35,241.62,238.67,238.67,0,0
CTS_MV,D,20170810,000000,241.35,241.35,241.35,241.35,0,0
CTS_MV,D,20170811,000000,241.35,241.35,241.35,241.35,0,0
CTS_MV,D,20170814,000000,241.35,244.03,241.35,244.03,0,0
CTS_MV,D,20170816,000000,241.35,241.35,241.35,241.35,0,0
CTS_MV,D,20170817,000000,241.35,241.35,241.35,241.35,0,0
CTS_MV,D,20170821,000000,241.35,241.35,235.99,241.35,0,0
CTS_MV,D,20170822,000000,241.35,245.38,238.67,245.38,0,0
CTS_MV,D,20170823,000000,238.67,241.35,238.67,238.67,0,0
CTS_MV,D,20170824,000000,241.35,241.35,235.99,241.35,0,0
CTS_MV,D,20170825,000000,233.31,241.35,233.31,241.35,0,0
CTS_MV,D,20170828,000000,233.31,241.35,233.31,241.35,0,0
CTS_MV,D,20170829,000000,241.35,242.16,241.35,242.16,0,0
CTS_MV,D,20170830,000000,242.16,243.76,242.16,243.76,0,0
CTS_MV,D,20170831,000000,241.35,246.18,241.35,246.18,0,0
CTS_MV,D,20170901,000000,247.8,257.45,247.8,257.45,0,0
CTS_MV,D,20170904,000000,250.48,250.48,250.48,250.48,0,0
CTS_MV,D,20170905,000000,251.01,252.62,251.01,252.62,0,0
CTS_MV,D,20170906,000000,253.15,253.41,253.15,253.41,0,0
CTS_MV,D,20170907,000000,253.96,254.76,253.96,254.76,0,0
CTS_MV,D,20170908,000000,249.4,257.45,249.4,257.45,0,0
CTS_MV,D,20170911,000000,249.4,260.13,249.4,260.13,0,0
CTS_MV,D,20170912,000000,258.24,258.79,258.24,258.79,0,0
CTS_MV,D,20170913,000000,260.13,260.66,260.13,260.66,0,0
CTS_MV,D,20170914,000000,261.2,261.73,261.2,261.73,0,0
CTS_MV,D,20170918,000000,261.73,263.35,261.73,263.35,0,0
CTS_MV,D,20170919,000000,264.15,264.69,264.15,264.69,0,0
CTS_MV,D,20170920,000000,264.15,266.03,264.15,266.03,0,0
CTS_MV,D,20170921,000000,265.49,266.03,265.49,266.03,0,0
CTS_MV,D,20170925,000000,266.03,266.83,266.03,266.83,0,0
CTS_MV,D,20170926,000000,266.83,267.37,266.83,267.37,0,0
CTS_MV,D,20170927,000000,266.83,267.63,266.83,267.63,0,0
CTS_MV,D,20170928,000000,267.63,267.63,267.63,267.63,0,0
CTS_MV,D,20170929,000000,268.17,268.17,268.17,268.17,0,0
CTS_MV,D,20171002,000000,268.17,268.17,267.9,267.9,0,0
CTS_MV,D,20171003,000000,267.37,268.17,267.37,268.17,0,0
CTS_MV,D,20171004,000000,267.37,267.63,267.37,267.63,0,0
CTS_MV,D,20171005,000000,268.17,268.17,268.17,268.17,0,0
CTS_MV,D,20171006,000000,267.9,268.17,267.9,268.17,0,0
CTS_MV,D,20171009,000000,267.37,267.63,267.37,267.63,0,0
CTS_MV,D,20171011,000000,267.37,267.37,246.18,254.76,0,0
CTS_MV,D,20171012,000000,262.28,267.63,262.28,267.63,0,0
CTS_MV,D,20171016,000000,262.81,267.9,262.81,267.9,0,0
CTS_MV,D,20171017,000000,268.17,271.38,268.17,271.38,0,0
CTS_MV,D,20171018,000000,268.17,268.17,268.17,268.17,0,0
CTS_MV,D,20171019,000000,270.85,270.85,270.31,270.85,0,0
CTS_MV,D,20171020,000000,270.85,273,270.85,270.85,0,0
CTS_MV,D,20171023,000000,270.31,270.58,262.28,262.28,0,0
CTS_MV,D,20171024,000000,272.46,273,272.46,273,0,0
CTS_MV,D,20171025,000000,274.07,277.29,273.53,273.53,0,0
CTS_MV,D,20171026,000000,273,277.29,273,277.29,0,0
CTS_MV,D,20171027,000000,274.87,281.59,274.87,281.59,0,0
CTS_MV,D,20171030,000000,292.31,293.65,281.59,292.84,0,0
CTS_MV,D,20171031,000000,292.31,293.65,292.31,293.65,0,0
CTS_MV,D,20171102,000000,294.18,294.72,294.18,294.72,0,0
CTS_MV,D,20171103,000000,293.65,293.65,281.59,281.59,0,0
CTS_MV,D,20171106,000000,289.09,289.62,289.09,289.62,0,0
CTS_MV,D,20171107,000000,281.04,294.18,281.04,294.18,0,0
CTS_MV,D,20171108,000000,292.31,294.18,292.31,294.18,0,0
CTS_MV,D,20171110,000000,292.31,294.18,292.31,293.65,0,0
CTS_MV,D,20171113,000000,293.65,294.18,293.65,294.18,0,0
CTS_MV,D,20171114,000000,294.18,294.99,294.18,294.99,0,0
CTS_MV,D,20171115,000000,294.99,294.99,294.99,294.99,0,0
CTS_MV,D,20171116,000000,294.99,296.33,294.99,296.33,0,0
CTS_MV,D,20171117,000000,294.99,296.33,294.99,294.99,0,0
CTS_MV,D,20171120,000000,294.99,294.99,289.62,289.62,0,0
CTS_MV,D,20171121,000000,294.99,320.73,294.99,320.73,0,0
CTS_MV,D,20171122,000000,319.12,320.73,319.12,319.12,0,0
CTS_MV,D,20171123,000000,309.2,312.42,300.35,300.35,0,0
CTS_MV,D,20171124,000000,312.42,312.42,303.03,303.03,0,0
CTS_MV,D,20171127,000000,305.71,305.71,305.71,305.71,0,0
CTS_MV,D,20171128,000000,308.4,312.42,308.4,312.42,0,0
CTS_MV,D,20171129,000000,311.62,312.15,311.62,311.62,0,0
CTS_MV,D,20171130,000000,312.15,312.42,312.15,312.42,0,0
CTS_MV,D,20171201,000000,312.42,312.42,312.42,312.42,0,0
CTS_MV,D,20171204,000000,312.42,313.77,312.42,313.77,0,0
CTS_MV,D,20171205,000000,313.77,315.37,313.77,315.37,0,0
CTS_MV,D,20171206,000000,316.44,316.44,316.44,316.44,0,0
CTS_MV,D,20171207,000000,315.11,315.11,315.11,315.11,0,0
CTS_MV,D,20171208,000000,314.84,315.11,314.84,315.11,0,0
CTS_MV,D,20171211,000000,315.11,315.11,315.11,315.11,0,0
CTS_MV,D,20171212,000000,314.84,314.84,314.3,314.3,0,0
CTS_MV,D,20171213,000000,315.11,315.11,315.11,315.11,0,0
CTS_MV,D,20171214,000000,315.11,315.37,315.11,315.37,0,0
CTS_MV,D,20171215,000000,315.91,315.91,315.91,315.91,0,0
CTS_MV,D,20171218,000000,313.77,315.91,313.77,313.77,0,0
CTS_MV,D,20171219,000000,313.77,313.77,313.77,313.77,0,0
CTS_MV,D,20171220,000000,313.77,313.77,313.49,313.49,0,0
CTS_MV,D,20171221,000000,312.42,312.42,296.06,312.42,0,0
CTS_MV,D,20171222,000000,313.49,313.49,312.42,313.49,0,0
CTS_MV,D,20171227,000000,313.77,313.77,313.77,313.77,0,0
CTS_MV,D,20171228,000000,311.08,321.53,309.74,321.53,0,0
CTS_MV,D,20171229,000000,315.37,321.53,315.37,321.53,0,0
CTS_MV,D,20180103,000000,321.8,321.8,321.8,321.8,0,0
CTS_MV,D,20180104,000000,324.49,324.49,324.49,324.49,0,0
CTS_MV,D,20180105,000000,313.77,324.49,313.77,321.8,0,0
CTS_MV,D,20180108,000000,316.44,335.21,316.44,324.49,0,0
CTS_MV,D,20180109,000000,316.44,324.49,303.03,324.49,0,0
CTS_MV,D,20180111,000000,305.71,319.12,303.03,303.03,0,0
CTS_MV,D,20180112,000000,303.03,327.17,300.35,308.4,0,0
CTS_MV,D,20180115,000000,308.4,327.17,308.4,327.17,0,0
CTS_MV,D,20180116,000000,311.08,321.8,311.08,321.8,0,0
CTS_MV,D,20180117,000000,321.8,327.17,311.08,327.17,0,0
CTS_MV,D,20180118,000000,311.08,327.17,311.08,327.17,0,0
CTS_MV,D,20180122,000000,316.44,329.85,316.44,329.85,0,0
CTS_MV,D,20180123,000000,337.9,337.9,337.9,337.9,0,0
CTS_MV,D,20180124,000000,321.8,321.8,321.8,321.8,0,0
CTS_MV,D,20180126,000000,321.8,321.8,321.8,321.8,0,0
CTS_MV,D,20180129,000000,321.8,321.8,300.35,305.71,0,0
CTS_MV,D,20180131,000000,321.8,321.8,316.44,316.44,0,0
CTS_MV,D,20180201,000000,311.08,316.44,311.08,316.44,0,0
CTS_MV,D,20180202,000000,316.44,316.44,316.44,316.44,0,0
CTS_MV,D,20180205,000000,316.44,316.44,316.44,316.44,0,0
CTS_MV,D,20180206,000000,316.44,321.8,316.44,321.8,0,0
CTS_MV,D,20180207,000000,316.44,329.85,316.44,329.85,0,0
CTS_MV,D,20180208,000000,335.21,335.21,335.21,335.21,0,0
CTS_MV,D,20180209,000000,316.44,343.26,316.44,343.26,0,0
CTS_MV,D,20180212,000000,316.44,335.21,316.44,335.21,0,0
CTS_MV,D,20180213,000000,319.12,332.53,319.12,332.53,0,0
CTS_MV,D,20180214,000000,321.8,335.21,321.8,324.49,0,0
CTS_MV,D,20180215,000000,340.58,348.62,340.58,348.62,0,0
CTS_MV,D,20180216,000000,321.8,337.9,319.12,324.49,0,0
CTS_MV,D,20180219,000000,332.53,337.9,324.49,337.9,0,0
CTS_MV,D,20180220,000000,324.49,351.3,324.49,351.3,0,0
CTS_MV,D,20180221,000000,329.85,351.3,329.85,348.62,0,0
CTS_MV,D,20180222,000000,345.94,356.66,332.53,356.66,0,0
CTS_MV,D,20180223,000000,335.21,343.26,316.44,343.26,0,0
CTS_MV,D,20180226,000000,329.85,340.58,329.85,340.58,0,0
CTS_MV,D,20180227,000000,321.8,343.26,321.8,343.26,0,0
CTS_MV,D,20180228,000000,343.26,343.26,343.26,343.26,0,0
CTS_MV,D,20180301,000000,332.53,356.66,332.53,356.66,0,0
CTS_MV,D,20180302,000000,337.9,337.9,316.44,316.44,0,0
CTS_MV,D,20180305,000000,329.85,332.53,329.85,332.53,0,0
CTS_MV,D,20180306,000000,329.85,332.53,329.85,332.53,0,0
CTS_MV,D,20180307,000000,319.12,335.21,319.12,332.53,0,0
CTS_MV,D,20180308,000000,329.85,332.53,329.85,332.53,0,0
CTS_MV,D,20180309,000000,319.12,329.85,319.12,319.12,0,0
CTS_MV,D,20180312,000000,329.85,329.85,319.12,319.12,0,0
CTS_MV,D,20180313,000000,319.12,319.12,319.12,319.12,0,0
CTS_MV,D,20180314,000000,313.77,335.21,313.77,329.85,0,0
CTS_MV,D,20180315,000000,332.53,332.53,319.12,321.8,0,0
CTS_MV,D,20180319,000000,321.8,321.8,316.44,316.44,0,0
CTS_MV,D,20180320,000000,305.71,311.08,300.35,311.08,0,0
CTS_MV,D,20180321,000000,316.44,316.44,305.71,316.44,0,0
CTS_MV,D,20180322,000000,313.77,313.77,313.77,313.77,0,0
CTS_MV,D,20180323,000000,316.44,316.44,313.77,316.44,0,0
CTS_MV,D,20180326,000000,321.8,321.8,321.8,321.8,0,0
CTS_MV,D,20180327,000000,321.8,335.21,321.8,335.21,0,0
CTS_MV,D,20180328,000000,321.8,321.8,294.99,294.99,0,0
CTS_MV,D,20180329,000000,321.8,329.85,321.8,329.85,0,0
CTS_MV,D,20180403,000000,313.77,313.77,313.77,313.77,0,0
CTS_MV,D,20180405,000000,319.12,319.12,294.99,294.99,0,0
CTS_MV,D,20180406,000000,294.99,294.99,268.17,268.17,0,0
CTS_MV,D,20180409,000000,273.53,273.53,273.53,273.53,0,0
CTS_MV,D,20180410,000000,270.85,270.85,268.17,268.17,0,0
CTS_MV,D,20180411,000000,265.49,265.49,257.45,257.45,0,0
CTS_MV,D,20180412,000000,246.72,265.49,241.35,265.49,0,0
CTS_MV,D,20180413,000000,273.53,273.53,252.07,252.07,0,0
CTS_MV,D,20180416,000000,246.72,257.45,241.35,241.35,0,0
CTS_MV,D,20180417,000000,241.35,252.07,241.35,252.07,0,0
CTS_MV,D,20180418,000000,246.72,246.72,246.72,246.72,0,0
CTS_MV,D,20180419,000000,246.72,262.81,246.72,262.81,0,0
CTS_MV,D,20180420,000000,278.9,278.9,278.9,278.9,0,0
CTS_MV,D,20180423,000000,268.17,294.99,268.17,292.31,0,0
CTS_MV,D,20180424,000000,292.31,308.4,292.31,308.4,0,0
CTS_MV,D,20180425,000000,300.35,300.35,281.59,281.59,0,0
CTS_MV,D,20180426,000000,300.35,300.35,300.35,300.35,0,0
CTS_MV,D,20180427,000000,297.67,297.67,297.67,297.67,0,0
CTS_MV,D,20180430,000000,308.4,308.4,308.4,308.4,0,0
CTS_MV,D,20180502,000000,300.35,303.03,289.62,289.62,0,0
CTS_MV,D,20180504,000000,289.62,289.62,289.62,289.62,0,0
CTS_MV,D,20180508,000000,276.21,276.21,276.21,276.21,0,0
CTS_MV,D,20180509,000000,270.85,270.85,270.85,270.85,0,0
CTS_MV,D,20180510,000000,270.85,289.62,270.85,289.62,0,0
CTS_MV,D,20180511,000000,276.21,276.21,262.81,268.17,0,0
CTS_MV,D,20180514,000000,276.21,276.21,265.49,268.17,0,0
CTS_MV,D,20180515,000000,273.53,273.53,273.53,273.53,0,0
CTS_MV,D,20180516,000000,276.21,281.59,268.17,281.59,0,0
CTS_MV,D,20180517,000000,281.59,281.59,281.59,281.59,0,0
CTS_MV,D,20180518,000000,281.59,294.99,281.59,294.99,0,0
CTS_MV,D,20180521,000000,294.99,294.99,294.99,294.99,0,0
CTS_MV,D,20180522,000000,289.62,289.62,268.17,268.17,0,0
CTS_MV,D,20180528,000000,264.15,268.17,264.15,264.15,0,0
CTS_MV,D,20180529,000000,257.45,257.45,257.45,257.45,0,0
CTS_MV,D,20180530,000000,257.45,257.45,257.45,257.45,0,0
CTS_MV,D,20180601,000000,246.72,252.07,241.35,252.07,0,0
CTS_MV,D,20180605,000000,246.72,252.07,246.72,252.07,0,0
CTS_MV,D,20180606,000000,268.17,268.17,252.07,268.17,0,0
CTS_MV,D,20180607,000000,257.45,268.17,257.45,268.17,0,0
CTS_MV,D,20180611,000000,281.59,281.59,276.21,281.59,0,0
CTS_MV,D,20180612,000000,270.85,281.59,268.17,281.59,0,0
CTS_MV,D,20180613,000000,289.62,289.62,268.17,268.17,0,0
CTS_MV,D,20180618,000000,281.59,281.59,281.59,281.59,0,0
CTS_MV,D,20180619,000000,268.17,294.99,268.17,294.99,0,0
CTS_MV,D,20180621,000000,284.26,292.31,284.26,292.31,0,0
CTS_MV,D,20180626,000000,273.53,292.31,273.53,292.31,0,0
CTS_MV,D,20180627,000000,292.31,294.99,292.31,294.99,0,0
CTS_MV,D,20180628,000000,286.94,303.03,273.53,303.03,0,0
CTS_MV,D,20180629,000000,298.47,310.64,298.47,307.6,0,0
CTS_MV,D,20180704,000000,307.6,307.6,307.6,307.6,0,0
CTS_MV,D,20180706,000000,310.64,310.64,310.64,310.64,0,0
CTS_MV,D,20180710,000000,298.47,319.79,298.47,319.79,0,0
CTS_MV,D,20180716,000000,310.64,319.79,310.64,319.79,0,0
CTS_MV,D,20180717,000000,310.64,319.79,310.64,319.79,0,0
CTS_MV,D,20180723,000000,310.64,325.88,310.64,325.88,0,0
CTS_MV,D,20180724,000000,310.64,325.88,310.64,325.88,0,0
CTS_MV,D,20180726,000000,325.88,328.92,325.88,328.92,0,0
CTS_MV,D,20180727,000000,313.69,328.92,313.69,328.92,0,0
CTS_MV,D,20180730,000000,328.92,331.97,319.79,331.97,0,0
CTS_MV,D,20180731,000000,310.64,335.01,310.64,335.01,0,0
CTS_MV,D,20180801,000000,313.69,322.83,313.69,322.83,0,0
CTS_MV,D,20180802,000000,325.88,325.88,325.88,325.88,0,0
CTS_MV,D,20180803,000000,316.73,335.01,316.73,335.01,0,0
CTS_MV,D,20180806,000000,325.88,325.88,325.88,325.88,0,0
CTS_MV,D,20180807,000000,335.01,335.01,335.01,335.01,0,0
CTS_MV,D,20180808,000000,328.92,328.92,328.92,328.92,0,0
CTS_MV,D,20180809,000000,313.69,313.69,304.56,304.56,0,0
CTS_MV,D,20180810,000000,304.56,304.56,304.56,304.56,0,0
CTS_MV,D,20180813,000000,316.73,316.73,304.56,304.56,0,0
CTS_MV,D,20180814,000000,310.64,310.64,310.64,310.64,0,0
CTS_MV,D,20180816,000000,319.79,319.79,319.79,319.79,0,0
CTS_MV,D,20180821,000000,310.64,316.73,310.64,316.73,0,0
CTS_MV,D,20180822,000000,316.73,325.88,316.73,325.88,0,0
CTS_MV,D,20180828,000000,319.79,319.79,319.79,319.79,0,0
CTS_MV,D,20180829,000000,319.79,325.88,319.79,325.88,0,0
CTS_MV,D,20180830,000000,319.79,325.88,319.79,325.88,0,0
CTS_MV,D,20180831,000000,328.92,328.92,328.92,328.92,0,0
CTS_MV,D,20180903,000000,316.73,316.73,313.69,313.69,0,0
CTS_MV,D,20180906,000000,313.69,313.69,313.69,313.69,0,0
CTS_MV,D,20180907,000000,313.69,313.69,313.69,313.69,0,0
CTS_MV,D,20180910,000000,313.69,313.69,310.64,310.64,0,0
CTS_MV,D,20180911,000000,313.69,313.69,304.56,304.56,0,0
CTS_MV,D,20180912,000000,301.51,301.51,301.51,301.51,0,0
CTS_MV,D,20180913,000000,303.03,304.56,298.47,298.47,0,0
CTS_MV,D,20180914,000000,304.56,307.6,304.56,304.56,0,0
CTS_MV,D,20180917,000000,310.64,310.64,310.64,310.64,0,0
CTS_MV,D,20180920,000000,310.64,319.79,310.64,319.79,0,0
CTS_MV,D,20180921,000000,319.79,335.01,319.79,335.01,0,0
CTS_MV,D,20180924,000000,319.79,319.79,310.64,310.64,0,0
CTS_MV,D,20180925,000000,319.79,335.01,316.73,316.73,0,0
CTS_MV,D,20180926,000000,304.56,304.56,304.56,304.56,0,0
CTS_MV,D,20180927,000000,304.56,319.79,304.56,319.79,0,0
CTS_MV,D,20180928,000000,316.73,341.1,316.73,341.1,0,0
CTS_MV,D,20181001,000000,328.92,341.1,328.92,341.1,0,0
CTS_MV,D,20181002,000000,328.92,350.24,328.92,350.24,0,0
CTS_MV,D,20181003,000000,328.92,353.29,328.92,350.24,0,0
CTS_MV,D,20181004,000000,350.24,359.38,350.24,359.38,0,0
CTS_MV,D,20181005,000000,365.47,365.47,365.47,365.47,0,0
CTS_MV,D,20181008,000000,350.24,380.7,350.24,359.38,0,0
CTS_MV,D,20181009,000000,371.56,371.56,362.42,365.47,0,0
CTS_MV,D,20181011,000000,353.29,359.38,353.29,359.38,0,0
CTS_MV,D,20181012,000000,371.56,371.56,371.56,371.56,0,0
CTS_MV,D,20181015,000000,365.47,365.47,365.47,365.47,0,0
CTS_MV,D,20181016,000000,371.56,371.56,362.42,362.42,0,0
CTS_MV,D,20181017,000000,371.56,371.56,335.01,335.01,0,0
CTS_MV,D,20181018,000000,338.06,365.47,338.06,365.47,0,0
CTS_MV,D,20181019,000000,350.24,353.29,350.24,353.29,0,0
CTS_MV,D,20181022,000000,362.42,362.42,362.42,362.42,0,0
CTS_MV,D,20181023,000000,365.47,365.47,335.01,365.47,0,0
CTS_MV,D,20181024,000000,365.47,368.51,365.47,365.47,0,0
CTS_MV,D,20181025,000000,359.38,362.42,359.38,362.42,0,0
CTS_MV,D,20181026,000000,362.42,374.6,362.42,374.6,0,0
CTS_MV,D,20181029,000000,374.6,386.79,374.6,386.79,0,0
CTS_MV,D,20181030,000000,368.51,380.7,353.29,353.29,0,0
CTS_MV,D,20181031,000000,350.24,383.74,341.1,383.74,0,0
CTS_MV,D,20181102,000000,362.42,374.6,362.42,374.6,0,0
CTS_MV,D,20181105,000000,353.29,353.29,335.01,335.01,0,0
CTS_MV,D,20181106,000000,353.29,353.29,335.01,350.24,0,0
CTS_MV,D,20181113,000000,353.29,362.42,353.29,362.42,0,0
CTS_MV,D,20181114,000000,350.24,359.38,350.24,359.38,0,0
CTS_MV,D,20181115,000000,350.24,353.29,338.06,338.06,0,0
CTS_MV,D,20181116,000000,359.38,359.38,359.38,359.38,0,0
CTS_MV,D,20181119,000000,353.29,359.38,353.29,356.33,0,0
CTS_MV,D,20181120,000000,344.14,344.14,341.1,341.1,0,0
CTS_MV,D,20181121,000000,347.19,347.19,347.19,347.19,0,0
CTS_MV,D,20181122,000000,353.29,353.29,353.29,353.29,0,0
CTS_MV,D,20181123,000000,338.06,347.19,335.01,347.19,0,0
CTS_MV,D,20181126,000000,328.92,347.19,328.92,347.19,0,0
CTS_MV,D,20181127,000000,341.1,344.14,341.1,344.14,0,0
CTS_MV,D,20181128,000000,335.01,341.1,335.01,341.1,0,0
CTS_MV,D,20181129,000000,341.1,359.38,341.1,359.38,0,0
CTS_MV,D,20181130,000000,365.47,374.6,365.47,374.6,0,0
CTS_MV,D,20181204,000000,353.29,353.29,344.14,344.14,0,0
CTS_MV,D,20181210,000000,344.14,344.14,344.14,344.14,0,0
CTS_MV,D,20181220,000000,338.06,338.06,335.01,335.01,0,0
CTS_MV,D,20181221,000000,338.06,362.42,335.01,362.42,0,0
CTS_MV,D,20181227,000000,362.42,395.92,362.42,395.92,0,0
CTS_MV,D,20181228,000000,395.92,414.2,377.64,414.2,0,0
CTS_MV,D,20190102,000000,395.92,414.2,395.92,414.2,0,0
CTS_MV,D,20190103,000000,402.01,402.01,402.01,402.01,0,0
CTS_MV,D,20190107,000000,405.06,405.06,405.06,405.06,0,0
CTS_MV,D,20190108,000000,395.92,405.06,395.92,405.06,0,0
CTS_MV,D,20190109,000000,411.15,414.2,411.15,414.2,0,0
CTS_MV,D,20190111,000000,398.97,411.15,395.92,411.15,0,0
CTS_MV,D,20190114,000000,420.29,420.29,420.29,420.29,0,0
CTS_MV,D,20190115,000000,420.29,420.29,420.29,420.29,0,0
CTS_MV,D,20190116,000000,420.29,420.29,420.29,420.29,0,0
CTS_MV,D,20190117,000000,420.29,426.38,420.29,426.38,0,0
CTS_MV,D,20190121,000000,405.06,420.29,405.06,420.29,0,0
CTS_MV,D,20190122,000000,426.38,426.38,426.38,426.38,0,0
CTS_MV,D,20190124,000000,426.38,438.56,426.38,438.56,0,0
CTS_MV,D,20190125,000000,426.38,426.38,426.38,426.38,0,0
CTS_MV,D,20190129,000000,426.38,450.74,426.38,450.74,0,0
CTS_MV,D,20190130,000000,450.74,450.74,450.74,450.74,0,0
CTS_MV,D,20190131,000000,450.74,465.97,450.74,465.97,0,0
CTS_MV,D,20190205,000000,465.97,465.97,465.97,465.97,0,0
CTS_MV,D,20190206,000000,456.83,456.83,456.83,456.83,0,0
CTS_MV,D,20190207,000000,456.83,456.83,456.83,456.83,0,0
CTS_MV,D,20190214,000000,456.83,465.97,456.83,465.97,0,0
CTS_MV,D,20190215,000000,475.11,475.11,465.97,465.97,0,0
CTS_MV,D,20190218,000000,453.79,453.79,453.79,453.79,0,0
CTS_MV,D,20190226,000000,435.51,453.79,435.51,453.79,0,0
CTS_MV,D,20190301,000000,426.38,426.38,426.38,426.38,0,0
CTS_MV,D,20190305,000000,411.15,411.15,408.1,408.1,0,0
CTS_MV,D,20190306,000000,383.74,383.74,383.74,383.74,0,0
CTS_MV,D,20190311,000000,365.47,365.47,347.19,347.19,0,0
CTS_MV,D,20190312,000000,347.19,347.19,347.19,347.19,0,0
CTS_MV,D,20190313,000000,350.24,362.42,350.24,362.42,0,0
CTS_MV,D,20190314,000000,374.6,383.74,374.6,383.74,0,0
CTS_MV,D,20190315,000000,389.83,389.83,389.83,389.83,0,0
CTS_MV,D,20190318,000000,389.83,392.88,383.74,392.88,0,0
CTS_MV,D,20190319,000000,392.88,392.88,392.88,392.88,0,0
CTS_MV,D,20190321,000000,377.64,386.79,371.56,386.79,0,0
CTS_MV,D,20190326,000000,392.88,392.88,392.88,392.88,0,0
CTS_MV,D,20190328,000000,395.92,395.92,395.92,395.92,0,0
CTS_MV,D,20190329,000000,414.2,414.2,414.2,414.2,0,0
CTS_MV,D,20190401,000000,394.4,394.4,394.4,394.4,0,0
CTS_MV,D,20190402,000000,379.48,380.08,379.17,379.17,0,0
CTS_MV,D,20190404,000000,379.17,394.4,378.56,394.4,0,0
CTS_MV,D,20190405,000000,394.4,394.4,394.4,394.4,0,0
CTS_MV,D,20190410,000000,389.83,389.83,389.83,389.83,0,0
CTS_MV,D,20190412,000000,388.31,388.31,388.31,388.31,0,0
CTS_MV,D,20190415,000000,388.31,388.31,388.31,388.31,0,0
CTS_MV,D,20190417,000000,389.83,394.4,389.83,394.4,0,0
CTS_MV,D,20190424,000000,371.56,388.31,371.56,388.31,0,0
CTS_MV,D,20190430,000000,389.83,394.4,389.83,394.4,0,0
CTS_MV,D,20190510,000000,389.83,389.83,389.83,389.83,0,0
CTS_MV,D,20190513,000000,389.83,389.83,389.83,389.83,0,0
CTS_MV,D,20190516,000000,371.56,394.4,371.56,394.4,0,0
CTS_MV,D,20190520,000000,389.83,394.4,389.83,389.83,0,0
CTS_MV,D,20190521,000000,402.01,402.01,402.01,402.01,0,0
CTS_MV,D,20190523,000000,371.56,394.4,371.56,394.4,0,0
CTS_MV,D,20190527,000000,402.01,402.01,402.01,402.01,0,0
CTS_MV,D,20190528,000000,371.56,389.83,371.56,389.83,0,0
CTS_MV,D,20190529,000000,371.56,389.83,371.56,389.83,0,0
CTS_MV,D,20190531,000000,395.92,395.92,388.31,395.92,0,0
CTS_MV,D,20190603,000000,373.08,388.31,371.56,388.31,0,0
CTS_MV,D,20190604,000000,371.56,371.56,371.56,371.56,0,0
CTS_MV,D,20190605,000000,365.47,365.47,365.47,365.47,0,0
CTS_MV,D,20190606,000000,365.47,365.47,365.47,365.47,0,0
CTS_MV,D,20190610,000000,382.22,382.22,365.47,382.22,0,0
CTS_MV,D,20190611,000000,382.22,392.88,382.22,392.88,0,0
CTS_MV,D,20190612,000000,373.08,373.08,373.08,373.08,0,0
CTS_MV,D,20190613,000000,371.56,385.27,371.56,385.27,0,0
CTS_MV,D,20190614,000000,365.47,383.74,365.47,383.74,0,0
CTS_MV,D,20190617,000000,366.99,366.99,366.99,366.99,0,0
CTS_MV,D,20190618,000000,368.51,389.83,368.51,389.83,0,0
CTS_MV,D,20190619,000000,366.99,366.99,366.99,366.99,0,0
CTS_MV,D,20190621,000000,366.99,366.99,366.99,366.99,0,0
CTS_MV,D,20190624,000000,359.38,359.38,350.24,350.24,0,0
CTS_MV,D,20190625,000000,344.14,344.14,344.14,344.14,0,0
CTS_MV,D,20190627,000000,338.06,338.06,338.06,338.06,0,0
CTS_MV,D,20190628,000000,347.19,350.24,335.01,335.01,0,0
CTS_MV,D,20190701,000000,335.01,335.01,335.01,335.01,0,0
CTS_MV,D,20190702,000000,328.92,328.92,319.79,319.79,0,0
CTS_MV,D,20190703,000000,310.64,310.64,304.56,304.56,0,0
CTS_MV,D,20190704,000000,304.86,310.64,304.56,310.64,0,0
CTS_MV,D,20190705,000000,310.64,310.64,304.56,304.56,0,0
CTS_MV,D,20190708,000000,304.56,304.56,304.56,304.56,0,0
CTS_MV,D,20190709,000000,304.56,304.56,304.56,304.56,0,0
CTS_MV,D,20190710,000000,304.56,304.56,304.56,304.56,0,0
CTS_MV,D,20190711,000000,304.56,304.56,301.51,301.51,0,0
CTS_MV,D,20190712,000000,301.51,301.51,301.51,301.51,0,0
CTS_MV,D,20190715,000000,298.47,298.47,298.47,298.47,0,0
CTS_MV,D,20190716,000000,289.33,296.94,289.33,296.94,0,0
CTS_MV,D,20190717,000000,283.23,290.85,283.23,290.85,0,0
CTS_MV,D,20190718,000000,277.14,277.14,277.14,277.14,0,0
CTS_MV,D,20190724,000000,277.14,277.14,277.14,277.14,0,0
CTS_MV,D,20190726,000000,278.67,278.67,277.14,278.67,0,0
CTS_MV,D,20190729,000000,278.98,278.98,278.98,278.98,0,0
CTS_MV,D,20190730,000000,292.38,306.08,292.38,306.08,0,0
CTS_MV,D,20190731,000000,296.94,296.94,296.94,296.94,0,0
CTS_MV,D,20190801,000000,295.42,295.42,295.42,295.42,0,0
CTS_MV,D,20190802,000000,295.42,295.42,295.42,295.42,0,0
CTS_MV,D,20190808,000000,296.94,296.94,296.94,296.94,0,0
CTS_MV,D,20190809,000000,295.42,295.42,295.42,295.42,0,0
CTS_MV,D,20190812,000000,295.42,295.42,295.42,295.42,0,0
CTS_MV,D,20190814,000000,296.94,296.94,296.94,296.94,0,0
CTS_MV,D,20190816,000000,296.94,304.56,296.94,304.56,0,0
CTS_MV,D,20190820,000000,304.56,304.56,295.45,295.45,0,0
CTS_MV,D,20190821,000000,295.45,295.45,295.45,295.45,0,0
CTS_MV,D,20190822,000000,295.42,295.42,295.42,295.42,0,0
CTS_MV,D,20190823,000000,304.56,304.56,295.42,295.42,0,0
CTS_MV,D,20190826,000000,295.42,295.42,295.42,295.42,0,0
CTS_MV,D,20190828,000000,295.42,304.56,295.42,304.56,0,0
CTS_MV,D,20190829,000000,295.42,295.42,292.38,292.38,0,0
CTS_MV,D,20190830,000000,304.56,304.56,295.42,295.42,0,0
CTS_MV,D,20190904,000000,296.94,296.94,296.94,296.94,0,0
CTS_MV,D,20190905,000000,298.5,298.5,298.47,298.47,0,0
CTS_MV,D,20190906,000000,298.5,298.5,298.47,298.47,0,0
CTS_MV,D,20190909,000000,298.47,298.47,296.94,296.94,0,0
CTS_MV,D,20190910,000000,296.94,296.94,296.94,296.94,0,0
CTS_MV,D,20190911,000000,296.94,296.94,296.94,296.94,0,0
CTS_MV,D,20190913,000000,304.53,304.53,296.94,296.94,0,0
CTS_MV,D,20190916,000000,296.97,296.97,296.94,296.94,0,0
CTS_MV,D,20190917,000000,296.97,296.97,296.94,296.94,0,0
CTS_MV,D,20190918,000000,296.97,296.97,296.94,296.94,0,0
CTS_MV,D,20190919,000000,296.97,296.97,296.94,296.94,0,0
CTS_MV,D,20190920,000000,296.97,296.97,296.94,296.94,0,0
CTS_MV,D,20190923,000000,296.94,296.94,296.94,296.94,0,0
CTS_MV,D,20190924,000000,296.94,296.94,296.94,296.94,0,0
CTS_MV,D,20190925,000000,296.94,296.94,296.94,296.94,0,0
CTS_MV,D,20190926,000000,296.94,296.94,296.94,296.94,0,0
CTS_MV,D,20190927,000000,296.94,296.94,296.94,296.94,0,0
CTS_MV,D,20190930,000000,296.94,296.94,296.94,296.94,0,0
CTS_MV,D,20191001,000000,296.94,296.94,296.94,296.94,0,0
CTS_MV,D,20191002,000000,296.94,296.94,292.38,292.38,0,0
CTS_MV,D,20191003,000000,296.94,296.94,296.94,296.94,0,0
CTS_MV,D,20191008,000000,296.94,296.94,296.94,296.94,0,0
CTS_MV,D,20191009,000000,296.94,296.94,296.94,296.94,0,0
CTS_MV,D,20191010,000000,296.94,296.94,296.94,296.94,0,0
CTS_MV,D,20191014,000000,296.94,296.94,296.94,296.94,0,0
CTS_MV,D,20191021,000000,292.38,292.38,292.38,292.38,0,0
CTS_MV,D,20191022,000000,292.38,292.38,292.38,292.38,0,0
CTS_MV,D,20191025,000000,296.94,296.94,292.38,292.38,0,0
CTS_MV,D,20191030,000000,296.92,296.92,296.92,296.92,0,0
CTS_MV,D,20191105,000000,296.94,296.94,296.94,296.94,0,0
CTS_MV,D,20191113,000000,283.23,283.23,283.23,283.23,0,0
CTS_MV,D,20191119,000000,290.85,290.85,290.85,290.85,0,0
CTS_MV,D,20191120,000000,290.85,290.85,290.85,290.85,0,0
CTS_MV,D,20191121,000000,290.85,290.85,290.85,290.85,0,0
CTS_MV,D,20191127,000000,278.67,278.67,278.06,278.06,0,0
CTS_MV,D,20191128,000000,278.06,278.06,278.06,278.06,0,0
CTS_MV,D,20191129,000000,277.75,277.75,277.75,277.75,0,0
CTS_MV,D,20191205,000000,276.23,276.23,276.23,276.23,0,0
CTS_MV,D,20191212,000000,275.93,277.75,275.93,277.75,0,0
CTS_MV,D,20191213,000000,275.93,275.93,275.93,275.93,0,0
CTS_MV,D,20191216,000000,289.33,289.33,275.93,289.33,0,0
CTS_MV,D,20191227,000000,276.23,277.75,276.23,277.75,0,0
CTS_MV,D,20200103,000000,277.75,277.75,277.75,277.75,0,0
CTS_MV,D,20200107,000000,275.93,277.75,275.93,277.75,0,0
CTS_MV,D,20200116,000000,280.19,280.19,280.19,280.19,0,0
CTS_MV,D,20200117,000000,280.19,280.19,280.19,280.19,0,0
CTS_MV,D,20200120,000000,280.19,280.19,280.19,280.19,0,0
CTS_MV,D,20200121,000000,286.28,286.28,286.28,286.28,0,0
CTS_MV,D,20200122,000000,280.19,280.19,280.19,280.19,0,0
CTS_MV,D,20200124,000000,289.02,289.02,289.02,289.02,0,0
CTS_MV,D,20200206,000000,289.02,289.02,289.02,289.02,0,0
CTS_MV,D,20200214,000000,275.93,275.93,275.93,275.93,0,0
CTS_MV,D,20200217,000000,275.62,275.62,258.88,258.88,0,0
CTS_MV,D,20200218,000000,261.92,261.92,249.73,249.73,0,0
CTS_MV,D,20200219,000000,249.73,249.73,237.56,237.56,0,0
CTS_MV,D,20200220,000000,228.42,228.42,228.42,228.42,0,0
CTS_MV,D,20200227,000000,228.42,229.94,228.42,229.94,0,0
CTS_MV,D,20200228,000000,220.8,220.8,220.8,220.8,0,0
CTS_MV,D,20200305,000000,220.8,220.8,219.28,219.28,0,0
CTS_MV,D,20200312,000000,216.23,216.23,204.06,204.06,0,0
CTS_MV,D,20200316,000000,197.97,197.97,188.82,188.82,0,0
CTS_MV,D,20200317,000000,182.73,182.73,182.73,182.73,0,0
CTS_MV,D,20200320,000000,181.21,182.73,181.21,181.21,0,0
CTS_MV,D,20200408,000000,185.78,188.82,185.78,188.82,0,0
CTS_MV,D,20200409,000000,191.87,197.97,191.87,197.97,0,0
CTS_MV,D,20200414,000000,206.79,207.1,206.79,207.1,0,0
CTS_MV,D,20200415,000000,204.06,207.1,204.06,207.1,0,0
CTS_MV,D,20200417,000000,207.1,207.1,207.1,207.1,0,0
CTS_MV,D,20200427,000000,207.1,207.1,207.1,207.1,0,0
CTS_MV,D,20200428,000000,207.1,207.1,207.1,207.1,0,0
CTS_MV,D,20200430,000000,243.64,243.64,243.64,243.64,0,0
CTS_MV,D,20200504,000000,249.73,249.73,249.73,249.73,0,0
CTS_MV,D,20200505,000000,261.92,261.92,261.92,261.92,0,0
CTS_MV,D,20200507,000000,255.82,266.49,255.82,266.49,0,0
CTS_MV,D,20200513,000000,255.82,255.82,255.82,255.82,0,0
CTS_MV,D,20200514,000000,249.73,249.73,199.79,230.24,0,0
CTS_MV,D,20200520,000000,266.49,266.49,266.49,266.49,0,0
CTS_MV,D,20200521,000000,270.45,270.45,255.82,255.82,0,0
CTS_MV,D,20200522,000000,249.73,249.73,249.73,249.73,0,0
CTS_MV,D,20200527,000000,246.69,246.69,246.69,246.69,0,0
CTS_MV,D,20200529,000000,245.17,277.14,243.64,277.14,0,0
CTS_MV,D,20200602,000000,261.92,277.14,261.92,277.14,0,0
CTS_MV,D,20200603,000000,274.1,278.67,261.92,278.67,0,0
CTS_MV,D,20200605,000000,274.1,274.1,274.1,274.1,0,0
CTS_MV,D,20200608,000000,274.1,274.1,274.1,274.1,0,0
CTS_MV,D,20200609,000000,277.14,277.14,277.14,277.14,0,0
CTS_MV,D,20200610,000000,277.14,277.14,277.14,277.14,0,0
CTS_MV,D,20200618,000000,304.56,304.56,304.56,304.56,0,0
CTS_MV,D,20200619,000000,307.6,310.64,307.6,310.64,0,0
CTS_MV,D,20200622,000000,319.79,319.79,303.03,319.79,0,0
CTS_MV,D,20200623,000000,319.79,335.01,319.79,335.01,0,0
CTS_MV,D,20200624,000000,335.01,344.14,335.01,344.14,0,0
CTS_MV,D,20200625,000000,348.71,348.71,348.71,348.71,0,0
CTS_MV,D,20200626,000000,351.77,351.77,350.24,350.24,0,0
CTS_MV,D,20200629,000000,361.93,361.93,330.32,330.32,0,0
CTS_MV,D,20200630,000000,316.1,316.1,284.49,301.88,0,0
CTS_MV,D,20200701,000000,290.81,290.81,290.81,290.81,0,0
CTS_MV,D,20200702,000000,305.04,305.04,284.49,284.49,0,0
CTS_MV,D,20200707,000000,284.49,284.49,284.49,284.49,0,0
CTS_MV,D,20200709,000000,284.49,284.49,256.04,256.04,0,0
CTS_MV,D,20200710,000000,256.04,298.71,256.04,298.71,0,0
CTS_MV,D,20200713,000000,284.81,284.81,284.81,284.81,0,0
CTS_MV,D,20200715,000000,284.81,284.81,284.49,284.49,0,0
CTS_MV,D,20200716,000000,284.49,284.49,284.49,284.49,0,0
CTS_MV,D,20200717,000000,284.49,284.49,284.49,284.49,0,0
CTS_MV,D,20200720,000000,243.4,243.4,243.4,243.4,0,0
CTS_MV,D,20200721,000000,287.65,287.65,284.49,284.49,0,0
CTS_MV,D,20200722,000000,308.2,308.2,293.97,293.97,0,0
CTS_MV,D,20200723,000000,300.3,300.3,300.3,300.3,0,0
CTS_MV,D,20200727,000000,284.49,303.46,284.49,303.46,0,0
CTS_MV,D,20200728,000000,303.46,303.46,303.46,303.46,0,0
CTS_MV,D,20200729,000000,303.46,303.46,284.49,297.13,0,0
CTS_MV,D,20200730,000000,284.49,284.49,284.49,284.49,0,0
CTS_MV,D,20200806,000000,287.65,287.65,287.65,287.65,0,0
CTS_MV,D,20200810,000000,287.65,290.81,287.65,290.81,0,0
CTS_MV,D,20200811,000000,284.49,284.49,284.49,284.49,0,0
CTS_MV,D,20200814,000000,284.49,284.49,284.49,284.49,0,0
CTS_MV,D,20200817,000000,284.49,284.49,278.17,278.17,0,0
CTS_MV,D,20200818,000000,275.01,275.01,275.01,275.01,0,0
CTS_MV,D,20200819,000000,281.33,281.33,265.52,281.33,0,0
CTS_MV,D,20200821,000000,278.17,278.17,278.17,278.17,0,0
CTS_MV,D,20200825,000000,268.69,268.69,268.69,268.69,0,0
CTS_MV,D,20200831,000000,281.33,281.33,281.33,281.33,0,0
CTS_MV,D,20200902,000000,281.33,293.97,281.33,293.97,0,0
CTS_MV,D,20200916,000000,279.75,279.75,279.75,279.75,0,0
CTS_MV,D,20200917,000000,267.1,267.1,267.1,267.1,0,0
CTS_MV,D,20200918,000000,267.1,279.75,267.1,279.75,0,0
CTS_MV,D,20200923,000000,267.1,267.1,246.56,252.88,0,0
CTS_MV,D,20200924,000000,261.73,261.73,261.73,261.73,0,0
CTS_MV,D,20200925,000000,252.88,252.88,252.88,252.88,0,0
CTS_MV,D,20200928,000000,246.56,246.56,244.98,244.98,0,0
CTS_MV,D,20201005,000000,241.82,241.82,241.82,241.82,0,0
CTS_MV,D,20201006,000000,237.08,237.08,233.91,237.08,0,0
CTS_MV,D,20201007,000000,241.82,252.88,241.82,252.88,0,0
CTS_MV,D,20201008,000000,232.33,244.98,232.33,244.98,0,0
CTS_MV,D,20201009,000000,247.82,248.14,247.82,248.14,0,0
CTS_MV,D,20201012,000000,260.78,284.17,250.04,252.56,0,0
CTS_MV,D,20201013,000000,256.36,256.36,256.36,256.36,0,0
CTS_MV,D,20201014,000000,256.99,257.31,256.67,257.31,0,0
CTS_MV,D,20201015,000000,256.04,256.04,254.46,254.78,0,0
CTS_MV,D,20201016,000000,254.46,259.2,254.46,259.2,0,0
