<TICKER>,<PER>,<DATE>,<TIME>,<OPEN>,<HIGH>,<LOW>,<CLOSE>,<VOL>,<OPENINT>
EDI_PE,D,20101220,000000,3.1552,3.1552,3.1552,3.1552,0,0
EDI_PE,D,20101221,000000,3.1552,3.1552,3.0264,3.0909,0,0
EDI_PE,D,20101222,000000,3.0909,3.2196,3.0909,3.1552,0,0
EDI_PE,D,20101223,000000,3.2196,3.2196,3.1552,3.2196,0,0
EDI_PE,D,20101227,000000,3.1552,3.2196,3.0909,3.2196,0,0
EDI_PE,D,20101228,000000,3.2196,3.2196,3.0909,3.0909,0,0
EDI_PE,D,20101229,000000,3.2196,3.284,3.0909,3.284,0,0
EDI_PE,D,20101230,000000,3.2196,3.3483,3.2196,3.3483,0,0
EDI_PE,D,20101231,000000,3.3476,3.3476,3.2813,3.3476,0,0
EDI_PE,D,20110103,000000,3.284,3.3483,3.1552,3.1552,0,0
EDI_PE,D,20110104,000000,3.1552,3.1552,3.1552,3.1552,0,0
EDI_PE,D,20110105,000000,3.1552,3.1552,3.1552,3.1552,0,0
EDI_PE,D,20110107,000000,3.2196,3.2196,3.1552,3.2196,0,0
EDI_PE,D,20110110,000000,3.2196,3.2196,3.1552,3.1552,0,0
EDI_PE,D,20110112,000000,3.2196,3.2196,3.1552,3.2196,0,0
EDI_PE,D,20110113,000000,3.2196,3.284,3.2196,3.284,0,0
EDI_PE,D,20110114,000000,3.284,3.284,3.2196,3.284,0,0
EDI_PE,D,20110117,000000,3.2196,3.284,3.2196,3.284,0,0
EDI_PE,D,20110118,000000,3.284,3.3483,3.284,3.3483,0,0
EDI_PE,D,20110119,000000,3.3483,3.3483,3.2196,3.2196,0,0
EDI_PE,D,20110120,000000,3.3483,3.3483,3.284,3.284,0,0
EDI_PE,D,20110121,000000,3.284,3.3483,3.2196,3.3483,0,0
EDI_PE,D,20110124,000000,3.3483,3.3483,3.284,3.284,0,0
EDI_PE,D,20110125,000000,3.284,3.284,3.284,3.284,0,0
EDI_PE,D,20110126,000000,3.284,3.284,3.2196,3.2196,0,0
EDI_PE,D,20110127,000000,3.2196,3.284,3.2196,3.284,0,0
EDI_PE,D,20110128,000000,3.284,3.284,3.284,3.284,0,0
EDI_PE,D,20110131,000000,3.2813,3.2813,3.2217,3.2813,0,0
EDI_PE,D,20110201,000000,3.2196,3.284,3.2196,3.284,0,0
EDI_PE,D,20110202,000000,3.1552,3.284,3.1552,3.284,0,0
EDI_PE,D,20110203,000000,3.284,3.284,3.2196,3.284,0,0
EDI_PE,D,20110204,000000,3.284,3.284,3.2196,3.284,0,0
EDI_PE,D,20110207,000000,3.284,3.3483,3.284,3.3483,0,0
EDI_PE,D,20110208,000000,3.3483,3.3483,3.284,3.284,0,0
EDI_PE,D,20110209,000000,3.284,3.284,3.284,3.284,0,0
EDI_PE,D,20110210,000000,3.284,3.284,3.284,3.284,0,0
EDI_PE,D,20110211,000000,3.284,3.284,3.284,3.284,0,0
EDI_PE,D,20110214,000000,3.284,3.284,3.284,3.284,0,0
EDI_PE,D,20110215,000000,3.284,3.284,3.284,3.284,0,0
EDI_PE,D,20110216,000000,3.284,3.284,3.284,3.284,0,0
EDI_PE,D,20110217,000000,3.284,3.284,3.2196,3.2196,0,0
EDI_PE,D,20110218,000000,3.2196,3.284,3.2196,3.284,0,0
EDI_PE,D,20110221,000000,3.284,3.284,3.284,3.284,0,0
EDI_PE,D,20110222,000000,3.2196,3.284,3.2196,3.2196,0,0
EDI_PE,D,20110223,000000,3.2196,3.284,3.2196,3.284,0,0
EDI_PE,D,20110224,000000,3.2196,3.284,3.2196,3.284,0,0
EDI_PE,D,20110225,000000,3.2196,3.284,3.2196,3.2196,0,0
EDI_PE,D,20110228,000000,3.2217,3.2813,3.2217,3.2813,0,0
EDI_PE,D,20110301,000000,3.284,3.284,3.284,3.284,0,0
EDI_PE,D,20110302,000000,3.2196,3.284,3.2196,3.284,0,0
EDI_PE,D,20110303,000000,3.284,3.284,3.284,3.284,0,0
EDI_PE,D,20110304,000000,3.284,3.284,3.284,3.284,0,0
EDI_PE,D,20110307,000000,3.284,3.284,3.284,3.284,0,0
EDI_PE,D,20110308,000000,3.284,3.284,3.284,3.284,0,0
EDI_PE,D,20110309,000000,3.284,3.284,3.284,3.284,0,0
EDI_PE,D,20110310,000000,3.284,3.284,3.2196,3.2196,0,0
EDI_PE,D,20110311,000000,3.284,3.284,3.2196,3.2196,0,0
EDI_PE,D,20110314,000000,3.284,3.284,3.2196,3.2196,0,0
EDI_PE,D,20110315,000000,3.284,3.284,3.2196,3.284,0,0
EDI_PE,D,20110316,000000,3.2196,3.284,3.2196,3.284,0,0
EDI_PE,D,20110317,000000,3.284,3.284,3.284,3.284,0,0
EDI_PE,D,20110318,000000,3.284,3.284,3.2196,3.2196,0,0
EDI_PE,D,20110321,000000,3.2196,4.1853,3.2196,4.1853,0,0
EDI_PE,D,20110322,000000,4.1853,4.3144,4.1853,4.3144,0,0
EDI_PE,D,20110323,000000,4.3144,4.5074,4.3144,4.4431,0,0
EDI_PE,D,20110324,000000,4.4431,4.6362,4.4431,4.5718,0,0
EDI_PE,D,20110325,000000,4.6362,4.6362,4.5074,4.5718,0,0
EDI_PE,D,20110328,000000,4.5718,4.5718,4.4431,4.5074,0,0
EDI_PE,D,20110329,000000,4.5074,4.5074,4.4431,4.5074,0,0
EDI_PE,D,20110330,000000,4.5074,4.5074,4.3785,4.3785,0,0
EDI_PE,D,20110331,000000,4.5077,4.5077,4.3817,4.3817,0,0
EDI_PE,D,20110401,000000,4.3144,4.3785,4.3144,4.3785,0,0
EDI_PE,D,20110404,000000,4.3785,4.3785,4.3785,4.3785,0,0
EDI_PE,D,20110405,000000,4.3785,4.3785,4.3785,4.3785,0,0
EDI_PE,D,20110406,000000,4.3785,4.3785,4.3144,4.3785,0,0
EDI_PE,D,20110407,000000,4.3785,4.3785,4.3785,4.3785,0,0
EDI_PE,D,20110408,000000,4.3785,4.3785,4.3785,4.3785,0,0
EDI_PE,D,20110411,000000,4.3144,4.3144,4.2498,4.2498,0,0
EDI_PE,D,20110412,000000,4.2498,4.2498,4.1853,4.1853,0,0
EDI_PE,D,20110413,000000,4.1853,4.2498,4.1853,4.2498,0,0
EDI_PE,D,20110414,000000,4.2498,4.3144,4.2498,4.3144,0,0
EDI_PE,D,20110415,000000,4.3144,4.3144,4.3144,4.3144,0,0
EDI_PE,D,20110418,000000,4.3144,4.3144,4.1853,4.3144,0,0
EDI_PE,D,20110419,000000,4.2498,4.3144,4.1211,4.2498,0,0
EDI_PE,D,20110420,000000,4.2498,4.2498,4.1211,4.2498,0,0
EDI_PE,D,20110421,000000,4.2498,4.2498,4.2498,4.2498,0,0
EDI_PE,D,20110426,000000,4.2498,4.2498,4.2498,4.2498,0,0
EDI_PE,D,20110427,000000,4.2498,4.2498,4.1211,4.2498,0,0
EDI_PE,D,20110428,000000,4.2498,4.2498,4.1853,4.1853,0,0
EDI_PE,D,20110429,000000,4.1829,4.1829,4.0569,4.1829,0,0
EDI_PE,D,20110502,000000,4.1211,4.1853,4.1211,4.1211,0,0
EDI_PE,D,20110504,000000,4.0567,4.0567,3.9923,4.0567,0,0
EDI_PE,D,20110505,000000,4.0567,4.0567,4.0567,4.0567,0,0
EDI_PE,D,20110506,000000,4.1211,4.1211,3.928,3.9923,0,0
EDI_PE,D,20110509,000000,3.928,3.9923,3.928,3.9923,0,0
EDI_PE,D,20110510,000000,3.9923,3.9923,3.928,3.928,0,0
EDI_PE,D,20110511,000000,3.928,3.928,3.7991,3.8634,0,0
EDI_PE,D,20110512,000000,3.9923,3.9923,3.7347,3.7991,0,0
EDI_PE,D,20110513,000000,3.7991,3.7991,3.6059,3.6703,0,0
EDI_PE,D,20110516,000000,3.5415,4.0567,3.5415,4.0567,0,0
EDI_PE,D,20110517,000000,4.1211,4.1211,3.9923,3.9923,0,0
EDI_PE,D,20110518,000000,3.8634,3.9923,3.7347,3.7347,0,0
EDI_PE,D,20110519,000000,3.6703,3.8634,3.6703,3.7991,0,0
EDI_PE,D,20110520,000000,3.7991,3.7991,3.7991,3.7991,0,0
EDI_PE,D,20110523,000000,3.7347,3.7991,3.7347,3.7991,0,0
EDI_PE,D,20110524,000000,3.7991,3.7991,3.7991,3.7991,0,0
EDI_PE,D,20110525,000000,3.7991,3.8634,3.7991,3.8634,0,0
EDI_PE,D,20110526,000000,3.7347,3.8634,3.7347,3.8634,0,0
EDI_PE,D,20110527,000000,3.928,3.928,3.7991,3.8634,0,0
EDI_PE,D,20110530,000000,3.928,3.928,3.8634,3.928,0,0
EDI_PE,D,20110531,000000,3.9309,3.9907,3.9309,3.9907,0,0
EDI_PE,D,20110601,000000,3.9923,3.9923,3.7991,3.7991,0,0
EDI_PE,D,20110602,000000,3.928,3.928,3.6059,3.6703,0,0
EDI_PE,D,20110603,000000,3.6703,3.6703,3.4771,3.4771,0,0
EDI_PE,D,20110606,000000,3.5415,3.6703,3.4771,3.5415,0,0
EDI_PE,D,20110607,000000,3.6061,3.6061,3.414,3.4802,0,0
EDI_PE,D,20110608,000000,3.4802,3.6061,3.4802,3.6061,0,0
EDI_PE,D,20110609,000000,3.6061,3.7983,3.6061,3.7983,0,0
EDI_PE,D,20110610,000000,3.7991,3.8634,3.7991,3.7991,0,0
EDI_PE,D,20110613,000000,3.8634,3.928,3.8634,3.928,0,0
EDI_PE,D,20110614,000000,3.928,3.928,3.8634,3.928,0,0
EDI_PE,D,20110615,000000,3.928,4.1853,3.928,4.0567,0,0
EDI_PE,D,20110616,000000,4.0569,4.0569,3.8648,3.8648,0,0
EDI_PE,D,20110617,000000,3.9907,3.9907,3.8648,3.9309,0,0
EDI_PE,D,20110620,000000,3.928,3.928,3.7991,3.7991,0,0
EDI_PE,D,20110621,000000,3.7991,4.0567,3.7991,4.0567,0,0
EDI_PE,D,20110622,000000,3.9309,4.1829,3.9309,4.1829,0,0
EDI_PE,D,20110624,000000,4.1829,4.1829,4.0569,4.1829,0,0
EDI_PE,D,20110627,000000,4.0569,4.1829,3.9907,3.9907,0,0
EDI_PE,D,20110628,000000,4.1232,4.1232,3.9907,4.1232,0,0
EDI_PE,D,20110629,000000,4.0569,4.1232,3.8648,4.1232,0,0
EDI_PE,D,20110630,000000,4.1232,4.1232,4.0569,4.0569,0,0
EDI_PE,D,20110701,000000,4.0569,4.0569,4.0569,4.0569,0,0
EDI_PE,D,20110704,000000,4.1232,4.1232,4.1232,4.1232,0,0
EDI_PE,D,20110705,000000,4.1232,4.1232,4.1232,4.1232,0,0
EDI_PE,D,20110706,000000,4.1232,4.1232,3.9907,3.9907,0,0
EDI_PE,D,20110707,000000,4.1098,4.1098,4.1098,4.1098,0,0
EDI_PE,D,20110708,000000,4.1098,4.1098,4.1098,4.1098,0,0
EDI_PE,D,20110711,000000,4.1098,4.1098,4.1098,4.1098,0,0
EDI_PE,D,20110712,000000,4.0437,4.0437,3.8448,3.8448,0,0
EDI_PE,D,20110713,000000,3.8448,3.9773,3.8448,3.9773,0,0
EDI_PE,D,20110714,000000,3.9773,3.9773,3.7785,3.7785,0,0
EDI_PE,D,20110715,000000,3.7785,3.7785,3.7785,3.7785,0,0
EDI_PE,D,20110718,000000,3.7785,3.911,3.7785,3.911,0,0
EDI_PE,D,20110719,000000,3.7785,3.911,3.7785,3.911,0,0
EDI_PE,D,20110720,000000,3.911,3.911,3.911,3.911,0,0
EDI_PE,D,20110721,000000,3.911,3.911,3.7785,3.7785,0,0
EDI_PE,D,20110722,000000,3.7785,3.7785,3.7785,3.7785,0,0
EDI_PE,D,20110725,000000,3.7785,3.7785,3.7785,3.7785,0,0
EDI_PE,D,20110726,000000,3.7785,3.7785,3.7785,3.7785,0,0
EDI_PE,D,20110727,000000,3.7785,3.8448,3.7121,3.8448,0,0
EDI_PE,D,20110728,000000,3.646,3.8448,3.646,3.8448,0,0
EDI_PE,D,20110729,000000,3.7785,4.0437,3.7785,3.911,0,0
EDI_PE,D,20110801,000000,3.8448,3.9773,3.8448,3.911,0,0
EDI_PE,D,20110802,000000,3.911,3.911,3.7785,3.911,0,0
EDI_PE,D,20110803,000000,3.911,4.0437,3.8448,3.8448,0,0
EDI_PE,D,20110804,000000,3.911,3.911,3.911,3.911,0,0
EDI_PE,D,20110805,000000,3.7121,3.911,3.7121,3.7785,0,0
EDI_PE,D,20110808,000000,3.7785,3.911,3.646,3.646,0,0
EDI_PE,D,20110809,000000,3.5797,3.7785,3.447,3.5797,0,0
EDI_PE,D,20110810,000000,3.7121,3.7121,3.447,3.447,0,0
EDI_PE,D,20110811,000000,3.447,3.447,3.1156,3.3144,0,0
EDI_PE,D,20110812,000000,3.2481,3.3144,3.2481,3.2481,0,0
EDI_PE,D,20110816,000000,3.2481,3.646,3.2481,3.5132,0,0
EDI_PE,D,20110817,000000,3.5132,3.5797,3.5132,3.5797,0,0
EDI_PE,D,20110818,000000,3.5797,3.5797,3.3144,3.3144,0,0
EDI_PE,D,20110819,000000,3.3144,3.3144,3.3144,3.3144,0,0
EDI_PE,D,20110823,000000,3.3144,3.3144,3.3144,3.3144,0,0
EDI_PE,D,20110829,000000,3.3144,3.646,3.3144,3.646,0,0
EDI_PE,D,20110830,000000,3.646,3.7121,3.646,3.646,0,0
EDI_PE,D,20110831,000000,3.7121,3.9773,3.2481,3.2481,0,0
EDI_PE,D,20110901,000000,3.1819,3.2481,3.1819,3.1819,0,0
EDI_PE,D,20110902,000000,3.2481,3.3144,3.1819,3.2481,0,0
EDI_PE,D,20110905,000000,3.3808,3.3808,3.2481,3.2481,0,0
EDI_PE,D,20110906,000000,3.2481,3.2481,3.2481,3.2481,0,0
EDI_PE,D,20110907,000000,3.2481,3.2481,3.2481,3.2481,0,0
EDI_PE,D,20110908,000000,3.3144,3.3144,3.2481,3.3144,0,0
EDI_PE,D,20110909,000000,3.3144,3.3144,3.1819,3.1819,0,0
EDI_PE,D,20110912,000000,3.1819,3.1819,3.1819,3.1819,0,0
EDI_PE,D,20110913,000000,3.1819,3.1819,3.0492,3.0492,0,0
EDI_PE,D,20110914,000000,2.9831,2.9831,2.9168,2.9168,0,0
EDI_PE,D,20110915,000000,2.9168,2.9831,2.9168,2.9831,0,0
EDI_PE,D,20110916,000000,2.9831,3.1156,2.9168,3.0492,0,0
EDI_PE,D,20110919,000000,3.0492,3.0492,2.9168,3.0492,0,0
EDI_PE,D,20110920,000000,3.0492,3.0492,3.0492,3.0492,0,0
EDI_PE,D,20110921,000000,3.0492,3.0492,3.0492,3.0492,0,0
EDI_PE,D,20110922,000000,2.9168,2.9168,2.9168,2.9168,0,0
EDI_PE,D,20110923,000000,2.9168,2.9168,2.7841,2.9168,0,0
EDI_PE,D,20110926,000000,2.8503,2.9168,2.8503,2.9168,0,0
EDI_PE,D,20110927,000000,2.9168,2.9168,2.8503,2.8503,0,0
EDI_PE,D,20110928,000000,2.8503,2.8503,2.8503,2.8503,0,0
EDI_PE,D,20110929,000000,2.8503,2.8503,2.8503,2.8503,0,0
EDI_PE,D,20110930,000000,2.8503,2.8503,2.7841,2.8503,0,0
EDI_PE,D,20111003,000000,2.8503,2.8503,2.8503,2.8503,0,0
EDI_PE,D,20111004,000000,2.7179,2.8503,2.7179,2.7179,0,0
EDI_PE,D,20111005,000000,2.8503,2.8503,2.7179,2.8503,0,0
EDI_PE,D,20111006,000000,2.8503,2.8503,2.8503,2.8503,0,0
EDI_PE,D,20111007,000000,2.8503,2.8503,2.8503,2.8503,0,0
EDI_PE,D,20111010,000000,2.8503,2.8503,2.8503,2.8503,0,0
EDI_PE,D,20111011,000000,2.8503,2.8503,2.8503,2.8503,0,0
EDI_PE,D,20111012,000000,2.8503,2.8503,2.8503,2.8503,0,0
EDI_PE,D,20111013,000000,2.7841,2.7841,2.6516,2.6516,0,0
EDI_PE,D,20111014,000000,2.6516,2.7179,2.6516,2.7179,0,0
EDI_PE,D,20111017,000000,2.7179,2.7179,2.7179,2.7179,0,0
EDI_PE,D,20111018,000000,2.7179,2.7179,2.7179,2.7179,0,0
EDI_PE,D,20111019,000000,2.7179,2.7179,2.7179,2.7179,0,0
EDI_PE,D,20111021,000000,2.7179,2.7179,2.7179,2.7179,0,0
EDI_PE,D,20111024,000000,2.7179,2.7179,2.6516,2.7179,0,0
EDI_PE,D,20111025,000000,2.7179,2.9168,2.7179,2.7841,0,0
EDI_PE,D,20111026,000000,2.7841,2.7841,2.6516,2.7841,0,0
EDI_PE,D,20111027,000000,2.7179,2.7179,2.7179,2.7179,0,0
EDI_PE,D,20111028,000000,2.6516,2.7179,2.5852,2.7179,0,0
EDI_PE,D,20111102,000000,2.7179,2.7841,2.6516,2.7179,0,0
EDI_PE,D,20111103,000000,2.7179,2.7179,2.7179,2.7179,0,0
EDI_PE,D,20111104,000000,2.7179,2.7841,2.7179,2.7179,0,0
EDI_PE,D,20111107,000000,2.7179,2.7841,2.6516,2.6516,0,0
EDI_PE,D,20111108,000000,2.7841,2.7841,2.6516,2.6516,0,0
EDI_PE,D,20111109,000000,2.6516,2.6516,2.5852,2.5852,0,0
EDI_PE,D,20111110,000000,2.6516,2.6516,2.4528,2.4528,0,0
EDI_PE,D,20111114,000000,2.4528,2.4528,2.4528,2.4528,0,0
EDI_PE,D,20111115,000000,2.4528,3.9773,2.4528,3.9773,0,0
EDI_PE,D,20111116,000000,3.7785,3.8448,3.7121,3.7785,0,0
EDI_PE,D,20111117,000000,3.7785,3.7785,3.7785,3.7785,0,0
EDI_PE,D,20111118,000000,3.7121,3.7121,3.5132,3.7121,0,0
EDI_PE,D,20111121,000000,3.7121,3.7785,3.5797,3.5797,0,0
EDI_PE,D,20111122,000000,3.646,3.646,3.646,3.646,0,0
EDI_PE,D,20111123,000000,3.646,3.7121,3.646,3.7121,0,0
EDI_PE,D,20111124,000000,3.7121,3.8448,3.7121,3.7121,0,0
EDI_PE,D,20111125,000000,3.646,3.7785,3.646,3.7785,0,0
EDI_PE,D,20111128,000000,3.7785,3.7785,3.5797,3.646,0,0
EDI_PE,D,20111129,000000,3.7785,3.7785,3.646,3.646,0,0
EDI_PE,D,20111130,000000,3.646,3.646,3.646,3.646,0,0
EDI_PE,D,20111201,000000,3.7785,3.8448,3.5797,3.5797,0,0
EDI_PE,D,20111202,000000,3.646,3.7121,3.5132,3.646,0,0
EDI_PE,D,20111205,000000,3.646,3.8448,3.447,3.646,0,0
EDI_PE,D,20111206,000000,3.5132,3.646,3.5132,3.646,0,0
EDI_PE,D,20111207,000000,3.5797,3.646,3.5132,3.5132,0,0
EDI_PE,D,20111208,000000,3.5797,3.5797,3.3144,3.3144,0,0
EDI_PE,D,20111209,000000,3.1819,3.3808,3.1819,3.2481,0,0
EDI_PE,D,20111212,000000,3.3808,3.3808,3.1156,3.1156,0,0
EDI_PE,D,20111213,000000,3.1156,3.2481,3.0492,3.1819,0,0
EDI_PE,D,20111214,000000,3.1156,3.2481,3.0492,3.1819,0,0
EDI_PE,D,20111215,000000,3.1156,3.2481,2.9168,3.0492,0,0
EDI_PE,D,20111216,000000,2.8503,3.1819,2.8503,2.8503,0,0
EDI_PE,D,20111219,000000,2.8503,2.9831,2.8503,2.9168,0,0
EDI_PE,D,20111220,000000,2.7841,2.7841,2.7841,2.7841,0,0
EDI_PE,D,20111221,000000,2.7841,2.9168,2.7179,2.9168,0,0
EDI_PE,D,20111222,000000,2.8503,2.9831,2.8503,2.9168,0,0
EDI_PE,D,20111223,000000,2.8503,2.9168,2.8503,2.9168,0,0
EDI_PE,D,20111227,000000,2.8503,2.9168,2.6516,2.8503,0,0
EDI_PE,D,20111228,000000,2.8503,2.8503,2.8503,2.8503,0,0
EDI_PE,D,20111229,000000,2.9168,2.9168,2.8503,2.8503,0,0
EDI_PE,D,20111230,000000,2.782,2.9181,2.782,2.9181,0,0
EDI_PE,D,20120102,000000,2.7841,2.9831,2.7841,2.9831,0,0
EDI_PE,D,20120103,000000,2.9831,3.0492,2.8503,3.0492,0,0
EDI_PE,D,20120104,000000,3.0492,3.1156,2.9168,2.9168,0,0
EDI_PE,D,20120105,000000,3.0492,3.0492,2.8503,2.8503,0,0
EDI_PE,D,20120109,000000,2.8503,2.9168,2.8503,2.9168,0,0
EDI_PE,D,20120110,000000,2.9168,2.9168,2.8503,2.9168,0,0
EDI_PE,D,20120111,000000,2.9168,2.9831,2.8503,2.9831,0,0
EDI_PE,D,20120112,000000,2.9831,3.1819,2.9831,3.1819,0,0
EDI_PE,D,20120113,000000,3.1819,3.2481,3.1819,3.1819,0,0
EDI_PE,D,20120116,000000,3.2481,3.5132,3.2481,3.5132,0,0
EDI_PE,D,20120117,000000,3.5797,3.7785,3.5797,3.7121,0,0
EDI_PE,D,20120118,000000,3.8448,3.8448,3.7785,3.8448,0,0
EDI_PE,D,20120119,000000,3.8448,3.8448,3.8448,3.8448,0,0
EDI_PE,D,20120120,000000,3.911,3.911,3.911,3.911,0,0
EDI_PE,D,20120123,000000,3.9773,4.1098,3.911,4.1098,0,0
EDI_PE,D,20120124,000000,4.1098,4.1098,4.0437,4.1098,0,0
EDI_PE,D,20120125,000000,4.1098,4.1098,4.0437,4.1098,0,0
EDI_PE,D,20120126,000000,4.0437,4.0437,3.9773,3.9773,0,0
EDI_PE,D,20120127,000000,3.911,4.0437,3.911,4.0437,0,0
EDI_PE,D,20120130,000000,4.1098,4.1098,3.9773,4.0437,0,0
EDI_PE,D,20120131,000000,4.241,4.241,4.0432,4.1796,0,0
EDI_PE,D,20120201,000000,4.1761,4.574,4.1761,4.574,0,0
EDI_PE,D,20120202,000000,4.6401,4.7728,4.6401,4.7728,0,0
EDI_PE,D,20120203,000000,4.7728,4.7728,4.7728,4.7728,0,0
EDI_PE,D,20120206,000000,4.7728,4.7728,4.574,4.574,0,0
EDI_PE,D,20120207,000000,4.6401,4.6401,4.1098,4.3088,0,0
EDI_PE,D,20120208,000000,4.3088,4.3088,4.0437,4.0437,0,0
EDI_PE,D,20120209,000000,3.8448,4.1098,3.8448,4.1098,0,0
EDI_PE,D,20120210,000000,4.0437,4.1098,4.0437,4.1098,0,0
EDI_PE,D,20120213,000000,4.2425,4.2425,4.2425,4.2425,0,0
EDI_PE,D,20120214,000000,4.2425,4.2425,4.2425,4.2425,0,0
EDI_PE,D,20120215,000000,4.375,4.375,4.2425,4.3088,0,0
EDI_PE,D,20120216,000000,4.375,4.5077,4.2425,4.5077,0,0
EDI_PE,D,20120217,000000,4.5077,4.574,4.4414,4.574,0,0
EDI_PE,D,20120220,000000,4.574,4.574,4.574,4.574,0,0
EDI_PE,D,20120221,000000,4.7065,4.7065,4.5077,4.5077,0,0
EDI_PE,D,20120222,000000,4.6401,4.6401,4.5077,4.5077,0,0
EDI_PE,D,20120223,000000,4.5077,4.5077,4.4414,4.4414,0,0
EDI_PE,D,20120224,000000,4.5077,4.5077,4.2425,4.2425,0,0
EDI_PE,D,20120227,000000,4.1761,4.2425,4.1761,4.2425,0,0
EDI_PE,D,20120228,000000,4.375,4.375,4.375,4.375,0,0
EDI_PE,D,20120229,000000,4.375,4.375,4.375,4.375,0,0
EDI_PE,D,20120301,000000,4.3088,4.375,4.3088,4.3088,0,0
EDI_PE,D,20120302,000000,4.2425,4.2425,4.2425,4.2425,0,0
EDI_PE,D,20120305,000000,4.1761,4.3088,4.1761,4.3088,0,0
EDI_PE,D,20120306,000000,4.3088,4.3088,4.2425,4.2425,0,0
EDI_PE,D,20120307,000000,4.3088,4.375,4.3088,4.375,0,0
EDI_PE,D,20120308,000000,4.3088,4.375,4.3088,4.3088,0,0
EDI_PE,D,20120309,000000,4.2425,4.2425,4.2425,4.2425,0,0
EDI_PE,D,20120312,000000,4.2425,4.2425,4.2425,4.2425,0,0
EDI_PE,D,20120313,000000,4.2425,4.3088,4.2425,4.3088,0,0
EDI_PE,D,20120314,000000,4.4414,4.6401,4.4414,4.6401,0,0
EDI_PE,D,20120315,000000,4.6401,4.8391,4.6401,4.7728,0,0
EDI_PE,D,20120316,000000,4.7728,5.2369,4.3088,4.3088,0,0
EDI_PE,D,20120319,000000,4.3088,4.3088,4.1098,4.1761,0,0
EDI_PE,D,20120320,000000,4.2425,4.2425,4.1098,4.1761,0,0
EDI_PE,D,20120321,000000,4.3088,4.3088,4.2425,4.2425,0,0
EDI_PE,D,20120322,000000,4.375,4.375,4.1098,4.2425,0,0
EDI_PE,D,20120323,000000,4.2425,4.4414,4.2425,4.4414,0,0
EDI_PE,D,20120326,000000,4.4414,4.4414,4.375,4.375,0,0
EDI_PE,D,20120327,000000,4.4414,4.7065,4.375,4.6401,0,0
EDI_PE,D,20120328,000000,4.4414,5.3693,4.4414,5.3031,0,0
EDI_PE,D,20120329,000000,5.3693,5.3693,5.038,5.2369,0,0
EDI_PE,D,20120330,000000,5.0387,5.2365,5.0387,5.0387,0,0
EDI_PE,D,20120402,000000,5.038,5.1706,4.6401,5.1706,0,0
EDI_PE,D,20120403,000000,5.2369,5.2369,5.1042,5.1042,0,0
EDI_PE,D,20120404,000000,5.1042,5.1706,5.1042,5.1706,0,0
EDI_PE,D,20120405,000000,5.1706,5.1706,5.1706,5.1706,0,0
EDI_PE,D,20120410,000000,4.9054,4.9054,4.8391,4.8391,0,0
EDI_PE,D,20120411,000000,4.8391,5.1042,4.8391,5.1042,0,0
EDI_PE,D,20120412,000000,5.038,5.038,4.9717,4.9717,0,0
EDI_PE,D,20120413,000000,4.8391,4.8391,4.7728,4.7728,0,0
EDI_PE,D,20120416,000000,4.7728,4.9054,4.7728,4.9054,0,0
EDI_PE,D,20120417,000000,4.7065,4.7065,4.5077,4.5077,0,0
EDI_PE,D,20120418,000000,4.5077,4.5077,4.5077,4.5077,0,0
EDI_PE,D,20120420,000000,4.375,4.375,4.2425,4.3088,0,0
EDI_PE,D,20120423,000000,4.2425,4.2425,4.2425,4.2425,0,0
EDI_PE,D,20120424,000000,4.1761,4.1761,4.1761,4.1761,0,0
EDI_PE,D,20120430,000000,4.0432,4.1796,4.0432,4.1796,0,0
EDI_PE,D,20120507,000000,4.0437,4.0437,4.0437,4.0437,0,0
EDI_PE,D,20120508,000000,4.0437,4.0437,4.0437,4.0437,0,0
EDI_PE,D,20120509,000000,4.0437,4.0437,4.0437,4.0437,0,0
EDI_PE,D,20120510,000000,3.9773,4.1098,3.9773,4.1098,0,0
EDI_PE,D,20120514,000000,4.1098,4.1761,4.1098,4.1761,0,0
EDI_PE,D,20120515,000000,4.1098,4.3088,4.1098,4.3088,0,0
EDI_PE,D,20120516,000000,4.5077,4.574,4.1761,4.3088,0,0
EDI_PE,D,20120517,000000,4.1761,4.375,4.1761,4.375,0,0
EDI_PE,D,20120518,000000,4.1761,4.5077,4.1761,4.5077,0,0
EDI_PE,D,20120521,000000,4.6401,4.6401,4.375,4.6401,0,0
EDI_PE,D,20120522,000000,4.8391,5.038,4.6401,5.038,0,0
EDI_PE,D,20120523,000000,5.038,5.5683,5.038,5.5683,0,0
EDI_PE,D,20120524,000000,5.038,5.502,5.038,5.502,0,0
EDI_PE,D,20120525,000000,5.5683,5.5683,5.3031,5.502,0,0
EDI_PE,D,20120528,000000,5.2369,5.502,5.2369,5.502,0,0
EDI_PE,D,20120529,000000,5.3031,5.502,5.3031,5.502,0,0
EDI_PE,D,20120530,000000,5.3693,5.502,5.3031,5.502,0,0
EDI_PE,D,20120531,000000,5.3047,5.5023,5.2365,5.5023,0,0
EDI_PE,D,20120601,000000,5.3031,5.502,5.1706,5.502,0,0
EDI_PE,D,20120604,000000,5.2369,5.502,5.2369,5.502,0,0
EDI_PE,D,20120605,000000,5.2365,5.5023,5.1069,5.3047,0,0
EDI_PE,D,20120606,000000,5.3047,5.3047,5.0387,5.3047,0,0
EDI_PE,D,20120608,000000,5.3031,5.3031,5.3031,5.3031,0,0
EDI_PE,D,20120611,000000,5.1706,5.3031,5.1706,5.3031,0,0
EDI_PE,D,20120612,000000,5.1706,5.3031,5.1706,5.3031,0,0
EDI_PE,D,20120613,000000,5.3031,5.3031,5.3031,5.3031,0,0
EDI_PE,D,20120614,000000,5.038,5.3031,5.038,5.3031,0,0
EDI_PE,D,20120615,000000,5.3031,5.3031,5.3031,5.3031,0,0
EDI_PE,D,20120619,000000,5.3031,5.3031,5.3031,5.3031,0,0
EDI_PE,D,20120620,000000,5.1706,5.3031,5.1706,5.2369,0,0
EDI_PE,D,20120621,000000,5.1706,5.1706,5.1706,5.1706,0,0
EDI_PE,D,20120622,000000,4.9023,5.1682,4.9023,5.1682,0,0
EDI_PE,D,20120625,000000,4.9054,5.1706,4.9054,5.1706,0,0
EDI_PE,D,20120626,000000,4.9717,5.2369,4.9717,5.2369,0,0
EDI_PE,D,20120627,000000,5.2369,5.2369,5.2369,5.2369,0,0
EDI_PE,D,20120628,000000,5.1706,5.3031,5.1706,5.3031,0,0
EDI_PE,D,20120629,000000,5.2365,5.2365,5.2365,5.2365,0,0
EDI_PE,D,20120702,000000,5.1682,5.1682,4.9706,4.9706,0,0
EDI_PE,D,20120703,000000,4.7728,4.9706,4.7728,4.7728,0,0
EDI_PE,D,20120704,000000,4.7728,4.7728,4.7728,4.7728,0,0
EDI_PE,D,20120706,000000,5.1069,5.1069,5.0387,5.0387,0,0
EDI_PE,D,20120709,000000,5.0455,5.2502,5.0455,5.2502,0,0
EDI_PE,D,20120710,000000,4.9774,5.2502,4.9774,5.1819,0,0
EDI_PE,D,20120711,000000,4.841,5.1819,4.841,4.841,0,0
EDI_PE,D,20120716,000000,4.7046,4.7046,4.7046,4.7046,0,0
EDI_PE,D,20120718,000000,4.6364,4.6364,4.6364,4.6364,0,0
EDI_PE,D,20120719,000000,4.4319,4.4999,4.4319,4.4999,0,0
EDI_PE,D,20120720,000000,4.2956,4.2956,4.0227,4.0227,0,0
EDI_PE,D,20120723,000000,3.9546,3.9546,3.8865,3.8865,0,0
EDI_PE,D,20120724,000000,3.8183,3.8183,3.8183,3.8183,0,0
EDI_PE,D,20120725,000000,3.75,3.75,3.75,3.75,0,0
EDI_PE,D,20120727,000000,3.6818,3.6818,3.6818,3.6818,0,0
EDI_PE,D,20120730,000000,3.8183,4.0227,3.8183,4.0227,0,0
EDI_PE,D,20120731,000000,3.9546,3.9546,3.8183,3.9546,0,0
EDI_PE,D,20120803,000000,3.75,3.75,3.75,3.75,0,0
EDI_PE,D,20120807,000000,3.75,3.75,3.75,3.75,0,0
EDI_PE,D,20120810,000000,3.75,3.75,3.75,3.75,0,0
EDI_PE,D,20120813,000000,3.75,3.75,3.75,3.75,0,0
EDI_PE,D,20120814,000000,3.75,3.75,3.75,3.75,0,0
EDI_PE,D,20120816,000000,3.8183,3.8183,3.8183,3.8183,0,0
EDI_PE,D,20120817,000000,3.6138,3.8183,3.6138,3.6818,0,0
EDI_PE,D,20120820,000000,3.6818,3.6818,3.6818,3.6818,0,0
EDI_PE,D,20120821,000000,3.6818,3.6818,3.6818,3.6818,0,0
EDI_PE,D,20120822,000000,3.6818,3.8183,3.6138,3.75,0,0
EDI_PE,D,20120823,000000,3.75,3.75,3.75,3.75,0,0
EDI_PE,D,20120824,000000,3.6138,3.75,3.5455,3.75,0,0
EDI_PE,D,20120830,000000,6.0001,6.0001,6.0001,6.0001,0,0
EDI_PE,D,20120831,000000,5.932,5.932,5.932,5.932,0,0
EDI_PE,D,20120903,000000,5.6591,5.6591,5.591,5.591,0,0
EDI_PE,D,20120904,000000,5.591,5.591,5.591,5.591,0,0
EDI_PE,D,20120905,000000,5.4547,5.591,5.4547,5.4547,0,0
EDI_PE,D,20120906,000000,5.4547,5.4547,5.4547,5.4547,0,0
EDI_PE,D,20120907,000000,5.4547,5.4547,5.4547,5.4547,0,0
EDI_PE,D,20120910,000000,5.1819,5.4547,5.1819,5.2502,0,0
EDI_PE,D,20120911,000000,5.2502,5.2502,4.9774,4.9774,0,0
EDI_PE,D,20120912,000000,4.9774,4.9774,4.841,4.841,0,0
EDI_PE,D,20120913,000000,4.841,4.841,4.4319,4.4319,0,0
EDI_PE,D,20120914,000000,4.5682,5.0455,4.5682,5.0455,0,0
EDI_PE,D,20120917,000000,4.841,5.1137,4.841,5.1137,0,0
EDI_PE,D,20120918,000000,5.2502,5.2502,5.1137,5.2502,0,0
EDI_PE,D,20120920,000000,5.0455,5.0455,5.0455,5.0455,0,0
EDI_PE,D,20120921,000000,5.0455,5.1137,4.9774,4.9774,0,0
EDI_PE,D,20120925,000000,4.9092,4.9092,4.9092,4.9092,0,0
EDI_PE,D,20120927,000000,4.9774,4.9774,4.9774,4.9774,0,0
EDI_PE,D,20120928,000000,4.7728,4.9774,4.7728,4.7728,0,0
EDI_PE,D,20121001,000000,4.6364,4.7728,4.6364,4.6364,0,0
EDI_PE,D,20121005,000000,4.6364,4.6364,4.6364,4.6364,0,0
EDI_PE,D,20121010,000000,4.6364,4.6364,4.6364,4.6364,0,0
EDI_PE,D,20121011,000000,4.841,4.841,4.6364,4.841,0,0
EDI_PE,D,20121015,000000,4.6364,4.6364,4.6364,4.6364,0,0
EDI_PE,D,20121016,000000,4.6364,4.6364,4.6364,4.6364,0,0
EDI_PE,D,20121017,000000,4.6364,4.6364,4.5682,4.5682,0,0
EDI_PE,D,20121018,000000,4.5682,4.5682,4.5682,4.5682,0,0
EDI_PE,D,20121019,000000,4.5682,4.5682,4.4999,4.4999,0,0
EDI_PE,D,20121022,000000,4.6364,4.6364,4.4999,4.6364,0,0
EDI_PE,D,20121023,000000,4.6364,4.6364,4.6364,4.6364,0,0
EDI_PE,D,20121024,000000,4.6364,4.7046,4.6364,4.7046,0,0
EDI_PE,D,20121025,000000,4.7046,4.9092,4.7046,4.9092,0,0
EDI_PE,D,20121026,000000,5.1137,5.2502,5.1137,5.2502,0,0
EDI_PE,D,20121029,000000,5.2502,5.2502,5.1819,5.1819,0,0
EDI_PE,D,20121031,000000,5.1819,5.3183,5.1819,5.3183,0,0
EDI_PE,D,20121102,000000,5.4547,5.4547,5.4547,5.4547,0,0
EDI_PE,D,20121105,000000,5.4547,5.932,5.4547,5.932,0,0
EDI_PE,D,20121106,000000,5.932,6.0683,5.932,6.0683,0,0
EDI_PE,D,20121107,000000,6.3409,6.4773,6.3409,6.3409,0,0
EDI_PE,D,20121108,000000,6.4773,6.4773,6.4773,6.4773,0,0
EDI_PE,D,20121109,000000,6.2729,6.8183,6.2729,6.8183,0,0
EDI_PE,D,20121112,000000,7.0232,7.0232,7.0232,7.0232,0,0
EDI_PE,D,20121113,000000,7.0232,7.1597,7.0232,7.0907,0,0
EDI_PE,D,20121114,000000,7.1597,7.1597,7.1597,7.1597,0,0
EDI_PE,D,20121115,000000,7.2274,7.2274,6.9547,7.0232,0,0
EDI_PE,D,20121116,000000,7.2274,7.2274,6.8859,6.8859,0,0
EDI_PE,D,20121119,000000,6.8859,7.5004,6.8859,7.5004,0,0
EDI_PE,D,20121121,000000,7.1597,7.2274,7.1597,7.2274,0,0
EDI_PE,D,20121122,000000,7.2274,7.2274,7.2274,7.2274,0,0
EDI_PE,D,20121126,000000,6.682,7.2274,6.682,7.2274,0,0
EDI_PE,D,20121129,000000,7.0907,7.2274,6.8183,6.8183,0,0
EDI_PE,D,20121130,000000,6.75,7.0907,6.75,7.0907,0,0
EDI_PE,D,20121203,000000,7.1597,7.1597,7.1597,7.1597,0,0
EDI_PE,D,20121204,000000,6.9547,7.1597,6.8183,7.1597,0,0
EDI_PE,D,20121205,000000,6.8183,6.8183,6.8183,6.8183,0,0
EDI_PE,D,20121206,000000,6.8183,7.0232,6.8183,7.0232,0,0
EDI_PE,D,20121211,000000,6.9547,6.9547,6.9547,6.9547,0,0
EDI_PE,D,20121212,000000,6.75,7.0232,6.75,7.0232,0,0
EDI_PE,D,20121218,000000,6.75,6.75,6.75,6.75,0,0
EDI_PE,D,20121219,000000,6.75,6.75,6.5454,6.5454,0,0
EDI_PE,D,20121220,000000,6.4092,6.4092,6.4092,6.4092,0,0
EDI_PE,D,20121227,000000,6.3409,7.0232,6.3409,7.0232,0,0
EDI_PE,D,20121228,000000,7.2274,7.2274,7.0232,7.0232,0,0
EDI_PE,D,20130104,000000,6.682,7.0232,6.682,6.682,0,0
EDI_PE,D,20130107,000000,6.6135,6.6135,6.6135,6.6135,0,0
EDI_PE,D,20130108,000000,6.6135,6.75,6.6135,6.75,0,0
EDI_PE,D,20130109,000000,6.682,6.682,6.682,6.682,0,0
EDI_PE,D,20130110,000000,6.682,6.682,6.682,6.682,0,0
EDI_PE,D,20130111,000000,6.682,6.682,6.682,6.682,0,0
EDI_PE,D,20130114,000000,6.682,6.682,6.682,6.682,0,0
EDI_PE,D,20130115,000000,6.682,6.682,6.682,6.682,0,0
EDI_PE,D,20130117,000000,6.75,6.8183,6.682,6.8183,0,0
EDI_PE,D,20130122,000000,6.6135,6.6135,6.5454,6.5454,0,0
EDI_PE,D,20130123,000000,6.5454,6.5454,6.5454,6.5454,0,0
EDI_PE,D,20130124,000000,6.5454,6.5454,6.5454,6.5454,0,0
EDI_PE,D,20130125,000000,6.5454,6.5454,6.5454,6.5454,0,0
EDI_PE,D,20130128,000000,6.6135,6.682,6.6135,6.682,0,0
EDI_PE,D,20130129,000000,6.75,6.75,6.682,6.682,0,0
EDI_PE,D,20130201,000000,6.75,6.75,6.4773,6.4773,0,0
EDI_PE,D,20130204,000000,6.4773,6.4773,6.2046,6.2046,0,0
EDI_PE,D,20130205,000000,6.2046,6.2046,6.2046,6.2046,0,0
EDI_PE,D,20130207,000000,6.2046,6.2046,6.2046,6.2046,0,0
EDI_PE,D,20130211,000000,6.1364,6.1364,6.1364,6.1364,0,0
EDI_PE,D,20130212,000000,6.1364,6.1364,5.932,5.932,0,0
EDI_PE,D,20130213,000000,5.932,5.932,5.7273,5.7273,0,0
EDI_PE,D,20130214,000000,5.591,5.6591,5.591,5.6591,0,0
EDI_PE,D,20130215,000000,5.3864,5.6591,5.3864,5.6591,0,0
EDI_PE,D,20130218,000000,5.6591,5.6591,5.6591,5.6591,0,0
EDI_PE,D,20130219,000000,5.3864,5.3864,5.3864,5.3864,0,0
EDI_PE,D,20130226,000000,5.5229,5.5229,5.2502,5.2502,0,0
EDI_PE,D,20130228,000000,5.2502,5.2502,5.2502,5.2502,0,0
EDI_PE,D,20130301,000000,5.2502,5.2502,5.1819,5.1819,0,0
EDI_PE,D,20130304,000000,5.2502,5.2502,5.1819,5.1819,0,0
EDI_PE,D,20130305,000000,5.2502,5.2502,5.2502,5.2502,0,0
EDI_PE,D,20130306,000000,5.3864,5.3864,5.2502,5.3864,0,0
EDI_PE,D,20130307,000000,5.5229,5.5229,5.3864,5.4547,0,0
EDI_PE,D,20130308,000000,5.4547,5.4547,5.4547,5.4547,0,0
EDI_PE,D,20130311,000000,5.5229,5.5229,5.5229,5.5229,0,0
EDI_PE,D,20130312,000000,5.2502,5.5229,5.2502,5.5229,0,0
EDI_PE,D,20130313,000000,5.4547,5.7273,5.4547,5.6591,0,0
EDI_PE,D,20130314,000000,5.591,5.591,5.591,5.591,0,0
EDI_PE,D,20130315,000000,5.591,5.6591,5.591,5.6591,0,0
EDI_PE,D,20130318,000000,33.273,33.273,33.273,33.273,0,0
EDI_PE,D,20130319,000000,33.273,36.001,33.273,36.001,0,0
EDI_PE,D,20130320,000000,36.001,36.818,35.319,36.818,0,0
EDI_PE,D,20130321,000000,37.705,37.774,37.705,37.774,0,0
EDI_PE,D,20130322,000000,37.5,40.091,37.5,39.068,0,0
EDI_PE,D,20130325,000000,40.842,40.842,39,39,0,0
EDI_PE,D,20130326,000000,40.774,40.842,39.205,40.774,0,0
EDI_PE,D,20130328,000000,38.865,40.842,38.865,40.842,0,0
EDI_PE,D,20130402,000000,42.001,42.001,40.842,41.592,0,0
EDI_PE,D,20130403,000000,41.454,41.454,38.66,38.797,0,0
EDI_PE,D,20130404,000000,38.797,38.797,38.797,38.797,0,0
EDI_PE,D,20130405,000000,38.797,38.797,38.797,38.797,0,0
EDI_PE,D,20130409,000000,37.023,37.023,37.023,37.023,0,0
EDI_PE,D,20130410,000000,37.023,37.023,37.023,37.023,0,0
EDI_PE,D,20130411,000000,37.023,37.023,37.023,37.023,0,0
EDI_PE,D,20130412,000000,37.023,37.092,37.023,37.023,0,0
EDI_PE,D,20130415,000000,38.797,38.797,38.797,38.797,0,0
EDI_PE,D,20130417,000000,38.797,38.797,37.092,37.092,0,0
EDI_PE,D,20130422,000000,35.593,35.593,35.593,35.593,0,0
EDI_PE,D,20130423,000000,35.593,35.593,35.593,35.593,0,0
EDI_PE,D,20130424,000000,33.955,33.955,33.888,33.888,0,0
EDI_PE,D,20130425,000000,33.888,33.888,33.888,33.888,0,0
EDI_PE,D,20130426,000000,33.955,33.955,33.137,33.205,0,0
EDI_PE,D,20130429,000000,33.819,33.819,33.819,33.819,0,0
EDI_PE,D,20130430,000000,34.841,34.841,33.819,33.819,0,0
EDI_PE,D,20130509,000000,34.841,34.841,33.137,33.205,0,0
EDI_PE,D,20130510,000000,33.205,33.205,33.205,33.205,0,0
EDI_PE,D,20130513,000000,33.205,33.205,33.205,33.205,0,0
EDI_PE,D,20130514,000000,32.047,32.047,32.047,32.047,0,0
EDI_PE,D,20130515,000000,32.047,32.047,32.047,32.047,0,0
EDI_PE,D,20130523,000000,32.047,32.047,32.047,32.047,0,0
EDI_PE,D,20131112,000000,50.448,50.448,50.448,50.448,0,0
EDI_PE,D,20131113,000000,50.448,52.385,49.339,49.339,0,0
EDI_PE,D,20131114,000000,49.339,49.339,49.339,49.339,0,0
EDI_PE,D,20131115,000000,47.748,49.202,47.61,49.202,0,0
EDI_PE,D,20131118,000000,48.44,48.44,48.371,48.371,0,0
EDI_PE,D,20131119,000000,48.44,49.062,43.665,45.257,0,0
EDI_PE,D,20131120,000000,45.257,45.257,45.257,45.257,0,0
EDI_PE,D,20131121,000000,42.835,42.835,42.835,42.835,0,0
EDI_PE,D,20131122,000000,42.835,43.044,42.835,42.974,0,0
EDI_PE,D,20131125,000000,43.044,46.156,42.974,46.156,0,0
EDI_PE,D,20131126,000000,43.665,43.665,43.665,43.665,0,0
EDI_PE,D,20131129,000000,47.264,47.264,47.264,47.264,0,0
EDI_PE,D,20131202,000000,43.804,43.804,43.804,43.804,0,0
EDI_PE,D,20131203,000000,43.804,43.804,43.804,43.804,0,0
EDI_PE,D,20131206,000000,47.61,47.61,47.61,47.61,0,0
EDI_PE,D,20131209,000000,48.094,48.094,48.094,48.094,0,0
EDI_PE,D,20131210,000000,49.062,49.202,48.371,48.371,0,0
EDI_PE,D,20131212,000000,47.61,48.579,47.61,48.579,0,0
EDI_PE,D,20131213,000000,48.579,50.308,46.018,50.17,0,0
EDI_PE,D,20131216,000000,50.308,50.308,50.17,50.17,0,0
EDI_PE,D,20131217,000000,50.17,50.17,48.717,48.717,0,0
EDI_PE,D,20131219,000000,49.202,49.202,45.88,45.88,0,0
EDI_PE,D,20131220,000000,43.458,43.665,43.182,43.182,0,0
EDI_PE,D,20131223,000000,44.287,47.264,43.182,47.264,0,0
EDI_PE,D,20131227,000000,47.264,47.264,47.264,47.264,0,0
EDI_PE,D,20131230,000000,42.835,45.533,42.835,45.533,0,0
EDI_PE,D,20140102,000000,46.018,46.018,46.018,46.018,0,0
EDI_PE,D,20140103,000000,43.665,47.264,43.665,47.264,0,0
EDI_PE,D,20140107,000000,47.61,48.579,47.61,48.579,0,0
EDI_PE,D,20140108,000000,44.426,45.741,44.426,45.672,0,0
EDI_PE,D,20140109,000000,45.88,45.88,45.88,45.88,0,0
EDI_PE,D,20140110,000000,44.774,45.88,44.565,45.88,0,0
EDI_PE,D,20140113,000000,46.018,47.194,45.88,45.88,0,0
EDI_PE,D,20140114,000000,46.364,48.094,46.364,48.094,0,0
EDI_PE,D,20140116,000000,48.094,48.094,48.094,48.094,0,0
EDI_PE,D,20140117,000000,48.094,48.094,48.094,48.094,0,0
EDI_PE,D,20140121,000000,48.094,48.094,48.094,48.094,0,0
EDI_PE,D,20140122,000000,46.85,48.094,46.018,46.018,0,0
EDI_PE,D,20140123,000000,48.094,48.094,46.018,46.018,0,0
EDI_PE,D,20140124,000000,48.232,48.232,48.232,48.232,0,0
EDI_PE,D,20140129,000000,48.232,48.232,48.232,48.232,0,0
EDI_PE,D,20140131,000000,49.824,49.824,49.824,49.824,0,0
EDI_PE,D,20140203,000000,49.824,49.824,49.824,49.824,0,0
EDI_PE,D,20140204,000000,48.094,48.094,48.094,48.094,0,0
EDI_PE,D,20140205,000000,49.824,49.824,49.824,49.824,0,0
EDI_PE,D,20140207,000000,49.202,49.202,49.202,49.202,0,0
EDI_PE,D,20140210,000000,47.748,47.748,47.748,47.748,0,0
EDI_PE,D,20140211,000000,43.665,47.748,41.244,41.244,0,0
EDI_PE,D,20140213,000000,42.212,42.212,41.244,42.212,0,0
EDI_PE,D,20140217,000000,47.61,49.202,47.471,49.202,0,0
EDI_PE,D,20140218,000000,48.717,48.854,48.717,48.854,0,0
EDI_PE,D,20140219,000000,47.61,47.61,44.287,45.672,0,0
EDI_PE,D,20140220,000000,45.741,45.741,45.672,45.672,0,0
EDI_PE,D,20140221,000000,47.61,47.61,47.61,47.61,0,0
EDI_PE,D,20140225,000000,47.61,47.61,45.741,47.61,0,0
EDI_PE,D,20140227,000000,47.471,47.471,47.471,47.471,0,0
EDI_PE,D,20140303,000000,45.741,45.741,45.672,45.672,0,0
EDI_PE,D,20140304,000000,45.741,47.61,45.672,47.61,0,0
EDI_PE,D,20140305,000000,47.61,48.717,47.61,48.717,0,0
EDI_PE,D,20140306,000000,48.094,48.094,48.094,48.094,0,0
EDI_PE,D,20140312,000000,46.156,46.156,45.672,45.672,0,0
EDI_PE,D,20140313,000000,44.287,44.287,44.287,44.287,0,0
EDI_PE,D,20140314,000000,44.287,44.287,44.287,44.287,0,0
EDI_PE,D,20140318,000000,24.151,24.151,22.974,23.044,0,0
EDI_PE,D,20140319,000000,23.044,23.044,23.044,23.044,0,0
EDI_PE,D,20140324,000000,22.974,22.974,22.974,22.974,0,0
EDI_PE,D,20140325,000000,22.974,22.974,22.974,22.974,0,0
EDI_PE,D,20140326,000000,22.974,22.974,22.974,22.974,0,0
EDI_PE,D,20140327,000000,21.521,21.521,21.521,21.521,0,0
EDI_PE,D,20140402,000000,20.69,20.69,20.69,20.69,0,0
EDI_PE,D,20140403,000000,21.869,21.869,21.869,21.869,0,0
EDI_PE,D,20140407,000000,23.46,25.811,23.46,25.811,0,0
EDI_PE,D,20140408,000000,25.88,26.643,25.742,26.643,0,0
EDI_PE,D,20140410,000000,26.643,26.643,26.643,26.643,0,0
EDI_PE,D,20140411,000000,24.151,28.443,24.151,28.443,0,0
EDI_PE,D,20140414,000000,25.189,25.189,25.119,25.119,0,0
EDI_PE,D,20140415,000000,25.328,27.749,25.119,27.541,0,0
EDI_PE,D,20140422,000000,25.95,26.088,25.95,26.088,0,0
EDI_PE,D,20140423,000000,25.535,26.643,25.535,26.643,0,0
EDI_PE,D,20140424,000000,25.604,25.604,25.535,25.535,0,0
EDI_PE,D,20140425,000000,25.535,25.535,25.535,25.535,0,0
EDI_PE,D,20140428,000000,26.643,31.9,26.643,31.9,0,0
EDI_PE,D,20140429,000000,31.833,31.833,29.549,29.549,0,0
EDI_PE,D,20140502,000000,29.964,30.033,29.549,30.033,0,0
EDI_PE,D,20140505,000000,30.033,30.033,27.956,27.956,0,0
EDI_PE,D,20140506,000000,27.541,27.956,27.541,27.541,0,0
EDI_PE,D,20140508,000000,29.616,30.518,29.549,29.549,0,0
EDI_PE,D,20140509,000000,29.064,31.485,29.064,31.485,0,0
EDI_PE,D,20140512,000000,30.171,33.147,30.171,32.317,0,0
EDI_PE,D,20140513,000000,31.07,31.07,31.003,31.003,0,0
EDI_PE,D,20140514,000000,31.003,31.003,29.549,29.549,0,0
EDI_PE,D,20140515,000000,29.549,29.549,29.549,29.549,0,0
EDI_PE,D,20140520,000000,29.549,29.549,29.549,29.549,0,0
EDI_PE,D,20140522,000000,30.102,30.102,30.102,30.102,0,0
EDI_PE,D,20140523,000000,28.858,28.858,28.858,28.858,0,0
EDI_PE,D,20140526,000000,30.932,30.932,30.932,30.932,0,0
EDI_PE,D,20140527,000000,31.209,31.209,30.932,31.209,0,0
EDI_PE,D,20140528,000000,31.209,32.802,31.209,32.802,0,0
EDI_PE,D,20140530,000000,31.555,31.555,31.555,31.555,0,0
EDI_PE,D,20140602,000000,32.248,32.248,32.248,32.248,0,0
EDI_PE,D,20140603,000000,32.663,32.732,32.663,32.732,0,0
EDI_PE,D,20140604,000000,31.209,31.209,31.209,31.209,0,0
EDI_PE,D,20140606,000000,31.278,31.278,31.278,31.278,0,0
EDI_PE,D,20140609,000000,32.732,32.732,31.209,31.209,0,0
EDI_PE,D,20140611,000000,12.872,12.872,12.872,12.872,0,0
EDI_PE,D,20140612,000000,12.872,12.872,12.872,12.872,0,0
EDI_PE,D,20140616,000000,12.872,12.872,12.872,12.872,0,0
EDI_PE,D,20140620,000000,12.872,12.872,12.872,12.872,0,0
EDI_PE,D,20140623,000000,12.872,12.872,12.872,12.872,0,0
EDI_PE,D,20140624,000000,13.286,13.355,13.286,13.355,0,0
EDI_PE,D,20140630,000000,13.01,13.01,12.94,12.94,0,0
EDI_PE,D,20140703,000000,12.872,12.872,12.872,12.872,0,0
EDI_PE,D,20140704,000000,12.872,12.872,12.872,12.872,0,0
EDI_PE,D,20140708,000000,12.664,12.664,12.664,12.664,0,0
EDI_PE,D,20140710,000000,12.595,12.595,12.595,12.595,0,0
EDI_PE,D,20140715,000000,12.595,12.595,12.595,12.595,0,0
EDI_PE,D,20140716,000000,12.318,12.318,12.318,12.318,0,0
EDI_PE,D,20140717,000000,12.318,12.318,12.318,12.318,0,0
EDI_PE,D,20140721,000000,12.318,12.94,12.318,12.94,0,0
EDI_PE,D,20140723,000000,12.733,12.801,12.733,12.801,0,0
EDI_PE,D,20140724,000000,13.01,13.01,12.94,12.94,0,0
EDI_PE,D,20140725,000000,12.801,12.801,12.801,12.801,0,0
EDI_PE,D,20140729,000000,12.318,12.318,12.318,12.318,0,0
EDI_PE,D,20140731,000000,12.456,12.525,12.456,12.525,0,0
EDI_PE,D,20140801,000000,12.525,12.525,12.525,12.525,0,0
EDI_PE,D,20140804,000000,12.525,12.525,12.525,12.525,0,0
EDI_PE,D,20140805,000000,12.248,12.248,12.248,12.248,0,0
EDI_PE,D,20140806,000000,12.525,12.525,12.525,12.525,0,0
EDI_PE,D,20140813,000000,11.972,11.972,11.972,11.972,0,0
EDI_PE,D,20140819,000000,11.972,11.972,11.972,11.972,0,0
EDI_PE,D,20140820,000000,11.972,11.972,11.972,11.972,0,0
EDI_PE,D,20140821,000000,12.525,12.525,12.525,12.525,0,0
EDI_PE,D,20140822,000000,12.525,12.525,9.828,9.828,0,0
EDI_PE,D,20140825,000000,9.4812,9.4812,9.4118,9.4118,0,0
EDI_PE,D,20140826,000000,9.619,9.619,9.619,9.619,0,0
EDI_PE,D,20140827,000000,10.034,10.034,10.034,10.034,0,0
EDI_PE,D,20140828,000000,9.619,9.619,9.619,9.619,0,0
EDI_PE,D,20140829,000000,10.034,10.034,10.034,10.034,0,0
EDI_PE,D,20140901,000000,9.619,9.619,9.619,9.619,0,0
EDI_PE,D,20140902,000000,10.034,10.034,10.034,10.034,0,0
EDI_PE,D,20140903,000000,9.79,9.79,9.79,9.79,0,0
EDI_PE,D,20140904,000000,9.79,9.79,9.79,9.79,0,0
EDI_PE,D,20140905,000000,9.79,9.79,9.79,9.79,0,0
EDI_PE,D,20140908,000000,9.79,9.79,9.79,9.79,0,0
EDI_PE,D,20140909,000000,9.79,9.79,9.648,9.648,0,0
EDI_PE,D,20140910,000000,9.719,9.79,9.719,9.79,0,0
EDI_PE,D,20140912,000000,9.79,9.79,9.79,9.79,0,0
EDI_PE,D,20140915,000000,9.79,9.79,9.79,9.79,0,0
EDI_PE,D,20140916,000000,9.2966,9.79,9.2966,9.79,0,0
EDI_PE,D,20140917,000000,9.648,9.648,9.648,9.648,0,0
EDI_PE,D,20140918,000000,9.508,9.508,9.4382,9.4382,0,0
EDI_PE,D,20140919,000000,9.4382,9.4382,9.4382,9.4382,0,0
EDI_PE,D,20140922,000000,9.2966,9.2966,9.2254,9.2966,0,0
EDI_PE,D,20140923,000000,9.2966,9.2966,9.2966,9.2966,0,0
EDI_PE,D,20140925,000000,8.873,8.873,8.873,8.873,0,0
EDI_PE,D,20140929,000000,8.8035,8.8035,8.8035,8.8035,0,0
EDI_PE,D,20140930,000000,8.9442,8.9442,8.873,8.873,0,0
EDI_PE,D,20141001,000000,8.873,8.873,8.873,8.873,0,0
EDI_PE,D,20141002,000000,8.873,8.873,8.873,8.873,0,0
EDI_PE,D,20141003,000000,8.5925,8.6629,8.5925,8.6629,0,0
EDI_PE,D,20141006,000000,8.6629,8.6629,8.6629,8.6629,0,0
EDI_PE,D,20141007,000000,9.508,9.508,9.4382,9.4382,0,0
EDI_PE,D,20141008,000000,9.4382,9.4382,9.4382,9.4382,0,0
EDI_PE,D,20141009,000000,9.4382,9.4382,9.4382,9.4382,0,0
EDI_PE,D,20141010,000000,8.5925,8.6629,8.5925,8.6629,0,0
EDI_PE,D,20141013,000000,8.6629,8.6629,8.6629,8.6629,0,0
EDI_PE,D,20141014,000000,8.6629,8.6629,8.6629,8.6629,0,0
EDI_PE,D,20141015,000000,8.873,8.873,8.873,8.873,0,0
EDI_PE,D,20141016,000000,8.873,8.873,8.873,8.873,0,0
EDI_PE,D,20141017,000000,8.5925,8.5925,8.5925,8.5925,0,0
EDI_PE,D,20141020,000000,8.5222,8.5222,8.5222,8.5222,0,0
EDI_PE,D,20141021,000000,8.5222,8.5222,8.5222,8.5222,0,0
EDI_PE,D,20141022,000000,8.5222,8.5222,8.5222,8.5222,0,0
EDI_PE,D,20141023,000000,8.5222,8.5222,8.5222,8.5222,0,0
EDI_PE,D,20141027,000000,8.1691,8.1691,8.1691,8.1691,0,0
EDI_PE,D,20141028,000000,8.1691,8.1691,8.1691,8.1691,0,0
EDI_PE,D,20141029,000000,8.1691,8.1691,8.1691,8.1691,0,0
EDI_PE,D,20141030,000000,7.9587,7.9587,7.9587,7.9587,0,0
EDI_PE,D,20141104,000000,8.1691,8.1691,8.1691,8.1691,0,0
EDI_PE,D,20141105,000000,8.1691,8.1691,8.1691,8.1691,0,0
EDI_PE,D,20141106,000000,8.099,8.099,8.099,8.099,0,0
EDI_PE,D,20141107,000000,8.099,9.0154,8.099,9.0154,0,0
EDI_PE,D,20141110,000000,8.9442,8.9442,8.6629,8.6629,0,0
EDI_PE,D,20141112,000000,8.6629,8.6629,8.6629,8.6629,0,0
EDI_PE,D,20141113,000000,8.6629,8.6629,8.6629,8.6629,0,0
EDI_PE,D,20141114,000000,8.6629,8.6629,8.6629,8.6629,0,0
EDI_PE,D,20141117,000000,8.6629,8.6629,8.6629,8.6629,0,0
EDI_PE,D,20141118,000000,8.6629,8.6629,8.6629,8.6629,0,0
EDI_PE,D,20141119,000000,8.6629,8.6629,8.6629,8.6629,0,0
EDI_PE,D,20141120,000000,8.6629,8.6629,8.6629,8.6629,0,0
EDI_PE,D,20141124,000000,8.451,8.451,8.451,8.451,0,0
EDI_PE,D,20141125,000000,8.451,8.451,8.451,8.451,0,0
EDI_PE,D,20141126,000000,8.451,8.451,8.451,8.451,0,0
EDI_PE,D,20141127,000000,8.451,8.451,8.451,8.451,0,0
EDI_PE,D,20141128,000000,8.451,8.451,8.451,8.451,0,0
EDI_PE,D,20141201,000000,8.451,8.451,8.451,8.451,0,0
EDI_PE,D,20141202,000000,8.451,8.451,8.451,8.451,0,0
EDI_PE,D,20141203,000000,8.451,8.451,8.451,8.451,0,0
EDI_PE,D,20141204,000000,8.5222,8.5222,8.5222,8.5222,0,0
EDI_PE,D,20141205,000000,8.451,8.451,8.451,8.451,0,0
EDI_PE,D,20141208,000000,8.451,8.451,8.451,8.451,0,0
EDI_PE,D,20141210,000000,8.451,8.451,8.451,8.451,0,0
EDI_PE,D,20141212,000000,8.451,8.451,7.606,7.606,0,0
EDI_PE,D,20141219,000000,7.8175,7.8175,7.8175,7.8175,0,0
EDI_PE,D,20141222,000000,7.8175,7.8175,7.5356,7.5356,0,0
EDI_PE,D,20141223,000000,7.0429,7.0429,6.7613,6.7613,0,0
EDI_PE,D,20141230,000000,6.7613,8.099,6.7613,8.099,0,0
EDI_PE,D,20150105,000000,7.8175,7.8175,7.8175,7.8175,0,0
EDI_PE,D,20150107,000000,7.8175,7.8175,7.8175,7.8175,0,0
EDI_PE,D,20150108,000000,8.2406,8.2406,8.1691,8.1691,0,0
EDI_PE,D,20150112,000000,7.7468,7.8175,7.7468,7.8175,0,0
EDI_PE,D,20150113,000000,7.8175,7.8175,7.8175,7.8175,0,0
EDI_PE,D,20150114,000000,7.8175,8.0296,7.8175,8.0296,0,0
EDI_PE,D,20150115,000000,7.7468,7.7468,7.7468,7.7468,0,0
EDI_PE,D,20150116,000000,7.7468,7.7468,7.7468,7.7468,0,0
EDI_PE,D,20150119,000000,7.7468,7.7468,7.7468,7.7468,0,0
EDI_PE,D,20150120,000000,7.7468,7.7468,7.3248,7.3248,0,0
EDI_PE,D,20150121,000000,7.3248,7.3248,7.3248,7.3248,0,0
EDI_PE,D,20150122,000000,7.2543,7.2543,7.2543,7.2543,0,0
EDI_PE,D,20150123,000000,7.2543,7.2543,7.2543,7.2543,0,0
EDI_PE,D,20150126,000000,7.2543,7.2543,7.2543,7.2543,0,0
EDI_PE,D,20150127,000000,7.2543,7.2543,7.2543,7.2543,0,0
EDI_PE,D,20150128,000000,7.2543,7.2543,7.2543,7.2543,0,0
EDI_PE,D,20150129,000000,7.2543,7.2543,7.2543,7.2543,0,0
EDI_PE,D,20150130,000000,7.2543,7.2543,7.2543,7.2543,0,0
EDI_PE,D,20150202,000000,7.2543,7.2543,7.2543,7.2543,0,0
EDI_PE,D,20150203,000000,7.2543,7.2543,7.2543,7.2543,0,0
EDI_PE,D,20150204,000000,7.2543,7.2543,7.2543,7.2543,0,0
EDI_PE,D,20150205,000000,7.2543,7.2543,7.2543,7.2543,0,0
EDI_PE,D,20150209,000000,7.2543,7.2543,7.2543,7.2543,0,0
EDI_PE,D,20150210,000000,7.2543,7.2543,7.2543,7.2543,0,0
EDI_PE,D,20150211,000000,7.2543,7.2543,7.2543,7.2543,0,0
EDI_PE,D,20150212,000000,7.2543,7.2543,7.2543,7.2543,0,0
EDI_PE,D,20150213,000000,7.2543,7.2543,7.2543,7.2543,0,0
EDI_PE,D,20150216,000000,7.2543,7.2543,7.2543,7.2543,0,0
EDI_PE,D,20150217,000000,7.2543,7.3953,7.2543,7.3953,0,0
EDI_PE,D,20150218,000000,7.3248,7.3953,7.3248,7.3953,0,0
EDI_PE,D,20150219,000000,7.3248,7.3248,7.3248,7.3248,0,0
EDI_PE,D,20150220,000000,7.4658,7.5356,7.4658,7.5356,0,0
EDI_PE,D,20150223,000000,7.4658,7.4658,7.2543,7.2543,0,0
EDI_PE,D,20150224,000000,7.2543,7.2543,7.2543,7.2543,0,0
EDI_PE,D,20150226,000000,7.1134,7.1134,7.1134,7.1134,0,0
EDI_PE,D,20150302,000000,7.1134,7.1134,7.1134,7.1134,0,0
EDI_PE,D,20150303,000000,7.2543,7.4658,7.2543,7.4658,0,0
EDI_PE,D,20150304,000000,7.3953,7.3953,7.3953,7.3953,0,0
EDI_PE,D,20150305,000000,7.3953,7.3953,7.3953,7.3953,0,0
EDI_PE,D,20150306,000000,7.3953,7.3953,7.3953,7.3953,0,0
EDI_PE,D,20150309,000000,7.3953,7.3953,7.3953,7.3953,0,0
EDI_PE,D,20150310,000000,7.3953,7.3953,7.1837,7.1837,0,0
EDI_PE,D,20150311,000000,7.4658,7.4658,7.1837,7.1837,0,0
EDI_PE,D,20150312,000000,7.1837,7.3248,7.1837,7.1837,0,0
EDI_PE,D,20150313,000000,7.1837,7.1837,7.0429,7.0429,0,0
EDI_PE,D,20150316,000000,7.0429,7.0429,7.0429,7.0429,0,0
EDI_PE,D,20150317,000000,7.3953,7.3953,7.0429,7.3248,0,0
EDI_PE,D,20150318,000000,7.606,7.606,4.7188,4.7188,0,0
EDI_PE,D,20150319,000000,4.7891,5.2118,4.7891,5.0709,0,0
EDI_PE,D,20150320,000000,5.0005,5.0005,5.0005,5.0005,0,0
EDI_PE,D,20150323,000000,5.0709,5.0709,5.0005,5.0005,0,0
EDI_PE,D,20150325,000000,5.1414,5.2821,5.1414,5.2821,0,0
EDI_PE,D,20150326,000000,5.2821,5.2821,5.2118,5.2118,0,0
EDI_PE,D,20150327,000000,5.423,5.423,5.423,5.423,0,0
EDI_PE,D,20150330,000000,5.423,5.423,5.423,5.423,0,0
EDI_PE,D,20150331,000000,5.423,5.423,5.423,5.423,0,0
EDI_PE,D,20150401,000000,5.423,5.423,5.423,5.423,0,0
EDI_PE,D,20150402,000000,5.1414,5.1414,5.1414,5.1414,0,0
EDI_PE,D,20150407,000000,5.1414,5.1414,5.1414,5.1414,0,0
EDI_PE,D,20150409,000000,5.1414,5.2118,5.1414,5.2118,0,0
EDI_PE,D,20150410,000000,5.1414,5.1414,5.1414,5.1414,0,0
EDI_PE,D,20150413,000000,5.1414,5.1414,5.1414,5.1414,0,0
EDI_PE,D,20150414,000000,5.1414,5.1414,4.93,4.93,0,0
EDI_PE,D,20150415,000000,4.8596,4.8596,4.7188,4.7188,0,0
EDI_PE,D,20150420,000000,4.6484,4.7188,4.6484,4.7188,0,0
EDI_PE,D,20150421,000000,4.6484,4.6484,4.5779,4.5779,0,0
EDI_PE,D,20150422,000000,4.5779,4.5779,4.5779,4.5779,0,0
EDI_PE,D,20150423,000000,4.6484,4.7891,4.6484,4.7891,0,0
EDI_PE,D,20150427,000000,4.7188,4.7188,4.7188,4.7188,0,0
EDI_PE,D,20150428,000000,4.7188,4.7188,4.7188,4.7188,0,0
EDI_PE,D,20150429,000000,4.93,5.2118,4.93,5.1414,0,0
EDI_PE,D,20150430,000000,5.1414,5.423,5.0005,5.0005,0,0
EDI_PE,D,20150504,000000,5.0709,5.423,5.0005,5.423,0,0
EDI_PE,D,20150505,000000,5.2118,5.2118,5.2118,5.2118,0,0
EDI_PE,D,20150506,000000,5.0709,5.0709,5.0709,5.0709,0,0
EDI_PE,D,20150507,000000,5.0709,5.0709,4.7891,4.8596,0,0
EDI_PE,D,20150508,000000,4.8596,4.8596,4.5779,4.5779,0,0
EDI_PE,D,20150511,000000,5.0005,5.0005,5.0005,5.0005,0,0
EDI_PE,D,20150512,000000,5.1414,5.2821,5.0709,5.2118,0,0
EDI_PE,D,20150514,000000,5.2118,5.7751,5.2118,5.7047,0,0
EDI_PE,D,20150515,000000,5.9864,5.9864,5.916,5.9864,0,0
EDI_PE,D,20150518,000000,6.0569,6.3387,4.5075,4.5075,0,0
EDI_PE,D,20150519,000000,4.5779,4.5779,4.0848,4.0848,0,0
EDI_PE,D,20150520,000000,4.0848,4.5075,4.0848,4.3665,0,0
EDI_PE,D,20150521,000000,4.5779,4.5779,4.5779,4.5779,0,0
EDI_PE,D,20150522,000000,4.2257,4.2961,4.2257,4.2961,0,0
EDI_PE,D,20150525,000000,4.2961,4.2961,4.2257,4.2961,0,0
EDI_PE,D,20150526,000000,4.2961,4.3665,4.2961,4.3665,0,0
EDI_PE,D,20150527,000000,4.3665,4.3665,4.3665,4.3665,0,0
EDI_PE,D,20150528,000000,4.2257,4.2257,4.2257,4.2257,0,0
EDI_PE,D,20150529,000000,4.2257,4.2257,4.2257,4.2257,0,0
EDI_PE,D,20150601,000000,4.2257,4.2257,4.1554,4.2257,0,0
EDI_PE,D,20150602,000000,4.2961,4.2961,4.2257,4.2257,0,0
EDI_PE,D,20150603,000000,4.0848,4.0848,4.0848,4.0848,0,0
EDI_PE,D,20150605,000000,4.0848,4.0848,3.7328,4.0145,0,0
EDI_PE,D,20150608,000000,4.0848,4.0848,4.0848,4.0848,0,0
EDI_PE,D,20150609,000000,4.0848,4.2961,4.0848,4.0848,0,0
EDI_PE,D,20150610,000000,4.2961,4.2961,4.0848,4.1554,0,0
EDI_PE,D,20150611,000000,4.1554,4.1554,4.1554,4.1554,0,0
EDI_PE,D,20150612,000000,4.1554,4.1554,4.1554,4.1554,0,0
EDI_PE,D,20150615,000000,4.1554,4.2257,4.1554,4.2257,0,0
EDI_PE,D,20150616,000000,4.2961,4.5075,4.2257,4.5075,0,0
EDI_PE,D,20150617,000000,4.5075,4.5075,4.3665,4.3665,0,0
EDI_PE,D,20150618,000000,4.2961,4.2961,4.2257,4.2257,0,0
EDI_PE,D,20150619,000000,4.2257,4.2257,4.2257,4.2257,0,0
EDI_PE,D,20150622,000000,4.2257,4.2961,4.2257,4.2961,0,0
EDI_PE,D,20150623,000000,4.3665,4.3665,4.3665,4.3665,0,0
EDI_PE,D,20150625,000000,4.2961,4.2961,4.2257,4.2257,0,0
EDI_PE,D,20150626,000000,4.2257,4.2257,3.944,4.2257,0,0
EDI_PE,D,20150629,000000,4.0848,4.2257,4.0848,4.2257,0,0
EDI_PE,D,20150630,000000,4.2257,4.2257,4.1554,4.2257,0,0
EDI_PE,D,20150701,000000,4.2257,4.5075,4.2257,4.5075,0,0
EDI_PE,D,20150702,000000,4.7188,4.93,4.7188,4.8596,0,0
EDI_PE,D,20150703,000000,5.2883,5.5183,5.0585,5.2883,0,0
EDI_PE,D,20150706,000000,4.9052,4.9052,4.8285,4.8285,0,0
EDI_PE,D,20150708,000000,4.522,4.5986,4.4454,4.5986,0,0
EDI_PE,D,20150713,000000,4.2921,4.2921,4.2921,4.2921,0,0
EDI_PE,D,20150714,000000,4.2921,4.2921,4.2921,4.2921,0,0
EDI_PE,D,20150715,000000,4.2921,4.2921,4.2921,4.2921,0,0
EDI_PE,D,20150716,000000,4.3686,4.4454,4.3686,4.4454,0,0
EDI_PE,D,20150717,000000,4.522,4.522,4.522,4.522,0,0
EDI_PE,D,20150720,000000,4.4454,4.4454,4.4454,4.4454,0,0
EDI_PE,D,20150722,000000,4.3686,4.3686,4.3686,4.3686,0,0
EDI_PE,D,20150724,000000,4.3686,4.4454,4.3686,4.4454,0,0
EDI_PE,D,20150727,000000,4.4454,4.4454,4.3686,4.3686,0,0
EDI_PE,D,20150729,000000,4.2921,4.2921,4.2921,4.2921,0,0
EDI_PE,D,20150804,000000,4.2921,4.2921,4.2154,4.2154,0,0
EDI_PE,D,20150806,000000,4.3686,4.3686,4.3686,4.3686,0,0
EDI_PE,D,20150811,000000,4.3686,4.3686,4.3686,4.3686,0,0
EDI_PE,D,20150812,000000,4.2154,4.2921,4.2154,4.2921,0,0
EDI_PE,D,20150813,000000,4.2921,4.3686,4.1387,4.3686,0,0
EDI_PE,D,20150817,000000,4.3686,4.3686,4.3686,4.3686,0,0
EDI_PE,D,20150818,000000,4.1387,4.3686,4.1387,4.3686,0,0
EDI_PE,D,20150819,000000,4.3686,4.3686,4.3686,4.3686,0,0
EDI_PE,D,20150820,000000,4.3686,4.3686,4.3686,4.3686,0,0
EDI_PE,D,20150821,000000,4.4454,5.2118,4.4454,4.522,0,0
EDI_PE,D,20150824,000000,4.2921,4.522,4.2154,4.2154,0,0
EDI_PE,D,20150825,000000,4.2154,4.2921,4.2154,4.2921,0,0
EDI_PE,D,20150826,000000,4.2921,4.2921,4.2154,4.2154,0,0
EDI_PE,D,20150827,000000,4.0622,4.0622,4.0622,4.0622,0,0
EDI_PE,D,20150828,000000,4.1387,4.1387,4.0622,4.0622,0,0
EDI_PE,D,20150831,000000,3.9088,3.9088,3.7555,3.7555,0,0
EDI_PE,D,20150901,000000,3.9088,3.9088,3.7555,3.7555,0,0
EDI_PE,D,20150902,000000,3.6023,3.6023,3.6023,3.6023,0,0
EDI_PE,D,20150903,000000,3.7555,3.8321,3.5256,3.8321,0,0
EDI_PE,D,20150904,000000,3.8321,3.8321,3.8321,3.8321,0,0
EDI_PE,D,20150907,000000,3.8321,3.8321,3.8321,3.8321,0,0
EDI_PE,D,20150908,000000,3.6788,3.6788,3.6788,3.6788,0,0
EDI_PE,D,20150909,000000,3.6788,3.6788,3.6023,3.6023,0,0
EDI_PE,D,20150910,000000,3.6023,3.7555,3.6023,3.7555,0,0
EDI_PE,D,20150911,000000,3.5256,3.7555,3.5256,3.7555,0,0
EDI_PE,D,20150914,000000,3.6788,3.6788,3.6788,3.6788,0,0
EDI_PE,D,20150915,000000,3.5256,3.7555,3.5256,3.7555,0,0
EDI_PE,D,20150916,000000,3.7555,3.7555,3.7555,3.7555,0,0
EDI_PE,D,20150917,000000,3.6788,3.6788,3.6788,3.6788,0,0
EDI_PE,D,20150918,000000,3.6023,3.6023,3.6023,3.6023,0,0
EDI_PE,D,20150921,000000,3.6023,3.6788,3.6023,3.6788,0,0
EDI_PE,D,20150922,000000,3.6023,3.7555,3.6023,3.6023,0,0
EDI_PE,D,20150923,000000,3.5256,3.5256,3.5256,3.5256,0,0
EDI_PE,D,20150924,000000,3.8321,3.8321,3.7555,3.7555,0,0
EDI_PE,D,20150925,000000,3.7555,3.7555,3.7555,3.7555,0,0
EDI_PE,D,20150928,000000,3.6023,3.6023,3.5256,3.5256,0,0
EDI_PE,D,20150929,000000,3.3723,3.3723,3.3723,3.3723,0,0
EDI_PE,D,20150930,000000,3.3723,3.3723,3.3723,3.3723,0,0
EDI_PE,D,20151001,000000,3.6788,3.6788,3.6788,3.6788,0,0
EDI_PE,D,20151005,000000,3.6788,3.6788,3.6788,3.6788,0,0
EDI_PE,D,20151007,000000,3.3723,3.6788,3.3723,3.6788,0,0
EDI_PE,D,20151008,000000,3.6788,3.6788,3.5256,3.6788,0,0
EDI_PE,D,20151012,000000,3.6788,3.6788,3.6788,3.6788,0,0
EDI_PE,D,20151013,000000,3.5256,3.5256,3.2957,3.2957,0,0
EDI_PE,D,20151014,000000,3.6788,3.6788,3.3723,3.3723,0,0
EDI_PE,D,20151015,000000,3.3723,3.3723,3.3723,3.3723,0,0
EDI_PE,D,20151016,000000,3.449,3.449,3.449,3.449,0,0
EDI_PE,D,20151019,000000,3.6023,3.6023,3.449,3.449,0,0
EDI_PE,D,20151020,000000,3.449,3.5256,3.449,3.5256,0,0
EDI_PE,D,20151022,000000,3.5256,3.5256,3.5256,3.5256,0,0
EDI_PE,D,20151023,000000,3.5256,3.5256,3.5256,3.5256,0,0
EDI_PE,D,20151026,000000,3.449,3.449,3.449,3.449,0,0
EDI_PE,D,20151027,000000,3.6023,3.6023,3.6023,3.6023,0,0
EDI_PE,D,20151028,000000,3.449,3.6788,3.449,3.6788,0,0
EDI_PE,D,20151029,000000,3.7555,3.7555,3.449,3.5256,0,0
EDI_PE,D,20151030,000000,3.5256,3.5256,3.5256,3.5256,0,0
EDI_PE,D,20151102,000000,3.3723,3.449,3.3723,3.449,0,0
EDI_PE,D,20151103,000000,3.6023,3.6023,3.5256,3.5256,0,0
EDI_PE,D,20151104,000000,3.5256,3.5256,3.449,3.449,0,0
EDI_PE,D,20151105,000000,3.449,3.449,3.2957,3.449,0,0
EDI_PE,D,20151106,000000,3.2957,3.6788,3.2957,3.6788,0,0
EDI_PE,D,20151109,000000,3.9855,3.9855,3.8321,3.8321,0,0
EDI_PE,D,20151112,000000,3.8321,3.8321,3.8321,3.8321,0,0
EDI_PE,D,20151116,000000,3.8321,3.8321,3.8321,3.8321,0,0
EDI_PE,D,20151117,000000,3.9855,3.9855,3.9088,3.9088,0,0
EDI_PE,D,20151119,000000,3.8321,3.8321,3.7555,3.8321,0,0
EDI_PE,D,20151120,000000,3.9088,3.9088,3.9088,3.9088,0,0
EDI_PE,D,20151123,000000,3.9088,3.9088,3.9088,3.9088,0,0
EDI_PE,D,20151125,000000,3.9088,3.9088,3.9088,3.9088,0,0
EDI_PE,D,20151126,000000,3.9088,3.9088,3.9088,3.9088,0,0
EDI_PE,D,20151127,000000,3.9088,3.9088,3.9088,3.9088,0,0
EDI_PE,D,20151130,000000,3.9088,3.9088,3.9088,3.9088,0,0
EDI_PE,D,20151201,000000,3.6788,3.6788,3.6788,3.6788,0,0
EDI_PE,D,20151202,000000,3.6788,3.6788,3.6788,3.6788,0,0
EDI_PE,D,20151203,000000,3.9088,3.9088,3.9088,3.9088,0,0
EDI_PE,D,20151204,000000,3.9088,3.9088,3.6788,3.6788,0,0
EDI_PE,D,20151207,000000,3.5256,3.6788,3.5256,3.6788,0,0
EDI_PE,D,20151208,000000,3.6788,3.8321,3.5256,3.5256,0,0
EDI_PE,D,20151209,000000,3.8321,3.8321,3.8321,3.8321,0,0
EDI_PE,D,20151210,000000,3.8321,3.8321,3.8321,3.8321,0,0
EDI_PE,D,20151211,000000,3.8321,3.8321,3.8321,3.8321,0,0
EDI_PE,D,20151214,000000,3.5256,3.8321,3.449,3.449,0,0
EDI_PE,D,20151218,000000,3.449,3.449,3.449,3.449,0,0
EDI_PE,D,20151221,000000,3.449,3.449,3.449,3.449,0,0
EDI_PE,D,20151222,000000,3.449,3.449,3.449,3.449,0,0
EDI_PE,D,20151223,000000,3.449,3.449,3.449,3.449,0,0
EDI_PE,D,20151228,000000,3.449,3.449,3.3723,3.449,0,0
EDI_PE,D,20151230,000000,3.449,3.449,3.449,3.449,0,0
EDI_PE,D,20160105,000000,3.6023,3.6023,3.6023,3.6023,0,0
EDI_PE,D,20160107,000000,3.449,3.6023,3.449,3.6023,0,0
EDI_PE,D,20160112,000000,3.449,3.5256,3.449,3.5256,0,0
EDI_PE,D,20160113,000000,3.5256,3.5256,3.5256,3.5256,0,0
EDI_PE,D,20160115,000000,3.6023,3.6023,3.6023,3.6023,0,0
EDI_PE,D,20160119,000000,3.6023,3.6023,3.6023,3.6023,0,0
EDI_PE,D,20160120,000000,3.6023,3.6023,3.6023,3.6023,0,0
EDI_PE,D,20160121,000000,3.6023,3.6023,3.6023,3.6023,0,0
EDI_PE,D,20160122,000000,3.6023,3.6023,3.449,3.449,0,0
EDI_PE,D,20160126,000000,3.6023,3.6023,3.6023,3.6023,0,0
EDI_PE,D,20160127,000000,3.3723,3.6023,3.3723,3.6023,0,0
EDI_PE,D,20160128,000000,3.449,3.449,3.449,3.449,0,0
EDI_PE,D,20160129,000000,3.449,3.449,3.449,3.449,0,0
EDI_PE,D,20160201,000000,3.449,3.449,3.449,3.449,0,0
EDI_PE,D,20160203,000000,3.3723,3.3723,3.3723,3.3723,0,0
EDI_PE,D,20160205,000000,3.5256,3.6023,3.5256,3.6023,0,0
EDI_PE,D,20160208,000000,3.5256,3.5256,3.449,3.449,0,0
EDI_PE,D,20160209,000000,3.449,3.5256,3.449,3.5256,0,0
EDI_PE,D,20160210,000000,3.5256,3.7555,3.5256,3.7555,0,0
EDI_PE,D,20160211,000000,3.6023,3.6023,3.5256,3.6023,0,0
EDI_PE,D,20160212,000000,3.6023,3.6023,3.449,3.449,0,0
EDI_PE,D,20160215,000000,3.449,3.449,3.3723,3.449,0,0
EDI_PE,D,20160216,000000,3.449,3.5256,3.449,3.449,0,0
EDI_PE,D,20160217,000000,3.449,3.449,3.3723,3.449,0,0
EDI_PE,D,20160218,000000,3.3723,3.449,3.3723,3.449,0,0
EDI_PE,D,20160219,000000,3.449,3.449,3.449,3.449,0,0
EDI_PE,D,20160222,000000,3.449,3.449,3.449,3.449,0,0
EDI_PE,D,20160223,000000,3.449,3.449,3.449,3.449,0,0
EDI_PE,D,20160224,000000,3.449,3.449,3.449,3.449,0,0
EDI_PE,D,20160225,000000,3.449,3.449,3.449,3.449,0,0
EDI_PE,D,20160226,000000,3.449,3.449,3.449,3.449,0,0
EDI_PE,D,20160229,000000,3.449,3.449,3.449,3.449,0,0
EDI_PE,D,20160301,000000,3.449,3.5256,3.449,3.5256,0,0
EDI_PE,D,20160302,000000,3.5256,3.5256,3.449,3.449,0,0
EDI_PE,D,20160303,000000,3.449,3.5256,3.449,3.5256,0,0
EDI_PE,D,20160304,000000,3.5256,3.5256,3.449,3.449,0,0
EDI_PE,D,20160307,000000,3.449,3.5256,3.449,3.5256,0,0
EDI_PE,D,20160308,000000,3.5256,3.5256,3.5256,3.5256,0,0
EDI_PE,D,20160309,000000,3.6023,3.6023,3.6023,3.6023,0,0
EDI_PE,D,20160310,000000,3.6788,3.6788,3.6023,3.6788,0,0
EDI_PE,D,20160311,000000,3.7555,3.8321,3.7555,3.7555,0,0
EDI_PE,D,20160314,000000,3.7555,3.7555,3.7555,3.7555,0,0
EDI_PE,D,20160315,000000,3.7555,3.8321,3.7555,3.8321,0,0
EDI_PE,D,20160316,000000,3.7555,3.7555,3.6788,3.6788,0,0
EDI_PE,D,20160317,000000,3.6788,3.8321,3.6788,3.8321,0,0
EDI_PE,D,20160318,000000,4.0622,4.3686,3.9855,4.2921,0,0
EDI_PE,D,20160321,000000,4.2154,4.522,4.2154,4.522,0,0
EDI_PE,D,20160322,000000,4.522,4.522,4.1387,4.3686,0,0
EDI_PE,D,20160323,000000,4.4454,4.522,4.2921,4.2921,0,0
EDI_PE,D,20160324,000000,4.3686,4.522,4.2921,4.2921,0,0
EDI_PE,D,20160329,000000,4.2921,4.4454,4.2921,4.4454,0,0
EDI_PE,D,20160330,000000,4.4454,4.4454,4.4454,4.4454,0,0
EDI_PE,D,20160331,000000,4.4454,4.4454,4.4454,4.4454,0,0
EDI_PE,D,20160401,000000,4.2921,4.2921,4.0622,4.2921,0,0
EDI_PE,D,20160404,000000,4.3686,4.4454,4.2154,4.3686,0,0
EDI_PE,D,20160405,000000,4.2154,4.3686,4.2154,4.2921,0,0
EDI_PE,D,20160406,000000,4.1387,4.2921,4.1387,4.2921,0,0
EDI_PE,D,20160407,000000,4.2921,4.2921,4.1387,4.2921,0,0
EDI_PE,D,20160408,000000,4.2921,4.2921,4.2921,4.2921,0,0
EDI_PE,D,20160411,000000,4.2921,4.2921,4.2154,4.2154,0,0
EDI_PE,D,20160412,000000,4.2154,4.2154,4.1387,4.1387,0,0
EDI_PE,D,20160413,000000,4.1387,4.2154,3.9855,4.2154,0,0
EDI_PE,D,20160414,000000,4.0622,4.0622,4.0622,4.0622,0,0
EDI_PE,D,20160415,000000,4.1387,4.1387,3.9855,4.1387,0,0
EDI_PE,D,20160418,000000,4.0622,4.0622,4.0622,4.0622,0,0
EDI_PE,D,20160419,000000,4.1387,4.1387,4.0622,4.1387,0,0
EDI_PE,D,20160420,000000,4.2921,4.3686,4.2921,4.3686,0,0
EDI_PE,D,20160421,000000,4.2154,4.2154,4.2154,4.2154,0,0
EDI_PE,D,20160422,000000,4.2154,4.3686,4.2154,4.3686,0,0
EDI_PE,D,20160425,000000,4.4454,4.4454,4.3686,4.3686,0,0
EDI_PE,D,20160426,000000,4.2154,4.3686,4.2154,4.3686,0,0
EDI_PE,D,20160427,000000,4.3686,4.3686,4.3686,4.3686,0,0
EDI_PE,D,20160428,000000,4.3686,4.3686,4.3686,4.3686,0,0
EDI_PE,D,20160429,000000,4.3686,4.3686,4.3686,4.3686,0,0
EDI_PE,D,20160502,000000,4.3686,4.3686,4.3686,4.3686,0,0
EDI_PE,D,20160504,000000,4.3686,4.3686,4.3686,4.3686,0,0
EDI_PE,D,20160505,000000,4.2921,4.4454,4.2921,4.4454,0,0
EDI_PE,D,20160506,000000,4.4454,4.4454,4.3686,4.3686,0,0
EDI_PE,D,20160509,000000,4.3686,4.4454,4.3686,4.4454,0,0
EDI_PE,D,20160510,000000,4.4454,4.7519,4.4454,4.6752,0,0
EDI_PE,D,20160511,000000,4.6752,4.6752,4.522,4.6752,0,0
EDI_PE,D,20160512,000000,4.522,4.522,4.2921,4.2921,0,0
EDI_PE,D,20160513,000000,4.1387,4.2921,4.1387,4.2154,0,0
EDI_PE,D,20160516,000000,4.1387,4.2154,4.0622,4.1387,0,0
EDI_PE,D,20160517,000000,4.1387,4.1387,4.0622,4.1387,0,0
EDI_PE,D,20160518,000000,4.0622,4.0622,4.0622,4.0622,0,0
EDI_PE,D,20160519,000000,4.0622,4.1387,3.9855,3.9855,0,0
EDI_PE,D,20160520,000000,3.9855,3.9855,3.9855,3.9855,0,0
EDI_PE,D,20160523,000000,3.9088,3.9088,3.9088,3.9088,0,0
EDI_PE,D,20160524,000000,3.9088,4.522,3.9088,4.522,0,0
EDI_PE,D,20160525,000000,4.4454,4.522,4.4454,4.522,0,0
EDI_PE,D,20160527,000000,4.6752,4.9819,4.522,4.9052,0,0
EDI_PE,D,20160530,000000,4.6752,4.9052,4.5986,4.5986,0,0
EDI_PE,D,20160601,000000,4.4454,4.522,3.9855,4.0622,0,0
EDI_PE,D,20160602,000000,4.2154,4.4454,4.2154,4.4454,0,0
EDI_PE,D,20160606,000000,4.3686,4.4454,4.3686,4.3686,0,0
EDI_PE,D,20160607,000000,4.2921,4.3686,4.2921,4.3686,0,0
EDI_PE,D,20160609,000000,4.0622,4.3686,4.0622,4.3686,0,0
EDI_PE,D,20160610,000000,4.0622,4.2921,4.0622,4.2921,0,0
EDI_PE,D,20160613,000000,4.0622,4.2921,4.0622,4.2921,0,0
EDI_PE,D,20160614,000000,4.2921,4.2921,4.0622,4.2154,0,0
EDI_PE,D,20160615,000000,4.1387,4.1387,4.1387,4.1387,0,0
EDI_PE,D,20160616,000000,3.9088,3.9855,3.9088,3.9855,0,0
EDI_PE,D,20160620,000000,3.9088,3.9855,3.7555,3.8321,0,0
EDI_PE,D,20160621,000000,3.8321,4.0622,3.8321,4.0622,0,0
EDI_PE,D,20160622,000000,3.9855,3.9855,3.8321,3.9088,0,0
EDI_PE,D,20160623,000000,3.8321,4.1387,3.8321,4.1387,0,0
EDI_PE,D,20160624,000000,3.8321,4.0622,3.8321,4.0622,0,0
EDI_PE,D,20160627,000000,3.8321,3.9855,3.8321,3.9855,0,0
EDI_PE,D,20160628,000000,3.9855,3.9855,3.9088,3.9855,0,0
EDI_PE,D,20160630,000000,3.9088,3.9855,3.9088,3.9855,0,0
EDI_PE,D,20160704,000000,3.9855,3.9855,3.9855,3.9855,0,0
EDI_PE,D,20160705,000000,3.9855,3.9855,3.9855,3.9855,0,0
EDI_PE,D,20160706,000000,3.9855,3.9855,3.9855,3.9855,0,0
EDI_PE,D,20160708,000000,3.9855,3.9855,3.9855,3.9855,0,0
EDI_PE,D,20160714,000000,3.9855,3.9855,3.9855,3.9855,0,0
EDI_PE,D,20160715,000000,3.9855,3.9855,3.9088,3.9088,0,0
EDI_PE,D,20160718,000000,3.9088,3.9855,3.9088,3.9855,0,0
EDI_PE,D,20160719,000000,3.9088,4.0622,3.9088,4.0622,0,0
EDI_PE,D,20160726,000000,4.0622,4.1387,3.9855,4.0622,0,0
EDI_PE,D,20160727,000000,4.0622,4.1387,4.0622,4.1387,0,0
EDI_PE,D,20160728,000000,4.1387,4.2154,4.1387,4.2154,0,0
EDI_PE,D,20160729,000000,4.2154,4.2154,4.1387,4.1387,0,0
EDI_PE,D,20160801,000000,4.1761,4.1761,4.0155,4.0155,0,0
EDI_PE,D,20160802,000000,4.0959,4.0959,4.0959,4.0959,0,0
EDI_PE,D,20160803,000000,4.0155,4.0155,4.0155,4.0155,0,0
EDI_PE,D,20160804,000000,4.0155,4.0155,3.9352,4.0155,0,0
EDI_PE,D,20160805,000000,4.0959,4.0959,4.0155,4.0155,0,0
EDI_PE,D,20160809,000000,4.0155,4.0155,4.0155,4.0155,0,0
EDI_PE,D,20160810,000000,4.0155,4.0155,3.9352,4.0155,0,0
EDI_PE,D,20160812,000000,4.0155,4.0155,3.9352,3.9352,0,0
EDI_PE,D,20160816,000000,3.9352,4.0155,3.8549,4.0155,0,0
EDI_PE,D,20160817,000000,4.0155,4.0155,3.7746,3.7746,0,0
EDI_PE,D,20160818,000000,3.6943,3.7746,3.6943,3.7746,0,0
EDI_PE,D,20160819,000000,3.7746,4.0155,3.7746,4.0155,0,0
EDI_PE,D,20160822,000000,4.0155,4.0155,3.8549,3.8549,0,0
EDI_PE,D,20160823,000000,3.9352,3.9352,3.8549,3.8549,0,0
EDI_PE,D,20160824,000000,3.8549,3.8549,3.8549,3.8549,0,0
EDI_PE,D,20160825,000000,3.8549,3.9352,3.8549,3.8549,0,0
EDI_PE,D,20160826,000000,3.8549,3.8549,3.8549,3.8549,0,0
EDI_PE,D,20160829,000000,3.8549,3.9352,3.8549,3.9352,0,0
EDI_PE,D,20160830,000000,3.8549,3.9352,3.8549,3.9352,0,0
EDI_PE,D,20160831,000000,3.9352,3.9352,3.9352,3.9352,0,0
EDI_PE,D,20160901,000000,3.8549,3.9352,3.8549,3.9352,0,0
EDI_PE,D,20160902,000000,3.9352,3.9352,3.8549,3.8549,0,0
EDI_PE,D,20160906,000000,3.8549,3.8549,3.8549,3.8549,0,0
EDI_PE,D,20160907,000000,3.9352,3.9352,3.9352,3.9352,0,0
EDI_PE,D,20160908,000000,3.9352,3.9352,3.8549,3.8549,0,0
EDI_PE,D,20160909,000000,3.8549,3.9352,3.8549,3.9352,0,0
EDI_PE,D,20160912,000000,3.8549,3.9352,3.8549,3.8549,0,0
EDI_PE,D,20160914,000000,3.8549,3.8549,3.7746,3.7746,0,0
EDI_PE,D,20160915,000000,3.8549,3.8549,3.8549,3.8549,0,0
EDI_PE,D,20160916,000000,3.7746,3.7746,3.7746,3.7746,0,0
EDI_PE,D,20160919,000000,3.7746,3.7746,3.6943,3.6943,0,0
EDI_PE,D,20160920,000000,3.7746,3.7746,3.6943,3.7746,0,0
EDI_PE,D,20160921,000000,3.7746,3.7746,3.7746,3.7746,0,0
EDI_PE,D,20160922,000000,3.7746,3.7746,3.6943,3.6943,0,0
EDI_PE,D,20160923,000000,3.7746,3.7746,3.7746,3.7746,0,0
EDI_PE,D,20160926,000000,3.7746,3.7746,3.6943,3.6943,0,0
EDI_PE,D,20160927,000000,3.7746,3.7746,3.7746,3.7746,0,0
EDI_PE,D,20160928,000000,3.7746,3.7746,3.6943,3.6943,0,0
EDI_PE,D,20160929,000000,3.7746,3.8549,3.7746,3.7746,0,0
EDI_PE,D,20160930,000000,3.7746,3.7746,3.7746,3.7746,0,0
EDI_PE,D,20161003,000000,3.8549,3.8549,3.7746,3.7746,0,0
EDI_PE,D,20161004,000000,3.7746,3.7746,3.7746,3.7746,0,0
EDI_PE,D,20161005,000000,3.7746,3.7746,3.7746,3.7746,0,0
EDI_PE,D,20161007,000000,3.7746,3.7746,3.6943,3.6943,0,0
EDI_PE,D,20161010,000000,3.6943,3.8549,3.6943,3.8549,0,0
EDI_PE,D,20161011,000000,3.7746,3.8549,3.7746,3.8549,0,0
EDI_PE,D,20161012,000000,3.8549,3.8549,3.7746,3.7746,0,0
EDI_PE,D,20161013,000000,3.7746,3.7746,3.7746,3.7746,0,0
EDI_PE,D,20161014,000000,3.7746,3.7746,3.7746,3.7746,0,0
EDI_PE,D,20161017,000000,3.7746,3.7746,3.7746,3.7746,0,0
EDI_PE,D,20161018,000000,3.7746,3.7746,3.7746,3.7746,0,0
EDI_PE,D,20161019,000000,3.7746,3.7746,3.6943,3.6943,0,0
EDI_PE,D,20161020,000000,3.6943,3.7746,3.6943,3.7746,0,0
EDI_PE,D,20161021,000000,3.7746,3.7746,3.7746,3.7746,0,0
EDI_PE,D,20161024,000000,3.7746,3.7746,3.6943,3.6943,0,0
EDI_PE,D,20161025,000000,3.6943,3.6943,3.6943,3.6943,0,0
EDI_PE,D,20161026,000000,3.6943,3.6943,3.6943,3.6943,0,0
EDI_PE,D,20161027,000000,3.6943,3.6943,3.6943,3.6943,0,0
EDI_PE,D,20161028,000000,3.6943,3.8549,3.6943,3.8549,0,0
EDI_PE,D,20161031,000000,3.8549,3.8549,3.6943,3.6943,0,0
EDI_PE,D,20161102,000000,3.6943,3.6943,3.6943,3.6943,0,0
EDI_PE,D,20161103,000000,3.6943,3.7746,3.6943,3.7746,0,0
EDI_PE,D,20161104,000000,3.6943,3.6943,3.6943,3.6943,0,0
EDI_PE,D,20161107,000000,3.6943,3.6943,3.6943,3.6943,0,0
EDI_PE,D,20161108,000000,3.6943,3.6943,3.6943,3.6943,0,0
EDI_PE,D,20161109,000000,3.6943,4.2565,3.6943,4.2565,0,0
EDI_PE,D,20161110,000000,4.2565,4.2565,4.2565,4.2565,0,0
EDI_PE,D,20161114,000000,4.2565,4.3367,4.2565,4.2565,0,0
EDI_PE,D,20161115,000000,4.1761,4.2565,4.1761,4.2565,0,0
EDI_PE,D,20161116,000000,4.2565,4.2565,4.2565,4.2565,0,0
EDI_PE,D,20161117,000000,4.2565,4.2565,4.2565,4.2565,0,0
EDI_PE,D,20161118,000000,4.3367,4.3367,4.1761,4.3367,0,0
EDI_PE,D,20161121,000000,4.417,4.417,4.417,4.417,0,0
EDI_PE,D,20161122,000000,4.417,4.417,4.2565,4.2565,0,0
EDI_PE,D,20161123,000000,4.2565,4.2565,4.2565,4.2565,0,0
EDI_PE,D,20161124,000000,4.417,4.417,4.2565,4.2565,0,0
EDI_PE,D,20161125,000000,4.417,4.417,4.417,4.417,0,0
EDI_PE,D,20161128,000000,4.417,4.417,4.3367,4.3367,0,0
EDI_PE,D,20161129,000000,4.3367,4.3367,4.3367,4.3367,0,0
EDI_PE,D,20161130,000000,4.3367,4.3367,4.1761,4.1761,0,0
EDI_PE,D,20161201,000000,4.1761,4.1761,4.1761,4.1761,0,0
EDI_PE,D,20161202,000000,4.1761,4.3367,4.1761,4.3367,0,0
EDI_PE,D,20161205,000000,4.3367,4.3367,4.1761,4.1761,0,0
EDI_PE,D,20161206,000000,4.1761,4.1761,4.1761,4.1761,0,0
EDI_PE,D,20161207,000000,4.1761,4.3367,4.1761,4.2565,0,0
EDI_PE,D,20161208,000000,4.1761,4.1761,4.1761,4.1761,0,0
EDI_PE,D,20161209,000000,4.1761,4.2565,4.1761,4.2565,0,0
EDI_PE,D,20161212,000000,4.1761,4.3367,4.1761,4.2565,0,0
EDI_PE,D,20161213,000000,4.1761,4.2565,4.1761,4.2565,0,0
EDI_PE,D,20161214,000000,4.1761,4.1761,4.1761,4.1761,0,0
EDI_PE,D,20161215,000000,4.1761,4.1761,4.1761,4.1761,0,0
EDI_PE,D,20161216,000000,4.1761,4.1761,4.1761,4.1761,0,0
EDI_PE,D,20161219,000000,4.1761,4.1761,3.9352,3.9352,0,0
EDI_PE,D,20161220,000000,4.0155,4.2565,4.0155,4.1761,0,0
EDI_PE,D,20161221,000000,4.2565,4.3367,4.2565,4.3367,0,0
EDI_PE,D,20161222,000000,4.3367,4.3367,4.0959,4.0959,0,0
EDI_PE,D,20161223,000000,4.0959,4.2565,4.0959,4.2565,0,0
EDI_PE,D,20161227,000000,4.2565,4.2565,4.2565,4.2565,0,0
EDI_PE,D,20161228,000000,4.1761,4.1761,4.0959,4.0959,0,0
EDI_PE,D,20161229,000000,4.0959,4.1761,4.0959,4.0959,0,0
EDI_PE,D,20161230,000000,4.5776,4.5776,4.1761,4.4974,0,0
EDI_PE,D,20170102,000000,4.3367,4.417,4.3367,4.417,0,0
EDI_PE,D,20170103,000000,4.417,4.4974,4.417,4.417,0,0
EDI_PE,D,20170104,000000,4.417,4.417,4.2565,4.2565,0,0
EDI_PE,D,20170105,000000,4.3367,4.3367,4.2565,4.2565,0,0
EDI_PE,D,20170110,000000,4.3367,4.417,4.3367,4.417,0,0
EDI_PE,D,20170111,000000,4.417,4.417,4.2565,4.2565,0,0
EDI_PE,D,20170112,000000,4.2565,4.2565,4.2565,4.2565,0,0
EDI_PE,D,20170113,000000,4.2565,4.3367,4.2565,4.3367,0,0
EDI_PE,D,20170116,000000,4.3367,4.3367,4.3367,4.3367,0,0
EDI_PE,D,20170117,000000,4.3367,4.3367,4.3367,4.3367,0,0
EDI_PE,D,20170118,000000,4.3367,4.3367,4.3367,4.3367,0,0
EDI_PE,D,20170119,000000,4.2565,4.2565,4.2565,4.2565,0,0
EDI_PE,D,20170120,000000,4.2565,4.3367,4.2565,4.3367,0,0
EDI_PE,D,20170123,000000,4.2565,4.3367,4.2565,4.3367,0,0
EDI_PE,D,20170124,000000,4.3367,4.3367,4.3367,4.3367,0,0
EDI_PE,D,20170125,000000,4.417,4.417,4.2565,4.2565,0,0
EDI_PE,D,20170126,000000,4.417,4.417,4.3367,4.3367,0,0
EDI_PE,D,20170127,000000,4.3367,4.5776,4.3367,4.4974,0,0
EDI_PE,D,20170130,000000,4.4974,4.4974,4.417,4.417,0,0
EDI_PE,D,20170131,000000,4.4974,4.5776,4.4974,4.5776,0,0
EDI_PE,D,20170201,000000,4.4974,4.4974,4.417,4.417,0,0
EDI_PE,D,20170202,000000,4.417,4.417,4.417,4.417,0,0
EDI_PE,D,20170203,000000,4.4974,4.5776,4.4974,4.5776,0,0
EDI_PE,D,20170206,000000,4.5776,4.5776,4.5776,4.5776,0,0
EDI_PE,D,20170207,000000,4.5776,4.7383,4.5776,4.7383,0,0
EDI_PE,D,20170208,000000,4.8989,4.9792,4.8186,4.8186,0,0
EDI_PE,D,20170209,000000,4.8186,5.2201,4.8186,4.9792,0,0
EDI_PE,D,20170210,000000,4.9792,5.0595,4.9792,4.9792,0,0
EDI_PE,D,20170213,000000,5.0595,5.0595,4.9792,4.9792,0,0
EDI_PE,D,20170214,000000,4.9792,4.9792,4.8989,4.8989,0,0
EDI_PE,D,20170216,000000,4.8186,4.8186,4.8186,4.8186,0,0
EDI_PE,D,20170217,000000,4.8186,4.8186,4.8186,4.8186,0,0
EDI_PE,D,20170220,000000,4.8989,4.8989,4.8989,4.8989,0,0
EDI_PE,D,20170221,000000,4.8989,4.8989,4.8989,4.8989,0,0
EDI_PE,D,20170222,000000,4.7383,4.7383,4.7383,4.7383,0,0
EDI_PE,D,20170223,000000,4.7383,4.7383,4.7383,4.7383,0,0
EDI_PE,D,20170224,000000,4.7383,4.7383,4.7383,4.7383,0,0
EDI_PE,D,20170227,000000,4.7383,4.7383,4.7383,4.7383,0,0
EDI_PE,D,20170301,000000,4.7383,4.7383,4.7383,4.7383,0,0
EDI_PE,D,20170302,000000,4.7383,4.7383,4.6581,4.6581,0,0
EDI_PE,D,20170303,000000,4.8186,4.8186,4.8186,4.8186,0,0
EDI_PE,D,20170306,000000,4.8186,4.8989,4.8186,4.8989,0,0
EDI_PE,D,20170307,000000,4.8989,4.8989,4.8186,4.8186,0,0
EDI_PE,D,20170308,000000,4.6581,4.6581,4.6581,4.6581,0,0
EDI_PE,D,20170310,000000,4.6581,4.7383,4.6581,4.7383,0,0
EDI_PE,D,20170313,000000,4.7383,4.7383,4.7383,4.7383,0,0
EDI_PE,D,20170314,000000,4.7383,4.8186,4.7383,4.7383,0,0
EDI_PE,D,20170315,000000,4.7383,4.7383,4.7383,4.7383,0,0
EDI_PE,D,20170316,000000,4.7383,4.7383,4.7383,4.7383,0,0
EDI_PE,D,20170317,000000,4.7383,4.7383,4.7383,4.7383,0,0
EDI_PE,D,20170320,000000,4.8186,4.8186,4.8186,4.8186,0,0
EDI_PE,D,20170321,000000,4.8186,4.8186,4.8186,4.8186,0,0
EDI_PE,D,20170323,000000,4.7383,4.8186,4.7383,4.8186,0,0
EDI_PE,D,20170324,000000,4.8186,4.8186,4.8186,4.8186,0,0
EDI_PE,D,20170327,000000,4.7383,4.7383,4.417,4.417,0,0
EDI_PE,D,20170328,000000,4.417,20.64,4.3367,20.64,0,0
EDI_PE,D,20170330,000000,20.238,20.238,19.997,19.997,0,0
EDI_PE,D,20170331,000000,19.756,19.756,19.756,19.756,0,0
EDI_PE,D,20170403,000000,19.515,20.238,19.515,20.238,0,0
EDI_PE,D,20170404,000000,21.041,22.889,21.041,22.807,0,0
EDI_PE,D,20170405,000000,23.13,25.459,23.13,25.459,0,0
EDI_PE,D,20170406,000000,25.137,26.663,25.137,25.539,0,0
EDI_PE,D,20170407,000000,25.539,25.539,24.575,24.575,0,0
EDI_PE,D,20170410,000000,24.414,24.414,23.371,24.335,0,0
EDI_PE,D,20170411,000000,24.655,26.422,24.335,24.335,0,0
EDI_PE,D,20170412,000000,25.459,25.459,24.013,24.013,0,0
EDI_PE,D,20170413,000000,25.217,25.217,24.013,24.013,0,0
EDI_PE,D,20170418,000000,24.253,24.414,24.253,24.414,0,0
EDI_PE,D,20170419,000000,23.531,23.531,22.969,23.049,0,0
EDI_PE,D,20170420,000000,23.451,23.451,23.049,23.049,0,0
EDI_PE,D,20170421,000000,22.728,22.807,22.728,22.807,0,0
EDI_PE,D,20170424,000000,22.807,22.807,22.807,22.807,0,0
EDI_PE,D,20170425,000000,22.807,22.807,22.807,22.807,0,0
EDI_PE,D,20170426,000000,22.807,22.807,22.807,22.807,0,0
EDI_PE,D,20170427,000000,22.807,22.807,22.807,22.807,0,0
EDI_PE,D,20170428,000000,22.807,22.807,22.807,22.807,0,0
EDI_PE,D,20170502,000000,22.807,22.807,22.487,22.487,0,0
EDI_PE,D,20170505,000000,23.451,23.451,23.451,23.451,0,0
EDI_PE,D,20170508,000000,23.13,23.13,23.13,23.13,0,0
EDI_PE,D,20170509,000000,23.451,23.451,23.451,23.451,0,0
EDI_PE,D,20170510,000000,22.647,22.728,22.647,22.728,0,0
EDI_PE,D,20170511,000000,21.844,23.771,21.765,22.807,0,0
EDI_PE,D,20170512,000000,22.246,22.246,21.282,21.282,0,0
EDI_PE,D,20180326,000000,8.567,8.567,8.567,8.567,0,0
EDI_PE,D,20180327,000000,8.4844,8.4844,8.4844,8.4844,0,0
EDI_PE,D,20180328,000000,8.567,8.567,8.567,8.567,0,0
EDI_PE,D,20180329,000000,8.567,8.567,8.567,8.567,0,0
EDI_PE,D,20180403,000000,8.1585,8.567,8.1585,8.567,0,0
EDI_PE,D,20180404,000000,8.567,8.567,8.567,8.567,0,0
EDI_PE,D,20180405,000000,8.567,8.567,8.2406,8.2406,0,0
EDI_PE,D,20180406,000000,8.4035,8.4035,8.1585,8.1585,0,0
EDI_PE,D,20180410,000000,8.1585,8.1585,8.1585,8.1585,0,0
EDI_PE,D,20180412,000000,8.1585,8.1585,8.1585,8.1585,0,0
EDI_PE,D,20180413,000000,8.1585,8.1585,8.0769,8.1585,0,0
EDI_PE,D,20180416,000000,8.0769,8.0769,8.0769,8.0769,0,0
EDI_PE,D,20180417,000000,8.0769,8.0769,8.0769,8.0769,0,0
EDI_PE,D,20180418,000000,8.0769,8.0769,8.0769,8.0769,0,0
EDI_PE,D,20180419,000000,8.0769,8.0769,8.0769,8.0769,0,0
EDI_PE,D,20180420,000000,7.9953,7.9953,7.9953,7.9953,0,0
EDI_PE,D,20180423,000000,7.9953,7.9953,7.9953,7.9953,0,0
EDI_PE,D,20180424,000000,7.9953,7.9953,7.9953,7.9953,0,0
EDI_PE,D,20180425,000000,7.9953,7.9953,7.9953,7.9953,0,0
EDI_PE,D,20180426,000000,7.9953,7.9953,7.9953,7.9953,0,0
EDI_PE,D,20180430,000000,8.0769,8.0769,8.0769,8.0769,0,0
EDI_PE,D,20180502,000000,8.0769,8.0769,8.0769,8.0769,0,0
EDI_PE,D,20180504,000000,8.0769,8.0769,8.0769,8.0769,0,0
EDI_PE,D,20180509,000000,8.0769,8.0769,8.0769,8.0769,0,0
EDI_PE,D,20180514,000000,8.0769,8.0769,8.0769,8.0769,0,0
EDI_PE,D,20180515,000000,7.7506,7.7506,7.7506,7.7506,0,0
EDI_PE,D,20180516,000000,8.0769,8.0769,8.0769,8.0769,0,0
EDI_PE,D,20180517,000000,8.0769,8.0769,8.0769,8.0769,0,0
EDI_PE,D,20180518,000000,8.0769,8.0769,5.8741,5.8741,0,0
EDI_PE,D,20180521,000000,5.8741,5.8741,5.8741,5.8741,0,0
EDI_PE,D,20180522,000000,5.8741,5.8741,5.8741,5.8741,0,0
EDI_PE,D,20180528,000000,5.8741,5.8741,5.8741,5.8741,0,0
EDI_PE,D,20180530,000000,5.8741,5.8741,5.8741,5.8741,0,0
EDI_PE,D,20180601,000000,5.8741,5.8741,5.8741,5.8741,0,0
EDI_PE,D,20180604,000000,5.8741,5.8741,5.8741,5.8741,0,0
EDI_PE,D,20180605,000000,5.7926,5.7926,5.711,5.711,0,0
EDI_PE,D,20180608,000000,5.7926,5.8741,5.7926,5.8741,0,0
EDI_PE,D,20180611,000000,5.8741,5.8741,5.8741,5.8741,0,0
EDI_PE,D,20180612,000000,5.8741,5.8741,5.8741,5.8741,0,0
EDI_PE,D,20180622,000000,5.8707,5.8707,5.8707,5.8707,0,0
EDI_PE,D,20180625,000000,5.8707,6.1297,5.8707,6.0433,0,0
EDI_PE,D,20180626,000000,6.0433,6.0433,6.0433,6.0433,0,0
EDI_PE,D,20180627,000000,6.0433,6.0433,6.0433,6.0433,0,0
EDI_PE,D,20180628,000000,5.8707,5.8707,5.8707,5.8707,0,0
EDI_PE,D,20180629,000000,6.1297,6.1297,6.1297,6.1297,0,0
EDI_PE,D,20180706,000000,6.1297,6.1297,6.1297,6.1297,0,0
EDI_PE,D,20180709,000000,6.1297,6.1297,6.1297,6.1297,0,0
EDI_PE,D,20180710,000000,6.1297,6.1297,5.8707,5.8707,0,0
EDI_PE,D,20180711,000000,6.1297,6.1297,6.1297,6.1297,0,0
EDI_PE,D,20180712,000000,6.1297,6.1297,6.1297,6.1297,0,0
EDI_PE,D,20180713,000000,6.1297,6.1297,5.8707,5.8707,0,0
EDI_PE,D,20180718,000000,6.1297,6.1297,6.0433,6.0433,0,0
EDI_PE,D,20180719,000000,6.0433,6.0433,5.7844,5.8707,0,0
EDI_PE,D,20180720,000000,6.1297,6.1297,6.0433,6.0433,0,0
EDI_PE,D,20180723,000000,6.0433,6.0433,6.0433,6.0433,0,0
EDI_PE,D,20180724,000000,6.0433,6.0433,6.0433,6.0433,0,0
EDI_PE,D,20180725,000000,6.0433,6.0433,6.0433,6.0433,0,0
EDI_PE,D,20180726,000000,6.0433,6.0433,6.0433,6.0433,0,0
EDI_PE,D,20180727,000000,6.0433,6.0433,6.0433,6.0433,0,0
EDI_PE,D,20180730,000000,6.0433,6.0433,6.0433,6.0433,0,0
EDI_PE,D,20180731,000000,6.0433,6.0433,5.957,5.957,0,0
EDI_PE,D,20180802,000000,5.957,5.957,5.957,5.957,0,0
EDI_PE,D,20180808,000000,5.957,5.957,5.957,5.957,0,0
EDI_PE,D,20180810,000000,5.957,5.957,5.957,5.957,0,0
EDI_PE,D,20180813,000000,5.698,5.957,5.698,5.698,0,0
EDI_PE,D,20180814,000000,5.957,5.957,5.8707,5.8707,0,0
EDI_PE,D,20180820,000000,5.8707,5.8707,5.8707,5.8707,0,0
EDI_PE,D,20180821,000000,5.8707,5.8707,5.8707,5.8707,0,0
EDI_PE,D,20180822,000000,5.8707,5.8707,5.8707,5.8707,0,0
EDI_PE,D,20180823,000000,5.8707,5.8707,5.6117,5.6117,0,0
EDI_PE,D,20180824,000000,5.8707,5.957,5.8707,5.957,0,0
EDI_PE,D,20180829,000000,5.957,5.957,5.957,5.957,0,0
EDI_PE,D,20180904,000000,5.957,5.957,5.957,5.957,0,0
EDI_PE,D,20180905,000000,5.957,5.957,5.957,5.957,0,0
EDI_PE,D,20180906,000000,5.698,5.698,5.698,5.698,0,0
EDI_PE,D,20180910,000000,5.698,5.698,5.698,5.698,0,0
EDI_PE,D,20180912,000000,5.957,5.957,5.957,5.957,0,0
EDI_PE,D,20180914,000000,5.8707,5.8707,5.8707,5.8707,0,0
EDI_PE,D,20180917,000000,5.698,5.698,5.698,5.698,0,0
EDI_PE,D,20180918,000000,5.698,5.698,5.698,5.698,0,0
EDI_PE,D,20180919,000000,5.957,5.957,5.698,5.698,0,0
EDI_PE,D,20180920,000000,5.957,5.957,5.957,5.957,0,0
EDI_PE,D,20180921,000000,5.8707,5.8707,5.8707,5.8707,0,0
EDI_PE,D,20180924,000000,5.8707,5.8707,5.8707,5.8707,0,0
EDI_PE,D,20180925,000000,5.8707,5.8707,5.8707,5.8707,0,0
EDI_PE,D,20180926,000000,5.957,5.957,5.957,5.957,0,0
EDI_PE,D,20180927,000000,5.957,5.957,5.957,5.957,0,0
EDI_PE,D,20181001,000000,5.957,5.957,5.957,5.957,0,0
EDI_PE,D,20181002,000000,5.957,5.957,5.957,5.957,0,0
EDI_PE,D,20181003,000000,5.957,5.957,5.957,5.957,0,0
EDI_PE,D,20181004,000000,5.957,5.957,5.957,5.957,0,0
EDI_PE,D,20181005,000000,5.957,5.957,5.698,5.698,0,0
EDI_PE,D,20181008,000000,5.957,5.957,5.698,5.698,0,0
EDI_PE,D,20181009,000000,5.957,5.957,5.957,5.957,0,0
EDI_PE,D,20181010,000000,5.957,5.957,5.957,5.957,0,0
EDI_PE,D,20181011,000000,5.957,5.957,5.957,5.957,0,0
EDI_PE,D,20181012,000000,5.957,5.957,5.957,5.957,0,0
EDI_PE,D,20181015,000000,5.957,5.957,5.957,5.957,0,0
EDI_PE,D,20181016,000000,5.957,5.957,5.957,5.957,0,0
EDI_PE,D,20181017,000000,5.957,5.957,5.957,5.957,0,0
EDI_PE,D,20181018,000000,5.957,5.957,5.957,5.957,0,0
EDI_PE,D,20181019,000000,5.957,5.957,5.957,5.957,0,0
EDI_PE,D,20181022,000000,5.957,5.957,5.957,5.957,0,0
EDI_PE,D,20181023,000000,5.957,5.957,5.957,5.957,0,0
EDI_PE,D,20181024,000000,5.957,5.957,5.957,5.957,0,0
EDI_PE,D,20181025,000000,5.957,5.957,5.957,5.957,0,0
EDI_PE,D,20181026,000000,5.957,5.957,5.957,5.957,0,0
EDI_PE,D,20181029,000000,5.957,5.957,5.957,5.957,0,0
EDI_PE,D,20181030,000000,5.957,5.957,5.957,5.957,0,0
EDI_PE,D,20181031,000000,5.957,5.957,5.957,5.957,0,0
EDI_PE,D,20181102,000000,5.957,5.957,5.957,5.957,0,0
EDI_PE,D,20181106,000000,5.957,5.957,5.957,5.957,0,0
EDI_PE,D,20181107,000000,5.957,5.957,5.957,5.957,0,0
EDI_PE,D,20181109,000000,5.7844,5.7844,5.7844,5.7844,0,0
EDI_PE,D,20181114,000000,5.8707,5.8707,5.8707,5.8707,0,0
EDI_PE,D,20181115,000000,5.7844,5.7844,5.7844,5.7844,0,0
EDI_PE,D,20181116,000000,5.8707,5.8707,5.8707,5.8707,0,0
EDI_PE,D,20181120,000000,5.3527,5.3527,5.3527,5.3527,0,0
EDI_PE,D,20181121,000000,5.3527,5.3527,5.3527,5.3527,0,0
EDI_PE,D,20181122,000000,5.3527,5.3527,5.3527,5.3527,0,0
EDI_PE,D,20181123,000000,5.3527,5.3527,5.3527,5.3527,0,0
EDI_PE,D,20181126,000000,5.3527,5.3527,5.3527,5.3527,0,0
EDI_PE,D,20181127,000000,5.3527,5.3527,5.3527,5.3527,0,0
EDI_PE,D,20181128,000000,5.3527,5.3527,5.3527,5.3527,0,0
EDI_PE,D,20181129,000000,5.3527,5.3527,5.3527,5.3527,0,0
EDI_PE,D,20181130,000000,5.2664,5.2664,5.2664,5.2664,0,0
EDI_PE,D,20181205,000000,5.3527,5.3527,5.3527,5.3527,0,0
EDI_PE,D,20181206,000000,5.3527,5.3527,5.3527,5.3527,0,0
EDI_PE,D,20181207,000000,5.3527,5.3527,5.3527,5.3527,0,0
EDI_PE,D,20181211,000000,5.3527,5.3527,5.3527,5.3527,0,0
EDI_PE,D,20181212,000000,5.2664,5.3527,5.2664,5.3527,0,0
EDI_PE,D,20181213,000000,5.3527,5.3527,5.3527,5.3527,0,0
EDI_PE,D,20181214,000000,5.3527,5.3527,5.3527,5.3527,0,0
EDI_PE,D,20181217,000000,5.3527,5.3527,5.3527,5.3527,0,0
EDI_PE,D,20181218,000000,5.3527,5.3527,5.3527,5.3527,0,0
EDI_PE,D,20181219,000000,5.3527,5.3527,5.3527,5.3527,0,0
EDI_PE,D,20181220,000000,5.3527,5.3527,5.3527,5.3527,0,0
EDI_PE,D,20181221,000000,5.3527,5.3527,5.3527,5.3527,0,0
EDI_PE,D,20181227,000000,5.18,5.18,5.18,5.18,0,0
EDI_PE,D,20181228,000000,5.3527,5.3527,5.3527,5.3527,0,0
EDI_PE,D,20190102,000000,5.3527,5.3527,5.3527,5.3527,0,0
EDI_PE,D,20190103,000000,5.3527,5.3527,5.3527,5.3527,0,0
EDI_PE,D,20190104,000000,5.439,5.439,5.439,5.439,0,0
EDI_PE,D,20190107,000000,5.439,5.439,5.439,5.439,0,0
EDI_PE,D,20190108,000000,5.439,5.439,5.439,5.439,0,0
EDI_PE,D,20190109,000000,5.439,5.439,5.439,5.439,0,0
EDI_PE,D,20190110,000000,5.439,5.439,5.439,5.439,0,0
EDI_PE,D,20190111,000000,5.439,5.439,5.439,5.439,0,0
EDI_PE,D,20190114,000000,5.439,5.439,5.439,5.439,0,0
EDI_PE,D,20190115,000000,5.439,5.439,5.439,5.439,0,0
EDI_PE,D,20190117,000000,5.439,5.439,5.439,5.439,0,0
EDI_PE,D,20190118,000000,5.439,5.439,5.439,5.439,0,0
EDI_PE,D,20190121,000000,5.439,5.439,5.439,5.439,0,0
EDI_PE,D,20190123,000000,5.439,5.439,5.439,5.439,0,0
EDI_PE,D,20190124,000000,5.3527,5.3527,5.3527,5.3527,0,0
EDI_PE,D,20190125,000000,5.439,5.439,5.439,5.439,0,0
EDI_PE,D,20190128,000000,5.439,5.439,5.439,5.439,0,0
EDI_PE,D,20190129,000000,5.439,5.439,5.439,5.439,0,0
EDI_PE,D,20190130,000000,5.439,5.439,5.439,5.439,0,0
EDI_PE,D,20190131,000000,5.3527,5.3527,5.2664,5.2664,0,0
EDI_PE,D,20190201,000000,5.3527,5.439,5.3527,5.439,0,0
EDI_PE,D,20190204,000000,5.439,5.439,5.3527,5.3527,0,0
EDI_PE,D,20190205,000000,5.2664,5.2664,5.2664,5.2664,0,0
EDI_PE,D,20190206,000000,5.3527,5.439,5.3527,5.439,0,0
EDI_PE,D,20190207,000000,5.439,5.439,5.439,5.439,0,0
EDI_PE,D,20190208,000000,5.439,5.439,5.439,5.439,0,0
EDI_PE,D,20190211,000000,5.439,5.439,5.439,5.439,0,0
EDI_PE,D,20190212,000000,5.439,5.439,5.3527,5.3527,0,0
EDI_PE,D,20190214,000000,5.2664,5.3527,5.2664,5.3527,0,0
EDI_PE,D,20190215,000000,5.3527,5.3527,5.3527,5.3527,0,0
EDI_PE,D,20190218,000000,5.3527,5.3527,5.3527,5.3527,0,0
EDI_PE,D,20190219,000000,5.3527,5.3527,5.3527,5.3527,0,0
EDI_PE,D,20190220,000000,5.3527,5.3527,5.3527,5.3527,0,0
EDI_PE,D,20190221,000000,5.5253,5.5253,5.439,5.439,0,0
EDI_PE,D,20190222,000000,5.439,5.439,5.439,5.439,0,0
EDI_PE,D,20190225,000000,5.439,5.698,5.439,5.698,0,0
EDI_PE,D,20190226,000000,5.5253,6.6477,5.5253,6.6477,0,0
EDI_PE,D,20190228,000000,5.957,6.3887,5.957,6.3887,0,0
EDI_PE,D,20190304,000000,6.9931,7.252,6.9931,7.252,0,0
EDI_PE,D,20190307,000000,6.5614,6.5614,6.475,6.475,0,0
EDI_PE,D,20190308,000000,6.475,6.475,6.475,6.475,0,0
EDI_PE,D,20190311,000000,6.734,6.734,6.734,6.734,0,0
EDI_PE,D,20190312,000000,6.216,6.216,6.216,6.216,0,0
EDI_PE,D,20190313,000000,6.216,6.6477,6.216,6.5614,0,0
EDI_PE,D,20190314,000000,6.3887,6.3887,6.3887,6.3887,0,0
EDI_PE,D,20190315,000000,6.3887,6.3887,6.3887,6.3887,0,0
EDI_PE,D,20190318,000000,6.734,6.734,6.3887,6.3887,0,0
EDI_PE,D,20190319,000000,5.8707,6.3887,5.8707,6.3887,0,0
EDI_PE,D,20190322,000000,6.216,15.627,5.8707,15.627,0,0
EDI_PE,D,20190327,000000,15.022,15.022,14.849,14.849,0,0
EDI_PE,D,20190328,000000,14.849,14.849,14.849,14.849,0,0
EDI_PE,D,20190401,000000,13.468,16.23,13.468,16.23,0,0
EDI_PE,D,20190402,000000,16.23,16.23,16.23,16.23,0,0
EDI_PE,D,20190404,000000,15.54,15.54,14.59,14.59,0,0
EDI_PE,D,20190405,000000,14.763,14.763,14.072,14.072,0,0
EDI_PE,D,20190409,000000,14.072,14.072,14.072,14.072,0,0
EDI_PE,D,20190410,000000,14.072,14.763,14.072,14.763,0,0
EDI_PE,D,20190411,000000,14.59,14.59,14.504,14.504,0,0
EDI_PE,D,20190412,000000,14.849,14.849,14.849,14.849,0,0
EDI_PE,D,20190415,000000,14.418,14.418,14.418,14.418,0,0
EDI_PE,D,20190416,000000,14.418,14.418,14.159,14.245,0,0
EDI_PE,D,20190417,000000,14.504,14.504,14.418,14.418,0,0
EDI_PE,D,20190418,000000,14.418,14.418,14.418,14.418,0,0
EDI_PE,D,20190426,000000,14.418,14.418,14.418,14.418,0,0
EDI_PE,D,20190429,000000,14.332,14.332,14.332,14.332,0,0
EDI_PE,D,20190430,000000,14.332,14.332,14.332,14.332,0,0
EDI_PE,D,20190502,000000,14.332,14.332,14.332,14.332,0,0
EDI_PE,D,20190508,000000,14.072,14.072,13.813,13.899,0,0
EDI_PE,D,20190513,000000,13.641,13.641,13.555,13.555,0,0
EDI_PE,D,20190514,000000,13.986,13.986,13.123,13.123,0,0
EDI_PE,D,20190515,000000,13.123,13.123,13.123,13.123,0,0
EDI_PE,D,20190517,000000,13.641,13.641,13.641,13.641,0,0
EDI_PE,D,20190521,000000,13.382,13.382,13.382,13.382,0,0
EDI_PE,D,20190522,000000,13.468,13.468,13.382,13.382,0,0
EDI_PE,D,20190527,000000,10.792,10.792,10.706,10.706,0,0
EDI_PE,D,20190528,000000,10.706,10.706,10.706,10.706,0,0
EDI_PE,D,20190530,000000,10.964,11.05,10.964,11.05,0,0
EDI_PE,D,20190531,000000,11.05,11.05,11.05,11.05,0,0
EDI_PE,D,20190603,000000,11.05,11.05,11.05,11.05,0,0
EDI_PE,D,20190604,000000,11.05,11.05,11.05,11.05,0,0
EDI_PE,D,20190605,000000,11.05,11.223,11.05,11.223,0,0
EDI_PE,D,20190606,000000,11.482,11.482,11.396,11.396,0,0
EDI_PE,D,20190607,000000,11.482,11.482,11.482,11.482,0,0
EDI_PE,D,20190610,000000,11.482,11.482,11.396,11.396,0,0
EDI_PE,D,20190612,000000,11.741,11.827,11.741,11.827,0,0
EDI_PE,D,20190613,000000,11.827,11.827,11.827,11.827,0,0
EDI_PE,D,20190619,000000,11.396,12.087,11.223,11.827,0,0
EDI_PE,D,20190621,000000,11.827,12.087,11.827,12.001,0,0
EDI_PE,D,20190624,000000,12.001,12.001,12.001,12.001,0,0
EDI_PE,D,20190625,000000,11.655,11.655,11.569,11.569,0,0
EDI_PE,D,20190628,000000,11.827,11.827,11.827,11.827,0,0
EDI_PE,D,20190701,000000,11.569,11.914,11.569,11.914,0,0
EDI_PE,D,20190702,000000,11.827,11.827,11.827,11.827,0,0
EDI_PE,D,20190703,000000,11.914,12.087,11.914,12.001,0,0
EDI_PE,D,20190704,000000,12.087,12.173,12.087,12.173,0,0
EDI_PE,D,20190709,000000,12.259,12.259,12.259,12.259,0,0
EDI_PE,D,20190710,000000,12.259,12.259,12.259,12.259,0,0
EDI_PE,D,20190711,000000,12.259,12.346,12.259,12.346,0,0
EDI_PE,D,20190712,000000,12.432,12.518,12.432,12.518,0,0
EDI_PE,D,20190715,000000,12.518,12.518,12.518,12.518,0,0
EDI_PE,D,20190722,000000,12.518,12.518,12.518,12.518,0,0
EDI_PE,D,20190723,000000,12.432,12.432,12.346,12.346,0,0
EDI_PE,D,20190724,000000,12.604,14.159,12.432,14.159,0,0
EDI_PE,D,20190725,000000,14.072,14.159,13.209,13.209,0,0
EDI_PE,D,20190726,000000,13.813,13.813,13.209,13.295,0,0
EDI_PE,D,20190730,000000,13.209,13.209,12.95,12.95,0,0
EDI_PE,D,20190805,000000,12.864,13.295,12.864,13.295,0,0
EDI_PE,D,20190806,000000,13.295,13.986,13.295,13.468,0,0
EDI_PE,D,20190807,000000,13.468,13.468,12.95,12.95,0,0
EDI_PE,D,20190808,000000,13.036,13.123,13.036,13.123,0,0
EDI_PE,D,20190812,000000,13.123,13.123,13.123,13.123,0,0
EDI_PE,D,20190813,000000,13.123,13.123,13.123,13.123,0,0
EDI_PE,D,20190814,000000,13.123,13.123,13.123,13.123,0,0
EDI_PE,D,20190816,000000,13.123,13.123,13.123,13.123,0,0
EDI_PE,D,20190819,000000,12.518,12.518,12.518,12.518,0,0
EDI_PE,D,20190820,000000,12.778,12.778,12.691,12.691,0,0
EDI_PE,D,20190821,000000,12.691,12.691,12.691,12.691,0,0
EDI_PE,D,20190822,000000,12.691,12.691,12.691,12.691,0,0
EDI_PE,D,20190823,000000,12.691,18.993,12.691,18.993,0,0
EDI_PE,D,20190826,000000,18.993,19.684,18.993,19.684,0,0
EDI_PE,D,20190827,000000,19.684,19.856,19.511,19.511,0,0
EDI_PE,D,20190829,000000,20.569,20.569,20.569,20.569,0,0
EDI_PE,D,20190830,000000,20.569,20.569,20.569,20.569,0,0
EDI_PE,D,20190902,000000,20.394,20.569,20.394,20.569,0,0
EDI_PE,D,20190903,000000,20.569,20.569,20.569,20.569,0,0
EDI_PE,D,20190904,000000,20.569,20.569,20.569,20.569,0,0
EDI_PE,D,20190905,000000,20.569,20.569,19.339,19.339,0,0
EDI_PE,D,20190906,000000,18.811,18.811,18.723,18.723,0,0
EDI_PE,D,20190911,000000,18.548,18.723,18.548,18.548,0,0
EDI_PE,D,20190918,000000,18.548,18.548,18.548,18.548,0,0
EDI_PE,D,20190919,000000,18.548,18.548,18.548,18.548,0,0
EDI_PE,D,20190920,000000,18.548,18.548,18.548,18.548,0,0
EDI_PE,D,20190923,000000,18.196,18.196,18.196,18.196,0,0
EDI_PE,D,20190925,000000,18.196,18.196,18.196,18.196,0,0
EDI_PE,D,20190930,000000,18.548,18.548,18.548,18.548,0,0
EDI_PE,D,20191001,000000,18.02,18.02,18.02,18.02,0,0
EDI_PE,D,20191008,000000,17.141,17.141,17.141,17.141,0,0
EDI_PE,D,20191009,000000,17.141,17.317,17.141,17.317,0,0
EDI_PE,D,20191015,000000,18.372,18.372,17.844,17.844,0,0
EDI_PE,D,20191018,000000,18.196,18.548,18.196,18.548,0,0
EDI_PE,D,20191021,000000,19.427,19.515,19.427,19.515,0,0
EDI_PE,D,20191023,000000,19.515,19.515,19.515,19.515,0,0
EDI_PE,D,20191028,000000,19.515,19.515,19.515,19.515,0,0
EDI_PE,D,20191029,000000,20.218,20.218,20.218,20.218,0,0
EDI_PE,D,20191030,000000,20.218,20.218,20.218,20.218,0,0
EDI_PE,D,20191107,000000,18.635,19.515,18.635,19.515,0,0
EDI_PE,D,20191114,000000,19.515,19.515,19.515,19.515,0,0
EDI_PE,D,20191115,000000,19.515,19.515,19.515,19.515,0,0
EDI_PE,D,20191118,000000,19.515,19.515,19.515,19.515,0,0
EDI_PE,D,20191120,000000,19.515,19.515,19.515,19.515,0,0
EDI_PE,D,20191122,000000,20.218,22.503,9.2298,9.2298,0,0
EDI_PE,D,20191125,000000,8.9661,8.9661,8.7903,8.7903,0,0
EDI_PE,D,20191128,000000,8.6145,9.054,8.6145,9.054,0,0
EDI_PE,D,20191203,000000,9.054,9.054,9.054,9.054,0,0
EDI_PE,D,20191209,000000,8.7903,9.054,8.7903,8.7903,0,0
EDI_PE,D,20191211,000000,8.7903,8.7903,8.7903,8.7903,0,0
EDI_PE,D,20191212,000000,8.7903,8.7903,8.7903,8.7903,0,0
EDI_PE,D,20191223,000000,8.8782,8.8782,8.4387,8.4387,0,0
EDI_PE,D,20191227,000000,8.7903,8.7903,8.7903,8.7903,0,0
EDI_PE,D,20200107,000000,8.6145,8.8782,8.6145,8.8782,0,0
EDI_PE,D,20200108,000000,8.7024,8.7024,8.7024,8.7024,0,0
EDI_PE,D,20200109,000000,8.7024,8.7024,8.4387,8.4387,0,0
EDI_PE,D,20200110,000000,8.4387,8.4387,8.2629,8.2629,0,0
EDI_PE,D,20200113,000000,8.5266,8.5266,8.2629,8.2629,0,0
EDI_PE,D,20200114,000000,8.3508,8.3508,8.2629,8.2629,0,0
EDI_PE,D,20200115,000000,8.2629,8.2629,8.0871,8.0871,0,0
EDI_PE,D,20200116,000000,7.9992,7.9992,7.9113,7.9992,0,0
EDI_PE,D,20200117,000000,7.9992,8.0871,7.9992,7.9992,0,0
EDI_PE,D,20200120,000000,7.9113,7.9992,7.8234,7.9992,0,0
EDI_PE,D,20200121,000000,7.9992,7.9992,7.8234,7.9113,0,0
EDI_PE,D,20200122,000000,7.9113,8.175,7.9113,8.0871,0,0
EDI_PE,D,20200123,000000,8.0871,8.0871,7.9113,7.9992,0,0
EDI_PE,D,20200124,000000,7.9992,7.9992,7.9992,7.9992,0,0
EDI_PE,D,20200127,000000,7.9992,7.9992,7.9992,7.9992,0,0
EDI_PE,D,20200128,000000,7.8234,7.8234,7.6476,7.6476,0,0
EDI_PE,D,20200129,000000,7.7355,7.7355,7.7355,7.7355,0,0
EDI_PE,D,20200130,000000,7.7355,7.7355,7.7355,7.7355,0,0
EDI_PE,D,20200131,000000,7.7355,7.7355,7.7355,7.7355,0,0
EDI_PE,D,20200203,000000,7.7355,7.7355,7.6476,7.6476,0,0
EDI_PE,D,20200204,000000,7.8234,7.8234,7.8234,7.8234,0,0
EDI_PE,D,20200205,000000,7.9113,7.9113,7.5597,7.5597,0,0
EDI_PE,D,20200206,000000,7.5597,7.6476,7.4718,7.5597,0,0
EDI_PE,D,20200207,000000,7.6476,7.7355,7.6476,7.6476,0,0
EDI_PE,D,20200210,000000,7.6476,7.6476,7.6476,7.6476,0,0
EDI_PE,D,20200211,000000,7.5597,7.5597,7.4718,7.5597,0,0
EDI_PE,D,20200212,000000,7.7355,7.7355,7.6476,7.6476,0,0
EDI_PE,D,20200213,000000,7.6476,7.6476,7.6476,7.6476,0,0
EDI_PE,D,20200214,000000,7.4718,7.5597,7.4718,7.5597,0,0
EDI_PE,D,20200219,000000,7.5597,7.5597,7.5597,7.5597,0,0
EDI_PE,D,20200220,000000,7.5597,7.5597,7.5597,7.5597,0,0
EDI_PE,D,20200221,000000,7.6476,7.9992,7.6476,7.9992,0,0
EDI_PE,D,20200224,000000,7.9992,8.7024,7.9992,8.175,0,0
EDI_PE,D,20200225,000000,8.175,8.175,7.9113,7.9992,0,0
EDI_PE,D,20200226,000000,7.9992,7.9992,7.9992,7.9992,0,0
EDI_PE,D,20200227,000000,7.9992,7.9992,7.7355,7.9113,0,0
EDI_PE,D,20200228,000000,7.9113,7.9113,7.9113,7.9113,0,0
EDI_PE,D,20200302,000000,7.8234,8.2629,7.8234,8.2629,0,0
EDI_PE,D,20200303,000000,8.0871,8.3508,8.0871,8.2629,0,0
EDI_PE,D,20200304,000000,8.175,8.175,8.175,8.175,0,0
EDI_PE,D,20200305,000000,8.175,8.175,8.175,8.175,0,0
EDI_PE,D,20200306,000000,8.2629,8.2629,8.175,8.175,0,0
EDI_PE,D,20200309,000000,8.175,8.175,7.9113,7.9992,0,0
EDI_PE,D,20200310,000000,8.0871,8.0871,7.9113,7.9113,0,0
EDI_PE,D,20200311,000000,8.0871,8.0871,7.5597,7.5597,0,0
EDI_PE,D,20200313,000000,7.5597,7.5597,7.5597,7.5597,0,0
EDI_PE,D,20200316,000000,7.5597,7.5597,7.3839,7.3839,0,0
EDI_PE,D,20200317,000000,7.3839,7.3839,7.3839,7.3839,0,0
EDI_PE,D,20200318,000000,7.4718,7.4718,7.4718,7.4718,0,0
EDI_PE,D,20200319,000000,7.3839,7.4718,7.3839,7.3839,0,0
EDI_PE,D,20200323,000000,7.3839,7.3839,7.3839,7.3839,0,0
EDI_PE,D,20200326,000000,7.8234,8.5266,7.8234,7.9992,0,0
EDI_PE,D,20200327,000000,8.0871,8.3508,6.8565,6.8565,0,0
EDI_PE,D,20200330,000000,6.8565,6.8565,6.5048,6.5048,0,0
EDI_PE,D,20200331,000000,6.5048,6.5048,6.5048,6.5048,0,0
EDI_PE,D,20200401,000000,6.5048,6.5048,6.5048,6.5048,0,0
EDI_PE,D,20200402,000000,6.5048,6.5048,6.5048,6.5048,0,0
EDI_PE,D,20200403,000000,6.5048,6.5048,6.5048,6.5048,0,0
EDI_PE,D,20200406,000000,6.5048,6.5048,6.5048,6.5048,0,0
EDI_PE,D,20200407,000000,6.5048,6.6806,6.5048,6.6806,0,0
EDI_PE,D,20200409,000000,6.6806,6.6806,6.4169,6.6806,0,0
EDI_PE,D,20200414,000000,6.6806,6.8565,6.6806,6.8565,0,0
EDI_PE,D,20200415,000000,6.8565,7.0323,6.8565,7.0323,0,0
EDI_PE,D,20200416,000000,7.0323,7.1202,7.0323,7.0323,0,0
EDI_PE,D,20200417,000000,7.1202,7.1202,6.9444,7.0323,0,0
EDI_PE,D,20200420,000000,7.0323,7.1202,6.9444,7.0323,0,0
EDI_PE,D,20200421,000000,7.0323,7.0323,6.7685,6.7685,0,0
EDI_PE,D,20200422,000000,7.0323,7.296,7.0323,7.1202,0,0
EDI_PE,D,20200423,000000,7.1202,7.7355,7.1202,7.6476,0,0
EDI_PE,D,20200424,000000,7.7355,7.7355,7.6476,7.6476,0,0
EDI_PE,D,20200427,000000,7.5597,7.6476,7.4718,7.6476,0,0
EDI_PE,D,20200428,000000,7.7355,7.7355,7.3839,7.3839,0,0
EDI_PE,D,20200429,000000,7.7,7.7,6.2,7.4,0,0
EDI_PE,D,20200430,000000,7.5,7.6,7.2,7.6,0,0
EDI_PE,D,20200504,000000,7.4,7.4,7.3,7.4,0,0
EDI_PE,D,20200505,000000,7.5,7.5,7.1,7.2,0,0
EDI_PE,D,20200506,000000,7.1,7.1,6.9,6.9,0,0
EDI_PE,D,20200507,000000,7,7,6.9,6.9,0,0
EDI_PE,D,20200508,000000,6.9,6.9,6.8,6.8,0,0
EDI_PE,D,20200511,000000,6.9,6.9,6.9,6.9,0,0
EDI_PE,D,20200512,000000,7.2,7.2,6.8,6.8,0,0
EDI_PE,D,20200513,000000,6.9,6.9,6.7,6.7,0,0
EDI_PE,D,20200514,000000,6.7,6.9,6.7,6.9,0,0
EDI_PE,D,20200515,000000,6.9,6.9,6.9,6.9,0,0
EDI_PE,D,20200518,000000,6.8,6.8,6.1,6.1,0,0
EDI_PE,D,20200519,000000,6.4,6.4,6.1,6.4,0,0
EDI_PE,D,20200520,000000,6.5,6.5,6.4,6.4,0,0
EDI_PE,D,20200521,000000,6.4,6.5,6.4,6.5,0,0
EDI_PE,D,20200522,000000,7.4,8.2,4.3,4.3,0,0
EDI_PE,D,20200525,000000,4.3,4.7,4.3,4.6,0,0
EDI_PE,D,20200526,000000,4.5,4.6,4.5,4.6,0,0
EDI_PE,D,20200527,000000,4.7,4.8,4.6,4.6,0,0
EDI_PE,D,20200528,000000,4.6,4.8,4.5,4.5,0,0
EDI_PE,D,20200529,000000,4.6,4.6,4.5,4.5,0,0
EDI_PE,D,20200601,000000,4.6,4.7,4.5,4.5,0,0
EDI_PE,D,20200602,000000,4.4,4.5,4.3,4.5,0,0
EDI_PE,D,20200603,000000,4.5,4.5,4.5,4.5,0,0
EDI_PE,D,20200605,000000,4.4,4.5,4.4,4.5,0,0
EDI_PE,D,20200608,000000,4.3,4.6,4.3,4.6,0,0
EDI_PE,D,20200609,000000,4.7,4.9,4.6,4.8,0,0
EDI_PE,D,20200610,000000,4.8,4.8,4.5,4.8,0,0
EDI_PE,D,20200612,000000,4.5,4.6,4.5,4.6,0,0
EDI_PE,D,20200615,000000,4.4,4.7,4.4,4.7,0,0
EDI_PE,D,20200616,000000,4.4,4.8,4.4,4.8,0,0
EDI_PE,D,20200617,000000,4.8,4.8,4.8,4.8,0,0
EDI_PE,D,20200618,000000,4.6,4.8,4.6,4.8,0,0
EDI_PE,D,20200619,000000,4.8,4.8,4.8,4.8,0,0
EDI_PE,D,20200622,000000,4.8,4.8,4.8,4.8,0,0
EDI_PE,D,20200623,000000,4.6,4.8,4.6,4.8,0,0
EDI_PE,D,20200625,000000,4.6,4.6,4.6,4.6,0,0
EDI_PE,D,20200626,000000,4.6,4.6,4.6,4.6,0,0
EDI_PE,D,20200629,000000,4.6,4.7,4.6,4.6,0,0
EDI_PE,D,20200701,000000,4.6,4.6,4.6,4.6,0,0
EDI_PE,D,20200702,000000,4.6,4.7,4.6,4.7,0,0
EDI_PE,D,20200703,000000,4.6,4.6,4.6,4.6,0,0
EDI_PE,D,20200706,000000,4.6,4.6,4.6,4.6,0,0
EDI_PE,D,20200707,000000,4.5,4.5,4.4,4.4,0,0
EDI_PE,D,20200709,000000,4.5,4.5,4.4,4.5,0,0
EDI_PE,D,20200710,000000,4.6,4.6,4.6,4.6,0,0
EDI_PE,D,20200713,000000,4.6,4.6,4.4,4.4,0,0
EDI_PE,D,20200714,000000,4.4,4.5,4.4,4.5,0,0
EDI_PE,D,20200715,000000,4.6,4.6,4.5,4.5,0,0
EDI_PE,D,20200716,000000,4.6,4.7,4.5,4.5,0,0
EDI_PE,D,20200717,000000,4.6,4.6,4.5,4.5,0,0
EDI_PE,D,20200720,000000,4.6,4.6,4.5,4.5,0,0
EDI_PE,D,20200721,000000,4.5,4.7,4.5,4.7,0,0
EDI_PE,D,20200722,000000,4.7,5,4.7,5,0,0
EDI_PE,D,20200723,000000,5,5,5,5,0,0
EDI_PE,D,20200724,000000,5,5,5,5,0,0
EDI_PE,D,20200727,000000,4.8,5.1,4.8,5.1,0,0
EDI_PE,D,20200728,000000,4.7,5.1,4.7,4.9,0,0
EDI_PE,D,20200729,000000,5.1,5.1,4.8,4.8,0,0
EDI_PE,D,20200730,000000,4.6,5,4.6,5,0,0
EDI_PE,D,20200731,000000,4.8,4.8,4.8,4.8,0,0
EDI_PE,D,20200803,000000,4.8,4.8,4.7,4.7,0,0
EDI_PE,D,20200805,000000,4.9,4.9,4.9,4.9,0,0
EDI_PE,D,20200806,000000,4.9,4.9,4.7,4.7,0,0
EDI_PE,D,20200807,000000,4.8,4.8,4.7,4.8,0,0
EDI_PE,D,20200810,000000,4.8,4.9,4.8,4.9,0,0
EDI_PE,D,20200811,000000,4.9,5.1,4.8,4.8,0,0
EDI_PE,D,20200812,000000,4.8,4.8,4.8,4.8,0,0
EDI_PE,D,20200813,000000,4.8,5,4.8,5,0,0
EDI_PE,D,20200814,000000,5,5,5,5,0,0
EDI_PE,D,20200817,000000,5,5.2,5,5.2,0,0
EDI_PE,D,20200818,000000,5.2,5.9,5.2,5.9,0,0
EDI_PE,D,20200819,000000,6,6.5,5.8,5.8,0,0
EDI_PE,D,20200820,000000,5.8,5.9,5.7,5.9,0,0
EDI_PE,D,20200821,000000,7,7.6,5.6,5.6,0,0
EDI_PE,D,20200824,000000,5.6,5.7,5.1,5.6,0,0
EDI_PE,D,20200825,000000,5.6,5.6,5.3,5.3,0,0
EDI_PE,D,20200826,000000,5.2,5.5,4.9,5.2,0,0
EDI_PE,D,20200827,000000,5.2,5.2,5.2,5.2,0,0
EDI_PE,D,20200828,000000,5.2,5.2,5.1,5.1,0,0
EDI_PE,D,20200831,000000,5.1,5.1,4.7,4.8,0,0
EDI_PE,D,20200901,000000,4.7,4.8,4.6,4.6,0,0
EDI_PE,D,20200902,000000,4.6,4.8,4.5,4.8,0,0
EDI_PE,D,20200903,000000,4.4,4.8,4.4,4.8,0,0
EDI_PE,D,20200904,000000,4.6,4.7,4.6,4.6,0,0
EDI_PE,D,20200907,000000,4.7,4.7,4.5,4.7,0,0
EDI_PE,D,20200908,000000,4.6,4.7,4.5,4.6,0,0
EDI_PE,D,20200909,000000,4.7,4.9,4.7,4.7,0,0
EDI_PE,D,20200910,000000,4.9,5,4.8,4.8,0,0
EDI_PE,D,20200914,000000,4.8,4.8,4.8,4.8,0,0
EDI_PE,D,20200915,000000,4.8,4.8,4.8,4.8,0,0
EDI_PE,D,20200917,000000,4.9,4.9,4.8,4.8,0,0
EDI_PE,D,20200918,000000,4.8,5.1,4.8,5.1,0,0
EDI_PE,D,20200921,000000,4.8,5,4.6,4.6,0,0
EDI_PE,D,20200922,000000,4.6,5,4.6,5,0,0
EDI_PE,D,20200923,000000,5,5,5,5,0,0
EDI_PE,D,20200924,000000,4.7,5.1,4.7,4.9,0,0
EDI_PE,D,20200925,000000,4.8,5,4.8,4.9,0,0
EDI_PE,D,20200928,000000,4.9,5.2,4.9,5.2,0,0
EDI_PE,D,20200929,000000,5.1,5.2,5.1,5.2,0,0
EDI_PE,D,20200930,000000,5.2,5.6,5.2,5.6,0,0
EDI_PE,D,20201001,000000,5.8,5.8,5.4,5.5,0,0
EDI_PE,D,20201002,000000,5.5,5.5,5.3,5.5,0,0
EDI_PE,D,20201005,000000,5.3,5.6,5.3,5.6,0,0
EDI_PE,D,20201006,000000,5.6,5.6,5.6,5.6,0,0
EDI_PE,D,20201007,000000,5.6,5.6,5.4,5.4,0,0
EDI_PE,D,20201008,000000,5.4,5.4,5.4,5.4,0,0
EDI_PE,D,20201009,000000,5.3,5.3,5.2,5.2,0,0
EDI_PE,D,20201012,000000,5.2,5.2,4.8,5.2,0,0
EDI_PE,D,20201013,000000,5,5.1,5,5.1,0,0
EDI_PE,D,20201014,000000,5,5,4.9,4.9,0,0
EDI_PE,D,20201015,000000,5,5.1,5,5.1,0,0
EDI_PE,D,20201016,000000,5.1,5.1,5.1,5.1,0,0
