<TICKER>,<PER>,<DATE>,<TIME>,<OPEN>,<HIGH>,<LOW>,<CLOSE>,<VOL>,<OPENINT>
EVE_PB,D,20141126,000000,1.06,1.06,1.06,1.06,0,0
EVE_PB,D,20141127,000000,1.13,1.13,1.11,1.11,0,0
EVE_PB,D,20141128,000000,1.12,1.17,1.11,1.17,0,0
EVE_PB,D,20141201,000000,1.18,1.23,1.18,1.23,0,0
EVE_PB,D,20141202,000000,1.21,1.21,1.21,1.21,0,0
EVE_PB,D,20141203,000000,1.19,1.19,1.18,1.18,0,0
EVE_PB,D,20141204,000000,1.17,1.17,1.09,1.16,0,0
EVE_PB,D,20141205,000000,1.14,1.14,1.14,1.14,0,0
EVE_PB,D,20141208,000000,1.08,1.11,1.08,1.11,0,0
EVE_PB,D,20141209,000000,1.11,1.11,1.08,1.08,0,0
EVE_PB,D,20141210,000000,1.11,1.11,1.04,1.04,0,0
EVE_PB,D,20141211,000000,1.07,1.07,1.05,1.05,0,0
EVE_PB,D,20141212,000000,1.05,1.05,0.98,1.01,0,0
EVE_PB,D,20141215,000000,1.03,1.03,1.03,1.03,0,0
EVE_PB,D,20141216,000000,1.07,1.07,1.07,1.07,0,0
EVE_PB,D,20141217,000000,1.02,1.02,1,1,0,0
EVE_PB,D,20141218,000000,1.08,1.08,1.08,1.08,0,0
EVE_PB,D,20141219,000000,1.05,1.05,1.05,1.05,0,0
EVE_PB,D,20141222,000000,1.05,1.05,1.04,1.04,0,0
EVE_PB,D,20141223,000000,1.05,1.05,1,1.05,0,0
EVE_PB,D,20141229,000000,1.05,1.05,1.05,1.05,0,0
EVE_PB,D,20141230,000000,1.05,1.05,0.96,1.05,0,0
EVE_PB,D,20150105,000000,1.03,1.03,1.03,1.03,0,0
EVE_PB,D,20150107,000000,1.08,1.19,1.08,1.19,0,0
EVE_PB,D,20150108,000000,1.1,1.19,1.1,1.19,0,0
EVE_PB,D,20150109,000000,1.2,1.31,1.2,1.2,0,0
EVE_PB,D,20150112,000000,1.25,1.31,1.21,1.31,0,0
EVE_PB,D,20150113,000000,1.3,1.33,1.23,1.33,0,0
EVE_PB,D,20150114,000000,1.33,1.33,1.33,1.33,0,0
EVE_PB,D,20150115,000000,1.33,1.33,1.3,1.3,0,0
EVE_PB,D,20150116,000000,1.33,1.33,1.33,1.33,0,0
EVE_PB,D,20150119,000000,1.45,1.45,1.33,1.4,0,0
EVE_PB,D,20150120,000000,1.52,1.52,1.4,1.4,0,0
EVE_PB,D,20150121,000000,1.5,1.5,1.4,1.42,0,0
EVE_PB,D,20150122,000000,1.5,1.5,1.45,1.5,0,0
EVE_PB,D,20150123,000000,1.5,1.5,1.4,1.45,0,0
EVE_PB,D,20150126,000000,1.5,1.5,1.5,1.5,0,0
EVE_PB,D,20150127,000000,1.5,1.5,1.46,1.46,0,0
EVE_PB,D,20150128,000000,1.4,1.4,1.4,1.4,0,0
EVE_PB,D,20150129,000000,1.4,1.4,1.33,1.4,0,0
EVE_PB,D,20150130,000000,1.5,1.64,1.41,1.64,0,0
EVE_PB,D,20150202,000000,1.64,1.64,1.56,1.56,0,0
EVE_PB,D,20150203,000000,1.66,1.66,1.4,1.41,0,0
EVE_PB,D,20150204,000000,1.38,1.41,1.38,1.41,0,0
EVE_PB,D,20150205,000000,1.37,1.4,1.37,1.4,0,0
EVE_PB,D,20150210,000000,1.35,1.36,1.32,1.35,0,0
EVE_PB,D,20150211,000000,1.3,4.1,1.3,4.1,0,0
EVE_PB,D,20150216,000000,4.01,4.2,4.01,4.2,0,0
EVE_PB,D,20150217,000000,4.11,4.11,4.11,4.11,0,0
EVE_PB,D,20150218,000000,4.2,4.2,4.2,4.2,0,0
EVE_PB,D,20150219,000000,4.2,4.2,4.2,4.2,0,0
EVE_PB,D,20150220,000000,4.2,4.2,4.2,4.2,0,0
EVE_PB,D,20150223,000000,4.2,4.2,4.2,4.2,0,0
EVE_PB,D,20150225,000000,4.2,4.2,4.2,4.2,0,0
EVE_PB,D,20150226,000000,4.2,4.2,4.2,4.2,0,0
EVE_PB,D,20150227,000000,4.2,4.2,4.2,4.2,0,0
EVE_PB,D,20150302,000000,4.2,4.2,4.2,4.2,0,0
EVE_PB,D,20150303,000000,4.2,4.2,4.2,4.2,0,0
EVE_PB,D,20150304,000000,4.2,4.2,4.2,4.2,0,0
EVE_PB,D,20150305,000000,4.2,4.38,4.2,4.38,0,0
EVE_PB,D,20150306,000000,4.2,4.2,3.93,4.2,0,0
EVE_PB,D,20150309,000000,4.2,4.2,4.2,4.2,0,0
EVE_PB,D,20150310,000000,4.2,4.2,4.2,4.2,0,0
EVE_PB,D,20150311,000000,4.2,4.2,4.2,4.2,0,0
EVE_PB,D,20150312,000000,4.2,4.2,4.2,4.2,0,0
EVE_PB,D,20150313,000000,4.2,4.2,4.2,4.2,0,0
EVE_PB,D,20150323,000000,3.77,3.77,3.77,3.77,0,0
EVE_PB,D,20150324,000000,3.77,3.77,3.77,3.77,0,0
EVE_PB,D,20150325,000000,3.77,3.77,3.77,3.77,0,0
EVE_PB,D,20150326,000000,3.77,3.77,3.4,3.4,0,0
EVE_PB,D,20150327,000000,3.4,3.4,3.4,3.4,0,0
EVE_PB,D,20150330,000000,3.4,3.4,3.4,3.4,0,0
EVE_PB,D,20150331,000000,3.4,3.4,3.06,3.06,0,0
EVE_PB,D,20150401,000000,3.06,3.06,3.06,3.06,0,0
EVE_PB,D,20150402,000000,3.06,3.06,3.06,3.06,0,0
EVE_PB,D,20150407,000000,3.05,3.05,3.05,3.05,0,0
EVE_PB,D,20150408,000000,3.05,3.35,3.05,3.35,0,0
EVE_PB,D,20150409,000000,3.35,3.35,3.15,3.26,0,0
EVE_PB,D,20150410,000000,3.53,3.6,3.53,3.6,0,0
EVE_PB,D,20150413,000000,3.77,3.77,3.77,3.77,0,0
EVE_PB,D,20150414,000000,3.77,3.77,3.77,3.77,0,0
EVE_PB,D,20150416,000000,3.54,3.54,3.18,3.18,0,0
EVE_PB,D,20150417,000000,3.48,3.48,3.27,3.27,0,0
EVE_PB,D,20150420,000000,3.54,3.54,3.27,3.28,0,0
EVE_PB,D,20150421,000000,3.48,3.48,3.48,3.48,0,0
EVE_PB,D,20150422,000000,3.48,3.48,3.48,3.48,0,0
EVE_PB,D,20150423,000000,3.48,3.48,3.48,3.48,0,0
EVE_PB,D,20150424,000000,3.48,3.48,3.48,3.48,0,0
EVE_PB,D,20150427,000000,3.48,3.48,3.48,3.48,0,0
EVE_PB,D,20150428,000000,3.48,3.48,3.18,3.18,0,0
EVE_PB,D,20150429,000000,3.48,3.48,3.48,3.48,0,0
EVE_PB,D,20150430,000000,3.42,3.42,3.42,3.42,0,0
EVE_PB,D,20150504,000000,3.18,3.18,3.18,3.18,0,0
EVE_PB,D,20150505,000000,3.18,3.18,3.18,3.18,0,0
EVE_PB,D,20150506,000000,3.18,3.18,3.18,3.18,0,0
EVE_PB,D,20150507,000000,3.18,3.18,3.18,3.18,0,0
EVE_PB,D,20150508,000000,3.18,3.18,3.18,3.18,0,0
EVE_PB,D,20150511,000000,3.18,3.18,3.18,3.18,0,0
EVE_PB,D,20150513,000000,3.15,3.15,3,3,0,0
EVE_PB,D,20150514,000000,3.13,3.13,3.13,3.13,0,0
EVE_PB,D,20150515,000000,3.13,3.13,3.13,3.13,0,0
EVE_PB,D,20150518,000000,3.18,3.18,3.18,3.18,0,0
EVE_PB,D,20150519,000000,3.18,3.18,2.87,2.87,0,0
EVE_PB,D,20150520,000000,2.87,2.87,2.87,2.87,0,0
EVE_PB,D,20150521,000000,2.83,2.83,2.79,2.79,0,0
EVE_PB,D,20150525,000000,2.89,2.89,2.87,2.87,0,0
EVE_PB,D,20150527,000000,2.86,2.87,2.86,2.87,0,0
EVE_PB,D,20150528,000000,3.15,3.15,2.64,2.76,0,0
EVE_PB,D,20150529,000000,2.53,2.73,2.4,2.4,0,0
EVE_PB,D,20150601,000000,2.4,2.64,2.4,2.64,0,0
EVE_PB,D,20150602,000000,2.28,2.51,2.28,2.41,0,0
EVE_PB,D,20150603,000000,2.52,2.52,2.52,2.52,0,0
EVE_PB,D,20150605,000000,2.36,2.36,2.13,2.3,0,0
EVE_PB,D,20150608,000000,2.3,2.3,2.19,2.3,0,0
EVE_PB,D,20150609,000000,2.3,2.3,2.3,2.3,0,0
EVE_PB,D,20150610,000000,2.3,2.3,2.13,2.13,0,0
EVE_PB,D,20150611,000000,2.3,2.3,2.13,2.13,0,0
EVE_PB,D,20150615,000000,2.34,2.34,2.22,2.22,0,0
EVE_PB,D,20150619,000000,2.19,2.19,1.99,1.99,0,0
EVE_PB,D,20150622,000000,2.53,2.53,2.53,2.53,0,0
EVE_PB,D,20150623,000000,1.96,2.02,1.96,2.02,0,0
EVE_PB,D,20150626,000000,2.11,2.11,2.02,2.02,0,0
EVE_PB,D,20150629,000000,2.22,2.22,2.22,2.22,0,0
EVE_PB,D,20150630,000000,2.41,2.41,2.19,2.19,0,0
EVE_PB,D,20150701,000000,2.25,2.25,2.02,2.02,0,0
EVE_PB,D,20150707,000000,2.19,2.19,1.97,2.08,0,0
EVE_PB,D,20150708,000000,2.25,2.25,2.25,2.25,0,0
EVE_PB,D,20150709,000000,2.25,2.25,2.25,2.25,0,0
EVE_PB,D,20150710,000000,2.25,2.25,2.25,2.25,0,0
EVE_PB,D,20150713,000000,2.25,2.25,2.25,2.25,0,0
EVE_PB,D,20150714,000000,2.25,2.25,2.25,2.25,0,0
EVE_PB,D,20150715,000000,2.25,2.25,2.03,2.03,0,0
EVE_PB,D,20150717,000000,2.04,2.04,2.04,2.04,0,0
EVE_PB,D,20150722,000000,2.03,2.03,1.81,1.81,0,0
EVE_PB,D,20150723,000000,1.83,1.83,1.83,1.83,0,0
EVE_PB,D,20150724,000000,2,2,1.8,1.8,0,0
EVE_PB,D,20150728,000000,1.81,1.81,1.81,1.81,0,0
EVE_PB,D,20150731,000000,1.84,1.84,1.77,1.77,0,0
EVE_PB,D,20150803,000000,1.76,1.76,1.73,1.73,0,0
EVE_PB,D,20150804,000000,1.77,1.79,1.77,1.79,0,0
EVE_PB,D,20150805,000000,1.84,1.84,1.7,1.73,0,0
EVE_PB,D,20150806,000000,1.79,1.79,1.6,1.6,0,0
EVE_PB,D,20150807,000000,1.58,1.74,1.58,1.74,0,0
EVE_PB,D,20150810,000000,1.77,1.79,1.68,1.78,0,0
EVE_PB,D,20150811,000000,1.78,1.78,1.66,1.66,0,0
EVE_PB,D,20150812,000000,1.73,1.73,1.56,1.56,0,0
EVE_PB,D,20150813,000000,1.61,1.61,1.46,1.46,0,0
EVE_PB,D,20150814,000000,1.5,1.5,1.5,1.5,0,0
EVE_PB,D,20150817,000000,1.53,1.53,1.38,1.41,0,0
EVE_PB,D,20150818,000000,1.44,1.44,1.38,1.38,0,0
EVE_PB,D,20150819,000000,1.46,1.46,1.32,1.39,0,0
EVE_PB,D,20150820,000000,1.41,1.44,1.35,1.35,0,0
EVE_PB,D,20150821,000000,1.44,1.44,1.38,1.38,0,0
EVE_PB,D,20150824,000000,1.44,1.44,1.3,1.44,0,0
EVE_PB,D,20150825,000000,1.44,1.44,1.44,1.44,0,0
EVE_PB,D,20150826,000000,1.35,1.35,1.27,1.35,0,0
EVE_PB,D,20150827,000000,1.35,1.35,1.27,1.27,0,0
EVE_PB,D,20150828,000000,1.31,1.31,1.19,1.26,0,0
EVE_PB,D,20150831,000000,1.26,1.26,1.24,1.25,0,0
EVE_PB,D,20150901,000000,1.25,1.25,1.22,1.22,0,0
EVE_PB,D,20150902,000000,1.15,1.15,1.15,1.15,0,0
EVE_PB,D,20150903,000000,1.1,1.12,1.04,1.12,0,0
EVE_PB,D,20150904,000000,1.15,1.15,1.12,1.12,0,0
EVE_PB,D,20150907,000000,1.13,1.13,1.09,1.09,0,0
EVE_PB,D,20150908,000000,1.09,1.09,1.02,1.05,0,0
EVE_PB,D,20150909,000000,1.09,1.09,1.05,1.06,0,0
EVE_PB,D,20150910,000000,1.06,1.07,1.06,1.07,0,0
EVE_PB,D,20150911,000000,1.07,1.07,1.05,1.05,0,0
EVE_PB,D,20150914,000000,1.05,1.07,1.05,1.07,0,0
EVE_PB,D,20150915,000000,1.07,1.08,1.02,1.08,0,0
EVE_PB,D,20150916,000000,1.08,1.08,1.02,1.05,0,0
EVE_PB,D,20150917,000000,1.08,1.13,1.07,1.07,0,0
EVE_PB,D,20150918,000000,1.13,1.13,1.11,1.11,0,0
EVE_PB,D,20150921,000000,1.11,1.11,1.11,1.11,0,0
EVE_PB,D,20150922,000000,1.11,1.12,1.11,1.12,0,0
EVE_PB,D,20150923,000000,1.13,1.14,1.13,1.14,0,0
EVE_PB,D,20150924,000000,1.19,1.19,1.16,1.16,0,0
EVE_PB,D,20150925,000000,1.19,1.31,1.19,1.31,0,0
EVE_PB,D,20150928,000000,1.31,1.31,1.27,1.27,0,0
EVE_PB,D,20150929,000000,1.27,1.27,1.16,1.16,0,0
EVE_PB,D,20150930,000000,1.19,1.19,1.16,1.16,0,0
EVE_PB,D,20151001,000000,1.15,1.15,1.15,1.15,0,0
EVE_PB,D,20151002,000000,1.15,1.15,1.13,1.13,0,0
EVE_PB,D,20151005,000000,1.13,1.13,1.13,1.13,0,0
EVE_PB,D,20151006,000000,1.13,1.13,1.1,1.1,0,0
EVE_PB,D,20151007,000000,1.09,1.13,1.07,1.13,0,0
EVE_PB,D,20151008,000000,1.08,1.1,1.08,1.1,0,0
EVE_PB,D,20151009,000000,1.1,1.11,1.03,1.08,0,0
EVE_PB,D,20151012,000000,1.03,1.06,0.99,1.06,0,0
EVE_PB,D,20151013,000000,1.03,1.03,1.03,1.03,0,0
EVE_PB,D,20151014,000000,1.06,1.06,0.96,0.96,0,0
EVE_PB,D,20151015,000000,0.96,0.97,0.96,0.96,0,0
EVE_PB,D,20151016,000000,1,1,0.94,0.94,0,0
EVE_PB,D,20151019,000000,0.93,0.93,0.89,0.89,0,0
EVE_PB,D,20151020,000000,0.87,0.94,0.87,0.88,0,0
EVE_PB,D,20151021,000000,0.93,0.93,0.91,0.91,0,0
EVE_PB,D,20151022,000000,0.93,0.97,0.89,0.97,0,0
EVE_PB,D,20151023,000000,0.97,1.05,0.94,1.04,0,0
EVE_PB,D,20151026,000000,1.06,1.16,1.06,1.16,0,0
EVE_PB,D,20151027,000000,1.19,1.19,1.19,1.19,0,0
EVE_PB,D,20151028,000000,1.19,1.23,1.15,1.2,0,0
EVE_PB,D,20151029,000000,1.2,1.2,1.19,1.19,0,0
EVE_PB,D,20151030,000000,1.19,1.19,1.17,1.18,0,0
EVE_PB,D,20151102,000000,1.18,1.18,1.06,1.15,0,0
EVE_PB,D,20151103,000000,1.15,1.15,1.15,1.15,0,0
EVE_PB,D,20151104,000000,1.15,1.15,1.15,1.15,0,0
EVE_PB,D,20151105,000000,1.15,1.15,1.1,1.1,0,0
EVE_PB,D,20151109,000000,1.1,1.1,1.09,1.09,0,0
EVE_PB,D,20151112,000000,1.08,1.08,1.03,1.03,0,0
EVE_PB,D,20151113,000000,1.03,1.03,1.03,1.03,0,0
EVE_PB,D,20151116,000000,1.06,1.11,1.06,1.11,0,0
EVE_PB,D,20151117,000000,1.12,1.22,1.12,1.22,0,0
EVE_PB,D,20151119,000000,1.22,1.22,1.12,1.12,0,0
EVE_PB,D,20151120,000000,1.14,1.14,1.14,1.14,0,0
EVE_PB,D,20151123,000000,1.15,1.15,1.12,1.12,0,0
EVE_PB,D,20151124,000000,1.12,1.12,1.12,1.12,0,0
EVE_PB,D,20151126,000000,1.12,1.12,1.09,1.09,0,0
EVE_PB,D,20151130,000000,1.06,1.09,1.06,1.09,0,0
EVE_PB,D,20151201,000000,1.04,1.06,1.02,1.06,0,0
EVE_PB,D,20151203,000000,1.09,1.09,1.02,1.09,0,0
EVE_PB,D,20151207,000000,1.1,1.1,1.01,1.01,0,0
EVE_PB,D,20151208,000000,1.02,1.02,1.02,1.02,0,0
EVE_PB,D,20151209,000000,0.98,0.98,0.97,0.97,0,0
EVE_PB,D,20151210,000000,0.98,0.98,0.98,0.98,0,0
EVE_PB,D,20151211,000000,0.94,0.94,0.89,0.89,0,0
EVE_PB,D,20151214,000000,0.89,0.95,0.83,0.83,0,0
EVE_PB,D,20151215,000000,0.86,0.86,0.86,0.86,0,0
EVE_PB,D,20151216,000000,0.89,0.95,0.89,0.95,0,0
EVE_PB,D,20151217,000000,0.92,0.92,0.92,0.92,0,0
EVE_PB,D,20151218,000000,0.92,0.92,0.92,0.92,0,0
EVE_PB,D,20151221,000000,0.92,0.92,0.92,0.92,0,0
EVE_PB,D,20151222,000000,0.98,1.01,0.98,1.01,0,0
EVE_PB,D,20151223,000000,1.01,1.05,1.01,1.05,0,0
EVE_PB,D,20151228,000000,1.05,1.05,0.96,0.96,0,0
EVE_PB,D,20151229,000000,0.94,1.02,0.88,1.02,0,0
EVE_PB,D,20151230,000000,1.02,1.12,0.94,1.11,0,0
EVE_PB,D,20160104,000000,1.05,1.16,1.05,1.1,0,0
EVE_PB,D,20160105,000000,1.1,1.1,1.1,1.1,0,0
EVE_PB,D,20160107,000000,1.09,1.09,1.08,1.08,0,0
EVE_PB,D,20160108,000000,1.07,1.07,0.96,0.96,0,0
EVE_PB,D,20160112,000000,0.94,0.94,0.91,0.91,0,0
EVE_PB,D,20160113,000000,0.88,0.88,0.83,0.83,0,0
EVE_PB,D,20160115,000000,0.83,0.83,0.7,0.7,0,0
EVE_PB,D,20160118,000000,0.76,0.76,0.58,0.58,0,0
EVE_PB,D,20160119,000000,0.64,0.64,0.57,0.58,0,0
EVE_PB,D,20160120,000000,0.58,0.58,0.5,0.5,0,0
EVE_PB,D,20160121,000000,0.47,0.5,0.43,0.5,0,0
EVE_PB,D,20160122,000000,0.47,0.47,0.38,0.38,0,0
EVE_PB,D,20160125,000000,0.42,0.46,0.41,0.42,0,0
EVE_PB,D,20160126,000000,0.41,0.41,0.37,0.41,0,0
EVE_PB,D,20160127,000000,0.35,0.38,0.33,0.33,0,0
EVE_PB,D,20160128,000000,0.33,0.33,0.3,0.33,0,0
EVE_PB,D,20160129,000000,0.32,0.32,0.27,0.3,0,0
EVE_PB,D,20160201,000000,0.29,0.29,0.26,0.29,0,0
EVE_PB,D,20160202,000000,0.3,0.34,0.3,0.33,0,0
EVE_PB,D,20160203,000000,0.33,0.36,0.32,0.35,0,0
EVE_PB,D,20160204,000000,0.35,0.35,0.31,0.31,0,0
EVE_PB,D,20160205,000000,0.3,0.34,0.3,0.32,0,0
EVE_PB,D,20160208,000000,0.32,0.33,0.32,0.33,0,0
EVE_PB,D,20160209,000000,0.33,0.33,0.29,0.32,0,0
EVE_PB,D,20160210,000000,0.3,0.32,0.3,0.32,0,0
EVE_PB,D,20160211,000000,0.3,0.32,0.3,0.32,0,0
EVE_PB,D,20160212,000000,0.32,0.34,0.32,0.34,0,0
EVE_PB,D,20160215,000000,0.3,0.32,0.3,0.31,0,0
EVE_PB,D,20160216,000000,0.32,0.33,0.3,0.3,0,0
EVE_PB,D,20160217,000000,0.3,0.31,0.29,0.31,0,0
EVE_PB,D,20160218,000000,0.31,0.4,0.31,0.4,0,0
EVE_PB,D,20160219,000000,0.48,0.53,0.45,0.53,0,0
EVE_PB,D,20160222,000000,0.55,0.64,0.5,0.64,0,0
EVE_PB,D,20160223,000000,0.68,0.74,0.65,0.7,0,0
EVE_PB,D,20160224,000000,0.7,0.7,0.67,0.67,0,0
EVE_PB,D,20160225,000000,0.64,0.64,0.54,0.58,0,0
EVE_PB,D,20160226,000000,0.6,0.63,0.56,0.58,0,0
EVE_PB,D,20160229,000000,0.59,0.63,0.58,0.6,0,0
EVE_PB,D,20160301,000000,0.6,0.66,0.58,0.6,0,0
EVE_PB,D,20160302,000000,0.6,0.6,0.58,0.6,0,0
EVE_PB,D,20160303,000000,0.6,0.67,0.59,0.63,0,0
EVE_PB,D,20160304,000000,0.64,0.64,0.6,0.62,0,0
EVE_PB,D,20160307,000000,0.64,0.67,0.64,0.67,0,0
EVE_PB,D,20160308,000000,0.67,0.67,0.67,0.67,0,0
EVE_PB,D,20160309,000000,0.67,0.67,0.63,0.63,0,0
EVE_PB,D,20160310,000000,0.67,0.67,0.6,0.6,0,0
EVE_PB,D,20160311,000000,0.59,0.64,0.59,0.61,0,0
EVE_PB,D,20160314,000000,0.61,0.61,0.57,0.61,0,0
EVE_PB,D,20160315,000000,0.61,0.63,0.57,0.6,0,0
EVE_PB,D,20160316,000000,0.6,0.64,0.57,0.6,0,0
EVE_PB,D,20160317,000000,0.58,0.61,0.56,0.6,0,0
EVE_PB,D,20160318,000000,0.58,0.61,0.57,0.6,0,0
EVE_PB,D,20160321,000000,0.6,0.6,0.6,0.6,0,0
EVE_PB,D,20160322,000000,0.59,0.6,0.59,0.6,0,0
EVE_PB,D,20160323,000000,0.6,0.6,0.59,0.59,0,0
EVE_PB,D,20160324,000000,0.59,0.59,0.58,0.59,0,0
EVE_PB,D,20160329,000000,0.59,0.59,0.56,0.57,0,0
EVE_PB,D,20160330,000000,0.56,0.56,0.54,0.55,0,0
EVE_PB,D,20160331,000000,0.54,0.55,0.53,0.53,0,0
EVE_PB,D,20160401,000000,0.53,0.55,0.53,0.55,0,0
EVE_PB,D,20160404,000000,0.55,0.55,0.53,0.54,0,0
EVE_PB,D,20160405,000000,0.54,0.54,0.5,0.5,0,0
EVE_PB,D,20160406,000000,0.52,0.52,0.5,0.51,0,0
EVE_PB,D,20160407,000000,0.5,0.54,0.5,0.54,0,0
EVE_PB,D,20160408,000000,0.54,0.54,0.51,0.54,0,0
EVE_PB,D,20160411,000000,0.53,0.53,0.53,0.53,0,0
EVE_PB,D,20160412,000000,0.53,0.53,0.51,0.51,0,0
EVE_PB,D,20160413,000000,0.51,0.52,0.49,0.51,0,0
EVE_PB,D,20160414,000000,0.51,0.51,0.49,0.51,0,0
EVE_PB,D,20160415,000000,0.51,0.51,0.51,0.51,0,0
EVE_PB,D,20160418,000000,0.51,0.51,0.51,0.51,0,0
EVE_PB,D,20160419,000000,0.51,0.51,0.51,0.51,0,0
EVE_PB,D,20160420,000000,0.51,0.51,0.51,0.51,0,0
EVE_PB,D,20160421,000000,0.51,0.51,0.49,0.49,0,0
EVE_PB,D,20160422,000000,0.49,0.53,0.49,0.51,0,0
EVE_PB,D,20160425,000000,0.51,0.52,0.51,0.51,0,0
EVE_PB,D,20160426,000000,0.51,0.53,0.51,0.53,0,0
EVE_PB,D,20160427,000000,0.53,0.53,0.5,0.53,0,0
EVE_PB,D,20160428,000000,0.53,0.53,0.53,0.53,0,0
EVE_PB,D,20160429,000000,0.52,0.52,0.52,0.52,0,0
EVE_PB,D,20160502,000000,0.51,0.53,0.51,0.53,0,0
EVE_PB,D,20160504,000000,0.53,0.53,0.51,0.51,0,0
EVE_PB,D,20160505,000000,0.59,0.59,0.53,0.53,0,0
EVE_PB,D,20160506,000000,0.53,0.53,0.49,0.5,0,0
EVE_PB,D,20160509,000000,0.49,0.5,0.49,0.5,0,0
EVE_PB,D,20160510,000000,0.5,0.5,0.5,0.5,0,0
EVE_PB,D,20160511,000000,0.5,0.5,0.5,0.5,0,0
EVE_PB,D,20160512,000000,0.5,0.5,0.45,0.5,0,0
EVE_PB,D,20160513,000000,0.5,0.5,0.5,0.5,0,0
EVE_PB,D,20160516,000000,0.5,0.5,0.5,0.5,0,0
EVE_PB,D,20160517,000000,0.5,0.5,0.49,0.49,0,0
EVE_PB,D,20160518,000000,0.49,0.49,0.49,0.49,0,0
EVE_PB,D,20160519,000000,0.49,0.49,0.49,0.49,0,0
EVE_PB,D,20160520,000000,0.43,0.5,0.42,0.5,0,0
EVE_PB,D,20160523,000000,0.5,0.5,0.5,0.5,0,0
EVE_PB,D,20160524,000000,0.5,0.54,0.5,0.5,0,0
EVE_PB,D,20160525,000000,0.53,0.53,0.49,0.51,0,0
EVE_PB,D,20160527,000000,0.52,0.52,0.5,0.5,0,0
EVE_PB,D,20160530,000000,0.51,0.51,0.5,0.5,0,0
EVE_PB,D,20160531,000000,0.5,0.5,0.48,0.5,0,0
EVE_PB,D,20160601,000000,0.5,0.5,0.45,0.45,0,0
EVE_PB,D,20160602,000000,0.45,0.45,0.42,0.44,0,0
EVE_PB,D,20160603,000000,0.44,0.45,0.42,0.42,0,0
EVE_PB,D,20160606,000000,0.42,0.42,0.41,0.42,0,0
EVE_PB,D,20160607,000000,0.4,0.4,0.4,0.4,0,0
EVE_PB,D,20160608,000000,0.4,0.4,0.36,0.36,0,0
EVE_PB,D,20160609,000000,0.38,0.38,0.37,0.37,0,0
EVE_PB,D,20160610,000000,0.36,0.36,0.32,0.36,0,0
EVE_PB,D,20160613,000000,0.32,0.36,0.32,0.32,0,0
EVE_PB,D,20160614,000000,0.32,0.35,0.32,0.34,0,0
EVE_PB,D,20160615,000000,0.34,0.34,0.31,0.34,0,0
EVE_PB,D,20160616,000000,0.34,0.34,0.31,0.33,0,0
EVE_PB,D,20160617,000000,0.33,0.33,0.29,0.31,0,0
EVE_PB,D,20160620,000000,0.29,0.29,0.29,0.29,0,0
EVE_PB,D,20160621,000000,0.29,0.32,0.29,0.32,0,0
EVE_PB,D,20160622,000000,0.35,0.35,0.33,0.35,0,0
EVE_PB,D,20160623,000000,0.35,0.35,0.35,0.35,0,0
EVE_PB,D,20160624,000000,0.35,0.35,0.32,0.34,0,0
EVE_PB,D,20160627,000000,0.34,0.34,0.34,0.34,0,0
EVE_PB,D,20160628,000000,0.34,0.34,0.34,0.34,0,0
EVE_PB,D,20160629,000000,0.34,0.34,0.34,0.34,0,0
EVE_PB,D,20160630,000000,0.34,0.34,0.31,0.31,0,0
EVE_PB,D,20160701,000000,0.34,0.34,0.34,0.34,0,0
EVE_PB,D,20160704,000000,0.34,0.34,0.31,0.31,0,0
EVE_PB,D,20160705,000000,0.31,0.33,0.31,0.33,0,0
EVE_PB,D,20160706,000000,0.31,0.33,0.31,0.33,0,0
EVE_PB,D,20160707,000000,0.32,0.32,0.32,0.32,0,0
EVE_PB,D,20160708,000000,0.32,0.32,0.31,0.31,0,0
EVE_PB,D,20160711,000000,0.31,0.31,0.31,0.31,0,0
EVE_PB,D,20160712,000000,0.3,0.31,0.3,0.31,0,0
EVE_PB,D,20160713,000000,0.28,0.28,0.28,0.28,0,0
EVE_PB,D,20160714,000000,0.27,0.27,0.25,0.25,0,0
EVE_PB,D,20160715,000000,0.25,0.25,0.22,0.24,0,0
EVE_PB,D,20160718,000000,0.25,0.25,0.24,0.24,0,0
EVE_PB,D,20160719,000000,0.23,0.27,0.23,0.24,0,0
EVE_PB,D,20160720,000000,0.22,0.26,0.22,0.25,0,0
EVE_PB,D,20160721,000000,0.25,0.25,0.25,0.25,0,0
EVE_PB,D,20160722,000000,0.25,0.25,0.23,0.23,0,0
EVE_PB,D,20160725,000000,0.22,0.23,0.21,0.21,0,0
EVE_PB,D,20160726,000000,0.21,0.22,0.2,0.2,0,0
EVE_PB,D,20160727,000000,0.2,0.21,0.2,0.2,0,0
EVE_PB,D,20160728,000000,0.2,0.25,0.2,0.25,0,0
EVE_PB,D,20160729,000000,0.24,0.29,0.24,0.28,0,0
EVE_PB,D,20160801,000000,0.26,0.27,0.23,0.27,0,0
EVE_PB,D,20160802,000000,0.27,0.27,0.23,0.25,0,0
EVE_PB,D,20160803,000000,0.25,0.29,0.25,0.26,0,0
EVE_PB,D,20160804,000000,0.28,0.29,0.25,0.29,0,0
EVE_PB,D,20160805,000000,0.29,0.29,0.27,0.27,0,0
EVE_PB,D,20160808,000000,0.25,0.26,0.25,0.26,0,0
EVE_PB,D,20160809,000000,0.26,0.26,0.24,0.24,0,0
EVE_PB,D,20160810,000000,0.24,0.25,0.24,0.24,0,0
EVE_PB,D,20160811,000000,0.24,0.25,0.24,0.25,0,0
EVE_PB,D,20160812,000000,0.23,0.24,0.21,0.21,0,0
EVE_PB,D,20160816,000000,0.21,0.21,0.2,0.2,0,0
EVE_PB,D,20160817,000000,0.22,0.22,0.21,0.21,0,0
EVE_PB,D,20160818,000000,0.23,0.23,0.2,0.23,0,0
EVE_PB,D,20160819,000000,0.23,0.23,0.2,0.21,0,0
EVE_PB,D,20160822,000000,0.2,0.21,0.2,0.21,0,0
EVE_PB,D,20160823,000000,0.21,0.22,0.21,0.22,0,0
EVE_PB,D,20160824,000000,0.22,0.22,0.21,0.21,0,0
EVE_PB,D,20160825,000000,0.21,0.21,0.2,0.2,0,0
EVE_PB,D,20160826,000000,0.2,0.21,0.2,0.21,0,0
EVE_PB,D,20160829,000000,0.21,0.21,0.2,0.21,0,0
EVE_PB,D,20160830,000000,0.21,0.21,0.2,0.2,0,0
EVE_PB,D,20160831,000000,0.2,0.21,0.2,0.21,0,0
EVE_PB,D,20160901,000000,0.2,0.21,0.2,0.2,0,0
EVE_PB,D,20160902,000000,0.2,0.2,0.2,0.2,0,0
EVE_PB,D,20160905,000000,0.2,0.21,0.2,0.21,0,0
EVE_PB,D,20160906,000000,0.21,0.21,0.21,0.21,0,0
EVE_PB,D,20160907,000000,0.21,0.21,0.2,0.21,0,0
EVE_PB,D,20160908,000000,0.2,0.21,0.2,0.21,0,0
EVE_PB,D,20160909,000000,0.21,0.21,0.2,0.2,0,0
EVE_PB,D,20160912,000000,0.2,0.2,0.2,0.2,0,0
EVE_PB,D,20160913,000000,0.2,0.2,0.2,0.2,0,0
EVE_PB,D,20160914,000000,0.2,0.2,0.19,0.19,0,0
EVE_PB,D,20160915,000000,0.19,0.2,0.19,0.2,0,0
EVE_PB,D,20160920,000000,0.2,0.2,0.2,0.2,0,0
EVE_PB,D,20160922,000000,0.2,0.2,0.2,0.2,0,0
EVE_PB,D,20160923,000000,0.2,0.2,0.2,0.2,0,0
EVE_PB,D,20160926,000000,0.2,0.2,0.2,0.2,0,0
EVE_PB,D,20160927,000000,0.2,0.21,0.2,0.21,0,0
EVE_PB,D,20160928,000000,0.21,0.21,0.21,0.21,0,0
EVE_PB,D,20160929,000000,0.21,0.21,0.21,0.21,0,0
EVE_PB,D,20160930,000000,0.21,0.21,0.2,0.21,0,0
EVE_PB,D,20161003,000000,0.21,1.2,0.21,1.2,0,0
EVE_PB,D,20161004,000000,1.16,1.16,1.13,1.13,0,0
EVE_PB,D,20161005,000000,1.13,1.13,1.13,1.13,0,0
EVE_PB,D,20161006,000000,1.13,1.13,1.1,1.1,0,0
EVE_PB,D,20161010,000000,1.13,1.13,1.1,1.1,0,0
EVE_PB,D,20161011,000000,1.1,1.1,1.1,1.1,0,0
EVE_PB,D,20161012,000000,1.1,1.1,1,1,0,0
EVE_PB,D,20161013,000000,1.1,1.1,1.1,1.1,0,0
EVE_PB,D,20161014,000000,1.13,1.13,1.13,1.13,0,0
EVE_PB,D,20161017,000000,1.1,1.1,1.1,1.1,0,0
EVE_PB,D,20161018,000000,1.04,1.1,1.04,1.1,0,0
EVE_PB,D,20161019,000000,1.1,1.1,0.97,0.97,0,0
EVE_PB,D,20161020,000000,0.97,0.97,0.97,0.97,0,0
EVE_PB,D,20161021,000000,0.97,0.97,0.97,0.97,0,0
EVE_PB,D,20161024,000000,0.97,0.97,0.97,0.97,0,0
EVE_PB,D,20161025,000000,0.94,0.94,0.94,0.94,0,0
EVE_PB,D,20161026,000000,0.87,0.87,0.81,0.81,0,0
EVE_PB,D,20161027,000000,0.81,0.81,0.78,0.78,0,0
EVE_PB,D,20161028,000000,0.71,0.71,0.71,0.71,0,0
EVE_PB,D,20161031,000000,0.78,0.78,0.78,0.78,0,0
EVE_PB,D,20161102,000000,0.78,0.81,0.78,0.81,0,0
EVE_PB,D,20161103,000000,0.81,0.81,0.78,0.78,0,0
EVE_PB,D,20161104,000000,0.71,0.71,0.71,0.71,0,0
EVE_PB,D,20161107,000000,0.74,0.74,0.74,0.74,0,0
EVE_PB,D,20161108,000000,0.74,0.74,0.71,0.71,0,0
EVE_PB,D,20161109,000000,0.81,0.91,0.81,0.91,0,0
EVE_PB,D,20161110,000000,0.87,0.87,0.87,0.87,0,0
EVE_PB,D,20161114,000000,0.84,0.84,0.84,0.84,0,0
EVE_PB,D,20161115,000000,0.91,0.91,0.91,0.91,0,0
EVE_PB,D,20161118,000000,0.81,0.81,0.81,0.81,0,0
EVE_PB,D,20161121,000000,0.81,0.81,0.81,0.81,0,0
EVE_PB,D,20161122,000000,0.94,0.94,0.94,0.94,0,0
EVE_PB,D,20161123,000000,0.91,0.91,0.91,0.91,0,0
EVE_PB,D,20161125,000000,0.81,0.81,0.81,0.81,0,0
EVE_PB,D,20161128,000000,0.81,0.81,0.81,0.81,0,0
EVE_PB,D,20161130,000000,0.74,0.79,0.74,0.79,0,0
EVE_PB,D,20161201,000000,0.58,0.58,0.58,0.58,0,0
EVE_PB,D,20161202,000000,0.62,0.65,0.62,0.65,0,0
EVE_PB,D,20161205,000000,0.76,0.76,0.69,0.69,0,0
EVE_PB,D,20161206,000000,0.65,0.65,0.65,0.65,0,0
EVE_PB,D,20161207,000000,0.65,0.65,0.65,0.65,0,0
EVE_PB,D,20161208,000000,0.58,0.58,0.58,0.58,0,0
EVE_PB,D,20161209,000000,0.58,0.58,0.58,0.58,0,0
EVE_PB,D,20161212,000000,0.65,0.65,0.65,0.65,0,0
EVE_PB,D,20161213,000000,0.65,0.65,0.58,0.58,0,0
EVE_PB,D,20161214,000000,0.58,0.58,0.58,0.58,0,0
EVE_PB,D,20161215,000000,0.58,0.62,0.58,0.62,0,0
EVE_PB,D,20161216,000000,0.62,0.62,0.62,0.62,0,0
EVE_PB,D,20161219,000000,0.62,0.62,0.55,0.55,0,0
EVE_PB,D,20161220,000000,0.55,0.55,0.55,0.55,0,0
EVE_PB,D,20161221,000000,0.62,0.62,0.62,0.62,0,0
EVE_PB,D,20161222,000000,0.62,0.62,0.51,0.51,0,0
EVE_PB,D,20161223,000000,0.51,0.51,0.51,0.51,0,0
EVE_PB,D,20161227,000000,0.51,0.51,0.51,0.51,0,0
EVE_PB,D,20161228,000000,0.55,0.62,0.55,0.62,0,0
EVE_PB,D,20161229,000000,0.65,0.65,0.55,0.55,0,0
EVE_PB,D,20161230,000000,0.55,0.62,0.55,0.62,0,0
EVE_PB,D,20170102,000000,0.62,0.62,0.62,0.62,0,0
EVE_PB,D,20170103,000000,0.62,0.62,0.62,0.62,0,0
EVE_PB,D,20170104,000000,0.62,0.69,0.62,0.69,0,0
EVE_PB,D,20170105,000000,0.76,0.83,0.76,0.83,0,0
EVE_PB,D,20170109,000000,0.76,0.76,0.65,0.65,0,0
EVE_PB,D,20170110,000000,0.62,0.62,0.62,0.62,0,0
EVE_PB,D,20170111,000000,0.62,0.62,0.62,0.62,0,0
EVE_PB,D,20170112,000000,0.69,0.69,0.69,0.69,0,0
EVE_PB,D,20170113,000000,0.72,0.72,0.72,0.72,0,0
EVE_PB,D,20170116,000000,0.76,0.76,0.72,0.72,0,0
EVE_PB,D,20170117,000000,0.69,0.69,0.69,0.69,0,0
EVE_PB,D,20170118,000000,0.69,0.69,0.69,0.69,0,0
EVE_PB,D,20170119,000000,0.69,0.69,0.69,0.69,0,0
EVE_PB,D,20170120,000000,0.69,0.69,0.69,0.69,0,0
EVE_PB,D,20170123,000000,0.69,0.69,0.69,0.69,0,0
EVE_PB,D,20170124,000000,0.69,0.69,0.69,0.69,0,0
EVE_PB,D,20170125,000000,0.72,0.72,0.72,0.72,0,0
EVE_PB,D,20170126,000000,0.72,0.72,0.72,0.72,0,0
EVE_PB,D,20170127,000000,0.72,0.72,0.72,0.72,0,0
EVE_PB,D,20170130,000000,0.72,0.72,0.72,0.72,0,0
EVE_PB,D,20170131,000000,0.72,0.72,0.72,0.72,0,0
EVE_PB,D,20170202,000000,0.72,0.72,0.72,0.72,0,0
EVE_PB,D,20170207,000000,0.72,0.72,0.72,0.72,0,0
EVE_PB,D,20170210,000000,0.69,0.69,0.69,0.69,0,0
EVE_PB,D,20170213,000000,0.51,0.51,0.51,0.51,0,0
EVE_PB,D,20170214,000000,0.58,0.62,0.58,0.62,0,0
EVE_PB,D,20170215,000000,0.62,0.62,0.62,0.62,0,0
EVE_PB,D,20170216,000000,0.69,0.69,0.69,0.69,0,0
EVE_PB,D,20170217,000000,0.72,0.72,0.72,0.72,0,0
EVE_PB,D,20170220,000000,0.72,0.76,0.72,0.76,0,0
EVE_PB,D,20170221,000000,0.62,0.62,0.62,0.62,0,0
EVE_PB,D,20170222,000000,0.72,0.72,0.62,0.62,0,0
EVE_PB,D,20170223,000000,0.65,0.65,0.65,0.65,0,0
EVE_PB,D,20170224,000000,0.65,0.72,0.65,0.72,0,0
EVE_PB,D,20170227,000000,0.72,0.72,0.65,0.65,0,0
EVE_PB,D,20170228,000000,0.65,0.65,0.65,0.65,0,0
EVE_PB,D,20170301,000000,0.65,0.65,0.62,0.62,0,0
EVE_PB,D,20170302,000000,0.62,0.62,0.58,0.58,0,0
EVE_PB,D,20170303,000000,0.58,0.58,0.58,0.58,0,0
EVE_PB,D,20170306,000000,0.58,0.58,0.58,0.58,0,0
EVE_PB,D,20170307,000000,0.58,0.58,0.58,0.58,0,0
EVE_PB,D,20170308,000000,0.62,0.62,0.58,0.58,0,0
EVE_PB,D,20170309,000000,0.58,0.58,0.58,0.58,0,0
EVE_PB,D,20170310,000000,0.58,0.58,0.58,0.58,0,0
EVE_PB,D,20170313,000000,0.55,0.55,0.55,0.55,0,0
EVE_PB,D,20170314,000000,0.51,0.51,0.51,0.51,0,0
EVE_PB,D,20170315,000000,0.51,0.51,0.45,0.45,0,0
EVE_PB,D,20170316,000000,0.51,0.51,0.51,0.51,0,0
EVE_PB,D,20170317,000000,0.51,0.51,0.41,0.41,0,0
EVE_PB,D,20170320,000000,0.41,0.45,0.41,0.45,0,0
EVE_PB,D,20170321,000000,0.51,0.51,0.51,0.51,0,0
EVE_PB,D,20170322,000000,0.51,0.51,0.51,0.51,0,0
EVE_PB,D,20170323,000000,0.51,0.51,0.51,0.51,0,0
EVE_PB,D,20170324,000000,0.48,0.78,0.48,0.78,0,0
EVE_PB,D,20170327,000000,0.73,0.84,0.73,0.84,0,0
EVE_PB,D,20170328,000000,0.84,0.84,0.84,0.84,0,0
EVE_PB,D,20170329,000000,0.78,0.78,0.73,0.73,0,0
EVE_PB,D,20170330,000000,0.67,0.67,0.67,0.67,0,0
EVE_PB,D,20170331,000000,0.67,0.73,0.67,0.73,0,0
EVE_PB,D,20170405,000000,0.73,0.73,0.73,0.73,0,0
EVE_PB,D,20170406,000000,0.73,0.73,0.73,0.73,0,0
EVE_PB,D,20170407,000000,0.73,0.73,0.73,0.73,0,0
EVE_PB,D,20170410,000000,0.67,0.67,0.62,0.62,0,0
EVE_PB,D,20170411,000000,0.67,0.67,0.62,0.62,0,0
EVE_PB,D,20170412,000000,0.62,0.62,0.62,0.62,0,0
EVE_PB,D,20170413,000000,0.67,0.67,0.67,0.67,0,0
EVE_PB,D,20170418,000000,0.67,0.67,0.67,0.67,0,0
EVE_PB,D,20170419,000000,0.67,0.67,0.67,0.67,0,0
EVE_PB,D,20170420,000000,0.62,0.62,0.62,0.62,0,0
EVE_PB,D,20170421,000000,0.62,0.62,0.62,0.62,0,0
EVE_PB,D,20170424,000000,0.56,0.56,0.56,0.56,0,0
EVE_PB,D,20170425,000000,0.56,0.56,0.56,0.56,0,0
EVE_PB,D,20170426,000000,0.56,0.62,0.56,0.62,0,0
EVE_PB,D,20170427,000000,0.67,0.67,0.67,0.67,0,0
EVE_PB,D,20170428,000000,0.67,0.67,0.67,0.67,0,0
EVE_PB,D,20170504,000000,0.67,0.67,0.67,0.67,0,0
EVE_PB,D,20170505,000000,0.73,0.73,0.73,0.73,0,0
EVE_PB,D,20170508,000000,0.78,0.78,0.78,0.78,0,0
EVE_PB,D,20170512,000000,0.67,0.67,0.67,0.67,0,0
EVE_PB,D,20170515,000000,0.67,0.67,0.67,0.67,0,0
EVE_PB,D,20170516,000000,0.67,0.67,0.67,0.67,0,0
EVE_PB,D,20170517,000000,0.67,0.67,0.67,0.67,0,0
EVE_PB,D,20170518,000000,0.67,0.67,0.67,0.67,0,0
EVE_PB,D,20170519,000000,0.67,0.67,0.67,0.67,0,0
EVE_PB,D,20170522,000000,0.67,0.67,0.67,0.67,0,0
EVE_PB,D,20170523,000000,0.67,0.67,0.67,0.67,0,0
EVE_PB,D,20170525,000000,0.62,0.62,0.56,0.56,0,0
EVE_PB,D,20170526,000000,0.62,0.67,0.62,0.67,0,0
EVE_PB,D,20170529,000000,0.67,0.67,0.67,0.67,0,0
EVE_PB,D,20170530,000000,0.67,0.67,0.67,0.67,0,0
EVE_PB,D,20170605,000000,0.73,0.73,0.73,0.73,0,0
EVE_PB,D,20170606,000000,0.73,0.79,0.73,0.79,0,0
EVE_PB,D,20170607,000000,0.79,0.79,0.79,0.79,0,0
EVE_PB,D,20170608,000000,0.79,0.79,0.79,0.79,0,0
EVE_PB,D,20170609,000000,0.79,0.79,0.79,0.79,0,0
EVE_PB,D,20170613,000000,0.79,0.79,0.72,0.72,0,0
EVE_PB,D,20170614,000000,0.66,0.66,0.66,0.66,0,0
EVE_PB,D,20170616,000000,0.66,0.66,0.66,0.66,0,0
EVE_PB,D,20170620,000000,0.79,0.79,0.79,0.79,0,0
EVE_PB,D,20170621,000000,0.79,0.79,0.79,0.79,0,0
EVE_PB,D,20170622,000000,0.72,0.72,0.72,0.72,0,0
EVE_PB,D,20170623,000000,0.79,0.79,0.79,0.79,0,0
EVE_PB,D,20170627,000000,0.79,0.79,0.79,0.79,0,0
EVE_PB,D,20170628,000000,0.79,0.79,0.79,0.79,0,0
EVE_PB,D,20170629,000000,0.79,0.79,0.79,0.79,0,0
EVE_PB,D,20170630,000000,0.79,0.79,0.79,0.79,0,0
EVE_PB,D,20170703,000000,0.79,0.79,0.79,0.79,0,0
EVE_PB,D,20170704,000000,0.79,0.79,0.79,0.79,0,0
EVE_PB,D,20170705,000000,0.79,0.79,0.79,0.79,0,0
EVE_PB,D,20170706,000000,0.72,0.9,0.72,0.9,0,0
EVE_PB,D,20170707,000000,0.97,0.97,0.97,0.97,0,0
EVE_PB,D,20170710,000000,0.97,0.97,0.97,0.97,0,0
EVE_PB,D,20170711,000000,0.97,0.97,0.97,0.97,0,0
EVE_PB,D,20170731,000000,1,1,1,1,0,0
EVE_PB,D,20170801,000000,5.97,5.97,0.9,0.9,0,0
EVE_PB,D,20170802,000000,0.9,0.9,0.86,0.9,0,0
EVE_PB,D,20170803,000000,0.8,0.86,0.8,0.8,0,0
EVE_PB,D,20170804,000000,0.8,0.8,0.8,0.8,0,0
EVE_PB,D,20170807,000000,0.86,0.86,0.86,0.86,0,0
EVE_PB,D,20170808,000000,0.86,0.86,0.86,0.86,0,0
EVE_PB,D,20170809,000000,0.79,0.79,0.76,0.77,0,0
EVE_PB,D,20170810,000000,0.76,0.83,0.76,0.83,0,0
EVE_PB,D,20170811,000000,0.76,0.86,0.76,0.86,0,0
EVE_PB,D,20170814,000000,0.86,0.89,0.76,0.76,0,0
EVE_PB,D,20170816,000000,0.76,0.9,0.76,0.9,0,0
EVE_PB,D,20170817,000000,0.93,1,0.93,1,0,0
EVE_PB,D,20170818,000000,1,1,0.82,0.82,0,0
EVE_PB,D,20170821,000000,0.9,0.9,0.83,0.83,0,0
EVE_PB,D,20170822,000000,0.84,0.89,0.84,0.89,0,0
EVE_PB,D,20170823,000000,0.89,0.89,0.83,0.83,0,0
EVE_PB,D,20170824,000000,0.83,0.83,0.83,0.83,0,0
EVE_PB,D,20170825,000000,0.83,0.83,0.83,0.83,0,0
EVE_PB,D,20170828,000000,0.87,0.87,0.87,0.87,0,0
EVE_PB,D,20170829,000000,0.87,0.96,0.87,0.9,0,0
EVE_PB,D,20170904,000000,0.86,0.86,0.86,0.86,0,0
EVE_PB,D,20170905,000000,0.84,0.84,0.84,0.84,0,0
EVE_PB,D,20170906,000000,0.86,0.96,0.86,0.96,0,0
EVE_PB,D,20170907,000000,0.96,0.96,0.86,0.86,0,0
EVE_PB,D,20170908,000000,0.86,0.86,0.86,0.86,0,0
EVE_PB,D,20170911,000000,0.86,0.87,0.86,0.87,0,0
EVE_PB,D,20170913,000000,0.9,0.9,0.9,0.9,0,0
EVE_PB,D,20170914,000000,0.92,0.93,0.92,0.93,0,0
EVE_PB,D,20170915,000000,0.93,0.93,0.93,0.93,0,0
EVE_PB,D,20170918,000000,0.93,0.93,0.89,0.89,0,0
EVE_PB,D,20170919,000000,0.86,0.86,0.84,0.84,0,0
EVE_PB,D,20170920,000000,0.84,0.84,0.84,0.84,0,0
EVE_PB,D,20170921,000000,0.83,0.83,0.83,0.83,0,0
EVE_PB,D,20170922,000000,0.83,0.83,0.83,0.83,0,0
EVE_PB,D,20170925,000000,0.9,0.94,0.9,0.94,0,0
EVE_PB,D,20170926,000000,0.93,0.93,0.93,0.93,0,0
EVE_PB,D,20170927,000000,0.94,0.96,0.94,0.96,0,0
EVE_PB,D,20170928,000000,0.96,0.96,0.96,0.96,0,0
EVE_PB,D,20170929,000000,1.07,1.07,1.07,1.07,0,0
EVE_PB,D,20171002,000000,1.07,1.13,1.07,1.09,0,0
EVE_PB,D,20171003,000000,1.07,1.15,0.96,1.15,0,0
EVE_PB,D,20171004,000000,1,1.12,1,1.12,0,0
EVE_PB,D,20171005,000000,1.12,1.12,1.12,1.12,0,0
EVE_PB,D,20171006,000000,1.12,1.12,1.12,1.12,0,0
EVE_PB,D,20171009,000000,1.12,1.12,1.11,1.11,0,0
EVE_PB,D,20171010,000000,1.11,1.11,1.11,1.11,0,0
EVE_PB,D,20171011,000000,1.1,1.17,1.1,1.17,0,0
EVE_PB,D,20171012,000000,1.17,1.17,1.17,1.17,0,0
EVE_PB,D,20171013,000000,1.03,1.12,1.03,1.12,0,0
EVE_PB,D,20171016,000000,1.06,1.12,1.06,1.06,0,0
EVE_PB,D,20171017,000000,1.06,1.07,1.06,1.07,0,0
EVE_PB,D,20171018,000000,1.12,1.15,1.12,1.15,0,0
EVE_PB,D,20171019,000000,1.15,1.15,1.15,1.15,0,0
EVE_PB,D,20171020,000000,1.14,1.14,1.06,1.14,0,0
EVE_PB,D,20171023,000000,1.14,1.14,1.14,1.14,0,0
EVE_PB,D,20171024,000000,1.14,1.14,1.14,1.14,0,0
EVE_PB,D,20171025,000000,1.14,1.14,1.14,1.14,0,0
EVE_PB,D,20171026,000000,1,1,1,1,0,0
EVE_PB,D,20171027,000000,1.06,1.06,1,1.06,0,0
EVE_PB,D,20171030,000000,0.99,1.06,0.95,0.96,0,0
EVE_PB,D,20171102,000000,1,1.03,1,1.03,0,0
EVE_PB,D,20171103,000000,1.03,1.03,1.02,1.02,0,0
EVE_PB,D,20171106,000000,1.02,1.02,1.02,1.02,0,0
EVE_PB,D,20171107,000000,0.95,0.95,0.91,0.91,0,0
EVE_PB,D,20171108,000000,0.91,0.91,0.91,0.91,0,0
EVE_PB,D,20171109,000000,0.91,0.91,0.88,0.88,0,0
EVE_PB,D,20171110,000000,0.86,0.86,0.85,0.85,0,0
EVE_PB,D,20171113,000000,0.89,0.89,0.89,0.89,0,0
EVE_PB,D,20171114,000000,0.89,0.89,0.85,0.85,0,0
EVE_PB,D,20171115,000000,0.85,0.85,0.78,0.78,0,0
EVE_PB,D,20171117,000000,0.85,0.85,0.78,0.85,0,0
EVE_PB,D,20171122,000000,0.85,0.87,0.85,0.87,0,0
EVE_PB,D,20171123,000000,0.87,0.87,0.87,0.87,0,0
EVE_PB,D,20171128,000000,0.87,0.87,0.87,0.87,0,0
EVE_PB,D,20171129,000000,0.87,0.99,0.87,0.99,0,0
EVE_PB,D,20171205,000000,0.86,0.86,0.86,0.86,0,0
EVE_PB,D,20171206,000000,0.86,0.86,0.86,0.86,0,0
EVE_PB,D,20171208,000000,0.88,0.88,0.86,0.87,0,0
EVE_PB,D,20171211,000000,0.87,0.87,0.87,0.87,0,0
EVE_PB,D,20171213,000000,0.86,0.86,0.86,0.86,0,0
EVE_PB,D,20171214,000000,0.86,0.86,0.86,0.86,0,0
EVE_PB,D,20171215,000000,0.86,0.86,0.86,0.86,0,0
EVE_PB,D,20171218,000000,0.86,0.86,0.86,0.86,0,0
EVE_PB,D,20171219,000000,0.86,0.88,0.86,0.88,0,0
EVE_PB,D,20171220,000000,0.86,0.86,0.86,0.86,0,0
EVE_PB,D,20171221,000000,0.86,0.86,0.82,0.82,0,0
EVE_PB,D,20171222,000000,0.88,0.88,0.82,0.88,0,0
EVE_PB,D,20171227,000000,0.87,0.87,0.87,0.87,0,0
EVE_PB,D,20171228,000000,0.87,0.87,0.87,0.87,0,0
EVE_PB,D,20171229,000000,0.87,0.87,0.87,0.87,0,0
EVE_PB,D,20180105,000000,0.88,0.88,0.87,0.88,0,0
EVE_PB,D,20180112,000000,0.88,0.95,0.88,0.95,0,0
EVE_PB,D,20180115,000000,0.96,0.99,0.96,0.99,0,0
EVE_PB,D,20180116,000000,0.99,0.99,0.97,0.97,0,0
EVE_PB,D,20180117,000000,0.97,0.97,0.88,0.88,0,0
EVE_PB,D,20180118,000000,0.88,0.88,0.88,0.88,0,0
EVE_PB,D,20180119,000000,0.95,0.95,0.95,0.95,0,0
EVE_PB,D,20180122,000000,0.93,0.93,0.9,0.9,0,0
EVE_PB,D,20180123,000000,0.9,0.9,0.9,0.9,0,0
EVE_PB,D,20180124,000000,0.88,0.88,0.88,0.88,0,0
EVE_PB,D,20180125,000000,0.97,0.97,0.88,0.88,0,0
EVE_PB,D,20180126,000000,0.93,0.97,0.93,0.97,0,0
EVE_PB,D,20180129,000000,0.95,0.95,0.93,0.93,0,0
EVE_PB,D,20180130,000000,0.93,0.93,0.93,0.93,0,0
EVE_PB,D,20180131,000000,0.93,0.93,0.9,0.9,0,0
EVE_PB,D,20180201,000000,0.9,0.9,0.9,0.9,0,0
EVE_PB,D,20180202,000000,0.9,0.9,0.9,0.9,0,0
EVE_PB,D,20180205,000000,0.9,0.9,0.9,0.9,0,0
EVE_PB,D,20180206,000000,0.91,0.96,0.91,0.96,0,0
EVE_PB,D,20180208,000000,0.96,0.96,0.82,0.82,0,0
EVE_PB,D,20180209,000000,0.82,0.82,0.82,0.82,0,0
EVE_PB,D,20180215,000000,0.8,0.8,0.76,0.76,0,0
EVE_PB,D,20180216,000000,0.72,0.72,0.7,0.7,0,0
EVE_PB,D,20180221,000000,0.68,0.7,0.64,0.64,0,0
EVE_PB,D,20180222,000000,0.64,0.64,0.64,0.64,0,0
EVE_PB,D,20180223,000000,0.64,0.64,0.64,0.64,0,0
EVE_PB,D,20180226,000000,0.64,0.64,0.64,0.64,0,0
EVE_PB,D,20180227,000000,0.64,0.74,0.64,0.74,0,0
EVE_PB,D,20180228,000000,0.74,0.74,0.74,0.74,0,0
EVE_PB,D,20180301,000000,0.74,0.74,0.74,0.74,0,0
EVE_PB,D,20180302,000000,0.74,0.74,0.74,0.74,0,0
EVE_PB,D,20180305,000000,0.75,0.75,0.74,0.74,0,0
EVE_PB,D,20180307,000000,0.75,0.75,0.74,0.75,0,0
EVE_PB,D,20180308,000000,0.75,0.75,0.75,0.75,0,0
EVE_PB,D,20180309,000000,0.75,0.8,0.75,0.8,0,0
EVE_PB,D,20180315,000000,0.8,0.8,0.8,0.8,0,0
EVE_PB,D,20180316,000000,0.8,0.8,0.8,0.8,0,0
EVE_PB,D,20180319,000000,0.8,0.8,0.8,0.8,0,0
EVE_PB,D,20180320,000000,0.8,0.8,0.8,0.8,0,0
EVE_PB,D,20180321,000000,0.8,0.8,0.7,0.7,0,0
EVE_PB,D,20180322,000000,0.68,0.68,0.64,0.64,0,0
EVE_PB,D,20180323,000000,0.64,0.64,0.64,0.64,0,0
EVE_PB,D,20180327,000000,0.64,0.64,0.64,0.64,0,0
EVE_PB,D,20180328,000000,0.64,0.64,0.64,0.64,0,0
EVE_PB,D,20180329,000000,0.64,0.64,0.64,0.64,0,0
EVE_PB,D,20180403,000000,0.64,0.64,0.64,0.64,0,0
EVE_PB,D,20180404,000000,0.64,0.64,0.64,0.64,0,0
EVE_PB,D,20180405,000000,0.64,0.64,0.64,0.64,0,0
EVE_PB,D,20180406,000000,0.64,0.64,0.64,0.64,0,0
EVE_PB,D,20180409,000000,0.64,0.64,0.64,0.64,0,0
EVE_PB,D,20180410,000000,0.64,0.64,0.59,0.59,0,0
EVE_PB,D,20180413,000000,0.63,0.64,0.59,0.64,0,0
EVE_PB,D,20180416,000000,0.66,0.66,0.63,0.63,0,0
EVE_PB,D,20180417,000000,0.63,0.63,0.63,0.63,0,0
EVE_PB,D,20180418,000000,0.63,0.68,0.63,0.68,0,0
EVE_PB,D,20180419,000000,0.68,0.68,0.68,0.68,0,0
EVE_PB,D,20180420,000000,0.68,0.68,0.68,0.68,0,0
EVE_PB,D,20180423,000000,0.68,0.68,0.68,0.68,0,0
EVE_PB,D,20180424,000000,0.75,0.75,0.75,0.75,0,0
EVE_PB,D,20180522,000000,0.81,0.81,0.81,0.81,0,0
EVE_PB,D,20180523,000000,0.81,0.81,0.81,0.81,0,0
EVE_PB,D,20180524,000000,0.81,0.81,0.81,0.81,0,0
EVE_PB,D,20180525,000000,0.81,0.88,0.81,0.88,0,0
EVE_PB,D,20180528,000000,0.88,0.88,0.81,0.82,0,0
EVE_PB,D,20180529,000000,0.82,0.84,0.82,0.84,0,0
EVE_PB,D,20180530,000000,0.85,0.88,0.85,0.88,0,0
EVE_PB,D,20180601,000000,0.88,0.88,0.88,0.88,0,0
EVE_PB,D,20180604,000000,0.88,0.88,0.88,0.88,0,0
EVE_PB,D,20180605,000000,0.88,0.88,0.88,0.88,0,0
EVE_PB,D,20180606,000000,0.88,0.88,0.88,0.88,0,0
EVE_PB,D,20180613,000000,0.88,0.88,0.88,0.88,0,0
EVE_PB,D,20180614,000000,0.82,0.82,0.81,0.81,0,0
EVE_PB,D,20180615,000000,0.81,0.81,0.81,0.81,0,0
EVE_PB,D,20180618,000000,0.81,0.85,0.81,0.85,0,0
EVE_PB,D,20180619,000000,0.88,0.89,0.88,0.89,0,0
EVE_PB,D,20180620,000000,0.89,0.96,0.89,0.96,0,0
EVE_PB,D,20180621,000000,1.04,1.12,1.04,1.12,0,0
EVE_PB,D,20180622,000000,1.12,1.12,1.12,1.12,0,0
EVE_PB,D,20180625,000000,1.12,1.12,1.12,1.12,0,0
EVE_PB,D,20180626,000000,1.12,1.12,1.12,1.12,0,0
EVE_PB,D,20180627,000000,1.12,1.12,1.12,1.12,0,0
EVE_PB,D,20180628,000000,1.12,1.12,1.12,1.12,0,0
EVE_PB,D,20180629,000000,1.12,1.12,1.12,1.12,0,0
EVE_PB,D,20180702,000000,1.02,1.02,1.02,1.02,0,0
EVE_PB,D,20180703,000000,0.93,1.11,0.93,1.11,0,0
EVE_PB,D,20180704,000000,1.11,1.11,1.11,1.11,0,0
EVE_PB,D,20180705,000000,1.01,1.11,1.01,1.11,0,0
EVE_PB,D,20180706,000000,1.11,1.11,1.11,1.11,0,0
EVE_PB,D,20180709,000000,1.11,1.11,1.11,1.11,0,0
EVE_PB,D,20180710,000000,1.11,1.11,1.11,1.11,0,0
EVE_PB,D,20180711,000000,1.11,1.18,1.11,1.18,0,0
EVE_PB,D,20180712,000000,1.18,1.18,1.18,1.18,0,0
EVE_PB,D,20180713,000000,1.18,1.18,1.18,1.18,0,0
EVE_PB,D,20180716,000000,1.18,1.18,1.18,1.18,0,0
EVE_PB,D,20180717,000000,1.18,1.18,1.18,1.18,0,0
EVE_PB,D,20180718,000000,1.15,1.15,1.15,1.15,0,0
EVE_PB,D,20180720,000000,1.12,1.12,1.12,1.12,0,0
EVE_PB,D,20180723,000000,1.01,1.01,1.01,1.01,0,0
EVE_PB,D,20180724,000000,1.02,1.02,1.02,1.02,0,0
EVE_PB,D,20180725,000000,1.02,1.02,1.01,1.01,0,0
EVE_PB,D,20180726,000000,1.01,1.01,1.01,1.01,0,0
EVE_PB,D,20180727,000000,1.01,1.01,1.01,1.01,0,0
EVE_PB,D,20180730,000000,1.01,1.01,1.01,1.01,0,0
EVE_PB,D,20180801,000000,1.01,1.01,1.01,1.01,0,0
EVE_PB,D,20180802,000000,1.01,1.01,1.01,1.01,0,0
EVE_PB,D,20180803,000000,1.01,1.01,1.01,1.01,0,0
EVE_PB,D,20180806,000000,1.01,1.01,1.01,1.01,0,0
EVE_PB,D,20180807,000000,1.01,1.01,1.01,1.01,0,0
EVE_PB,D,20180809,000000,0.99,0.99,0.99,0.99,0,0
EVE_PB,D,20180810,000000,0.98,0.98,0.98,0.98,0,0
EVE_PB,D,20180814,000000,0.94,0.94,0.94,0.94,0,0
EVE_PB,D,20180816,000000,0.94,0.94,0.94,0.94,0,0
EVE_PB,D,20180817,000000,0.94,0.94,0.94,0.94,0,0
EVE_PB,D,20180820,000000,0.94,0.94,0.93,0.93,0,0
EVE_PB,D,20180821,000000,0.91,0.91,0.91,0.91,0,0
EVE_PB,D,20180823,000000,0.88,0.88,0.84,0.84,0,0
EVE_PB,D,20180824,000000,0.84,0.84,0.84,0.84,0,0
EVE_PB,D,20180827,000000,0.84,0.93,0.76,0.93,0,0
EVE_PB,D,20180828,000000,0.93,1.01,0.93,1.01,0,0
EVE_PB,D,20180831,000000,1.01,1.01,1.01,1.01,0,0
EVE_PB,D,20180906,000000,0.89,0.89,0.89,0.89,0,0
EVE_PB,D,20180907,000000,0.91,0.91,0.91,0.91,0,0
EVE_PB,D,20180910,000000,0.94,0.99,0.94,0.99,0,0
EVE_PB,D,20180911,000000,0.99,0.99,0.99,0.99,0,0
EVE_PB,D,20180913,000000,0.94,0.98,0.94,0.98,0,0
EVE_PB,D,20180914,000000,0.98,0.99,0.98,0.99,0,0
EVE_PB,D,20180917,000000,0.99,0.99,0.99,0.99,0,0
EVE_PB,D,20180918,000000,0.99,0.99,0.99,0.99,0,0
EVE_PB,D,20180919,000000,0.99,1.06,0.99,0.99,0,0
EVE_PB,D,20180920,000000,0.98,0.98,0.98,0.98,0,0
EVE_PB,D,20180921,000000,1.01,1.06,1.01,1.06,0,0
EVE_PB,D,20180924,000000,1.01,1.06,1.01,1.06,0,0
EVE_PB,D,20180925,000000,1.06,1.11,1.06,1.11,0,0
EVE_PB,D,20180926,000000,1.09,1.09,1.01,1.01,0,0
EVE_PB,D,20180927,000000,1.01,1.01,1.01,1.01,0,0
EVE_PB,D,20180928,000000,1.01,1.02,1.01,1.02,0,0
EVE_PB,D,20181001,000000,1.01,1.01,1.01,1.01,0,0
EVE_PB,D,20181002,000000,1.01,1.02,1.01,1.02,0,0
EVE_PB,D,20181003,000000,1.01,1.1,1.01,1.1,0,0
EVE_PB,D,20181004,000000,1.1,1.1,1.1,1.1,0,0
EVE_PB,D,20181005,000000,1.1,1.1,1.1,1.1,0,0
EVE_PB,D,20181008,000000,1.15,1.15,1.15,1.15,0,0
EVE_PB,D,20181010,000000,1.11,1.11,1.11,1.11,0,0
EVE_PB,D,20181011,000000,1.11,1.25,1.11,1.25,0,0
EVE_PB,D,20181016,000000,1.25,1.25,1.25,1.25,0,0
EVE_PB,D,20181022,000000,1.13,1.13,1.13,1.13,0,0
EVE_PB,D,20181023,000000,1.13,1.13,1.13,1.13,0,0
EVE_PB,D,20181024,000000,1.13,1.13,1.13,1.13,0,0
EVE_PB,D,20181025,000000,1.13,1.13,1.13,1.13,0,0
EVE_PB,D,20181026,000000,1.1,1.1,1.1,1.1,0,0
EVE_PB,D,20181029,000000,1.1,1.1,1.1,1.1,0,0
EVE_PB,D,20181030,000000,1.1,1.13,1.1,1.13,0,0
EVE_PB,D,20181031,000000,1.1,1.13,1.1,1.1,0,0
EVE_PB,D,20181102,000000,1.1,1.1,1.1,1.1,0,0
EVE_PB,D,20181106,000000,1.06,1.06,1.06,1.06,0,0
EVE_PB,D,20181107,000000,1.06,1.06,1.06,1.06,0,0
EVE_PB,D,20181109,000000,1.06,1.06,1.06,1.06,0,0
EVE_PB,D,20181113,000000,1.06,1.06,1.06,1.06,0,0
EVE_PB,D,20181114,000000,1.06,1.06,1.06,1.06,0,0
EVE_PB,D,20181115,000000,1.06,1.06,1.06,1.06,0,0
EVE_PB,D,20181116,000000,1.06,1.06,1.06,1.06,0,0
EVE_PB,D,20181119,000000,1.06,1.06,1.06,1.06,0,0
EVE_PB,D,20181120,000000,1.06,1.06,1.06,1.06,0,0
EVE_PB,D,20181121,000000,1.06,1.06,1.06,1.06,0,0
EVE_PB,D,20181122,000000,1.1,1.1,1.1,1.1,0,0
EVE_PB,D,20181126,000000,1.1,1.1,1.1,1.1,0,0
EVE_PB,D,20181127,000000,1.1,1.1,1.1,1.1,0,0
EVE_PB,D,20181128,000000,1.1,1.11,1.1,1.1,0,0
EVE_PB,D,20181203,000000,1.13,1.13,1.1,1.1,0,0
EVE_PB,D,20201005,000000,31.25,31.25,31.25,31.25,0,0
EVE_PB,D,20201006,000000,30.36,30.95,30.36,30.65,0,0
EVE_PB,D,20201007,000000,31.25,31.25,29.02,30.36,0,0
EVE_PB,D,20201008,000000,30.95,31.25,29.76,30.06,0,0
EVE_PB,D,20201009,000000,28.13,30.95,28.13,30.95,0,0
EVE_PB,D,20201012,000000,30.95,32.74,30.95,32.44,0,0
EVE_PB,D,20201013,000000,32.44,32.44,30.65,30.65,0,0
EVE_PB,D,20201014,000000,30.65,32.14,30.06,30.95,0,0
EVE_PB,D,20201015,000000,30.65,30.65,27.98,29.76,0,0
EVE_PB,D,20201016,000000,29.46,29.46,26.79,28.13,0,0
