<TICKER>,<PER>,<DATE>,<TIME>,<OPEN>,<HIGH>,<LOW>,<CLOSE>,<VOL>,<OPENINT>
I2D_PE,D,20160607,000000,9.3255,9.3255,9.3255,9.3255,0,0
I2D_PE,D,20160608,000000,9.3255,9.3255,9.2413,9.2413,0,0
I2D_PE,D,20160609,000000,9.2413,9.746,9.2413,9.746,0,0
I2D_PE,D,20160615,000000,9.3255,9.746,9.3255,9.661,0,0
I2D_PE,D,20160616,000000,9.2413,9.661,9.2413,9.661,0,0
I2D_PE,D,20160620,000000,9.661,9.661,9.4088,9.493,0,0
I2D_PE,D,20160621,000000,9.4088,9.661,9.4088,9.577,0,0
I2D_PE,D,20160630,000000,8.9054,9.2413,8.9054,9.2413,0,0
I2D_PE,D,20160701,000000,9.4088,9.4088,9.3255,9.3255,0,0
I2D_PE,D,20160706,000000,9.0729,9.4088,9.0729,9.4088,0,0
I2D_PE,D,20160707,000000,9.4088,9.4088,9.4088,9.4088,0,0
I2D_PE,D,20160708,000000,9.2413,9.2413,9.2413,9.2413,0,0
I2D_PE,D,20160713,000000,9.2413,9.2413,9.2413,9.2413,0,0
I2D_PE,D,20160714,000000,9.2413,9.2413,9.2413,9.2413,0,0
I2D_PE,D,20160715,000000,9.2413,9.2413,9.2413,9.2413,0,0
I2D_PE,D,20160719,000000,9.4088,9.4088,9.4088,9.4088,0,0
I2D_PE,D,20160722,000000,9.661,9.746,9.661,9.746,0,0
I2D_PE,D,20160725,000000,9.493,9.746,9.493,9.661,0,0
I2D_PE,D,20160726,000000,9.661,9.746,9.2413,9.746,0,0
I2D_PE,D,20160727,000000,9.4088,9.661,9.4088,9.661,0,0
I2D_PE,D,20160728,000000,9.493,9.577,9.4088,9.577,0,0
I2D_PE,D,20160729,000000,9.4088,9.4088,9.4088,9.4088,0,0
I2D_PE,D,20160801,000000,9.3255,9.3255,9.3255,9.3255,0,0
I2D_PE,D,20160802,000000,9.3255,9.3255,9.3255,9.3255,0,0
I2D_PE,D,20160805,000000,9.3255,9.3255,9.1571,9.2413,0,0
I2D_PE,D,20160808,000000,9.2413,9.2413,9.2413,9.2413,0,0
I2D_PE,D,20160809,000000,9.2413,9.493,9.2413,9.4088,0,0
I2D_PE,D,20160811,000000,9.2413,9.2413,9.1571,9.2413,0,0
I2D_PE,D,20160812,000000,9.2413,9.2413,9.2413,9.2413,0,0
I2D_PE,D,20160824,000000,9.493,9.493,9.1571,9.1571,0,0
I2D_PE,D,20160826,000000,9.1571,9.1571,9.1571,9.1571,0,0
I2D_PE,D,20160830,000000,9.3255,9.3255,9.3255,9.3255,0,0
I2D_PE,D,20160902,000000,9.1571,9.1571,9.1571,9.1571,0,0
I2D_PE,D,20160905,000000,9.1571,9.1571,6.3849,6.3849,0,0
I2D_PE,D,20160908,000000,6.2168,6.3849,6.2168,6.3849,0,0
I2D_PE,D,20160909,000000,6.2168,6.3849,6.2168,6.3849,0,0
I2D_PE,D,20160912,000000,6.3849,6.3849,6.3849,6.3849,0,0
I2D_PE,D,20160913,000000,6.3849,6.3849,6.3849,6.3849,0,0
I2D_PE,D,20160914,000000,6.3849,6.3849,6.3849,6.3849,0,0
I2D_PE,D,20160921,000000,6.3849,6.3849,6.3849,6.3849,0,0
I2D_PE,D,20160922,000000,6.4689,6.5528,6.4689,6.4689,0,0
I2D_PE,D,20160923,000000,6.4689,6.8889,6.4689,6.8049,0,0
I2D_PE,D,20160926,000000,6.8049,6.8049,6.7209,6.8049,0,0
I2D_PE,D,20160927,000000,6.8049,6.8889,6.8049,6.8889,0,0
I2D_PE,D,20160928,000000,6.7209,6.7209,6.7209,6.7209,0,0
I2D_PE,D,20160929,000000,6.7209,7.1409,6.7209,7.0569,0,0
I2D_PE,D,20160930,000000,6.8889,6.8889,6.8049,6.8049,0,0
I2D_PE,D,20161003,000000,6.8889,6.9729,6.8889,6.9729,0,0
I2D_PE,D,20161004,000000,6.9729,6.9729,6.9729,6.9729,0,0
I2D_PE,D,20161005,000000,6.9729,6.9729,6.9729,6.9729,0,0
I2D_PE,D,20161006,000000,6.9729,7.225,6.9729,7.225,0,0
I2D_PE,D,20161007,000000,7.225,7.225,7.0569,7.0569,0,0
I2D_PE,D,20161010,000000,7.1409,7.225,7.0569,7.225,0,0
I2D_PE,D,20161011,000000,7.225,7.3929,7.0569,7.0569,0,0
I2D_PE,D,20161013,000000,7.0569,7.309,6.9729,7.309,0,0
I2D_PE,D,20161014,000000,7.309,7.309,7.0569,7.0569,0,0
I2D_PE,D,20161017,000000,6.9729,7.1409,6.9729,7.1409,0,0
I2D_PE,D,20161018,000000,7.0569,7.0569,7.0569,7.0569,0,0
I2D_PE,D,20161019,000000,6.9729,6.9729,6.9729,6.9729,0,0
I2D_PE,D,20161020,000000,7.1409,7.1409,7.1409,7.1409,0,0
I2D_PE,D,20161021,000000,7.1409,7.1409,7.1409,7.1409,0,0
I2D_PE,D,20161024,000000,7.0569,7.0569,7.0569,7.0569,0,0
I2D_PE,D,20161025,000000,7.0569,7.0569,6.9729,6.9729,0,0
I2D_PE,D,20161027,000000,6.9729,6.9729,6.9729,6.9729,0,0
I2D_PE,D,20161028,000000,6.9729,6.9729,6.9729,6.9729,0,0
I2D_PE,D,20161031,000000,7.0569,7.0569,7.0569,7.0569,0,0
I2D_PE,D,20161102,000000,6.9729,6.9729,6.9729,6.9729,0,0
I2D_PE,D,20161103,000000,6.9729,7.1409,6.8889,7.1409,0,0
I2D_PE,D,20161108,000000,6.8889,7.309,6.8889,7.309,0,0
I2D_PE,D,20161109,000000,6.9729,6.9729,6.9729,6.9729,0,0
I2D_PE,D,20161110,000000,7.309,7.309,7.309,7.309,0,0
I2D_PE,D,20161114,000000,7.309,7.309,7.309,7.309,0,0
I2D_PE,D,20161115,000000,6.9729,6.9729,6.9729,6.9729,0,0
I2D_PE,D,20161116,000000,6.8889,6.9729,6.8889,6.9729,0,0
I2D_PE,D,20161117,000000,6.7209,7.0569,6.7209,7.0569,0,0
I2D_PE,D,20161122,000000,6.8889,6.8889,6.8889,6.8889,0,0
I2D_PE,D,20161123,000000,7.1409,7.1409,6.8889,6.8889,0,0
I2D_PE,D,20161124,000000,6.8889,6.9729,6.8889,6.9729,0,0
I2D_PE,D,20161125,000000,6.9729,6.9729,6.8049,6.8889,0,0
I2D_PE,D,20161128,000000,6.8889,6.8889,6.8889,6.8889,0,0
I2D_PE,D,20161129,000000,7.0569,7.0569,7.0569,7.0569,0,0
I2D_PE,D,20161130,000000,7.0569,7.0569,6.9729,6.9729,0,0
I2D_PE,D,20161201,000000,6.9729,6.9729,6.9729,6.9729,0,0
I2D_PE,D,20161202,000000,6.9729,6.9729,6.8049,6.9729,0,0
I2D_PE,D,20161205,000000,6.9729,6.9729,6.9729,6.9729,0,0
I2D_PE,D,20161206,000000,6.9729,6.9729,6.8049,6.8049,0,0
I2D_PE,D,20161207,000000,6.8049,6.8049,6.8049,6.8049,0,0
I2D_PE,D,20161208,000000,6.8049,6.8049,6.5528,6.8049,0,0
I2D_PE,D,20161209,000000,6.8049,6.9729,6.8049,6.9729,0,0
I2D_PE,D,20161212,000000,6.9729,6.9729,6.9729,6.9729,0,0
I2D_PE,D,20161213,000000,6.9729,6.9729,6.9729,6.9729,0,0
I2D_PE,D,20161214,000000,6.9729,6.9729,6.9729,6.9729,0,0
I2D_PE,D,20161215,000000,6.9729,6.9729,6.8049,6.8889,0,0
I2D_PE,D,20161216,000000,6.8889,6.8889,6.8889,6.8889,0,0
I2D_PE,D,20161219,000000,6.9729,6.9729,6.8889,6.9729,0,0
I2D_PE,D,20161220,000000,6.9729,6.9729,6.7209,6.7209,0,0
I2D_PE,D,20161221,000000,6.8049,6.8049,6.7209,6.7209,0,0
I2D_PE,D,20161222,000000,6.8889,6.8889,6.7209,6.7209,0,0
I2D_PE,D,20161223,000000,6.7209,6.7209,6.6369,6.7209,0,0
I2D_PE,D,20161228,000000,6.8049,6.8049,6.7209,6.7209,0,0
I2D_PE,D,20161229,000000,6.8049,6.8049,6.5528,6.5528,0,0
I2D_PE,D,20161230,000000,6.5528,6.5528,6.5528,6.5528,0,0
I2D_PE,D,20170102,000000,6.5528,6.5528,6.5528,6.5528,0,0
I2D_PE,D,20170103,000000,6.6369,6.7209,6.5528,6.7209,0,0
I2D_PE,D,20170105,000000,6.5528,6.7209,6.5528,6.5528,0,0
I2D_PE,D,20170110,000000,6.5528,6.6369,6.5528,6.6369,0,0
I2D_PE,D,20170111,000000,6.7209,6.7209,6.6369,6.6369,0,0
I2D_PE,D,20170112,000000,6.7209,6.7209,6.7209,6.7209,0,0
I2D_PE,D,20170113,000000,6.7209,6.7209,6.7209,6.7209,0,0
I2D_PE,D,20170116,000000,6.5528,6.7209,6.5528,6.5528,0,0
I2D_PE,D,20170117,000000,6.6369,6.7209,6.5528,6.5528,0,0
I2D_PE,D,20170118,000000,6.7209,6.7209,6.5528,6.7209,0,0
I2D_PE,D,20170119,000000,6.7209,6.7209,6.5528,6.5528,0,0
I2D_PE,D,20170120,000000,6.7209,6.7209,6.7209,6.7209,0,0
I2D_PE,D,20170123,000000,6.7209,6.7209,6.7209,6.7209,0,0
I2D_PE,D,20170124,000000,6.7209,6.7209,6.7209,6.7209,0,0
I2D_PE,D,20170125,000000,6.7209,6.7209,6.7209,6.7209,0,0
I2D_PE,D,20170126,000000,6.7209,6.7209,6.7209,6.7209,0,0
I2D_PE,D,20170127,000000,6.7209,6.7209,6.5528,6.7209,0,0
I2D_PE,D,20170130,000000,6.7209,6.7209,6.7209,6.7209,0,0
I2D_PE,D,20170131,000000,6.7209,6.7209,6.7209,6.7209,0,0
I2D_PE,D,20170201,000000,6.7209,6.7209,6.7209,6.7209,0,0
I2D_PE,D,20170202,000000,6.7209,6.7209,6.5528,6.5528,0,0
I2D_PE,D,20170203,000000,6.6369,6.6369,6.5528,6.5528,0,0
I2D_PE,D,20170206,000000,6.4689,6.4689,6.4689,6.4689,0,0
I2D_PE,D,20170207,000000,6.5528,6.5528,6.5528,6.5528,0,0
I2D_PE,D,20170209,000000,6.4689,6.4689,6.3849,6.3849,0,0
I2D_PE,D,20170210,000000,6.5528,6.5528,6.5528,6.5528,0,0
I2D_PE,D,20170213,000000,6.5528,6.5528,6.5528,6.5528,0,0
I2D_PE,D,20170214,000000,6.5528,6.5528,6.5528,6.5528,0,0
I2D_PE,D,20170215,000000,6.5528,6.5528,6.5528,6.5528,0,0
I2D_PE,D,20170216,000000,6.3849,6.3849,5.9648,6.3849,0,0
I2D_PE,D,20170217,000000,6.5528,6.5528,6.5528,6.5528,0,0
I2D_PE,D,20170220,000000,6.5528,6.5528,6.4689,6.4689,0,0
I2D_PE,D,20170221,000000,6.4689,6.5528,6.4689,6.5528,0,0
I2D_PE,D,20170222,000000,6.5528,6.5528,6.4689,6.4689,0,0
I2D_PE,D,20170223,000000,6.4689,6.5528,6.4689,6.5528,0,0
I2D_PE,D,20170224,000000,6.3849,6.4689,6.3849,6.4689,0,0
I2D_PE,D,20170227,000000,6.6369,6.6369,6.4689,6.4689,0,0
I2D_PE,D,20170228,000000,6.6369,6.6369,6.5528,6.5528,0,0
I2D_PE,D,20170301,000000,6.3008,6.5528,6.3008,6.5528,0,0
I2D_PE,D,20170303,000000,6.3849,6.3849,6.3849,6.3849,0,0
I2D_PE,D,20170306,000000,6.3849,6.5528,6.3849,6.5528,0,0
I2D_PE,D,20170307,000000,6.3008,6.3008,6.3008,6.3008,0,0
I2D_PE,D,20170308,000000,6.4689,6.4689,6.3008,6.3008,0,0
I2D_PE,D,20170309,000000,6.4689,6.4689,6.4689,6.4689,0,0
I2D_PE,D,20170310,000000,6.4689,6.4689,6.4689,6.4689,0,0
I2D_PE,D,20170313,000000,6.3849,6.3849,6.3849,6.3849,0,0
I2D_PE,D,20170314,000000,6.3849,6.3849,6.3849,6.3849,0,0
I2D_PE,D,20170315,000000,6.2168,6.5528,6.2168,6.2168,0,0
I2D_PE,D,20170316,000000,6.2168,6.3849,6.2168,6.3849,0,0
I2D_PE,D,20170317,000000,6.3849,6.3849,6.2168,6.2168,0,0
I2D_PE,D,20170320,000000,6.2168,6.2168,6.1328,6.1328,0,0
I2D_PE,D,20170321,000000,6.1328,6.1328,6.1328,6.1328,0,0
I2D_PE,D,20170322,000000,6.1328,6.1328,5.7968,5.9648,0,0
I2D_PE,D,20170323,000000,5.8808,6.3008,5.8808,6.2168,0,0
I2D_PE,D,20170324,000000,6.2168,6.5528,6.2168,6.3849,0,0
I2D_PE,D,20170327,000000,6.3849,6.3849,6.3008,6.3008,0,0
I2D_PE,D,20170328,000000,6.4689,6.4689,6.4689,6.4689,0,0
I2D_PE,D,20170329,000000,6.4689,6.4689,6.3849,6.4689,0,0
I2D_PE,D,20170330,000000,6.3849,6.3849,6.3849,6.3849,0,0
I2D_PE,D,20170331,000000,6.3849,6.3849,6.3849,6.3849,0,0
I2D_PE,D,20170403,000000,6.4689,6.4689,6.3849,6.3849,0,0
I2D_PE,D,20170404,000000,6.3849,6.3849,6.3849,6.3849,0,0
I2D_PE,D,20170405,000000,6.2168,6.3008,6.2168,6.3008,0,0
I2D_PE,D,20170406,000000,6.2168,6.2168,6.1328,6.1328,0,0
I2D_PE,D,20170407,000000,6.1328,6.1328,6.1328,6.1328,0,0
I2D_PE,D,20170410,000000,6.3849,6.4689,6.3849,6.4689,0,0
I2D_PE,D,20170411,000000,6.4689,6.4689,6.3849,6.3849,0,0
I2D_PE,D,20170412,000000,6.4689,6.4689,6.4689,6.4689,0,0
I2D_PE,D,20170418,000000,6.4689,6.4689,6.4689,6.4689,0,0
I2D_PE,D,20170420,000000,6.4689,26.043,6.3849,26.043,0,0
I2D_PE,D,20170421,000000,26.296,26.799,26.296,26.379,0,0
I2D_PE,D,20170424,000000,26.799,26.799,26.127,26.632,0,0
I2D_PE,D,20170425,000000,26.296,26.799,26.296,26.379,0,0
I2D_PE,D,20170426,000000,26.548,26.548,26.212,26.379,0,0
I2D_PE,D,20170427,000000,26.548,26.799,26.212,26.379,0,0
I2D_PE,D,20170428,000000,26.379,26.799,26.379,26.715,0,0
I2D_PE,D,20170502,000000,26.799,26.799,26.715,26.799,0,0
I2D_PE,D,20170504,000000,26.799,27.724,26.799,27.471,0,0
I2D_PE,D,20170505,000000,27.64,27.724,27.304,27.724,0,0
I2D_PE,D,20170508,000000,27.808,28.732,27.808,28.647,0,0
I2D_PE,D,20170509,000000,28.647,28.647,28.06,28.227,0,0
I2D_PE,D,20170510,000000,28.227,28.227,27.976,28.144,0,0
I2D_PE,D,20170511,000000,28.227,28.396,27.808,27.808,0,0
I2D_PE,D,20170512,000000,28.311,28.311,28.144,28.227,0,0
I2D_PE,D,20170515,000000,28.144,28.227,27.555,27.555,0,0
I2D_PE,D,20170516,000000,27.555,27.555,27.052,27.052,0,0
I2D_PE,D,20170517,000000,27.052,27.304,27.052,27.304,0,0
I2D_PE,D,20170518,000000,27.555,27.64,27.471,27.471,0,0
I2D_PE,D,20170519,000000,27.471,80.315,27.471,80.315,0,0
I2D_PE,D,20170522,000000,78.568,80.975,76.81,76.995,0,0
I2D_PE,D,20170523,000000,77.18,77.18,76.81,76.995,0,0
I2D_PE,D,20170524,000000,79.216,79.216,76.347,76.347,0,0
I2D_PE,D,20170525,000000,75.977,76.347,75.515,76.347,0,0
I2D_PE,D,20170526,000000,76.718,76.718,75.052,75.052,0,0
I2D_PE,D,20170529,000000,75.237,76.995,74.682,76.995,0,0
I2D_PE,D,20170530,000000,75.885,75.977,75.885,75.977,0,0
I2D_PE,D,20170531,000000,75.144,75.977,74.034,75.977,0,0
I2D_PE,D,20170601,000000,74.682,74.682,73.849,74.034,0,0
I2D_PE,D,20170602,000000,73.016,74.126,72.091,74.126,0,0
I2D_PE,D,20170606,000000,70.055,72.091,70.055,72.091,0,0
I2D_PE,D,20170607,000000,72.091,72.091,69.962,69.962,0,0
I2D_PE,D,20170608,000000,69.962,69.962,68.666,68.852,0,0
I2D_PE,D,20170609,000000,68.204,68.204,66.538,66.538,0,0
I2D_PE,D,20170612,000000,64.78,68.666,62.281,65.057,0,0
I2D_PE,D,20170613,000000,62.188,63.299,62.188,62.466,0,0
I2D_PE,D,20170614,000000,62.281,64.409,62.281,64.317,0,0
I2D_PE,D,20170616,000000,65.15,66.075,64.78,66.075,0,0
I2D_PE,D,20170619,000000,67.741,67.834,67.741,67.834,0,0
I2D_PE,D,20170620,000000,67.834,67.834,67.834,67.834,0,0
I2D_PE,D,20170621,000000,67.741,67.834,67.741,67.834,0,0
I2D_PE,D,20170622,000000,65.242,67.741,65.242,67.278,0,0
I2D_PE,D,20170623,000000,67.648,67.648,66.445,67.648,0,0
I2D_PE,D,20170626,000000,67.371,67.371,67.278,67.278,0,0
I2D_PE,D,20170627,000000,65.15,67.741,65.15,67.371,0,0
I2D_PE,D,20170629,000000,67.186,67.186,67.186,67.186,0,0
I2D_PE,D,20170630,000000,66.075,67.834,66.075,67.834,0,0
I2D_PE,D,20170703,000000,67.741,67.834,67.741,67.834,0,0
I2D_PE,D,20170704,000000,67.834,69.129,67.834,69.037,0,0
I2D_PE,D,20170705,000000,68.204,68.204,67.371,67.371,0,0
I2D_PE,D,20170706,000000,67.371,67.371,66.538,67.371,0,0
I2D_PE,D,20170710,000000,64.409,64.409,64.317,64.317,0,0
I2D_PE,D,20170711,000000,64.317,64.317,61.356,64.317,0,0
I2D_PE,D,20170712,000000,64.317,67.278,61.356,67.278,0,0
I2D_PE,D,20170714,000000,64.317,64.502,63.854,63.854,0,0
I2D_PE,D,20170717,000000,64.317,64.317,64.317,64.317,0,0
I2D_PE,D,20170718,000000,64.78,64.78,63.484,63.484,0,0
I2D_PE,D,20170720,000000,63.484,64.317,63.484,64.317,0,0
I2D_PE,D,20170721,000000,64.317,64.317,62.188,64.317,0,0
I2D_PE,D,20170725,000000,62.466,62.466,61.448,61.448,0,0
I2D_PE,D,20170726,000000,61.263,61.818,61.263,61.818,0,0
I2D_PE,D,20170727,000000,61.263,61.263,60.523,60.708,0,0
I2D_PE,D,20170728,000000,62.188,62.188,62.188,62.188,0,0
I2D_PE,D,20170731,000000,60.893,60.893,60.893,60.893,0,0
I2D_PE,D,20170801,000000,62.188,62.188,62.188,62.188,0,0
I2D_PE,D,20170802,000000,62.096,62.188,62.096,62.188,0,0
I2D_PE,D,20170803,000000,61.356,61.356,61.356,61.356,0,0
I2D_PE,D,20170804,000000,60.985,62.188,57.932,62.188,0,0
I2D_PE,D,20170807,000000,61.633,62.188,60.523,62.188,0,0
I2D_PE,D,20170808,000000,62.188,62.188,60.338,60.338,0,0
I2D_PE,D,20170809,000000,62.096,62.096,61.356,61.356,0,0
I2D_PE,D,20170810,000000,62.096,66.445,62.096,64.317,0,0
I2D_PE,D,20170811,000000,64.132,64.132,63.947,64.039,0,0
I2D_PE,D,20170814,000000,66.538,70.517,62.651,62.651,0,0
I2D_PE,D,20170816,000000,66.075,66.075,62.188,63.484,0,0
I2D_PE,D,20170817,000000,61.818,62.651,61.356,62.651,0,0
I2D_PE,D,20170818,000000,60.985,62.651,60.523,62.651,0,0
I2D_PE,D,20170823,000000,62.651,63.114,62.651,63.114,0,0
I2D_PE,D,20170824,000000,63.577,63.577,63.299,63.484,0,0
I2D_PE,D,20170825,000000,63.484,65.15,62.651,65.15,0,0
I2D_PE,D,20170828,000000,64.965,64.965,61.171,64.965,0,0
I2D_PE,D,20170829,000000,61.171,64.317,61.171,64.317,0,0
I2D_PE,D,20170830,000000,64.132,64.132,64.132,64.132,0,0
I2D_PE,D,20170831,000000,64.132,65.427,64.132,65.427,0,0
I2D_PE,D,20170901,000000,64.317,64.317,63.114,63.114,0,0
I2D_PE,D,20170904,000000,63.114,63.484,62.836,63.484,0,0
I2D_PE,D,20180329,000000,15.084,15.084,15.084,15.084,0,0
I2D_PE,D,20180403,000000,15.084,15.084,15.084,15.084,0,0
I2D_PE,D,20180404,000000,15.084,15.084,15.084,15.084,0,0
I2D_PE,D,20180405,000000,15.084,15.084,14.899,14.899,0,0
I2D_PE,D,20180406,000000,14.899,14.899,14.807,14.899,0,0
I2D_PE,D,20180409,000000,14.992,14.992,14.899,14.899,0,0
I2D_PE,D,20180410,000000,14.714,14.714,14.529,14.714,0,0
I2D_PE,D,20180411,000000,14.344,14.622,14.344,14.622,0,0
I2D_PE,D,20180412,000000,14.529,14.992,14.344,14.899,0,0
I2D_PE,D,20180413,000000,14.807,14.899,14.529,14.807,0,0
I2D_PE,D,20180416,000000,14.807,14.807,14.807,14.807,0,0
I2D_PE,D,20180417,000000,14.714,14.714,14.714,14.714,0,0
I2D_PE,D,20180418,000000,14.529,14.714,14.437,14.714,0,0
I2D_PE,D,20180419,000000,14.622,14.714,14.622,14.714,0,0
I2D_PE,D,20180420,000000,14.622,14.622,14.344,14.344,0,0
I2D_PE,D,20180423,000000,14.529,14.714,14.529,14.529,0,0
I2D_PE,D,20180424,000000,14.529,14.529,14.066,14.066,0,0
I2D_PE,D,20180425,000000,14.437,14.437,14.344,14.344,0,0
I2D_PE,D,20180427,000000,14.344,14.344,14.344,14.344,0,0
I2D_PE,D,20180430,000000,14.529,14.529,14.252,14.529,0,0
I2D_PE,D,20180502,000000,14.529,14.529,14.529,14.529,0,0
I2D_PE,D,20180504,000000,14.252,14.714,14.252,14.714,0,0
I2D_PE,D,20180507,000000,14.437,14.437,14.437,14.437,0,0
I2D_PE,D,20180508,000000,14.252,14.622,14.252,14.622,0,0
I2D_PE,D,20180509,000000,14.529,14.529,14.529,14.529,0,0
I2D_PE,D,20180510,000000,14.437,14.529,14.437,14.529,0,0
I2D_PE,D,20180511,000000,14.437,14.529,14.437,14.529,0,0
I2D_PE,D,20180514,000000,14.437,14.437,14.252,14.252,0,0
I2D_PE,D,20180515,000000,14.529,14.529,14.529,14.529,0,0
I2D_PE,D,20180516,000000,14.529,14.529,14.529,14.529,0,0
I2D_PE,D,20180518,000000,14.529,14.714,10.18,10.18,0,0
I2D_PE,D,20180521,000000,10.087,10.087,9.717,9.717,0,0
I2D_PE,D,20180522,000000,9.532,9.532,9.2542,9.2542,0,0
I2D_PE,D,20180523,000000,9.3468,9.809,9.3468,9.809,0,0
I2D_PE,D,20180524,000000,9.809,10.735,9.809,10.735,0,0
I2D_PE,D,20180525,000000,10.272,10.272,10.272,10.272,0,0
I2D_PE,D,20180528,000000,9.717,10.272,9.717,9.809,0,0
I2D_PE,D,20180529,000000,9.809,9.809,9.809,9.809,0,0
I2D_PE,D,20180530,000000,9.624,10.087,9.624,9.995,0,0
I2D_PE,D,20180601,000000,9.532,9.995,9.532,9.995,0,0
I2D_PE,D,20180605,000000,9.995,9.995,9.995,9.995,0,0
I2D_PE,D,20180607,000000,9.995,9.995,9.995,9.995,0,0
I2D_PE,D,20180608,000000,9.624,10.18,9.624,10.18,0,0
I2D_PE,D,20180611,000000,10.18,10.18,10.18,10.18,0,0
I2D_PE,D,20180615,000000,10.087,10.087,9.717,9.717,0,0
I2D_PE,D,20180618,000000,9.717,9.717,9.532,9.532,0,0
I2D_PE,D,20180619,000000,8.6064,9.1617,8.6064,9.1617,0,0
I2D_PE,D,20180622,000000,9.2542,9.2542,9.1617,9.2542,0,0
I2D_PE,D,20180625,000000,9.532,9.532,9.4393,9.4393,0,0
I2D_PE,D,20180627,000000,9.1617,9.2542,9.1617,9.2542,0,0
I2D_PE,D,20180628,000000,9.532,9.809,9.532,9.809,0,0
I2D_PE,D,20180702,000000,9.717,9.717,9.624,9.624,0,0
I2D_PE,D,20180705,000000,9.717,10.18,9.717,10.18,0,0
I2D_PE,D,20180709,000000,10.18,10.18,10.18,10.18,0,0
I2D_PE,D,20180711,000000,10.272,10.457,10.272,10.365,0,0
I2D_PE,D,20180712,000000,10.365,10.735,10.272,10.272,0,0
I2D_PE,D,20180719,000000,10.272,10.272,10.272,10.272,0,0
I2D_PE,D,20180724,000000,9.995,10.087,9.995,10.087,0,0
I2D_PE,D,20180725,000000,9.902,9.902,9.717,9.717,0,0
I2D_PE,D,20180726,000000,9.624,9.995,9.624,9.995,0,0
I2D_PE,D,20180727,000000,9.532,9.995,9.4393,9.532,0,0
I2D_PE,D,20180730,000000,9.624,9.624,9.532,9.532,0,0
I2D_PE,D,20180731,000000,9.4393,9.624,9.4393,9.624,0,0
I2D_PE,D,20180801,000000,9.717,9.717,9.532,9.532,0,0
I2D_PE,D,20180802,000000,9.532,9.532,9.532,9.532,0,0
I2D_PE,D,20180803,000000,9.717,9.809,9.532,9.532,0,0
I2D_PE,D,20180806,000000,9.809,9.809,9.624,9.624,0,0
I2D_PE,D,20180807,000000,9.624,9.624,9.532,9.532,0,0
I2D_PE,D,20180808,000000,9.532,9.532,9.532,9.532,0,0
I2D_PE,D,20180809,000000,9.4393,9.4393,9.2542,9.3468,0,0
I2D_PE,D,20180810,000000,9.2542,9.2542,9.2542,9.2542,0,0
I2D_PE,D,20180813,000000,9.1617,9.2542,9.0692,9.1617,0,0
I2D_PE,D,20180814,000000,9.2542,9.2542,9.2542,9.2542,0,0
I2D_PE,D,20180816,000000,8.9766,8.9766,8.8841,8.9766,0,0
I2D_PE,D,20180817,000000,8.8841,8.8841,8.3288,8.3288,0,0
I2D_PE,D,20180820,000000,8.3288,8.3288,8.3288,8.3288,0,0
I2D_PE,D,20180821,000000,8.9766,9.0692,8.9766,9.0692,0,0
I2D_PE,D,20180822,000000,8.699,8.699,8.6064,8.6064,0,0
I2D_PE,D,20180827,000000,8.6064,8.6064,5.2749,5.2749,0,0
I2D_PE,D,20180828,000000,5.2749,5.3675,5.2749,5.3675,0,0
I2D_PE,D,20180829,000000,5.3675,5.46,5.1824,5.1824,0,0
I2D_PE,D,20180830,000000,5.3675,5.46,5.1824,5.46,0,0
I2D_PE,D,20180831,000000,5.46,5.5525,5.3675,5.46,0,0
I2D_PE,D,20180903,000000,5.46,5.46,5.3675,5.3675,0,0
I2D_PE,D,20180904,000000,5.3675,5.46,5.2749,5.46,0,0
I2D_PE,D,20180905,000000,5.46,5.5525,5.3675,5.46,0,0
I2D_PE,D,20180906,000000,5.6451,5.6451,5.2749,5.3675,0,0
I2D_PE,D,20180907,000000,5.7,6.3,5.5,5.5,0,0
I2D_PE,D,20180910,000000,5.5,5.5,5.5,5.5,0,0
I2D_PE,D,20180911,000000,5.3,5.3,4.9,4.9,0,0
I2D_PE,D,20180912,000000,5.4,5.4,5.1,5.4,0,0
I2D_PE,D,20180913,000000,5.5,6.1,5.3,5.7,0,0
I2D_PE,D,20180914,000000,5.1,5.1,5.1,5.1,0,0
I2D_PE,D,20180917,000000,5.1,5.1,5.1,5.1,0,0
I2D_PE,D,20180918,000000,5.1,5.4,5.1,5.4,0,0
I2D_PE,D,20180920,000000,5.1,5.1,5.1,5.1,0,0
I2D_PE,D,20180924,000000,5.5,5.5,5.1,5.1,0,0
I2D_PE,D,20180925,000000,5.1,5.1,5.1,5.1,0,0
I2D_PE,D,20180928,000000,5.1,5.1,5.1,5.1,0,0
I2D_PE,D,20181001,000000,5.5,5.5,5.5,5.5,0,0
I2D_PE,D,20181002,000000,5.1,5.1,5.1,5.1,0,0
I2D_PE,D,20181003,000000,5.1,5.1,5.1,5.1,0,0
I2D_PE,D,20181004,000000,5.1,5.1,5.1,5.1,0,0
I2D_PE,D,20181008,000000,5.1,5.1,5.1,5.1,0,0
I2D_PE,D,20181009,000000,5.1,5.1,5.1,5.1,0,0
I2D_PE,D,20181011,000000,4.4,4.4,4.4,4.4,0,0
I2D_PE,D,20181015,000000,4.8,4.8,4.8,4.8,0,0
I2D_PE,D,20181022,000000,4.8,4.8,4.8,4.8,0,0
I2D_PE,D,20181024,000000,4.4,4.4,4.4,4.4,0,0
I2D_PE,D,20181025,000000,4.4,4.4,4.4,4.4,0,0
I2D_PE,D,20181029,000000,4.4,4.4,4.4,4.4,0,0
I2D_PE,D,20181031,000000,4.4,4.4,4.4,4.4,0,0
I2D_PE,D,20181102,000000,4.4,4.4,4.4,4.4,0,0
I2D_PE,D,20181106,000000,4.4,4.4,4.4,4.4,0,0
I2D_PE,D,20181113,000000,4.4,4.4,4.4,4.4,0,0
I2D_PE,D,20181115,000000,4.4,4.4,4.4,4.4,0,0
I2D_PE,D,20181205,000000,1.9,1.9,1.9,1.9,0,0
I2D_PE,D,20181206,000000,1.9,1.9,1.9,1.9,0,0
I2D_PE,D,20181212,000000,1.9,1.9,1.8,1.8,0,0
I2D_PE,D,20181213,000000,1.6,1.7,1.6,1.7,0,0
I2D_PE,D,20181214,000000,1.7,1.7,1.7,1.7,0,0
I2D_PE,D,20181217,000000,1.7,1.7,1.7,1.7,0,0
I2D_PE,D,20181218,000000,1.5,1.5,1.5,1.5,0,0
I2D_PE,D,20181219,000000,1.5,1.5,1.5,1.5,0,0
I2D_PE,D,20181221,000000,1.5,1.5,1.5,1.5,0,0
I2D_PE,D,20181228,000000,1.5,1.5,1.5,1.5,0,0
I2D_PE,D,20190104,000000,1.8,1.8,1.8,1.8,0,0
I2D_PE,D,20190114,000000,1.6,1.7,1.6,1.7,0,0
I2D_PE,D,20190116,000000,1.8,1.8,1.8,1.8,0,0
I2D_PE,D,20190117,000000,1.8,1.8,1.8,1.8,0,0
I2D_PE,D,20190118,000000,1.8,1.8,1.8,1.8,0,0
I2D_PE,D,20190122,000000,1.7,1.8,1.7,1.8,0,0
I2D_PE,D,20190125,000000,1.9,1.9,1.8,1.8,0,0
I2D_PE,D,20190130,000000,1.8,1.8,1.8,1.8,0,0
I2D_PE,D,20190131,000000,1.8,1.8,1.8,1.8,0,0
I2D_PE,D,20190211,000000,1.8,1.8,1.8,1.8,0,0
I2D_PE,D,20190212,000000,1.8,1.8,1.8,1.8,0,0
I2D_PE,D,20190213,000000,1.8,1.8,1.8,1.8,0,0
I2D_PE,D,20190214,000000,1.8,1.8,1.8,1.8,0,0
I2D_PE,D,20190221,000000,1.8,1.8,1.8,1.8,0,0
I2D_PE,D,20190222,000000,1.8,1.8,1.8,1.8,0,0
I2D_PE,D,20190301,000000,2,2,2,2,0,0
I2D_PE,D,20190304,000000,2.2,2.2,2.2,2.2,0,0
I2D_PE,D,20190313,000000,2.2,2.2,2.1,2.1,0,0
I2D_PE,D,20190319,000000,1.8,1.8,1.8,1.8,0,0
I2D_PE,D,20190328,000000,1.8,1.9,1.8,1.9,0,0
I2D_PE,D,20190329,000000,2,2,2,2,0,0
I2D_PE,D,20190401,000000,2.2,2.2,2.1,2.1,0,0
I2D_PE,D,20190402,000000,1.9,1.9,1.9,1.9,0,0
I2D_PE,D,20190403,000000,1.9,1.9,1.9,1.9,0,0
I2D_PE,D,20190404,000000,2.1,2.1,2,2.1,0,0
I2D_PE,D,20190405,000000,2.1,2.1,2,2,0,0
I2D_PE,D,20190409,000000,1.9,1.9,1.9,1.9,0,0
I2D_PE,D,20190410,000000,2.1,2.1,2.1,2.1,0,0
I2D_PE,D,20190412,000000,1.9,2.1,1.9,2.1,0,0
I2D_PE,D,20190415,000000,1.9,1.9,1.9,1.9,0,0
I2D_PE,D,20190416,000000,2,2,2,2,0,0
I2D_PE,D,20190417,000000,1.9,1.9,1.9,1.9,0,0
I2D_PE,D,20190418,000000,1.9,1.9,1.9,1.9,0,0
I2D_PE,D,20190423,000000,1.8,1.8,1.8,1.8,0,0
I2D_PE,D,20190424,000000,1.8,1.8,1.8,1.8,0,0
I2D_PE,D,20190429,000000,4,4,4,4,0,0
I2D_PE,D,20190430,000000,3.7,3.7,3.7,3.7,0,0
I2D_PE,D,20190508,000000,3.9,3.9,3.8,3.8,0,0
I2D_PE,D,20190509,000000,3.9,3.9,3.8,3.9,0,0
I2D_PE,D,20190510,000000,3.8,3.8,3.7,3.7,0,0
I2D_PE,D,20190513,000000,3.7,3.7,3.7,3.7,0,0
I2D_PE,D,20190514,000000,3.7,3.7,3.7,3.7,0,0
I2D_PE,D,20190515,000000,3.7,3.7,3.7,3.7,0,0
I2D_PE,D,20190516,000000,3.7,3.7,3.6,3.6,0,0
I2D_PE,D,20190517,000000,3.5,3.5,3.5,3.5,0,0
I2D_PE,D,20190520,000000,3.5,4,3.4,4,0,0
I2D_PE,D,20190521,000000,3.8,3.8,3.7,3.7,0,0
I2D_PE,D,20190522,000000,3.5,3.5,3.5,3.5,0,0
I2D_PE,D,20190523,000000,3.5,3.5,3.5,3.5,0,0
I2D_PE,D,20190524,000000,3.5,3.5,3.5,3.5,0,0
I2D_PE,D,20190527,000000,3.5,3.5,3.4,3.4,0,0
I2D_PE,D,20190528,000000,3.3,3.3,2.9,2.9,0,0
I2D_PE,D,20190529,000000,2.8,2.8,2.8,2.8,0,0
I2D_PE,D,20190530,000000,2.8,2.8,2.8,2.8,0,0
I2D_PE,D,20190531,000000,2.8,2.8,2.7,2.7,0,0
I2D_PE,D,20190603,000000,2.7,2.7,2.7,2.7,0,0
I2D_PE,D,20190604,000000,2.7,2.7,2.7,2.7,0,0
I2D_PE,D,20190605,000000,2.7,2.7,2.7,2.7,0,0
I2D_PE,D,20190606,000000,2.7,2.7,2.7,2.7,0,0
I2D_PE,D,20190607,000000,2.7,2.7,2.7,2.7,0,0
I2D_PE,D,20190610,000000,2.7,2.7,2.7,2.7,0,0
I2D_PE,D,20190611,000000,2.7,2.7,2.6,2.6,0,0
I2D_PE,D,20190612,000000,2.6,2.6,2.6,2.6,0,0
I2D_PE,D,20190613,000000,2.6,2.6,2.6,2.6,0,0
I2D_PE,D,20190614,000000,2.6,2.6,2.6,2.6,0,0
I2D_PE,D,20190617,000000,2.6,2.6,2.5,2.5,0,0
I2D_PE,D,20190618,000000,2.7,2.7,2.7,2.7,0,0
I2D_PE,D,20190619,000000,2.7,3.1,2.7,3,0,0
I2D_PE,D,20190621,000000,3,3.2,3,3.2,0,0
I2D_PE,D,20190624,000000,3.3,3.3,2.8,2.8,0,0
I2D_PE,D,20190625,000000,2.8,2.8,2.6,2.6,0,0
I2D_PE,D,20190626,000000,2.6,2.6,2.6,2.6,0,0
I2D_PE,D,20190627,000000,2.6,2.6,2.6,2.6,0,0
I2D_PE,D,20190628,000000,2.6,2.7,2.5,2.7,0,0
I2D_PE,D,20190701,000000,2.7,2.7,2.7,2.7,0,0
I2D_PE,D,20190703,000000,2.8,2.8,2.5,2.5,0,0
I2D_PE,D,20190704,000000,2.5,2.6,2.5,2.6,0,0
I2D_PE,D,20190708,000000,2.6,2.6,2.6,2.6,0,0
I2D_PE,D,20190709,000000,2.6,2.6,2.5,2.5,0,0
I2D_PE,D,20190710,000000,2.5,2.5,2.5,2.5,0,0
I2D_PE,D,20190715,000000,2.5,2.5,2.5,2.5,0,0
I2D_PE,D,20190716,000000,2.5,2.7,2.5,2.7,0,0
I2D_PE,D,20190717,000000,2.8,2.8,2.6,2.6,0,0
I2D_PE,D,20190718,000000,2.6,2.6,2.4,2.6,0,0
I2D_PE,D,20190719,000000,2.7,2.7,2.7,2.7,0,0
I2D_PE,D,20190722,000000,2.7,2.7,2.7,2.7,0,0
I2D_PE,D,20190723,000000,2.7,2.7,2.7,2.7,0,0
I2D_PE,D,20190724,000000,2.7,2.7,2.7,2.7,0,0
I2D_PE,D,20190725,000000,2.7,2.7,2.6,2.6,0,0
I2D_PE,D,20190726,000000,2.7,2.8,2.6,2.8,0,0
I2D_PE,D,20190729,000000,2.8,2.8,2.6,2.6,0,0
I2D_PE,D,20190730,000000,2.6,2.6,2.6,2.6,0,0
I2D_PE,D,20190731,000000,2.6,2.6,2.6,2.6,0,0
I2D_PE,D,20190801,000000,2.6,2.7,2.6,2.7,0,0
I2D_PE,D,20190802,000000,2.7,2.9,2.7,2.9,0,0
I2D_PE,D,20190805,000000,2.9,2.9,2.9,2.9,0,0
I2D_PE,D,20190806,000000,2.7,2.8,2.5,2.5,0,0
I2D_PE,D,20190807,000000,2.5,2.5,2.5,2.5,0,0
I2D_PE,D,20190808,000000,2.5,2.5,2.5,2.5,0,0
I2D_PE,D,20190809,000000,2.5,2.5,2.5,2.5,0,0
I2D_PE,D,20190812,000000,2.6,2.6,2.5,2.6,0,0
I2D_PE,D,20190813,000000,2.6,2.6,2.6,2.6,0,0
I2D_PE,D,20190819,000000,2.6,2.6,2.6,2.6,0,0
I2D_PE,D,20190820,000000,2.6,2.6,2.6,2.6,0,0
I2D_PE,D,20190821,000000,2.6,2.6,2.6,2.6,0,0
I2D_PE,D,20190822,000000,2.6,2.6,2.6,2.6,0,0
I2D_PE,D,20190823,000000,2.6,2.6,2.5,2.5,0,0
I2D_PE,D,20190826,000000,2.5,2.6,2.5,2.6,0,0
I2D_PE,D,20190828,000000,2.5,2.5,2.5,2.5,0,0
I2D_PE,D,20190829,000000,2.5,2.5,2.5,2.5,0,0
I2D_PE,D,20190903,000000,2.5,2.5,2.5,2.5,0,0
I2D_PE,D,20190904,000000,2.5,2.6,2.5,2.6,0,0
I2D_PE,D,20190905,000000,2.6,2.6,2.5,2.5,0,0
I2D_PE,D,20190906,000000,2.5,2.5,2.3,2.4,0,0
I2D_PE,D,20190910,000000,2.4,2.4,2.3,2.3,0,0
I2D_PE,D,20190911,000000,2.3,2.4,2.3,2.4,0,0
I2D_PE,D,20190912,000000,2.4,2.4,2.4,2.4,0,0
I2D_PE,D,20190918,000000,2.5,2.7,2.5,2.6,0,0
I2D_PE,D,20190919,000000,2.6,2.6,2.6,2.6,0,0
I2D_PE,D,20190920,000000,2.6,2.8,2.6,2.8,0,0
I2D_PE,D,20190923,000000,2.9,2.9,2.6,2.7,0,0
I2D_PE,D,20190924,000000,2.7,2.7,2.7,2.7,0,0
I2D_PE,D,20190925,000000,2.7,3,2.7,2.7,0,0
I2D_PE,D,20190926,000000,2.9,3.1,2.9,3.1,0,0
I2D_PE,D,20190927,000000,3.4,3.7,3.4,3.6,0,0
I2D_PE,D,20190930,000000,3.8,4,3.8,4,0,0
I2D_PE,D,20191001,000000,4,4,4,4,0,0
I2D_PE,D,20191002,000000,4.1,4.1,3.9,3.9,0,0
I2D_PE,D,20191003,000000,4,4,4,4,0,0
I2D_PE,D,20191004,000000,4,4.2,4,4.2,0,0
I2D_PE,D,20191007,000000,4.3,4.3,4,4,0,0
I2D_PE,D,20191008,000000,4,4,4,4,0,0
I2D_PE,D,20191009,000000,4,4,4,4,0,0
I2D_PE,D,20191010,000000,4,4,3.9,3.9,0,0
I2D_PE,D,20191011,000000,3.9,3.9,3.8,3.8,0,0
I2D_PE,D,20191014,000000,3.8,3.9,3.8,3.9,0,0
I2D_PE,D,20191015,000000,3.9,4.6,3.9,4,0,0
I2D_PE,D,20191017,000000,4,4,4,4,0,0
I2D_PE,D,20191018,000000,4,4,3.8,3.9,0,0
I2D_PE,D,20191021,000000,3.9,3.9,3.9,3.9,0,0
I2D_PE,D,20191022,000000,4.1,4.1,3.8,3.8,0,0
I2D_PE,D,20191023,000000,3.8,3.8,3.5,3.5,0,0
I2D_PE,D,20191025,000000,3.4,3.5,3.3,3.3,0,0
I2D_PE,D,20191028,000000,3.3,3.3,3.3,3.3,0,0
I2D_PE,D,20191031,000000,3.3,3.3,3.3,3.3,0,0
I2D_PE,D,20191104,000000,3.3,3.3,3.3,3.3,0,0
I2D_PE,D,20191105,000000,3.3,3.3,3.3,3.3,0,0
I2D_PE,D,20191106,000000,3.3,3.3,3.3,3.3,0,0
I2D_PE,D,20191107,000000,3.3,3.4,3.3,3.3,0,0
I2D_PE,D,20191108,000000,3.4,3.4,3.3,3.3,0,0
I2D_PE,D,20191112,000000,3.4,3.4,3.4,3.4,0,0
I2D_PE,D,20191113,000000,3.4,3.5,3.4,3.5,0,0
I2D_PE,D,20191114,000000,3.5,3.5,3.1,3.1,0,0
I2D_PE,D,20191118,000000,3.1,3.1,3.1,3.1,0,0
I2D_PE,D,20200518,000000,3.2,3.2,3.2,3.2,0,0
I2D_PE,D,20200519,000000,3.2,3.2,3.2,3.2,0,0
I2D_PE,D,20200520,000000,3.2,3.2,3.2,3.2,0,0
I2D_PE,D,20200521,000000,3.2,3.2,3.2,3.2,0,0
I2D_PE,D,20200522,000000,3.2,3.4,3.2,3.4,0,0
I2D_PE,D,20200525,000000,3.4,3.4,3.4,3.4,0,0
I2D_PE,D,20200526,000000,3.4,3.4,3.4,3.4,0,0
I2D_PE,D,20200528,000000,3.4,3.6,3.4,3.6,0,0
I2D_PE,D,20200529,000000,3.6,3.6,3.6,3.6,0,0
I2D_PE,D,20200601,000000,3.6,4.2,3.4,3.8,0,0
I2D_PE,D,20200602,000000,3.8,4,3.8,4,0,0
I2D_PE,D,20200603,000000,4.2,4.2,3.9,4.1,0,0
I2D_PE,D,20200604,000000,4.3,4.3,4,4,0,0
I2D_PE,D,20200605,000000,4,4,4,4,0,0
I2D_PE,D,20200608,000000,4,4.2,4,4.2,0,0
I2D_PE,D,20200609,000000,4.2,4.2,4.2,4.2,0,0
I2D_PE,D,20200610,000000,4.2,4.8,4.2,4.8,0,0
I2D_PE,D,20200612,000000,5.1,5.2,5,5.2,0,0
I2D_PE,D,20200615,000000,5.5,5.5,5.1,5.1,0,0
I2D_PE,D,20200616,000000,5.1,5.1,5,5,0,0
I2D_PE,D,20200617,000000,5,5,4.8,4.8,0,0
I2D_PE,D,20200618,000000,4.8,4.8,4.8,4.8,0,0
I2D_PE,D,20200619,000000,4.8,4.8,4.7,4.7,0,0
I2D_PE,D,20200622,000000,4.9,4.9,4.9,4.9,0,0
I2D_PE,D,20200623,000000,4.9,4.9,4.8,4.8,0,0
I2D_PE,D,20200624,000000,4.8,4.8,4.5,4.6,0,0
I2D_PE,D,20200625,000000,4.8,4.8,4.5,4.5,0,0
I2D_PE,D,20200626,000000,4.6,4.6,4.5,4.5,0,0
I2D_PE,D,20200629,000000,4.4,4.4,4.2,4.2,0,0
I2D_PE,D,20200630,000000,4.2,4.2,4.2,4.2,0,0
I2D_PE,D,20200701,000000,4.2,4.3,4.2,4.3,0,0
I2D_PE,D,20200702,000000,4.3,4.3,4.3,4.3,0,0
I2D_PE,D,20200703,000000,4.3,4.3,4.3,4.3,0,0
I2D_PE,D,20200706,000000,4.3,4.3,4.3,4.3,0,0
I2D_PE,D,20200707,000000,4.3,4.3,4.3,4.3,0,0
I2D_PE,D,20200708,000000,4.3,4.3,4.3,4.3,0,0
I2D_PE,D,20200709,000000,4.3,4.4,4.3,4.4,0,0
I2D_PE,D,20200710,000000,4.4,4.8,4.2,4.8,0,0
I2D_PE,D,20200713,000000,4.9,4.9,4.8,4.8,0,0
I2D_PE,D,20200714,000000,4.8,4.8,4.7,4.8,0,0
I2D_PE,D,20200715,000000,4.8,4.8,4.7,4.8,0,0
I2D_PE,D,20200716,000000,4.8,5,4.7,4.7,0,0
I2D_PE,D,20200717,000000,4.6,4.6,4.5,4.6,0,0
I2D_PE,D,20200720,000000,4.6,4.6,4.5,4.5,0,0
I2D_PE,D,20200721,000000,4.5,4.5,4.5,4.5,0,0
I2D_PE,D,20200722,000000,4.5,4.6,4.3,4.5,0,0
I2D_PE,D,20200723,000000,4.3,4.5,4.3,4.5,0,0
I2D_PE,D,20200724,000000,4.5,4.5,4.3,4.3,0,0
I2D_PE,D,20200727,000000,4.3,4.3,4.1,4.1,0,0
I2D_PE,D,20200728,000000,4,4,4,4,0,0
I2D_PE,D,20200729,000000,4,4,3.9,3.9,0,0
I2D_PE,D,20200730,000000,3.9,3.9,3.9,3.9,0,0
I2D_PE,D,20200803,000000,3.7,3.8,3.7,3.7,0,0
I2D_PE,D,20200804,000000,3.7,3.7,3.7,3.7,0,0
I2D_PE,D,20200805,000000,3.7,3.7,3.7,3.7,0,0
I2D_PE,D,20200806,000000,3.7,3.7,3.7,3.7,0,0
I2D_PE,D,20200807,000000,3.7,3.7,3.7,3.7,0,0
I2D_PE,D,20200810,000000,3.7,3.7,3.7,3.7,0,0
I2D_PE,D,20200811,000000,3.7,3.7,3.7,3.7,0,0
I2D_PE,D,20200812,000000,3.7,4,3.7,3.8,0,0
I2D_PE,D,20200813,000000,3.7,3.7,3.7,3.7,0,0
I2D_PE,D,20200814,000000,3.8,4,3.8,4,0,0
I2D_PE,D,20200817,000000,3.9,3.9,3.7,3.8,0,0
I2D_PE,D,20200818,000000,3.8,3.8,3.8,3.8,0,0
I2D_PE,D,20200820,000000,3.9,3.9,3.7,3.7,0,0
I2D_PE,D,20200824,000000,3.6,3.6,3.6,3.6,0,0
I2D_PE,D,20200825,000000,3.6,3.6,3.6,3.6,0,0
I2D_PE,D,20200826,000000,3.6,3.6,3.6,3.6,0,0
I2D_PE,D,20200827,000000,3.7,3.7,3.7,3.7,0,0
I2D_PE,D,20200828,000000,3.7,9.7,3.6,9.7,0,0
I2D_PE,D,20200902,000000,9.8,10.5,9.8,10.2,0,0
I2D_PE,D,20200903,000000,10,10,9.8,9.8,0,0
I2D_PE,D,20200904,000000,9.9,10.1,9.8,9.8,0,0
I2D_PE,D,20200907,000000,9.5,9.6,9.5,9.6,0,0
I2D_PE,D,20200910,000000,9.8,9.8,9.4,9.4,0,0
I2D_PE,D,20200911,000000,9.2,9.2,9.2,9.2,0,0
I2D_PE,D,20200914,000000,9.3,9.7,9.3,9.3,0,0
I2D_PE,D,20200915,000000,9.6,9.7,9.6,9.7,0,0
I2D_PE,D,20200916,000000,9.7,9.7,9.2,9.4,0,0
I2D_PE,D,20200917,000000,9.7,9.7,9.3,9.3,0,0
I2D_PE,D,20200918,000000,9.6,9.6,8.9,8.9,0,0
I2D_PE,D,20200922,000000,9,9.7,9,9.7,0,0
I2D_PE,D,20200923,000000,9.8,11.6,9.8,11.1,0,0
I2D_PE,D,20200924,000000,10.3,11.1,10.3,10.5,0,0
I2D_PE,D,20200925,000000,10.5,11,10.5,11,0,0
I2D_PE,D,20200928,000000,11.5,11.8,11.3,11.3,0,0
I2D_PE,D,20200929,000000,11.3,11.8,10.5,10.5,0,0
I2D_PE,D,20200930,000000,10.5,10.5,9.7,9.7,0,0
I2D_PE,D,20201001,000000,9.8,9.8,9.7,9.7,0,0
I2D_PE,D,20201002,000000,9.9,10,9.7,9.7,0,0
I2D_PE,D,20201005,000000,9.8,9.8,9.5,9.8,0,0
I2D_PE,D,20201006,000000,9.7,9.7,9.6,9.6,0,0
I2D_PE,D,20201007,000000,9.6,9.6,9.3,9.6,0,0
I2D_PE,D,20201008,000000,9.6,9.6,9.6,9.6,0,0
I2D_PE,D,20201009,000000,9.6,9.9,9.4,9.4,0,0
I2D_PE,D,20201012,000000,9.6,9.6,9.6,9.6,0,0
I2D_PE,D,20201013,000000,9.7,9.7,9.6,9.6,0,0
I2D_PE,D,20201015,000000,9.5,9.5,9.1,9.1,0,0
I2D_PE,D,20201016,000000,9.1,9.7,9.1,9.7,0,0
