<TICKER>,<PER>,<DATE>,<TIME>,<OPEN>,<HIGH>,<LOW>,<CLOSE>,<VOL>,<OPENINT>
IDM_PE,D,20070813,000000,33.2,33.2,33.2,33.2,0,0
IDM_PE,D,20070814,000000,32.1,32.1,32.1,32.1,0,0
IDM_PE,D,20070816,000000,29.4,29.4,29.4,29.4,0,0
IDM_PE,D,20070817,000000,30.7,30.7,30.7,30.7,0,0
IDM_PE,D,20070820,000000,15.1,15.1,15.1,15.1,0,0
IDM_PE,D,20070821,000000,15,15,15,15,0,0
IDM_PE,D,20070822,000000,15.5,15.5,15.5,15.5,0,0
IDM_PE,D,20070823,000000,15.6,15.6,15.6,15.6,0,0
IDM_PE,D,20070824,000000,16,16,16,16,0,0
IDM_PE,D,20070827,000000,16.6,16.6,16.6,16.6,0,0
IDM_PE,D,20070828,000000,15.9,15.9,15.9,15.9,0,0
IDM_PE,D,20070829,000000,15.8,15.8,15.8,15.8,0,0
IDM_PE,D,20070830,000000,17.7,17.7,17.7,17.7,0,0
IDM_PE,D,20070831,000000,18.3,18.3,18.3,18.3,0,0
IDM_PE,D,20070903,000000,18.4,18.4,18.4,18.4,0,0
IDM_PE,D,20070904,000000,18.2,18.2,18.2,18.2,0,0
IDM_PE,D,20070905,000000,17.5,17.5,17.5,17.5,0,0
IDM_PE,D,20070906,000000,17.5,17.5,17.5,17.5,0,0
IDM_PE,D,20070907,000000,16.9,16.9,16.9,16.9,0,0
IDM_PE,D,20070910,000000,16.5,16.5,16.5,16.5,0,0
IDM_PE,D,20070911,000000,16.7,16.7,16.7,16.7,0,0
IDM_PE,D,20070912,000000,16.3,16.3,16.3,16.3,0,0
IDM_PE,D,20070913,000000,16.9,16.9,16.9,16.9,0,0
IDM_PE,D,20070914,000000,16.7,16.7,16.7,16.7,0,0
IDM_PE,D,20070917,000000,16.3,16.3,16.3,16.3,0,0
IDM_PE,D,20070918,000000,16.3,16.3,16.3,16.3,0,0
IDM_PE,D,20070919,000000,17.4,17.4,17.4,17.4,0,0
IDM_PE,D,20070920,000000,17.1,17.1,17.1,17.1,0,0
IDM_PE,D,20070921,000000,16.9,16.9,16.9,16.9,0,0
IDM_PE,D,20070924,000000,16.6,16.6,16.6,16.6,0,0
IDM_PE,D,20070925,000000,16.2,16.2,16.2,16.2,0,0
IDM_PE,D,20070926,000000,16.5,16.5,16.5,16.5,0,0
IDM_PE,D,20070927,000000,16.8,16.8,16.8,16.8,0,0
IDM_PE,D,20070928,000000,16.6,16.6,16.6,16.6,0,0
IDM_PE,D,20071001,000000,16.6,16.6,16.6,16.6,0,0
IDM_PE,D,20071002,000000,16.4,16.4,16.4,16.4,0,0
IDM_PE,D,20071003,000000,16.4,16.4,16.4,16.4,0,0
IDM_PE,D,20071004,000000,16.6,16.6,16.6,16.6,0,0
IDM_PE,D,20071005,000000,17.6,17.6,17.6,17.6,0,0
IDM_PE,D,20071008,000000,17.5,17.5,17.5,17.5,0,0
IDM_PE,D,20071009,000000,17.7,17.7,17.7,17.7,0,0
IDM_PE,D,20071010,000000,17.6,17.6,17.6,17.6,0,0
IDM_PE,D,20071011,000000,18.2,18.2,18.2,18.2,0,0
IDM_PE,D,20071012,000000,18.4,18.4,18.4,18.4,0,0
IDM_PE,D,20071015,000000,18.8,18.8,18.8,18.8,0,0
IDM_PE,D,20071016,000000,18.7,18.7,18.7,18.7,0,0
IDM_PE,D,20071017,000000,18.5,18.5,18.5,18.5,0,0
IDM_PE,D,20071018,000000,17.6,17.6,17.6,17.6,0,0
IDM_PE,D,20071019,000000,16.9,16.9,16.9,16.9,0,0
IDM_PE,D,20071022,000000,16.5,16.5,16.5,16.5,0,0
IDM_PE,D,20071023,000000,16.5,16.5,16.5,16.5,0,0
IDM_PE,D,20071024,000000,16.8,16.8,16.8,16.8,0,0
IDM_PE,D,20071025,000000,16.6,16.6,16.6,16.6,0,0
IDM_PE,D,20071026,000000,16.6,16.6,16.6,16.6,0,0
IDM_PE,D,20071029,000000,16.9,16.9,16.9,16.9,0,0
IDM_PE,D,20071030,000000,16.8,16.8,16.8,16.8,0,0
IDM_PE,D,20071031,000000,16.8,16.8,16.8,16.8,0,0
IDM_PE,D,20071102,000000,16.3,16.3,16.3,16.3,0,0
IDM_PE,D,20071105,000000,16.2,16.2,16.2,16.2,0,0
IDM_PE,D,20071106,000000,15.8,15.8,15.8,15.8,0,0
IDM_PE,D,20071107,000000,14.9,14.9,14.9,14.9,0,0
IDM_PE,D,20071108,000000,14.7,14.7,14.7,14.7,0,0
IDM_PE,D,20071109,000000,14.9,14.9,13.5,13.7,0,0
IDM_PE,D,20071112,000000,13.4,13.7,13,13.3,0,0
IDM_PE,D,20071113,000000,13.3,13.5,13.1,13.3,0,0
IDM_PE,D,20071114,000000,14.1,14.1,13.3,13.4,0,0
IDM_PE,D,20071115,000000,13.7,13.7,12.7,12.8,0,0
IDM_PE,D,20071116,000000,12.6,13.6,12.4,13.5,0,0
IDM_PE,D,20071119,000000,14,14,11.4,11.4,0,0
IDM_PE,D,20071120,000000,11.3,11.4,11.1,11.4,0,0
IDM_PE,D,20071121,000000,11.3,11.3,10.8,10.9,0,0
IDM_PE,D,20071122,000000,10.6,11.7,10.4,11.4,0,0
IDM_PE,D,20071123,000000,11.5,11.5,11.2,11.2,0,0
IDM_PE,D,20071126,000000,11.5,11.5,10.9,11,0,0
IDM_PE,D,20071127,000000,10.8,10.8,10.5,10.8,0,0
IDM_PE,D,20071128,000000,10.9,11.3,10.6,11.3,0,0
IDM_PE,D,20071129,000000,11.6,11.6,11,11,0,0
IDM_PE,D,20071130,000000,11,11.4,11,11.4,0,0
IDM_PE,D,20071203,000000,11.5,11.5,11.2,11.3,0,0
IDM_PE,D,20071204,000000,11.3,11.3,11.1,11.1,0,0
IDM_PE,D,20071205,000000,11.2,11.4,11.2,11.4,0,0
IDM_PE,D,20071206,000000,11.5,11.5,11.3,11.3,0,0
IDM_PE,D,20071207,000000,11.4,11.4,11.1,11.1,0,0
IDM_PE,D,20071210,000000,11,11.1,10.9,11,0,0
IDM_PE,D,20071211,000000,11,12.8,10.6,12.8,0,0
IDM_PE,D,20071212,000000,12.2,12.7,12.2,12.6,0,0
IDM_PE,D,20071213,000000,12.3,12.4,12.1,12.3,0,0
IDM_PE,D,20071214,000000,12.1,12.8,12,12.8,0,0
IDM_PE,D,20071217,000000,12.2,12.4,12,12.2,0,0
IDM_PE,D,20071218,000000,12.1,12.5,11.7,12.5,0,0
IDM_PE,D,20071219,000000,12.5,12.6,12.2,12.5,0,0
IDM_PE,D,20071220,000000,12.7,12.8,12.3,12.8,0,0
IDM_PE,D,20071221,000000,13,13.1,12.7,12.8,0,0
IDM_PE,D,20071227,000000,12.8,13.4,12.8,13.4,0,0
IDM_PE,D,20071228,000000,13.4,13.6,13.1,13.2,0,0
IDM_PE,D,20080102,000000,13.1,13.3,13.1,13.1,0,0
IDM_PE,D,20080103,000000,12.8,13.1,12.6,13,0,0
IDM_PE,D,20080104,000000,13,13,12.6,12.6,0,0
IDM_PE,D,20080107,000000,12.3,13.3,11.9,12.6,0,0
IDM_PE,D,20080108,000000,12.9,12.9,11.9,12.1,0,0
IDM_PE,D,20080109,000000,11.9,11.9,11,11.2,0,0
IDM_PE,D,20080110,000000,11.2,11.2,10.1,10.3,0,0
IDM_PE,D,20080111,000000,10.1,10.4,9.9,10.4,0,0
IDM_PE,D,20080114,000000,10.3,10.3,10.3,10.3,0,0
IDM_PE,D,20080115,000000,10.2,10.2,9.7,9.8,0,0
IDM_PE,D,20080116,000000,9,9.3,8.4,9.2,0,0
IDM_PE,D,20080117,000000,9.6,9.6,9,9.3,0,0
IDM_PE,D,20080118,000000,9,9.5,9,9,0,0
IDM_PE,D,20080121,000000,8.6,8.8,8,8,0,0
IDM_PE,D,20080122,000000,7.3,7.7,7.3,7.5,0,0
IDM_PE,D,20080123,000000,7.9,7.9,7.2,7.3,0,0
IDM_PE,D,20080124,000000,7.7,8,7.6,7.9,0,0
IDM_PE,D,20080125,000000,8.4,8.4,8.1,8.3,0,0
IDM_PE,D,20080128,000000,8.4,8.4,8.1,8.1,0,0
IDM_PE,D,20080129,000000,8.4,8.6,8.3,8.5,0,0
IDM_PE,D,20080130,000000,8.5,8.7,8.4,8.4,0,0
IDM_PE,D,20080131,000000,8.5,8.5,8,8.2,0,0
IDM_PE,D,20080201,000000,8.4,8.4,8.3,8.3,0,0
IDM_PE,D,20080204,000000,8.4,8.6,8.2,8.3,0,0
IDM_PE,D,20080205,000000,8.2,8.2,7.7,7.8,0,0
IDM_PE,D,20080206,000000,7.4,7.8,7.4,7.7,0,0
IDM_PE,D,20080207,000000,7.6,7.7,7.3,7.4,0,0
IDM_PE,D,20080208,000000,7.5,7.5,7.4,7.5,0,0
IDM_PE,D,20080211,000000,7.6,7.6,7.4,7.4,0,0
IDM_PE,D,20080212,000000,7.5,7.5,7.4,7.5,0,0
IDM_PE,D,20080213,000000,7.5,7.7,7.4,7.6,0,0
IDM_PE,D,20080214,000000,7.9,7.9,7.7,7.7,0,0
IDM_PE,D,20080215,000000,7.7,7.7,7.6,7.7,0,0
IDM_PE,D,20080218,000000,7.7,7.9,7.7,7.7,0,0
IDM_PE,D,20080219,000000,7.6,7.7,7.5,7.6,0,0
IDM_PE,D,20080220,000000,7.6,7.6,7.4,7.5,0,0
IDM_PE,D,20080221,000000,7.6,7.6,7.5,7.5,0,0
IDM_PE,D,20080222,000000,7.6,7.8,7.5,7.8,0,0
IDM_PE,D,20080225,000000,7.8,8.3,7.8,8.1,0,0
IDM_PE,D,20080226,000000,8.3,8.5,8.1,8.1,0,0
IDM_PE,D,20080227,000000,8.2,8.4,8,8.2,0,0
IDM_PE,D,20080228,000000,8.2,8.4,8.2,8.3,0,0
IDM_PE,D,20080229,000000,8.3,8.3,8,8.2,0,0
IDM_PE,D,20080303,000000,8.2,8.2,6.3,6.3,0,0
IDM_PE,D,20080304,000000,6.5,6.5,6.3,6.4,0,0
IDM_PE,D,20080305,000000,6.5,6.9,6.5,6.8,0,0
IDM_PE,D,20080306,000000,6.8,6.9,6.7,6.8,0,0
IDM_PE,D,20080307,000000,6.6,6.7,6.5,6.6,0,0
IDM_PE,D,20080310,000000,6.6,6.7,6.5,6.5,0,0
IDM_PE,D,20080311,000000,6.5,6.9,6.5,6.9,0,0
IDM_PE,D,20080312,000000,7,7,6.7,7,0,0
IDM_PE,D,20080313,000000,6.8,7,6.6,6.6,0,0
IDM_PE,D,20080314,000000,6.6,6.8,6.6,6.8,0,0
IDM_PE,D,20080317,000000,6.6,6.7,6.5,6.5,0,0
IDM_PE,D,20080318,000000,6.5,6.6,6.4,6.5,0,0
IDM_PE,D,20080319,000000,6.5,6.5,6.3,6.3,0,0
IDM_PE,D,20080320,000000,6.3,6.3,6.2,6.2,0,0
IDM_PE,D,20080325,000000,6.3,6.3,6.2,6.3,0,0
IDM_PE,D,20080326,000000,6.3,6.3,6.2,6.2,0,0
IDM_PE,D,20080327,000000,6.2,6.5,6.2,6.5,0,0
IDM_PE,D,20080328,000000,6.5,6.7,6.4,6.6,0,0
IDM_PE,D,20080331,000000,6.6,6.6,6.6,6.6,0,0
IDM_PE,D,20080401,000000,6.6,6.7,6.5,6.6,0,0
IDM_PE,D,20080402,000000,6.7,6.7,6.6,6.6,0,0
IDM_PE,D,20080403,000000,6.7,6.7,6.4,6.5,0,0
IDM_PE,D,20080404,000000,6.5,6.6,6.4,6.4,0,0
IDM_PE,D,20080407,000000,6.4,6.4,6.3,6.3,0,0
IDM_PE,D,20080408,000000,6.2,6.2,6.1,6.2,0,0
IDM_PE,D,20080409,000000,6.1,6.2,6.1,6.1,0,0
IDM_PE,D,20080410,000000,6.1,6.1,6,6.1,0,0
IDM_PE,D,20080411,000000,6.1,6.2,6,6,0,0
IDM_PE,D,20080414,000000,6,6,5.6,5.6,0,0
IDM_PE,D,20080415,000000,5.6,5.6,5.1,5.1,0,0
IDM_PE,D,20080416,000000,5.1,5.4,4.8,5.4,0,0
IDM_PE,D,20080417,000000,5.5,5.7,5.5,5.5,0,0
IDM_PE,D,20080418,000000,5.5,5.5,5.1,5.1,0,0
IDM_PE,D,20080421,000000,3.2,3.2,2.9,3,0,0
IDM_PE,D,20080422,000000,3,3,2.8,3,0,0
IDM_PE,D,20080423,000000,3.1,3.1,2.8,2.8,0,0
IDM_PE,D,20080424,000000,2.8,3,2.8,2.9,0,0
IDM_PE,D,20080425,000000,2.9,3.1,2.9,3.1,0,0
IDM_PE,D,20080428,000000,3.1,3.1,3,3.1,0,0
IDM_PE,D,20080429,000000,3.1,3.1,3,3,0,0
IDM_PE,D,20080430,000000,3,3.1,3,3,0,0
IDM_PE,D,20080505,000000,3.1,3.1,3,3.1,0,0
IDM_PE,D,20080506,000000,3,3,2.8,2.9,0,0
IDM_PE,D,20080507,000000,2.8,3.2,2.8,3.2,0,0
IDM_PE,D,20080508,000000,3.2,3.2,3.1,3.1,0,0
IDM_PE,D,20080509,000000,3.1,3.1,3,3.1,0,0
IDM_PE,D,20080512,000000,3.1,3.1,2.9,2.9,0,0
IDM_PE,D,20080513,000000,2.9,3,2.9,2.9,0,0
IDM_PE,D,20080514,000000,2.9,3,2.9,3,0,0
IDM_PE,D,20080515,000000,3,3,2.9,2.9,0,0
IDM_PE,D,20080516,000000,2.9,3,2.9,2.9,0,0
IDM_PE,D,20080519,000000,2.9,2.9,2.8,2.9,0,0
IDM_PE,D,20080520,000000,2.9,2.9,2.7,2.7,0,0
IDM_PE,D,20080521,000000,2.7,2.7,2.6,2.7,0,0
IDM_PE,D,20080523,000000,2.7,2.7,2.7,2.7,0,0
IDM_PE,D,20080526,000000,2.7,2.8,2.7,2.7,0,0
IDM_PE,D,20080527,000000,2.7,2.7,2.7,2.7,0,0
IDM_PE,D,20080528,000000,2.7,2.8,2.7,2.7,0,0
IDM_PE,D,20080529,000000,2.7,2.8,2.7,2.7,0,0
IDM_PE,D,20080530,000000,2.7,2.7,2.7,2.7,0,0
IDM_PE,D,20080602,000000,2.8,2.8,2.7,2.8,0,0
IDM_PE,D,20080603,000000,2.8,2.9,2.8,2.8,0,0
IDM_PE,D,20080604,000000,2.8,3,2.8,3,0,0
IDM_PE,D,20080605,000000,3,3.1,3,3,0,0
IDM_PE,D,20080606,000000,3.1,3.1,2.9,2.9,0,0
IDM_PE,D,20080609,000000,2.8,2.9,2.7,2.8,0,0
IDM_PE,D,20080610,000000,2.8,2.8,2.8,2.8,0,0
IDM_PE,D,20080611,000000,2.8,2.9,2.8,2.8,0,0
IDM_PE,D,20080612,000000,2.7,2.8,2.7,2.8,0,0
IDM_PE,D,20080613,000000,2.8,2.8,2.8,2.8,0,0
IDM_PE,D,20080616,000000,2.8,2.8,2.7,2.8,0,0
IDM_PE,D,20080617,000000,2.8,2.8,2.8,2.8,0,0
IDM_PE,D,20080618,000000,2.8,2.9,2.8,2.8,0,0
IDM_PE,D,20080619,000000,2.8,2.8,2.8,2.8,0,0
IDM_PE,D,20080620,000000,2.8,2.8,2.7,2.8,0,0
IDM_PE,D,20080623,000000,2.8,2.9,2.7,2.7,0,0
IDM_PE,D,20080624,000000,2.7,2.7,2.5,2.5,0,0
IDM_PE,D,20080625,000000,2.5,2.5,2.5,2.5,0,0
IDM_PE,D,20080626,000000,2.6,2.6,2.4,2.4,0,0
IDM_PE,D,20080627,000000,2.4,2.7,2.3,2.6,0,0
IDM_PE,D,20080630,000000,2.7,2.7,2.5,2.6,0,0
IDM_PE,D,20080701,000000,2.7,2.7,2.5,2.5,0,0
IDM_PE,D,20080702,000000,2.5,2.5,2.5,2.5,0,0
IDM_PE,D,20080703,000000,2.5,2.5,2.4,2.5,0,0
IDM_PE,D,20080704,000000,2.6,2.6,2.4,2.4,0,0
IDM_PE,D,20080707,000000,2.4,2.4,2.2,2.2,0,0
IDM_PE,D,20080708,000000,2.3,2.3,2,2.1,0,0
IDM_PE,D,20080709,000000,2.1,2.2,2.1,2.1,0,0
IDM_PE,D,20080710,000000,2.1,2.1,1.9,2,0,0
IDM_PE,D,20080711,000000,2,2,1.9,1.9,0,0
IDM_PE,D,20080714,000000,1.9,1.9,1.8,1.9,0,0
IDM_PE,D,20080715,000000,1.8,1.9,1.8,1.8,0,0
IDM_PE,D,20080716,000000,1.8,1.8,1.7,1.8,0,0
IDM_PE,D,20080717,000000,1.8,1.9,1.8,1.9,0,0
IDM_PE,D,20080718,000000,2,2,1.8,1.9,0,0
IDM_PE,D,20080721,000000,1.9,2,1.9,2,0,0
IDM_PE,D,20080722,000000,2,2,1.9,1.9,0,0
IDM_PE,D,20080723,000000,2,2,1.9,1.9,0,0
IDM_PE,D,20080724,000000,1.9,1.9,1.8,1.9,0,0
IDM_PE,D,20080725,000000,1.7,1.9,1.7,1.9,0,0
IDM_PE,D,20080728,000000,1.9,2,1.9,2,0,0
IDM_PE,D,20080729,000000,2,2,1.9,2,0,0
IDM_PE,D,20080730,000000,2.1,2.2,2.1,2.2,0,0
IDM_PE,D,20080731,000000,2.2,2.5,2.1,2.3,0,0
IDM_PE,D,20080801,000000,2.3,2.3,2.2,2.2,0,0
IDM_PE,D,20080804,000000,2.2,2.2,2.1,2.1,0,0
IDM_PE,D,20080805,000000,2.1,2.1,2.1,2.1,0,0
IDM_PE,D,20080806,000000,2.1,2.1,1.9,2,0,0
IDM_PE,D,20080807,000000,1.9,2,1.9,2,0,0
IDM_PE,D,20080808,000000,2,2,2,2,0,0
IDM_PE,D,20080811,000000,1.9,1.9,1.9,1.9,0,0
IDM_PE,D,20080812,000000,1.9,2,1.9,1.9,0,0
IDM_PE,D,20080813,000000,1.9,2,1.9,2,0,0
IDM_PE,D,20080814,000000,2,2.1,2,2,0,0
IDM_PE,D,20080818,000000,2,2.7,2,2.7,0,0
IDM_PE,D,20080819,000000,2.6,2.7,2.6,2.6,0,0
IDM_PE,D,20080820,000000,2.6,2.6,2.5,2.6,0,0
IDM_PE,D,20080821,000000,2.5,2.7,2.5,2.6,0,0
IDM_PE,D,20080822,000000,2.6,2.7,2.6,2.6,0,0
IDM_PE,D,20080825,000000,2.5,2.7,2.5,2.6,0,0
IDM_PE,D,20080826,000000,2.6,2.6,2.6,2.6,0,0
IDM_PE,D,20080827,000000,2.6,2.6,2.6,2.6,0,0
IDM_PE,D,20080828,000000,2.6,2.7,2.6,2.7,0,0
IDM_PE,D,20080829,000000,2.7,2.8,2.6,2.6,0,0
IDM_PE,D,20080901,000000,2.6,2.8,2.6,2.8,0,0
IDM_PE,D,20080902,000000,2.8,2.9,2.8,2.9,0,0
IDM_PE,D,20080903,000000,2.9,3,2.8,3,0,0
IDM_PE,D,20080904,000000,3,3,2.9,2.9,0,0
IDM_PE,D,20080905,000000,2.8,2.9,2.6,2.6,0,0
IDM_PE,D,20080908,000000,2.7,2.7,2.7,2.7,0,0
IDM_PE,D,20080909,000000,2.7,2.7,2.6,2.7,0,0
IDM_PE,D,20080910,000000,2.6,2.7,2.6,2.6,0,0
IDM_PE,D,20080911,000000,2.6,2.6,2.5,2.5,0,0
IDM_PE,D,20080912,000000,2.5,2.5,2.5,2.5,0,0
IDM_PE,D,20080915,000000,2.5,2.5,2.3,2.4,0,0
IDM_PE,D,20080916,000000,2.4,2.4,2.3,2.4,0,0
IDM_PE,D,20080917,000000,2.4,2.4,2.3,2.4,0,0
IDM_PE,D,20080918,000000,2.3,2.4,2.3,2.4,0,0
IDM_PE,D,20080919,000000,2.5,2.5,2.4,2.5,0,0
IDM_PE,D,20080922,000000,2.5,2.5,2.4,2.4,0,0
IDM_PE,D,20080923,000000,2.4,2.4,2.4,2.4,0,0
IDM_PE,D,20080924,000000,2.4,2.4,2.4,2.4,0,0
IDM_PE,D,20080925,000000,2.4,2.5,2.4,2.5,0,0
IDM_PE,D,20080926,000000,2.5,2.5,2.5,2.5,0,0
IDM_PE,D,20080929,000000,2.4,2.4,2.4,2.4,0,0
IDM_PE,D,20080930,000000,2.3,2.4,2.3,2.4,0,0
IDM_PE,D,20081001,000000,2.4,2.4,2.3,2.3,0,0
IDM_PE,D,20081002,000000,2.3,2.3,2.2,2.3,0,0
IDM_PE,D,20081003,000000,2.3,2.3,2.2,2.2,0,0
IDM_PE,D,20081006,000000,2.2,2.2,1.9,1.9,0,0
IDM_PE,D,20081007,000000,2,2,1.8,2,0,0
IDM_PE,D,20081008,000000,1.8,2.1,1.8,2.1,0,0
IDM_PE,D,20081009,000000,2.1,2.1,2,2,0,0
IDM_PE,D,20081010,000000,1.9,1.9,1.8,1.9,0,0
IDM_PE,D,20081013,000000,2,2,1.9,1.9,0,0
IDM_PE,D,20081014,000000,2,2,1.9,2,0,0
IDM_PE,D,20081015,000000,2,2.1,1.9,2.1,0,0
IDM_PE,D,20081016,000000,2,2.1,2,2.1,0,0
IDM_PE,D,20081017,000000,2.1,2.2,2.1,2.2,0,0
IDM_PE,D,20081020,000000,2.2,2.2,2.2,2.2,0,0
IDM_PE,D,20081021,000000,2.3,2.3,2.2,2.2,0,0
IDM_PE,D,20081022,000000,2.2,2.2,2.1,2.1,0,0
IDM_PE,D,20081023,000000,2.1,2.1,1.9,2,0,0
IDM_PE,D,20081024,000000,1.9,2,1.9,2,0,0
IDM_PE,D,20081027,000000,2,2,1.8,1.8,0,0
IDM_PE,D,20081028,000000,1.8,1.8,1.7,1.8,0,0
IDM_PE,D,20081029,000000,1.9,1.9,1.8,1.9,0,0
IDM_PE,D,20081030,000000,1.9,1.9,1.8,1.8,0,0
IDM_PE,D,20081031,000000,1.8,1.8,1.7,1.7,0,0
IDM_PE,D,20081103,000000,1.7,1.8,1.7,1.7,0,0
IDM_PE,D,20081104,000000,1.7,1.9,1.7,1.9,0,0
IDM_PE,D,20081105,000000,2,2,1.9,1.9,0,0
IDM_PE,D,20081106,000000,1.8,1.9,1.8,1.8,0,0
IDM_PE,D,20081107,000000,1.9,1.9,1.7,1.9,0,0
IDM_PE,D,20081110,000000,1.9,2,1.9,1.9,0,0
IDM_PE,D,20081112,000000,1.9,1.9,1.7,1.8,0,0
IDM_PE,D,20081113,000000,1.7,1.8,1.7,1.8,0,0
IDM_PE,D,20081114,000000,1.9,1.9,1.9,1.9,0,0
IDM_PE,D,20081117,000000,1.9,2.3,1.9,2.3,0,0
IDM_PE,D,20081118,000000,2.4,2.4,2.3,2.3,0,0
IDM_PE,D,20081119,000000,2.3,2.3,2.3,2.3,0,0
IDM_PE,D,20081120,000000,2.1,2.3,2.1,2.2,0,0
IDM_PE,D,20081121,000000,2.2,2.3,2.2,2.3,0,0
IDM_PE,D,20081124,000000,2.3,2.3,2.3,2.3,0,0
IDM_PE,D,20081125,000000,2.3,2.3,2.2,2.2,0,0
IDM_PE,D,20081126,000000,2.2,2.2,2.1,2.2,0,0
IDM_PE,D,20081127,000000,2.2,2.2,2.1,2.1,0,0
IDM_PE,D,20081128,000000,2.1,2.1,2,2,0,0
IDM_PE,D,20081201,000000,2,2,1.8,1.8,0,0
IDM_PE,D,20081202,000000,1.7,1.8,1.7,1.8,0,0
IDM_PE,D,20081203,000000,1.8,1.8,1.6,1.6,0,0
IDM_PE,D,20081204,000000,1.6,1.7,1.6,1.6,0,0
IDM_PE,D,20081205,000000,1.6,1.7,1.6,1.6,0,0
IDM_PE,D,20081208,000000,1.6,1.8,1.6,1.8,0,0
IDM_PE,D,20081209,000000,1.9,2,1.8,1.9,0,0
IDM_PE,D,20081210,000000,1.9,1.9,1.8,1.8,0,0
IDM_PE,D,20081211,000000,1.8,1.8,1.7,1.8,0,0
IDM_PE,D,20081212,000000,1.7,1.7,1.7,1.7,0,0
IDM_PE,D,20081215,000000,1.7,1.7,1.7,1.7,0,0
IDM_PE,D,20081216,000000,1.7,1.7,1.6,1.6,0,0
IDM_PE,D,20081217,000000,1.6,1.6,1.5,1.6,0,0
IDM_PE,D,20081218,000000,1.6,1.6,1.4,1.4,0,0
IDM_PE,D,20081219,000000,1.3,1.4,1.3,1.4,0,0
IDM_PE,D,20081222,000000,1.4,1.4,1.3,1.4,0,0
IDM_PE,D,20081223,000000,1.4,1.4,1.3,1.3,0,0
IDM_PE,D,20081229,000000,1.3,1.3,1.3,1.3,0,0
IDM_PE,D,20081230,000000,1.3,1.3,1.3,1.3,0,0
IDM_PE,D,20081231,000000,1.3,1.4,1.3,1.4,0,0
IDM_PE,D,20090105,000000,1.4,1.5,1.4,1.5,0,0
IDM_PE,D,20090106,000000,1.5,1.5,1.4,1.4,0,0
IDM_PE,D,20090107,000000,1.4,1.4,1.4,1.4,0,0
IDM_PE,D,20090108,000000,1.4,1.4,1.4,1.4,0,0
IDM_PE,D,20090109,000000,1.4,1.4,1.3,1.3,0,0
IDM_PE,D,20090112,000000,1.3,1.4,1.3,1.4,0,0
IDM_PE,D,20090113,000000,1.4,1.4,1.3,1.3,0,0
IDM_PE,D,20090114,000000,1.3,1.5,1.3,1.4,0,0
IDM_PE,D,20090115,000000,1.4,1.5,1.4,1.5,0,0
IDM_PE,D,20090116,000000,1.6,1.6,1.5,1.5,0,0
IDM_PE,D,20090119,000000,1.5,1.5,1.4,1.4,0,0
IDM_PE,D,20090120,000000,1.4,1.5,1.4,1.4,0,0
IDM_PE,D,20090121,000000,1.4,1.4,1.3,1.4,0,0
IDM_PE,D,20090122,000000,1.5,1.5,1.3,1.3,0,0
IDM_PE,D,20090123,000000,1.3,1.3,1.3,1.3,0,0
IDM_PE,D,20090126,000000,1.3,1.3,1.3,1.3,0,0
IDM_PE,D,20090127,000000,1.3,1.3,1.2,1.2,0,0
IDM_PE,D,20090128,000000,1.3,1.3,1.2,1.2,0,0
IDM_PE,D,20090129,000000,1.2,1.2,1.2,1.2,0,0
IDM_PE,D,20090130,000000,1.2,1.2,1.2,1.2,0,0
IDM_PE,D,20090202,000000,1.2,1.2,1.1,1.2,0,0
IDM_PE,D,20090203,000000,1.2,1.2,1.1,1.1,0,0
IDM_PE,D,20090204,000000,1.1,1.1,1.1,1.1,0,0
IDM_PE,D,20090205,000000,1.1,1.1,1,1,0,0
IDM_PE,D,20090206,000000,1,1.1,1,1.1,0,0
IDM_PE,D,20090209,000000,1.1,1.2,1.1,1.2,0,0
IDM_PE,D,20090210,000000,1.2,1.2,1.1,1.2,0,0
IDM_PE,D,20090211,000000,1.2,1.2,1.1,1.1,0,0
IDM_PE,D,20090212,000000,1.1,1.1,1.1,1.1,0,0
IDM_PE,D,20090213,000000,1.1,1.2,1.1,1.1,0,0
IDM_PE,D,20090216,000000,1.1,1.1,1,1.1,0,0
IDM_PE,D,20090217,000000,1.1,1.1,1,1,0,0
IDM_PE,D,20090218,000000,1,1.1,1,1,0,0
IDM_PE,D,20090219,000000,1,1.1,1,1.1,0,0
IDM_PE,D,20090220,000000,1.1,1.1,1,1.1,0,0
IDM_PE,D,20090223,000000,1.2,1.2,1.1,1.1,0,0
IDM_PE,D,20090224,000000,1.1,1.1,1,1.1,0,0
IDM_PE,D,20090225,000000,1.1,1.1,1.1,1.1,0,0
IDM_PE,D,20090226,000000,1.1,1.1,1.1,1.1,0,0
IDM_PE,D,20090227,000000,1.1,1.1,1,1.1,0,0
IDM_PE,D,20090302,000000,1.1,1.1,1,1.1,0,0
IDM_PE,D,20090303,000000,1,1,1,1,0,0
IDM_PE,D,20090304,000000,1,1,1,1,0,0
IDM_PE,D,20100303,000000,8.6,8.6,8.6,8.6,0,0
IDM_PE,D,20100304,000000,8.5,8.6,8.4,8.6,0,0
IDM_PE,D,20100305,000000,8.7,9,8.7,9,0,0
IDM_PE,D,20100308,000000,9.1,9.1,8.8,8.9,0,0
IDM_PE,D,20100309,000000,8.9,8.9,8.6,8.7,0,0
IDM_PE,D,20100310,000000,8.7,8.9,8.7,8.8,0,0
IDM_PE,D,20100311,000000,8.7,9.2,8.7,9,0,0
IDM_PE,D,20100312,000000,10.1,10.7,9.9,10.4,0,0
IDM_PE,D,20100315,000000,11.2,11.4,10.5,10.5,0,0
IDM_PE,D,20100316,000000,10.6,10.6,10.2,10.3,0,0
IDM_PE,D,20100317,000000,10.3,10.6,10.1,10.2,0,0
IDM_PE,D,20100318,000000,10.2,10.2,9.5,9.5,0,0
IDM_PE,D,20100319,000000,9.5,9.9,9.5,9.6,0,0
IDM_PE,D,20100322,000000,9.7,9.7,9.3,9.7,0,0
IDM_PE,D,20100323,000000,9.7,10.5,9.7,10.3,0,0
IDM_PE,D,20100324,000000,10.5,10.7,10.2,10.5,0,0
IDM_PE,D,20100325,000000,10.6,10.7,10.5,10.6,0,0
IDM_PE,D,20100326,000000,10.6,10.6,10.3,10.3,0,0
IDM_PE,D,20100329,000000,10.3,10.6,10.3,10.4,0,0
IDM_PE,D,20100330,000000,10.5,10.5,10,10.1,0,0
IDM_PE,D,20100331,000000,10,10.4,10,10.3,0,0
IDM_PE,D,20100401,000000,10.3,10.9,10.3,10.8,0,0
IDM_PE,D,20100406,000000,10.8,10.8,10.5,10.7,0,0
IDM_PE,D,20100407,000000,10.5,10.5,10.3,10.4,0,0
IDM_PE,D,20100408,000000,10.4,10.4,10.1,10.2,0,0
IDM_PE,D,20100409,000000,10.3,10.6,10.3,10.5,0,0
IDM_PE,D,20100412,000000,10.4,10.8,10.4,10.7,0,0
IDM_PE,D,20100413,000000,10.7,10.9,10.5,10.9,0,0
IDM_PE,D,20100414,000000,10.9,10.9,10.7,10.7,0,0
IDM_PE,D,20100415,000000,10.8,11,10.7,11,0,0
IDM_PE,D,20100416,000000,10.9,10.9,10.6,10.6,0,0
IDM_PE,D,20100419,000000,10.4,10.4,9.9,10.2,0,0
IDM_PE,D,20100420,000000,10.2,10.6,10.2,10.5,0,0
IDM_PE,D,20100421,000000,10.6,10.6,10.4,10.4,0,0
IDM_PE,D,20100422,000000,10.4,10.4,10.1,10.1,0,0
IDM_PE,D,20100423,000000,10.2,10.4,10.2,10.4,0,0
IDM_PE,D,20100426,000000,10.6,10.7,10.6,10.6,0,0
IDM_PE,D,20100427,000000,10.5,10.7,10.4,10.6,0,0
IDM_PE,D,20100428,000000,10.3,10.5,10.2,10.4,0,0
IDM_PE,D,20100429,000000,10.4,10.6,10.2,10.4,0,0
IDM_PE,D,20100430,000000,10.5,10.5,10.4,10.4,0,0
IDM_PE,D,20100504,000000,10.4,10.4,10,10,0,0
IDM_PE,D,20100505,000000,10,10,9.7,9.9,0,0
IDM_PE,D,20100506,000000,9.8,10,9.7,9.9,0,0
IDM_PE,D,20100507,000000,9.5,9.7,9.4,9.4,0,0
IDM_PE,D,20100510,000000,9.7,14,9.7,14,0,0
IDM_PE,D,20100511,000000,13.8,14,13.7,13.8,0,0
IDM_PE,D,20100512,000000,13.8,14.1,13.8,14,0,0
IDM_PE,D,20100513,000000,14.2,14.3,13.9,14.2,0,0
IDM_PE,D,20100514,000000,14,14,13.9,13.9,0,0
IDM_PE,D,20100517,000000,13.7,14,13.7,13.8,0,0
IDM_PE,D,20100518,000000,14.3,14.4,13.8,14.1,0,0
IDM_PE,D,20100519,000000,13.8,13.8,10.5,10.5,0,0
IDM_PE,D,20100520,000000,10.4,10.6,9.7,9.8,0,0
IDM_PE,D,20100521,000000,9.8,10.1,9.7,10.1,0,0
IDM_PE,D,20100524,000000,10.2,10.3,10,10.1,0,0
IDM_PE,D,20100525,000000,9.7,9.8,9.7,9.7,0,0
IDM_PE,D,20100526,000000,9.9,10.2,9.9,10.1,0,0
IDM_PE,D,20100527,000000,10.1,10.4,10.1,10.3,0,0
IDM_PE,D,20100528,000000,10.6,10.6,10.3,10.3,0,0
IDM_PE,D,20100531,000000,10.3,10.4,10.3,10.3,0,0
IDM_PE,D,20100601,000000,10.2,10.2,10,10.2,0,0
IDM_PE,D,20100602,000000,10.2,10.4,10.2,10.3,0,0
IDM_PE,D,20100604,000000,10.4,10.4,10,10.1,0,0
IDM_PE,D,20100607,000000,10,10.1,9.9,9.9,0,0
IDM_PE,D,20100608,000000,10,10.1,9.9,10,0,0
IDM_PE,D,20100609,000000,10.1,10.2,10,10.2,0,0
IDM_PE,D,20100610,000000,10.1,10.4,10.1,10.4,0,0
IDM_PE,D,20100611,000000,10.4,10.4,10.1,10.2,0,0
IDM_PE,D,20100614,000000,10.3,10.4,10.1,10.4,0,0
IDM_PE,D,20100615,000000,10.4,10.4,10,10,0,0
IDM_PE,D,20100616,000000,10.2,10.2,9.9,9.9,0,0
IDM_PE,D,20100617,000000,9.9,9.9,9.8,9.9,0,0
IDM_PE,D,20100618,000000,9.9,9.9,9.6,9.7,0,0
IDM_PE,D,20100621,000000,9.9,9.9,9.7,9.8,0,0
IDM_PE,D,20100622,000000,9.8,9.8,9.6,9.7,0,0
IDM_PE,D,20100623,000000,9.6,9.7,9.6,9.7,0,0
IDM_PE,D,20100624,000000,9.7,10.3,9.7,10.2,0,0
IDM_PE,D,20100625,000000,10.1,10.3,10,10.3,0,0
IDM_PE,D,20100628,000000,10.4,10.8,10.4,10.6,0,0
IDM_PE,D,20100629,000000,10.5,11.1,10.4,10.9,0,0
IDM_PE,D,20100630,000000,11,11,10.8,10.8,0,0
IDM_PE,D,20100701,000000,10.7,10.9,10.6,10.7,0,0
IDM_PE,D,20100702,000000,10.8,10.9,10.7,10.9,0,0
IDM_PE,D,20100705,000000,10.9,11.1,10.9,11,0,0
IDM_PE,D,20100706,000000,11,11.3,11,11.3,0,0
IDM_PE,D,20100707,000000,11.2,11.3,11.1,11.3,0,0
IDM_PE,D,20100708,000000,11.3,11.6,11.3,11.4,0,0
IDM_PE,D,20100709,000000,11.5,11.5,11.3,11.4,0,0
IDM_PE,D,20100712,000000,11.4,11.5,11.4,11.5,0,0
IDM_PE,D,20100713,000000,11.5,11.9,11.5,11.9,0,0
IDM_PE,D,20100714,000000,12.1,12.2,11.8,11.8,0,0
IDM_PE,D,20100715,000000,11.8,12,11.7,11.7,0,0
IDM_PE,D,20100716,000000,11.7,11.8,11.7,11.7,0,0
IDM_PE,D,20100719,000000,11.6,11.7,11.4,11.6,0,0
IDM_PE,D,20100720,000000,11.7,11.7,11.6,11.6,0,0
IDM_PE,D,20100721,000000,11.7,11.9,11.7,11.9,0,0
IDM_PE,D,20100722,000000,11.8,12,11.8,12,0,0
IDM_PE,D,20100723,000000,12.1,12.1,11.8,11.9,0,0
IDM_PE,D,20100726,000000,11.9,11.9,11.7,11.8,0,0
IDM_PE,D,20100727,000000,11.8,11.9,11.6,11.7,0,0
IDM_PE,D,20100728,000000,11.7,11.8,11.6,11.6,0,0
IDM_PE,D,20100729,000000,11.6,11.6,11.4,11.5,0,0
IDM_PE,D,20100730,000000,11.5,11.5,11.2,11.3,0,0
IDM_PE,D,20100802,000000,11.4,11.6,11.3,11.3,0,0
IDM_PE,D,20100803,000000,11.3,11.3,10.8,11.1,0,0
IDM_PE,D,20100804,000000,11.1,11.4,11.1,11.2,0,0
IDM_PE,D,20100805,000000,11.3,11.5,11.3,11.3,0,0
IDM_PE,D,20100806,000000,11.3,11.3,11.2,11.2,0,0
IDM_PE,D,20100809,000000,11.3,11.3,11.1,11.1,0,0
IDM_PE,D,20100810,000000,11.2,11.2,10.9,11,0,0
IDM_PE,D,20100811,000000,11,11,10.8,10.9,0,0
IDM_PE,D,20100812,000000,10.8,10.9,10.8,10.8,0,0
IDM_PE,D,20100813,000000,10.8,10.9,10.8,10.8,0,0
IDM_PE,D,20100816,000000,10.8,11,10.8,11,0,0
IDM_PE,D,20100817,000000,11,11,10.9,10.9,0,0
IDM_PE,D,20100818,000000,11,11.2,10.9,11.1,0,0
IDM_PE,D,20100819,000000,11.1,11.1,10.9,10.9,0,0
IDM_PE,D,20100820,000000,10.9,11,10.8,10.9,0,0
IDM_PE,D,20100823,000000,10.9,11.2,10.9,11,0,0
IDM_PE,D,20100824,000000,11,11,10.8,11,0,0
IDM_PE,D,20100825,000000,11,11,10.9,11,0,0
IDM_PE,D,20100826,000000,11,11.2,11,11.1,0,0
IDM_PE,D,20100827,000000,11.1,11.2,11.1,11.2,0,0
IDM_PE,D,20100830,000000,11.3,11.7,11.2,11.6,0,0
IDM_PE,D,20100831,000000,11.5,11.7,11.3,11.6,0,0
IDM_PE,D,20100901,000000,11.2,11.8,11.2,11.8,0,0
IDM_PE,D,20100902,000000,11.8,12.1,11.8,12.1,0,0
IDM_PE,D,20100903,000000,12.2,15.3,12,15.3,0,0
IDM_PE,D,20100906,000000,15.4,17.6,15.4,17.3,0,0
IDM_PE,D,20100907,000000,17.6,18.3,16.9,17.6,0,0
IDM_PE,D,20100908,000000,17.3,17.7,17.2,17.3,0,0
IDM_PE,D,20100909,000000,17.5,17.7,17.2,17.3,0,0
IDM_PE,D,20100910,000000,17.4,17.6,17.1,17.3,0,0
IDM_PE,D,20100913,000000,17.3,19,17.3,18.9,0,0
IDM_PE,D,20100914,000000,18.8,18.8,17.8,17.8,0,0
IDM_PE,D,20100915,000000,17.8,17.8,17.2,17.3,0,0
IDM_PE,D,20100916,000000,17.4,17.8,17.1,17.7,0,0
IDM_PE,D,20100917,000000,17.7,17.8,17.3,17.3,0,0
IDM_PE,D,20100920,000000,17.4,17.8,17.4,17.8,0,0
IDM_PE,D,20100921,000000,18.1,19.1,18.1,18.9,0,0
IDM_PE,D,20100922,000000,18.8,18.8,18.3,18.6,0,0
IDM_PE,D,20100923,000000,18.6,18.6,17.9,18.1,0,0
IDM_PE,D,20100924,000000,18,19.2,18,19,0,0
IDM_PE,D,20100927,000000,19.2,19.3,18.7,18.8,0,0
IDM_PE,D,20100928,000000,18.5,19.2,18.4,18.6,0,0
IDM_PE,D,20100929,000000,18.9,18.9,18.4,18.6,0,0
IDM_PE,D,20100930,000000,18.4,18.7,18.4,18.5,0,0
IDM_PE,D,20101001,000000,18.4,18.4,18.2,18.3,0,0
IDM_PE,D,20101004,000000,18.4,18.8,17.9,18.6,0,0
IDM_PE,D,20101005,000000,18.2,18.5,18.2,18.4,0,0
IDM_PE,D,20101006,000000,18.5,18.7,18.3,18.3,0,0
IDM_PE,D,20101007,000000,18.3,18.3,17.8,18,0,0
IDM_PE,D,20101008,000000,17.9,18,17.5,17.7,0,0
IDM_PE,D,20101011,000000,17.8,18.4,17.6,18.4,0,0
IDM_PE,D,20101012,000000,18.3,18.3,17.8,17.8,0,0
IDM_PE,D,20101013,000000,17.7,18,17.6,17.6,0,0
IDM_PE,D,20101014,000000,17.7,17.8,17.5,17.7,0,0
IDM_PE,D,20101015,000000,17.8,17.8,17.3,17.3,0,0
IDM_PE,D,20101018,000000,17.1,17.8,17.1,17.8,0,0
IDM_PE,D,20101019,000000,17.6,18.3,17.4,17.7,0,0
IDM_PE,D,20101020,000000,17.6,18,17.5,17.9,0,0
IDM_PE,D,20101021,000000,18,18.3,18,18.2,0,0
IDM_PE,D,20101022,000000,18.2,18.5,18,18.5,0,0
IDM_PE,D,20101025,000000,18.6,19.1,18.6,19,0,0
IDM_PE,D,20101026,000000,19,19,18.4,18.5,0,0
IDM_PE,D,20101027,000000,18.2,19.5,18.2,18.5,0,0
IDM_PE,D,20101028,000000,18.8,18.8,18.2,18.8,0,0
IDM_PE,D,20101029,000000,18.7,19.1,18.6,18.8,0,0
IDM_PE,D,20101102,000000,18.7,18.9,18.5,18.9,0,0
IDM_PE,D,20101103,000000,19,19.3,18.7,19.1,0,0
IDM_PE,D,20101104,000000,19.4,19.9,19.4,19.7,0,0
IDM_PE,D,20101105,000000,20,20,19.5,19.7,0,0
IDM_PE,D,20101108,000000,19.6,19.7,19.5,19.5,0,0
IDM_PE,D,20101109,000000,19.5,19.7,19.3,19.5,0,0
IDM_PE,D,20101110,000000,19.5,19.9,19.4,19.6,0,0
IDM_PE,D,20101112,000000,19.4,19.5,19.1,19.4,0,0
IDM_PE,D,20101115,000000,19.5,19.5,19.3,19.5,0,0
IDM_PE,D,20101116,000000,19,19,17.9,17.9,0,0
IDM_PE,D,20101117,000000,17.9,18.2,16.7,16.8,0,0
IDM_PE,D,20101118,000000,17.1,20.4,17,20.4,0,0
IDM_PE,D,20101119,000000,20.6,20.6,20,20.1,0,0
IDM_PE,D,20101122,000000,20.3,20.8,20.1,20.5,0,0
IDM_PE,D,20101123,000000,20.4,20.4,19.9,20,0,0
IDM_PE,D,20101124,000000,20.1,20.2,19.9,20.1,0,0
IDM_PE,D,20101125,000000,20.3,20.4,20.1,20.4,0,0
IDM_PE,D,20101126,000000,20.2,20.5,20,20.5,0,0
IDM_PE,D,20101129,000000,20.4,20.4,19.3,19.4,0,0
IDM_PE,D,20101130,000000,19.8,19.8,19,19.1,0,0
IDM_PE,D,20101201,000000,19.6,20.5,19.5,20.5,0,0
IDM_PE,D,20101202,000000,20.9,21.6,20.4,20.4,0,0
IDM_PE,D,20101203,000000,20.3,20.9,20,20.2,0,0
IDM_PE,D,20101206,000000,20.3,20.3,19.7,19.9,0,0
IDM_PE,D,20101207,000000,20,20.3,19.8,20,0,0
IDM_PE,D,20101208,000000,19.8,19.9,19.7,19.8,0,0
IDM_PE,D,20101209,000000,19.8,19.8,19.3,19.3,0,0
IDM_PE,D,20101210,000000,19.5,19.6,19.1,19.5,0,0
IDM_PE,D,20101213,000000,19.6,19.8,19.4,19.8,0,0
IDM_PE,D,20101214,000000,19.9,19.9,19.3,19.3,0,0
IDM_PE,D,20101215,000000,19.3,19.5,19.1,19.5,0,0
IDM_PE,D,20101216,000000,19.4,19.4,18.9,18.9,0,0
IDM_PE,D,20101217,000000,19,19.1,18.3,18.6,0,0
IDM_PE,D,20101220,000000,18.5,18.6,18,18,0,0
IDM_PE,D,20101221,000000,18.1,18.8,18,18.4,0,0
IDM_PE,D,20101222,000000,18.9,19,18.4,18.6,0,0
IDM_PE,D,20101223,000000,18.7,18.8,18.3,18.4,0,0
IDM_PE,D,20101227,000000,18.4,18.7,18.1,18.4,0,0
IDM_PE,D,20101228,000000,18.3,18.8,18.3,18.7,0,0
IDM_PE,D,20101229,000000,18.8,19.1,18.7,19,0,0
IDM_PE,D,20101230,000000,19.1,19.1,18.9,18.9,0,0
IDM_PE,D,20101231,000000,18.9,19,18.8,18.9,0,0
IDM_PE,D,20110103,000000,18.9,18.9,18.6,18.9,0,0
IDM_PE,D,20110104,000000,19,19,18.6,18.7,0,0
IDM_PE,D,20110105,000000,18.6,18.6,18,18.2,0,0
IDM_PE,D,20110107,000000,18.3,18.3,18,18.1,0,0
IDM_PE,D,20110110,000000,18.2,18.2,17.5,17.7,0,0
IDM_PE,D,20110111,000000,17.6,17.8,17.3,17.4,0,0
IDM_PE,D,20110112,000000,17.4,18.6,17.3,18.6,0,0
IDM_PE,D,20110113,000000,18.4,18.6,18.2,18.2,0,0
IDM_PE,D,20110114,000000,18.1,18.2,18,18.2,0,0
IDM_PE,D,20110117,000000,18.1,19,17.9,19,0,0
IDM_PE,D,20110118,000000,19,19.7,18.9,18.9,0,0
IDM_PE,D,20110119,000000,19,19.2,18.6,18.8,0,0
IDM_PE,D,20110120,000000,18.6,18.8,18.4,18.4,0,0
IDM_PE,D,20110121,000000,18.4,19.1,18.4,18.9,0,0
IDM_PE,D,20110124,000000,19.1,19.2,18.8,19,0,0
IDM_PE,D,20110125,000000,19.3,19.3,18.8,18.8,0,0
IDM_PE,D,20110126,000000,18.7,19,18.7,18.8,0,0
IDM_PE,D,20110127,000000,18.9,19.1,18.9,19,0,0
IDM_PE,D,20110128,000000,18.8,18.8,18.8,18.8,0,0
IDM_PE,D,20110131,000000,18.4,18.4,18.1,18.2,0,0
IDM_PE,D,20110201,000000,18.3,18.6,18.1,18.6,0,0
IDM_PE,D,20110202,000000,18.6,19,18.4,18.8,0,0
IDM_PE,D,20110203,000000,18.9,19.2,18.7,18.9,0,0
IDM_PE,D,20110204,000000,19,19.7,19,19.4,0,0
IDM_PE,D,20110207,000000,19.7,20.2,19.4,20.1,0,0
IDM_PE,D,20110208,000000,20.2,20.2,19.3,19.4,0,0
IDM_PE,D,20110209,000000,19.5,19.6,19.3,19.6,0,0
IDM_PE,D,20110210,000000,19.5,19.6,19,19,0,0
IDM_PE,D,20110211,000000,18.9,18.9,18.6,18.9,0,0
IDM_PE,D,20110214,000000,19,19.1,18.6,19.1,0,0
IDM_PE,D,20110215,000000,19.1,19.1,18.8,18.9,0,0
IDM_PE,D,20110216,000000,18.8,18.9,18.7,18.8,0,0
IDM_PE,D,20110217,000000,18.7,19.1,18.7,18.7,0,0
IDM_PE,D,20110218,000000,18.7,18.8,18.2,18.4,0,0
IDM_PE,D,20110221,000000,18.5,18.5,18.3,18.4,0,0
IDM_PE,D,20110222,000000,18.4,18.4,18.2,18.4,0,0
IDM_PE,D,20110223,000000,18.3,18.5,18.3,18.4,0,0
IDM_PE,D,20110224,000000,18.4,18.4,18.2,18.3,0,0
IDM_PE,D,20110225,000000,18.3,18.6,18.2,18.5,0,0
IDM_PE,D,20110228,000000,18.5,18.9,18.4,18.9,0,0
IDM_PE,D,20110301,000000,19,19,18.4,18.4,0,0
IDM_PE,D,20110302,000000,18.4,18.6,18.3,18.4,0,0
IDM_PE,D,20110303,000000,18.6,18.9,18.5,18.9,0,0
IDM_PE,D,20110304,000000,19,19.3,18.7,18.7,0,0
IDM_PE,D,20110307,000000,18.7,18.8,18.5,18.7,0,0
IDM_PE,D,20110308,000000,18.6,18.9,18.6,18.8,0,0
IDM_PE,D,20110309,000000,19,19,18.6,18.8,0,0
IDM_PE,D,20110310,000000,18.7,18.8,18.4,18.4,0,0
IDM_PE,D,20110311,000000,18.3,18.5,18,18.4,0,0
IDM_PE,D,20110314,000000,18.2,18.5,18.2,18.2,0,0
IDM_PE,D,20110315,000000,18.1,18.1,17.1,17.7,0,0
IDM_PE,D,20110316,000000,17.7,18,17.6,17.6,0,0
IDM_PE,D,20110317,000000,17.6,18,17.6,18,0,0
IDM_PE,D,20110318,000000,18,18.2,17.8,18.2,0,0
IDM_PE,D,20110321,000000,18.2,18.5,18.1,18.2,0,0
IDM_PE,D,20110322,000000,18.2,18.2,17.7,17.7,0,0
IDM_PE,D,20110323,000000,17.6,17.8,17.6,17.7,0,0
IDM_PE,D,20110324,000000,17.6,17.8,13.8,13.8,0,0
IDM_PE,D,20110325,000000,13.8,13.9,13.8,13.9,0,0
IDM_PE,D,20110328,000000,13.9,14,13.8,13.8,0,0
IDM_PE,D,20110329,000000,13.9,14,13.7,13.7,0,0
IDM_PE,D,20110330,000000,13.7,14,13.7,13.8,0,0
IDM_PE,D,20110331,000000,13.9,13.9,13.7,13.8,0,0
IDM_PE,D,20110401,000000,14,14,13.8,13.9,0,0
IDM_PE,D,20110404,000000,13.9,13.9,13.7,13.7,0,0
IDM_PE,D,20110405,000000,13.7,14.1,13.7,14.1,0,0
IDM_PE,D,20110406,000000,14.1,14.3,14.1,14.2,0,0
IDM_PE,D,20110407,000000,14.3,14.3,14,14,0,0
IDM_PE,D,20110408,000000,14.1,14.1,13.8,13.8,0,0
IDM_PE,D,20110411,000000,13.8,13.8,13.7,13.8,0,0
IDM_PE,D,20110412,000000,13.7,13.8,13.6,13.7,0,0
IDM_PE,D,20110413,000000,13.7,13.7,13.5,13.7,0,0
IDM_PE,D,20110414,000000,13.6,13.7,13.4,13.5,0,0
IDM_PE,D,20110415,000000,13.4,13.6,13.1,13.5,0,0
IDM_PE,D,20110418,000000,13.5,13.7,13.2,13.4,0,0
IDM_PE,D,20110419,000000,13.4,13.7,13.4,13.6,0,0
IDM_PE,D,20110420,000000,13.6,14,13.6,13.6,0,0
IDM_PE,D,20110421,000000,13.8,13.8,13.6,13.6,0,0
IDM_PE,D,20110426,000000,13.6,13.6,13.5,13.5,0,0
IDM_PE,D,20110427,000000,13.6,13.6,13.4,13.5,0,0
IDM_PE,D,20110428,000000,13.5,13.6,13.4,13.5,0,0
IDM_PE,D,20110429,000000,13.5,13.6,13.5,13.5,0,0
IDM_PE,D,20110502,000000,13.5,13.8,13.5,13.8,0,0
IDM_PE,D,20110504,000000,13.8,13.8,13.5,13.5,0,0
IDM_PE,D,20110505,000000,13.5,14.4,13.3,14.4,0,0
IDM_PE,D,20110506,000000,14.4,14.6,14.2,14.5,0,0
IDM_PE,D,20110509,000000,14.2,14.5,14.2,14.4,0,0
IDM_PE,D,20110510,000000,14.4,14.5,14.3,14.3,0,0
IDM_PE,D,20110511,000000,14.4,14.4,14.1,14.1,0,0
IDM_PE,D,20110512,000000,14.1,14.3,14,14.2,0,0
IDM_PE,D,20110513,000000,14.1,14.4,14.1,14.4,0,0
IDM_PE,D,20110516,000000,14.3,15,14.3,15,0,0
IDM_PE,D,20110517,000000,14.8,14.8,14.5,14.5,0,0
IDM_PE,D,20110518,000000,14.8,14.9,14.5,14.8,0,0
IDM_PE,D,20110519,000000,14.9,15.3,14.6,14.6,0,0
IDM_PE,D,20110520,000000,14.7,15,14.6,14.9,0,0
IDM_PE,D,20110523,000000,14.9,14.9,14.5,14.6,0,0
IDM_PE,D,20110524,000000,14.5,14.9,14.4,14.9,0,0
IDM_PE,D,20110525,000000,14.8,14.9,14.6,14.9,0,0
IDM_PE,D,20110526,000000,14.9,15,14.7,14.8,0,0
IDM_PE,D,20110527,000000,14.9,14.9,14.6,14.9,0,0
IDM_PE,D,20110530,000000,14.9,14.9,14.6,14.7,0,0
IDM_PE,D,20110531,000000,14.7,14.7,14.3,14.7,0,0
IDM_PE,D,20110601,000000,14.6,14.7,14.3,14.6,0,0
IDM_PE,D,20110602,000000,14.4,14.6,14.4,14.6,0,0
IDM_PE,D,20110603,000000,14.6,14.9,14.5,14.9,0,0
IDM_PE,D,20110606,000000,14.9,14.9,14.7,14.8,0,0
IDM_PE,D,20110607,000000,14.8,15.3,14.7,15.1,0,0
IDM_PE,D,20110608,000000,15.1,15.3,15,15.2,0,0
IDM_PE,D,20110609,000000,15.2,15.2,14.9,15,0,0
IDM_PE,D,20110610,000000,14.9,15,14.6,14.6,0,0
IDM_PE,D,20110613,000000,14.5,14.7,14.4,14.5,0,0
IDM_PE,D,20110614,000000,14.5,14.6,14.2,14.2,0,0
IDM_PE,D,20110615,000000,14.1,14.2,13.9,13.9,0,0
IDM_PE,D,20110616,000000,13.9,14,13.8,13.9,0,0
IDM_PE,D,20110617,000000,13.9,14.2,13.8,14.2,0,0
IDM_PE,D,20110620,000000,14.2,14.2,13.8,13.8,0,0
IDM_PE,D,20110621,000000,13.7,13.9,13.6,13.7,0,0
IDM_PE,D,20110622,000000,13.8,13.9,13.6,13.8,0,0
IDM_PE,D,20110624,000000,13.7,13.8,13.4,13.4,0,0
IDM_PE,D,20110627,000000,13.4,13.4,12.7,12.9,0,0
IDM_PE,D,20110628,000000,12.9,13,12.7,12.9,0,0
IDM_PE,D,20110629,000000,13.1,13.3,13.1,13.2,0,0
IDM_PE,D,20110630,000000,13.2,13.4,12.8,13,0,0
IDM_PE,D,20110701,000000,13.1,13.1,12.7,12.8,0,0
IDM_PE,D,20110704,000000,12.9,13.2,12.9,12.9,0,0
IDM_PE,D,20110705,000000,13.1,13.1,12.9,12.9,0,0
IDM_PE,D,20110706,000000,12.9,13.2,12.8,13.2,0,0
IDM_PE,D,20110707,000000,13.2,13.9,13.2,13.9,0,0
IDM_PE,D,20110708,000000,13.9,13.9,13.7,13.9,0,0
IDM_PE,D,20110711,000000,13.9,13.9,13.5,13.7,0,0
IDM_PE,D,20110712,000000,13.4,13.4,13,13.3,0,0
IDM_PE,D,20110713,000000,13.1,13.6,13.1,13.5,0,0
IDM_PE,D,20110714,000000,13.3,13.6,13.3,13.6,0,0
IDM_PE,D,20110715,000000,13.6,13.6,13.3,13.6,0,0
IDM_PE,D,20110718,000000,13.4,13.4,12.8,12.8,0,0
IDM_PE,D,20110719,000000,12.9,13,12.7,12.8,0,0
IDM_PE,D,20110720,000000,12.9,12.9,12.5,12.7,0,0
IDM_PE,D,20110721,000000,12.6,12.7,12.3,12.7,0,0
IDM_PE,D,20110722,000000,12.5,12.8,12.5,12.8,0,0
IDM_PE,D,20110725,000000,12.7,13.1,12.6,13.1,0,0
IDM_PE,D,20110726,000000,13.1,13.3,12.9,13.1,0,0
IDM_PE,D,20110727,000000,13.1,13.1,12.8,12.9,0,0
IDM_PE,D,20110728,000000,12.8,12.8,12.6,12.7,0,0
IDM_PE,D,20110729,000000,12.6,12.8,12.5,12.6,0,0
IDM_PE,D,20110801,000000,12.7,13.1,12.6,12.6,0,0
IDM_PE,D,20110802,000000,12.6,12.6,12.4,12.5,0,0
IDM_PE,D,20110803,000000,12.3,12.5,11.3,11.3,0,0
IDM_PE,D,20110804,000000,11.3,11.5,9.9,10,0,0
IDM_PE,D,20110805,000000,9.3,10,9.2,9.3,0,0
IDM_PE,D,20110808,000000,9.1,9.5,8,8,0,0
IDM_PE,D,20110809,000000,8.2,8.2,6.9,7.7,0,0
IDM_PE,D,20110810,000000,8.2,8.2,7.3,7.4,0,0
IDM_PE,D,20110811,000000,7.9,8.2,7.3,8.1,0,0
IDM_PE,D,20110812,000000,8.3,8.8,8,8.5,0,0
IDM_PE,D,20110816,000000,8.8,9,8.4,8.8,0,0
IDM_PE,D,20110817,000000,8.8,9,8.6,8.7,0,0
IDM_PE,D,20110818,000000,8.6,8.6,7.6,7.7,0,0
IDM_PE,D,20110819,000000,7.7,8.1,7.3,7.8,0,0
IDM_PE,D,20110822,000000,7.7,8.2,7.7,7.9,0,0
IDM_PE,D,20110823,000000,8.1,8.4,7.8,7.8,0,0
IDM_PE,D,20110824,000000,8,8.1,7.8,7.9,0,0
IDM_PE,D,20110825,000000,8,8.2,7.9,8,0,0
IDM_PE,D,20110826,000000,8.1,8.2,7.8,8.1,0,0
IDM_PE,D,20110829,000000,8.2,8.7,8,8.6,0,0
IDM_PE,D,20110830,000000,8.7,9,8.6,8.9,0,0
IDM_PE,D,20110831,000000,9,9.2,9,9,0,0
IDM_PE,D,20110901,000000,9,9,8.7,8.9,0,0
IDM_PE,D,20110902,000000,8.7,8.8,8.3,8.6,0,0
IDM_PE,D,20110905,000000,8.3,8.6,7.2,7.2,0,0
IDM_PE,D,20110906,000000,7.2,7.4,7,7.1,0,0
IDM_PE,D,20110907,000000,7.2,7.5,7.1,7.5,0,0
IDM_PE,D,20110908,000000,7.5,7.6,7.3,7.4,0,0
IDM_PE,D,20110909,000000,7.4,7.4,7.1,7.3,0,0
IDM_PE,D,20110912,000000,7.1,7.1,6.8,7,0,0
IDM_PE,D,20110913,000000,7.1,7.1,6.8,7,0,0
IDM_PE,D,20110914,000000,6.9,7,6.6,6.6,0,0
IDM_PE,D,20110915,000000,6.7,6.8,6.6,6.7,0,0
IDM_PE,D,20110916,000000,6.8,6.9,6.6,6.9,0,0
IDM_PE,D,20110919,000000,6.9,6.9,6.8,6.9,0,0
IDM_PE,D,20110920,000000,6.8,7.2,6.8,7.1,0,0
IDM_PE,D,20110921,000000,7.1,7.2,7,7.1,0,0
IDM_PE,D,20110922,000000,6.8,7,6.7,6.7,0,0
IDM_PE,D,20110923,000000,6.7,6.9,6.4,6.9,0,0
IDM_PE,D,20110926,000000,6.6,7,6.6,7,0,0
IDM_PE,D,20110927,000000,7.1,7.1,6.8,6.8,0,0
IDM_PE,D,20110928,000000,6.8,6.8,6.7,6.7,0,0
IDM_PE,D,20110929,000000,6.7,6.9,6.7,6.7,0,0
IDM_PE,D,20110930,000000,6.7,6.8,6.5,6.5,0,0
IDM_PE,D,20111003,000000,6.3,6.5,6.3,6.5,0,0
IDM_PE,D,20111004,000000,6.3,6.4,6.2,6.4,0,0
IDM_PE,D,20111005,000000,6.4,6.5,6.3,6.4,0,0
IDM_PE,D,20111006,000000,6.5,6.6,6.4,6.4,0,0
IDM_PE,D,20111007,000000,6.5,7,6.4,7,0,0
IDM_PE,D,20111010,000000,7,7.6,7,7.4,0,0
IDM_PE,D,20111011,000000,7.4,7.4,7.2,7.3,0,0
IDM_PE,D,20111012,000000,7.2,7.3,7.1,7.1,0,0
IDM_PE,D,20111013,000000,7.1,7.3,7,7.2,0,0
IDM_PE,D,20111014,000000,7.3,7.6,7.2,7.2,0,0
IDM_PE,D,20111017,000000,7.3,7.7,7.3,7.5,0,0
IDM_PE,D,20111018,000000,7.4,7.5,7.2,7.5,0,0
IDM_PE,D,20111019,000000,7.5,7.8,7.5,7.7,0,0
IDM_PE,D,20111020,000000,7.6,7.9,7.5,7.7,0,0
IDM_PE,D,20111021,000000,7.7,8,7.7,8,0,0
IDM_PE,D,20111024,000000,8,8.1,7.9,8,0,0
IDM_PE,D,20111025,000000,8,8,7.5,7.6,0,0
IDM_PE,D,20111026,000000,7.6,7.7,7.5,7.5,0,0
IDM_PE,D,20111027,000000,7.8,7.9,7.6,7.7,0,0
IDM_PE,D,20111028,000000,7.8,7.8,7.4,7.5,0,0
IDM_PE,D,20111031,000000,7.5,7.5,7.3,7.4,0,0
IDM_PE,D,20111102,000000,6.9,7.6,6.9,7.5,0,0
IDM_PE,D,20111103,000000,7.4,7.6,7.4,7.4,0,0
IDM_PE,D,20111104,000000,7.5,7.6,7.4,7.5,0,0
IDM_PE,D,20111107,000000,7.5,7.8,7.5,7.5,0,0
IDM_PE,D,20111108,000000,7.5,7.5,7.2,7.2,0,0
IDM_PE,D,20111109,000000,7.3,7.3,6.5,6.5,0,0
IDM_PE,D,20111110,000000,6.4,6.5,6.2,6.3,0,0
IDM_PE,D,20111114,000000,6.8,6.8,6.2,6.2,0,0
IDM_PE,D,20111115,000000,5.9,6.1,5.8,5.9,0,0
IDM_PE,D,20111116,000000,5.8,6,5.8,6,0,0
IDM_PE,D,20111117,000000,6,6.1,5.9,6,0,0
IDM_PE,D,20140307,000000,11.1,11.1,11.1,11.1,0,0
IDM_PE,D,20140310,000000,10,11.1,8.9,10,0,0
IDM_PE,D,20140311,000000,10,11.1,10,10,0,0
IDM_PE,D,20140312,000000,10,11.1,8.9,10,0,0
IDM_PE,D,20140313,000000,8.9,10,8.9,8.9,0,0
IDM_PE,D,20140314,000000,8.9,10,8.9,10,0,0
IDM_PE,D,20140317,000000,10,10,8.9,8.9,0,0
IDM_PE,D,20140318,000000,8.9,8.9,7.8,8.9,0,0
IDM_PE,D,20140319,000000,7.8,8.9,7.8,7.8,0,0
IDM_PE,D,20140320,000000,7.8,8.9,7.8,8.9,0,0
IDM_PE,D,20140321,000000,8.9,8.9,7.8,8.9,0,0
IDM_PE,D,20140324,000000,8.9,8.9,7.8,7.8,0,0
IDM_PE,D,20140325,000000,7.8,8.9,7.8,8.9,0,0
IDM_PE,D,20140326,000000,7.8,8.9,6.7,7.8,0,0
IDM_PE,D,20140327,000000,7.8,7.8,6.7,7.8,0,0
IDM_PE,D,20140328,000000,6.7,7.8,6.7,7.8,0,0
IDM_PE,D,20140331,000000,7.8,7.8,6.7,7.8,0,0
IDM_PE,D,20140401,000000,6.7,7.8,6.7,7.8,0,0
IDM_PE,D,20140402,000000,7.8,7.8,6.7,6.7,0,0
IDM_PE,D,20140403,000000,6.7,6.7,6.7,6.7,0,0
IDM_PE,D,20140404,000000,5.6,5.6,5.6,5.6,0,0
IDM_PE,D,20140407,000000,6.7,6.7,6.7,6.7,0,0
IDM_PE,D,20140408,000000,6.7,6.7,6.7,6.7,0,0
IDM_PE,D,20140409,000000,6.7,6.7,6.7,6.7,0,0
IDM_PE,D,20140410,000000,7.8,7.8,7.8,7.8,0,0
IDM_PE,D,20140411,000000,7.8,7.8,7.8,7.8,0,0
IDM_PE,D,20140414,000000,7.8,7.8,6.7,6.7,0,0
IDM_PE,D,20140415,000000,6.7,7.8,6.7,7.8,0,0
IDM_PE,D,20140416,000000,6.7,6.7,6.7,6.7,0,0
IDM_PE,D,20140508,000000,3.2,3.9,3.2,3.9,0,0
IDM_PE,D,20140509,000000,4.4,4.4,3.8,3.8,0,0
IDM_PE,D,20140512,000000,3.3,3.3,3,3,0,0
IDM_PE,D,20140513,000000,2.8,2.8,2.8,2.8,0,0
IDM_PE,D,20140514,000000,2.6,2.6,2.5,2.5,0,0
IDM_PE,D,20140515,000000,2.4,2.4,2.1,2.1,0,0
IDM_PE,D,20140516,000000,1.7,1.8,1.7,1.8,0,0
IDM_PE,D,20140519,000000,2.2,2.2,1.9,1.9,0,0
IDM_PE,D,20140605,000000,0.9,0.9,0.9,0.9,0,0
IDM_PE,D,20140606,000000,0.9,1,0.9,1,0,0
IDM_PE,D,20140609,000000,1,1.1,1,1.1,0,0
IDM_PE,D,20160302,000000,1.5,1.5,1.5,1.5,0,0
IDM_PE,D,20160303,000000,1.7,1.7,1.5,1.5,0,0
IDM_PE,D,20160304,000000,1.5,1.5,1.5,1.5,0,0
IDM_PE,D,20160307,000000,1.5,1.5,1.4,1.5,0,0
IDM_PE,D,20160308,000000,1.6,1.6,1.4,1.5,0,0
IDM_PE,D,20160309,000000,1.4,1.5,1.4,1.4,0,0
IDM_PE,D,20160310,000000,1.4,1.4,1.3,1.4,0,0
IDM_PE,D,20160311,000000,1.5,1.5,1.4,1.4,0,0
IDM_PE,D,20160314,000000,1.3,1.4,1.3,1.4,0,0
IDM_PE,D,20160315,000000,1.5,1.5,1.4,1.4,0,0
IDM_PE,D,20160316,000000,1.4,1.4,1.3,1.4,0,0
IDM_PE,D,20160317,000000,1.4,1.5,1.4,1.5,0,0
IDM_PE,D,20160318,000000,1.4,1.5,1.4,1.5,0,0
IDM_PE,D,20160321,000000,1.4,1.5,1.4,1.4,0,0
IDM_PE,D,20160323,000000,1.3,1.4,1.3,1.4,0,0
IDM_PE,D,20160324,000000,1.3,1.4,1.2,1.2,0,0
IDM_PE,D,20160329,000000,1.4,1.4,1.2,1.4,0,0
IDM_PE,D,20160330,000000,1.3,1.3,1.2,1.2,0,0
IDM_PE,D,20160331,000000,1.2,1.3,1.2,1.3,0,0
IDM_PE,D,20160401,000000,1.2,1.3,1.2,1.3,0,0
IDM_PE,D,20160404,000000,1.2,1.3,1.2,1.3,0,0
IDM_PE,D,20160405,000000,1.3,1.3,1.2,1.3,0,0
IDM_PE,D,20160406,000000,1.2,1.3,1.2,1.3,0,0
IDM_PE,D,20160407,000000,1.3,1.3,1.3,1.3,0,0
IDM_PE,D,20160408,000000,1.3,1.3,1.3,1.3,0,0
IDM_PE,D,20160411,000000,1.2,1.3,1.2,1.3,0,0
IDM_PE,D,20160412,000000,1.3,1.3,1.2,1.2,0,0
IDM_PE,D,20160413,000000,1.2,1.3,1.2,1.3,0,0
IDM_PE,D,20160414,000000,1.2,1.3,1.2,1.2,0,0
IDM_PE,D,20160415,000000,1.2,1.2,1.2,1.2,0,0
IDM_PE,D,20160418,000000,1.2,1.2,1.2,1.2,0,0
IDM_PE,D,20160419,000000,1.1,1.2,1.1,1.2,0,0
IDM_PE,D,20160420,000000,1.1,1.2,1.1,1.2,0,0
IDM_PE,D,20160421,000000,1.2,1.2,1.2,1.2,0,0
IDM_PE,D,20160422,000000,1.1,1.3,1.1,1.3,0,0
IDM_PE,D,20160425,000000,1.2,1.3,1.2,1.3,0,0
IDM_PE,D,20160426,000000,1.2,1.3,1.2,1.2,0,0
IDM_PE,D,20160427,000000,1.2,1.2,1.1,1.2,0,0
IDM_PE,D,20160428,000000,1.3,1.3,1.2,1.2,0,0
IDM_PE,D,20160429,000000,1.2,1.2,1.2,1.2,0,0
IDM_PE,D,20160502,000000,1.2,1.2,1.2,1.2,0,0
IDM_PE,D,20160504,000000,1.2,1.2,1.2,1.2,0,0
IDM_PE,D,20160506,000000,1.2,9.5,1.2,9.5,0,0
IDM_PE,D,20160509,000000,9.4,9.6,9.3,9.6,0,0
IDM_PE,D,20160510,000000,9.6,9.9,9.2,9.7,0,0
IDM_PE,D,20160511,000000,9.4,9.7,9.4,9.7,0,0
IDM_PE,D,20160513,000000,9.1,9.6,9.1,9.5,0,0
IDM_PE,D,20160516,000000,9.6,9.6,9.2,9.6,0,0
IDM_PE,D,20160517,000000,9.6,9.6,9.2,9.6,0,0
IDM_PE,D,20160518,000000,9.5,9.5,9.3,9.3,0,0
IDM_PE,D,20160519,000000,9.2,9.5,8.8,9.4,0,0
IDM_PE,D,20160520,000000,8.8,9.5,8.8,9.5,0,0
IDM_PE,D,20160523,000000,9.4,9.4,9.4,9.4,0,0
IDM_PE,D,20160524,000000,8.9,9.2,8.9,8.9,0,0
IDM_PE,D,20160525,000000,9.3,9.4,9.3,9.4,0,0
IDM_PE,D,20160527,000000,9.5,9.5,8.9,9.5,0,0
IDM_PE,D,20160530,000000,9.1,9.1,9.1,9.1,0,0
IDM_PE,D,20160531,000000,9.1,9.1,8.9,8.9,0,0
IDM_PE,D,20160601,000000,9,9.5,8.8,9.3,0,0
IDM_PE,D,20160602,000000,8.9,9.4,8.7,9.3,0,0
IDM_PE,D,20160606,000000,8.4,8.5,8.4,8.5,0,0
IDM_PE,D,20160607,000000,8.5,8.5,8.5,8.5,0,0
IDM_PE,D,20160608,000000,8.6,8.7,8.6,8.6,0,0
IDM_PE,D,20160609,000000,8.6,8.8,8.6,8.7,0,0
IDM_PE,D,20160610,000000,8.6,8.6,8.6,8.6,0,0
IDM_PE,D,20160613,000000,8.5,8.5,8.5,8.5,0,0
IDM_PE,D,20160615,000000,8.4,8.5,8.4,8.5,0,0
IDM_PE,D,20160616,000000,7.3,7.3,7.1,7.2,0,0
IDM_PE,D,20160617,000000,6.6,7.4,6.6,7.3,0,0
IDM_PE,D,20160620,000000,7.9,8,7.9,8,0,0
IDM_PE,D,20160621,000000,8,8.7,8,8.7,0,0
IDM_PE,D,20160622,000000,8.7,9.7,8.7,9.6,0,0
IDM_PE,D,20160623,000000,9.3,9.7,9.3,9.3,0,0
IDM_PE,D,20160624,000000,8.8,9.8,8.4,9.7,0,0
IDM_PE,D,20160627,000000,8.5,9.6,8.5,9.6,0,0
IDM_PE,D,20160628,000000,9.6,9.6,9,9.6,0,0
IDM_PE,D,20160629,000000,9.7,9.7,9.5,9.5,0,0
IDM_PE,D,20160630,000000,9.6,9.6,9.6,9.6,0,0
IDM_PE,D,20160701,000000,9.5,9.5,9.5,9.5,0,0
IDM_PE,D,20160704,000000,8.1,8.1,8.1,8.1,0,0
IDM_PE,D,20160705,000000,9.5,9.5,9.4,9.4,0,0
IDM_PE,D,20160706,000000,9.3,9.3,9.3,9.3,0,0
IDM_PE,D,20160707,000000,9.1,9.1,8.4,8.5,0,0
IDM_PE,D,20160708,000000,9.1,9.1,9.1,9.1,0,0
IDM_PE,D,20160711,000000,9.1,9.1,9.1,9.1,0,0
IDM_PE,D,20160712,000000,9.2,9.3,9.2,9.3,0,0
IDM_PE,D,20160713,000000,9.1,9.1,9.1,9.1,0,0
IDM_PE,D,20160715,000000,9.1,9.1,9.1,9.1,0,0
IDM_PE,D,20160718,000000,8.1,8.1,8.1,8.1,0,0
IDM_PE,D,20160719,000000,8.3,8.3,8.1,8.1,0,0
IDM_PE,D,20160721,000000,9.2,9.3,9.2,9.3,0,0
IDM_PE,D,20160722,000000,9.3,9.3,9.3,9.3,0,0
IDM_PE,D,20160725,000000,9.1,9.1,9.1,9.1,0,0
IDM_PE,D,20160726,000000,9,9,9,9,0,0
IDM_PE,D,20160728,000000,9,9,9,9,0,0
IDM_PE,D,20160729,000000,9,9,9,9,0,0
IDM_PE,D,20160802,000000,9,9,9,9,0,0
IDM_PE,D,20160803,000000,8.9,8.9,7.9,7.9,0,0
IDM_PE,D,20160804,000000,8.2,8.2,8.2,8.2,0,0
IDM_PE,D,20160805,000000,8.4,8.5,8.4,8.5,0,0
IDM_PE,D,20160808,000000,8.4,8.4,8.4,8.4,0,0
IDM_PE,D,20160809,000000,9,9,8.9,8.9,0,0
IDM_PE,D,20160810,000000,8.7,9,8.7,9,0,0
IDM_PE,D,20160811,000000,9,9,9,9,0,0
IDM_PE,D,20160812,000000,8.8,8.8,8.8,8.8,0,0
IDM_PE,D,20160816,000000,8.9,9,8.9,9,0,0
IDM_PE,D,20160817,000000,8.9,8.9,8.9,8.9,0,0
IDM_PE,D,20160818,000000,9,9,9,9,0,0
IDM_PE,D,20160819,000000,9,9,9,9,0,0
IDM_PE,D,20160822,000000,9,9,9,9,0,0
IDM_PE,D,20160823,000000,9,9.1,9,9.1,0,0
IDM_PE,D,20170413,000000,1.3,1.3,1.3,1.3,0,0
IDM_PE,D,20170418,000000,1.3,1.3,1.3,1.3,0,0
IDM_PE,D,20170419,000000,1.2,1.2,1.2,1.2,0,0
IDM_PE,D,20170420,000000,1.2,1.2,1.2,1.2,0,0
IDM_PE,D,20170421,000000,1.2,1.2,1.2,1.2,0,0
IDM_PE,D,20170424,000000,1.2,1.2,1.1,1.2,0,0
IDM_PE,D,20170425,000000,1.2,1.2,1.1,1.1,0,0
IDM_PE,D,20170426,000000,1.1,1.1,1.1,1.1,0,0
IDM_PE,D,20170427,000000,1.1,1.1,1.1,1.1,0,0
IDM_PE,D,20170428,000000,1.1,1.1,1.1,1.1,0,0
IDM_PE,D,20170502,000000,1.1,1.3,1.1,1.3,0,0
IDM_PE,D,20170504,000000,1.1,1.1,1.1,1.1,0,0
IDM_PE,D,20170505,000000,1.1,1.1,1.1,1.1,0,0
IDM_PE,D,20170508,000000,1.1,1.1,1.1,1.1,0,0
IDM_PE,D,20170509,000000,1.1,3.7,1,3.7,0,0
IDM_PE,D,20170510,000000,3.8,3.8,3.7,3.7,0,0
IDM_PE,D,20170511,000000,3.6,3.9,3.6,3.9,0,0
IDM_PE,D,20170512,000000,3.8,3.8,3.8,3.8,0,0
IDM_PE,D,20170515,000000,3.7,3.7,3.7,3.7,0,0
IDM_PE,D,20170516,000000,3.8,3.8,3.8,3.8,0,0
IDM_PE,D,20170517,000000,3.8,3.8,3.8,3.8,0,0
IDM_PE,D,20170518,000000,4,4,4,4,0,0
IDM_PE,D,20170519,000000,4,4,3.8,3.8,0,0
IDM_PE,D,20170523,000000,3.9,3.9,3.8,3.8,0,0
IDM_PE,D,20170525,000000,3.8,4,3.8,4,0,0
IDM_PE,D,20170526,000000,4.2,4.2,4.2,4.2,0,0
IDM_PE,D,20170530,000000,3.8,3.8,3.8,3.8,0,0
IDM_PE,D,20170531,000000,3.8,3.8,3.7,3.7,0,0
IDM_PE,D,20170601,000000,3.6,3.7,3.6,3.7,0,0
IDM_PE,D,20170602,000000,3.7,3.7,3.7,3.7,0,0
IDM_PE,D,20170607,000000,3.7,3.7,3.7,3.7,0,0
IDM_PE,D,20170608,000000,3.7,3.8,3.7,3.7,0,0
IDM_PE,D,20170609,000000,3.7,3.7,3.7,3.7,0,0
IDM_PE,D,20170612,000000,3.9,3.9,3.9,3.9,0,0
IDM_PE,D,20170613,000000,3.7,3.7,3.7,3.7,0,0
IDM_PE,D,20170614,000000,3.7,3.7,3.7,3.7,0,0
IDM_PE,D,20170616,000000,3.9,3.9,3.7,3.7,0,0
IDM_PE,D,20170619,000000,3.7,3.7,3.7,3.7,0,0
IDM_PE,D,20170621,000000,3.7,3.7,3.7,3.7,0,0
IDM_PE,D,20170622,000000,3.7,3.7,3.7,3.7,0,0
IDM_PE,D,20170623,000000,3.7,3.7,3.7,3.7,0,0
IDM_PE,D,20170626,000000,3.6,3.6,3.6,3.6,0,0
IDM_PE,D,20170627,000000,3.6,3.6,3.6,3.6,0,0
IDM_PE,D,20170628,000000,3.6,3.6,3.6,3.6,0,0
IDM_PE,D,20170629,000000,3.3,3.3,3.3,3.3,0,0
IDM_PE,D,20170704,000000,3.4,3.4,3.3,3.3,0,0
IDM_PE,D,20170705,000000,3.3,3.3,3.3,3.3,0,0
IDM_PE,D,20170710,000000,3.4,3.5,3.4,3.5,0,0
IDM_PE,D,20170711,000000,3.5,3.5,3.5,3.5,0,0
IDM_PE,D,20170712,000000,3.5,3.6,3.5,3.6,0,0
IDM_PE,D,20170713,000000,3.9,3.9,3.8,3.8,0,0
IDM_PE,D,20170714,000000,3.5,3.5,3.5,3.5,0,0
IDM_PE,D,20170717,000000,3.5,3.5,3.5,3.5,0,0
IDM_PE,D,20170718,000000,3.5,3.5,3.5,3.5,0,0
IDM_PE,D,20170719,000000,3.5,3.8,3.5,3.8,0,0
IDM_PE,D,20170720,000000,4,4,4,4,0,0
IDM_PE,D,20170721,000000,3.6,3.7,3.6,3.7,0,0
IDM_PE,D,20191121,000000,0.5,0.5,0.5,0.5,0,0
IDM_PE,D,20191122,000000,0.5,0.5,0.5,0.5,0,0
IDM_PE,D,20191125,000000,0.5,0.5,0.5,0.5,0,0
IDM_PE,D,20191127,000000,0.5,0.5,0.5,0.5,0,0
IDM_PE,D,20191128,000000,0.5,0.5,0.4,0.4,0,0
IDM_PE,D,20191129,000000,0.4,0.5,0.4,0.5,0,0
IDM_PE,D,20191202,000000,0.5,0.5,0.4,0.4,0,0
IDM_PE,D,20191203,000000,0.4,0.4,0.4,0.4,0,0
IDM_PE,D,20191204,000000,0.4,0.5,0.4,0.5,0,0
IDM_PE,D,20191205,000000,0.5,0.5,0.4,0.4,0,0
IDM_PE,D,20191206,000000,0.4,0.4,0.4,0.4,0,0
IDM_PE,D,20191209,000000,0.4,0.4,0.4,0.4,0,0
IDM_PE,D,20191210,000000,0.4,0.4,0.4,0.4,0,0
IDM_PE,D,20191211,000000,0.4,0.4,0.4,0.4,0,0
IDM_PE,D,20191212,000000,0.4,0.4,0.4,0.4,0,0
IDM_PE,D,20191213,000000,0.4,0.4,0.4,0.4,0,0
IDM_PE,D,20191216,000000,0.4,0.4,0.4,0.4,0,0
IDM_PE,D,20191217,000000,0.4,0.4,0.4,0.4,0,0
IDM_PE,D,20191218,000000,0.4,0.4,0.4,0.4,0,0
IDM_PE,D,20191219,000000,0.4,0.4,0.4,0.4,0,0
IDM_PE,D,20191220,000000,0.4,0.4,0.4,0.4,0,0
IDM_PE,D,20191223,000000,0.4,0.4,0.4,0.4,0,0
IDM_PE,D,20191227,000000,0.4,0.4,0.4,0.4,0,0
IDM_PE,D,20191230,000000,0.4,0.4,0.4,0.4,0,0
IDM_PE,D,20200102,000000,0.4,0.4,0.4,0.4,0,0
IDM_PE,D,20200103,000000,0.4,0.4,0.4,0.4,0,0
IDM_PE,D,20200107,000000,0.4,0.4,0.4,0.4,0,0
IDM_PE,D,20200108,000000,0.4,0.4,0.4,0.4,0,0
IDM_PE,D,20200109,000000,0.4,0.4,0.4,0.4,0,0
IDM_PE,D,20200110,000000,0.4,0.4,0.4,0.4,0,0
IDM_PE,D,20200113,000000,0.4,0.4,0.4,0.4,0,0
IDM_PE,D,20200114,000000,0.4,0.4,0.4,0.4,0,0
IDM_PE,D,20200115,000000,0.4,0.4,0.4,0.4,0,0
IDM_PE,D,20200116,000000,0.4,0.4,0.4,0.4,0,0
IDM_PE,D,20200117,000000,0.4,0.4,0.4,0.4,0,0
IDM_PE,D,20200120,000000,0.4,0.4,0.4,0.4,0,0
IDM_PE,D,20200122,000000,0.4,0.4,0.4,0.4,0,0
IDM_PE,D,20200123,000000,0.4,0.4,0.4,0.4,0,0
IDM_PE,D,20200124,000000,0.4,0.4,0.4,0.4,0,0
IDM_PE,D,20200127,000000,0.4,0.4,0.4,0.4,0,0
IDM_PE,D,20200128,000000,0.4,0.4,0.4,0.4,0,0
IDM_PE,D,20200129,000000,0.4,0.4,0.4,0.4,0,0
IDM_PE,D,20200130,000000,0.4,0.4,0.4,0.4,0,0
IDM_PE,D,20200131,000000,0.4,0.4,0.4,0.4,0,0
IDM_PE,D,20200203,000000,0.4,0.4,0.4,0.4,0,0
IDM_PE,D,20200204,000000,0.4,0.4,0.4,0.4,0,0
IDM_PE,D,20200207,000000,0.4,0.4,0.4,0.4,0,0
IDM_PE,D,20200210,000000,0.4,0.4,0.4,0.4,0,0
IDM_PE,D,20200211,000000,0.4,0.4,0.4,0.4,0,0
IDM_PE,D,20200214,000000,0.4,0.4,0.4,0.4,0,0
IDM_PE,D,20200217,000000,0.4,0.5,0.4,0.4,0,0
IDM_PE,D,20200218,000000,0.4,0.4,0.4,0.4,0,0
IDM_PE,D,20200219,000000,0.4,0.4,0.4,0.4,0,0
IDM_PE,D,20200220,000000,0.4,0.4,0.4,0.4,0,0
IDM_PE,D,20200221,000000,0.4,0.4,0.4,0.4,0,0
IDM_PE,D,20200224,000000,0.4,0.4,0.4,0.4,0,0
IDM_PE,D,20200225,000000,0.4,0.4,0.4,0.4,0,0
IDM_PE,D,20200226,000000,0.4,0.4,0.4,0.4,0,0
IDM_PE,D,20200227,000000,0.4,0.4,0.3,0.3,0,0
IDM_PE,D,20200228,000000,0.3,0.3,0.3,0.3,0,0
IDM_PE,D,20200302,000000,0.3,0.3,0.3,0.3,0,0
IDM_PE,D,20200303,000000,0.3,0.4,0.3,0.4,0,0
IDM_PE,D,20200304,000000,0.4,0.4,0.4,0.4,0,0
IDM_PE,D,20200305,000000,0.4,0.4,0.4,0.4,0,0
IDM_PE,D,20200306,000000,0.4,0.4,0.4,0.4,0,0
IDM_PE,D,20200309,000000,0.4,0.4,0.4,0.4,0,0
IDM_PE,D,20200310,000000,0.4,0.4,0.4,0.4,0,0
IDM_PE,D,20200311,000000,0.4,0.4,0.4,0.4,0,0
IDM_PE,D,20200312,000000,0.4,0.4,0.4,0.4,0,0
IDM_PE,D,20200313,000000,0.4,0.4,0.3,0.3,0,0
IDM_PE,D,20200316,000000,0.3,0.3,0.3,0.3,0,0
IDM_PE,D,20200317,000000,0.3,0.3,0.3,0.3,0,0
IDM_PE,D,20200318,000000,0.3,0.3,0.3,0.3,0,0
IDM_PE,D,20200320,000000,0.3,0.3,0.3,0.3,0,0
IDM_PE,D,20200323,000000,0.3,0.3,0.3,0.3,0,0
IDM_PE,D,20200324,000000,0.3,0.3,0.3,0.3,0,0
IDM_PE,D,20200325,000000,0.3,0.3,0.3,0.3,0,0
IDM_PE,D,20200326,000000,0.3,0.3,0.3,0.3,0,0
IDM_PE,D,20200327,000000,0.3,0.3,0.3,0.3,0,0
IDM_PE,D,20200330,000000,0.3,0.3,0.3,0.3,0,0
IDM_PE,D,20200331,000000,0.3,0.3,0.3,0.3,0,0
IDM_PE,D,20200401,000000,0.3,0.3,0.3,0.3,0,0
IDM_PE,D,20200402,000000,0.3,0.3,0.3,0.3,0,0
IDM_PE,D,20200403,000000,0.3,0.3,0.3,0.3,0,0
IDM_PE,D,20200406,000000,0.3,0.3,0.3,0.3,0,0
IDM_PE,D,20200407,000000,0.3,0.3,0.3,0.3,0,0
IDM_PE,D,20200408,000000,0.3,0.4,0.3,0.4,0,0
IDM_PE,D,20200409,000000,0.4,0.4,0.4,0.4,0,0
IDM_PE,D,20200414,000000,0.4,0.4,0.4,0.4,0,0
IDM_PE,D,20200415,000000,0.4,0.4,0.4,0.4,0,0
IDM_PE,D,20200416,000000,0.4,0.4,0.4,0.4,0,0
IDM_PE,D,20200417,000000,0.4,0.5,0.4,0.5,0,0
IDM_PE,D,20200420,000000,0.5,0.5,0.5,0.5,0,0
IDM_PE,D,20200421,000000,0.5,0.6,0.5,0.6,0,0
IDM_PE,D,20200422,000000,0.6,0.6,0.6,0.6,0,0
IDM_PE,D,20200423,000000,0.6,0.6,0.6,0.6,0,0
IDM_PE,D,20200424,000000,0.6,0.6,0.5,0.5,0,0
IDM_PE,D,20200427,000000,0.5,0.5,0.5,0.5,0,0
IDM_PE,D,20200428,000000,0.5,0.5,0.3,0.3,0,0
IDM_PE,D,20200429,000000,0.3,0.3,0.3,0.3,0,0
IDM_PE,D,20200430,000000,0.3,0.3,0.3,0.3,0,0
IDM_PE,D,20200504,000000,0.3,0.3,0.3,0.3,0,0
IDM_PE,D,20200505,000000,0.3,0.3,0.3,0.3,0,0
IDM_PE,D,20200506,000000,0.3,0.3,0.3,0.3,0,0
IDM_PE,D,20200507,000000,0.3,0.3,0.3,0.3,0,0
IDM_PE,D,20200508,000000,0.3,0.3,0.3,0.3,0,0
IDM_PE,D,20200511,000000,0.3,0.3,0.3,0.3,0,0
IDM_PE,D,20200512,000000,0.3,0.4,0.3,0.4,0,0
IDM_PE,D,20200513,000000,0.4,0.5,0.4,0.4,0,0
IDM_PE,D,20200514,000000,0.4,0.4,0.3,0.4,0,0
IDM_PE,D,20200515,000000,0.4,0.5,0.4,0.5,0,0
IDM_PE,D,20200518,000000,0.5,0.5,0.5,0.5,0,0
IDM_PE,D,20200519,000000,0.5,0.5,0.5,0.5,0,0
IDM_PE,D,20200520,000000,0.5,0.5,0.5,0.5,0,0
IDM_PE,D,20200521,000000,0.5,0.5,0.4,0.4,0,0
IDM_PE,D,20200522,000000,0.4,0.5,0.4,0.5,0,0
IDM_PE,D,20200525,000000,0.5,0.5,0.4,0.4,0,0
IDM_PE,D,20200526,000000,0.4,0.4,0.4,0.4,0,0
IDM_PE,D,20200527,000000,0.4,0.4,0.4,0.4,0,0
IDM_PE,D,20200528,000000,0.4,0.4,0.4,0.4,0,0
IDM_PE,D,20200529,000000,0.4,0.4,0.3,0.4,0,0
IDM_PE,D,20200601,000000,0.4,0.4,0.3,0.3,0,0
IDM_PE,D,20200602,000000,0.3,0.4,0.3,0.4,0,0
IDM_PE,D,20200603,000000,0.4,0.4,0.3,0.3,0,0
IDM_PE,D,20200604,000000,0.3,0.4,0.3,0.4,0,0
IDM_PE,D,20200605,000000,0.4,4.9,0.4,4.9,0,0
IDM_PE,D,20200608,000000,4.7,5,4.4,4.4,0,0
IDM_PE,D,20200609,000000,4.7,4.7,4.5,4.5,0,0
IDM_PE,D,20200610,000000,4.3,5.4,3.9,5.2,0,0
IDM_PE,D,20200612,000000,5.2,5.2,4.7,5,0,0
IDM_PE,D,20200615,000000,5.1,5.2,4.9,4.9,0,0
IDM_PE,D,20200616,000000,5.1,5.1,4.7,5,0,0
IDM_PE,D,20200617,000000,4.7,5,4.7,4.7,0,0
IDM_PE,D,20200618,000000,4.7,5,4.7,4.7,0,0
IDM_PE,D,20200619,000000,4.7,4.8,4.6,4.8,0,0
IDM_PE,D,20200622,000000,4.6,4.9,4.6,4.9,0,0
IDM_PE,D,20200623,000000,4.6,4.9,4.6,4.7,0,0
IDM_PE,D,20200624,000000,4.7,4.7,4.6,4.6,0,0
IDM_PE,D,20200625,000000,4.5,4.7,4.5,4.5,0,0
IDM_PE,D,20200626,000000,4.7,4.7,4.5,4.7,0,0
IDM_PE,D,20200701,000000,4.4,4.7,4.4,4.7,0,0
IDM_PE,D,20200702,000000,4.4,4.7,4.4,4.7,0,0
IDM_PE,D,20200703,000000,4.6,4.7,4.4,4.7,0,0
IDM_PE,D,20200706,000000,4.5,4.5,4.1,4.2,0,0
IDM_PE,D,20200707,000000,4.3,4.3,4.2,4.3,0,0
IDM_PE,D,20200708,000000,4.4,4.4,4.4,4.4,0,0
IDM_PE,D,20200709,000000,4.2,4.3,4.1,4.3,0,0
IDM_PE,D,20200710,000000,4.3,4.3,4.3,4.3,0,0
IDM_PE,D,20200713,000000,4.1,4.1,4.1,4.1,0,0
IDM_PE,D,20200714,000000,4.1,4.1,4.1,4.1,0,0
IDM_PE,D,20200715,000000,4.2,4.3,4.2,4.2,0,0
IDM_PE,D,20200716,000000,4.1,4.4,4,4.4,0,0
IDM_PE,D,20200717,000000,4.7,4.7,4.4,4.6,0,0
IDM_PE,D,20200720,000000,4.4,4.5,4.4,4.5,0,0
IDM_PE,D,20200721,000000,4.4,4.5,4.3,4.3,0,0
IDM_PE,D,20200722,000000,4.3,4.3,4.2,4.2,0,0
IDM_PE,D,20200723,000000,4.3,5,4.3,4.8,0,0
IDM_PE,D,20200724,000000,4.7,5,4.6,5,0,0
IDM_PE,D,20200727,000000,4.9,4.9,4.9,4.9,0,0
IDM_PE,D,20200728,000000,4.7,4.8,4.5,4.5,0,0
IDM_PE,D,20200729,000000,4.5,4.7,4.5,4.5,0,0
IDM_PE,D,20200730,000000,4.5,4.8,4.5,4.5,0,0
IDM_PE,D,20200731,000000,4.5,4.8,4.5,4.8,0,0
IDM_PE,D,20200803,000000,4.8,4.9,4.7,4.7,0,0
IDM_PE,D,20200804,000000,4.7,4.8,4.7,4.8,0,0
IDM_PE,D,20200805,000000,4.8,4.8,4.5,4.5,0,0
IDM_PE,D,20200806,000000,4.5,4.8,4.5,4.5,0,0
IDM_PE,D,20200810,000000,4.7,4.7,4.5,4.5,0,0
IDM_PE,D,20200811,000000,4.5,4.5,4.5,4.5,0,0
IDM_PE,D,20200812,000000,4.5,4.5,4.5,4.5,0,0
IDM_PE,D,20200813,000000,4.5,4.7,4.4,4.4,0,0
IDM_PE,D,20200814,000000,4.3,4.6,4.3,4.6,0,0
IDM_PE,D,20200818,000000,4.3,4.6,4.3,4.6,0,0
IDM_PE,D,20200821,000000,4.6,4.6,4.3,4.3,0,0
IDM_PE,D,20200824,000000,4.3,4.3,4.3,4.3,0,0
IDM_PE,D,20200825,000000,4.3,4.3,4.3,4.3,0,0
IDM_PE,D,20200826,000000,4.1,4.1,4,4,0,0
IDM_PE,D,20200827,000000,4.1,4.1,4.1,4.1,0,0
IDM_PE,D,20200828,000000,4.1,4.1,4,4,0,0
IDM_PE,D,20200831,000000,4,4,3.7,3.8,0,0
IDM_PE,D,20200901,000000,3.8,4.1,3.5,3.5,0,0
IDM_PE,D,20200902,000000,3.8,3.8,3.8,3.8,0,0
IDM_PE,D,20200903,000000,3.8,3.8,3.4,3.4,0,0
IDM_PE,D,20200907,000000,3.4,3.4,3.2,3.4,0,0
IDM_PE,D,20200908,000000,3.2,3.4,3.2,3.4,0,0
IDM_PE,D,20200909,000000,3.2,3.4,3.2,3.4,0,0
IDM_PE,D,20200911,000000,3.3,3.4,3.3,3.4,0,0
IDM_PE,D,20200915,000000,3.3,3.3,3.2,3.2,0,0
IDM_PE,D,20200916,000000,3.3,3.5,3.3,3.5,0,0
IDM_PE,D,20200917,000000,3.8,3.8,3.5,3.5,0,0
IDM_PE,D,20200918,000000,3.3,3.5,3.2,3.5,0,0
IDM_PE,D,20200921,000000,3.3,3.3,3.2,3.3,0,0
IDM_PE,D,20200922,000000,3.3,3.4,3.3,3.4,0,0
IDM_PE,D,20200923,000000,3.4,3.4,3.4,3.4,0,0
IDM_PE,D,20200924,000000,3.4,3.4,2.5,2.5,0,0
IDM_PE,D,20200925,000000,2.5,2.6,2.5,2.5,0,0
IDM_PE,D,20200928,000000,2.4,2.5,2.4,2.5,0,0
IDM_PE,D,20200929,000000,2.5,2.5,2.5,2.5,0,0
IDM_PE,D,20201001,000000,2.4,2.5,2.4,2.4,0,0
IDM_PE,D,20201002,000000,2.4,2.4,2.4,2.4,0,0
IDM_PE,D,20201005,000000,2.4,2.4,2.4,2.4,0,0
IDM_PE,D,20201007,000000,2.4,2.5,2.4,2.4,0,0
IDM_PE,D,20201008,000000,2.4,2.4,2.4,2.4,0,0
IDM_PE,D,20201009,000000,2.4,2.5,2.4,2.5,0,0
IDM_PE,D,20201012,000000,2.4,2.4,2.4,2.4,0,0
IDM_PE,D,20201014,000000,2.4,2.4,2.4,2.4,0,0
IDM_PE,D,20201015,000000,2.4,2.4,2.4,2.4,0,0
IDM_PE,D,20201016,000000,2.4,2.5,2.4,2.4,0,0
