<TICKER>,<PER>,<DATE>,<TIME>,<OPEN>,<HIGH>,<LOW>,<CLOSE>,<VOL>,<OPENINT>
IIA_PB,D,20130507,000000,0.6151,0.6151,0.6151,0.6151,0,0
IIA_PB,D,20130508,000000,0.6058,0.6245,0.6058,0.6245,0,0
IIA_PB,D,20130509,000000,0.6245,0.6245,0.6245,0.6245,0,0
IIA_PB,D,20130510,000000,0.6151,0.6338,0.6151,0.6245,0,0
IIA_PB,D,20130513,000000,0.6245,0.6245,0.6245,0.6245,0,0
IIA_PB,D,20130514,000000,0.6245,0.6245,0.6245,0.6245,0,0
IIA_PB,D,20130515,000000,0.6338,0.6431,0.6245,0.6245,0,0
IIA_PB,D,20130516,000000,0.6338,0.6338,0.6245,0.6338,0,0
IIA_PB,D,20130517,000000,0.6338,0.6338,0.6245,0.6245,0,0
IIA_PB,D,20130520,000000,0.6245,0.6245,0.6245,0.6245,0,0
IIA_PB,D,20130521,000000,0.6245,0.6338,0.6245,0.6245,0,0
IIA_PB,D,20130522,000000,0.6245,0.6431,0.6245,0.6431,0,0
IIA_PB,D,20130523,000000,0.6431,0.6431,0.6338,0.6338,0,0
IIA_PB,D,20130524,000000,0.6245,0.6338,0.6245,0.6338,0,0
IIA_PB,D,20130527,000000,0.6338,0.6338,0.6245,0.6338,0,0
IIA_PB,D,20130528,000000,0.6338,0.6338,0.6338,0.6338,0,0
IIA_PB,D,20130529,000000,0.6338,0.6338,0.6338,0.6338,0,0
IIA_PB,D,20130531,000000,0.6338,0.6338,0.6338,0.6338,0,0
IIA_PB,D,20130603,000000,0.6151,0.6245,0.6151,0.6151,0,0
IIA_PB,D,20130604,000000,0.6151,0.6151,0.6151,0.6151,0,0
IIA_PB,D,20130605,000000,0.6151,0.6245,0.6058,0.6245,0,0
IIA_PB,D,20130606,000000,0.6431,0.6431,0.6245,0.6245,0,0
IIA_PB,D,20130607,000000,0.6151,0.6151,0.6151,0.6151,0,0
IIA_PB,D,20130610,000000,0.6151,0.6245,0.6151,0.6151,0,0
IIA_PB,D,20130611,000000,0.6151,0.6151,0.6058,0.6058,0,0
IIA_PB,D,20130612,000000,0.5965,0.6058,0.5965,0.5965,0,0
IIA_PB,D,20130613,000000,0.5965,0.5965,0.5872,0.5872,0,0
IIA_PB,D,20130614,000000,0.5965,0.6058,0.5965,0.6058,0,0
IIA_PB,D,20130617,000000,0.5965,0.6058,0.5965,0.5965,0,0
IIA_PB,D,20130618,000000,0.5965,0.5965,0.5965,0.5965,0,0
IIA_PB,D,20130619,000000,0.5965,0.5965,0.5965,0.5965,0,0
IIA_PB,D,20130621,000000,0.5965,0.6058,0.5965,0.5965,0,0
IIA_PB,D,20130624,000000,0.5965,0.5965,0.5779,0.5779,0,0
IIA_PB,D,20130625,000000,0.5499,0.5779,0.5499,0.5779,0,0
IIA_PB,D,20130626,000000,0.5779,0.5779,0.5779,0.5779,0,0
IIA_PB,D,20130627,000000,0.5779,0.5872,0.5685,0.5779,0,0
IIA_PB,D,20130628,000000,0.5779,0.5872,0.5685,0.5685,0,0
IIA_PB,D,20130701,000000,0.5872,0.5965,0.5779,0.5965,0,0
IIA_PB,D,20130702,000000,0.5965,0.5965,0.5872,0.5965,0,0
IIA_PB,D,20130703,000000,0.5872,0.5965,0.5779,0.5779,0,0
IIA_PB,D,20130704,000000,0.5872,0.5872,0.5872,0.5872,0,0
IIA_PB,D,20130705,000000,0.5872,0.5965,0.5872,0.5965,0,0
IIA_PB,D,20130708,000000,0.6058,0.6151,0.6058,0.6151,0,0
IIA_PB,D,20130709,000000,0.6151,0.6151,0.6058,0.6151,0,0
IIA_PB,D,20130710,000000,0.5965,0.5965,0.5965,0.5965,0,0
IIA_PB,D,20130711,000000,0.6058,0.6058,0.6058,0.6058,0,0
IIA_PB,D,20130712,000000,0.6058,0.6058,0.6058,0.6058,0,0
IIA_PB,D,20130715,000000,0.6058,0.6058,0.6058,0.6058,0,0
IIA_PB,D,20130716,000000,0.6058,0.6058,0.5965,0.6058,0,0
IIA_PB,D,20130717,000000,0.5965,0.6058,0.5965,0.6058,0,0
IIA_PB,D,20130718,000000,0.5965,0.5965,0.5965,0.5965,0,0
IIA_PB,D,20130719,000000,0.6058,0.6058,0.6058,0.6058,0,0
IIA_PB,D,20130722,000000,0.6058,0.6058,0.5965,0.5965,0,0
IIA_PB,D,20130723,000000,0.5965,0.5965,0.5965,0.5965,0,0
IIA_PB,D,20130724,000000,0.5779,0.6058,0.5779,0.5872,0,0
IIA_PB,D,20130725,000000,0.5872,0.5965,0.5872,0.5872,0,0
IIA_PB,D,20130726,000000,0.5872,0.5872,0.5872,0.5872,0,0
IIA_PB,D,20130729,000000,0.5965,0.5965,0.5965,0.5965,0,0
IIA_PB,D,20130730,000000,0.5965,0.5965,0.5965,0.5965,0,0
IIA_PB,D,20130731,000000,0.5872,0.5965,0.5872,0.5965,0,0
IIA_PB,D,20130801,000000,0.5965,0.5965,0.5965,0.5965,0,0
IIA_PB,D,20130802,000000,0.6058,0.6058,0.6058,0.6058,0,0
IIA_PB,D,20130805,000000,0.5965,0.6058,0.5965,0.6058,0,0
IIA_PB,D,20130806,000000,0.6058,0.6151,0.6058,0.6058,0,0
IIA_PB,D,20130807,000000,0.5965,0.6058,0.5965,0.6058,0,0
IIA_PB,D,20130808,000000,0.6058,0.6058,0.5965,0.5965,0,0
IIA_PB,D,20130809,000000,0.5965,0.6058,0.5965,0.6058,0,0
IIA_PB,D,20130812,000000,0.5965,0.5965,0.5965,0.5965,0,0
IIA_PB,D,20130813,000000,0.5965,0.6058,0.5965,0.6058,0,0
IIA_PB,D,20130814,000000,0.6058,0.6058,0.6058,0.6058,0,0
IIA_PB,D,20130816,000000,0.6058,0.6151,0.6058,0.6151,0,0
IIA_PB,D,20130819,000000,0.5965,0.6151,0.5965,0.6058,0,0
IIA_PB,D,20130820,000000,0.5965,0.5965,0.5965,0.5965,0,0
IIA_PB,D,20130821,000000,0.5965,0.5965,0.5965,0.5965,0,0
IIA_PB,D,20130822,000000,0.5779,0.5965,0.5779,0.5965,0,0
IIA_PB,D,20130823,000000,0.5872,0.5965,0.5872,0.5872,0,0
IIA_PB,D,20130826,000000,0.5965,0.5965,0.5965,0.5965,0,0
IIA_PB,D,20130827,000000,0.5872,0.5872,0.5872,0.5872,0,0
IIA_PB,D,20130828,000000,0.5872,0.5872,0.5779,0.5779,0,0
IIA_PB,D,20130829,000000,0.5872,0.5872,0.5872,0.5872,0,0
IIA_PB,D,20130830,000000,0.5872,0.5872,0.5779,0.5779,0,0
IIA_PB,D,20130902,000000,0.5872,0.5872,0.5872,0.5872,0,0
IIA_PB,D,20130903,000000,0.5872,0.5965,0.5872,0.5872,0,0
IIA_PB,D,20130904,000000,0.5872,0.5872,0.5779,0.5779,0,0
IIA_PB,D,20130906,000000,0.5872,0.5872,0.5872,0.5872,0,0
IIA_PB,D,20130909,000000,0.5872,0.5872,0.5872,0.5872,0,0
IIA_PB,D,20130910,000000,0.5965,0.5965,0.5965,0.5965,0,0
IIA_PB,D,20130911,000000,0.5965,0.5965,0.5965,0.5965,0,0
IIA_PB,D,20130912,000000,0.5965,0.5965,0.5965,0.5965,0,0
IIA_PB,D,20130913,000000,0.5965,0.5965,0.5965,0.5965,0,0
IIA_PB,D,20130916,000000,0.5965,0.5965,0.5965,0.5965,0,0
IIA_PB,D,20130918,000000,0.5965,0.6058,0.5965,0.6058,0,0
IIA_PB,D,20130919,000000,0.5965,0.6058,0.5965,0.6058,0,0
IIA_PB,D,20130923,000000,0.6058,0.6058,0.5965,0.6058,0,0
IIA_PB,D,20130924,000000,0.5965,0.6058,0.5965,0.6058,0,0
IIA_PB,D,20130925,000000,0.6058,0.6151,0.6058,0.6151,0,0
IIA_PB,D,20130926,000000,0.6151,0.6245,0.6151,0.6245,0,0
IIA_PB,D,20130927,000000,0.6245,0.6245,0.6245,0.6245,0,0
IIA_PB,D,20130930,000000,0.6245,0.6245,0.6151,0.6245,0,0
IIA_PB,D,20131001,000000,0.6245,0.6245,0.6058,0.6058,0,0
IIA_PB,D,20131002,000000,0.6151,0.6245,0.6151,0.6151,0,0
IIA_PB,D,20131003,000000,0.6151,0.6151,0.6151,0.6151,0,0
IIA_PB,D,20131004,000000,0.6245,0.6245,0.5872,0.5872,0,0
IIA_PB,D,20131007,000000,0.5872,0.5872,0.5872,0.5872,0,0
IIA_PB,D,20131008,000000,0.5872,0.5872,0.5685,0.5779,0,0
IIA_PB,D,20131009,000000,0.5779,0.5872,0.5779,0.5872,0,0
IIA_PB,D,20131010,000000,0.5965,0.5965,0.5872,0.5872,0,0
IIA_PB,D,20131011,000000,0.5965,0.6058,0.5965,0.5965,0,0
IIA_PB,D,20131014,000000,0.6058,0.6058,0.5965,0.5965,0,0
IIA_PB,D,20131015,000000,0.6058,0.6151,0.6058,0.6058,0,0
IIA_PB,D,20131016,000000,0.6151,0.6151,0.6058,0.6058,0,0
IIA_PB,D,20131017,000000,0.6151,0.6151,0.6151,0.6151,0,0
IIA_PB,D,20131018,000000,0.6151,0.6338,0.6058,0.6338,0,0
IIA_PB,D,20131021,000000,0.6338,0.6338,0.6245,0.6245,0,0
IIA_PB,D,20131022,000000,0.6245,0.6245,0.6151,0.6245,0,0
IIA_PB,D,20131023,000000,0.6245,0.6245,0.6245,0.6245,0,0
IIA_PB,D,20131024,000000,0.6245,0.6245,0.6151,0.6245,0,0
IIA_PB,D,20131025,000000,0.6245,0.6245,0.6151,0.6151,0,0
IIA_PB,D,20131028,000000,0.6151,0.6151,0.6151,0.6151,0,0
IIA_PB,D,20131029,000000,0.6151,0.6245,0.6151,0.6245,0,0
IIA_PB,D,20131030,000000,0.6245,0.6245,0.6245,0.6245,0,0
IIA_PB,D,20131031,000000,0.6151,0.6151,0.6151,0.6151,0,0
IIA_PB,D,20131104,000000,0.6151,0.6338,0.6151,0.6245,0,0
IIA_PB,D,20131105,000000,0.6245,0.6338,0.6245,0.6338,0,0
IIA_PB,D,20131106,000000,0.6338,0.6338,0.6338,0.6338,0,0
IIA_PB,D,20131107,000000,0.6338,0.6338,0.6338,0.6338,0,0
IIA_PB,D,20131108,000000,0.6338,0.6338,0.6338,0.6338,0,0
IIA_PB,D,20131112,000000,0.6338,0.6338,0.6338,0.6338,0,0
IIA_PB,D,20131113,000000,0.6338,0.6338,0.6338,0.6338,0,0
IIA_PB,D,20131114,000000,0.6338,0.6338,0.6338,0.6338,0,0
IIA_PB,D,20131115,000000,0.6338,0.6431,0.6338,0.6431,0,0
IIA_PB,D,20131118,000000,0.6431,0.6524,0.6338,0.6431,0,0
IIA_PB,D,20131119,000000,0.6338,0.6431,0.6338,0.6431,0,0
IIA_PB,D,20131120,000000,0.6524,0.6524,0.6524,0.6524,0,0
IIA_PB,D,20131121,000000,0.6524,0.6711,0.6524,0.6711,0,0
IIA_PB,D,20131122,000000,0.6711,0.6804,0.6617,0.6804,0,0
IIA_PB,D,20131125,000000,0.6711,0.6804,0.6711,0.6711,0,0
IIA_PB,D,20131126,000000,0.6711,0.6711,0.6711,0.6711,0,0
IIA_PB,D,20131127,000000,0.6711,0.6804,0.6711,0.6804,0,0
IIA_PB,D,20131128,000000,0.6711,0.6711,0.6711,0.6711,0,0
IIA_PB,D,20131129,000000,0.6711,0.6711,0.6711,0.6711,0,0
IIA_PB,D,20131202,000000,0.6617,0.6617,0.6617,0.6617,0,0
IIA_PB,D,20131203,000000,0.6617,0.6617,0.6524,0.6524,0,0
IIA_PB,D,20131204,000000,0.6524,0.6617,0.6524,0.6617,0,0
IIA_PB,D,20131205,000000,0.6524,0.6524,0.6431,0.6431,0,0
IIA_PB,D,20131206,000000,0.6711,0.6711,0.6338,0.6431,0,0
IIA_PB,D,20131209,000000,0.6524,0.6524,0.6431,0.6431,0,0
IIA_PB,D,20131210,000000,0.6524,0.6524,0.6431,0.6431,0,0
IIA_PB,D,20131211,000000,0.6431,0.6524,0.6431,0.6524,0,0
IIA_PB,D,20131212,000000,0.6524,0.6524,0.6524,0.6524,0,0
IIA_PB,D,20131213,000000,0.6338,0.6524,0.6338,0.6338,0,0
IIA_PB,D,20131216,000000,0.6338,0.6338,0.6245,0.6245,0,0
IIA_PB,D,20131217,000000,0.6338,0.6338,0.6245,0.6338,0,0
IIA_PB,D,20131218,000000,0.6431,0.6431,0.6431,0.6431,0,0
IIA_PB,D,20131219,000000,0.6338,0.6431,0.6245,0.6338,0,0
IIA_PB,D,20131220,000000,0.6151,0.6245,0.6151,0.6245,0,0
IIA_PB,D,20131223,000000,0.6338,0.6338,0.6245,0.6245,0,0
IIA_PB,D,20131227,000000,0.6338,0.6338,0.6338,0.6338,0,0
IIA_PB,D,20131230,000000,0.6338,0.6338,0.6338,0.6338,0,0
IIA_PB,D,20140102,000000,0.6338,0.6338,0.6338,0.6338,0,0
IIA_PB,D,20140103,000000,0.6245,0.6338,0.6245,0.6245,0,0
IIA_PB,D,20140107,000000,0.6338,0.6431,0.6338,0.6431,0,0
IIA_PB,D,20140108,000000,0.6617,0.6617,0.6617,0.6617,0,0
IIA_PB,D,20140109,000000,0.6617,0.6617,0.6617,0.6617,0,0
IIA_PB,D,20140110,000000,0.6617,0.6617,0.6617,0.6617,0,0
IIA_PB,D,20140113,000000,0.6524,0.6524,0.6524,0.6524,0,0
IIA_PB,D,20140114,000000,0.6431,0.6617,0.6431,0.6617,0,0
IIA_PB,D,20140115,000000,0.6617,0.6711,0.6338,0.6711,0,0
IIA_PB,D,20140116,000000,0.6804,0.6804,0.6804,0.6804,0,0
IIA_PB,D,20140117,000000,0.6897,0.6897,0.6804,0.6804,0,0
IIA_PB,D,20140120,000000,0.6804,0.6804,0.6711,0.6711,0,0
IIA_PB,D,20140121,000000,0.6897,0.6897,0.6804,0.6804,0,0
IIA_PB,D,20140122,000000,0.6804,0.6804,0.6804,0.6804,0,0
IIA_PB,D,20140123,000000,0.6804,0.6804,0.6804,0.6804,0,0
IIA_PB,D,20140124,000000,0.6804,0.6804,0.6711,0.6711,0,0
IIA_PB,D,20140127,000000,0.7084,0.7084,0.6617,0.6711,0,0
IIA_PB,D,20140128,000000,0.6617,0.6711,0.6617,0.6711,0,0
IIA_PB,D,20140129,000000,0.6804,0.6897,0.6804,0.6804,0,0
IIA_PB,D,20140130,000000,0.6804,0.6804,0.6338,0.6804,0,0
IIA_PB,D,20140131,000000,0.6804,0.6804,0.6804,0.6804,0,0
IIA_PB,D,20140205,000000,0.6804,0.6897,0.6617,0.6897,0,0
IIA_PB,D,20140207,000000,0.6804,0.6804,0.6804,0.6804,0,0
IIA_PB,D,20140210,000000,0.6804,0.6804,0.6804,0.6804,0,0
IIA_PB,D,20140212,000000,0.6897,0.699,0.6897,0.699,0,0
IIA_PB,D,20140213,000000,0.7177,0.7177,0.699,0.699,0,0
IIA_PB,D,20140214,000000,0.7084,0.7084,0.7084,0.7084,0,0
IIA_PB,D,20140217,000000,0.7084,0.7084,0.699,0.7084,0,0
IIA_PB,D,20140218,000000,0.7084,0.7269,0.7084,0.7269,0,0
IIA_PB,D,20140219,000000,0.7269,0.7269,0.7177,0.7177,0,0
IIA_PB,D,20140220,000000,0.7084,0.7177,0.7084,0.7177,0,0
IIA_PB,D,20140224,000000,0.7269,0.7269,0.7177,0.7269,0,0
IIA_PB,D,20140226,000000,0.7269,0.7363,0.7269,0.7363,0,0
IIA_PB,D,20140227,000000,0.7363,0.7363,0.7269,0.7269,0,0
IIA_PB,D,20140228,000000,0.7363,0.7363,0.7177,0.7177,0,0
IIA_PB,D,20140303,000000,0.6897,0.7084,0.6897,0.699,0,0
IIA_PB,D,20140304,000000,0.699,0.7269,0.699,0.7269,0,0
IIA_PB,D,20140305,000000,0.7269,0.7269,0.7269,0.7269,0,0
IIA_PB,D,20140306,000000,0.7177,0.7177,0.7177,0.7177,0,0
IIA_PB,D,20140310,000000,0.7084,0.7177,0.7084,0.7084,0,0
IIA_PB,D,20140311,000000,0.7084,0.7084,0.7084,0.7084,0,0
IIA_PB,D,20140312,000000,0.7177,0.7177,0.7084,0.7084,0,0
IIA_PB,D,20140313,000000,0.699,0.699,0.699,0.699,0,0
IIA_PB,D,20140314,000000,0.699,0.699,0.6897,0.6897,0,0
IIA_PB,D,20140318,000000,0.699,0.699,0.699,0.699,0,0
IIA_PB,D,20140320,000000,0.6897,0.699,0.6897,0.6897,0,0
IIA_PB,D,20140321,000000,0.6897,0.6897,0.6711,0.6711,0,0
IIA_PB,D,20140324,000000,0.6617,0.6617,0.6617,0.6617,0,0
IIA_PB,D,20140325,000000,0.6711,0.6711,0.6711,0.6711,0,0
IIA_PB,D,20140326,000000,0.6058,0.6711,0.6058,0.6711,0,0
IIA_PB,D,20140327,000000,0.6617,0.6711,0.6617,0.6711,0,0
IIA_PB,D,20140328,000000,0.6711,0.6711,0.6711,0.6711,0,0
IIA_PB,D,20140331,000000,0.6711,0.6804,0.6711,0.6804,0,0
IIA_PB,D,20140402,000000,0.6711,0.6897,0.6711,0.6711,0,0
IIA_PB,D,20140404,000000,0.6711,0.6711,0.6711,0.6711,0,0
IIA_PB,D,20140408,000000,0.6431,0.6431,0.6431,0.6431,0,0
IIA_PB,D,20140409,000000,0.6431,0.6524,0.6431,0.6524,0,0
IIA_PB,D,20140415,000000,0.6338,0.6338,0.6338,0.6338,0,0
IIA_PB,D,20140417,000000,0.6338,0.6338,0.6338,0.6338,0,0
IIA_PB,D,20140422,000000,0.6431,0.6431,0.6431,0.6431,0,0
IIA_PB,D,20140429,000000,0.5219,0.5312,0.5219,0.5312,0,0
IIA_PB,D,20140430,000000,0.5312,0.5312,0.49397,0.5219,0,0
IIA_PB,D,20140502,000000,0.5127,0.5219,0.49397,0.5127,0,0
IIA_PB,D,20140505,000000,0.5033,0.5033,0.48463,0.5033,0,0
IIA_PB,D,20140506,000000,0.5033,0.5033,0.5033,0.5033,0,0
IIA_PB,D,20140507,000000,0.5127,0.5127,0.48463,0.5033,0,0
IIA_PB,D,20140508,000000,0.5127,0.5127,0.5127,0.5127,0,0
IIA_PB,D,20140512,000000,0.5127,0.5127,0.5127,0.5127,0,0
IIA_PB,D,20140515,000000,0.49397,0.5127,0.49397,0.5127,0,0
IIA_PB,D,20140516,000000,0.48463,0.48463,0.48463,0.48463,0,0
IIA_PB,D,20140519,000000,0.47533,0.5033,0.47533,0.5033,0,0
IIA_PB,D,20140520,000000,0.47533,0.49397,0.47533,0.49397,0,0
IIA_PB,D,20140523,000000,0.49397,0.49397,0.49397,0.49397,0,0
IIA_PB,D,20140526,000000,0.5033,0.5033,0.5033,0.5033,0,0
IIA_PB,D,20140527,000000,0.5033,0.5033,0.5033,0.5033,0,0
IIA_PB,D,20140602,000000,0.49397,0.49397,0.49397,0.49397,0,0
IIA_PB,D,20140603,000000,0.49397,0.49397,0.49397,0.49397,0,0
IIA_PB,D,20140605,000000,0.49397,0.49397,0.49397,0.49397,0,0
IIA_PB,D,20140606,000000,0.5033,0.5033,0.5033,0.5033,0,0
IIA_PB,D,20140609,000000,0.5127,0.5127,0.5127,0.5127,0,0
IIA_PB,D,20140610,000000,0.5127,0.5127,0.5127,0.5127,0,0
IIA_PB,D,20140611,000000,0.5219,0.5219,0.5219,0.5219,0,0
IIA_PB,D,20140612,000000,0.5219,0.5219,0.5127,0.5127,0,0
IIA_PB,D,20140613,000000,0.5127,0.5127,0.5127,0.5127,0,0
IIA_PB,D,20140616,000000,0.5127,0.5127,0.5127,0.5127,0,0
IIA_PB,D,20140617,000000,0.5219,0.5312,0.5127,0.5312,0,0
IIA_PB,D,20140618,000000,0.5312,0.5312,0.5312,0.5312,0,0
IIA_PB,D,20140620,000000,0.5312,0.5406,0.5219,0.5406,0,0
IIA_PB,D,20140623,000000,0.5312,0.5406,0.5312,0.5406,0,0
IIA_PB,D,20140624,000000,0.5312,0.5312,0.5127,0.5219,0,0
IIA_PB,D,20140625,000000,0.5219,0.5219,0.5127,0.5127,0,0
IIA_PB,D,20140626,000000,0.5127,0.5127,0.5127,0.5127,0,0
IIA_PB,D,20140630,000000,0.47533,0.5127,0.47533,0.5127,0,0
IIA_PB,D,20140702,000000,0.5219,0.5219,0.5127,0.5219,0,0
IIA_PB,D,20140707,000000,0.5127,0.5127,0.5127,0.5127,0,0
IIA_PB,D,20140714,000000,0.5127,0.5312,0.5127,0.5312,0,0
IIA_PB,D,20140715,000000,0.5033,0.5312,0.5033,0.5312,0,0
IIA_PB,D,20140716,000000,0.5127,0.5127,0.5033,0.5033,0,0
IIA_PB,D,20140717,000000,0.5127,0.5127,0.5127,0.5127,0,0
IIA_PB,D,20140718,000000,0.49397,0.5033,0.49397,0.5033,0,0
IIA_PB,D,20140721,000000,0.48463,0.5033,0.48463,0.49397,0,0
IIA_PB,D,20140722,000000,0.5033,0.5033,0.49397,0.49397,0,0
IIA_PB,D,20140723,000000,0.49397,0.5033,0.49397,0.5033,0,0
IIA_PB,D,20140724,000000,0.5033,0.5033,0.49397,0.5033,0,0
IIA_PB,D,20140725,000000,0.5033,0.5033,0.49397,0.49397,0,0
IIA_PB,D,20140728,000000,0.49397,0.49397,0.48463,0.48463,0,0
IIA_PB,D,20140730,000000,0.48463,0.48463,0.48463,0.48463,0,0
IIA_PB,D,20140731,000000,0.46601,0.47533,0.46601,0.47533,0,0
IIA_PB,D,20140805,000000,0.44738,0.45669,0.44738,0.45669,0,0
IIA_PB,D,20140806,000000,0.42873,0.43805,0.42873,0.43805,0,0
IIA_PB,D,20140807,000000,0.43805,0.43805,0.42873,0.43805,0,0
IIA_PB,D,20140808,000000,0.43805,0.43805,0.43805,0.43805,0,0
IIA_PB,D,20140811,000000,0.44738,0.44738,0.44738,0.44738,0,0
IIA_PB,D,20140813,000000,0.44738,0.44738,0.44738,0.44738,0,0
IIA_PB,D,20140814,000000,0.45669,0.46601,0.45669,0.46601,0,0
IIA_PB,D,20140818,000000,0.47533,0.47533,0.47533,0.47533,0,0
IIA_PB,D,20140819,000000,0.47533,0.48463,0.47533,0.48463,0,0
IIA_PB,D,20140827,000000,0.48463,0.48463,0.48463,0.48463,0,0
IIA_PB,D,20140828,000000,0.48463,0.48463,0.47533,0.47533,0,0
IIA_PB,D,20140902,000000,0.47533,0.47533,0.47533,0.47533,0,0
IIA_PB,D,20140903,000000,0.47533,0.47533,0.47533,0.47533,0,0
IIA_PB,D,20140904,000000,0.48463,0.49397,0.48463,0.48463,0,0
IIA_PB,D,20140905,000000,0.47533,0.48463,0.47533,0.48463,0,0
IIA_PB,D,20140908,000000,0.47533,0.48463,0.47533,0.48463,0,0
IIA_PB,D,20140911,000000,0.47533,0.47533,0.47533,0.47533,0,0
IIA_PB,D,20140912,000000,0.47533,0.47533,0.47533,0.47533,0,0
IIA_PB,D,20140915,000000,0.46601,0.46601,0.46601,0.46601,0,0
IIA_PB,D,20140922,000000,0.5872,0.5872,0.5779,0.5779,0,0
IIA_PB,D,20140925,000000,0.5685,0.5685,0.5499,0.5499,0,0
IIA_PB,D,20140926,000000,0.5592,0.5592,0.5592,0.5592,0,0
IIA_PB,D,20141001,000000,0.5592,0.5592,0.5592,0.5592,0,0
IIA_PB,D,20141002,000000,0.5499,0.5499,0.5406,0.5406,0,0
IIA_PB,D,20141003,000000,0.5312,0.5499,0.5312,0.5499,0,0
IIA_PB,D,20141006,000000,0.5499,0.5499,0.5499,0.5499,0,0
IIA_PB,D,20141007,000000,0.5592,0.5592,0.5592,0.5592,0,0
IIA_PB,D,20141008,000000,0.5592,0.5592,0.5406,0.5406,0,0
IIA_PB,D,20141009,000000,0.5499,0.5499,0.5406,0.5406,0,0
IIA_PB,D,20141010,000000,0.5312,0.5592,0.5312,0.5312,0,0
IIA_PB,D,20141013,000000,0.5312,0.5406,0.5219,0.5406,0,0
IIA_PB,D,20141015,000000,0.5406,0.5406,0.5406,0.5406,0,0
IIA_PB,D,20141017,000000,0.5406,0.5406,0.5406,0.5406,0,0
IIA_PB,D,20141020,000000,0.5406,0.5406,0.5406,0.5406,0,0
IIA_PB,D,20141021,000000,0.5499,0.5779,0.5499,0.5779,0,0
IIA_PB,D,20141022,000000,0.5685,0.5779,0.5685,0.5779,0,0
IIA_PB,D,20141023,000000,0.5685,0.5779,0.5685,0.5779,0,0
IIA_PB,D,20141030,000000,0.5592,0.5779,0.5592,0.5779,0,0
IIA_PB,D,20141031,000000,0.5779,0.5965,0.5779,0.5965,0,0
IIA_PB,D,20141103,000000,0.5965,0.5965,0.5965,0.5965,0,0
IIA_PB,D,20141105,000000,0.5872,0.5965,0.5872,0.5965,0,0
IIA_PB,D,20141107,000000,0.5779,0.5779,0.5779,0.5779,0,0
IIA_PB,D,20141110,000000,0.5685,0.5685,0.5685,0.5685,0,0
IIA_PB,D,20141113,000000,0.5406,0.5592,0.5406,0.5499,0,0
IIA_PB,D,20141117,000000,0.5499,0.5499,0.5499,0.5499,0,0
IIA_PB,D,20141118,000000,0.5499,0.5499,0.5499,0.5499,0,0
IIA_PB,D,20141120,000000,0.5499,0.5592,0.5499,0.5592,0,0
IIA_PB,D,20141121,000000,0.5872,0.5872,0.5779,0.5779,0,0
IIA_PB,D,20141125,000000,0.5685,0.5685,0.5685,0.5685,0,0
IIA_PB,D,20141126,000000,0.5779,0.5872,0.5779,0.5872,0,0
IIA_PB,D,20141127,000000,0.5872,0.5872,0.5872,0.5872,0,0
IIA_PB,D,20141128,000000,0.5779,0.5779,0.5779,0.5779,0,0
IIA_PB,D,20141202,000000,0.5779,0.5779,0.5779,0.5779,0,0
IIA_PB,D,20141205,000000,0.5779,0.5779,0.5779,0.5779,0,0
IIA_PB,D,20141208,000000,0.5592,0.5592,0.5592,0.5592,0,0
IIA_PB,D,20141209,000000,0.5499,0.5592,0.5499,0.5592,0,0
IIA_PB,D,20141211,000000,0.5592,0.5592,0.5499,0.5592,0,0
IIA_PB,D,20141212,000000,0.5499,0.5499,0.5406,0.5406,0,0
IIA_PB,D,20141215,000000,0.5312,0.5312,0.5312,0.5312,0,0
IIA_PB,D,20141216,000000,0.5219,0.5219,0.49397,0.49397,0,0
IIA_PB,D,20141217,000000,0.5033,0.5033,0.49397,0.49397,0,0
IIA_PB,D,20141218,000000,0.47533,0.5033,0.47533,0.5033,0,0
IIA_PB,D,20141219,000000,0.5127,0.5127,0.5127,0.5127,0,0
IIA_PB,D,20141222,000000,0.5127,0.5127,0.5127,0.5127,0,0
IIA_PB,D,20141223,000000,0.5219,0.5219,0.5219,0.5219,0,0
IIA_PB,D,20141229,000000,0.5219,0.5219,0.5219,0.5219,0,0
IIA_PB,D,20150102,000000,0.5312,0.5312,0.5312,0.5312,0,0
IIA_PB,D,20150105,000000,0.5312,0.5312,0.5312,0.5312,0,0
IIA_PB,D,20150107,000000,0.5312,0.5312,0.5312,0.5312,0,0
IIA_PB,D,20150109,000000,0.5312,0.5312,0.5312,0.5312,0,0
IIA_PB,D,20150113,000000,0.5219,0.5219,0.5219,0.5219,0,0
IIA_PB,D,20150122,000000,0.5127,0.5219,0.5127,0.5219,0,0
IIA_PB,D,20150127,000000,0.5219,0.5219,0.5219,0.5219,0,0
IIA_PB,D,20150130,000000,0.5312,0.5312,0.5127,0.5127,0,0
IIA_PB,D,20150203,000000,0.5127,0.5127,0.5127,0.5127,0,0
IIA_PB,D,20150204,000000,0.5312,0.5312,0.5312,0.5312,0,0
IIA_PB,D,20150205,000000,0.5312,0.5406,0.5312,0.5406,0,0
IIA_PB,D,20150206,000000,0.5127,0.5406,0.5127,0.5406,0,0
IIA_PB,D,20150212,000000,0.5406,0.5779,0.5406,0.5779,0,0
IIA_PB,D,20150213,000000,0.5779,0.5779,0.5685,0.5779,0,0
IIA_PB,D,20150216,000000,0.5779,0.5872,0.5779,0.5779,0,0
IIA_PB,D,20150217,000000,0.5872,0.5872,0.5872,0.5872,0,0
IIA_PB,D,20150218,000000,0.5872,0.5872,0.5872,0.5872,0,0
IIA_PB,D,20150219,000000,0.5872,0.6058,0.5872,0.6058,0,0
IIA_PB,D,20150220,000000,0.5965,0.5965,0.5872,0.5872,0,0
IIA_PB,D,20150223,000000,0.5965,0.6058,0.5965,0.6058,0,0
IIA_PB,D,20150224,000000,0.5965,0.6058,0.5965,0.6058,0,0
IIA_PB,D,20150225,000000,0.6524,0.6897,0.6524,0.6804,0,0
IIA_PB,D,20150226,000000,0.6711,0.6804,0.6617,0.6711,0,0
IIA_PB,D,20150227,000000,0.6617,0.6711,0.6524,0.6711,0,0
IIA_PB,D,20150302,000000,0.6804,0.6804,0.6804,0.6804,0,0
IIA_PB,D,20150303,000000,0.6804,0.6804,0.6711,0.6711,0,0
IIA_PB,D,20150304,000000,0.6617,0.6617,0.6617,0.6617,0,0
IIA_PB,D,20150305,000000,0.6711,0.6804,0.6711,0.6804,0,0
IIA_PB,D,20150306,000000,0.6804,0.6804,0.6804,0.6804,0,0
IIA_PB,D,20150309,000000,0.6897,0.6897,0.6804,0.6804,0,0
IIA_PB,D,20150310,000000,0.6897,0.6897,0.6897,0.6897,0,0
IIA_PB,D,20150313,000000,0.6897,0.7084,0.6897,0.699,0,0
IIA_PB,D,20150316,000000,0.699,0.699,0.6897,0.699,0,0
IIA_PB,D,20150317,000000,0.699,0.7084,0.699,0.7084,0,0
IIA_PB,D,20150318,000000,0.6897,0.6897,0.6897,0.6897,0,0
IIA_PB,D,20150319,000000,0.6617,0.7084,0.6617,0.7084,0,0
IIA_PB,D,20150320,000000,0.7084,0.7177,0.7084,0.7177,0,0
IIA_PB,D,20150323,000000,0.7084,0.7084,0.7084,0.7084,0,0
IIA_PB,D,20150324,000000,0.699,0.7084,0.699,0.7084,0,0
IIA_PB,D,20150325,000000,0.7084,0.7084,0.7084,0.7084,0,0
IIA_PB,D,20150327,000000,0.699,0.699,0.699,0.699,0,0
IIA_PB,D,20150331,000000,0.6804,0.6804,0.6804,0.6804,0,0
IIA_PB,D,20150407,000000,0.6897,0.6897,0.6897,0.6897,0,0
IIA_PB,D,20150408,000000,0.6897,0.6897,0.6897,0.6897,0,0
IIA_PB,D,20150409,000000,0.699,0.699,0.699,0.699,0,0
IIA_PB,D,20150410,000000,0.6897,0.6897,0.6897,0.6897,0,0
IIA_PB,D,20150413,000000,0.6897,0.6897,0.6804,0.6804,0,0
IIA_PB,D,20150414,000000,0.6897,0.6897,0.6897,0.6897,0,0
IIA_PB,D,20150417,000000,0.6897,0.6897,0.6897,0.6897,0,0
IIA_PB,D,20150420,000000,0.6897,0.699,0.6897,0.699,0,0
IIA_PB,D,20150422,000000,0.7084,0.7084,0.699,0.699,0,0
IIA_PB,D,20150423,000000,0.7084,0.7177,0.699,0.699,0,0
IIA_PB,D,20150424,000000,0.7084,0.7084,0.699,0.699,0,0
IIA_PB,D,20150428,000000,0.6617,0.6897,0.6617,0.6804,0,0
IIA_PB,D,20150430,000000,0.6804,0.6804,0.6804,0.6804,0,0
IIA_PB,D,20150504,000000,0.6711,0.6711,0.6711,0.6711,0,0
IIA_PB,D,20150505,000000,0.6617,0.6617,0.6524,0.6524,0,0
IIA_PB,D,20150506,000000,0.6524,0.6524,0.6338,0.6338,0,0
IIA_PB,D,20150511,000000,0.6617,0.6617,0.6524,0.6524,0,0
IIA_PB,D,20150514,000000,0.6431,0.6431,0.6431,0.6431,0,0
IIA_PB,D,20150519,000000,0.6524,0.6524,0.6524,0.6524,0,0
IIA_PB,D,20150520,000000,0.6524,0.6524,0.6524,0.6524,0,0
IIA_PB,D,20150521,000000,0.6524,0.6617,0.6524,0.6524,0,0
IIA_PB,D,20150522,000000,0.6431,0.6431,0.6431,0.6431,0,0
IIA_PB,D,20150526,000000,0.6338,0.6338,0.6338,0.6338,0,0
IIA_PB,D,20150527,000000,0.6338,0.6338,0.6245,0.6245,0,0
IIA_PB,D,20150605,000000,0.6058,0.6058,0.5965,0.5965,0,0
IIA_PB,D,20150609,000000,0.5779,0.5779,0.5685,0.5685,0,0
IIA_PB,D,20150610,000000,0.5685,0.5685,0.5685,0.5685,0,0
IIA_PB,D,20150615,000000,0.5592,0.5592,0.5592,0.5592,0,0
IIA_PB,D,20150616,000000,0.5499,0.5499,0.5499,0.5499,0,0
IIA_PB,D,20150617,000000,0.5592,0.5592,0.5499,0.5592,0,0
IIA_PB,D,20150623,000000,0.5406,0.5592,0.5406,0.5592,0,0
IIA_PB,D,20150624,000000,0.5592,0.5592,0.5499,0.5499,0,0
IIA_PB,D,20150630,000000,0.5406,0.5406,0.5406,0.5406,0,0
IIA_PB,D,20150710,000000,0.5406,0.5499,0.5406,0.5499,0,0
IIA_PB,D,20150715,000000,0.5499,0.5592,0.5499,0.5592,0,0
IIA_PB,D,20150717,000000,0.5592,0.5779,0.5592,0.5779,0,0
IIA_PB,D,20150803,000000,0.5312,0.5312,0.5312,0.5312,0,0
IIA_PB,D,20150806,000000,0.5592,0.5592,0.5592,0.5592,0,0
IIA_PB,D,20150807,000000,0.5872,0.5965,0.5779,0.5965,0,0
IIA_PB,D,20150810,000000,0.5965,0.5965,0.5965,0.5965,0,0
IIA_PB,D,20150826,000000,0.5872,0.5872,0.5872,0.5872,0,0
IIA_PB,D,20150827,000000,0.5965,0.6058,0.5965,0.6058,0,0
IIA_PB,D,20150828,000000,0.6058,0.6058,0.5965,0.5965,0,0
IIA_PB,D,20150907,000000,0.5685,0.5685,0.5685,0.5685,0,0
IIA_PB,D,20150908,000000,0.5685,0.5685,0.5685,0.5685,0,0
IIA_PB,D,20150909,000000,0.5685,0.5685,0.5685,0.5685,0,0
IIA_PB,D,20150910,000000,0.5592,0.5592,0.5499,0.5499,0,0
IIA_PB,D,20150911,000000,0.5592,0.5592,0.5592,0.5592,0,0
IIA_PB,D,20150914,000000,0.5499,0.5499,0.5499,0.5499,0,0
IIA_PB,D,20150915,000000,0.5499,0.5499,0.5499,0.5499,0,0
IIA_PB,D,20150916,000000,0.5685,0.5685,0.5592,0.5685,0,0
IIA_PB,D,20150917,000000,0.5592,0.5685,0.5592,0.5592,0,0
IIA_PB,D,20150918,000000,0.5685,0.5872,0.5685,0.5779,0,0
IIA_PB,D,20150921,000000,0.5592,0.5779,0.5592,0.5779,0,0
IIA_PB,D,20150922,000000,0.5685,0.5685,0.5685,0.5685,0,0
IIA_PB,D,20150923,000000,0.5592,0.5592,0.5499,0.5499,0,0
IIA_PB,D,20150924,000000,0.5406,0.5592,0.5406,0.5499,0,0
IIA_PB,D,20150925,000000,0.5499,0.5499,0.5499,0.5499,0,0
IIA_PB,D,20150928,000000,0.5406,0.5406,0.5312,0.5312,0,0
IIA_PB,D,20150929,000000,0.5312,0.5312,0.5312,0.5312,0,0
IIA_PB,D,20150930,000000,0.5406,0.5406,0.5406,0.5406,0,0
IIA_PB,D,20151001,000000,0.5592,0.5592,0.5592,0.5592,0,0
IIA_PB,D,20151002,000000,0.5592,0.5592,0.5499,0.5499,0,0
IIA_PB,D,20151005,000000,0.5592,0.5685,0.5592,0.5685,0,0
IIA_PB,D,20151006,000000,0.5685,0.5965,0.5685,0.5965,0,0
IIA_PB,D,20151007,000000,0.5965,0.5965,0.5872,0.5965,0,0
IIA_PB,D,20151008,000000,0.5965,0.5965,0.5965,0.5965,0,0
IIA_PB,D,20151009,000000,0.5965,0.6058,0.5965,0.6058,0,0
IIA_PB,D,20151012,000000,0.6151,0.6151,0.6151,0.6151,0,0
IIA_PB,D,20151013,000000,0.5965,0.5965,0.5965,0.5965,0,0
IIA_PB,D,20151014,000000,0.5872,0.6058,0.5872,0.6058,0,0
IIA_PB,D,20151015,000000,0.6151,0.6151,0.6151,0.6151,0,0
IIA_PB,D,20151016,000000,0.6151,0.6245,0.6151,0.6245,0,0
IIA_PB,D,20151021,000000,0.6245,0.6245,0.6151,0.6151,0,0
IIA_PB,D,20151022,000000,0.6245,0.6245,0.6245,0.6245,0,0
IIA_PB,D,20151023,000000,0.6338,0.6338,0.6338,0.6338,0,0
IIA_PB,D,20151026,000000,0.6338,0.6338,0.6245,0.6245,0,0
IIA_PB,D,20151027,000000,0.6338,0.6338,0.6338,0.6338,0,0
IIA_PB,D,20151029,000000,0.6151,0.6245,0.6151,0.6245,0,0
IIA_PB,D,20151102,000000,0.6431,0.6431,0.6431,0.6431,0,0
IIA_PB,D,20151103,000000,0.6431,0.6431,0.6431,0.6431,0,0
IIA_PB,D,20151104,000000,0.6431,0.6431,0.6431,0.6431,0,0
IIA_PB,D,20151105,000000,0.6431,0.6431,0.6431,0.6431,0,0
IIA_PB,D,20151110,000000,0.6151,0.6151,0.6151,0.6151,0,0
IIA_PB,D,20151117,000000,0.6058,0.6058,0.6058,0.6058,0,0
IIA_PB,D,20151118,000000,0.6245,0.6245,0.6245,0.6245,0,0
IIA_PB,D,20151119,000000,0.6338,0.6338,0.6245,0.6338,0,0
IIA_PB,D,20151123,000000,0.6245,0.6245,0.6245,0.6245,0,0
IIA_PB,D,20151124,000000,0.6338,0.6431,0.6245,0.6338,0,0
IIA_PB,D,20151125,000000,0.6245,0.6338,0.6245,0.6245,0,0
IIA_PB,D,20151126,000000,0.6338,0.6338,0.6338,0.6338,0,0
IIA_PB,D,20151127,000000,0.6338,0.6338,0.6245,0.6338,0,0
IIA_PB,D,20151201,000000,0.6338,0.6338,0.6245,0.6338,0,0
IIA_PB,D,20151202,000000,0.6431,0.6431,0.6431,0.6431,0,0
IIA_PB,D,20151203,000000,0.6338,0.6431,0.6338,0.6431,0,0
IIA_PB,D,20151207,000000,0.6431,0.6431,0.6431,0.6431,0,0
IIA_PB,D,20151216,000000,0.5779,0.5779,0.5779,0.5779,0,0
IIA_PB,D,20151217,000000,0.5592,0.5592,0.5406,0.5406,0,0
IIA_PB,D,20151218,000000,0.5499,0.5685,0.5499,0.5685,0,0
IIA_PB,D,20151221,000000,0.6058,0.6058,0.5499,0.5499,0,0
IIA_PB,D,20151222,000000,0.5779,0.5779,0.5499,0.5685,0,0
IIA_PB,D,20151223,000000,0.5685,0.5685,0.5685,0.5685,0,0
IIA_PB,D,20151228,000000,0.5779,0.5779,0.5685,0.5685,0,0
IIA_PB,D,20151229,000000,0.5685,0.5779,0.5685,0.5779,0,0
IIA_PB,D,20151230,000000,0.5779,0.5779,0.5779,0.5779,0,0
IIA_PB,D,20160105,000000,0.5779,0.5779,0.5779,0.5779,0,0
IIA_PB,D,20160108,000000,0.5499,0.5499,0.5406,0.5406,0,0
IIA_PB,D,20160111,000000,0.5312,0.5312,0.5033,0.5033,0,0
IIA_PB,D,20160113,000000,0.5033,0.5033,0.5033,0.5033,0,0
IIA_PB,D,20160121,000000,0.44738,0.47533,0.44738,0.47533,0,0
IIA_PB,D,20160127,000000,0.47533,0.48463,0.47533,0.48463,0,0
IIA_PB,D,20160202,000000,0.5033,0.5033,0.48463,0.48463,0,0
IIA_PB,D,20160203,000000,0.47533,0.47533,0.47533,0.47533,0,0
IIA_PB,D,20160205,000000,0.49397,0.5127,0.49397,0.5127,0,0
IIA_PB,D,20160222,000000,0.45669,0.45669,0.45669,0.45669,0,0
IIA_PB,D,20160223,000000,0.45669,0.45669,0.45669,0.45669,0,0
IIA_PB,D,20160226,000000,0.46601,0.46601,0.46601,0.46601,0,0
IIA_PB,D,20160229,000000,0.46601,0.47533,0.46601,0.47533,0,0
IIA_PB,D,20160301,000000,0.47533,0.47533,0.47533,0.47533,0,0
IIA_PB,D,20160302,000000,0.47533,0.48463,0.47533,0.48463,0,0
IIA_PB,D,20160303,000000,0.48463,0.48463,0.48463,0.48463,0,0
IIA_PB,D,20160304,000000,0.48463,0.49397,0.48463,0.49397,0,0
IIA_PB,D,20160307,000000,0.49397,0.49397,0.49397,0.49397,0,0
IIA_PB,D,20160309,000000,0.48463,0.49397,0.48463,0.48463,0,0
IIA_PB,D,20160314,000000,0.5033,0.5127,0.5033,0.5033,0,0
IIA_PB,D,20160315,000000,0.5127,0.5219,0.5127,0.5219,0,0
IIA_PB,D,20160316,000000,0.5219,0.5219,0.5219,0.5219,0,0
IIA_PB,D,20160405,000000,0.5872,0.5872,0.5127,0.5127,0,0
IIA_PB,D,20160406,000000,0.5127,0.5219,0.5127,0.5219,0,0
IIA_PB,D,20160408,000000,0.5312,0.5312,0.5219,0.5219,0,0
IIA_PB,D,20160411,000000,0.5312,0.5406,0.5312,0.5406,0,0
IIA_PB,D,20160413,000000,0.5499,0.5499,0.5499,0.5499,0,0
IIA_PB,D,20160415,000000,0.5499,0.5499,0.5499,0.5499,0,0
IIA_PB,D,20160418,000000,0.5499,0.5685,0.5499,0.5592,0,0
IIA_PB,D,20160419,000000,0.5685,0.5779,0.5685,0.5779,0,0
IIA_PB,D,20160420,000000,0.5872,0.5872,0.5872,0.5872,0,0
IIA_PB,D,20160421,000000,0.5779,0.5872,0.5779,0.5872,0,0
IIA_PB,D,20160422,000000,0.5872,0.5965,0.5872,0.5965,0,0
IIA_PB,D,20160425,000000,0.6058,0.6058,0.5965,0.5965,0,0
IIA_PB,D,20160426,000000,0.5965,0.5965,0.5872,0.5872,0,0
IIA_PB,D,20160427,000000,0.5872,0.5872,0.5872,0.5872,0,0
IIA_PB,D,20160504,000000,0.5592,0.5592,0.5499,0.5499,0,0
IIA_PB,D,20160509,000000,0.5592,0.5592,0.5592,0.5592,0,0
IIA_PB,D,20160524,000000,0.5685,0.5685,0.5592,0.5592,0,0
IIA_PB,D,20160525,000000,0.5685,0.5685,0.5685,0.5685,0,0
IIA_PB,D,20160601,000000,0.5685,0.5685,0.5685,0.5685,0,0
IIA_PB,D,20160602,000000,0.5779,0.5779,0.5779,0.5779,0,0
IIA_PB,D,20160606,000000,0.5685,0.5685,0.5685,0.5685,0,0
IIA_PB,D,20160607,000000,0.5779,0.5872,0.5779,0.5872,0,0
IIA_PB,D,20160608,000000,0.5872,0.5872,0.5872,0.5872,0,0
IIA_PB,D,20160609,000000,0.5872,0.5872,0.5872,0.5872,0,0
IIA_PB,D,20160613,000000,0.5779,0.5779,0.5685,0.5685,0,0
IIA_PB,D,20160614,000000,0.5685,0.5685,0.5592,0.5592,0,0
IIA_PB,D,20160615,000000,0.5499,0.5592,0.5499,0.5592,0,0
IIA_PB,D,20160616,000000,0.5406,0.5499,0.5406,0.5499,0,0
IIA_PB,D,20160617,000000,0.5592,0.5592,0.5592,0.5592,0,0
IIA_PB,D,20160621,000000,0.5592,0.5685,0.5592,0.5685,0,0
IIA_PB,D,20160622,000000,0.5685,0.5779,0.5685,0.5779,0,0
IIA_PB,D,20160704,000000,0.5312,0.5406,0.5312,0.5406,0,0
IIA_PB,D,20160706,000000,0.5127,0.5127,0.5127,0.5127,0,0
IIA_PB,D,20160708,000000,0.5127,0.5127,0.5127,0.5127,0,0
IIA_PB,D,20160711,000000,0.5219,0.5312,0.5219,0.5312,0,0
IIA_PB,D,20160712,000000,0.5406,0.5406,0.5406,0.5406,0,0
IIA_PB,D,20160714,000000,0.5406,0.5499,0.5406,0.5499,0,0
IIA_PB,D,20160715,000000,0.5499,0.5592,0.5499,0.5592,0,0
IIA_PB,D,20160720,000000,0.5592,0.5592,0.5592,0.5592,0,0
IIA_PB,D,20160721,000000,0.5592,0.5592,0.5592,0.5592,0,0
IIA_PB,D,20160726,000000,0.5685,0.5685,0.5685,0.5685,0,0
IIA_PB,D,20160727,000000,0.5685,0.5779,0.5685,0.5779,0,0
IIA_PB,D,20160801,000000,0.5219,0.5406,0.5219,0.5406,0,0
IIA_PB,D,20160809,000000,0.5406,0.5499,0.5406,0.5499,0,0
IIA_PB,D,20160819,000000,0.6245,0.6245,0.6245,0.6245,0,0
IIA_PB,D,20160823,000000,0.6245,0.6245,0.6245,0.6245,0,0
IIA_PB,D,20160824,000000,0.6338,0.6338,0.6245,0.6245,0,0
IIA_PB,D,20160825,000000,0.6245,0.6338,0.6245,0.6338,0,0
IIA_PB,D,20160826,000000,0.6338,0.6338,0.6338,0.6338,0,0
IIA_PB,D,20160829,000000,0.6431,0.6524,0.6431,0.6524,0,0
IIA_PB,D,20160830,000000,0.6524,0.6617,0.6524,0.6617,0,0
IIA_PB,D,20160921,000000,0.6524,0.6524,0.6431,0.6431,0,0
IIA_PB,D,20160922,000000,0.6617,0.6617,0.6617,0.6617,0,0
IIA_PB,D,20160926,000000,0.6431,0.6617,0.6431,0.6617,0,0
IIA_PB,D,20160927,000000,0.6524,0.6524,0.6431,0.6431,0,0
IIA_PB,D,20160928,000000,0.6617,0.6617,0.6524,0.6617,0,0
IIA_PB,D,20160929,000000,0.6617,0.6711,0.6617,0.6711,0,0
IIA_PB,D,20161004,000000,0.6431,0.6524,0.6431,0.6524,0,0
IIA_PB,D,20161007,000000,0.6338,0.6338,0.6338,0.6338,0,0
IIA_PB,D,20161010,000000,0.6245,0.6245,0.6245,0.6245,0,0
IIA_PB,D,20161013,000000,0.5872,0.6245,0.5872,0.6245,0,0
IIA_PB,D,20161014,000000,0.6151,0.6151,0.6151,0.6151,0,0
IIA_PB,D,20161017,000000,0.6058,0.6058,0.6058,0.6058,0,0
IIA_PB,D,20161019,000000,0.6058,0.6058,0.6058,0.6058,0,0
IIA_PB,D,20161020,000000,0.6151,0.6151,0.6151,0.6151,0,0
IIA_PB,D,20161107,000000,0.6151,0.6151,0.6058,0.6151,0,0
IIA_PB,D,20161110,000000,0.6151,0.6151,0.6058,0.6058,0,0
IIA_PB,D,20161114,000000,0.6431,0.6431,0.6058,0.6058,0,0
IIA_PB,D,20161121,000000,0.6058,0.6058,0.6058,0.6058,0,0
IIA_PB,D,20161124,000000,0.6058,0.6058,0.6058,0.6058,0,0
IIA_PB,D,20161125,000000,0.6151,0.6151,0.6151,0.6151,0,0
IIA_PB,D,20161128,000000,0.6058,0.6058,0.6058,0.6058,0,0
IIA_PB,D,20161130,000000,0.6058,0.6058,0.6058,0.6058,0,0
IIA_PB,D,20161201,000000,0.6151,0.6151,0.6151,0.6151,0,0
IIA_PB,D,20161205,000000,0.6151,0.6151,0.6058,0.6058,0,0
IIA_PB,D,20161206,000000,0.6058,0.6058,0.6058,0.6058,0,0
IIA_PB,D,20161207,000000,0.6151,0.6151,0.6151,0.6151,0,0
IIA_PB,D,20161209,000000,0.6245,0.6245,0.6245,0.6245,0,0
IIA_PB,D,20161212,000000,0.6245,0.6245,0.6245,0.6245,0,0
IIA_PB,D,20161213,000000,0.6245,0.6245,0.6245,0.6245,0,0
IIA_PB,D,20161219,000000,0.6058,0.6058,0.6058,0.6058,0,0
IIA_PB,D,20161220,000000,0.6058,0.6058,0.5685,0.5685,0,0
IIA_PB,D,20161221,000000,0.5779,0.6338,0.5779,0.6338,0,0
IIA_PB,D,20161222,000000,0.6151,0.6151,0.6151,0.6151,0,0
IIA_PB,D,20161227,000000,0.6245,0.6245,0.6245,0.6245,0,0
IIA_PB,D,20161228,000000,0.6151,0.6245,0.6151,0.6245,0,0
IIA_PB,D,20170104,000000,0.5779,0.6338,0.5779,0.6338,0,0
IIA_PB,D,20170105,000000,0.6151,0.6431,0.6151,0.6431,0,0
IIA_PB,D,20170109,000000,0.6431,0.6431,0.6431,0.6431,0,0
IIA_PB,D,20170113,000000,0.6058,0.6058,0.5685,0.5872,0,0
IIA_PB,D,20170116,000000,0.5872,0.5872,0.5872,0.5872,0,0
IIA_PB,D,20170117,000000,0.5872,0.5872,0.5872,0.5872,0,0
IIA_PB,D,20170118,000000,0.5872,0.5872,0.5872,0.5872,0,0
IIA_PB,D,20170123,000000,0.5779,0.5779,0.5779,0.5779,0,0
IIA_PB,D,20170124,000000,0.5685,0.5779,0.5685,0.5779,0,0
IIA_PB,D,20170125,000000,0.5779,0.5779,0.5779,0.5779,0,0
IIA_PB,D,20170126,000000,0.5872,0.5965,0.5872,0.5965,0,0
IIA_PB,D,20170130,000000,0.5872,0.5965,0.5872,0.5965,0,0
IIA_PB,D,20170201,000000,0.6245,0.6245,0.6245,0.6245,0,0
IIA_PB,D,20170202,000000,0.6617,0.6617,0.6151,0.6151,0,0
IIA_PB,D,20170203,000000,0.6151,0.6151,0.6151,0.6151,0,0
IIA_PB,D,20170206,000000,0.6711,0.6711,0.6151,0.6151,0,0
IIA_PB,D,20170209,000000,0.6338,0.6338,0.6338,0.6338,0,0
IIA_PB,D,20170213,000000,0.6338,0.6338,0.6338,0.6338,0,0
IIA_PB,D,20170214,000000,0.6338,0.6338,0.6338,0.6338,0,0
IIA_PB,D,20170215,000000,0.6338,0.6431,0.6338,0.6431,0,0
IIA_PB,D,20170216,000000,0.6431,0.6431,0.6431,0.6431,0,0
IIA_PB,D,20170220,000000,0.6338,0.6338,0.6338,0.6338,0,0
IIA_PB,D,20170223,000000,0.6338,0.6338,0.6338,0.6338,0,0
IIA_PB,D,20170224,000000,0.6711,0.6711,0.6711,0.6711,0,0
IIA_PB,D,20170228,000000,0.6245,0.6245,0.6151,0.6151,0,0
IIA_PB,D,20170301,000000,0.6151,0.6151,0.6151,0.6151,0,0
IIA_PB,D,20170303,000000,0.6245,0.6245,0.6245,0.6245,0,0
IIA_PB,D,20170310,000000,0.6151,0.6151,0.6151,0.6151,0,0
IIA_PB,D,20170313,000000,0.6151,0.6151,0.6151,0.6151,0,0
IIA_PB,D,20170315,000000,0.6338,0.6431,0.6338,0.6431,0,0
IIA_PB,D,20170316,000000,0.6338,0.6431,0.6338,0.6431,0,0
IIA_PB,D,20170317,000000,0.6431,0.6524,0.6431,0.6524,0,0
IIA_PB,D,20170320,000000,0.6711,0.6804,0.6711,0.6804,0,0
IIA_PB,D,20170321,000000,0.6711,0.6711,0.6711,0.6711,0,0
IIA_PB,D,20170322,000000,0.6524,0.6617,0.6524,0.6617,0,0
IIA_PB,D,20170324,000000,0.6524,0.6617,0.6524,0.6524,0,0
IIA_PB,D,20170327,000000,0.6524,0.6524,0.6524,0.6524,0,0
IIA_PB,D,20170329,000000,0.6338,0.6338,0.6338,0.6338,0,0
IIA_PB,D,20170330,000000,0.6338,0.6338,0.6338,0.6338,0,0
IIA_PB,D,20170331,000000,0.6524,0.6524,0.6524,0.6524,0,0
IIA_PB,D,20170403,000000,0.6431,0.6431,0.6431,0.6431,0,0
IIA_PB,D,20170419,000000,0.6804,0.6804,0.6804,0.6804,0,0
IIA_PB,D,20170424,000000,0.6804,0.6804,0.6711,0.6711,0,0
IIA_PB,D,20170425,000000,0.6711,0.6897,0.6711,0.6897,0,0
IIA_PB,D,20170427,000000,0.6897,0.699,0.6897,0.699,0,0
IIA_PB,D,20170508,000000,0.7084,0.7084,0.7084,0.7084,0,0
IIA_PB,D,20170509,000000,0.7084,0.7084,0.7084,0.7084,0,0
IIA_PB,D,20170511,000000,0.7177,0.7456,0.7177,0.7456,0,0
IIA_PB,D,20170512,000000,0.7363,0.7363,0.7363,0.7363,0,0
IIA_PB,D,20170516,000000,0.755,0.755,0.755,0.755,0,0
IIA_PB,D,20170517,000000,0.7456,0.755,0.7456,0.755,0,0
IIA_PB,D,20170524,000000,0.7456,0.7456,0.7363,0.7363,0,0
IIA_PB,D,20170526,000000,0.755,0.755,0.755,0.755,0,0
IIA_PB,D,20170530,000000,0.7642,0.7642,0.6897,0.6897,0,0
IIA_PB,D,20170531,000000,0.6804,0.6804,0.6804,0.6804,0,0
IIA_PB,D,20170601,000000,0.6711,0.699,0.6711,0.699,0,0
IIA_PB,D,20170602,000000,0.699,0.699,0.6897,0.6897,0,0
IIA_PB,D,20170605,000000,0.6897,0.6897,0.6897,0.6897,0,0
IIA_PB,D,20170606,000000,0.699,0.699,0.6897,0.699,0,0
IIA_PB,D,20170607,000000,0.6338,0.699,0.6338,0.6897,0,0
IIA_PB,D,20170608,000000,0.6897,0.6897,0.6897,0.6897,0,0
IIA_PB,D,20170609,000000,0.6897,0.6897,0.6897,0.6897,0,0
IIA_PB,D,20170612,000000,0.6617,0.6804,0.6617,0.6804,0,0
IIA_PB,D,20170613,000000,0.6804,0.6804,0.6804,0.6804,0,0
IIA_PB,D,20170614,000000,0.6804,0.6804,0.6804,0.6804,0,0
IIA_PB,D,20170616,000000,0.6897,0.6897,0.6897,0.6897,0,0
IIA_PB,D,20170619,000000,0.6804,0.6897,0.6804,0.6804,0,0
IIA_PB,D,20170620,000000,0.6804,0.6804,0.6804,0.6804,0,0
IIA_PB,D,20170621,000000,0.6711,0.6897,0.6711,0.6897,0,0
IIA_PB,D,20170622,000000,0.6897,0.6897,0.6897,0.6897,0,0
IIA_PB,D,20170623,000000,0.6897,0.6897,0.6897,0.6897,0,0
IIA_PB,D,20170626,000000,0.6804,0.6897,0.6804,0.6897,0,0
IIA_PB,D,20170627,000000,0.6897,0.6897,0.6804,0.6897,0,0
IIA_PB,D,20170628,000000,0.6897,0.6897,0.6804,0.6804,0,0
IIA_PB,D,20170630,000000,0.6804,0.6804,0.6804,0.6804,0,0
IIA_PB,D,20170703,000000,0.6804,0.6804,0.6804,0.6804,0,0
IIA_PB,D,20170704,000000,0.6804,0.6804,0.6804,0.6804,0,0
IIA_PB,D,20170705,000000,0.6804,0.6804,0.6804,0.6804,0,0
IIA_PB,D,20170706,000000,0.6711,0.6711,0.6711,0.6711,0,0
IIA_PB,D,20170707,000000,0.6711,0.6711,0.6711,0.6711,0,0
IIA_PB,D,20170710,000000,0.6804,0.6804,0.6804,0.6804,0,0
IIA_PB,D,20170711,000000,0.6804,0.6804,0.6804,0.6804,0,0
IIA_PB,D,20170712,000000,0.6151,0.6804,0.6151,0.6804,0,0
IIA_PB,D,20170713,000000,0.6897,0.6897,0.6897,0.6897,0,0
IIA_PB,D,20170714,000000,0.6897,0.6897,0.6897,0.6897,0,0
IIA_PB,D,20170717,000000,0.6897,0.6897,0.6897,0.6897,0,0
IIA_PB,D,20170719,000000,0.699,0.699,0.699,0.699,0,0
IIA_PB,D,20170720,000000,0.699,0.7084,0.699,0.7084,0,0
IIA_PB,D,20170721,000000,0.699,0.7084,0.699,0.7084,0,0
IIA_PB,D,20170724,000000,0.7084,0.7084,0.7084,0.7084,0,0
IIA_PB,D,20170725,000000,0.7084,0.7084,0.7084,0.7084,0,0
IIA_PB,D,20170726,000000,0.7084,0.7084,0.7084,0.7084,0,0
IIA_PB,D,20170727,000000,0.7084,0.7084,0.7084,0.7084,0,0
IIA_PB,D,20170728,000000,0.7084,0.7084,0.7084,0.7084,0,0
IIA_PB,D,20170731,000000,0.7177,0.7177,0.7084,0.7084,0,0
IIA_PB,D,20170801,000000,0.7084,0.7177,0.7084,0.7177,0,0
IIA_PB,D,20170802,000000,0.7084,0.7084,0.7084,0.7084,0,0
IIA_PB,D,20170803,000000,0.7084,0.7084,0.7084,0.7084,0,0
IIA_PB,D,20170804,000000,0.7177,0.7177,0.7177,0.7177,0,0
IIA_PB,D,20170807,000000,0.7456,0.7456,0.7269,0.7269,0,0
IIA_PB,D,20170808,000000,0.7269,0.7363,0.7269,0.7269,0,0
IIA_PB,D,20170809,000000,0.7269,0.7269,0.7269,0.7269,0,0
IIA_PB,D,20170811,000000,0.6617,0.7177,0.6617,0.7177,0,0
IIA_PB,D,20170814,000000,0.7177,0.7177,0.7084,0.7084,0,0
IIA_PB,D,20170816,000000,0.6617,0.699,0.6617,0.699,0,0
IIA_PB,D,20170817,000000,0.7177,0.7177,0.7177,0.7177,0,0
IIA_PB,D,20170818,000000,0.7269,0.7269,0.7269,0.7269,0,0
IIA_PB,D,20170823,000000,0.6711,0.7269,0.6058,0.7269,0,0
IIA_PB,D,20170824,000000,0.7269,0.7269,0.7269,0.7269,0,0
IIA_PB,D,20170825,000000,0.7084,0.7084,0.7084,0.7084,0,0
IIA_PB,D,20170828,000000,0.7084,0.7177,0.7084,0.7177,0,0
IIA_PB,D,20170829,000000,0.6711,0.7177,0.6711,0.7177,0,0
IIA_PB,D,20170830,000000,0.7177,0.755,0.7177,0.755,0,0
IIA_PB,D,20170831,000000,0.7642,0.7736,0.7642,0.7736,0,0
IIA_PB,D,20170901,000000,0.7829,0.8016,0.7829,0.8016,0,0
IIA_PB,D,20170904,000000,0.7363,0.8016,0.7363,0.7922,0,0
IIA_PB,D,20170905,000000,0.7922,0.7922,0.7922,0.7922,0,0
IIA_PB,D,20170906,000000,0.7922,0.8016,0.7922,0.8016,0,0
IIA_PB,D,20170908,000000,0.7922,0.7922,0.7922,0.7922,0,0
IIA_PB,D,20170911,000000,0.8108,0.8108,0.7922,0.7922,0,0
IIA_PB,D,20170912,000000,0.7829,0.7922,0.7829,0.7922,0,0
IIA_PB,D,20170913,000000,0.7922,0.8016,0.7922,0.7922,0,0
IIA_PB,D,20170914,000000,0.7922,0.7922,0.7922,0.7922,0,0
IIA_PB,D,20170915,000000,0.7922,0.7922,0.7829,0.7829,0,0
IIA_PB,D,20170918,000000,0.7829,0.7829,0.7829,0.7829,0,0
IIA_PB,D,20170919,000000,0.7829,0.7829,0.7829,0.7829,0,0
IIA_PB,D,20170922,000000,0.755,0.7642,0.755,0.7642,0,0
IIA_PB,D,20170925,000000,0.8108,0.8108,0.7642,0.7736,0,0
IIA_PB,D,20171003,000000,0.7642,0.7642,0.7642,0.7642,0,0
IIA_PB,D,20171004,000000,0.7642,0.7736,0.7642,0.7736,0,0
IIA_PB,D,20171005,000000,0.7736,0.7736,0.7736,0.7736,0,0
IIA_PB,D,20171006,000000,0.7736,0.8295,0.7736,0.8295,0,0
IIA_PB,D,20171009,000000,0.8202,0.8202,0.8202,0.8202,0,0
IIA_PB,D,20171010,000000,0.8202,0.8202,0.8108,0.8108,0,0
IIA_PB,D,20171011,000000,0.8108,0.8295,0.8108,0.8295,0,0
IIA_PB,D,20171012,000000,0.8202,0.8202,0.8202,0.8202,0,0
IIA_PB,D,20171013,000000,0.8108,0.8108,0.8108,0.8108,0,0
IIA_PB,D,20171017,000000,0.8108,0.8108,0.8108,0.8108,0,0
IIA_PB,D,20171019,000000,0.8108,0.8202,0.8108,0.8202,0,0
IIA_PB,D,20171024,000000,0.8108,0.8108,0.8108,0.8108,0,0
IIA_PB,D,20171025,000000,0.7922,0.7922,0.7922,0.7922,0,0
IIA_PB,D,20171026,000000,0.7922,0.7922,0.7922,0.7922,0,0
IIA_PB,D,20171027,000000,0.8016,0.8016,0.7922,0.8016,0,0
IIA_PB,D,20171030,000000,0.7922,0.8016,0.7829,0.7829,0,0
IIA_PB,D,20171031,000000,0.7829,0.8016,0.7829,0.8016,0,0
IIA_PB,D,20171102,000000,0.8016,0.8016,0.8016,0.8016,0,0
IIA_PB,D,20171103,000000,0.8108,0.8202,0.8108,0.8202,0,0
IIA_PB,D,20171106,000000,0.8202,0.8202,0.8202,0.8202,0,0
IIA_PB,D,20171107,000000,0.8108,0.8108,0.8108,0.8108,0,0
IIA_PB,D,20171108,000000,0.8016,0.8108,0.8016,0.8108,0,0
IIA_PB,D,20171109,000000,0.8016,0.8108,0.8016,0.8016,0,0
IIA_PB,D,20171110,000000,0.7922,0.7922,0.7922,0.7922,0,0
IIA_PB,D,20171113,000000,0.8016,0.8108,0.8016,0.8016,0,0
IIA_PB,D,20171114,000000,0.7922,0.8016,0.7736,0.7736,0,0
IIA_PB,D,20171115,000000,0.7642,0.7642,0.7642,0.7642,0,0
IIA_PB,D,20171116,000000,0.7736,0.7736,0.7642,0.7642,0,0
IIA_PB,D,20171117,000000,0.7736,0.7736,0.7642,0.7736,0,0
IIA_PB,D,20171120,000000,0.7922,0.7922,0.7736,0.7922,0,0
IIA_PB,D,20171121,000000,0.7736,0.7736,0.7736,0.7736,0,0
IIA_PB,D,20171122,000000,0.7736,0.7829,0.7736,0.7829,0,0
IIA_PB,D,20171123,000000,0.7736,0.7736,0.7736,0.7736,0,0
IIA_PB,D,20171124,000000,0.7736,0.7736,0.7736,0.7736,0,0
IIA_PB,D,20171127,000000,0.7736,0.7736,0.7736,0.7736,0,0
IIA_PB,D,20171128,000000,0.7642,0.7642,0.7642,0.7642,0,0
IIA_PB,D,20171129,000000,0.7642,0.8016,0.7456,0.8016,0,0
IIA_PB,D,20171201,000000,0.8016,0.8016,0.8016,0.8016,0,0
IIA_PB,D,20171204,000000,0.8016,0.8016,0.8016,0.8016,0,0
IIA_PB,D,20171205,000000,0.8016,0.8016,0.8016,0.8016,0,0
IIA_PB,D,20171207,000000,0.8108,0.8108,0.8108,0.8108,0,0
IIA_PB,D,20171212,000000,0.8108,0.8108,0.8108,0.8108,0,0
IIA_PB,D,20171213,000000,0.8016,0.8108,0.8016,0.8016,0,0
IIA_PB,D,20171214,000000,0.8016,0.8016,0.8016,0.8016,0,0
IIA_PB,D,20171215,000000,0.8016,0.8108,0.8016,0.8016,0,0
IIA_PB,D,20171218,000000,0.8108,0.8108,0.8016,0.8016,0,0
IIA_PB,D,20171219,000000,0.8016,0.8016,0.8016,0.8016,0,0
IIA_PB,D,20171220,000000,0.8202,0.8295,0.8202,0.8295,0,0
IIA_PB,D,20171221,000000,0.8016,0.8202,0.8016,0.8202,0,0
IIA_PB,D,20171222,000000,0.8202,0.8202,0.8202,0.8202,0,0
IIA_PB,D,20171227,000000,0.8202,0.8295,0.8202,0.8295,0,0
IIA_PB,D,20171228,000000,0.8295,0.8295,0.8295,0.8295,0,0
IIA_PB,D,20171229,000000,0.8295,0.8389,0.8295,0.8389,0,0
IIA_PB,D,20180103,000000,0.8295,0.8295,0.8295,0.8295,0,0
IIA_PB,D,20180104,000000,0.8389,0.8389,0.8389,0.8389,0,0
IIA_PB,D,20180105,000000,0.7829,0.8389,0.7829,0.8389,0,0
IIA_PB,D,20180108,000000,0.8481,0.8481,0.8481,0.8481,0,0
IIA_PB,D,20180109,000000,0.8389,0.8389,0.8389,0.8389,0,0
IIA_PB,D,20180110,000000,0.8016,0.8016,0.7922,0.7922,0,0
IIA_PB,D,20180115,000000,0.8016,0.8016,0.8016,0.8016,0,0
IIA_PB,D,20180116,000000,0.8016,0.8108,0.8016,0.8108,0,0
IIA_PB,D,20180117,000000,0.7642,0.7642,0.7642,0.7642,0,0
IIA_PB,D,20180118,000000,0.8108,0.8108,0.8108,0.8108,0,0
IIA_PB,D,20180119,000000,0.7363,0.7642,0.7363,0.7642,0,0
IIA_PB,D,20180122,000000,0.8016,0.8108,0.8016,0.8016,0,0
IIA_PB,D,20180123,000000,0.8108,0.8108,0.8108,0.8108,0,0
IIA_PB,D,20180131,000000,0.7922,0.8016,0.7922,0.8016,0,0
IIA_PB,D,20180201,000000,0.8016,0.8016,0.8016,0.8016,0,0
IIA_PB,D,20180206,000000,0.7736,0.7736,0.7177,0.7456,0,0
IIA_PB,D,20180207,000000,0.755,0.755,0.755,0.755,0,0
IIA_PB,D,20180208,000000,0.755,0.7642,0.755,0.7642,0,0
IIA_PB,D,20180209,000000,0.7642,0.7642,0.7642,0.7642,0,0
IIA_PB,D,20180214,000000,0.6897,0.755,0.6897,0.755,0,0
IIA_PB,D,20180216,000000,0.7456,0.755,0.7456,0.755,0,0
IIA_PB,D,20180219,000000,0.755,0.755,0.755,0.755,0,0
IIA_PB,D,20180220,000000,0.755,0.755,0.755,0.755,0,0
IIA_PB,D,20180223,000000,0.7642,0.7642,0.7642,0.7642,0,0
IIA_PB,D,20180226,000000,0.8108,0.8108,0.7363,0.7363,0,0
IIA_PB,D,20180228,000000,0.7642,0.7736,0.7363,0.7642,0,0
IIA_PB,D,20180301,000000,0.755,0.755,0.755,0.755,0,0
IIA_PB,D,20180302,000000,0.755,0.755,0.755,0.755,0,0
IIA_PB,D,20180305,000000,0.7456,0.7456,0.7363,0.7363,0,0
IIA_PB,D,20180306,000000,0.7363,0.755,0.7363,0.7363,0,0
IIA_PB,D,20180307,000000,0.7456,0.7456,0.7363,0.7363,0,0
IIA_PB,D,20180308,000000,0.7456,0.7642,0.7363,0.7642,0,0
IIA_PB,D,20180320,000000,0.7736,0.7736,0.7736,0.7736,0,0
IIA_PB,D,20180321,000000,0.699,0.7922,0.699,0.7829,0,0
IIA_PB,D,20180322,000000,0.8202,0.8202,0.8016,0.8016,0,0
IIA_PB,D,20180323,000000,0.8016,0.8016,0.8016,0.8016,0,0
IIA_PB,D,20180326,000000,0.7269,0.8202,0.7269,0.8202,0,0
IIA_PB,D,20180327,000000,0.8202,0.8202,0.8202,0.8202,0,0
IIA_PB,D,20180328,000000,0.8202,0.8389,0.8202,0.8389,0,0
IIA_PB,D,20180329,000000,0.8389,0.8389,0.8389,0.8389,0,0
IIA_PB,D,20180403,000000,0.8481,0.8481,0.8389,0.8481,0,0
IIA_PB,D,20180404,000000,0.8481,0.8481,0.8481,0.8481,0,0
IIA_PB,D,20180405,000000,0.8574,0.8574,0.8574,0.8574,0,0
IIA_PB,D,20180406,000000,0.8574,0.8761,0.8108,0.8108,0,0
IIA_PB,D,20180409,000000,0.8108,0.8108,0.8108,0.8108,0,0
IIA_PB,D,20180411,000000,0.8108,0.8108,0.8108,0.8108,0,0
IIA_PB,D,20180412,000000,0.8016,0.8016,0.8016,0.8016,0,0
IIA_PB,D,20180413,000000,0.8108,0.8108,0.8016,0.8108,0,0
IIA_PB,D,20180418,000000,0.8108,0.8108,0.8108,0.8108,0,0
IIA_PB,D,20180419,000000,0.7829,0.7829,0.7736,0.7736,0,0
IIA_PB,D,20180420,000000,0.8016,0.8016,0.7736,0.7736,0,0
IIA_PB,D,20180424,000000,0.7922,0.7922,0.7829,0.7829,0,0
IIA_PB,D,20180430,000000,0.7829,0.7922,0.7829,0.7922,0,0
IIA_PB,D,20180502,000000,0.7922,0.8108,0.7922,0.8108,0,0
IIA_PB,D,20180504,000000,0.8108,0.8108,0.8016,0.8016,0,0
IIA_PB,D,20180508,000000,0.8016,0.8016,0.8016,0.8016,0,0
IIA_PB,D,20180509,000000,0.8016,0.8016,0.8016,0.8016,0,0
IIA_PB,D,20180511,000000,0.7922,0.8016,0.7922,0.8016,0,0
IIA_PB,D,20180514,000000,0.8016,0.8108,0.8016,0.8108,0,0
IIA_PB,D,20180515,000000,0.8186,0.8283,0.8186,0.8283,0,0
IIA_PB,D,20180517,000000,0.7994,0.809,0.7994,0.809,0,0
IIA_PB,D,20180518,000000,0.7223,0.7994,0.7223,0.7994,0,0
IIA_PB,D,20180525,000000,0.7897,0.7897,0.7897,0.7897,0,0
IIA_PB,D,20180528,000000,0.7801,0.7897,0.7801,0.7801,0,0
IIA_PB,D,20180529,000000,0.7801,0.7801,0.7801,0.7801,0,0
IIA_PB,D,20180530,000000,0.7705,0.7705,0.7608,0.7608,0,0
IIA_PB,D,20180601,000000,0.7801,0.7801,0.7801,0.7801,0,0
IIA_PB,D,20180604,000000,0.7801,0.7801,0.7801,0.7801,0,0
IIA_PB,D,20180606,000000,0.7801,0.7801,0.7801,0.7801,0,0
IIA_PB,D,20180607,000000,0.7801,0.7801,0.7801,0.7801,0,0
IIA_PB,D,20180611,000000,0.7801,0.7801,0.7705,0.7705,0,0
IIA_PB,D,20180612,000000,0.7897,0.7897,0.7897,0.7897,0,0
IIA_PB,D,20180614,000000,0.7897,0.7897,0.7897,0.7897,0,0
IIA_PB,D,20180615,000000,0.7897,0.7897,0.7897,0.7897,0,0
IIA_PB,D,20180618,000000,0.7897,0.7897,0.7801,0.7801,0,0
IIA_PB,D,20180628,000000,0.7031,0.7512,0.7031,0.7512,0,0
IIA_PB,D,20180629,000000,0.7608,0.7705,0.7608,0.7705,0,0
IIA_PB,D,20180702,000000,0.7705,0.7897,0.7705,0.7897,0,0
IIA_PB,D,20180704,000000,0.7801,0.809,0.7801,0.809,0,0
IIA_PB,D,20180710,000000,0.809,0.809,0.7994,0.809,0,0
IIA_PB,D,20180711,000000,0.8186,0.8186,0.8186,0.8186,0,0
IIA_PB,D,20180716,000000,0.8475,0.8668,0.8475,0.8668,0,0
IIA_PB,D,20180717,000000,0.8668,0.8668,0.8668,0.8668,0,0
IIA_PB,D,20180718,000000,0.886,0.886,0.886,0.886,0,0
IIA_PB,D,20180723,000000,0.8475,0.8475,0.8475,0.8475,0,0
IIA_PB,D,20180725,000000,0.8379,0.8379,0.8379,0.8379,0,0
IIA_PB,D,20180726,000000,0.8379,0.8379,0.8379,0.8379,0,0
IIA_PB,D,20180727,000000,0.886,0.886,0.8379,0.886,0,0
IIA_PB,D,20180730,000000,0.8283,0.8379,0.8283,0.8379,0,0
IIA_PB,D,20180731,000000,0.8379,0.8379,0.8379,0.8379,0,0
IIA_PB,D,20180802,000000,0.8475,0.8475,0.8475,0.8475,0,0
IIA_PB,D,20180807,000000,0.8572,0.8572,0.8572,0.8572,0,0
IIA_PB,D,20180808,000000,0.8475,0.8475,0.8475,0.8475,0,0
IIA_PB,D,20180809,000000,0.8475,0.8475,0.8475,0.8475,0,0
IIA_PB,D,20180810,000000,0.8572,0.8572,0.8572,0.8572,0,0
IIA_PB,D,20180821,000000,0.8379,0.8379,0.8379,0.8379,0,0
IIA_PB,D,20180823,000000,0.8283,0.8283,0.8283,0.8283,0,0
IIA_PB,D,20180827,000000,0.8475,0.8475,0.8475,0.8475,0,0
IIA_PB,D,20180830,000000,0.8668,0.8764,0.8668,0.8764,0,0
IIA_PB,D,20180831,000000,0.8668,0.8668,0.8668,0.8668,0,0
IIA_PB,D,20180903,000000,0.886,0.886,0.886,0.886,0,0
IIA_PB,D,20180904,000000,0.8957,0.8957,0.8957,0.8957,0,0
IIA_PB,D,20180905,000000,0.9053,0.9149,0.9053,0.9053,0,0
IIA_PB,D,20180906,000000,0.8957,0.8957,0.8957,0.8957,0,0
IIA_PB,D,20180907,000000,0.8957,0.8957,0.8957,0.8957,0,0
IIA_PB,D,20180910,000000,0.8764,0.886,0.8764,0.886,0,0
IIA_PB,D,20180911,000000,0.8764,0.8764,0.8764,0.8764,0,0
IIA_PB,D,20180912,000000,0.8764,0.8764,0.8764,0.8764,0,0
IIA_PB,D,20180914,000000,0.8764,0.8764,0.8764,0.8764,0,0
IIA_PB,D,20180918,000000,0.8957,0.8957,0.886,0.8957,0,0
IIA_PB,D,20180919,000000,0.809,0.8957,0.809,0.8957,0,0
IIA_PB,D,20180921,000000,0.886,0.8957,0.886,0.8957,0,0
IIA_PB,D,20180924,000000,0.8957,0.8957,0.8957,0.8957,0,0
IIA_PB,D,20180925,000000,0.8764,0.8764,0.8764,0.8764,0,0
IIA_PB,D,20180926,000000,0.8572,0.8572,0.8572,0.8572,0,0
IIA_PB,D,20180927,000000,0.8572,0.8572,0.8572,0.8572,0,0
IIA_PB,D,20181001,000000,0.809,0.8668,0.809,0.8668,0,0
IIA_PB,D,20181002,000000,0.8764,0.8764,0.8668,0.8668,0,0
IIA_PB,D,20181003,000000,0.8668,0.886,0.8668,0.8764,0,0
IIA_PB,D,20181005,000000,0.8475,0.8475,0.8475,0.8475,0,0
IIA_PB,D,20181010,000000,0.8475,0.8475,0.8379,0.8379,0,0
IIA_PB,D,20181011,000000,0.7608,0.7994,0.7608,0.7897,0,0
IIA_PB,D,20181015,000000,0.7801,0.7801,0.7801,0.7801,0,0
IIA_PB,D,20181016,000000,0.7994,0.8186,0.7994,0.8186,0,0
IIA_PB,D,20181019,000000,0.809,0.809,0.809,0.809,0,0
IIA_PB,D,20181023,000000,0.7897,0.7994,0.7897,0.7994,0,0
IIA_PB,D,20181025,000000,0.7897,0.7897,0.7897,0.7897,0,0
IIA_PB,D,20181026,000000,0.7897,0.7897,0.7897,0.7897,0,0
IIA_PB,D,20181102,000000,0.8186,0.8186,0.809,0.809,0,0
IIA_PB,D,20181107,000000,0.809,0.809,0.809,0.809,0,0
IIA_PB,D,20181114,000000,0.8186,0.8186,0.8186,0.8186,0,0
IIA_PB,D,20181115,000000,0.809,0.809,0.809,0.809,0,0
IIA_PB,D,20181121,000000,0.7994,0.7994,0.7994,0.7994,0,0
IIA_PB,D,20181122,000000,0.7897,0.7897,0.7897,0.7897,0,0
IIA_PB,D,20181129,000000,0.809,0.8283,0.809,0.8186,0,0
IIA_PB,D,20181130,000000,0.8186,0.8379,0.8186,0.8379,0,0
IIA_PB,D,20181204,000000,0.809,0.809,0.809,0.809,0,0
IIA_PB,D,20181205,000000,0.7897,0.7994,0.7897,0.7994,0,0
IIA_PB,D,20181206,000000,0.7994,0.7994,0.7994,0.7994,0,0
IIA_PB,D,20181207,000000,0.7994,0.8186,0.7994,0.8186,0,0
IIA_PB,D,20181210,000000,0.809,0.809,0.809,0.809,0,0
IIA_PB,D,20181211,000000,0.809,0.809,0.809,0.809,0,0
IIA_PB,D,20181213,000000,0.8186,0.8186,0.8186,0.8186,0,0
IIA_PB,D,20181218,000000,0.809,0.809,0.809,0.809,0,0
IIA_PB,D,20181220,000000,0.7994,0.809,0.7994,0.809,0,0
IIA_PB,D,20181227,000000,0.7608,0.7994,0.7608,0.7994,0,0
IIA_PB,D,20181228,000000,0.809,0.809,0.809,0.809,0,0
IIA_PB,D,20190107,000000,0.8186,0.8283,0.8186,0.8283,0,0
IIA_PB,D,20190108,000000,0.8379,0.8475,0.8379,0.8475,0,0
IIA_PB,D,20190109,000000,0.8572,0.8668,0.8572,0.8668,0,0
IIA_PB,D,20190110,000000,0.8668,0.8668,0.8668,0.8668,0,0
IIA_PB,D,20190117,000000,0.8572,0.8572,0.8572,0.8572,0,0
IIA_PB,D,20190118,000000,0.8668,0.8668,0.8668,0.8668,0,0
IIA_PB,D,20190122,000000,0.8668,0.8668,0.8668,0.8668,0,0
IIA_PB,D,20190124,000000,0.8668,0.8764,0.8668,0.8764,0,0
IIA_PB,D,20190125,000000,0.8764,0.8764,0.8764,0.8764,0,0
IIA_PB,D,20190128,000000,0.8668,0.8668,0.8668,0.8668,0,0
IIA_PB,D,20190129,000000,0.8764,0.8764,0.8764,0.8764,0,0
IIA_PB,D,20190130,000000,0.8764,0.8764,0.8764,0.8764,0,0
IIA_PB,D,20190131,000000,0.886,0.886,0.886,0.886,0,0
IIA_PB,D,20190201,000000,0.8764,0.886,0.8764,0.886,0,0
IIA_PB,D,20190204,000000,0.886,0.886,0.886,0.886,0,0
IIA_PB,D,20190205,000000,0.886,0.886,0.886,0.886,0,0
IIA_PB,D,20190206,000000,0.886,0.886,0.8764,0.8764,0,0
IIA_PB,D,20190207,000000,0.886,0.886,0.886,0.886,0,0
IIA_PB,D,20190211,000000,0.8764,0.8764,0.8764,0.8764,0,0
IIA_PB,D,20190212,000000,0.8764,0.8764,0.8764,0.8764,0,0
IIA_PB,D,20190218,000000,0.8572,0.8668,0.8572,0.8668,0,0
IIA_PB,D,20190221,000000,0.8475,0.886,0.8475,0.886,0,0
IIA_PB,D,20190227,000000,0.8572,0.8572,0.8572,0.8572,0,0
IIA_PB,D,20190228,000000,0.8475,0.8475,0.8475,0.8475,0,0
IIA_PB,D,20190304,000000,0.8572,0.8572,0.8572,0.8572,0,0
IIA_PB,D,20190306,000000,0.8572,0.8572,0.8572,0.8572,0,0
IIA_PB,D,20190307,000000,0.8572,0.8572,0.8475,0.8572,0,0
IIA_PB,D,20190311,000000,0.8475,0.8475,0.8475,0.8475,0,0
IIA_PB,D,20190312,000000,0.8475,0.8475,0.8475,0.8475,0,0
IIA_PB,D,20190314,000000,0.8475,0.8475,0.8475,0.8475,0,0
IIA_PB,D,20190319,000000,0.8475,0.8572,0.8475,0.8572,0,0
IIA_PB,D,20190320,000000,0.8957,0.8957,0.8764,0.8764,0,0
IIA_PB,D,20190321,000000,0.8572,0.8572,0.8572,0.8572,0,0
IIA_PB,D,20190322,000000,0.8572,0.8572,0.8572,0.8572,0,0
IIA_PB,D,20190325,000000,0.8475,0.8475,0.8475,0.8475,0,0
IIA_PB,D,20190326,000000,0.8475,0.8475,0.8475,0.8475,0,0
IIA_PB,D,20190328,000000,0.8475,0.8475,0.8475,0.8475,0,0
IIA_PB,D,20190329,000000,0.8475,0.8475,0.8475,0.8475,0,0
IIA_PB,D,20190402,000000,0.8572,0.8572,0.8572,0.8572,0,0
IIA_PB,D,20190403,000000,0.8572,0.8572,0.8572,0.8572,0,0
IIA_PB,D,20190405,000000,0.8379,0.8379,0.8379,0.8379,0,0
IIA_PB,D,20190411,000000,0.8572,0.8764,0.8572,0.8668,0,0
IIA_PB,D,20190416,000000,0.8764,0.8764,0.8764,0.8764,0,0
IIA_PB,D,20190418,000000,0.8764,0.8764,0.8764,0.8764,0,0
IIA_PB,D,20190424,000000,0.8764,0.8764,0.8764,0.8764,0,0
IIA_PB,D,20190425,000000,0.8764,0.886,0.8764,0.886,0,0
IIA_PB,D,20190429,000000,0.8668,0.8764,0.8668,0.8764,0,0
IIA_PB,D,20190430,000000,0.8668,0.8668,0.8668,0.8668,0,0
IIA_PB,D,20190507,000000,0.8764,0.8764,0.8764,0.8764,0,0
IIA_PB,D,20190508,000000,0.8764,0.8764,0.8764,0.8764,0,0
IIA_PB,D,20190514,000000,0.8764,0.8764,0.8764,0.8764,0,0
IIA_PB,D,20190515,000000,0.886,0.886,0.886,0.886,0,0
IIA_PB,D,20190516,000000,0.8764,0.8764,0.8764,0.8764,0,0
IIA_PB,D,20190520,000000,0.886,0.886,0.886,0.886,0,0
IIA_PB,D,20190529,000000,0.88,0.88,0.87,0.88,0,0
IIA_PB,D,20190530,000000,0.89,0.91,0.89,0.91,0,0
IIA_PB,D,20190604,000000,0.9,0.9,0.9,0.9,0,0
IIA_PB,D,20190605,000000,0.91,0.91,0.91,0.91,0,0
IIA_PB,D,20190606,000000,0.92,0.92,0.92,0.92,0,0
IIA_PB,D,20190607,000000,0.93,0.93,0.93,0.93,0,0
IIA_PB,D,20190610,000000,0.92,0.92,0.92,0.92,0,0
IIA_PB,D,20190613,000000,0.93,0.95,0.93,0.94,0,0
IIA_PB,D,20190614,000000,0.94,0.94,0.94,0.94,0,0
IIA_PB,D,20190626,000000,0.91,0.93,0.91,0.93,0,0
IIA_PB,D,20190701,000000,0.91,0.91,0.91,0.91,0,0
IIA_PB,D,20190703,000000,0.92,0.92,0.91,0.91,0,0
IIA_PB,D,20190704,000000,0.94,0.96,0.94,0.96,0,0
IIA_PB,D,20190705,000000,0.95,0.95,0.95,0.95,0,0
IIA_PB,D,20190708,000000,0.96,0.96,0.96,0.96,0,0
IIA_PB,D,20190711,000000,0.94,0.97,0.94,0.96,0,0
IIA_PB,D,20190712,000000,0.96,0.97,0.96,0.97,0,0
IIA_PB,D,20190715,000000,0.96,0.96,0.96,0.96,0,0
IIA_PB,D,20190718,000000,0.96,0.96,0.96,0.96,0,0
IIA_PB,D,20190723,000000,0.96,0.97,0.96,0.97,0,0
IIA_PB,D,20190724,000000,0.99,0.99,0.99,0.99,0,0
IIA_PB,D,20190731,000000,0.98,0.98,0.98,0.98,0,0
IIA_PB,D,20190801,000000,0.97,0.98,0.97,0.98,0,0
IIA_PB,D,20190802,000000,0.97,0.97,0.97,0.97,0,0
IIA_PB,D,20190805,000000,0.98,0.98,0.98,0.98,0,0
IIA_PB,D,20190806,000000,0.96,0.96,0.95,0.95,0,0
IIA_PB,D,20190809,000000,0.96,0.96,0.96,0.96,0,0
IIA_PB,D,20190812,000000,0.96,0.96,0.96,0.96,0,0
IIA_PB,D,20190813,000000,0.97,0.97,0.97,0.97,0,0
IIA_PB,D,20190814,000000,0.96,0.96,0.96,0.96,0,0
IIA_PB,D,20190819,000000,0.97,0.98,0.97,0.97,0,0
IIA_PB,D,20190822,000000,0.94,0.96,0.94,0.96,0,0
IIA_PB,D,20190826,000000,0.96,0.96,0.96,0.96,0,0
IIA_PB,D,20190829,000000,0.97,0.98,0.97,0.97,0,0
IIA_PB,D,20190830,000000,0.99,1.03,0.99,1.02,0,0
IIA_PB,D,20190903,000000,1.03,1.03,1.03,1.03,0,0
IIA_PB,D,20190904,000000,1.01,1.01,1.01,1.01,0,0
IIA_PB,D,20190909,000000,1.01,1.02,1.01,1.01,0,0
IIA_PB,D,20190910,000000,0.99,0.99,0.99,0.99,0,0
IIA_PB,D,20190911,000000,0.97,0.99,0.97,0.97,0,0
IIA_PB,D,20190912,000000,0.98,0.99,0.98,0.99,0,0
IIA_PB,D,20190916,000000,0.99,0.99,0.99,0.99,0,0
IIA_PB,D,20190917,000000,0.98,0.98,0.98,0.98,0,0
IIA_PB,D,20190919,000000,0.98,0.98,0.98,0.98,0,0
IIA_PB,D,20190920,000000,0.99,0.99,0.99,0.99,0,0
IIA_PB,D,20190923,000000,1,1.01,1,1.01,0,0
IIA_PB,D,20190924,000000,1.01,1.01,1,1,0,0
IIA_PB,D,20190925,000000,1,1.01,1,1.01,0,0
IIA_PB,D,20190926,000000,1.01,1.01,1.01,1.01,0,0
IIA_PB,D,20190927,000000,1.02,1.02,1.01,1.01,0,0
IIA_PB,D,20190930,000000,1.02,1.02,1.02,1.02,0,0
IIA_PB,D,20191004,000000,1.02,1.03,1.02,1.03,0,0
IIA_PB,D,20191007,000000,1.02,1.03,1.02,1.03,0,0
IIA_PB,D,20191008,000000,1.03,1.03,1.03,1.03,0,0
IIA_PB,D,20191010,000000,1.11,1.11,1.04,1.04,0,0
IIA_PB,D,20191016,000000,1.05,1.05,1.05,1.05,0,0
IIA_PB,D,20191018,000000,1.02,1.02,1.01,1.02,0,0
IIA_PB,D,20191021,000000,1.02,1.02,1.02,1.02,0,0
IIA_PB,D,20191022,000000,1.01,1.04,1.01,1.04,0,0
IIA_PB,D,20191024,000000,1.01,1.01,1.01,1.01,0,0
IIA_PB,D,20191029,000000,1.02,1.02,1.02,1.02,0,0
IIA_PB,D,20191104,000000,1.03,1.03,1.03,1.03,0,0
IIA_PB,D,20191107,000000,1.02,1.02,1.02,1.02,0,0
IIA_PB,D,20191108,000000,1.01,1.01,1.01,1.01,0,0
IIA_PB,D,20191112,000000,0.98,0.98,0.98,0.98,0,0
IIA_PB,D,20191113,000000,0.99,0.99,0.95,0.95,0,0
IIA_PB,D,20191114,000000,0.93,0.93,0.93,0.93,0,0
IIA_PB,D,20191115,000000,0.98,1.02,0.98,1.02,0,0
IIA_PB,D,20191118,000000,1.12,1.12,0.98,0.99,0,0
IIA_PB,D,20191119,000000,0.99,0.99,0.99,0.99,0,0
IIA_PB,D,20191125,000000,0.97,0.97,0.97,0.97,0,0
IIA_PB,D,20191126,000000,0.98,0.98,0.97,0.98,0,0
IIA_PB,D,20191127,000000,1.01,1.01,1.01,1.01,0,0
IIA_PB,D,20191128,000000,0.99,1.01,0.99,0.99,0,0
IIA_PB,D,20191202,000000,0.99,0.99,0.98,0.98,0,0
IIA_PB,D,20191203,000000,0.96,0.96,0.96,0.96,0,0
IIA_PB,D,20191204,000000,0.96,0.96,0.96,0.96,0,0
IIA_PB,D,20191205,000000,0.93,0.95,0.93,0.95,0,0
IIA_PB,D,20191206,000000,0.94,0.94,0.94,0.94,0,0
IIA_PB,D,20191209,000000,0.95,0.95,0.93,0.93,0,0
IIA_PB,D,20191210,000000,0.94,0.94,0.93,0.93,0,0
IIA_PB,D,20191211,000000,0.93,0.93,0.93,0.93,0,0
IIA_PB,D,20191212,000000,0.98,0.98,0.94,0.97,0,0
IIA_PB,D,20191213,000000,0.98,1.02,0.95,0.95,0,0
IIA_PB,D,20191217,000000,0.99,0.99,0.94,0.94,0,0
IIA_PB,D,20191218,000000,0.97,0.97,0.97,0.97,0,0
IIA_PB,D,20191220,000000,0.99,0.99,0.99,0.99,0,0
IIA_PB,D,20191223,000000,0.97,0.99,0.94,0.94,0,0
IIA_PB,D,20191227,000000,0.94,0.99,0.94,0.96,0,0
IIA_PB,D,20191230,000000,0.97,0.97,0.89,0.95,0,0
IIA_PB,D,20200102,000000,0.95,0.99,0.95,0.99,0,0
IIA_PB,D,20200107,000000,0.97,0.97,0.97,0.97,0,0
IIA_PB,D,20200108,000000,0.97,0.97,0.97,0.97,0,0
IIA_PB,D,20200109,000000,0.96,0.96,0.96,0.96,0,0
IIA_PB,D,20200113,000000,0.97,0.97,0.95,0.95,0,0
IIA_PB,D,20200115,000000,0.97,0.97,0.97,0.97,0,0
IIA_PB,D,20200117,000000,0.97,0.97,0.97,0.97,0,0
IIA_PB,D,20200120,000000,1,1,1,1,0,0
IIA_PB,D,20200122,000000,0.98,0.98,0.98,0.98,0,0
IIA_PB,D,20200123,000000,1,1,0.96,0.97,0,0
IIA_PB,D,20200124,000000,0.98,1,0.96,1,0,0
IIA_PB,D,20200128,000000,0.96,1,0.96,1,0,0
IIA_PB,D,20200130,000000,0.99,0.99,0.99,0.99,0,0
IIA_PB,D,20200131,000000,1,1,1,1,0,0
IIA_PB,D,20200203,000000,1.01,1.02,1,1.02,0,0
IIA_PB,D,20200204,000000,0.95,1,0.95,1,0,0
IIA_PB,D,20200205,000000,1,1,1,1,0,0
IIA_PB,D,20200206,000000,0.99,0.99,0.99,0.99,0,0
IIA_PB,D,20200210,000000,0.97,0.99,0.97,0.97,0,0
IIA_PB,D,20200211,000000,1.02,1.02,1.02,1.02,0,0
IIA_PB,D,20200212,000000,1.03,1.03,1.03,1.03,0,0
IIA_PB,D,20200213,000000,1.03,1.03,1.03,1.03,0,0
IIA_PB,D,20200214,000000,1.04,1.04,1.04,1.04,0,0
IIA_PB,D,20200217,000000,1.05,1.05,1.05,1.05,0,0
IIA_PB,D,20200218,000000,1.06,1.07,1.06,1.07,0,0
IIA_PB,D,20200219,000000,1.04,1.09,1.04,1.09,0,0
IIA_PB,D,20200220,000000,1.06,1.06,1.06,1.06,0,0
IIA_PB,D,20200224,000000,1.06,1.06,1,1.04,0,0
IIA_PB,D,20200225,000000,1.03,1.03,1.03,1.03,0,0
IIA_PB,D,20200226,000000,1.02,1.02,1.02,1.02,0,0
IIA_PB,D,20200227,000000,1,1.02,1,1,0,0
IIA_PB,D,20200303,000000,1.04,1.04,1.04,1.04,0,0
IIA_PB,D,20200305,000000,1.03,1.03,1.01,1.01,0,0
IIA_PB,D,20200306,000000,1.01,1.01,1.01,1.01,0,0
IIA_PB,D,20200309,000000,0.91,0.94,0.91,0.94,0,0
IIA_PB,D,20200310,000000,0.95,0.95,0.94,0.94,0,0
IIA_PB,D,20200312,000000,0.89,0.89,0.82,0.82,0,0
IIA_PB,D,20200317,000000,0.73,0.74,0.7,0.73,0,0
IIA_PB,D,20200319,000000,0.7,0.73,0.7,0.7,0,0
IIA_PB,D,20200323,000000,0.7,0.7,0.7,0.7,0,0
IIA_PB,D,20200325,000000,0.63,0.7,0.63,0.63,0,0
IIA_PB,D,20200326,000000,0.64,0.64,0.64,0.64,0,0
IIA_PB,D,20200327,000000,0.64,0.65,0.64,0.65,0,0
IIA_PB,D,20200330,000000,0.63,0.65,0.63,0.65,0,0
IIA_PB,D,20200401,000000,0.67,0.67,0.67,0.67,0,0
IIA_PB,D,20200407,000000,0.71,0.72,0.71,0.72,0,0
IIA_PB,D,20200408,000000,0.7,0.7,0.7,0.7,0,0
IIA_PB,D,20200416,000000,0.66,0.66,0.66,0.66,0,0
IIA_PB,D,20200417,000000,0.64,0.64,0.64,0.64,0,0
IIA_PB,D,20200420,000000,0.67,0.67,0.67,0.67,0,0
IIA_PB,D,20200421,000000,0.65,0.65,0.64,0.65,0,0
IIA_PB,D,20200422,000000,0.66,0.68,0.64,0.64,0,0
IIA_PB,D,20200423,000000,0.65,0.65,0.65,0.65,0,0
IIA_PB,D,20200424,000000,0.69,0.69,0.68,0.68,0,0
IIA_PB,D,20200427,000000,0.69,0.69,0.69,0.69,0,0
IIA_PB,D,20200428,000000,0.67,0.67,0.66,0.66,0,0
IIA_PB,D,20200429,000000,0.69,0.7,0.69,0.7,0,0
IIA_PB,D,20200430,000000,0.72,0.72,0.71,0.71,0,0
IIA_PB,D,20200504,000000,0.69,0.69,0.66,0.66,0,0
IIA_PB,D,20200505,000000,0.7,0.7,0.7,0.7,0,0
IIA_PB,D,20200506,000000,0.68,0.68,0.68,0.68,0,0
IIA_PB,D,20200514,000000,0.66,0.66,0.66,0.66,0,0
IIA_PB,D,20200519,000000,0.64,0.64,0.64,0.64,0,0
IIA_PB,D,20200521,000000,0.62,0.64,0.62,0.64,0,0
IIA_PB,D,20200522,000000,0.63,0.63,0.63,0.63,0,0
IIA_PB,D,20200525,000000,0.66,0.66,0.66,0.66,0,0
IIA_PB,D,20200526,000000,0.66,0.66,0.63,0.63,0,0
IIA_PB,D,20200527,000000,0.64,0.67,0.64,0.67,0,0
IIA_PB,D,20200528,000000,0.63,0.63,0.63,0.63,0,0
IIA_PB,D,20200529,000000,0.63,0.63,0.63,0.63,0,0
IIA_PB,D,20200601,000000,0.67,0.68,0.67,0.68,0,0
IIA_PB,D,20200603,000000,0.62,0.63,0.62,0.63,0,0
IIA_PB,D,20200604,000000,0.64,0.64,0.62,0.62,0,0
IIA_PB,D,20200605,000000,0.63,0.64,0.63,0.63,0,0
IIA_PB,D,20200608,000000,0.66,0.66,0.66,0.66,0,0
IIA_PB,D,20200610,000000,0.64,0.64,0.64,0.64,0,0
IIA_PB,D,20200612,000000,0.62,0.62,0.61,0.62,0,0
IIA_PB,D,20200615,000000,0.64,0.64,0.59,0.59,0,0
IIA_PB,D,20200618,000000,0.63,0.63,0.63,0.63,0,0
IIA_PB,D,20200622,000000,0.6,0.6,0.6,0.6,0,0
IIA_PB,D,20200624,000000,0.59,0.59,0.58,0.58,0,0
IIA_PB,D,20200625,000000,0.57,0.57,0.57,0.57,0,0
IIA_PB,D,20200706,000000,0.58,0.58,0.58,0.58,0,0
IIA_PB,D,20200708,000000,0.57,0.57,0.57,0.57,0,0
IIA_PB,D,20200709,000000,0.59,0.62,0.59,0.62,0,0
IIA_PB,D,20200713,000000,0.61,0.61,0.61,0.61,0,0
IIA_PB,D,20200715,000000,0.61,0.61,0.61,0.61,0,0
IIA_PB,D,20200720,000000,0.62,0.62,0.62,0.62,0,0
IIA_PB,D,20200721,000000,0.61,0.61,0.61,0.61,0,0
IIA_PB,D,20200723,000000,0.61,0.61,0.61,0.61,0,0
IIA_PB,D,20200724,000000,0.6,0.6,0.6,0.6,0,0
IIA_PB,D,20200727,000000,0.6,0.6,0.57,0.57,0,0
IIA_PB,D,20200728,000000,0.59,0.59,0.59,0.59,0,0
IIA_PB,D,20200729,000000,0.55,0.55,0.55,0.55,0,0
IIA_PB,D,20200730,000000,0.53,0.55,0.53,0.55,0,0
IIA_PB,D,20200731,000000,0.54,0.54,0.54,0.54,0,0
IIA_PB,D,20200803,000000,0.56,0.56,0.56,0.56,0,0
IIA_PB,D,20200805,000000,0.56,0.56,0.56,0.56,0,0
IIA_PB,D,20200818,000000,0.59,0.59,0.59,0.59,0,0
IIA_PB,D,20200819,000000,0.59,0.6,0.59,0.6,0,0
IIA_PB,D,20200820,000000,0.6,0.6,0.59,0.59,0,0
IIA_PB,D,20200821,000000,0.61,0.61,0.61,0.61,0,0
IIA_PB,D,20200824,000000,0.59,0.61,0.59,0.61,0,0
IIA_PB,D,20200827,000000,0.59,0.59,0.59,0.59,0,0
IIA_PB,D,20200828,000000,0.6,0.6,0.6,0.6,0,0
IIA_PB,D,20200914,000000,0.6,0.6,0.6,0.6,0,0
IIA_PB,D,20200915,000000,0.6,0.6,0.6,0.6,0,0
IIA_PB,D,20200916,000000,0.62,0.62,0.62,0.62,0,0
IIA_PB,D,20200921,000000,0.57,0.57,0.57,0.57,0,0
IIA_PB,D,20200925,000000,0.58,0.58,0.56,0.56,0,0
IIA_PB,D,20200928,000000,0.58,0.58,0.58,0.58,0,0
IIA_PB,D,20200929,000000,0.58,0.58,0.57,0.57,0,0
IIA_PB,D,20201005,000000,0.57,0.58,0.57,0.58,0,0
IIA_PB,D,20201006,000000,0.57,0.58,0.57,0.58,0,0
IIA_PB,D,20201009,000000,0.58,0.59,0.58,0.59,0,0
IIA_PB,D,20201012,000000,0.59,0.62,0.59,0.62,0,0
IIA_PB,D,20201014,000000,0.62,0.62,0.61,0.61,0,0
IIA_PB,D,20201016,000000,0.59,0.59,0.59,0.59,0,0
