<TICKER>,<PER>,<DATE>,<TIME>,<OPEN>,<HIGH>,<LOW>,<CLOSE>,<VOL>,<OPENINT>
IPF_MV,D,20130328,000000,4141.77,4141.77,4141.77,4141.77,0,0
IPF_MV,D,20130402,000000,4102.96,4141.77,4065.99,4065.99,0,0
IPF_MV,D,20130403,000000,4359.84,4359.84,4158.39,4158.39,0,0
IPF_MV,D,20130404,000000,4232.31,4341.38,4232.31,4341.38,0,0
IPF_MV,D,20130405,000000,4250.82,4378.33,3973.58,3979.13,0,0
IPF_MV,D,20130408,000000,4062.29,4065.99,3881.19,4065.99,0,0
IPF_MV,D,20130409,000000,4056.74,4056.74,4056.74,4056.74,0,0
IPF_MV,D,20130410,000000,4056.74,4056.74,4056.74,4056.74,0,0
IPF_MV,D,20130411,000000,4047.52,4047.52,4047.52,4047.52,0,0
IPF_MV,D,20130412,000000,4030.87,4030.87,4029.03,4029.03,0,0
IPF_MV,D,20130417,000000,3982.83,4029.03,3982.83,4029.03,0,0
IPF_MV,D,20130419,000000,4029.03,4029.03,3973.58,4029.03,0,0
IPF_MV,D,20130422,000000,3908.88,4112.2,3908.88,4112.2,0,0
IPF_MV,D,20130423,000000,4139.9,4158.39,4139.9,4158.39,0,0
IPF_MV,D,20130424,000000,4232.31,4250.82,4232.31,4250.82,0,0
IPF_MV,D,20130425,000000,4250.82,4601.96,4250.82,4601.96,0,0
IPF_MV,D,20130426,000000,4694.37,4694.37,4361.68,4528.03,0,0
IPF_MV,D,20130429,000000,4398.67,4398.67,4398.67,4398.67,0,0
IPF_MV,D,20130502,000000,4528.03,4528.03,4528.03,4528.03,0,0
IPF_MV,D,20130506,000000,4528.03,4528.03,4454.12,4454.12,0,0
IPF_MV,D,20130507,000000,4565,4565,4565,4565,0,0
IPF_MV,D,20130508,000000,4565,4565,4435.63,4435.63,0,0
IPF_MV,D,20130509,000000,4352.45,4435.63,4352.45,4435.63,0,0
IPF_MV,D,20130510,000000,4433.77,4435.63,4433.77,4433.77,0,0
IPF_MV,D,20130513,000000,4526.18,4526.18,4526.18,4526.18,0,0
IPF_MV,D,20130514,000000,4528.03,4528.03,4528.03,4528.03,0,0
IPF_MV,D,20130515,000000,4528.03,4528.03,4528.03,4528.03,0,0
IPF_MV,D,20130516,000000,4528.03,4528.03,4361.68,4528.03,0,0
IPF_MV,D,20130517,000000,4529.89,4529.89,4454.12,4454.12,0,0
IPF_MV,D,20130520,000000,4528.03,4674.04,4352.45,4674.04,0,0
IPF_MV,D,20130521,000000,4712.84,4869.94,4694.37,4869.94,0,0
IPF_MV,D,20130522,000000,4805.25,4805.25,4805.25,4805.25,0,0
IPF_MV,D,20130523,000000,4805.25,4805.25,4509.55,4712.84,0,0
IPF_MV,D,20130528,000000,4528.03,4528.03,4528.03,4528.03,0,0
IPF_MV,D,20130529,000000,4712.84,4805.25,4528.03,4805.25,0,0
IPF_MV,D,20130531,000000,4805.25,4805.25,4805.25,4805.25,0,0
IPF_MV,D,20130604,000000,4601.96,4805.25,4601.96,4601.96,0,0
IPF_MV,D,20130606,000000,4620.44,4620.44,4620.44,4620.44,0,0
IPF_MV,D,20130607,000000,4620.44,4620.44,4620.44,4620.44,0,0
IPF_MV,D,20130610,000000,4703.62,4703.62,4703.62,4703.62,0,0
IPF_MV,D,20130611,000000,4694.37,4694.37,4417.14,4417.14,0,0
IPF_MV,D,20130612,000000,4417.14,4620.44,4417.14,4620.44,0,0
IPF_MV,D,20130613,000000,4352.45,4546.51,4343.21,4546.51,0,0
IPF_MV,D,20130614,000000,4546.51,4546.51,4546.51,4546.51,0,0
IPF_MV,D,20130617,000000,4546.51,4546.51,4345.07,4345.07,0,0
IPF_MV,D,20130618,000000,4491.08,4491.08,4491.08,4491.08,0,0
IPF_MV,D,20130619,000000,4491.08,4491.08,4435.63,4491.08,0,0
IPF_MV,D,20130620,000000,4491.08,4620.44,4491.08,4620.44,0,0
IPF_MV,D,20130621,000000,4455.97,4690.66,4417.14,4620.44,0,0
IPF_MV,D,20130624,000000,4435.63,4435.63,4306.25,4306.25,0,0
IPF_MV,D,20130625,000000,4407.9,4443.03,4306.25,4443.03,0,0
IPF_MV,D,20130626,000000,4565,4805.25,4565,4712.84,0,0
IPF_MV,D,20130627,000000,4681.44,4694.37,4681.44,4694.37,0,0
IPF_MV,D,20130628,000000,4661.1,4661.1,4661.1,4661.1,0,0
IPF_MV,D,20130701,000000,4640.77,4805.25,4640.77,4805.25,0,0
IPF_MV,D,20130702,000000,4805.25,4805.25,4805.25,4805.25,0,0
IPF_MV,D,20130703,000000,4740.58,4990.08,4731.33,4990.08,0,0
IPF_MV,D,20130704,000000,4910.62,4910.62,4740.58,4897.67,0,0
IPF_MV,D,20130705,000000,4897.67,4897.67,4897.67,4897.67,0,0
IPF_MV,D,20130708,000000,4897.67,4897.67,4890.28,4897.67,0,0
IPF_MV,D,20130709,000000,4897.67,4897.67,4842.22,4842.22,0,0
IPF_MV,D,20130710,000000,4842.22,4842.22,4735.02,4842.22,0,0
IPF_MV,D,20130711,000000,4844.07,4953.11,4844.07,4953.11,0,0
IPF_MV,D,20130712,000000,4908.76,5004.87,4897.67,5004.87,0,0
IPF_MV,D,20130715,000000,4897.67,5004.87,4897.67,5004.87,0,0
IPF_MV,D,20130717,000000,4897.67,5008.56,4897.67,5008.56,0,0
IPF_MV,D,20130718,000000,5045.52,5211.86,5045.52,5211.86,0,0
IPF_MV,D,20130719,000000,5211.86,5211.86,5064.02,5137.93,0,0
IPF_MV,D,20130722,000000,4903.21,5064.02,4903.21,5064.02,0,0
IPF_MV,D,20130723,000000,4897.67,5064.02,4897.67,5064.02,0,0
IPF_MV,D,20130724,000000,5064.02,5119.44,5064.02,5119.44,0,0
IPF_MV,D,20130725,000000,4990.08,5027.05,4990.08,5027.05,0,0
IPF_MV,D,20130726,000000,4975.29,5156.42,4943.88,5156.42,0,0
IPF_MV,D,20130729,000000,4975.29,5211.86,4975.29,5211.86,0,0
IPF_MV,D,20130730,000000,5304.28,5988.08,5211.86,5988.08,0,0
IPF_MV,D,20130731,000000,5988.08,5988.08,5834.68,5879.05,0,0
IPF_MV,D,20130801,000000,5895.67,5895.67,5727.5,5895.67,0,0
IPF_MV,D,20130802,000000,5895.67,5895.67,5895.67,5895.67,0,0
IPF_MV,D,20130805,000000,5914.17,6098.99,5860.58,6098.99,0,0
IPF_MV,D,20130806,000000,6082.35,6082.35,5871.66,6006.58,0,0
IPF_MV,D,20130807,000000,5790.33,5877.22,5720.13,5877.22,0,0
IPF_MV,D,20130808,000000,5810.67,5810.67,5507.56,5692.38,0,0
IPF_MV,D,20130809,000000,5544.53,5692.38,5544.53,5544.53,0,0
IPF_MV,D,20130812,000000,5690.54,5690.54,5690.54,5690.54,0,0
IPF_MV,D,20130813,000000,5500.17,5690.54,5500.17,5690.54,0,0
IPF_MV,D,20130814,000000,5572.26,5627.7,5572.26,5627.7,0,0
IPF_MV,D,20130816,000000,5452.14,5627.7,5415.16,5581.51,0,0
IPF_MV,D,20130819,000000,5627.7,5627.7,5627.7,5627.7,0,0
IPF_MV,D,20130821,000000,5400.37,5561.17,5398.52,5561.17,0,0
IPF_MV,D,20130822,000000,5618.45,5618.45,5561.17,5618.45,0,0
IPF_MV,D,20130823,000000,5625.86,5625.86,5625.86,5625.86,0,0
IPF_MV,D,20130826,000000,5618.45,5618.45,5618.45,5618.45,0,0
IPF_MV,D,20130828,000000,5361.57,5618.45,5361.57,5598.12,0,0
IPF_MV,D,20130829,000000,5614.74,5614.74,5614.74,5614.74,0,0
IPF_MV,D,20130902,000000,5611.08,5685,5609.21,5640.68,0,0
IPF_MV,D,20130903,000000,5640.68,5758.04,5640.68,5758.04,0,0
IPF_MV,D,20130904,000000,5903.78,5903.78,5649.16,5903.78,0,0
IPF_MV,D,20130905,000000,5996.04,5996.04,5996.04,5996.04,0,0
IPF_MV,D,20130906,000000,5996.04,5996.04,5996.04,5996.04,0,0
IPF_MV,D,20130909,000000,5994.2,6180.52,5920.4,6180.52,0,0
IPF_MV,D,20130910,000000,6056.91,6180.52,6056.91,6180.52,0,0
IPF_MV,D,20130911,000000,6069.82,6088.29,5922.25,6088.29,0,0
IPF_MV,D,20130912,000000,6031.09,6088.29,5811.53,5811.53,0,0
IPF_MV,D,20130913,000000,5811.53,5811.53,5665.78,5811.53,0,0
IPF_MV,D,20130916,000000,5811.53,5903.78,5811.53,5903.78,0,0
IPF_MV,D,20130917,000000,5719.29,5903.78,5654.73,5719.29,0,0
IPF_MV,D,20130918,000000,5649.16,5959.14,5649.16,5959.14,0,0
IPF_MV,D,20130919,000000,5959.14,6180.52,5959.14,6180.52,0,0
IPF_MV,D,20130920,000000,6088.29,6125.16,6088.29,6125.16,0,0
IPF_MV,D,20130923,000000,5900.07,6125.16,5815.23,5903.78,0,0
IPF_MV,D,20130924,000000,5789.39,5903.78,5780.19,5829.33,0,0
IPF_MV,D,20130925,000000,5689.06,5829.33,5689.06,5829.33,0,0
IPF_MV,D,20130926,000000,5707.27,5829.33,5577.93,5829.33,0,0
IPF_MV,D,20130927,000000,5707.27,5736.41,5464.99,5736.41,0,0
IPF_MV,D,20130930,000000,5654.45,5736.41,5501.43,5736.41,0,0
IPF_MV,D,20131001,000000,5736.41,5736.41,5710.42,5710.42,0,0
IPF_MV,D,20131003,000000,5567.16,5710.42,5567.16,5710.42,0,0
IPF_MV,D,20131004,000000,5458.36,5458.36,5458.36,5458.36,0,0
IPF_MV,D,20131007,000000,5674.16,5710.42,5674.16,5710.42,0,0
IPF_MV,D,20131008,000000,5659.66,5710.42,5659.66,5710.42,0,0
IPF_MV,D,20131011,000000,5710.42,5710.42,5530.91,5710.42,0,0
IPF_MV,D,20131014,000000,5594.37,5708.61,5594.37,5708.61,0,0
IPF_MV,D,20131015,000000,5710.42,5802.93,5661.46,5802.93,0,0
IPF_MV,D,20131017,000000,5802.93,6074.91,5802.93,6074.91,0,0
IPF_MV,D,20131018,000000,5893.58,6054.97,5893.58,6054.97,0,0
IPF_MV,D,20131022,000000,5984.24,6054.97,5984.24,6054.97,0,0
IPF_MV,D,20131023,000000,5984.24,5984.24,5567.16,5623.39,0,0
IPF_MV,D,20131024,000000,5714.06,5714.06,5712.24,5712.24,0,0
IPF_MV,D,20131028,000000,5900.84,5900.84,5730.38,5893.58,0,0
IPF_MV,D,20131029,000000,5900.84,5900.84,5900.84,5900.84,0,0
IPF_MV,D,20131030,000000,5730.38,5730.38,5458.36,5512.76,0,0
IPF_MV,D,20131031,000000,5440.23,5440.23,5306.04,5429.35,0,0
IPF_MV,D,20131104,000000,5302.41,5429.35,5302.41,5378.57,0,0
IPF_MV,D,20131105,000000,5378.57,5378.57,5378.57,5378.57,0,0
IPF_MV,D,20131106,000000,5335.45,5387.54,5335.45,5387.54,0,0
IPF_MV,D,20131107,000000,5211.49,5387.54,5211.49,5387.54,0,0
IPF_MV,D,20131108,000000,5211.49,5387.54,5211.49,5387.54,0,0
IPF_MV,D,20131112,000000,5380.35,5387.54,5279.75,5279.75,0,0
IPF_MV,D,20131113,000000,5281.55,5281.55,5182.74,5182.74,0,0
IPF_MV,D,20131114,000000,5182.74,5209.7,5182.74,5209.7,0,0
IPF_MV,D,20131118,000000,5245.63,5245.63,5245.63,5245.63,0,0
IPF_MV,D,20131119,000000,5245.63,5245.63,5245.63,5245.63,0,0
IPF_MV,D,20131120,000000,5245.63,5461.21,5245.63,5461.21,0,0
IPF_MV,D,20131121,000000,5468.39,5468.39,5461.21,5461.21,0,0
IPF_MV,D,20131122,000000,5400.12,5461.21,5400.12,5461.21,0,0
IPF_MV,D,20131125,000000,5396.52,5461.21,5299.53,5299.53,0,0
IPF_MV,D,20131126,000000,5303.1,5303.1,5247.43,5247.43,0,0
IPF_MV,D,20131127,000000,5401.91,5407.3,5401.91,5407.3,0,0
IPF_MV,D,20131128,000000,5387.54,5407.3,5387.54,5407.3,0,0
IPF_MV,D,20131202,000000,5459.4,5459.4,5387.54,5416.28,0,0
IPF_MV,D,20131203,000000,5396.65,5396.65,5200.08,5200.08,0,0
IPF_MV,D,20131204,000000,5200.08,5271.57,5200.08,5271.57,0,0
IPF_MV,D,20131206,000000,5289.43,5289.43,5289.43,5289.43,0,0
IPF_MV,D,20131209,000000,5184,5291.22,5184,5291.22,0,0
IPF_MV,D,20131210,000000,5184,5289.43,5184,5289.43,0,0
IPF_MV,D,20131211,000000,5289.43,5359.11,5201.86,5257.27,0,0
IPF_MV,D,20131212,000000,5359.11,5359.11,5200.08,5200.08,0,0
IPF_MV,D,20131213,000000,5182.22,5182.22,5182.22,5182.22,0,0
IPF_MV,D,20131216,000000,5235.82,5235.82,5235.82,5235.82,0,0
IPF_MV,D,20131217,000000,5260.84,5260.84,5235.82,5260.84,0,0
IPF_MV,D,20131218,000000,5262.63,5450.25,5262.63,5450.25,0,0
IPF_MV,D,20131219,000000,5380.55,5450.25,5380.55,5380.55,0,0
IPF_MV,D,20131220,000000,5382.36,5611.08,5373.4,5611.08,0,0
IPF_MV,D,20131223,000000,5518.16,5611.08,5518.16,5518.16,0,0
IPF_MV,D,20131227,000000,5518.16,5518.16,4690.79,4985.64,0,0
IPF_MV,D,20131230,000000,4717.6,4798.01,4717.6,4798.01,0,0
IPF_MV,D,20140102,000000,4592.5,4819.45,4592.5,4819.45,0,0
IPF_MV,D,20140103,000000,4878.43,5003.51,4799.77,5003.51,0,0
IPF_MV,D,20140107,000000,4848.03,4878.43,4792.66,4878.43,0,0
IPF_MV,D,20140108,000000,4767.63,4767.63,4431.68,4646.11,0,0
IPF_MV,D,20140109,000000,4617.52,4730.09,4610.39,4730.09,0,0
IPF_MV,D,20140110,000000,4687.22,4726.53,4646.11,4726.53,0,0
IPF_MV,D,20140113,000000,4914.15,4914.15,4914.15,4914.15,0,0
IPF_MV,D,20140114,000000,4735.47,4735.47,4603.23,4690.79,0,0
IPF_MV,D,20140115,000000,4722.97,4780.13,4722.97,4780.13,0,0
IPF_MV,D,20140116,000000,4731.9,4731.9,4619.32,4619.32,0,0
IPF_MV,D,20140117,000000,4565.71,4674.71,4565.71,4647.91,0,0
IPF_MV,D,20140120,000000,4676.5,4681.86,4646.11,4681.86,0,0
IPF_MV,D,20140121,000000,4617.52,4681.86,4617.52,4681.86,0,0
IPF_MV,D,20140122,000000,4470.99,4681.86,4470.99,4680.08,0,0
IPF_MV,D,20140123,000000,4470.99,4680.08,4467.42,4644.32,0,0
IPF_MV,D,20140124,000000,4483.51,4556.77,4383.42,4556.77,0,0
IPF_MV,D,20140127,000000,4431.68,4556.77,4378.08,4556.77,0,0
IPF_MV,D,20140128,000000,4378.08,4503.15,4378.08,4503.15,0,0
IPF_MV,D,20140129,000000,4547.81,4556.77,4467.42,4556.77,0,0
IPF_MV,D,20140130,000000,4465.62,4556.77,4378.08,4485.3,0,0
IPF_MV,D,20140131,000000,4508.51,4538.91,4458.49,4538.91,0,0
IPF_MV,D,20140203,000000,4378.08,4592.5,4378.08,4592.5,0,0
IPF_MV,D,20140204,000000,4387,4387,4199.36,4288.71,0,0
IPF_MV,D,20140205,000000,4252.99,4369.13,4199.36,4369.13,0,0
IPF_MV,D,20140206,000000,4378.08,4535.33,4378.08,4535.33,0,0
IPF_MV,D,20140207,000000,4535.33,4556.77,4535.33,4556.77,0,0
IPF_MV,D,20140210,000000,4556.77,4556.77,4467.42,4538.91,0,0
IPF_MV,D,20140211,000000,4538.91,4538.91,4467.42,4467.42,0,0
IPF_MV,D,20140212,000000,4467.42,4556.77,4467.42,4556.77,0,0
IPF_MV,D,20140213,000000,4558.55,4646.11,4510.31,4646.11,0,0
IPF_MV,D,20140214,000000,4646.11,4646.11,4646.11,4646.11,0,0
IPF_MV,D,20140217,000000,4646.11,4681.86,4646.11,4681.86,0,0
IPF_MV,D,20140218,000000,4681.86,4681.86,4615.74,4646.11,0,0
IPF_MV,D,20140219,000000,4789.08,4789.08,4592.5,4789.08,0,0
IPF_MV,D,20140221,000000,4467.42,4712.23,4467.42,4712.23,0,0
IPF_MV,D,20140224,000000,4596.07,4642.54,4503.15,4642.54,0,0
IPF_MV,D,20140225,000000,4642.54,4642.54,4642.54,4642.54,0,0
IPF_MV,D,20140226,000000,4785.49,4994.59,4771.21,4771.21,0,0
IPF_MV,D,20140227,000000,4965.98,4969.57,4939.17,4939.17,0,0
IPF_MV,D,20140228,000000,4849.84,4849.84,4810.5,4824.81,0,0
IPF_MV,D,20140303,000000,4806.95,4806.95,4647.91,4647.91,0,0
IPF_MV,D,20140304,000000,4646.11,4824.81,4646.11,4824.81,0,0
IPF_MV,D,20140305,000000,4830.18,5003.51,4830.18,5003.51,0,0
IPF_MV,D,20140306,000000,5003.51,5003.51,4824.81,4967.76,0,0
IPF_MV,D,20140307,000000,4967.76,4967.76,4967.76,4967.76,0,0
IPF_MV,D,20140310,000000,4962.41,4967.76,4803.37,4949.9,0,0
IPF_MV,D,20140311,000000,4949.9,4949.9,4949.9,4949.9,0,0
IPF_MV,D,20140312,000000,4946.33,4946.33,4946.33,4946.33,0,0
IPF_MV,D,20140313,000000,4858.77,4858.77,4858.77,4858.77,0,0
IPF_MV,D,20140317,000000,4819.45,4819.45,4710.46,4710.46,0,0
IPF_MV,D,20140318,000000,4726.53,4726.53,4610.39,4646.11,0,0
IPF_MV,D,20140319,000000,4644.32,4646.11,4558.55,4558.55,0,0
IPF_MV,D,20140320,000000,4694.36,4694.36,4558.55,4694.36,0,0
IPF_MV,D,20140324,000000,4646.11,4694.36,4597.87,4694.36,0,0
IPF_MV,D,20140325,000000,4692.58,4726.53,4647.91,4726.53,0,0
IPF_MV,D,20140326,000000,4726.53,4726.53,4726.53,4726.53,0,0
IPF_MV,D,20140327,000000,4726.53,4726.53,4726.53,4726.53,0,0
IPF_MV,D,20140328,000000,4726.53,4726.53,4646.11,4646.11,0,0
IPF_MV,D,20140331,000000,4710.46,4710.46,4630.04,4630.04,0,0
IPF_MV,D,20140401,000000,4692.58,4753.34,4635.4,4753.34,0,0
IPF_MV,D,20140402,000000,4824.81,4824.81,4824.81,4824.81,0,0
IPF_MV,D,20140403,000000,4823.02,4824.81,4783.72,4824.81,0,0
IPF_MV,D,20140404,000000,4824.81,5003.51,4824.81,5003.51,0,0
IPF_MV,D,20140407,000000,4976.71,5066.06,4976.71,5066.06,0,0
IPF_MV,D,20140408,000000,4824.81,4824.81,4824.81,4824.81,0,0
IPF_MV,D,20140409,000000,4873.57,5055.95,4873.57,5010.81,0,0
IPF_MV,D,20140410,000000,5010.81,5010.81,4839.27,4877.18,0,0
IPF_MV,D,20140411,000000,4947.59,4947.59,4947.59,4947.59,0,0
IPF_MV,D,20140414,000000,4945.78,4945.78,4945.78,4945.78,0,0
IPF_MV,D,20140415,000000,4945.78,4945.78,4945.78,4945.78,0,0
IPF_MV,D,20140416,000000,4945.78,4945.78,4945.78,4945.78,0,0
IPF_MV,D,20140417,000000,4945.78,4945.78,4945.78,4945.78,0,0
IPF_MV,D,20140423,000000,4864.54,5055.95,4864.54,5055.95,0,0
IPF_MV,D,20140424,000000,5167.87,5167.87,5140.8,5140.8,0,0
IPF_MV,D,20140425,000000,5140.8,5140.8,5140.8,5140.8,0,0
IPF_MV,D,20140430,000000,5110.1,5140.8,5110.1,5140.8,0,0
IPF_MV,D,20140505,000000,5317.79,5317.79,5317.79,5317.79,0,0
IPF_MV,D,20140506,000000,5315.96,5317.79,5315.96,5315.96,0,0
IPF_MV,D,20140507,000000,5399.05,5399.05,5399.05,5399.05,0,0
IPF_MV,D,20140508,000000,5371.93,5371.93,5362.9,5362.9,0,0
IPF_MV,D,20140509,000000,5397.21,5397.21,5334.03,5334.03,0,0
IPF_MV,D,20140512,000000,5344.84,5344.84,5344.84,5344.84,0,0
IPF_MV,D,20140513,000000,5344.84,5344.84,5334.03,5334.03,0,0
IPF_MV,D,20140514,000000,5451.39,5451.39,5415.29,5415.29,0,0
IPF_MV,D,20140515,000000,5324.98,5324.98,5312.36,5312.36,0,0
IPF_MV,D,20140516,000000,5200.4,5312.36,5200.4,5312.36,0,0
IPF_MV,D,20140519,000000,5292.49,5292.49,5292.49,5292.49,0,0
IPF_MV,D,20140520,000000,5236.5,5250.96,5236.5,5250.96,0,0
IPF_MV,D,20140521,000000,5281.65,5417.08,5281.65,5417.08,0,0
IPF_MV,D,20140522,000000,5489.32,5615.69,5424.3,5615.69,0,0
IPF_MV,D,20140523,000000,5615.69,5615.69,5615.69,5615.69,0,0
IPF_MV,D,20140526,000000,5615.69,5615.69,5615.69,5615.69,0,0
IPF_MV,D,20140527,000000,5615.69,5615.69,5615.69,5615.69,0,0
IPF_MV,D,20140530,000000,5362.9,5631.95,5362.9,5631.95,0,0
IPF_MV,D,20140602,000000,5686.13,5686.13,5500.13,5642.79,0,0
IPF_MV,D,20140603,000000,5646.38,5660.85,5568.76,5660.85,0,0
IPF_MV,D,20140604,000000,5644.59,5671.67,5594.04,5671.67,0,0
IPF_MV,D,20140605,000000,5628.34,5628.34,5628.34,5628.34,0,0
IPF_MV,D,20140606,000000,5686.13,5778.22,5686.13,5778.22,0,0
IPF_MV,D,20140609,000000,5776.43,5776.43,5776.43,5776.43,0,0
IPF_MV,D,20140610,000000,5778.22,5778.22,5778.22,5778.22,0,0
IPF_MV,D,20140611,000000,5778.22,5778.22,5724.05,5724.05,0,0
IPF_MV,D,20140612,000000,5778.22,5778.22,5776.43,5776.43,0,0
IPF_MV,D,20140613,000000,5778.22,5780.01,5752.93,5752.93,0,0
IPF_MV,D,20140616,000000,5868.5,5868.5,5868.5,5868.5,0,0
IPF_MV,D,20140617,000000,5693.35,5868.5,5597.67,5597.67,0,0
IPF_MV,D,20140618,000000,5507.37,5597.67,5507.37,5507.37,0,0
IPF_MV,D,20140620,000000,5507.37,5543.47,5074,5543.47,0,0
IPF_MV,D,20140623,000000,5543.47,5568.76,5543.47,5543.47,0,0
IPF_MV,D,20140624,000000,5566.96,5566.96,5501.95,5501.95,0,0
IPF_MV,D,20140625,000000,5487.5,5487.5,5487.5,5487.5,0,0
IPF_MV,D,20140626,000000,5487.5,5597.67,5487.5,5597.67,0,0
IPF_MV,D,20140630,000000,5595.85,5597.67,5595.85,5597.67,0,0
IPF_MV,D,20140701,000000,5550.68,5552.53,5550.68,5552.53,0,0
IPF_MV,D,20140702,000000,5552.53,5552.53,5552.53,5552.53,0,0
IPF_MV,D,20140707,000000,5561.53,5561.53,5561.53,5561.53,0,0
IPF_MV,D,20140708,000000,5561.53,5561.53,5417.08,5417.08,0,0
IPF_MV,D,20140709,000000,5445.98,5445.98,5445.98,5445.98,0,0
IPF_MV,D,20140710,000000,5440.56,5440.56,5440.56,5440.56,0,0
IPF_MV,D,20140711,000000,5402.64,5402.64,5402.64,5402.64,0,0
IPF_MV,D,20140714,000000,5469.45,5469.45,5469.45,5469.45,0,0
IPF_MV,D,20140715,000000,5469.45,5469.45,5469.45,5469.45,0,0
IPF_MV,D,20140716,000000,5467.65,5467.65,5435.13,5435.13,0,0
IPF_MV,D,20140717,000000,5469.45,5469.45,5469.45,5469.45,0,0
IPF_MV,D,20140721,000000,5384.59,5384.59,5308.75,5308.75,0,0
IPF_MV,D,20140722,000000,5324.98,5397.21,5324.98,5397.21,0,0
IPF_MV,D,20140723,000000,5397.21,5507.37,5397.21,5507.37,0,0
IPF_MV,D,20140724,000000,5505.57,5505.57,5505.57,5505.57,0,0
IPF_MV,D,20140725,000000,5505.57,5505.57,5417.08,5417.08,0,0
IPF_MV,D,20140728,000000,5507.37,5510.97,5507.37,5510.97,0,0
IPF_MV,D,20140729,000000,5597.67,5597.67,5597.67,5597.67,0,0
IPF_MV,D,20140730,000000,5590.42,5590.42,5218.45,5218.45,0,0
IPF_MV,D,20140731,000000,5092.06,5270.81,5092.06,5270.81,0,0
IPF_MV,D,20140804,000000,5269.01,5270.81,5146.24,5270.81,0,0
IPF_MV,D,20140805,000000,5019.82,5189.56,5019.82,5189.56,0,0
IPF_MV,D,20140806,000000,5249.16,5249.16,5249.16,5249.16,0,0
IPF_MV,D,20140807,000000,5092.06,5092.06,5092.06,5092.06,0,0
IPF_MV,D,20140808,000000,5019.82,5019.82,5019.82,5019.82,0,0
IPF_MV,D,20140812,000000,5151.63,5151.63,5151.63,5151.63,0,0
IPF_MV,D,20140814,000000,5075.8,5075.8,5075.8,5075.8,0,0
IPF_MV,D,20140818,000000,5119.16,5119.16,5119.16,5119.16,0,0
IPF_MV,D,20140826,000000,5119.16,5119.16,5001.76,5110.1,0,0
IPF_MV,D,20140827,000000,5110.1,5137.2,4987.32,4987.32,0,0
IPF_MV,D,20140828,000000,5234.7,5234.7,4983.71,4983.71,0,0
IPF_MV,D,20140829,000000,5236.5,5236.5,5236.5,5236.5,0,0
IPF_MV,D,20140901,000000,5146.24,5146.24,4880.78,5054.14,0,0
IPF_MV,D,20140902,000000,5052.33,5090.24,5052.33,5090.24,0,0
IPF_MV,D,20140903,000000,5028.37,5130.29,5028.37,5130.29,0,0
IPF_MV,D,20140904,000000,5130.29,5130.29,5130.29,5130.29,0,0
IPF_MV,D,20140905,000000,5024.73,5130.29,5021.1,5113.91,0,0
IPF_MV,D,20140908,000000,5132.1,5132.1,5132.1,5132.1,0,0
IPF_MV,D,20140909,000000,4950.11,4953.76,4950.11,4953.76,0,0
IPF_MV,D,20140910,000000,4915.53,5053.86,4915.53,5053.86,0,0
IPF_MV,D,20140911,000000,4953.76,5004.71,4953.76,5004.71,0,0
IPF_MV,D,20140915,000000,5004.71,5004.71,5004.71,5004.71,0,0
IPF_MV,D,20140916,000000,4913.72,4913.72,4913.72,4913.72,0,0
IPF_MV,D,20140917,000000,4822.72,4877.32,4822.72,4877.32,0,0
IPF_MV,D,20140918,000000,4877.32,4877.32,4877.32,4877.32,0,0
IPF_MV,D,20140919,000000,4804.53,4950.11,4786.33,4950.11,0,0
IPF_MV,D,20140922,000000,4950.11,4950.11,4950.11,4950.11,0,0
IPF_MV,D,20140923,000000,4946.48,4946.48,4786.33,4786.33,0,0
IPF_MV,D,20140924,000000,4766.31,4766.31,4649.84,4762.67,0,0
IPF_MV,D,20140925,000000,4802.7,4802.7,4802.7,4802.7,0,0
IPF_MV,D,20140926,000000,4800.89,4800.89,4800.89,4800.89,0,0
IPF_MV,D,20140929,000000,4802.7,4802.7,4640.73,4640.73,0,0
IPF_MV,D,20140930,000000,4551.55,4729.92,4551.55,4729.92,0,0
IPF_MV,D,20141001,000000,4729.92,4731.74,4729.92,4731.74,0,0
IPF_MV,D,20141002,000000,4711.69,4711.69,4640.73,4640.73,0,0
IPF_MV,D,20141003,000000,4551.55,4640.73,4551.55,4640.73,0,0
IPF_MV,D,20141006,000000,4624.36,4624.36,4624.36,4624.36,0,0
IPF_MV,D,20141007,000000,4562.48,4640.73,4562.48,4640.73,0,0
IPF_MV,D,20141008,000000,4638.91,4638.91,4638.91,4638.91,0,0
IPF_MV,D,20141009,000000,4602.52,4602.52,4458.75,4549.73,0,0
IPF_MV,D,20141010,000000,4385.96,4385.96,4313.13,4313.13,0,0
IPF_MV,D,20141013,000000,4422.34,4440.55,4276.75,4440.55,0,0
IPF_MV,D,20141014,000000,4313.13,4362.28,4276.75,4356.83,0,0
IPF_MV,D,20141015,000000,4296.78,4296.78,4222.17,4222.17,0,0
IPF_MV,D,20141016,000000,4274.93,4274.93,4076.55,4149.38,0,0
IPF_MV,D,20141017,000000,4149.38,4240.37,4149.38,4240.37,0,0
IPF_MV,D,20141020,000000,4367.74,4367.74,4367.74,4367.74,0,0
IPF_MV,D,20141022,000000,4549.73,4677.13,4549.73,4677.13,0,0
IPF_MV,D,20141023,000000,4638.91,4638.91,4638.91,4638.91,0,0
IPF_MV,D,20141024,000000,4566.12,4566.12,4566.12,4566.12,0,0
IPF_MV,D,20141027,000000,4602.52,4602.52,4506.07,4506.07,0,0
IPF_MV,D,20141028,000000,4513.34,4513.34,4495.16,4513.34,0,0
IPF_MV,D,20141029,000000,4617.08,4617.08,4617.08,4617.08,0,0
IPF_MV,D,20141031,000000,4604.35,4604.35,4604.35,4604.35,0,0
IPF_MV,D,20141103,000000,4624.36,4649.84,4624.36,4649.84,0,0
IPF_MV,D,20141104,000000,4713.52,4713.52,4713.52,4713.52,0,0
IPF_MV,D,20141105,000000,4622.53,4622.53,4567.94,4567.94,0,0
IPF_MV,D,20141106,000000,4586.13,4626.18,4586.13,4626.18,0,0
IPF_MV,D,20141107,000000,4476.95,4649.84,4476.95,4649.84,0,0
IPF_MV,D,20141110,000000,4649.84,4731.74,4649.84,4731.74,0,0
IPF_MV,D,20141112,000000,4637.1,4729.92,4637.1,4729.92,0,0
IPF_MV,D,20141113,000000,4642.55,4726.27,4604.35,4726.27,0,0
IPF_MV,D,20141114,000000,4726.27,4726.27,4602.52,4604.35,0,0
IPF_MV,D,20141117,000000,4617.08,4617.08,4617.08,4617.08,0,0
IPF_MV,D,20141118,000000,4618.89,4693.51,4618.89,4693.51,0,0
IPF_MV,D,20141119,000000,4622.53,4622.53,4549.73,4549.73,0,0
IPF_MV,D,20141120,000000,4640.73,4640.73,4640.73,4640.73,0,0
IPF_MV,D,20141121,000000,4549.73,4638.91,4509.7,4638.91,0,0
IPF_MV,D,20141124,000000,4593.42,4611.61,4593.42,4611.61,0,0
IPF_MV,D,20141125,000000,4495.16,4640.73,4495.16,4640.73,0,0
IPF_MV,D,20141126,000000,4638.91,4640.73,4573.4,4640.73,0,0
IPF_MV,D,20141127,000000,4638.91,4640.73,4633.45,4640.73,0,0
IPF_MV,D,20141201,000000,4524.27,4546.1,4444.2,4546.1,0,0
IPF_MV,D,20141202,000000,4458.75,4549.73,4458.75,4547.93,0,0
IPF_MV,D,20141203,000000,4547.93,4547.93,4547.93,4547.93,0,0
IPF_MV,D,20141204,000000,4547.93,4547.93,4547.93,4547.93,0,0
IPF_MV,D,20141205,000000,4547.93,4547.93,4451.47,4458.75,0,0
IPF_MV,D,20141208,000000,4458.75,4476.95,4458.75,4476.95,0,0
IPF_MV,D,20141209,000000,4367.74,4367.74,4367.74,4367.74,0,0
IPF_MV,D,20141210,000000,4402.33,4402.33,4402.33,4402.33,0,0
IPF_MV,D,20141215,000000,4240.37,4262.19,4167.57,4167.57,0,0
IPF_MV,D,20141216,000000,4167.57,4167.57,4096.58,4096.58,0,0
IPF_MV,D,20141217,000000,4096.58,4167.57,4096.58,4167.57,0,0
IPF_MV,D,20141218,000000,4167.57,4458.75,4167.57,4458.75,0,0
IPF_MV,D,20141219,000000,4385.96,4486.04,4385.96,4486.04,0,0
IPF_MV,D,20141222,000000,4486.04,4486.04,4486.04,4486.04,0,0
IPF_MV,D,20141230,000000,4567.94,4604.35,4476.95,4604.35,0,0
IPF_MV,D,20150102,000000,4566.12,4566.12,4566.12,4566.12,0,0
IPF_MV,D,20150105,000000,4440.55,4476.95,4367.74,4476.95,0,0
IPF_MV,D,20150107,000000,4420.54,4420.54,4407.79,4407.79,0,0
IPF_MV,D,20150108,000000,4466.02,4466.02,4367.74,4367.74,0,0
IPF_MV,D,20150112,000000,4307.68,4307.68,4307.68,4307.68,0,0
IPF_MV,D,20150113,000000,4287.68,4287.68,4287.68,4287.68,0,0
IPF_MV,D,20150114,000000,4282.21,4282.21,4282.21,4282.21,0,0
IPF_MV,D,20150115,000000,4318.61,4318.61,4318.61,4318.61,0,0
IPF_MV,D,20150116,000000,4278.59,4278.59,4278.59,4278.59,0,0
IPF_MV,D,20150119,000000,4185.76,4367.74,4185.76,4367.74,0,0
IPF_MV,D,20150121,000000,4420.54,4420.54,4322.26,4322.26,0,0
IPF_MV,D,20150122,000000,4365.92,4365.92,4365.92,4365.92,0,0
IPF_MV,D,20150123,000000,4367.74,4367.74,4367.74,4367.74,0,0
IPF_MV,D,20150130,000000,4385.96,4385.96,4385.96,4385.96,0,0
IPF_MV,D,20150202,000000,4387.77,4431.45,4387.77,4431.45,0,0
IPF_MV,D,20150203,000000,4456.94,4456.94,4456.94,4456.94,0,0
IPF_MV,D,20150212,000000,4462.39,4462.39,4462.39,4462.39,0,0
IPF_MV,D,20150213,000000,4531.55,4713.52,4531.55,4713.52,0,0
IPF_MV,D,20150216,000000,4713.52,4713.52,4622.53,4633.45,0,0
IPF_MV,D,20150217,000000,4713.52,4893.7,4713.52,4893.7,0,0
IPF_MV,D,20150218,000000,4886.42,4886.42,4677.13,4677.13,0,0
IPF_MV,D,20150220,000000,4875.5,4875.5,4875.5,4875.5,0,0
IPF_MV,D,20150223,000000,4857.32,4857.32,4857.32,4857.32,0,0
IPF_MV,D,20150224,000000,4831.83,4831.83,4831.83,4831.83,0,0
IPF_MV,D,20150225,000000,4811.81,4811.81,4476.95,4476.95,0,0
IPF_MV,D,20150226,000000,4547.93,4549.73,4547.93,4549.73,0,0
IPF_MV,D,20150227,000000,4496.96,4496.96,4495.16,4495.16,0,0
IPF_MV,D,20150302,000000,4547.93,4547.93,4513.34,4513.34,0,0
IPF_MV,D,20150303,000000,4476.95,4515.15,4476.95,4515.15,0,0
IPF_MV,D,20150304,000000,4478.77,4478.77,4476.95,4476.95,0,0
IPF_MV,D,20150309,000000,4475.12,4475.12,4475.12,4475.12,0,0
IPF_MV,D,20150310,000000,4495.16,4495.16,4495.16,4495.16,0,0
IPF_MV,D,20150311,000000,4487.87,4487.87,4487.87,4487.87,0,0
IPF_MV,D,20150312,000000,4509.7,4549.73,4509.7,4549.73,0,0
IPF_MV,D,20150313,000000,4729.92,4731.74,4658.95,4658.95,0,0
IPF_MV,D,20150316,000000,4622.53,4622.53,4622.53,4622.53,0,0
IPF_MV,D,20150317,000000,4658.95,4658.95,4658.95,4658.95,0,0
IPF_MV,D,20150319,000000,4658.95,4658.95,4658.95,4658.95,0,0
IPF_MV,D,20150320,000000,4658.95,4658.95,4658.95,4658.95,0,0
IPF_MV,D,20150323,000000,4820.91,4820.91,4820.91,4820.91,0,0
IPF_MV,D,20150324,000000,4822.72,4822.72,4822.72,4822.72,0,0
IPF_MV,D,20150325,000000,5077.52,5077.52,5077.52,5077.52,0,0
IPF_MV,D,20150326,000000,4973.77,4973.77,4859.13,4859.13,0,0
IPF_MV,D,20150327,000000,4895.53,4913.72,4895.53,4913.72,0,0
IPF_MV,D,20150330,000000,5004.71,5004.71,5004.71,5004.71,0,0
IPF_MV,D,20150331,000000,4897.34,4897.34,4897.34,4897.34,0,0
IPF_MV,D,20150402,000000,4824.55,4824.55,4824.55,4824.55,0,0
IPF_MV,D,20150407,000000,4931.93,5006.53,4931.93,5006.53,0,0
IPF_MV,D,20150408,000000,5052.02,5052.02,5052.02,5052.02,0,0
IPF_MV,D,20150409,000000,4954.06,4954.06,4954.06,4954.06,0,0
IPF_MV,D,20150410,000000,5063.12,5063.12,5063.12,5063.12,0,0
IPF_MV,D,20150414,000000,4917.1,4917.1,4917.1,4917.1,0,0
IPF_MV,D,20150415,000000,5064.96,5083.45,5064.96,5083.45,0,0
IPF_MV,D,20150420,000000,4917.1,4917.1,4843.14,4843.14,0,0
IPF_MV,D,20150421,000000,4954.06,5118.58,4954.06,5118.58,0,0
IPF_MV,D,20150422,000000,5172.18,5172.18,5172.18,5172.18,0,0
IPF_MV,D,20150428,000000,5266.46,5266.46,5266.46,5266.46,0,0
IPF_MV,D,20150429,000000,5083.45,5083.45,5083.45,5083.45,0,0
IPF_MV,D,20150430,000000,5057.57,5057.57,5057.57,5057.57,0,0
IPF_MV,D,20150504,000000,5286.79,5286.79,5286.79,5286.79,0,0
IPF_MV,D,20150505,000000,5175.88,5175.88,5120.44,5120.44,0,0
IPF_MV,D,20150508,000000,5822.86,5822.86,5822.86,5822.86,0,0
IPF_MV,D,20150511,000000,5822.86,5822.86,5693.47,5693.47,0,0
IPF_MV,D,20150512,000000,5323.79,5360.74,5323.79,5360.74,0,0
IPF_MV,D,20150513,000000,5508.62,5508.62,5410.65,5410.65,0,0
IPF_MV,D,20150514,000000,5124.14,5545.58,5124.14,5242.43,0,0
IPF_MV,D,20150515,000000,5268.32,5268.32,5268.32,5268.32,0,0
IPF_MV,D,20150518,000000,5175.88,5175.88,5083.45,5083.45,0,0
IPF_MV,D,20150522,000000,5266.46,5266.46,5266.46,5266.46,0,0
IPF_MV,D,20150526,000000,5268.32,5305.28,5268.32,5305.28,0,0
IPF_MV,D,20150529,000000,5364.43,5364.43,5162.94,5174.03,0,0
IPF_MV,D,20150601,000000,5242.43,5242.43,5242.43,5242.43,0,0
IPF_MV,D,20150605,000000,5266.46,5266.46,5120.44,5120.44,0,0
IPF_MV,D,20150616,000000,5083.45,5083.45,5083.45,5083.45,0,0
IPF_MV,D,20150708,000000,5083.45,5083.45,5083.45,5083.45,0,0
IPF_MV,D,20150709,000000,5083.45,5083.45,5083.45,5083.45,0,0
IPF_MV,D,20150713,000000,5085.32,5085.32,4667.53,4667.53,0,0
IPF_MV,D,20150714,000000,4667.53,4667.53,4667.53,4667.53,0,0
IPF_MV,D,20150716,000000,4621.33,4621.33,4259.02,4259.02,0,0
IPF_MV,D,20150717,000000,4259.02,4259.02,4259.02,4259.02,0,0
IPF_MV,D,20150721,000000,4417.99,4417.99,4344.03,4344.03,0,0
IPF_MV,D,20150722,000000,4170.28,4170.28,4170.28,4170.28,0,0
IPF_MV,D,20150723,000000,4170.28,4170.28,4170.28,4170.28,0,0
IPF_MV,D,20150727,000000,4170.28,4249.78,4170.28,4249.78,0,0
IPF_MV,D,20150728,000000,4196.17,4196.17,4196.17,4196.17,0,0
IPF_MV,D,20150729,000000,4233.13,4233.13,4233.13,4233.13,0,0
IPF_MV,D,20150730,000000,4233.13,4233.13,4233.13,4233.13,0,0
IPF_MV,D,20150731,000000,4251.61,4251.61,4233.13,4233.13,0,0
IPF_MV,D,20150803,000000,4233.13,4233.13,4233.13,4233.13,0,0
IPF_MV,D,20150804,000000,4177.68,4177.68,4177.68,4177.68,0,0
IPF_MV,D,20150814,000000,4177.68,4177.68,4177.68,4177.68,0,0
IPF_MV,D,20150820,000000,4251.61,4251.61,4251.61,4251.61,0,0
IPF_MV,D,20150821,000000,4251.61,4251.61,4251.61,4251.61,0,0
IPF_MV,D,20150824,000000,4251.61,4251.61,4251.61,4251.61,0,0
IPF_MV,D,20150917,000000,4302.1,4302.1,4302.1,4302.1,0,0
IPF_MV,D,20150918,000000,4655.47,4655.47,4655.47,4655.47,0,0
IPF_MV,D,20150929,000000,4709.68,4709.68,4709.68,4709.68,0,0
IPF_MV,D,20151005,000000,4487.19,4487.19,4487.19,4487.19,0,0
IPF_MV,D,20151006,000000,4487.19,4571.33,4487.19,4571.33,0,0
IPF_MV,D,20151007,000000,4487.19,4487.19,4487.19,4487.19,0,0
IPF_MV,D,20151019,000000,4487.19,4487.19,4487.19,4487.19,0,0
IPF_MV,D,20151020,000000,4487.19,4487.19,4468.49,4468.49,0,0
IPF_MV,D,20151021,000000,4468.49,4468.49,4468.49,4468.49,0,0
IPF_MV,D,20151022,000000,4590.02,4591.89,4590.02,4591.89,0,0
IPF_MV,D,20151023,000000,4689.13,4689.13,4689.13,4689.13,0,0
IPF_MV,D,20151026,000000,4664.81,4664.81,4664.81,4664.81,0,0
IPF_MV,D,20151029,000000,4691,4691,4691,4691,0,0
IPF_MV,D,20151109,000000,4628.59,4628.59,4350.9,4350.9,0,0
IPF_MV,D,20151113,000000,4202.79,4202.79,4202.79,4202.79,0,0
IPF_MV,D,20151116,000000,4221.31,4221.31,4221.31,4221.31,0,0
IPF_MV,D,20151117,000000,4226.84,4226.84,4226.84,4226.84,0,0
IPF_MV,D,20151119,000000,4241.66,4241.66,4241.66,4241.66,0,0
IPF_MV,D,20151123,000000,4241.66,4241.66,4202.79,4202.79,0,0
IPF_MV,D,20151124,000000,4082.44,4082.44,4082.44,4082.44,0,0
IPF_MV,D,20151125,000000,4134.28,4134.28,4134.28,4134.28,0,0
IPF_MV,D,20151126,000000,4241.66,4241.66,4241.66,4241.66,0,0
IPF_MV,D,20151127,000000,4071.33,4241.66,4071.33,4241.66,0,0
IPF_MV,D,20151130,000000,3980.62,3980.62,3980.62,3980.62,0,0
IPF_MV,D,20151203,000000,3904.93,3904.93,3904.93,3904.93,0,0
IPF_MV,D,20151207,000000,3954.43,3954.43,3954.43,3954.43,0,0
IPF_MV,D,20151211,000000,3767.42,3767.42,3428.27,3428.27,0,0
IPF_MV,D,20151214,000000,3213.77,3213.77,3213.77,3213.77,0,0
IPF_MV,D,20151215,000000,3208.28,3208.28,3208.28,3208.28,0,0
IPF_MV,D,20151216,000000,3208.28,3208.28,3208.28,3208.28,0,0
IPF_MV,D,20151217,000000,3208.28,3208.28,3208.28,3208.28,0,0
IPF_MV,D,20151218,000000,3208.28,3208.28,3208.28,3208.28,0,0
IPF_MV,D,20151221,000000,3208.28,3208.28,3208.28,3208.28,0,0
IPF_MV,D,20151222,000000,3208.28,3208.28,3208.28,3208.28,0,0
IPF_MV,D,20151223,000000,3208.28,3338.45,3208.28,3338.45,0,0
IPF_MV,D,20151228,000000,3338.45,3338.45,3338.45,3338.45,0,0
IPF_MV,D,20151229,000000,3336.61,3336.61,3336.61,3336.61,0,0
IPF_MV,D,20151230,000000,3336.61,3336.61,3307.26,3336.61,0,0
IPF_MV,D,20160104,000000,3334.77,3334.77,3188.25,3188.25,0,0
IPF_MV,D,20160105,000000,3186.42,3186.42,3186.42,3186.42,0,0
IPF_MV,D,20160108,000000,3186.42,3186.42,3060.35,3060.35,0,0
IPF_MV,D,20160121,000000,2740.61,2740.61,2683.97,2683.97,0,0
IPF_MV,D,20160122,000000,2683.97,2683.97,2683.97,2683.97,0,0
IPF_MV,D,20160127,000000,2557.9,2557.9,2557.9,2557.9,0,0
IPF_MV,D,20160203,000000,2557.9,2557.9,2557.9,2557.9,0,0
IPF_MV,D,20160208,000000,2557.9,2557.9,2557.9,2557.9,0,0
IPF_MV,D,20160209,000000,2557.9,2557.9,2557.9,2557.9,0,0
IPF_MV,D,20160210,000000,2557.9,2557.9,2557.9,2557.9,0,0
IPF_MV,D,20160211,000000,2557.9,2557.9,2557.9,2557.9,0,0
IPF_MV,D,20160212,000000,2557.9,2557.9,2557.9,2557.9,0,0
IPF_MV,D,20160215,000000,2557.9,2557.9,2557.9,2557.9,0,0
IPF_MV,D,20160216,000000,2557.9,2557.9,2557.9,2557.9,0,0
IPF_MV,D,20160217,000000,2557.9,2557.9,2557.9,2557.9,0,0
IPF_MV,D,20160218,000000,2557.9,2557.9,2557.9,2557.9,0,0
IPF_MV,D,20160219,000000,2557.9,2557.9,2557.9,2557.9,0,0
IPF_MV,D,20160222,000000,2557.9,2557.9,2557.9,2557.9,0,0
IPF_MV,D,20160223,000000,2557.9,2557.9,2557.9,2557.9,0,0
IPF_MV,D,20160224,000000,2557.9,2557.9,2557.9,2557.9,0,0
IPF_MV,D,20160225,000000,2557.9,2557.9,2557.9,2557.9,0,0
IPF_MV,D,20160226,000000,2557.9,2557.9,2557.9,2557.9,0,0
IPF_MV,D,20160303,000000,2568.88,2568.88,2568.88,2568.88,0,0
IPF_MV,D,20160304,000000,2567.03,2567.03,2567.03,2567.03,0,0
IPF_MV,D,20160308,000000,2567.03,2567.03,2567.03,2567.03,0,0
IPF_MV,D,20160309,000000,2567.03,2567.03,2567.03,2567.03,0,0
IPF_MV,D,20160310,000000,2567.03,2567.03,2567.03,2567.03,0,0
IPF_MV,D,20160311,000000,2567.03,2567.03,2567.03,2567.03,0,0
IPF_MV,D,20160316,000000,2567.03,2567.03,2567.03,2567.03,0,0
IPF_MV,D,20160317,000000,2567.03,2567.03,2567.03,2567.03,0,0
IPF_MV,D,20160318,000000,2567.03,2567.03,2567.03,2567.03,0,0
IPF_MV,D,20160321,000000,2567.03,2567.03,2567.03,2567.03,0,0
IPF_MV,D,20160322,000000,2567.03,2567.03,2567.03,2567.03,0,0
IPF_MV,D,20160323,000000,2567.03,2768.02,2567.03,2768.02,0,0
IPF_MV,D,20160324,000000,2760.7,3031.12,2760.7,3031.12,0,0
IPF_MV,D,20160329,000000,2972.65,3029.29,2954.38,2954.38,0,0
IPF_MV,D,20160330,000000,2963.51,3254.01,2936.1,3254.01,0,0
IPF_MV,D,20160331,000000,3248.53,3568.28,3248.53,3568.28,0,0
IPF_MV,D,20160401,000000,3617.6,3617.6,2932.45,3014.66,0,0
IPF_MV,D,20160404,000000,3016.49,3142.55,3016.49,3142.55,0,0
IPF_MV,D,20160405,000000,3032.95,3032.95,3032.95,3032.95,0,0
IPF_MV,D,20160406,000000,3032.95,3144.39,3032.95,3032.95,0,0
IPF_MV,D,20160407,000000,3203.41,3203.41,3109.74,3109.74,0,0
IPF_MV,D,20160408,000000,3651.14,3651.14,3297.09,3297.09,0,0
IPF_MV,D,20160411,000000,3295.21,3295.21,3287.72,3287.72,0,0
IPF_MV,D,20160418,000000,3128.47,3128.47,3128.47,3128.47,0,0
IPF_MV,D,20160419,000000,3109.74,3109.74,2997.34,2997.34,0,0
IPF_MV,D,20160420,000000,2929.9,2929.9,2929.9,2929.9,0,0
IPF_MV,D,20160422,000000,2922.4,2922.4,2922.4,2922.4,0,0
IPF_MV,D,20160425,000000,2890.55,2890.55,2890.55,2890.55,0,0
IPF_MV,D,20160426,000000,2810.01,2810.01,2810.01,2810.01,0,0
IPF_MV,D,20160427,000000,2632.03,2632.03,2632.03,2632.03,0,0
IPF_MV,D,20160502,000000,2680.75,2680.75,2680.75,2680.75,0,0
IPF_MV,D,20160504,000000,2789.42,2789.42,2789.42,2789.42,0,0
IPF_MV,D,20160505,000000,2789.42,2789.42,2789.42,2789.42,0,0
IPF_MV,D,20160506,000000,2789.42,2789.42,2789.42,2789.42,0,0
IPF_MV,D,20160509,000000,2789.42,2789.42,2789.42,2789.42,0,0
IPF_MV,D,20160510,000000,2789.42,2789.42,2789.42,2789.42,0,0
IPF_MV,D,20160516,000000,2811.89,2811.89,2811.89,2811.89,0,0
IPF_MV,D,20160520,000000,2772.55,2772.55,2735.08,2735.08,0,0
IPF_MV,D,20160523,000000,2716.34,2716.34,2716.34,2716.34,0,0
IPF_MV,D,20160527,000000,2772.55,2772.55,2678.88,2678.88,0,0
IPF_MV,D,20160530,000000,2778.17,2778.17,2778.17,2778.17,0,0
IPF_MV,D,20160531,000000,2778.17,2778.17,2778.17,2778.17,0,0
IPF_MV,D,20160601,000000,2778.17,2778.17,2778.17,2778.17,0,0
IPF_MV,D,20160602,000000,2778.17,2778.17,2778.17,2778.17,0,0
IPF_MV,D,20160603,000000,2778.17,2778.17,2620.8,2620.8,0,0
IPF_MV,D,20160608,000000,2763.18,2763.18,2622.69,2622.69,0,0
IPF_MV,D,20160615,000000,2547.75,2547.75,2547.75,2547.75,0,0
IPF_MV,D,20160620,000000,2622.69,2622.69,2622.69,2622.69,0,0
IPF_MV,D,20160627,000000,2763.18,2763.18,2763.18,2763.18,0,0
IPF_MV,D,20160628,000000,2763.18,2763.18,2763.18,2763.18,0,0
IPF_MV,D,20160629,000000,2763.18,2763.18,2763.18,2763.18,0,0
IPF_MV,D,20160630,000000,2763.18,2763.18,2763.18,2763.18,0,0
IPF_MV,D,20160701,000000,2763.18,2763.18,2763.18,2763.18,0,0
IPF_MV,D,20160704,000000,2763.18,2763.18,2763.18,2763.18,0,0
IPF_MV,D,20160705,000000,2763.18,2763.18,2763.18,2763.18,0,0
IPF_MV,D,20160706,000000,2763.18,2763.18,2622.69,2622.69,0,0
IPF_MV,D,20160707,000000,2763.18,2763.18,2763.18,2763.18,0,0
IPF_MV,D,20160708,000000,2763.18,2763.18,2763.18,2763.18,0,0
IPF_MV,D,20160711,000000,2622.69,2763.18,2622.69,2763.18,0,0
IPF_MV,D,20160712,000000,2763.18,2763.18,2763.18,2763.18,0,0
IPF_MV,D,20160713,000000,2763.18,2763.18,2763.18,2763.18,0,0
IPF_MV,D,20160714,000000,2763.18,2763.18,2763.18,2763.18,0,0
IPF_MV,D,20160715,000000,2763.18,2763.18,2763.18,2763.18,0,0
IPF_MV,D,20160718,000000,2763.18,2763.18,2763.18,2763.18,0,0
IPF_MV,D,20160719,000000,2763.18,2763.18,2763.18,2763.18,0,0
IPF_MV,D,20160720,000000,2763.18,2763.18,2763.18,2763.18,0,0
IPF_MV,D,20160722,000000,2778.17,2778.17,2778.17,2778.17,0,0
IPF_MV,D,20160725,000000,2778.17,2778.17,2778.17,2778.17,0,0
IPF_MV,D,20160726,000000,2778.17,2778.17,2778.17,2778.17,0,0
IPF_MV,D,20160727,000000,2778.17,2778.17,2778.17,2778.17,0,0
IPF_MV,D,20160728,000000,2778.17,2778.17,2712.6,2712.6,0,0
IPF_MV,D,20160729,000000,2778.17,2778.17,2778.17,2778.17,0,0
IPF_MV,D,20160801,000000,2712.6,2712.6,2712.6,2712.6,0,0
IPF_MV,D,20160802,000000,2778.17,2778.17,2585.22,2585.22,0,0
IPF_MV,D,20160804,000000,2585.22,2585.22,2585.22,2585.22,0,0
IPF_MV,D,20160805,000000,2585.22,2585.22,2585.22,2585.22,0,0
IPF_MV,D,20160808,000000,2778.17,2778.17,2778.17,2778.17,0,0
IPF_MV,D,20160809,000000,2778.17,2778.17,2778.17,2778.17,0,0
IPF_MV,D,20160810,000000,2778.17,2778.17,2778.17,2778.17,0,0
IPF_MV,D,20160811,000000,2778.17,2778.17,2778.17,2778.17,0,0
IPF_MV,D,20160812,000000,2772.55,2772.55,2772.55,2772.55,0,0
IPF_MV,D,20160816,000000,2753.8,2753.8,2753.8,2753.8,0,0
IPF_MV,D,20160817,000000,2744.44,2744.44,2744.44,2744.44,0,0
IPF_MV,D,20160818,000000,2778.17,2778.17,2778.17,2778.17,0,0
IPF_MV,D,20160819,000000,2744.44,2744.44,2744.44,2744.44,0,0
IPF_MV,D,20160822,000000,2744.44,2744.44,2585.22,2585.22,0,0
IPF_MV,D,20160824,000000,2469.06,2469.06,2469.06,2469.06,0,0
IPF_MV,D,20160825,000000,2472.81,2472.81,2472.81,2472.81,0,0
IPF_MV,D,20160826,000000,2472.81,2472.81,2472.81,2472.81,0,0
IPF_MV,D,20160829,000000,2472.81,2472.81,2435.34,2435.34,0,0
IPF_MV,D,20160831,000000,2463.45,2463.45,2463.45,2463.45,0,0
IPF_MV,D,20160906,000000,2471.08,2471.08,2471.08,2471.08,0,0
IPF_MV,D,20160907,000000,2471.08,2471.08,2471.08,2471.08,0,0
IPF_MV,D,20160908,000000,2471.08,2471.08,2471.08,2471.08,0,0
IPF_MV,D,20160909,000000,2471.08,2471.08,2471.08,2471.08,0,0
IPF_MV,D,20160912,000000,2471.08,2471.08,2471.08,2471.08,0,0
IPF_MV,D,20160913,000000,2471.08,2471.08,2471.08,2471.08,0,0
IPF_MV,D,20160914,000000,2471.08,2471.08,2404.28,2404.28,0,0
IPF_MV,D,20160915,000000,2471.08,2471.08,2471.08,2471.08,0,0
IPF_MV,D,20160916,000000,2471.08,2471.08,2471.08,2471.08,0,0
IPF_MV,D,20160919,000000,2471.08,2471.08,2471.08,2471.08,0,0
IPF_MV,D,20160920,000000,2471.08,2471.08,2471.08,2471.08,0,0
IPF_MV,D,20160921,000000,2471.08,2471.08,2471.08,2471.08,0,0
IPF_MV,D,20160922,000000,2471.08,2471.08,2471.08,2471.08,0,0
IPF_MV,D,20160923,000000,2471.08,2471.08,2471.08,2471.08,0,0
IPF_MV,D,20160926,000000,2471.08,2471.08,2471.08,2471.08,0,0
IPF_MV,D,20160927,000000,2471.08,2471.08,2471.08,2471.08,0,0
IPF_MV,D,20160928,000000,2471.08,2471.08,2385.21,2471.08,0,0
IPF_MV,D,20160929,000000,2471.08,2471.08,2471.08,2471.08,0,0
IPF_MV,D,20160930,000000,2471.08,2471.08,2471.08,2471.08,0,0
IPF_MV,D,20161003,000000,2366.13,2366.13,2366.13,2366.13,0,0
IPF_MV,D,20161013,000000,2402.39,2402.39,2402.39,2402.39,0,0
IPF_MV,D,20161018,000000,2402.39,2402.39,2402.39,2402.39,0,0
IPF_MV,D,20161021,000000,2404.28,2404.28,2402.39,2402.39,0,0
IPF_MV,D,20161024,000000,2404.28,2404.28,2404.28,2404.28,0,0
IPF_MV,D,20161025,000000,2404.28,2404.28,2404.28,2404.28,0,0
IPF_MV,D,20161028,000000,2404.28,2404.28,2404.28,2404.28,0,0
IPF_MV,D,20161102,000000,2432.91,2432.91,2432.91,2432.91,0,0
IPF_MV,D,20161103,000000,2432.91,2432.91,2432.91,2432.91,0,0
IPF_MV,D,20161104,000000,2432.91,2432.91,2432.91,2432.91,0,0
IPF_MV,D,20161107,000000,2432.91,2432.91,2432.91,2432.91,0,0
IPF_MV,D,20161116,000000,2432.91,2432.91,2432.91,2432.91,0,0
IPF_MV,D,20161117,000000,2432.91,2432.91,2432.91,2432.91,0,0
IPF_MV,D,20161118,000000,2432.91,2432.91,2432.91,2432.91,0,0
IPF_MV,D,20161121,000000,2423.37,2423.37,2423.37,2423.37,0,0
IPF_MV,D,20161122,000000,2423.37,2423.37,2423.37,2423.37,0,0
IPF_MV,D,20161123,000000,2423.37,2423.37,2423.37,2423.37,0,0
IPF_MV,D,20161124,000000,2423.37,2423.37,2423.37,2423.37,0,0
IPF_MV,D,20161125,000000,2423.37,2423.37,2423.37,2423.37,0,0
IPF_MV,D,20161128,000000,2423.37,2423.37,2423.37,2423.37,0,0
IPF_MV,D,20161129,000000,2423.37,2423.37,2423.37,2423.37,0,0
IPF_MV,D,20161130,000000,2423.37,2423.37,2423.37,2423.37,0,0
IPF_MV,D,20161201,000000,2413.82,2413.82,2413.82,2413.82,0,0
IPF_MV,D,20161202,000000,2404.28,2404.28,2385.21,2385.21,0,0
IPF_MV,D,20161205,000000,2385.21,2385.21,2385.21,2385.21,0,0
IPF_MV,D,20161206,000000,2385.21,2385.21,2385.21,2385.21,0,0
IPF_MV,D,20161207,000000,2385.21,2385.21,2385.21,2385.21,0,0
IPF_MV,D,20161208,000000,2385.21,2385.21,2385.21,2385.21,0,0
IPF_MV,D,20161209,000000,2385.21,2385.21,2385.21,2385.21,0,0
IPF_MV,D,20161212,000000,2385.21,2385.21,2270.72,2270.72,0,0
IPF_MV,D,20161214,000000,2194.39,2194.39,2194.39,2194.39,0,0
IPF_MV,D,20161216,000000,2099.01,2099.01,2099.01,2099.01,0,0
IPF_MV,D,20161219,000000,2060.82,2060.82,2060.82,2060.82,0,0
IPF_MV,D,20161222,000000,1908.17,1908.17,1908.17,1908.17,0,0
IPF_MV,D,20161223,000000,1902.45,1902.45,1902.45,1902.45,0,0
IPF_MV,D,20161228,000000,1902.45,1902.45,1902.45,1902.45,0,0
IPF_MV,D,20161229,000000,1889.09,1889.09,1889.09,1889.09,0,0
IPF_MV,D,20161230,000000,1889.09,1889.09,1889.09,1889.09,0,0
IPF_MV,D,20170102,000000,1816.58,1816.58,1816.58,1816.58,0,0
IPF_MV,D,20170104,000000,1818.49,1818.49,1818.49,1818.49,0,0
IPF_MV,D,20170105,000000,1818.49,1818.49,1818.49,1818.49,0,0
IPF_MV,D,20170109,000000,1818.49,1818.49,1818.49,1818.49,0,0
IPF_MV,D,20170110,000000,1818.49,1818.49,1818.49,1818.49,0,0
IPF_MV,D,20170111,000000,1818.49,1818.49,1818.49,1818.49,0,0
IPF_MV,D,20170112,000000,1818.49,1906.26,1818.49,1906.26,0,0
IPF_MV,D,20170116,000000,1917.7,1917.7,1917.7,1917.7,0,0
IPF_MV,D,20170117,000000,1917.7,1917.7,1917.7,1917.7,0,0
IPF_MV,D,20170118,000000,1917.7,1917.7,1917.7,1917.7,0,0
IPF_MV,D,20170119,000000,1917.7,1917.7,1908.17,1908.17,0,0
IPF_MV,D,20170120,000000,1917.7,1917.7,1917.7,1917.7,0,0
IPF_MV,D,20170130,000000,1818.49,1818.49,1818.49,1818.49,0,0
IPF_MV,D,20170131,000000,1822.29,1822.29,1822.29,1822.29,0,0
IPF_MV,D,20170214,000000,1858.55,1858.55,1858.55,1858.55,0,0
IPF_MV,D,20170215,000000,1812.76,1812.76,1812.76,1812.76,0,0
IPF_MV,D,20170216,000000,1812.76,1812.76,1812.76,1812.76,0,0
IPF_MV,D,20170217,000000,1858.55,1858.55,1772.68,1772.68,0,0
IPF_MV,D,20170220,000000,1812.76,1812.76,1812.76,1812.76,0,0
IPF_MV,D,20170227,000000,1765.05,1765.05,1765.05,1765.05,0,0
IPF_MV,D,20170228,000000,1765.05,1765.05,1765.05,1765.05,0,0
IPF_MV,D,20170301,000000,1765.05,1765.05,1765.05,1765.05,0,0
IPF_MV,D,20170307,000000,1765.05,1765.05,1765.05,1765.05,0,0
IPF_MV,D,20170308,000000,1765.05,1765.05,1761.23,1761.23,0,0
IPF_MV,D,20170313,000000,1755.51,1755.51,1755.51,1755.51,0,0
IPF_MV,D,20170314,000000,1755.51,1755.51,1755.51,1755.51,0,0
IPF_MV,D,20170315,000000,1755.51,1755.51,1755.51,1755.51,0,0
IPF_MV,D,20170316,000000,1755.51,1755.51,1755.51,1755.51,0,0
IPF_MV,D,20170320,000000,1755.51,1755.51,1755.51,1755.51,0,0
IPF_MV,D,20170322,000000,1755.51,1755.51,1755.51,1755.51,0,0
IPF_MV,D,20170403,000000,1765.05,1902.45,1765.05,1902.45,0,0
IPF_MV,D,20170404,000000,2102.8,2202.02,2102.8,2202.02,0,0
IPF_MV,D,20170405,000000,2142.88,2142.88,2142.88,2142.88,0,0
IPF_MV,D,20170407,000000,2194.39,2194.39,2194.39,2194.39,0,0
IPF_MV,D,20170410,000000,2194.39,2194.39,2079.9,2079.9,0,0
IPF_MV,D,20170411,000000,1469.29,1536.06,1469.29,1536.06,0,0
IPF_MV,D,20170412,000000,1541.8,1541.8,1507.44,1507.44,0,0
IPF_MV,D,20170418,000000,1664.02,1664.02,1656,1656,0,0
IPF_MV,D,20170420,000000,1666.02,1666.02,1666.02,1666.02,0,0
IPF_MV,D,20170421,000000,1585.73,1776.43,1585.73,1774.41,0,0
IPF_MV,D,20170424,000000,1772.41,1772.41,1772.41,1772.41,0,0
IPF_MV,D,20170426,000000,1656,1756.35,1656,1656,0,0
IPF_MV,D,20170427,000000,1676.06,1676.06,1605.81,1664.02,0,0
IPF_MV,D,20170428,000000,1585.73,1585.73,1585.73,1585.73,0,0
IPF_MV,D,20170508,000000,1595.77,1595.77,1595.77,1595.77,0,0
IPF_MV,D,20170509,000000,1595.77,1595.77,1595.77,1595.77,0,0
IPF_MV,D,20170510,000000,1595.77,1664.02,1595.77,1664.02,0,0
IPF_MV,D,20170511,000000,1664.02,1684.09,1664.02,1668.03,0,0
IPF_MV,D,20170512,000000,1746.33,1746.33,1746.33,1746.33,0,0
IPF_MV,D,20170515,000000,1746.33,1746.33,1746.33,1746.33,0,0
IPF_MV,D,20170516,000000,1746.33,1746.33,1666.02,1666.02,0,0
IPF_MV,D,20170517,000000,1746.33,1746.33,1746.33,1746.33,0,0
IPF_MV,D,20170518,000000,1746.33,1746.33,1645.95,1666.02,0,0
IPF_MV,D,20170519,000000,1746.33,1746.33,1746.33,1746.33,0,0
IPF_MV,D,20170522,000000,1746.33,1746.33,1746.33,1746.33,0,0
IPF_MV,D,20170523,000000,1746.33,1746.33,1746.33,1746.33,0,0
IPF_MV,D,20170531,000000,1746.33,1746.33,1746.33,1746.33,0,0
IPF_MV,D,20170601,000000,1645.95,1746.33,1645.95,1746.33,0,0
IPF_MV,D,20170607,000000,1696.14,1746.33,1696.14,1746.33,0,0
IPF_MV,D,20170608,000000,1746.33,1746.33,1746.33,1746.33,0,0
IPF_MV,D,20170614,000000,1706.17,1706.17,1706.17,1706.17,0,0
IPF_MV,D,20170616,000000,1706.17,1706.17,1706.17,1706.17,0,0
IPF_MV,D,20170619,000000,1706.17,1706.17,1706.17,1706.17,0,0
IPF_MV,D,20170620,000000,1706.17,1706.17,1706.17,1706.17,0,0
IPF_MV,D,20170621,000000,1706.17,1706.17,1706.17,1706.17,0,0
IPF_MV,D,20170622,000000,1706.17,1706.17,1706.17,1706.17,0,0
IPF_MV,D,20170623,000000,1706.17,1706.17,1706.17,1706.17,0,0
IPF_MV,D,20170626,000000,1706.17,1706.17,1706.17,1706.17,0,0
IPF_MV,D,20170627,000000,1706.17,1706.17,1706.17,1706.17,0,0
IPF_MV,D,20170628,000000,1706.17,1706.17,1706.17,1706.17,0,0
IPF_MV,D,20170629,000000,1706.17,1706.17,1706.17,1706.17,0,0
IPF_MV,D,20170630,000000,1706.17,1706.17,1706.17,1706.17,0,0
IPF_MV,D,20170703,000000,1706.17,1706.17,1706.17,1706.17,0,0
IPF_MV,D,20170704,000000,1706.17,1706.17,1706.17,1706.17,0,0
IPF_MV,D,20170705,000000,1706.17,1706.17,1706.17,1706.17,0,0
IPF_MV,D,20170706,000000,1706.17,1706.17,1706.17,1706.17,0,0
IPF_MV,D,20170707,000000,1706.17,1706.17,1706.17,1706.17,0,0
IPF_MV,D,20170712,000000,1706.17,1706.17,1706.17,1706.17,0,0
IPF_MV,D,20170717,000000,1706.17,1706.17,1706.17,1706.17,0,0
IPF_MV,D,20170726,000000,1706.17,1706.17,1706.17,1706.17,0,0
IPF_MV,D,20170727,000000,1706.17,1706.17,1706.17,1706.17,0,0
IPF_MV,D,20170728,000000,1706.17,1706.17,1706.17,1706.17,0,0
IPF_MV,D,20170731,000000,1706.17,1706.17,1706.17,1706.17,0,0
IPF_MV,D,20170801,000000,1706.17,1706.17,1706.17,1706.17,0,0
IPF_MV,D,20170802,000000,1706.17,1706.17,1706.17,1706.17,0,0
IPF_MV,D,20170807,000000,1726.24,1806.53,1726.24,1806.53,0,0
IPF_MV,D,20170808,000000,1810.55,1810.55,1810.55,1810.55,0,0
IPF_MV,D,20170809,000000,1898.86,1898.86,1898.86,1898.86,0,0
IPF_MV,D,20170810,000000,1898.86,1898.86,1898.86,1898.86,0,0
IPF_MV,D,20170822,000000,1880.81,1880.81,1880.81,1880.81,0,0
IPF_MV,D,20170823,000000,1886.83,1886.83,1886.83,1886.83,0,0
IPF_MV,D,20170831,000000,1826.6,1826.6,1826.6,1826.6,0,0
IPF_MV,D,20170906,000000,1906.9,1906.9,1806.53,1806.53,0,0
IPF_MV,D,20170907,000000,1829.15,1829.15,1829.15,1829.15,0,0
IPF_MV,D,20170908,000000,1853.81,1853.81,1853.81,1853.81,0,0
IPF_MV,D,20170911,000000,1853.81,1853.81,1853.81,1853.81,0,0
IPF_MV,D,20170912,000000,1866.14,1866.14,1853.81,1853.81,0,0
IPF_MV,D,20170914,000000,1767.49,1927.8,1767.49,1927.8,0,0
IPF_MV,D,20170915,000000,1853.81,1853.81,1853.81,1853.81,0,0
IPF_MV,D,20170918,000000,1849.69,1849.69,1767.49,1767.49,0,0
IPF_MV,D,20170920,000000,1726.38,1726.38,1726.38,1726.38,0,0
IPF_MV,D,20170926,000000,1726.38,1726.38,1726.38,1726.38,0,0
IPF_MV,D,20171004,000000,1644.18,1644.18,1644.18,1644.18,0,0
IPF_MV,D,20171009,000000,1644.18,1644.18,1644.18,1644.18,0,0
IPF_MV,D,20171031,000000,1724.32,1724.32,1644.18,1724.32,0,0
IPF_MV,D,20171106,000000,1722.27,1722.27,1722.27,1722.27,0,0
IPF_MV,D,20171107,000000,1722.27,1722.27,1722.27,1722.27,0,0
IPF_MV,D,20171108,000000,1722.27,1722.27,1722.27,1722.27,0,0
IPF_MV,D,20171109,000000,1722.27,1722.27,1722.27,1722.27,0,0
IPF_MV,D,20171110,000000,1685.27,1722.27,1644.18,1722.27,0,0
IPF_MV,D,20171113,000000,1722.27,1722.27,1722.27,1722.27,0,0
IPF_MV,D,20171114,000000,1722.27,1722.27,1722.27,1722.27,0,0
IPF_MV,D,20171115,000000,1722.27,1722.27,1722.27,1722.27,0,0
IPF_MV,D,20171116,000000,1722.27,1722.27,1644.18,1644.18,0,0
IPF_MV,D,20171123,000000,1644.18,1685.27,1644.18,1685.27,0,0
IPF_MV,D,20171124,000000,1724.32,1724.32,1724.32,1724.32,0,0
IPF_MV,D,20171207,000000,1722.27,1722.27,1722.27,1722.27,0,0
IPF_MV,D,20171208,000000,1722.27,1722.27,1722.27,1722.27,0,0
IPF_MV,D,20171212,000000,1722.27,1722.27,1722.27,1722.27,0,0
IPF_MV,D,20171213,000000,1726.38,1726.38,1726.38,1726.38,0,0
IPF_MV,D,20171215,000000,1726.38,1726.38,1726.38,1726.38,0,0
IPF_MV,D,20171219,000000,1685.27,1726.38,1685.27,1685.27,0,0
IPF_MV,D,20171227,000000,1767.49,1767.49,1767.49,1767.49,0,0
IPF_MV,D,20171228,000000,1777.76,1777.76,1777.76,1777.76,0,0
IPF_MV,D,20180103,000000,1767.49,1767.49,1767.49,1767.49,0,0
IPF_MV,D,20180105,000000,1685.27,1767.49,1685.27,1685.27,0,0
IPF_MV,D,20180108,000000,1687.34,1765.43,1687.34,1765.43,0,0
IPF_MV,D,20180109,000000,1767.49,1843.53,1767.49,1843.53,0,0
IPF_MV,D,20180112,000000,1808.59,1808.59,1808.59,1808.59,0,0
IPF_MV,D,20180117,000000,1864.08,1864.08,1864.08,1864.08,0,0
IPF_MV,D,20180118,000000,1890.79,1890.79,1890.79,1890.79,0,0
IPF_MV,D,20180119,000000,1901.07,1901.07,1901.07,1901.07,0,0
IPF_MV,D,20180122,000000,1890.79,1890.79,1890.79,1890.79,0,0
IPF_MV,D,20180123,000000,1901.07,1901.07,1901.07,1901.07,0,0
IPF_MV,D,20180124,000000,1866.14,1866.14,1866.14,1866.14,0,0
IPF_MV,D,20180125,000000,1890.79,1890.79,1890.79,1890.79,0,0
IPF_MV,D,20180206,000000,1870.24,1870.24,1870.24,1870.24,0,0
IPF_MV,D,20180207,000000,1870.24,1870.24,1870.24,1870.24,0,0
IPF_MV,D,20180227,000000,1896.97,1896.97,1870.24,1896.97,0,0
IPF_MV,D,20180228,000000,1896.97,1896.97,1896.97,1896.97,0,0
IPF_MV,D,20180306,000000,1896.97,1896.97,1896.97,1896.97,0,0
IPF_MV,D,20180307,000000,1896.97,1896.97,1896.97,1896.97,0,0
IPF_MV,D,20180308,000000,1896.97,1896.97,1896.97,1896.97,0,0
IPF_MV,D,20180312,000000,1896.97,1896.97,1896.97,1896.97,0,0
IPF_MV,D,20180313,000000,1890.79,1890.79,1890.79,1890.79,0,0
IPF_MV,D,20180314,000000,1880.52,1880.52,1880.52,1880.52,0,0
IPF_MV,D,20180315,000000,1870.24,1870.24,1870.24,1870.24,0,0
IPF_MV,D,20180403,000000,1808.59,1853.81,1808.59,1853.81,0,0
IPF_MV,D,20180412,000000,2052.1,2086.3,2052.1,2086.3,0,0
IPF_MV,D,20180417,000000,2152.57,2152.57,2152.57,2152.57,0,0
IPF_MV,D,20180420,000000,2244.49,2244.49,2244.49,2244.49,0,0
IPF_MV,D,20180423,000000,2152.57,2152.57,2152.57,2152.57,0,0
IPF_MV,D,20180514,000000,2152.57,2152.57,2152.57,2152.57,0,0
IPF_MV,D,20180515,000000,2152.57,2152.57,2152.57,2152.57,0,0
IPF_MV,D,20180516,000000,2152.57,2152.57,2152.57,2152.57,0,0
IPF_MV,D,20180517,000000,2152.57,2152.57,2052.1,2152.57,0,0
IPF_MV,D,20180518,000000,2152.57,2152.57,2152.57,2152.57,0,0
IPF_MV,D,20180521,000000,2244.49,2244.49,2244.49,2244.49,0,0
IPF_MV,D,20180522,000000,2244.49,2244.49,2244.49,2244.49,0,0
IPF_MV,D,20180523,000000,2244.49,2244.49,2244.49,2244.49,0,0
IPF_MV,D,20180524,000000,2244.49,2244.49,2244.49,2244.49,0,0
IPF_MV,D,20180525,000000,2244.49,2244.49,2244.49,2244.49,0,0
IPF_MV,D,20180528,000000,2244.49,2244.49,2244.49,2244.49,0,0
IPF_MV,D,20180529,000000,2244.49,2244.49,2139.74,2139.74,0,0
IPF_MV,D,20180530,000000,2139.74,2139.74,2139.74,2139.74,0,0
IPF_MV,D,20180601,000000,2139.74,2139.74,2139.74,2139.74,0,0
IPF_MV,D,20180604,000000,2139.74,2139.74,2139.74,2139.74,0,0
IPF_MV,D,20180605,000000,2139.74,2139.74,2139.74,2139.74,0,0
IPF_MV,D,20180606,000000,2139.74,2139.74,2139.74,2139.74,0,0
IPF_MV,D,20180607,000000,2139.74,2139.74,2139.74,2139.74,0,0
IPF_MV,D,20180608,000000,2139.74,2139.74,2139.74,2139.74,0,0
IPF_MV,D,20180611,000000,2139.74,2139.74,2139.74,2139.74,0,0
IPF_MV,D,20180612,000000,2137.59,2137.59,2137.59,2137.59,0,0
IPF_MV,D,20180613,000000,2137.59,2137.59,2137.59,2137.59,0,0
IPF_MV,D,20180614,000000,2137.59,2137.59,2137.59,2137.59,0,0
IPF_MV,D,20180615,000000,2137.59,2137.59,2137.59,2137.59,0,0
IPF_MV,D,20180618,000000,2137.59,2137.59,2137.59,2137.59,0,0
IPF_MV,D,20180619,000000,2137.59,2137.59,2137.59,2137.59,0,0
IPF_MV,D,20180625,000000,2107.67,2107.67,2107.67,2107.67,0,0
IPF_MV,D,20180626,000000,2107.67,2107.67,2107.67,2107.67,0,0
IPF_MV,D,20180627,000000,2137.59,2137.59,2109.81,2109.81,0,0
IPF_MV,D,20180628,000000,2137.59,2137.59,2109.81,2109.81,0,0
IPF_MV,D,20180629,000000,2137.59,2137.59,2137.59,2137.59,0,0
IPF_MV,D,20180702,000000,2137.59,2137.59,2137.59,2137.59,0,0
IPF_MV,D,20180704,000000,2137.59,2137.59,2137.59,2137.59,0,0
IPF_MV,D,20180705,000000,2137.59,2137.59,2137.59,2137.59,0,0
IPF_MV,D,20180706,000000,2137.59,2137.59,2137.59,2137.59,0,0
IPF_MV,D,20180710,000000,2137.59,2137.59,2137.59,2137.59,0,0
IPF_MV,D,20180717,000000,2139.74,2139.74,2139.74,2139.74,0,0
IPF_MV,D,20180720,000000,2139.74,2139.74,2139.74,2139.74,0,0
IPF_MV,D,20180723,000000,2139.74,2139.74,2139.74,2139.74,0,0
IPF_MV,D,20180724,000000,2139.74,2139.74,2139.74,2139.74,0,0
IPF_MV,D,20180730,000000,2139.74,2139.74,2139.74,2139.74,0,0
IPF_MV,D,20180731,000000,2116.22,2116.22,2116.22,2116.22,0,0
IPF_MV,D,20180801,000000,2116.22,2116.22,2116.22,2116.22,0,0
IPF_MV,D,20180802,000000,2116.22,2116.22,2116.22,2116.22,0,0
IPF_MV,D,20180803,000000,2116.22,2116.22,2116.22,2116.22,0,0
IPF_MV,D,20180808,000000,2137.59,2137.59,2137.59,2137.59,0,0
IPF_MV,D,20180809,000000,2139.74,2139.74,2139.74,2139.74,0,0
IPF_MV,D,20180810,000000,2139.74,2139.74,2139.74,2139.74,0,0
IPF_MV,D,20180813,000000,2139.74,2139.74,2139.74,2139.74,0,0
IPF_MV,D,20180820,000000,2139.74,2139.74,2137.59,2137.59,0,0
IPF_MV,D,20180821,000000,2105.54,2105.54,2105.54,2105.54,0,0
IPF_MV,D,20181010,000000,2153.64,2153.64,2153.64,2153.64,0,0
IPF_MV,D,20181017,000000,2153.64,2153.64,2153.64,2153.64,0,0
IPF_MV,D,20181122,000000,2153.64,2153.64,2153.64,2153.64,0,0
IPF_MV,D,20181126,000000,2033.38,2033.38,2033.38,2033.38,0,0
IPF_MV,D,20181214,000000,2236.72,2236.72,2236.72,2236.72,0,0
IPF_MV,D,20181217,000000,2208.3,2208.3,2208.3,2208.3,0,0
IPF_MV,D,20181219,000000,2105.53,2105.53,2105.53,2105.53,0,0
IPF_MV,D,20181227,000000,2105.53,2105.53,2105.53,2105.53,0,0
IPF_MV,D,20190110,000000,2206.12,2206.12,2206.12,2206.12,0,0
IPF_MV,D,20190114,000000,2107.73,2107.73,2107.73,2107.73,0,0
IPF_MV,D,20190116,000000,2206.12,2206.12,2206.12,2206.12,0,0
IPF_MV,D,20190128,000000,2206.12,2206.12,2206.12,2206.12,0,0
IPF_MV,D,20190129,000000,2208.3,2208.3,2208.3,2208.3,0,0
IPF_MV,D,20190130,000000,2208.3,2208.3,2208.3,2208.3,0,0
IPF_MV,D,20190131,000000,2208.3,2208.3,2208.3,2208.3,0,0
IPF_MV,D,20190201,000000,2208.3,2208.3,2208.3,2208.3,0,0
IPF_MV,D,20190227,000000,2206.12,2206.12,2206.12,2206.12,0,0
IPF_MV,D,20190320,000000,2133.97,2155.83,2133.97,2155.83,0,0
IPF_MV,D,20190321,000000,2133.97,2133.97,2133.97,2133.97,0,0
IPF_MV,D,20190327,000000,2120.84,2120.84,2120.84,2120.84,0,0
IPF_MV,D,20190417,000000,2141.35,2141.35,2141.35,2141.35,0,0
IPF_MV,D,20190418,000000,2243.86,2243.86,2243.86,2243.86,0,0
IPF_MV,D,20190429,000000,2243.86,2243.86,2243.86,2243.86,0,0
IPF_MV,D,20190430,000000,2246.13,2246.13,2246.13,2246.13,0,0
IPF_MV,D,20190502,000000,2246.13,2246.13,2246.13,2246.13,0,0
IPF_MV,D,20190510,000000,2243.86,2246.13,2243.86,2246.13,0,0
IPF_MV,D,20190522,000000,2346.37,2346.37,2346.37,2346.37,0,0
IPF_MV,D,20190523,000000,2152.74,2246.13,2152.74,2246.13,0,0
IPF_MV,D,20190610,000000,2346.37,2346.37,2346.37,2346.37,0,0
IPF_MV,D,20190612,000000,2202.85,2346.37,2202.85,2346.37,0,0
IPF_MV,D,20190618,000000,2346.37,2346.37,2346.37,2346.37,0,0
IPF_MV,D,20190626,000000,2255.25,2255.25,2255.25,2255.25,0,0
IPF_MV,D,20190627,000000,2255.25,2255.25,2255.25,2255.25,0,0
IPF_MV,D,20190628,000000,2255.25,2255.25,2050.22,2050.22,0,0
IPF_MV,D,20190702,000000,1822.43,1822.43,1822.43,1822.43,0,0
IPF_MV,D,20190703,000000,1822.43,1822.43,1822.43,1822.43,0,0
IPF_MV,D,20190730,000000,1822.43,1822.43,1822.43,1822.43,0,0
IPF_MV,D,20190731,000000,1822.43,1822.43,1822.43,1822.43,0,0
IPF_MV,D,20190801,000000,1822.43,1822.43,1822.43,1822.43,0,0
IPF_MV,D,20190802,000000,1822.43,1822.43,1822.43,1822.43,0,0
IPF_MV,D,20190805,000000,1822.43,1822.43,1822.43,1822.43,0,0
IPF_MV,D,20190806,000000,1822.43,1822.43,1822.43,1822.43,0,0
IPF_MV,D,20190807,000000,1822.43,1822.43,1822.43,1822.43,0,0
IPF_MV,D,20190808,000000,1822.43,1822.43,1822.43,1822.43,0,0
IPF_MV,D,20190809,000000,1822.43,1822.43,1822.43,1822.43,0,0
IPF_MV,D,20190902,000000,1822.43,1822.43,1822.43,1822.43,0,0
IPF_MV,D,20190912,000000,1639.71,1639.71,1639.71,1639.71,0,0
IPF_MV,D,20190917,000000,1194.65,1288.34,1194.65,1288.34,0,0
IPF_MV,D,20190918,000000,1288.34,1346.91,1288.34,1346.91,0,0
IPF_MV,D,20190919,000000,1253.21,1405.47,1253.21,1405.47,0,0
IPF_MV,D,20190924,000000,1440.6,1440.6,1440.6,1440.6,0,0
IPF_MV,D,20190925,000000,1499.16,1499.16,1499.16,1499.16,0,0
IPF_MV,D,20190927,000000,1557.73,1557.73,1557.73,1557.73,0,0
IPF_MV,D,20191001,000000,1625.66,1625.66,1625.66,1625.66,0,0
IPF_MV,D,20191004,000000,1260.24,1625.66,1260.24,1271.95,0,0
IPF_MV,D,20191007,000000,1269.6,1271.95,1260.24,1260.24,0,0
IPF_MV,D,20191010,000000,1264.92,1264.92,1264.92,1264.92,0,0
IPF_MV,D,20191011,000000,1253.21,1264.92,1253.21,1264.92,0,0
IPF_MV,D,20191015,000000,1382.04,1382.04,1264.92,1328.17,0,0
IPF_MV,D,20191017,000000,1382.04,1382.04,1328.17,1382.04,0,0
IPF_MV,D,20191018,000000,1267.26,1382.04,1267.26,1382.04,0,0
IPF_MV,D,20191024,000000,1267.26,1382.04,1267.26,1382.04,0,0
IPF_MV,D,20191025,000000,1517.9,1625.66,1428.89,1428.89,0,0
IPF_MV,D,20191028,000000,1428.89,1428.89,1428.89,1428.89,0,0
IPF_MV,D,20191104,000000,1428.89,1428.89,1428.89,1428.89,0,0
IPF_MV,D,20191113,000000,1499.16,1499.16,1499.16,1499.16,0,0
IPF_MV,D,20191114,000000,1510.88,1536.64,1499.16,1536.64,0,0
IPF_MV,D,20191115,000000,1475.74,1475.74,1475.74,1475.74,0,0
IPF_MV,D,20191118,000000,1639.71,1639.71,1571.78,1571.78,0,0
IPF_MV,D,20191119,000000,1499.16,1499.16,1499.16,1499.16,0,0
IPF_MV,D,20191125,000000,1499.16,1499.16,1499.16,1499.16,0,0
IPF_MV,D,20191126,000000,1639.71,1639.71,1499.16,1639.71,0,0
IPF_MV,D,20191127,000000,1639.71,1639.71,1639.71,1639.71,0,0
IPF_MV,D,20191128,000000,1571.78,1639.71,1571.78,1639.71,0,0
IPF_MV,D,20191129,000000,1639.71,1639.71,1508.53,1639.71,0,0
IPF_MV,D,20191202,000000,1583.49,1639.71,1583.49,1639.71,0,0
IPF_MV,D,20191204,000000,1639.71,1639.71,1639.71,1639.71,0,0
IPF_MV,D,20191205,000000,1639.71,1639.71,1503.85,1639.71,0,0
IPF_MV,D,20191206,000000,1639.71,1639.71,1574.12,1639.71,0,0
IPF_MV,D,20191209,000000,1639.71,1639.71,1639.71,1639.71,0,0
IPF_MV,D,20191210,000000,1522.59,1522.59,1522.59,1522.59,0,0
IPF_MV,D,20191211,000000,1639.71,1639.71,1639.71,1639.71,0,0
IPF_MV,D,20191212,000000,1639.71,1639.71,1583.49,1616.29,0,0
IPF_MV,D,20191216,000000,1583.49,1616.29,1583.49,1616.29,0,0
IPF_MV,D,20191217,000000,1613.94,1616.29,1613.94,1616.29,0,0
IPF_MV,D,20191218,000000,1686.56,1686.56,1686.56,1686.56,0,0
IPF_MV,D,20191219,000000,1686.56,1686.56,1686.56,1686.56,0,0
IPF_MV,D,20191223,000000,1583.49,1686.56,1583.49,1686.56,0,0
IPF_MV,D,20191227,000000,1686.56,1686.56,1686.56,1686.56,0,0
IPF_MV,D,20191230,000000,1546.01,1663.14,1546.01,1663.14,0,0
IPF_MV,D,20200107,000000,1733.41,1733.41,1623.31,1623.31,0,0
IPF_MV,D,20200108,000000,1733.41,1733.41,1620.97,1620.97,0,0
IPF_MV,D,20200113,000000,1733.41,1733.41,1733.41,1733.41,0,0
IPF_MV,D,20200114,000000,1656.11,1656.11,1656.11,1656.11,0,0
IPF_MV,D,20200115,000000,1728.72,1728.72,1728.72,1728.72,0,0
IPF_MV,D,20200121,000000,1665.48,1665.48,1665.48,1665.48,0,0
IPF_MV,D,20200122,000000,1728.72,1728.72,1728.72,1728.72,0,0
IPF_MV,D,20200123,000000,1728.72,1728.72,1728.72,1728.72,0,0
IPF_MV,D,20200124,000000,1728.72,1728.72,1691.24,1691.24,0,0
IPF_MV,D,20200127,000000,1728.72,1728.72,1728.72,1728.72,0,0
IPF_MV,D,20200128,000000,1728.72,1731.07,1728.72,1731.07,0,0
IPF_MV,D,20200130,000000,1803.68,1803.68,1803.68,1803.68,0,0
IPF_MV,D,20200203,000000,1747.46,1815.39,1747.46,1815.39,0,0
IPF_MV,D,20200204,000000,1815.39,1815.39,1815.39,1815.39,0,0
IPF_MV,D,20200205,000000,1815.39,1815.39,1815.39,1815.39,0,0
IPF_MV,D,20200206,000000,1815.39,1815.39,1815.39,1815.39,0,0
IPF_MV,D,20200207,000000,1815.39,1815.39,1815.39,1815.39,0,0
IPF_MV,D,20200210,000000,1815.39,1815.39,1815.39,1815.39,0,0
IPF_MV,D,20200211,000000,1815.39,1815.39,1815.39,1815.39,0,0
IPF_MV,D,20200212,000000,1815.39,1815.39,1815.39,1815.39,0,0
IPF_MV,D,20200213,000000,1815.39,1815.39,1815.39,1815.39,0,0
IPF_MV,D,20200214,000000,1817.74,1817.74,1817.74,1817.74,0,0
IPF_MV,D,20200217,000000,1817.74,1817.74,1817.74,1817.74,0,0
IPF_MV,D,20200218,000000,1817.74,1817.74,1817.74,1817.74,0,0
IPF_MV,D,20200219,000000,1817.74,1817.74,1817.74,1817.74,0,0
IPF_MV,D,20200220,000000,1803.68,1817.74,1803.68,1817.74,0,0
IPF_MV,D,20200221,000000,1817.74,1817.74,1817.74,1817.74,0,0
IPF_MV,D,20200224,000000,1817.74,1817.74,1817.74,1817.74,0,0
IPF_MV,D,20200225,000000,1756.83,1756.83,1756.83,1756.83,0,0
IPF_MV,D,20200302,000000,1756.83,1756.83,1756.83,1756.83,0,0
IPF_MV,D,20200331,000000,1709.98,1709.98,1405.47,1639.71,0,0
IPF_MV,D,20200401,000000,1639.71,1639.71,1639.71,1639.71,0,0
IPF_MV,D,20200406,000000,1639.71,1639.71,1639.71,1639.71,0,0
IPF_MV,D,20200408,000000,1670.16,1670.16,1670.16,1670.16,0,0
IPF_MV,D,20200409,000000,1639.71,1639.71,1639.71,1639.71,0,0
IPF_MV,D,20200414,000000,1639.71,1639.71,1639.71,1639.71,0,0
IPF_MV,D,20200415,000000,1639.71,1639.71,1639.71,1639.71,0,0
IPF_MV,D,20200416,000000,1639.71,1639.71,1639.71,1639.71,0,0
IPF_MV,D,20200417,000000,1639.71,1803.68,1522.59,1803.68,0,0
IPF_MV,D,20200420,000000,1803.68,1803.68,1803.68,1803.68,0,0
IPF_MV,D,20200422,000000,1616.29,1616.29,1473.4,1478.08,0,0
IPF_MV,D,20200423,000000,1616.29,1775.57,1522.59,1756.83,0,0
IPF_MV,D,20200424,000000,1639.71,1745.12,1592.86,1592.86,0,0
IPF_MV,D,20200427,000000,1604.57,1780.26,1604.57,1780.26,0,0
IPF_MV,D,20200428,000000,1780.26,1780.26,1780.26,1780.26,0,0
IPF_MV,D,20200429,000000,1639.71,1780.26,1639.71,1780.26,0,0
IPF_MV,D,20200505,000000,1510.88,1803.68,1510.88,1803.68,0,0
IPF_MV,D,20200508,000000,1531.96,1780.26,1499.16,1780.26,0,0
IPF_MV,D,20200511,000000,1489.79,1527.27,1489.79,1527.27,0,0
IPF_MV,D,20200512,000000,1663.14,1686.56,1639.71,1686.56,0,0
IPF_MV,D,20200513,000000,1707.64,1707.64,1707.64,1707.64,0,0
IPF_MV,D,20200514,000000,1546.01,1546.01,1440.6,1449.97,0,0
IPF_MV,D,20200515,000000,1464.03,1499.16,1464.03,1464.03,0,0
IPF_MV,D,20200518,000000,1475.74,1475.74,1307.08,1307.08,0,0
IPF_MV,D,20200519,000000,1412.49,1412.49,1194.65,1194.65,0,0
IPF_MV,D,20200520,000000,1194.65,1194.65,936.98,936.98,0,0
IPF_MV,D,20200521,000000,968.6,1168.88,968.6,1077.52,0,0
IPF_MV,D,20200522,000000,1124.37,1124.37,1007.25,1007.25,0,0
IPF_MV,D,20200525,000000,1030.68,1030.68,936.98,960.4,0,0
IPF_MV,D,20200526,000000,983.83,983.83,936.98,936.98,0,0
IPF_MV,D,20200527,000000,946.35,960.4,890.13,910.04,0,0
IPF_MV,D,20200528,000000,954.55,954.55,831.57,831.57,0,0
IPF_MV,D,20200529,000000,819.86,819.86,726.16,749.58,0,0
IPF_MV,D,20200601,000000,726.16,740.21,707.42,719.13,0,0
IPF_MV,D,20200602,000000,726.16,726.16,653.54,679.31,0,0
IPF_MV,D,20200603,000000,691.02,744.9,680.48,737.87,0,0
IPF_MV,D,20200604,000000,749.58,887.79,742.55,749.58,0,0
IPF_MV,D,20200605,000000,780.03,790.57,761.29,768.32,0,0
IPF_MV,D,20200608,000000,819.86,905.35,804.63,866.7,0,0
IPF_MV,D,20200609,000000,866.7,866.7,780.03,791.75,0,0
IPF_MV,D,20200610,000000,794.09,864.36,794.09,840.94,0,0
IPF_MV,D,20200612,000000,768.32,771.84,726.16,765.98,0,0
IPF_MV,D,20200615,000000,754.27,754.27,720.3,726.16,0,0
IPF_MV,D,20200616,000000,761.29,761.29,737.87,749.58,0,0
IPF_MV,D,20200617,000000,749.58,761.29,737.87,747.24,0,0
IPF_MV,D,20200618,000000,719.13,740.21,719.13,737.87,0,0
IPF_MV,D,20200619,000000,737.87,742.55,723.82,728.5,0,0
IPF_MV,D,20200622,000000,751.92,751.92,710.93,726.16,0,0
IPF_MV,D,20200623,000000,734.36,742.55,719.13,730.84,0,0
IPF_MV,D,20200624,000000,742.55,742.55,709.76,723.82,0,0
IPF_MV,D,20200625,000000,724.99,724.99,681.65,702.73,0,0
IPF_MV,D,20200626,000000,703.9,708.59,676.97,679.31,0,0
IPF_MV,D,20200629,000000,693.36,693.36,657.06,658.23,0,0
IPF_MV,D,20200630,000000,658.23,667.6,621.92,632.46,0,0
IPF_MV,D,20200701,000000,632.46,632.46,598.49,625.43,0,0
IPF_MV,D,20200702,000000,625.43,687.51,625.43,679.31,0,0
IPF_MV,D,20200703,000000,691.02,705.08,679.31,702.73,0,0
IPF_MV,D,20200706,000000,721.47,735.53,695.71,712.1,0,0
IPF_MV,D,20200707,000000,715.62,715.62,661.74,674.62,0,0
IPF_MV,D,20200708,000000,673.45,673.45,639.49,653.54,0,0
IPF_MV,D,20200709,000000,655.88,665.25,643,644.17,0,0
IPF_MV,D,20200710,000000,651.2,719.13,639.49,714.45,0,0
IPF_MV,D,20200713,000000,733.19,765.98,713.27,763.64,0,0
IPF_MV,D,20200714,000000,784.72,784.72,714.45,726.16,0,0
IPF_MV,D,20200715,000000,736.7,736.7,705.08,719.13,0,0
IPF_MV,D,20200716,000000,708.59,737.87,708.59,723.82,0,0
IPF_MV,D,20200717,000000,723.82,730.84,709.76,723.82,0,0
IPF_MV,D,20200720,000000,724.99,729.67,708.59,724.99,0,0
IPF_MV,D,20200721,000000,716.79,726.16,714.45,722.64,0,0
IPF_MV,D,20200722,000000,715.62,726.16,705.08,707.42,0,0
IPF_MV,D,20200723,000000,708.59,715.62,695.71,705.08,0,0
IPF_MV,D,20200724,000000,702.73,702.73,681.65,700.39,0,0
IPF_MV,D,20200727,000000,713.27,713.27,680.48,691.02,0,0
IPF_MV,D,20200728,000000,691.02,707.42,679.31,698.05,0,0
IPF_MV,D,20200729,000000,702.73,702.73,668.77,672.28,0,0
IPF_MV,D,20200730,000000,679.31,679.31,628.95,634.8,0,0
IPF_MV,D,20200731,000000,666.43,669.94,641.83,666.43,0,0
IPF_MV,D,20200803,000000,632.46,660.57,632.46,652.37,0,0
IPF_MV,D,20200804,000000,652.37,666.43,646.51,659.4,0,0
IPF_MV,D,20200805,000000,665.25,686.34,651.2,669.94,0,0
IPF_MV,D,20200806,000000,657.06,696.88,657.06,662.91,0,0
IPF_MV,D,20200807,000000,665.25,672.28,646.51,660.57,0,0
IPF_MV,D,20200810,000000,660.57,672.28,653.54,658.23,0,0
IPF_MV,D,20200811,000000,672.28,702.73,672.28,681.65,0,0
IPF_MV,D,20200812,000000,702.73,702.73,679.31,679.31,0,0
IPF_MV,D,20200813,000000,702.73,812.83,702.73,797.6,0,0
IPF_MV,D,20200814,000000,803.46,810.49,749.58,806.97,0,0
IPF_MV,D,20200817,000000,805.8,815.17,790.57,794.09,0,0
IPF_MV,D,20200818,000000,808.14,809.31,746.07,758.95,0,0
IPF_MV,D,20200819,000000,744.9,757.78,729.67,740.21,0,0
IPF_MV,D,20200820,000000,760.12,760.12,726.16,743.73,0,0
IPF_MV,D,20200821,000000,722.64,748.41,721.47,729.67,0,0
IPF_MV,D,20200824,000000,748.41,748.41,714.45,726.16,0,0
IPF_MV,D,20200825,000000,739.04,739.04,713.27,723.82,0,0
IPF_MV,D,20200826,000000,742.55,765.98,712.1,754.27,0,0
IPF_MV,D,20200827,000000,757.78,780.03,757.78,780.03,0,0
IPF_MV,D,20200828,000000,780.03,796.43,767.15,791.75,0,0
IPF_MV,D,20200831,000000,796.43,796.43,758.95,763.64,0,0
IPF_MV,D,20200901,000000,751.92,776.52,728.5,732.01,0,0
IPF_MV,D,20200902,000000,755.44,755.44,736.7,737.87,0,0
IPF_MV,D,20200903,000000,749.58,775.35,737.87,737.87,0,0
IPF_MV,D,20200904,000000,747.24,775.35,747.24,762.47,0,0
IPF_MV,D,20200907,000000,775.35,836.25,775.35,836.25,0,0
IPF_MV,D,20200908,000000,819.86,819.86,695.71,703.9,0,0
IPF_MV,D,20200909,000000,702.73,715.62,691.02,702.73,0,0
IPF_MV,D,20200910,000000,691.02,701.56,681.65,691.02,0,0
IPF_MV,D,20200911,000000,700.39,706.25,683.99,705.08,0,0
IPF_MV,D,20200914,000000,705.08,705.08,674.62,689.85,0,0
IPF_MV,D,20200915,000000,681.65,694.53,665.25,694.53,0,0
IPF_MV,D,20200916,000000,698.05,700.39,673.45,691.02,0,0
IPF_MV,D,20200917,000000,668.77,702.73,668.77,701.56,0,0
IPF_MV,D,20200918,000000,702.73,702.73,682.82,691.02,0,0
IPF_MV,D,20200921,000000,688.68,688.68,643,658.23,0,0
IPF_MV,D,20200922,000000,658.23,658.23,620.75,626.6,0,0
IPF_MV,D,20200923,000000,655.88,655.88,572.73,578.58,0,0
IPF_MV,D,20200924,000000,578.58,578.58,543.45,562.19,0,0
IPF_MV,D,20200925,000000,578.58,578.58,529.39,538.76,0,0
IPF_MV,D,20200928,000000,552.82,562.19,534.08,559.84,0,0
IPF_MV,D,20200929,000000,566.87,582.1,557.5,571.56,0,0
IPF_MV,D,20200930,000000,569.21,571.56,535.25,555.16,0,0
IPF_MV,D,20201001,000000,555.16,555.16,538.76,552.82,0,0
IPF_MV,D,20201002,000000,550.47,553.99,542.28,550.47,0,0
IPF_MV,D,20201005,000000,556.33,579.75,551.65,579.75,0,0
IPF_MV,D,20201006,000000,580.93,624.26,580.93,613.72,0,0
IPF_MV,D,20201007,000000,613.72,641.83,613.72,630.12,0,0
IPF_MV,D,20201008,000000,644.17,651.2,609.04,620.75,0,0
IPF_MV,D,20201009,000000,609.04,609.04,583.27,597.32,0,0
IPF_MV,D,20201012,000000,618.41,632.46,612.55,625.43,0,0
IPF_MV,D,20201013,000000,632.46,634.8,621.92,625.43,0,0
IPF_MV,D,20201014,000000,618.41,712.1,618.41,679.31,0,0
IPF_MV,D,20201015,000000,698.05,698.05,634.8,651.2,0,0
IPF_MV,D,20201016,000000,646.51,674.62,646.51,665.25,0,0
