<TICKER>,<PER>,<DATE>,<TIME>,<OPEN>,<HIGH>,<LOW>,<CLOSE>,<VOL>,<OPENINT>
JWW_PB,D,20140813,000000,4.51,5.41,4.51,5.41,0,0
JWW_PB,D,20140814,000000,6.48,7.77,6.24,7.77,0,0
JWW_PB,D,20140818,000000,8.95,8.95,7.13,7.13,0,0
JWW_PB,D,20140819,000000,7.73,7.73,6.58,7.63,0,0
JWW_PB,D,20140820,000000,7.38,7.38,7.15,7.26,0,0
JWW_PB,D,20140821,000000,7.23,7.63,7.23,7.38,0,0
JWW_PB,D,20140822,000000,7.3,8.63,7.28,7.52,0,0
JWW_PB,D,20140825,000000,8.01,8.01,7.38,7.75,0,0
JWW_PB,D,20140826,000000,7.75,7.75,7.75,7.75,0,0
JWW_PB,D,20140827,000000,7.45,8,7.32,8,0,0
JWW_PB,D,20140828,000000,7.97,7.97,7.38,7.65,0,0
JWW_PB,D,20140829,000000,7.65,7.65,7.26,7.62,0,0
JWW_PB,D,20140901,000000,7.38,7.38,6.38,6.38,0,0
JWW_PB,D,20140902,000000,6.51,6.51,6.51,6.51,0,0
JWW_PB,D,20140903,000000,6.76,6.77,6.76,6.77,0,0
JWW_PB,D,20140904,000000,6.82,8,6.82,8,0,0
JWW_PB,D,20140905,000000,8.13,8.26,7.76,8.26,0,0
JWW_PB,D,20140908,000000,8.01,8.13,7.85,8.13,0,0
JWW_PB,D,20140909,000000,7.76,9.31,7.76,8.89,0,0
JWW_PB,D,20140910,000000,9.36,11.14,9.36,11.14,0,0
JWW_PB,D,20140911,000000,11.14,11.14,8.91,9.76,0,0
JWW_PB,D,20140912,000000,9.89,9.89,7.95,8.89,0,0
JWW_PB,D,20140915,000000,8.51,8.51,7.51,7.73,0,0
JWW_PB,D,20140916,000000,7.76,8.89,7.76,8.89,0,0
JWW_PB,D,20140917,000000,8.89,8.89,8.89,8.89,0,0
JWW_PB,D,20140918,000000,8.51,8.51,7.51,7.52,0,0
JWW_PB,D,20140919,000000,7.53,7.57,7.53,7.57,0,0
JWW_PB,D,20140922,000000,7.57,7.63,7.51,7.51,0,0
JWW_PB,D,20140923,000000,7.75,7.75,7.75,7.75,0,0
JWW_PB,D,20140924,000000,7.76,8.7,7.76,8.7,0,0
JWW_PB,D,20140925,000000,8.63,8.63,8.51,8.51,0,0
JWW_PB,D,20140926,000000,8.38,8.38,8.38,8.38,0,0
JWW_PB,D,20140929,000000,8.38,8.38,8.38,8.38,0,0
JWW_PB,D,20140930,000000,8.36,8.36,7.88,7.88,0,0
JWW_PB,D,20141001,000000,8.38,8.38,7.9,7.9,0,0
JWW_PB,D,20141002,000000,8.13,9.64,8.13,9.64,0,0
JWW_PB,D,20141003,000000,9.76,9.76,9.76,9.76,0,0
JWW_PB,D,20141006,000000,9.57,9.57,9.57,9.57,0,0
JWW_PB,D,20141007,000000,9.51,9.51,9.01,9.01,0,0
JWW_PB,D,20141008,000000,9.01,9.01,9.01,9.01,0,0
JWW_PB,D,20141009,000000,9.01,9.01,8.07,8.07,0,0
JWW_PB,D,20141013,000000,7.88,8.13,7.77,8.13,0,0
JWW_PB,D,20141014,000000,8.26,8.51,8.26,8.51,0,0
JWW_PB,D,20141015,000000,8.51,8.63,8.51,8.63,0,0
JWW_PB,D,20141017,000000,8.63,8.63,8.63,8.63,0,0
JWW_PB,D,20141020,000000,8.7,8.7,8.7,8.7,0,0
JWW_PB,D,20141021,000000,8.38,8.38,7.7,8.32,0,0
JWW_PB,D,20141023,000000,7.63,7.63,7.63,7.63,0,0
JWW_PB,D,20141024,000000,7.51,7.81,7.4,7.81,0,0
JWW_PB,D,20141027,000000,7.38,7.38,7.33,7.33,0,0
JWW_PB,D,20141030,000000,7.38,7.76,7.38,7.76,0,0
JWW_PB,D,20141031,000000,7.76,8.13,7.76,8.13,0,0
JWW_PB,D,20141103,000000,8.38,8.51,8.38,8.51,0,0
JWW_PB,D,20141105,000000,8.75,8.78,8.57,8.57,0,0
JWW_PB,D,20141106,000000,8.89,8.89,8.89,8.89,0,0
JWW_PB,D,20141107,000000,9.01,10.81,8.13,9.14,0,0
JWW_PB,D,20141110,000000,9.14,10.76,9.14,10.01,0,0
JWW_PB,D,20141112,000000,10.64,13.14,10.64,13.14,0,0
JWW_PB,D,20141113,000000,13.7,16.44,13.68,16.23,0,0
JWW_PB,D,20141114,000000,16.26,17.82,16.26,16.26,0,0
JWW_PB,D,20141117,000000,16.52,17.52,14.7,14.7,0,0
JWW_PB,D,20141118,000000,14.39,16.39,14.39,15.14,0,0
JWW_PB,D,20141119,000000,15.27,15.99,15.08,15.08,0,0
JWW_PB,D,20141120,000000,15.64,15.88,15.14,15.14,0,0
JWW_PB,D,20141121,000000,15.14,15.14,15.08,15.08,0,0
JWW_PB,D,20141124,000000,15.52,16.21,15.14,15.14,0,0
JWW_PB,D,20141125,000000,15.52,15.71,15.02,15.02,0,0
JWW_PB,D,20141126,000000,15.52,15.64,15.46,15.46,0,0
JWW_PB,D,20141127,000000,15.64,15.64,15.46,15.46,0,0
JWW_PB,D,20141128,000000,15.52,15.52,15.02,15.33,0,0
JWW_PB,D,20141201,000000,15.39,15.52,15.34,15.34,0,0
JWW_PB,D,20141202,000000,15.46,15.47,15.14,15.14,0,0
JWW_PB,D,20141203,000000,15.08,15.08,14.64,14.64,0,0
JWW_PB,D,20141204,000000,14.39,15.27,14.39,15.02,0,0
JWW_PB,D,20141205,000000,15.14,15.14,15.14,15.14,0,0
JWW_PB,D,20141208,000000,15.27,15.46,15.2,15.46,0,0
JWW_PB,D,20141209,000000,15.46,15.46,15.46,15.46,0,0
JWW_PB,D,20141210,000000,15.43,15.89,15.43,15.46,0,0
JWW_PB,D,20141211,000000,15.46,15.64,15.27,15.52,0,0
JWW_PB,D,20141212,000000,15.52,15.52,15.02,15.52,0,0
JWW_PB,D,20141215,000000,15.52,15.52,15.52,15.52,0,0
JWW_PB,D,20141216,000000,15.52,15.52,8.86,8.86,0,0
JWW_PB,D,20141217,000000,8.3,9.5,8.3,8.3,0,0
JWW_PB,D,20141218,000000,8.3,8.3,7.38,7.38,0,0
JWW_PB,D,20141219,000000,7.19,7.19,6.92,6.92,0,0
JWW_PB,D,20141222,000000,6.92,6.92,6.92,6.92,0,0
JWW_PB,D,20141223,000000,6.93,7.93,6.87,6.87,0,0
JWW_PB,D,20141229,000000,6.64,7.19,6.55,6.73,0,0
JWW_PB,D,20141230,000000,6.45,7.75,6.45,6.78,0,0
JWW_PB,D,20150102,000000,6.8,6.8,6.73,6.73,0,0
JWW_PB,D,20150107,000000,7.1,7.15,6.55,6.55,0,0
JWW_PB,D,20150108,000000,6.92,6.92,6.92,6.92,0,0
JWW_PB,D,20150109,000000,6.96,6.96,6.96,6.96,0,0
JWW_PB,D,20150112,000000,7,7,7,7,0,0
JWW_PB,D,20150115,000000,6.64,6.82,6.64,6.82,0,0
JWW_PB,D,20150119,000000,6.64,6.81,6.64,6.81,0,0
JWW_PB,D,20150120,000000,6.92,7.1,6.55,6.55,0,0
JWW_PB,D,20150121,000000,6.45,6.45,6.45,6.45,0,0
JWW_PB,D,20150122,000000,6.45,7.38,6.45,7.38,0,0
JWW_PB,D,20150123,000000,8.11,9.68,8.11,9.68,0,0
JWW_PB,D,20150126,000000,9.22,9.22,9.22,9.22,0,0
JWW_PB,D,20150128,000000,9.82,9.82,8.85,8.85,0,0
JWW_PB,D,20150129,000000,9.22,9.22,9.22,9.22,0,0
JWW_PB,D,20150130,000000,9.68,9.68,9.68,9.68,0,0
JWW_PB,D,20150204,000000,9.22,9.96,9.22,9.91,0,0
JWW_PB,D,20150205,000000,9.9,9.9,9.9,9.9,0,0
JWW_PB,D,20150206,000000,9.9,9.9,9.9,9.9,0,0
JWW_PB,D,20150209,000000,9.91,9.91,9.91,9.91,0,0
JWW_PB,D,20150210,000000,9.68,9.68,9,9.31,0,0
JWW_PB,D,20150211,000000,8.85,8.9,8.23,8.85,0,0
JWW_PB,D,20150212,000000,8.3,8.67,7.98,7.98,0,0
JWW_PB,D,20150213,000000,8.3,8.39,6.73,7.98,0,0
JWW_PB,D,20150216,000000,7.65,7.65,6.27,6.27,0,0
JWW_PB,D,20150217,000000,6.82,8.16,6.27,6.36,0,0
JWW_PB,D,20150218,000000,6.37,6.82,6.37,6.82,0,0
JWW_PB,D,20150219,000000,6.41,7.1,6.41,7.1,0,0
JWW_PB,D,20150220,000000,7.19,8.85,7.19,8.85,0,0
JWW_PB,D,20150223,000000,9.22,10.14,8.38,8.38,0,0
JWW_PB,D,20150224,000000,9.47,9.47,8.22,8.89,0,0
JWW_PB,D,20150225,000000,9.05,9.05,8.3,8.79,0,0
JWW_PB,D,20150226,000000,9.01,9.01,8.72,8.79,0,0
JWW_PB,D,20150227,000000,8.64,8.64,8.3,8.64,0,0
JWW_PB,D,20150302,000000,8.3,8.79,8.3,8.79,0,0
JWW_PB,D,20150303,000000,8.79,8.79,7.46,8.79,0,0
JWW_PB,D,20150304,000000,8.8,9.22,8.38,9.22,0,0
JWW_PB,D,20150306,000000,9.22,9.56,9.22,9.22,0,0
JWW_PB,D,20150309,000000,9.05,9.05,9.05,9.05,0,0
JWW_PB,D,20150310,000000,9.22,9.39,9.22,9.39,0,0
JWW_PB,D,20150311,000000,9.39,9.39,8.13,8.89,0,0
JWW_PB,D,20150312,000000,8.38,8.38,8.38,8.38,0,0
JWW_PB,D,20150313,000000,8.38,8.38,6.71,6.71,0,0
JWW_PB,D,20150316,000000,7.8,9.05,7.8,9.05,0,0
JWW_PB,D,20150317,000000,9.05,9.56,9.05,9.56,0,0
JWW_PB,D,20150318,000000,8.38,8.38,6.71,6.71,0,0
JWW_PB,D,20150319,000000,6.76,7.88,6.71,7.88,0,0
JWW_PB,D,20150320,000000,7.79,7.79,7.79,7.79,0,0
JWW_PB,D,20150323,000000,7.79,7.79,7.2,7.2,0,0
JWW_PB,D,20150324,000000,7.38,8.22,5.25,5.25,0,0
JWW_PB,D,20150325,000000,6.3,6.88,6.3,6.88,0,0
JWW_PB,D,20150326,000000,6.87,6.87,6.36,6.5,0,0
JWW_PB,D,20150327,000000,6.5,6.5,5.33,5.94,0,0
JWW_PB,D,20150330,000000,5.94,5.96,5.94,5.96,0,0
JWW_PB,D,20150401,000000,5.97,5.97,5.96,5.97,0,0
JWW_PB,D,20150402,000000,6.05,6.13,6.05,6.13,0,0
JWW_PB,D,20150408,000000,6.13,6.13,6.13,6.13,0,0
JWW_PB,D,20150409,000000,6.05,6.97,5.82,6.97,0,0
JWW_PB,D,20150410,000000,6.14,6.97,6.14,6.97,0,0
JWW_PB,D,20150413,000000,6.72,6.89,6.48,6.89,0,0
JWW_PB,D,20150414,000000,6.55,6.55,6.3,6.3,0,0
JWW_PB,D,20150415,000000,6.3,7.56,6.13,7.56,0,0
JWW_PB,D,20150416,000000,7.73,9.24,7.73,8.91,0,0
JWW_PB,D,20150417,000000,8.91,9.66,8.91,8.91,0,0
JWW_PB,D,20150421,000000,8.91,8.91,8.91,8.91,0,0
JWW_PB,D,20150422,000000,8.74,8.74,8.74,8.74,0,0
JWW_PB,D,20150428,000000,8.57,8.57,8.47,8.47,0,0
JWW_PB,D,20150430,000000,8.4,8.4,8.31,8.31,0,0
JWW_PB,D,20150506,000000,8.32,8.32,8.32,8.32,0,0
JWW_PB,D,20150512,000000,8.32,8.32,8.32,8.32,0,0
JWW_PB,D,20150513,000000,8.32,8.32,8.32,8.32,0,0
JWW_PB,D,20150515,000000,8.24,8.24,8.24,8.24,0,0
JWW_PB,D,20150518,000000,8.15,8.15,7.91,7.94,0,0
JWW_PB,D,20150519,000000,7.94,8.07,7.66,8.07,0,0
JWW_PB,D,20150520,000000,7.66,7.66,7.66,7.66,0,0
JWW_PB,D,20150521,000000,7.66,7.66,7.66,7.66,0,0
JWW_PB,D,20150525,000000,7.69,7.69,7.69,7.69,0,0
JWW_PB,D,20150526,000000,7.69,7.69,7.69,7.69,0,0
JWW_PB,D,20150527,000000,7.65,7.69,7.65,7.69,0,0
JWW_PB,D,20150528,000000,7.69,7.69,7.69,7.69,0,0
JWW_PB,D,20150605,000000,9.32,9.32,9.32,9.32,0,0
JWW_PB,D,20150611,000000,9.32,9.32,9.32,9.32,0,0
JWW_PB,D,20150615,000000,9.32,9.32,9.32,9.32,0,0
JWW_PB,D,20150616,000000,9.32,9.32,9.32,9.32,0,0
JWW_PB,D,20150617,000000,9.32,9.32,8.75,9.12,0,0
JWW_PB,D,20150618,000000,9.12,9.12,9.12,9.12,0,0
JWW_PB,D,20150619,000000,9.17,9.17,9.12,9.12,0,0
JWW_PB,D,20150622,000000,9.01,9.01,8.51,8.51,0,0
JWW_PB,D,20150623,000000,8.51,8.51,8.51,8.51,0,0
JWW_PB,D,20150624,000000,8.43,8.43,8.43,8.43,0,0
JWW_PB,D,20150630,000000,8.6,8.78,8.6,8.78,0,0
JWW_PB,D,20150701,000000,8.71,8.71,8.27,8.31,0,0
JWW_PB,D,20150703,000000,8.2,8.2,7.98,7.98,0,0
JWW_PB,D,20150706,000000,8.1,8.2,8.1,8.2,0,0
JWW_PB,D,20150707,000000,8.2,8.2,8.2,8.2,0,0
JWW_PB,D,20150709,000000,7.95,7.95,7.95,7.95,0,0
JWW_PB,D,20150710,000000,7.9,7.9,7.88,7.88,0,0
JWW_PB,D,20150713,000000,7.65,7.65,7.65,7.65,0,0
JWW_PB,D,20150714,000000,7.85,7.86,7.57,7.57,0,0
JWW_PB,D,20150716,000000,7.58,7.58,7.58,7.58,0,0
JWW_PB,D,20150720,000000,7.6,7.6,7.6,7.6,0,0
JWW_PB,D,20150721,000000,7.6,7.6,7.6,7.6,0,0
JWW_PB,D,20150722,000000,7.6,7.6,7.6,7.6,0,0
JWW_PB,D,20150723,000000,7.6,7.6,7.6,7.6,0,0
JWW_PB,D,20150727,000000,7.6,7.6,7.6,7.6,0,0
JWW_PB,D,20150729,000000,7.7,9.12,7.7,9.12,0,0
JWW_PB,D,20150730,000000,8.61,8.61,8.61,8.61,0,0
JWW_PB,D,20150731,000000,8.7,8.7,8.7,8.7,0,0
JWW_PB,D,20150803,000000,8.66,8.66,8.66,8.66,0,0
JWW_PB,D,20150804,000000,8.71,8.71,8.71,8.71,0,0
JWW_PB,D,20150811,000000,8.89,8.89,8.89,8.89,0,0
JWW_PB,D,20150824,000000,8.61,8.61,7.19,7.19,0,0
JWW_PB,D,20150828,000000,7.4,7.4,7.4,7.4,0,0
JWW_PB,D,20150907,000000,7.11,7.11,6.99,6.99,0,0
JWW_PB,D,20150928,000000,6.94,6.94,6.52,6.52,0,0
JWW_PB,D,20151001,000000,6.43,6.43,6.21,6.21,0,0
JWW_PB,D,20151016,000000,6.21,6.21,6.21,6.21,0,0
JWW_PB,D,20151106,000000,6.24,6.24,6.24,6.24,0,0
JWW_PB,D,20151110,000000,6.26,6.35,6.26,6.35,0,0
JWW_PB,D,20151117,000000,6.3,6.35,6.3,6.35,0,0
JWW_PB,D,20151216,000000,5.73,5.73,5.73,5.73,0,0
JWW_PB,D,20151217,000000,5.73,5.73,5.73,5.73,0,0
JWW_PB,D,20151218,000000,5.73,5.73,5.73,5.73,0,0
JWW_PB,D,20151221,000000,5.73,5.73,5.73,5.73,0,0
JWW_PB,D,20151222,000000,5.73,5.73,5.73,5.73,0,0
JWW_PB,D,20151223,000000,5.73,5.73,5.73,5.73,0,0
JWW_PB,D,20151228,000000,5.73,5.73,5.73,5.73,0,0
JWW_PB,D,20151229,000000,5.73,5.73,5.73,5.73,0,0
JWW_PB,D,20151230,000000,5.73,5.73,5.73,5.73,0,0
JWW_PB,D,20160104,000000,5.73,5.73,5.73,5.73,0,0
JWW_PB,D,20160105,000000,5.73,5.73,5.73,5.73,0,0
JWW_PB,D,20160107,000000,5.73,5.73,5.73,5.73,0,0
JWW_PB,D,20160118,000000,5.58,5.58,5.42,5.42,0,0
JWW_PB,D,20160122,000000,5.35,5.35,5.23,5.23,0,0
JWW_PB,D,20160125,000000,5.04,5.04,4.8,4.8,0,0
JWW_PB,D,20160127,000000,4.65,4.65,4.65,4.65,0,0
JWW_PB,D,20160128,000000,4.65,4.65,4.65,4.65,0,0
JWW_PB,D,20160129,000000,4.65,4.65,4.65,4.65,0,0
JWW_PB,D,20160201,000000,4.57,4.57,4.03,4.03,0,0
JWW_PB,D,20160202,000000,3.99,4.34,3.99,4.34,0,0
JWW_PB,D,20160203,000000,4.34,4.34,4.34,4.34,0,0
JWW_PB,D,20160204,000000,4.34,4.35,4.34,4.35,0,0
JWW_PB,D,20160205,000000,4.34,4.35,4.34,4.35,0,0
JWW_PB,D,20160208,000000,4.34,4.41,4.34,4.41,0,0
JWW_PB,D,20160209,000000,4.42,4.42,4.42,4.42,0,0
JWW_PB,D,20160212,000000,4.42,4.42,4.42,4.42,0,0
JWW_PB,D,20160215,000000,4.49,4.49,4.49,4.49,0,0
JWW_PB,D,20160216,000000,4.49,4.49,4.49,4.49,0,0
JWW_PB,D,20160217,000000,4.49,4.49,4.49,4.49,0,0
JWW_PB,D,20160219,000000,4.49,4.49,4.49,4.49,0,0
JWW_PB,D,20160224,000000,3.32,3.32,3.32,3.32,0,0
JWW_PB,D,20160225,000000,3.32,3.41,3.32,3.41,0,0
JWW_PB,D,20160226,000000,3.41,3.41,3.41,3.41,0,0
JWW_PB,D,20160229,000000,3.41,3.41,3.41,3.41,0,0
JWW_PB,D,20160301,000000,3.41,3.41,3.32,3.41,0,0
JWW_PB,D,20160302,000000,3.41,3.44,3.29,3.44,0,0
JWW_PB,D,20160303,000000,3.32,3.32,3.28,3.28,0,0
JWW_PB,D,20160304,000000,3.29,3.29,2.69,3.27,0,0
JWW_PB,D,20160307,000000,3.24,3.24,3.16,3.24,0,0
JWW_PB,D,20160308,000000,3.27,3.27,3.27,3.27,0,0
JWW_PB,D,20160309,000000,3.27,3.29,3.27,3.27,0,0
JWW_PB,D,20160310,000000,3.27,3.29,3.27,3.29,0,0
JWW_PB,D,20160311,000000,3.27,3.27,3.25,3.25,0,0
JWW_PB,D,20160314,000000,3.25,3.25,3.25,3.25,0,0
JWW_PB,D,20160315,000000,3.04,3.11,3.04,3.11,0,0
JWW_PB,D,20160316,000000,3.11,3.15,3.11,3.15,0,0
JWW_PB,D,20160317,000000,3.11,3.11,3.05,3.05,0,0
JWW_PB,D,20160318,000000,3.05,3.05,3.05,3.05,0,0
JWW_PB,D,20160321,000000,3.05,3.05,3.05,3.05,0,0
JWW_PB,D,20160322,000000,3.06,3.06,3.06,3.06,0,0
JWW_PB,D,20160323,000000,3.07,3.07,3.07,3.07,0,0
JWW_PB,D,20160324,000000,3.07,3.38,3.07,3.38,0,0
JWW_PB,D,20160329,000000,3.38,3.38,3.29,3.29,0,0
JWW_PB,D,20160330,000000,3.29,3.29,3.24,3.24,0,0
JWW_PB,D,20160331,000000,3.21,3.84,3.05,3.84,0,0
JWW_PB,D,20160401,000000,3.55,4.01,3.1,4.01,0,0
JWW_PB,D,20160404,000000,3.72,3.72,3.55,3.55,0,0
JWW_PB,D,20160405,000000,3.61,3.61,3.61,3.61,0,0
JWW_PB,D,20160406,000000,3.61,3.61,3.27,3.27,0,0
JWW_PB,D,20160407,000000,3.27,3.55,3.27,3.52,0,0
JWW_PB,D,20160408,000000,3.47,3.67,3.47,3.67,0,0
JWW_PB,D,20160411,000000,3.67,3.72,3.67,3.72,0,0
JWW_PB,D,20160412,000000,3.72,4.01,3.72,4.01,0,0
JWW_PB,D,20160413,000000,4.07,4.07,4.07,4.07,0,0
JWW_PB,D,20160414,000000,4.07,4.07,4.07,4.07,0,0
JWW_PB,D,20160418,000000,4.07,4.4,4.07,4.36,0,0
JWW_PB,D,20160419,000000,4.36,4.58,4.36,4.58,0,0
JWW_PB,D,20160420,000000,4.64,4.64,4.64,4.64,0,0
JWW_PB,D,20160421,000000,4.64,4.67,4.37,4.37,0,0
JWW_PB,D,20160422,000000,4.41,4.44,4.41,4.44,0,0
JWW_PB,D,20160425,000000,4.44,4.44,4.44,4.44,0,0
JWW_PB,D,20160426,000000,4.44,4.44,4.44,4.44,0,0
JWW_PB,D,20160429,000000,4.41,4.41,4.41,4.41,0,0
JWW_PB,D,20160502,000000,4.41,4.47,4.41,4.47,0,0
JWW_PB,D,20160504,000000,4.47,4.47,4.47,4.47,0,0
JWW_PB,D,20160505,000000,4.47,4.47,4.47,4.47,0,0
JWW_PB,D,20160509,000000,4.48,4.48,4.48,4.48,0,0
JWW_PB,D,20160511,000000,4.53,4.53,4.52,4.52,0,0
JWW_PB,D,20160512,000000,4.52,4.52,4.52,4.52,0,0
JWW_PB,D,20160513,000000,4.41,4.52,4.35,4.35,0,0
JWW_PB,D,20160516,000000,4.41,4.41,4.41,4.41,0,0
JWW_PB,D,20160520,000000,4.35,4.35,4.35,4.35,0,0
JWW_PB,D,20160523,000000,4.18,4.35,3.67,3.9,0,0
JWW_PB,D,20160525,000000,3.95,3.95,3.95,3.95,0,0
JWW_PB,D,20160527,000000,3.81,3.94,3.81,3.94,0,0
JWW_PB,D,20160531,000000,3.76,3.82,3.76,3.82,0,0
JWW_PB,D,20160609,000000,3.76,3.76,3.65,3.65,0,0
JWW_PB,D,20160610,000000,3.65,3.65,3.65,3.65,0,0
JWW_PB,D,20160613,000000,3.7,3.7,3.7,3.7,0,0
JWW_PB,D,20160614,000000,3.7,3.7,3.7,3.7,0,0
JWW_PB,D,20160616,000000,3.7,3.7,3.7,3.7,0,0
JWW_PB,D,20160617,000000,3.7,3.7,3.7,3.7,0,0
JWW_PB,D,20160621,000000,3.7,3.7,3.7,3.7,0,0
JWW_PB,D,20160623,000000,3.68,3.7,3.68,3.7,0,0
JWW_PB,D,20160624,000000,3.7,3.7,3.67,3.7,0,0
JWW_PB,D,20160627,000000,3.7,3.7,3.7,3.7,0,0
JWW_PB,D,20160630,000000,3.76,3.79,3.76,3.79,0,0
JWW_PB,D,20160704,000000,3.76,3.76,3.53,3.53,0,0
JWW_PB,D,20160705,000000,3.54,3.56,3.54,3.56,0,0
JWW_PB,D,20160712,000000,3.45,3.6,3.45,3.6,0,0
JWW_PB,D,20160714,000000,3.54,3.56,3.54,3.56,0,0
JWW_PB,D,20160718,000000,3.45,3.84,3.45,3.7,0,0
JWW_PB,D,20160719,000000,3.68,4.25,3.68,4.25,0,0
JWW_PB,D,20160720,000000,3.7,4.24,3.4,4.24,0,0
JWW_PB,D,20160721,000000,4.24,4.24,4.24,4.24,0,0
JWW_PB,D,20160722,000000,4.17,4.17,3.93,3.93,0,0
JWW_PB,D,20160725,000000,4.04,4.04,3.78,3.78,0,0
JWW_PB,D,20160726,000000,3.79,3.79,3.79,3.79,0,0
JWW_PB,D,20160727,000000,3.84,3.9,3.84,3.9,0,0
JWW_PB,D,20160729,000000,3.93,3.93,3.93,3.93,0,0
JWW_PB,D,20160803,000000,3.92,3.92,3.73,3.73,0,0
JWW_PB,D,20160805,000000,3.76,3.87,3.76,3.87,0,0
JWW_PB,D,20160808,000000,3.84,3.86,3.57,3.57,0,0
JWW_PB,D,20160810,000000,3.56,3.56,3.56,3.56,0,0
JWW_PB,D,20160816,000000,3.59,4.24,3.59,3.84,0,0
JWW_PB,D,20160817,000000,3.84,3.86,3.84,3.86,0,0
JWW_PB,D,20160818,000000,3.87,3.87,3.87,3.87,0,0
JWW_PB,D,20160819,000000,3.87,3.87,3.67,3.67,0,0
JWW_PB,D,20160822,000000,3.75,3.87,3.75,3.87,0,0
JWW_PB,D,20160823,000000,3.56,3.63,3.56,3.63,0,0
JWW_PB,D,20160825,000000,3.63,3.63,3.63,3.63,0,0
JWW_PB,D,20160826,000000,3.7,3.84,3.62,3.62,0,0
JWW_PB,D,20160829,000000,3.81,3.81,3.81,3.81,0,0
JWW_PB,D,20160831,000000,3.81,3.81,3.81,3.81,0,0
JWW_PB,D,20160902,000000,3.84,3.85,3.84,3.85,0,0
JWW_PB,D,20160909,000000,3.62,3.79,3.62,3.79,0,0
JWW_PB,D,20160913,000000,3.79,3.79,3.5,3.5,0,0
JWW_PB,D,20160922,000000,3.5,3.5,3.5,3.5,0,0
JWW_PB,D,20160926,000000,3.45,3.45,3.45,3.45,0,0
JWW_PB,D,20160930,000000,3.33,3.98,3.33,3.98,0,0
JWW_PB,D,20161003,000000,3.67,3.7,3.53,3.59,0,0
JWW_PB,D,20161004,000000,3.64,3.64,3.64,3.64,0,0
JWW_PB,D,20161005,000000,3.64,3.64,3.53,3.53,0,0
JWW_PB,D,20161006,000000,3.53,3.53,3.53,3.53,0,0
JWW_PB,D,20161007,000000,3.45,3.45,3.4,3.41,0,0
JWW_PB,D,20161011,000000,3.28,3.28,3.25,3.25,0,0
JWW_PB,D,20161013,000000,3.28,3.28,3.18,3.18,0,0
JWW_PB,D,20161017,000000,3.06,3.06,2.99,3.05,0,0
JWW_PB,D,20161018,000000,2.99,3.03,2.99,3,0,0
JWW_PB,D,20161019,000000,2.91,2.93,2.91,2.93,0,0
JWW_PB,D,20161020,000000,2.82,2.88,2.82,2.88,0,0
JWW_PB,D,20161021,000000,2.77,2.77,2.76,2.76,0,0
JWW_PB,D,20161025,000000,2.76,2.94,2.76,2.94,0,0
JWW_PB,D,20161027,000000,2.94,3.33,2.94,3.33,0,0
JWW_PB,D,20161028,000000,3.28,3.28,3.28,3.28,0,0
JWW_PB,D,20161102,000000,3.11,3.11,3.11,3.11,0,0
JWW_PB,D,20161107,000000,2.99,2.99,2.9,2.92,0,0
JWW_PB,D,20161108,000000,2.82,2.88,2.82,2.88,0,0
JWW_PB,D,20161109,000000,2.82,2.99,2.77,2.77,0,0
JWW_PB,D,20161110,000000,2.77,2.77,2.77,2.77,0,0
JWW_PB,D,20161114,000000,2.77,2.77,2.68,2.68,0,0
JWW_PB,D,20161115,000000,2.66,2.66,2.64,2.64,0,0
JWW_PB,D,20161117,000000,2.54,2.54,2.54,2.54,0,0
JWW_PB,D,20161118,000000,2.54,2.54,2.53,2.54,0,0
JWW_PB,D,20161121,000000,2.49,2.53,2.49,2.53,0,0
JWW_PB,D,20161125,000000,2.67,2.67,2.67,2.67,0,0
JWW_PB,D,20161130,000000,2.57,2.64,2.57,2.64,0,0
JWW_PB,D,20161201,000000,2.54,2.68,2.51,2.68,0,0
JWW_PB,D,20161205,000000,2.51,2.55,2.51,2.55,0,0
JWW_PB,D,20161207,000000,2.54,2.68,2.54,2.68,0,0
JWW_PB,D,20161208,000000,2.68,2.77,2.68,2.77,0,0
JWW_PB,D,20161209,000000,2.8,2.92,2.8,2.86,0,0
JWW_PB,D,20161212,000000,2.87,2.93,2.87,2.93,0,0
JWW_PB,D,20161213,000000,2.93,3.11,2.93,3.11,0,0
JWW_PB,D,20161214,000000,3.12,3.27,3.12,3.27,0,0
JWW_PB,D,20161215,000000,3.27,3.51,3.27,3.51,0,0
JWW_PB,D,20161216,000000,3.5,3.85,3.28,3.78,0,0
JWW_PB,D,20161219,000000,3.75,4.18,3.58,4.1,0,0
JWW_PB,D,20161220,000000,4.1,4.32,4.1,4.32,0,0
JWW_PB,D,20161221,000000,4.32,4.77,4,4.41,0,0
JWW_PB,D,20161222,000000,4.41,4.49,4.17,4.26,0,0
JWW_PB,D,20161223,000000,4.26,4.47,4.18,4.47,0,0
JWW_PB,D,20161227,000000,4.47,4.77,4.47,4.77,0,0
JWW_PB,D,20161228,000000,4.56,4.56,4.47,4.56,0,0
JWW_PB,D,20161229,000000,4.59,4.65,4.5,4.56,0,0
JWW_PB,D,20161230,000000,4.59,4.65,4.53,4.65,0,0
JWW_PB,D,20170102,000000,4.41,4.59,4,4.59,0,0
JWW_PB,D,20170103,000000,4.59,4.59,4.47,4.47,0,0
JWW_PB,D,20170104,000000,4.47,4.47,4.3,4.47,0,0
JWW_PB,D,20170105,000000,4.47,4.47,4.47,4.47,0,0
JWW_PB,D,20170109,000000,4.41,4.41,4.41,4.41,0,0
JWW_PB,D,20170110,000000,4.41,4.41,4.18,4.18,0,0
JWW_PB,D,20170116,000000,4.41,4.46,4.41,4.46,0,0
JWW_PB,D,20170117,000000,4.45,4.46,4.45,4.46,0,0
JWW_PB,D,20170118,000000,4.46,4.46,4.27,4.41,0,0
JWW_PB,D,20170119,000000,4.38,4.38,4.18,4.18,0,0
JWW_PB,D,20170120,000000,4.06,4.06,3.97,3.97,0,0
JWW_PB,D,20170123,000000,3.96,3.97,3.96,3.97,0,0
JWW_PB,D,20170124,000000,3.97,3.97,3.97,3.97,0,0
JWW_PB,D,20170125,000000,4,4.01,4,4.01,0,0
JWW_PB,D,20170126,000000,3.99,3.99,3.7,3.7,0,0
JWW_PB,D,20170127,000000,3.81,3.87,3.81,3.81,0,0
JWW_PB,D,20170130,000000,3.7,3.7,3.69,3.69,0,0
JWW_PB,D,20170131,000000,3.69,3.69,3.69,3.69,0,0
JWW_PB,D,20170201,000000,3.67,3.67,3.67,3.67,0,0
JWW_PB,D,20170202,000000,3.66,3.66,3.66,3.66,0,0
JWW_PB,D,20170203,000000,3.49,3.65,3.34,3.6,0,0
JWW_PB,D,20170206,000000,3.58,3.58,3.58,3.58,0,0
JWW_PB,D,20170207,000000,3.58,3.58,3.28,3.28,0,0
JWW_PB,D,20170208,000000,3.4,3.51,3.4,3.49,0,0
JWW_PB,D,20170209,000000,3.52,3.64,3.28,3.49,0,0
JWW_PB,D,20170210,000000,3.49,3.49,3.48,3.49,0,0
JWW_PB,D,20170213,000000,3.28,3.45,2.98,3.36,0,0
JWW_PB,D,20170214,000000,2.98,3.45,2.98,3.45,0,0
JWW_PB,D,20170215,000000,3.16,3.21,3.13,3.13,0,0
JWW_PB,D,20170216,000000,2.98,3.16,2.77,3.16,0,0
JWW_PB,D,20170217,000000,2.74,3.1,2.74,3.1,0,0
JWW_PB,D,20170220,000000,3.07,3.64,3.07,3.64,0,0
JWW_PB,D,20170221,000000,3.54,3.54,3.49,3.49,0,0
JWW_PB,D,20170222,000000,3.22,3.45,3.22,3.45,0,0
JWW_PB,D,20170223,000000,3.51,3.63,3.13,3.45,0,0
JWW_PB,D,20170224,000000,3.41,3.45,3.41,3.45,0,0
JWW_PB,D,20170227,000000,3.16,3.16,3.15,3.15,0,0
JWW_PB,D,20170228,000000,3.15,3.24,3.15,3.24,0,0
JWW_PB,D,20170301,000000,3.19,3.19,3.03,3.16,0,0
JWW_PB,D,20170302,000000,3.11,3.11,2.53,2.92,0,0
JWW_PB,D,20170303,000000,2.92,2.97,2.74,2.97,0,0
JWW_PB,D,20170306,000000,2.97,2.97,2.97,2.97,0,0
JWW_PB,D,20170307,000000,2.86,2.89,2.74,2.83,0,0
JWW_PB,D,20170308,000000,2.53,2.83,2.53,2.83,0,0
JWW_PB,D,20170309,000000,2.83,2.83,2.74,2.74,0,0
JWW_PB,D,20170310,000000,2.74,2.85,2.68,2.85,0,0
JWW_PB,D,20170313,000000,2.83,2.83,2.56,2.73,0,0
JWW_PB,D,20170314,000000,2.73,2.73,2.6,2.6,0,0
JWW_PB,D,20170315,000000,2.61,2.72,2.61,2.71,0,0
JWW_PB,D,20170316,000000,2.73,2.75,2.73,2.75,0,0
JWW_PB,D,20170317,000000,2.74,2.79,2.68,2.72,0,0
JWW_PB,D,20170320,000000,2.77,2.79,2.62,2.71,0,0
JWW_PB,D,20170321,000000,2.71,2.71,2.56,2.62,0,0
JWW_PB,D,20170322,000000,2.73,2.97,2.68,2.76,0,0
JWW_PB,D,20170323,000000,2.79,2.79,2.53,2.56,0,0
JWW_PB,D,20170324,000000,2.56,2.56,2.38,2.5,0,0
JWW_PB,D,20170327,000000,2.55,2.55,2.44,2.44,0,0
JWW_PB,D,20170328,000000,2.44,2.44,2.26,2.29,0,0
JWW_PB,D,20170329,000000,2.31,2.31,2.17,2.27,0,0
JWW_PB,D,20170330,000000,2.27,2.29,2.27,2.29,0,0
JWW_PB,D,20170331,000000,2.29,2.3,2.29,2.3,0,0
JWW_PB,D,20170403,000000,2.29,2.29,2.08,2.14,0,0
JWW_PB,D,20170404,000000,2.13,2.13,1.96,2.02,0,0
JWW_PB,D,20170405,000000,2.02,2.05,1.93,1.93,0,0
JWW_PB,D,20170406,000000,1.93,2.02,1.93,1.99,0,0
JWW_PB,D,20170407,000000,1.99,2.01,1.99,2.01,0,0
JWW_PB,D,20170410,000000,2,2,1.99,1.99,0,0
JWW_PB,D,20170411,000000,1.99,1.99,1.9,1.9,0,0
JWW_PB,D,20170412,000000,1.93,1.93,1.9,1.9,0,0
JWW_PB,D,20170413,000000,1.9,1.93,1.9,1.93,0,0
JWW_PB,D,20170418,000000,1.93,1.93,1.9,1.91,0,0
JWW_PB,D,20170419,000000,1.87,1.88,1.8,1.88,0,0
JWW_PB,D,20170420,000000,1.9,1.91,1.9,1.91,0,0
JWW_PB,D,20170421,000000,1.84,1.91,1.84,1.91,0,0
JWW_PB,D,20170424,000000,1.91,1.91,1.85,1.88,0,0
JWW_PB,D,20170425,000000,1.88,1.88,1.88,1.88,0,0
JWW_PB,D,20170426,000000,1.88,1.9,1.88,1.9,0,0
JWW_PB,D,20170427,000000,1.9,1.9,1.9,1.9,0,0
JWW_PB,D,20170428,000000,1.9,1.9,1.9,1.9,0,0
JWW_PB,D,20170502,000000,1.9,1.9,1.9,1.9,0,0
JWW_PB,D,20170504,000000,1.9,1.9,1.9,1.9,0,0
JWW_PB,D,20170505,000000,1.9,1.9,1.9,1.9,0,0
JWW_PB,D,20170508,000000,1.91,1.91,1.9,1.9,0,0
JWW_PB,D,20170509,000000,1.9,1.9,1.77,1.77,0,0
JWW_PB,D,20170510,000000,1.77,1.78,1.77,1.77,0,0
JWW_PB,D,20170511,000000,1.77,1.77,1.77,1.77,0,0
JWW_PB,D,20170512,000000,1.72,1.78,1.72,1.78,0,0
JWW_PB,D,20170515,000000,1.78,1.78,1.72,1.78,0,0
JWW_PB,D,20170516,000000,1.78,1.78,1.78,1.78,0,0
JWW_PB,D,20170517,000000,1.78,1.78,1.78,1.78,0,0
JWW_PB,D,20170518,000000,1.72,1.78,1.72,1.78,0,0
JWW_PB,D,20170522,000000,1.78,1.78,1.78,1.78,0,0
JWW_PB,D,20170523,000000,1.78,1.78,1.78,1.78,0,0
JWW_PB,D,20170524,000000,1.78,1.78,1.69,1.75,0,0
JWW_PB,D,20170525,000000,1.75,1.75,1.72,1.72,0,0
JWW_PB,D,20170526,000000,1.69,1.73,1.69,1.73,0,0
JWW_PB,D,20170529,000000,1.72,1.72,1.64,1.71,0,0
JWW_PB,D,20170530,000000,1.64,1.64,1.64,1.64,0,0
JWW_PB,D,20170531,000000,1.67,1.67,1.67,1.67,0,0
JWW_PB,D,20170601,000000,1.66,1.66,1.56,1.56,0,0
JWW_PB,D,20170602,000000,1.61,1.69,1.61,1.69,0,0
JWW_PB,D,20170605,000000,1.71,1.71,1.69,1.69,0,0
JWW_PB,D,20170606,000000,1.69,1.69,1.69,1.69,0,0
JWW_PB,D,20170607,000000,1.69,1.69,1.66,1.66,0,0
JWW_PB,D,20170608,000000,1.69,1.69,1.69,1.69,0,0
JWW_PB,D,20170609,000000,1.66,1.69,1.66,1.69,0,0
JWW_PB,D,20170612,000000,1.69,1.69,1.66,1.69,0,0
JWW_PB,D,20170613,000000,1.68,1.68,1.68,1.68,0,0
JWW_PB,D,20170616,000000,1.66,1.66,1.66,1.66,0,0
JWW_PB,D,20170619,000000,1.66,1.69,1.66,1.69,0,0
JWW_PB,D,20170620,000000,1.69,1.71,1.69,1.69,0,0
JWW_PB,D,20170621,000000,1.66,1.69,1.66,1.69,0,0
JWW_PB,D,20170622,000000,1.58,1.63,1.56,1.56,0,0
JWW_PB,D,20170623,000000,1.54,1.56,1.5,1.53,0,0
JWW_PB,D,20170626,000000,1.54,1.54,1.53,1.53,0,0
JWW_PB,D,20170627,000000,1.53,1.53,1.49,1.49,0,0
JWW_PB,D,20170628,000000,1.41,1.48,1.41,1.43,0,0
JWW_PB,D,20170629,000000,1.43,1.43,1.43,1.43,0,0
JWW_PB,D,20170630,000000,1.44,1.44,1.43,1.43,0,0
JWW_PB,D,20170703,000000,1.38,1.38,1.37,1.38,0,0
JWW_PB,D,20170704,000000,1.39,1.39,1.38,1.39,0,0
JWW_PB,D,20170705,000000,1.39,1.39,1.39,1.39,0,0
JWW_PB,D,20170706,000000,1.39,1.39,1.37,1.39,0,0
JWW_PB,D,20170707,000000,1.39,1.39,1.39,1.39,0,0
JWW_PB,D,20170710,000000,1.38,1.38,1.38,1.38,0,0
JWW_PB,D,20170711,000000,1.38,1.38,1.34,1.36,0,0
JWW_PB,D,20170712,000000,1.36,1.36,1.31,1.31,0,0
JWW_PB,D,20170713,000000,1.26,1.28,1.25,1.25,0,0
JWW_PB,D,20170714,000000,1.25,1.28,1.25,1.28,0,0
JWW_PB,D,20170717,000000,1.31,1.31,1.31,1.31,0,0
JWW_PB,D,20170718,000000,1.31,1.31,1.28,1.28,0,0
JWW_PB,D,20170719,000000,1.26,1.26,1.26,1.26,0,0
JWW_PB,D,20170720,000000,1.26,1.26,1.26,1.26,0,0
JWW_PB,D,20170721,000000,1.26,1.28,1.26,1.28,0,0
JWW_PB,D,20170724,000000,1.28,1.28,1.28,1.28,0,0
JWW_PB,D,20170725,000000,1.29,1.29,1.26,1.26,0,0
JWW_PB,D,20170726,000000,1.26,1.28,1.26,1.28,0,0
JWW_PB,D,20170727,000000,1.26,1.29,1.26,1.29,0,0
JWW_PB,D,20170728,000000,1.29,1.31,1.26,1.31,0,0
JWW_PB,D,20170731,000000,1.31,1.31,1.31,1.31,0,0
JWW_PB,D,20170801,000000,1.31,1.31,1.31,1.31,0,0
JWW_PB,D,20170802,000000,1.29,1.44,1.29,1.44,0,0
JWW_PB,D,20170803,000000,1.32,1.32,1.32,1.32,0,0
JWW_PB,D,20170804,000000,1.32,1.45,1.29,1.39,0,0
JWW_PB,D,20170807,000000,1.47,1.63,1.43,1.63,0,0
JWW_PB,D,20170808,000000,1.74,1.91,1.66,1.69,0,0
JWW_PB,D,20170809,000000,1.64,1.64,1.5,1.5,0,0
JWW_PB,D,20170810,000000,1.53,1.8,1.53,1.8,0,0
JWW_PB,D,20170811,000000,1.83,2.19,1.72,2.19,0,0
JWW_PB,D,20170814,000000,2.31,2.44,1.78,1.95,0,0
JWW_PB,D,20170816,000000,1.98,2.06,1.81,1.94,0,0
JWW_PB,D,20170817,000000,1.81,1.87,1.63,1.7,0,0
JWW_PB,D,20170818,000000,1.69,1.76,1.67,1.69,0,0
JWW_PB,D,20170821,000000,1.69,1.75,1.69,1.73,0,0
JWW_PB,D,20170822,000000,1.74,1.74,1.69,1.72,0,0
JWW_PB,D,20170823,000000,1.73,1.73,1.66,1.66,0,0
JWW_PB,D,20170824,000000,1.68,1.68,1.57,1.63,0,0
JWW_PB,D,20170825,000000,1.63,1.64,1.57,1.64,0,0
JWW_PB,D,20170829,000000,1.63,1.64,1.63,1.64,0,0
JWW_PB,D,20170830,000000,1.64,1.64,1.64,1.64,0,0
JWW_PB,D,20170831,000000,1.63,1.74,1.63,1.74,0,0
JWW_PB,D,20170901,000000,1.63,1.69,1.63,1.69,0,0
JWW_PB,D,20170904,000000,1.61,1.66,1.61,1.66,0,0
JWW_PB,D,20170905,000000,1.59,1.64,1.58,1.58,0,0
JWW_PB,D,20170906,000000,1.59,1.59,1.59,1.59,0,0
JWW_PB,D,20170907,000000,1.52,1.57,1.52,1.57,0,0
JWW_PB,D,20170908,000000,1.52,1.58,1.51,1.51,0,0
JWW_PB,D,20170911,000000,1.51,1.51,1.47,1.47,0,0
JWW_PB,D,20170912,000000,1.46,1.46,1.46,1.46,0,0
JWW_PB,D,20170913,000000,1.5,1.5,1.46,1.47,0,0
JWW_PB,D,20170914,000000,1.5,1.5,1.5,1.5,0,0
JWW_PB,D,20170915,000000,1.49,1.49,1.49,1.49,0,0
JWW_PB,D,20170918,000000,1.45,1.45,1.45,1.45,0,0
JWW_PB,D,20170919,000000,1.45,1.45,1.45,1.45,0,0
JWW_PB,D,20170920,000000,1.47,1.48,1.47,1.48,0,0
JWW_PB,D,20170921,000000,1.47,1.47,1.47,1.47,0,0
JWW_PB,D,20170922,000000,1.47,1.47,1.44,1.44,0,0
JWW_PB,D,20170925,000000,1.47,1.49,1.47,1.49,0,0
JWW_PB,D,20170926,000000,1.49,1.53,1.49,1.5,0,0
JWW_PB,D,20170927,000000,1.5,1.56,1.5,1.53,0,0
JWW_PB,D,20170928,000000,1.53,1.53,1.53,1.53,0,0
JWW_PB,D,20170929,000000,1.5,1.5,1.5,1.5,0,0
JWW_PB,D,20171002,000000,1.5,1.5,1.5,1.5,0,0
JWW_PB,D,20171003,000000,1.5,1.5,1.47,1.5,0,0
JWW_PB,D,20171004,000000,1.47,1.47,1.46,1.46,0,0
JWW_PB,D,20171005,000000,1.46,1.54,1.46,1.53,0,0
JWW_PB,D,20171006,000000,1.53,1.53,1.48,1.48,0,0
JWW_PB,D,20171009,000000,1.46,1.46,1.42,1.42,0,0
JWW_PB,D,20171011,000000,1.4,1.4,1.4,1.4,0,0
JWW_PB,D,20171012,000000,1.39,1.39,1.39,1.39,0,0
JWW_PB,D,20171013,000000,1.34,1.39,1.34,1.39,0,0
JWW_PB,D,20171017,000000,1.37,1.37,1.37,1.37,0,0
JWW_PB,D,20171018,000000,1.39,1.39,1.34,1.39,0,0
JWW_PB,D,20171019,000000,1.39,1.39,1.39,1.39,0,0
JWW_PB,D,20171020,000000,1.34,1.34,1.26,1.26,0,0
JWW_PB,D,20171023,000000,1.28,1.28,1.28,1.28,0,0
JWW_PB,D,20171024,000000,1.28,1.28,1.23,1.23,0,0
JWW_PB,D,20171025,000000,1.23,1.23,1.23,1.23,0,0
JWW_PB,D,20171026,000000,1.23,1.23,1.23,1.23,0,0
JWW_PB,D,20171027,000000,1.23,1.23,1.23,1.23,0,0
JWW_PB,D,20171030,000000,1.18,1.23,1.18,1.23,0,0
JWW_PB,D,20171031,000000,1.23,1.23,1.23,1.23,0,0
JWW_PB,D,20171102,000000,1.23,1.23,1.21,1.23,0,0
JWW_PB,D,20171103,000000,1.23,1.23,1.23,1.23,0,0
JWW_PB,D,20171106,000000,1.23,1.23,1.23,1.23,0,0
JWW_PB,D,20171108,000000,1.23,1.23,1.23,1.23,0,0
JWW_PB,D,20171109,000000,1.23,1.23,1.23,1.23,0,0
JWW_PB,D,20171110,000000,1.2,1.2,1.18,1.18,0,0
JWW_PB,D,20171113,000000,1.18,1.18,1.18,1.18,0,0
JWW_PB,D,20171114,000000,1.2,1.2,1.18,1.2,0,0
JWW_PB,D,20171115,000000,1.2,1.2,1.2,1.2,0,0
JWW_PB,D,20171116,000000,1.22,1.22,1.22,1.22,0,0
JWW_PB,D,20171117,000000,1.22,1.22,1.21,1.21,0,0
JWW_PB,D,20171120,000000,1.21,1.21,1.21,1.21,0,0
JWW_PB,D,20171121,000000,1.21,1.22,1.21,1.22,0,0
JWW_PB,D,20171122,000000,1.21,1.22,1.21,1.21,0,0
JWW_PB,D,20171123,000000,1.21,1.21,1.21,1.21,0,0
JWW_PB,D,20171124,000000,1.21,1.21,1.21,1.21,0,0
JWW_PB,D,20171127,000000,1.21,1.21,1.21,1.21,0,0
JWW_PB,D,20171128,000000,1.21,1.21,1.21,1.21,0,0
JWW_PB,D,20171129,000000,1.21,1.21,1.21,1.21,0,0
JWW_PB,D,20171130,000000,1.21,1.32,1.21,1.32,0,0
JWW_PB,D,20171201,000000,1.32,1.32,1.32,1.32,0,0
JWW_PB,D,20171204,000000,1.32,1.32,1.27,1.27,0,0
JWW_PB,D,20171205,000000,1.26,1.26,1.26,1.26,0,0
JWW_PB,D,20171206,000000,1.29,1.29,1.28,1.28,0,0
JWW_PB,D,20171207,000000,1.29,1.29,1.24,1.24,0,0
JWW_PB,D,20171208,000000,1.27,1.27,1.24,1.27,0,0
JWW_PB,D,20171211,000000,1.28,1.28,1.27,1.28,0,0
JWW_PB,D,20171212,000000,1.28,1.28,1.27,1.27,0,0
JWW_PB,D,20171213,000000,1.27,1.27,1.24,1.24,0,0
JWW_PB,D,20171214,000000,1.24,1.26,1.24,1.26,0,0
JWW_PB,D,20171215,000000,1.26,1.26,1.26,1.26,0,0
JWW_PB,D,20171218,000000,1.26,1.26,1.22,1.24,0,0
JWW_PB,D,20171219,000000,1.23,1.24,1.18,1.18,0,0
JWW_PB,D,20171220,000000,1.19,1.22,1.19,1.19,0,0
JWW_PB,D,20171221,000000,1.17,1.19,1.14,1.14,0,0
JWW_PB,D,20171222,000000,1.15,1.15,1.11,1.11,0,0
JWW_PB,D,20171227,000000,1.15,1.16,1.11,1.16,0,0
JWW_PB,D,20171228,000000,1.16,1.16,1.16,1.16,0,0
JWW_PB,D,20171229,000000,1.16,1.16,1.11,1.11,0,0
JWW_PB,D,20180103,000000,1.09,1.09,1.02,1.02,0,0
JWW_PB,D,20180104,000000,1.04,1.04,1.04,1.04,0,0
JWW_PB,D,20180105,000000,1.04,1.04,0.99,0.99,0,0
JWW_PB,D,20180108,000000,0.98,0.98,0.98,0.98,0,0
JWW_PB,D,20180109,000000,0.98,0.98,0.98,0.98,0,0
JWW_PB,D,20180110,000000,0.98,1.06,0.98,1.06,0,0
JWW_PB,D,20180111,000000,1.06,1.09,1.05,1.09,0,0
JWW_PB,D,20180112,000000,1.09,1.09,1.09,1.09,0,0
JWW_PB,D,20180115,000000,1.04,1.09,1.04,1.05,0,0
JWW_PB,D,20180116,000000,1.05,1.09,1.02,1.09,0,0
JWW_PB,D,20180117,000000,1.02,1.02,1.02,1.02,0,0
JWW_PB,D,20180118,000000,1.08,1.08,1.02,1.02,0,0
JWW_PB,D,20180119,000000,1.02,1.02,1.02,1.02,0,0
JWW_PB,D,20180122,000000,1.04,1.09,1.04,1.09,0,0
JWW_PB,D,20180123,000000,1.09,1.11,1.09,1.11,0,0
JWW_PB,D,20180124,000000,1.11,1.11,1.11,1.11,0,0
JWW_PB,D,20180125,000000,1.11,1.11,1.11,1.11,0,0
JWW_PB,D,20180126,000000,1.11,1.11,1.11,1.11,0,0
JWW_PB,D,20180129,000000,1.09,1.11,1.09,1.11,0,0
JWW_PB,D,20180130,000000,1.11,1.11,1.1,1.1,0,0
JWW_PB,D,20180131,000000,1.11,1.11,1.11,1.11,0,0
JWW_PB,D,20180201,000000,1.11,1.11,1.11,1.11,0,0
JWW_PB,D,20180202,000000,1.1,1.1,1.1,1.1,0,0
JWW_PB,D,20180205,000000,1.11,1.11,1.11,1.11,0,0
JWW_PB,D,20180206,000000,1.1,1.1,1.08,1.08,0,0
JWW_PB,D,20180207,000000,1.08,1.08,1.08,1.08,0,0
JWW_PB,D,20180208,000000,1.09,1.11,1.09,1.11,0,0
JWW_PB,D,20180209,000000,1.09,1.11,1.09,1.09,0,0
JWW_PB,D,20180212,000000,1.09,1.09,1.09,1.09,0,0
JWW_PB,D,20180213,000000,1.09,1.09,1.09,1.09,0,0
JWW_PB,D,20180214,000000,1.07,1.07,1.02,1.05,0,0
JWW_PB,D,20180215,000000,1.05,1.07,1.05,1.07,0,0
JWW_PB,D,20180216,000000,1.09,1.09,1.09,1.09,0,0
JWW_PB,D,20180219,000000,1.09,1.09,1.09,1.09,0,0
JWW_PB,D,20180220,000000,1.09,1.09,1.09,1.09,0,0
JWW_PB,D,20180221,000000,1.09,1.09,1.09,1.09,0,0
JWW_PB,D,20180222,000000,1.09,1.09,1.09,1.09,0,0
JWW_PB,D,20180223,000000,1.09,1.09,1.09,1.09,0,0
JWW_PB,D,20180226,000000,1.09,1.09,1.09,1.09,0,0
JWW_PB,D,20180227,000000,1.03,1.09,1.03,1.03,0,0
JWW_PB,D,20180228,000000,1.04,1.09,1.03,1.09,0,0
JWW_PB,D,20180302,000000,1.07,1.08,1.07,1.08,0,0
JWW_PB,D,20180305,000000,1.08,1.08,1.08,1.08,0,0
JWW_PB,D,20180306,000000,1.08,1.08,1.08,1.08,0,0
JWW_PB,D,20180307,000000,1.05,1.08,1.02,1.06,0,0
JWW_PB,D,20180308,000000,1.06,1.06,1.06,1.06,0,0
JWW_PB,D,20180312,000000,1.06,1.07,1.06,1.07,0,0
JWW_PB,D,20180313,000000,1.05,1.05,1.05,1.05,0,0
JWW_PB,D,20180314,000000,1.07,1.07,1.02,1.05,0,0
JWW_PB,D,20180315,000000,1.05,1.05,1.05,1.05,0,0
JWW_PB,D,20180316,000000,1.05,1.05,1.04,1.04,0,0
JWW_PB,D,20180319,000000,1.05,1.05,1.05,1.05,0,0
JWW_PB,D,20180320,000000,1.05,1.05,1.05,1.05,0,0
JWW_PB,D,20180321,000000,1.05,1.05,1.05,1.05,0,0
JWW_PB,D,20180322,000000,1.05,1.06,1.02,1.02,0,0
JWW_PB,D,20180323,000000,1.02,1.02,1.01,1.02,0,0
JWW_PB,D,20180326,000000,1.02,1.02,1.02,1.02,0,0
JWW_PB,D,20180327,000000,1,1,0.99,0.99,0,0
JWW_PB,D,20180328,000000,0.99,0.99,0.99,0.99,0,0
JWW_PB,D,20180329,000000,0.99,1.02,0.99,1.02,0,0
JWW_PB,D,20180403,000000,1.02,1.02,1.02,1.02,0,0
JWW_PB,D,20180404,000000,1,1,1,1,0,0
JWW_PB,D,20180405,000000,1,1,1,1,0,0
JWW_PB,D,20180406,000000,1.01,1.01,1.01,1.01,0,0
JWW_PB,D,20180409,000000,1.01,1.01,1.01,1.01,0,0
JWW_PB,D,20180410,000000,1.02,1.02,1.02,1.02,0,0
JWW_PB,D,20180412,000000,1.02,1.02,1.02,1.02,0,0
JWW_PB,D,20180413,000000,1.02,1.02,1.02,1.02,0,0
JWW_PB,D,20180416,000000,1.02,1.02,1.02,1.02,0,0
JWW_PB,D,20180417,000000,1.01,1.02,1.01,1.02,0,0
JWW_PB,D,20180418,000000,1.02,1.02,1.01,1.01,0,0
JWW_PB,D,20180419,000000,1.01,1.01,1.01,1.01,0,0
JWW_PB,D,20180420,000000,1.02,1.02,1.02,1.02,0,0
JWW_PB,D,20180423,000000,1.01,1.01,0.95,0.95,0,0
JWW_PB,D,20180424,000000,0.95,0.95,0.95,0.95,0,0
JWW_PB,D,20180425,000000,0.95,0.95,0.9,0.9,0,0
JWW_PB,D,20180426,000000,0.92,0.92,0.92,0.92,0,0
JWW_PB,D,20180427,000000,0.88,0.88,0.8,0.8,0,0
JWW_PB,D,20180430,000000,0.8,0.8,0.79,0.79,0,0
JWW_PB,D,20180502,000000,0.79,0.79,0.79,0.79,0,0
JWW_PB,D,20180504,000000,0.79,0.79,0.79,0.79,0,0
JWW_PB,D,20180507,000000,0.79,0.79,0.79,0.79,0,0
JWW_PB,D,20180508,000000,0.79,0.79,0.79,0.79,0,0
JWW_PB,D,20180509,000000,0.79,0.79,0.79,0.79,0,0
JWW_PB,D,20180510,000000,0.79,0.79,0.79,0.79,0,0
JWW_PB,D,20180511,000000,0.79,0.79,0.76,0.76,0,0
JWW_PB,D,20180514,000000,0.76,0.76,0.76,0.76,0,0
JWW_PB,D,20180515,000000,0.76,0.76,0.71,0.71,0,0
JWW_PB,D,20180516,000000,0.71,0.71,0.71,0.71,0,0
JWW_PB,D,20180517,000000,0.74,0.74,0.74,0.74,0,0
JWW_PB,D,20180518,000000,0.74,0.74,0.74,0.74,0,0
JWW_PB,D,20180521,000000,0.74,0.74,0.74,0.74,0,0
JWW_PB,D,20180522,000000,0.74,0.74,0.74,0.74,0,0
JWW_PB,D,20180523,000000,0.74,0.74,0.74,0.74,0,0
JWW_PB,D,20180524,000000,0.74,0.74,0.74,0.74,0,0
JWW_PB,D,20180525,000000,0.74,0.74,0.74,0.74,0,0
JWW_PB,D,20180528,000000,0.74,0.74,0.74,0.74,0,0
JWW_PB,D,20180529,000000,0.74,0.74,0.74,0.74,0,0
JWW_PB,D,20180530,000000,0.74,0.74,0.74,0.74,0,0
JWW_PB,D,20180601,000000,0.74,0.74,0.74,0.74,0,0
JWW_PB,D,20180604,000000,0.74,0.74,0.74,0.74,0,0
JWW_PB,D,20180605,000000,0.74,0.74,0.72,0.72,0,0
JWW_PB,D,20180606,000000,0.72,0.72,0.72,0.72,0,0
JWW_PB,D,20180607,000000,0.72,0.72,0.72,0.72,0,0
JWW_PB,D,20180608,000000,0.72,0.72,0.72,0.72,0,0
JWW_PB,D,20180611,000000,0.72,0.72,0.72,0.72,0,0
JWW_PB,D,20180612,000000,0.72,0.72,0.72,0.72,0,0
JWW_PB,D,20180613,000000,0.72,0.72,0.72,0.72,0,0
JWW_PB,D,20180614,000000,0.72,0.72,0.72,0.72,0,0
JWW_PB,D,20180615,000000,0.72,0.72,0.72,0.72,0,0
JWW_PB,D,20180618,000000,0.73,0.73,0.66,0.66,0,0
JWW_PB,D,20180619,000000,0.67,0.67,0.67,0.67,0,0
JWW_PB,D,20180620,000000,0.67,0.67,0.63,0.63,0,0
JWW_PB,D,20180621,000000,0.6,0.6,0.6,0.6,0,0
JWW_PB,D,20180622,000000,0.6,0.6,0.6,0.6,0,0
JWW_PB,D,20180627,000000,0.61,0.61,0.61,0.61,0,0
JWW_PB,D,20180628,000000,0.61,0.61,0.61,0.61,0,0
JWW_PB,D,20180629,000000,0.61,0.61,0.61,0.61,0,0
JWW_PB,D,20180702,000000,0.61,0.61,0.61,0.61,0,0
JWW_PB,D,20180703,000000,0.61,0.61,0.61,0.61,0,0
JWW_PB,D,20180704,000000,0.61,0.61,0.61,0.61,0,0
JWW_PB,D,20180705,000000,0.61,0.61,0.61,0.61,0,0
JWW_PB,D,20180706,000000,0.61,0.61,0.61,0.61,0,0
JWW_PB,D,20180709,000000,0.61,0.61,0.61,0.61,0,0
JWW_PB,D,20180710,000000,0.61,0.61,0.61,0.61,0,0
JWW_PB,D,20180711,000000,0.62,0.62,0.62,0.62,0,0
JWW_PB,D,20180712,000000,0.62,0.62,0.62,0.62,0,0
JWW_PB,D,20180717,000000,0.6,0.65,0.6,0.65,0,0
JWW_PB,D,20180718,000000,0.63,0.64,0.63,0.64,0,0
JWW_PB,D,20180719,000000,0.64,0.64,0.64,0.64,0,0
JWW_PB,D,20180720,000000,0.66,0.66,0.66,0.66,0,0
JWW_PB,D,20180723,000000,0.66,0.66,0.66,0.66,0,0
JWW_PB,D,20180724,000000,0.66,0.66,0.66,0.66,0,0
JWW_PB,D,20180725,000000,0.66,0.66,0.66,0.66,0,0
JWW_PB,D,20180726,000000,0.66,0.69,0.66,0.69,0,0
JWW_PB,D,20180727,000000,0.69,0.69,0.69,0.69,0,0
JWW_PB,D,20180806,000000,0.69,0.69,0.69,0.69,0,0
JWW_PB,D,20180807,000000,0.66,0.7,0.66,0.7,0,0
JWW_PB,D,20180808,000000,0.71,0.71,0.71,0.71,0,0
JWW_PB,D,20180809,000000,0.71,0.71,0.71,0.71,0,0
JWW_PB,D,20180810,000000,0.72,0.72,0.72,0.72,0,0
JWW_PB,D,20180813,000000,0.72,0.72,0.72,0.72,0,0
JWW_PB,D,20180814,000000,0.72,0.72,0.72,0.72,0,0
JWW_PB,D,20180816,000000,0.72,0.72,0.72,0.72,0,0
JWW_PB,D,20180817,000000,0.72,0.72,0.72,0.72,0,0
JWW_PB,D,20180820,000000,0.72,0.73,0.72,0.73,0,0
JWW_PB,D,20180821,000000,0.73,0.73,0.73,0.73,0,0
JWW_PB,D,20180822,000000,0.72,0.72,0.67,0.67,0,0
JWW_PB,D,20180823,000000,0.67,0.67,0.63,0.63,0,0
JWW_PB,D,20180824,000000,0.66,0.66,0.63,0.63,0,0
JWW_PB,D,20180827,000000,0.61,0.65,0.61,0.65,0,0
JWW_PB,D,20180828,000000,0.65,0.65,0.65,0.65,0,0
JWW_PB,D,20180829,000000,0.65,0.65,0.65,0.65,0,0
JWW_PB,D,20180830,000000,0.65,0.65,0.65,0.65,0,0
JWW_PB,D,20180831,000000,0.65,0.65,0.65,0.65,0,0
JWW_PB,D,20180903,000000,0.65,0.65,0.64,0.64,0,0
JWW_PB,D,20180904,000000,0.64,0.64,0.64,0.64,0,0
JWW_PB,D,20180905,000000,0.64,0.64,0.64,0.64,0,0
JWW_PB,D,20180906,000000,0.64,0.64,0.64,0.64,0,0
JWW_PB,D,20180907,000000,0.64,0.64,0.64,0.64,0,0
JWW_PB,D,20180910,000000,0.65,0.65,0.65,0.65,0,0
JWW_PB,D,20180911,000000,0.65,0.65,0.63,0.63,0,0
JWW_PB,D,20180912,000000,0.65,0.65,0.64,0.64,0,0
JWW_PB,D,20180913,000000,0.65,0.66,0.65,0.66,0,0
JWW_PB,D,20180914,000000,0.66,0.66,0.66,0.66,0,0
JWW_PB,D,20180917,000000,0.66,0.66,0.66,0.66,0,0
JWW_PB,D,20180918,000000,0.66,0.66,0.66,0.66,0,0
JWW_PB,D,20180919,000000,0.66,0.66,0.61,0.61,0,0
JWW_PB,D,20180920,000000,0.61,0.61,0.61,0.61,0,0
JWW_PB,D,20180921,000000,0.64,0.64,0.61,0.64,0,0
JWW_PB,D,20180924,000000,0.64,0.64,0.64,0.64,0,0
JWW_PB,D,20180925,000000,0.64,0.64,0.64,0.64,0,0
JWW_PB,D,20180926,000000,0.64,0.64,0.64,0.64,0,0
JWW_PB,D,20180927,000000,0.64,0.64,0.64,0.64,0,0
JWW_PB,D,20180928,000000,0.64,0.64,0.64,0.64,0,0
JWW_PB,D,20181001,000000,0.64,0.64,0.6,0.6,0,0
JWW_PB,D,20181002,000000,0.64,0.64,0.64,0.64,0,0
JWW_PB,D,20181003,000000,0.64,0.74,0.64,0.74,0,0
JWW_PB,D,20181004,000000,0.74,0.74,0.74,0.74,0,0
JWW_PB,D,20181005,000000,0.74,0.74,0.74,0.74,0,0
JWW_PB,D,20181008,000000,0.74,0.74,0.74,0.74,0,0
JWW_PB,D,20181009,000000,0.74,0.74,0.74,0.74,0,0
JWW_PB,D,20181010,000000,0.74,0.74,0.74,0.74,0,0
JWW_PB,D,20181015,000000,0.74,0.75,0.74,0.75,0,0
JWW_PB,D,20181016,000000,0.75,0.75,0.7,0.74,0,0
JWW_PB,D,20181017,000000,0.74,0.74,0.74,0.74,0,0
JWW_PB,D,20181018,000000,0.74,0.74,0.74,0.74,0,0
JWW_PB,D,20181019,000000,0.74,0.74,0.74,0.74,0,0
JWW_PB,D,20181022,000000,0.74,0.74,0.7,0.7,0,0
JWW_PB,D,20181023,000000,0.7,0.7,0.7,0.7,0,0
JWW_PB,D,20181025,000000,0.67,0.67,0.67,0.67,0,0
JWW_PB,D,20181102,000000,0.67,0.67,0.67,0.67,0,0
JWW_PB,D,20181109,000000,0.67,0.67,0.67,0.67,0,0
JWW_PB,D,20181113,000000,0.72,0.72,0.72,0.72,0,0
JWW_PB,D,20181116,000000,0.7,0.7,0.7,0.7,0,0
JWW_PB,D,20181119,000000,0.7,0.7,0.7,0.7,0,0
JWW_PB,D,20181121,000000,0.7,0.7,0.7,0.7,0,0
JWW_PB,D,20181122,000000,0.7,0.7,0.7,0.7,0,0
JWW_PB,D,20181123,000000,0.7,0.7,0.7,0.7,0,0
JWW_PB,D,20181127,000000,0.7,0.7,0.7,0.7,0,0
JWW_PB,D,20181128,000000,0.7,0.7,0.7,0.7,0,0
JWW_PB,D,20181129,000000,0.7,0.7,0.7,0.7,0,0
JWW_PB,D,20181130,000000,0.7,0.7,0.63,0.63,0,0
JWW_PB,D,20181203,000000,0.63,0.63,0.63,0.63,0,0
JWW_PB,D,20181204,000000,0.63,0.64,0.63,0.64,0,0
JWW_PB,D,20181217,000000,0.63,0.63,0.63,0.63,0,0
JWW_PB,D,20181218,000000,0.64,0.64,0.61,0.61,0,0
JWW_PB,D,20181219,000000,0.63,0.64,0.63,0.64,0,0
JWW_PB,D,20181220,000000,0.63,0.64,0.63,0.64,0,0
JWW_PB,D,20181221,000000,0.64,0.64,0.64,0.64,0,0
JWW_PB,D,20181227,000000,0.64,0.64,0.64,0.64,0,0
JWW_PB,D,20181228,000000,0.64,0.64,0.64,0.64,0,0
JWW_PB,D,20190102,000000,0.66,0.66,0.66,0.66,0,0
JWW_PB,D,20190103,000000,0.66,0.66,0.66,0.66,0,0
JWW_PB,D,20190104,000000,0.66,0.66,0.66,0.66,0,0
JWW_PB,D,20190107,000000,0.66,0.66,0.66,0.66,0,0
JWW_PB,D,20190108,000000,0.66,0.66,0.66,0.66,0,0
JWW_PB,D,20190109,000000,0.66,0.66,0.66,0.66,0,0
JWW_PB,D,20190110,000000,0.66,0.66,0.66,0.66,0,0
JWW_PB,D,20190111,000000,0.66,0.66,0.66,0.66,0,0
JWW_PB,D,20190114,000000,0.66,0.66,0.66,0.66,0,0
JWW_PB,D,20190115,000000,0.66,0.66,0.66,0.66,0,0
JWW_PB,D,20190116,000000,0.66,0.66,0.66,0.66,0,0
JWW_PB,D,20190117,000000,0.66,0.66,0.66,0.66,0,0
JWW_PB,D,20190118,000000,0.65,0.65,0.65,0.65,0,0
JWW_PB,D,20190121,000000,0.65,0.65,0.65,0.65,0,0
JWW_PB,D,20190122,000000,0.65,0.65,0.65,0.65,0,0
JWW_PB,D,20190123,000000,0.65,0.65,0.65,0.65,0,0
JWW_PB,D,20190124,000000,0.65,0.65,0.65,0.65,0,0
JWW_PB,D,20190125,000000,0.65,0.65,0.65,0.65,0,0
JWW_PB,D,20190131,000000,0.66,0.66,0.66,0.66,0,0
JWW_PB,D,20190201,000000,0.66,0.66,0.66,0.66,0,0
JWW_PB,D,20190204,000000,0.66,0.66,0.66,0.66,0,0
JWW_PB,D,20190205,000000,0.66,0.67,0.66,0.66,0,0
JWW_PB,D,20190206,000000,0.66,0.66,0.66,0.66,0,0
JWW_PB,D,20190207,000000,0.66,0.66,0.66,0.66,0,0
JWW_PB,D,20190208,000000,0.66,0.66,0.66,0.66,0,0
JWW_PB,D,20190211,000000,0.66,0.66,0.66,0.66,0,0
JWW_PB,D,20190212,000000,0.66,0.66,0.66,0.66,0,0
JWW_PB,D,20190213,000000,0.67,0.67,0.66,0.66,0,0
JWW_PB,D,20190215,000000,0.66,0.66,0.66,0.66,0,0
JWW_PB,D,20190218,000000,0.66,0.66,0.66,0.66,0,0
JWW_PB,D,20190219,000000,0.66,0.66,0.66,0.66,0,0
JWW_PB,D,20190220,000000,0.66,0.66,0.66,0.66,0,0
JWW_PB,D,20190221,000000,0.66,0.66,0.66,0.66,0,0
JWW_PB,D,20190222,000000,0.66,0.68,0.66,0.68,0,0
JWW_PB,D,20190225,000000,0.68,0.68,0.68,0.68,0,0
JWW_PB,D,20190226,000000,0.68,0.7,0.68,0.7,0,0
JWW_PB,D,20190227,000000,0.7,0.7,0.7,0.7,0,0
JWW_PB,D,20190228,000000,0.7,0.7,0.66,0.7,0,0
JWW_PB,D,20190301,000000,0.7,0.7,0.7,0.7,0,0
JWW_PB,D,20190307,000000,0.64,0.64,0.64,0.64,0,0
JWW_PB,D,20190308,000000,0.66,0.7,0.66,0.69,0,0
JWW_PB,D,20190311,000000,0.69,0.69,0.69,0.69,0,0
JWW_PB,D,20190312,000000,0.69,0.69,0.69,0.69,0,0
JWW_PB,D,20190313,000000,0.69,0.69,0.69,0.69,0,0
JWW_PB,D,20190314,000000,0.69,0.69,0.64,0.64,0,0
JWW_PB,D,20190315,000000,0.64,0.64,0.64,0.64,0,0
JWW_PB,D,20190320,000000,0.68,0.68,0.68,0.68,0,0
JWW_PB,D,20190321,000000,0.68,0.68,0.68,0.68,0,0
JWW_PB,D,20190322,000000,0.68,0.68,0.68,0.68,0,0
JWW_PB,D,20190325,000000,0.68,0.68,0.68,0.68,0,0
JWW_PB,D,20190326,000000,0.65,0.66,0.65,0.65,0,0
JWW_PB,D,20190328,000000,0.66,0.66,0.66,0.66,0,0
JWW_PB,D,20190329,000000,0.66,0.66,0.66,0.66,0,0
JWW_PB,D,20190402,000000,0.66,0.66,0.66,0.66,0,0
JWW_PB,D,20190403,000000,0.66,0.66,0.66,0.66,0,0
JWW_PB,D,20190404,000000,0.66,0.66,0.66,0.66,0,0
JWW_PB,D,20190405,000000,0.66,0.66,0.63,0.63,0,0
JWW_PB,D,20190408,000000,0.63,0.66,0.63,0.66,0,0
JWW_PB,D,20190409,000000,0.66,0.66,0.66,0.66,0,0
JWW_PB,D,20190415,000000,0.64,0.64,0.64,0.64,0,0
JWW_PB,D,20190416,000000,0.65,0.65,0.65,0.65,0,0
JWW_PB,D,20190417,000000,0.65,0.65,0.65,0.65,0,0
JWW_PB,D,20190418,000000,0.65,0.65,0.65,0.65,0,0
JWW_PB,D,20190423,000000,0.65,0.65,0.65,0.65,0,0
JWW_PB,D,20190424,000000,0.65,0.65,0.65,0.65,0,0
JWW_PB,D,20190425,000000,0.65,0.65,0.65,0.65,0,0
JWW_PB,D,20190426,000000,0.65,0.65,0.65,0.65,0,0
JWW_PB,D,20190429,000000,0.65,0.66,0.65,0.66,0,0
JWW_PB,D,20190430,000000,0.65,0.65,0.65,0.65,0,0
JWW_PB,D,20190502,000000,0.65,0.65,0.65,0.65,0,0
JWW_PB,D,20190506,000000,0.65,0.65,0.58,0.58,0,0
JWW_PB,D,20190507,000000,0.58,0.58,0.58,0.58,0,0
JWW_PB,D,20190508,000000,0.58,0.58,0.58,0.58,0,0
JWW_PB,D,20190509,000000,0.58,0.58,0.58,0.58,0,0
JWW_PB,D,20190510,000000,0.58,0.58,0.58,0.58,0,0
JWW_PB,D,20190513,000000,0.58,0.58,0.58,0.58,0,0
JWW_PB,D,20190514,000000,0.58,0.58,0.58,0.58,0,0
JWW_PB,D,20190515,000000,0.58,0.58,0.58,0.58,0,0
JWW_PB,D,20190516,000000,0.58,0.58,0.58,0.58,0,0
JWW_PB,D,20190517,000000,0.58,0.58,0.58,0.58,0,0
JWW_PB,D,20190520,000000,0.58,0.58,0.58,0.58,0,0
JWW_PB,D,20190521,000000,0.58,0.58,0.58,0.58,0,0
JWW_PB,D,20190522,000000,0.58,0.58,0.58,0.58,0,0
JWW_PB,D,20190523,000000,0.58,0.58,0.58,0.58,0,0
JWW_PB,D,20190524,000000,0.58,0.59,0.58,0.59,0,0
JWW_PB,D,20190527,000000,0.59,0.59,0.59,0.59,0,0
JWW_PB,D,20190528,000000,0.59,0.6,0.59,0.6,0,0
JWW_PB,D,20190529,000000,0.6,0.6,0.6,0.6,0,0
JWW_PB,D,20190530,000000,0.6,0.6,0.6,0.6,0,0
JWW_PB,D,20190531,000000,0.6,0.6,0.6,0.6,0,0
JWW_PB,D,20190603,000000,0.6,0.6,0.57,0.57,0,0
JWW_PB,D,20190604,000000,0.57,0.59,0.57,0.59,0,0
JWW_PB,D,20190605,000000,0.6,0.62,0.6,0.62,0,0
JWW_PB,D,20190606,000000,0.63,0.63,0.63,0.63,0,0
JWW_PB,D,20190607,000000,0.63,0.64,0.63,0.64,0,0
JWW_PB,D,20190610,000000,0.64,0.64,0.64,0.64,0,0
JWW_PB,D,20190611,000000,0.64,0.64,0.64,0.64,0,0
JWW_PB,D,20190612,000000,0.64,0.64,0.64,0.64,0,0
JWW_PB,D,20190613,000000,0.64,0.64,0.62,0.62,0,0
JWW_PB,D,20190619,000000,0.64,0.64,0.61,0.61,0,0
JWW_PB,D,20190621,000000,0.64,0.64,0.64,0.64,0,0
JWW_PB,D,20190624,000000,0.64,0.64,0.6,0.63,0,0
JWW_PB,D,20190625,000000,0.63,0.63,0.63,0.63,0,0
JWW_PB,D,20190626,000000,0.63,0.63,0.63,0.63,0,0
JWW_PB,D,20190627,000000,0.63,0.63,0.63,0.63,0,0
JWW_PB,D,20190628,000000,0.63,0.63,0.63,0.63,0,0
JWW_PB,D,20190702,000000,0.63,0.63,0.63,0.63,0,0
JWW_PB,D,20190703,000000,0.63,0.63,0.63,0.63,0,0
JWW_PB,D,20190704,000000,0.63,0.63,0.63,0.63,0,0
JWW_PB,D,20190705,000000,0.62,0.62,0.62,0.62,0,0
JWW_PB,D,20190708,000000,0.63,0.63,0.63,0.63,0,0
JWW_PB,D,20190709,000000,0.63,0.63,0.63,0.63,0,0
JWW_PB,D,20190710,000000,0.63,0.63,0.63,0.63,0,0
JWW_PB,D,20190711,000000,0.6,0.63,0.59,0.59,0,0
JWW_PB,D,20190712,000000,0.59,0.59,0.59,0.59,0,0
JWW_PB,D,20190715,000000,0.59,0.59,0.59,0.59,0,0
JWW_PB,D,20190716,000000,0.59,0.59,0.59,0.59,0,0
JWW_PB,D,20190717,000000,0.59,0.59,0.59,0.59,0,0
JWW_PB,D,20190718,000000,0.59,0.59,0.59,0.59,0,0
JWW_PB,D,20190722,000000,0.59,0.59,0.59,0.59,0,0
JWW_PB,D,20190723,000000,0.59,0.59,0.57,0.57,0,0
JWW_PB,D,20190724,000000,0.57,0.57,0.57,0.57,0,0
JWW_PB,D,20190725,000000,0.58,0.58,0.58,0.58,0,0
JWW_PB,D,20190726,000000,0.58,0.58,0.58,0.58,0,0
JWW_PB,D,20190730,000000,0.58,0.58,0.58,0.58,0,0
JWW_PB,D,20190731,000000,0.58,0.6,0.58,0.6,0,0
JWW_PB,D,20190801,000000,0.59,0.59,0.59,0.59,0,0
JWW_PB,D,20190802,000000,0.56,0.56,0.56,0.56,0,0
JWW_PB,D,20190806,000000,0.6,0.6,0.57,0.57,0,0
JWW_PB,D,20190808,000000,0.58,0.58,0.58,0.58,0,0
JWW_PB,D,20190812,000000,0.58,0.58,0.58,0.58,0,0
JWW_PB,D,20190813,000000,0.58,0.58,0.58,0.58,0,0
JWW_PB,D,20190814,000000,0.58,0.58,0.58,0.58,0,0
JWW_PB,D,20190816,000000,0.58,0.58,0.58,0.58,0,0
JWW_PB,D,20190819,000000,0.58,0.58,0.58,0.58,0,0
JWW_PB,D,20190820,000000,0.58,0.58,0.58,0.58,0,0
JWW_PB,D,20190821,000000,0.58,0.58,0.58,0.58,0,0
JWW_PB,D,20190822,000000,0.58,0.58,0.58,0.58,0,0
JWW_PB,D,20190823,000000,0.58,0.58,0.58,0.58,0,0
JWW_PB,D,20190826,000000,0.58,0.58,0.58,0.58,0,0
JWW_PB,D,20190827,000000,0.58,0.58,0.58,0.58,0,0
JWW_PB,D,20190828,000000,0.58,0.58,0.58,0.58,0,0
JWW_PB,D,20190829,000000,0.58,0.58,0.58,0.58,0,0
JWW_PB,D,20190830,000000,0.58,0.58,0.58,0.58,0,0
JWW_PB,D,20190902,000000,0.58,0.58,0.58,0.58,0,0
JWW_PB,D,20190903,000000,0.58,0.58,0.58,0.58,0,0
JWW_PB,D,20190904,000000,0.58,0.58,0.58,0.58,0,0
JWW_PB,D,20190905,000000,0.58,0.58,0.58,0.58,0,0
JWW_PB,D,20190906,000000,0.58,0.58,0.58,0.58,0,0
JWW_PB,D,20190909,000000,0.58,0.58,0.58,0.58,0,0
JWW_PB,D,20190910,000000,0.58,0.58,0.58,0.58,0,0
JWW_PB,D,20190911,000000,0.58,0.58,0.57,0.57,0,0
JWW_PB,D,20190912,000000,0.57,0.57,0.57,0.57,0,0
JWW_PB,D,20190913,000000,0.57,0.57,0.57,0.57,0,0
JWW_PB,D,20190916,000000,0.57,0.58,0.57,0.58,0,0
JWW_PB,D,20190917,000000,0.58,0.59,0.58,0.59,0,0
JWW_PB,D,20190919,000000,0.59,0.59,0.59,0.59,0,0
JWW_PB,D,20190920,000000,0.59,0.59,0.59,0.59,0,0
JWW_PB,D,20190923,000000,0.59,0.59,0.59,0.59,0,0
JWW_PB,D,20190924,000000,0.59,0.63,0.59,0.63,0,0
JWW_PB,D,20190925,000000,0.65,0.72,0.65,0.72,0,0
JWW_PB,D,20190926,000000,0.75,0.82,0.75,0.82,0,0
JWW_PB,D,20190927,000000,0.86,0.89,0.86,0.86,0,0
JWW_PB,D,20190930,000000,0.86,0.91,0.86,0.91,0,0
JWW_PB,D,20191001,000000,0.88,0.94,0.88,0.94,0,0
JWW_PB,D,20191002,000000,0.96,0.96,0.96,0.96,0,0
JWW_PB,D,20191003,000000,0.96,0.96,0.87,0.87,0,0
JWW_PB,D,20191004,000000,0.87,0.87,0.83,0.83,0,0
JWW_PB,D,20191007,000000,0.78,0.83,0.78,0.78,0,0
JWW_PB,D,20191008,000000,0.73,0.73,0.73,0.73,0,0
JWW_PB,D,20191009,000000,0.73,0.73,0.73,0.73,0,0
JWW_PB,D,20191010,000000,0.69,0.69,0.65,0.65,0,0
JWW_PB,D,20191011,000000,0.67,0.67,0.67,0.67,0,0
JWW_PB,D,20191015,000000,0.66,0.67,0.66,0.66,0,0
JWW_PB,D,20191016,000000,0.66,0.66,0.66,0.66,0,0
JWW_PB,D,20191017,000000,0.63,0.66,0.63,0.66,0,0
JWW_PB,D,20191018,000000,0.66,0.66,0.66,0.66,0,0
JWW_PB,D,20191021,000000,0.66,0.66,0.66,0.66,0,0
JWW_PB,D,20191022,000000,0.67,0.67,0.67,0.67,0,0
JWW_PB,D,20191023,000000,0.67,0.67,0.65,0.65,0,0
JWW_PB,D,20191024,000000,0.67,0.67,0.67,0.67,0,0
JWW_PB,D,20191025,000000,0.67,0.67,0.67,0.67,0,0
JWW_PB,D,20191028,000000,0.67,0.67,0.67,0.67,0,0
JWW_PB,D,20191029,000000,0.66,0.69,0.66,0.69,0,0
JWW_PB,D,20191030,000000,0.69,0.7,0.69,0.7,0,0
JWW_PB,D,20191031,000000,0.7,0.7,0.7,0.7,0,0
JWW_PB,D,20191104,000000,0.7,0.7,0.7,0.7,0,0
JWW_PB,D,20191105,000000,0.7,0.7,0.7,0.7,0,0
JWW_PB,D,20191106,000000,0.7,0.7,0.7,0.7,0,0
JWW_PB,D,20191107,000000,0.66,0.7,0.66,0.7,0,0
JWW_PB,D,20191108,000000,0.7,0.7,0.7,0.7,0,0
JWW_PB,D,20191112,000000,0.7,0.7,0.66,0.66,0,0
JWW_PB,D,20191113,000000,0.7,0.7,0.7,0.7,0,0
JWW_PB,D,20191114,000000,0.7,0.7,0.7,0.7,0,0
JWW_PB,D,20191115,000000,0.7,0.7,0.7,0.7,0,0
JWW_PB,D,20191119,000000,0.7,0.7,0.7,0.7,0,0
JWW_PB,D,20191121,000000,0.69,0.69,0.69,0.69,0,0
JWW_PB,D,20191122,000000,0.69,0.69,0.69,0.69,0,0
JWW_PB,D,20191125,000000,0.69,0.69,0.69,0.69,0,0
JWW_PB,D,20191126,000000,0.69,0.69,0.69,0.69,0,0
JWW_PB,D,20191127,000000,0.69,0.69,0.69,0.69,0,0
JWW_PB,D,20191128,000000,0.7,0.85,0.69,0.85,0,0
JWW_PB,D,20191129,000000,0.93,0.93,0.92,0.93,0,0
JWW_PB,D,20191202,000000,0.96,0.96,0.73,0.73,0,0
JWW_PB,D,20191203,000000,0.77,0.77,0.71,0.71,0,0
JWW_PB,D,20191204,000000,0.73,0.73,0.72,0.72,0,0
JWW_PB,D,20191206,000000,0.74,0.74,0.74,0.74,0,0
JWW_PB,D,20191209,000000,0.77,0.77,0.74,0.76,0,0
JWW_PB,D,20191210,000000,0.76,0.76,0.76,0.76,0,0
JWW_PB,D,20191211,000000,0.77,0.77,0.77,0.77,0,0
JWW_PB,D,20191212,000000,0.77,0.77,0.77,0.77,0,0
JWW_PB,D,20191213,000000,0.77,0.83,0.77,0.8,0,0
JWW_PB,D,20191216,000000,0.81,0.99,0.8,0.97,0,0
JWW_PB,D,20191217,000000,0.97,0.97,0.92,0.96,0,0
JWW_PB,D,20191218,000000,0.98,0.98,0.97,0.97,0,0
JWW_PB,D,20191219,000000,0.95,0.97,0.95,0.97,0,0
JWW_PB,D,20191220,000000,0.97,0.97,0.97,0.97,0,0
JWW_PB,D,20191223,000000,0.97,1.02,0.97,1.02,0,0
JWW_PB,D,20191227,000000,0.97,1.02,0.97,1.02,0,0
JWW_PB,D,20191230,000000,1,1.03,0.95,0.95,0,0
JWW_PB,D,20200102,000000,0.95,0.99,0.95,0.95,0,0
JWW_PB,D,20200103,000000,0.91,0.91,0.87,0.87,0,0
JWW_PB,D,20200107,000000,0.86,0.9,0.86,0.9,0,0
JWW_PB,D,20200109,000000,0.9,0.9,0.9,0.9,0,0
JWW_PB,D,20200110,000000,0.85,0.85,0.85,0.85,0,0
JWW_PB,D,20200113,000000,0.85,0.89,0.85,0.89,0,0
JWW_PB,D,20200114,000000,0.85,0.88,0.85,0.88,0,0
JWW_PB,D,20200115,000000,0.88,0.88,0.88,0.88,0,0
JWW_PB,D,20200116,000000,0.85,0.89,0.85,0.89,0,0
JWW_PB,D,20200117,000000,0.89,0.89,0.85,0.85,0,0
JWW_PB,D,20200120,000000,0.86,0.86,0.86,0.86,0,0
JWW_PB,D,20200121,000000,0.87,0.87,0.87,0.87,0,0
JWW_PB,D,20200122,000000,0.87,1.09,0.87,1.09,0,0
JWW_PB,D,20200124,000000,1.54,1.69,1.54,1.69,0,0
JWW_PB,D,20200127,000000,1.86,2.04,1.67,1.81,0,0
JWW_PB,D,20200128,000000,1.81,1.93,1.81,1.9,0,0
JWW_PB,D,20200129,000000,1.85,1.88,1.68,1.78,0,0
JWW_PB,D,20200130,000000,1.79,1.88,1.62,1.65,0,0
JWW_PB,D,20200131,000000,1.65,1.65,1.54,1.56,0,0
JWW_PB,D,20200203,000000,1.56,1.71,1.52,1.6,0,0
JWW_PB,D,20200204,000000,1.64,1.66,1.58,1.58,0,0
JWW_PB,D,20200205,000000,1.55,1.58,1.43,1.57,0,0
JWW_PB,D,20200206,000000,1.57,1.57,1.47,1.54,0,0
JWW_PB,D,20200207,000000,1.54,1.54,1.4,1.44,0,0
JWW_PB,D,20200210,000000,1.44,1.51,1.44,1.47,0,0
JWW_PB,D,20200211,000000,1.47,1.73,1.47,1.66,0,0
JWW_PB,D,20200212,000000,1.7,1.77,1.67,1.77,0,0
JWW_PB,D,20200213,000000,1.76,1.77,1.67,1.77,0,0
JWW_PB,D,20200214,000000,1.76,1.76,1.59,1.59,0,0
JWW_PB,D,20200217,000000,1.58,1.64,1.58,1.64,0,0
JWW_PB,D,20200218,000000,1.63,1.65,1.63,1.65,0,0
JWW_PB,D,20200219,000000,1.65,1.65,1.65,1.65,0,0
JWW_PB,D,20200220,000000,1.65,1.65,1.63,1.63,0,0
JWW_PB,D,20200221,000000,1.63,1.63,1.47,1.51,0,0
JWW_PB,D,20200224,000000,1.51,1.51,1.41,1.41,0,0
JWW_PB,D,20200225,000000,1.4,1.41,1.38,1.38,0,0
JWW_PB,D,20200226,000000,1.38,1.41,1.36,1.41,0,0
JWW_PB,D,20200227,000000,1.42,1.42,1.3,1.3,0,0
JWW_PB,D,20200228,000000,1.27,1.27,1.14,1.16,0,0
JWW_PB,D,20200302,000000,1.13,1.24,1.13,1.24,0,0
JWW_PB,D,20200303,000000,1.28,1.31,1.28,1.31,0,0
JWW_PB,D,20200304,000000,1.3,1.3,1.22,1.23,0,0
JWW_PB,D,20200305,000000,1.21,1.22,1.21,1.22,0,0
JWW_PB,D,20200306,000000,1.18,1.22,1.18,1.18,0,0
JWW_PB,D,20200309,000000,1.15,1.15,0.91,0.91,0,0
JWW_PB,D,20200310,000000,0.92,1.01,0.92,0.98,0,0
JWW_PB,D,20200311,000000,0.99,0.99,0.95,0.95,0,0
JWW_PB,D,20200312,000000,0.94,0.94,0.77,0.77,0,0
JWW_PB,D,20200313,000000,0.75,0.77,0.75,0.77,0,0
JWW_PB,D,20200316,000000,0.82,0.82,0.72,0.77,0,0
JWW_PB,D,20200317,000000,0.79,0.82,0.77,0.77,0,0
JWW_PB,D,20200318,000000,0.82,0.85,0.81,0.81,0,0
JWW_PB,D,20200319,000000,0.84,0.84,0.79,0.79,0,0
JWW_PB,D,20200320,000000,0.79,0.95,0.79,0.95,0,0
JWW_PB,D,20200323,000000,0.94,0.94,0.9,0.93,0,0
JWW_PB,D,20200324,000000,0.93,0.94,0.9,0.9,0,0
JWW_PB,D,20200325,000000,0.9,0.94,0.9,0.94,0,0
JWW_PB,D,20200326,000000,0.94,0.94,0.94,0.94,0,0
JWW_PB,D,20200327,000000,0.95,1.02,0.95,0.95,0,0
JWW_PB,D,20200330,000000,0.95,0.95,0.88,0.88,0,0
JWW_PB,D,20200331,000000,0.9,0.9,0.9,0.9,0,0
JWW_PB,D,20200401,000000,0.9,0.9,0.9,0.9,0,0
JWW_PB,D,20200402,000000,0.95,0.95,0.88,0.95,0,0
JWW_PB,D,20200403,000000,0.95,0.95,0.95,0.95,0,0
JWW_PB,D,20200406,000000,0.95,1.04,0.95,1.04,0,0
JWW_PB,D,20200407,000000,1.09,1.32,1.09,1.21,0,0
JWW_PB,D,20200408,000000,1.23,1.32,1.22,1.22,0,0
JWW_PB,D,20200409,000000,1.22,1.22,1.1,1.12,0,0
JWW_PB,D,20200414,000000,1.13,1.19,1.13,1.16,0,0
JWW_PB,D,20200415,000000,1.15,1.15,1.11,1.11,0,0
JWW_PB,D,20200416,000000,1.13,1.13,1.13,1.13,0,0
JWW_PB,D,20200417,000000,1.13,1.13,1.13,1.13,0,0
JWW_PB,D,20200420,000000,1.13,1.13,1.12,1.13,0,0
JWW_PB,D,20200421,000000,1.13,1.13,1.13,1.13,0,0
JWW_PB,D,20200422,000000,1.09,1.13,1.09,1.13,0,0
JWW_PB,D,20200423,000000,1.13,1.13,1.09,1.12,0,0
JWW_PB,D,20200424,000000,1.12,1.12,1.12,1.12,0,0
JWW_PB,D,20200427,000000,1.12,1.12,1.12,1.12,0,0
JWW_PB,D,20200428,000000,1.12,1.19,1.12,1.19,0,0
JWW_PB,D,20200429,000000,1.2,1.23,1.2,1.22,0,0
JWW_PB,D,20200430,000000,1.22,1.29,1.2,1.29,0,0
JWW_PB,D,20200504,000000,1.29,1.29,1.26,1.26,0,0
JWW_PB,D,20200505,000000,1.26,1.26,1.23,1.23,0,0
JWW_PB,D,20200506,000000,1.23,1.23,1.23,1.23,0,0
JWW_PB,D,20200507,000000,1.23,1.23,1.23,1.23,0,0
JWW_PB,D,20200508,000000,1.23,1.25,1.23,1.25,0,0
JWW_PB,D,20200511,000000,1.25,1.38,1.25,1.31,0,0
JWW_PB,D,20200512,000000,1.38,1.39,1.33,1.33,0,0
JWW_PB,D,20200513,000000,1.36,1.36,1.35,1.35,0,0
JWW_PB,D,20200514,000000,1.37,1.37,1.35,1.35,0,0
JWW_PB,D,20200515,000000,1.32,1.32,1.32,1.32,0,0
JWW_PB,D,20200518,000000,1.39,1.39,1.39,1.39,0,0
JWW_PB,D,20200519,000000,1.39,1.5,1.39,1.49,0,0
JWW_PB,D,20200520,000000,1.49,1.49,1.4,1.44,0,0
JWW_PB,D,20200521,000000,1.45,1.6,1.45,1.6,0,0
JWW_PB,D,20200522,000000,1.6,1.6,1.52,1.53,0,0
JWW_PB,D,20200525,000000,1.55,1.55,1.49,1.49,0,0
JWW_PB,D,20200526,000000,1.49,1.55,1.47,1.55,0,0
JWW_PB,D,20200527,000000,1.61,1.77,1.51,1.55,0,0
JWW_PB,D,20200528,000000,1.55,1.64,1.55,1.62,0,0
JWW_PB,D,20200529,000000,1.54,1.62,1.39,1.62,0,0
JWW_PB,D,20200601,000000,1.63,1.63,1.54,1.59,0,0
JWW_PB,D,20200602,000000,1.57,1.57,1.52,1.52,0,0
JWW_PB,D,20200603,000000,1.52,1.52,1.41,1.45,0,0
JWW_PB,D,20200604,000000,1.39,1.39,1.36,1.38,0,0
JWW_PB,D,20200605,000000,1.43,1.72,1.42,1.72,0,0
JWW_PB,D,20200608,000000,2.23,2.23,2.23,2.23,0,0
JWW_PB,D,20200609,000000,2.41,2.43,1.95,2.33,0,0
JWW_PB,D,20200610,000000,2.34,2.34,2.11,2.11,0,0
JWW_PB,D,20200612,000000,2.17,2.17,1.8,1.96,0,0
JWW_PB,D,20200615,000000,1.93,1.99,1.92,1.99,0,0
JWW_PB,D,20200616,000000,1.99,1.99,1.85,1.95,0,0
JWW_PB,D,20200617,000000,1.89,1.89,1.8,1.87,0,0
JWW_PB,D,20200618,000000,1.89,1.89,1.89,1.89,0,0
JWW_PB,D,20200619,000000,1.89,1.89,1.89,1.89,0,0
JWW_PB,D,20200622,000000,1.89,1.89,1.7,1.8,0,0
JWW_PB,D,20200623,000000,1.8,1.87,1.8,1.87,0,0
JWW_PB,D,20200624,000000,1.84,1.88,1.84,1.86,0,0
JWW_PB,D,20200625,000000,1.86,1.86,1.74,1.84,0,0
JWW_PB,D,20200626,000000,1.76,1.77,1.75,1.75,0,0
JWW_PB,D,20200629,000000,1.75,1.75,1.75,1.75,0,0
JWW_PB,D,20200630,000000,1.82,1.82,1.71,1.71,0,0
JWW_PB,D,20200701,000000,1.77,1.77,1.75,1.75,0,0
JWW_PB,D,20200702,000000,1.76,1.76,1.76,1.76,0,0
JWW_PB,D,20200703,000000,1.72,1.72,1.71,1.71,0,0
JWW_PB,D,20200706,000000,1.71,1.71,1.71,1.71,0,0
JWW_PB,D,20200707,000000,1.76,1.76,1.76,1.76,0,0
JWW_PB,D,20200708,000000,1.76,1.76,1.69,1.71,0,0
JWW_PB,D,20200709,000000,1.64,1.7,1.64,1.7,0,0
JWW_PB,D,20200710,000000,1.72,1.75,1.72,1.75,0,0
JWW_PB,D,20200713,000000,1.92,1.92,1.84,1.84,0,0
JWW_PB,D,20200714,000000,1.91,1.91,1.8,1.9,0,0
JWW_PB,D,20200715,000000,1.89,1.89,1.89,1.89,0,0
JWW_PB,D,20200716,000000,1.82,1.82,1.78,1.78,0,0
JWW_PB,D,20200717,000000,1.84,1.84,1.75,1.8,0,0
JWW_PB,D,20200720,000000,1.8,1.8,1.71,1.73,0,0
JWW_PB,D,20200721,000000,1.71,1.73,1.71,1.73,0,0
JWW_PB,D,20200722,000000,1.68,1.68,1.66,1.66,0,0
JWW_PB,D,20200723,000000,1.66,1.66,1.55,1.55,0,0
JWW_PB,D,20200724,000000,1.55,1.61,1.55,1.61,0,0
JWW_PB,D,20200727,000000,1.61,1.88,1.56,1.8,0,0
JWW_PB,D,20200728,000000,1.8,1.8,1.67,1.71,0,0
JWW_PB,D,20200729,000000,1.66,1.66,1.64,1.64,0,0
JWW_PB,D,20200730,000000,1.65,1.65,1.59,1.59,0,0
JWW_PB,D,20200731,000000,1.58,1.59,1.54,1.54,0,0
JWW_PB,D,20200803,000000,1.56,1.56,1.46,1.53,0,0
JWW_PB,D,20200804,000000,1.54,1.54,1.53,1.53,0,0
JWW_PB,D,20200805,000000,1.53,1.58,1.53,1.58,0,0
JWW_PB,D,20200806,000000,1.59,1.63,1.59,1.63,0,0
JWW_PB,D,20200807,000000,1.63,1.63,1.59,1.59,0,0
JWW_PB,D,20200810,000000,1.59,1.59,1.59,1.59,0,0
JWW_PB,D,20200811,000000,1.59,1.63,1.56,1.56,0,0
JWW_PB,D,20200812,000000,1.55,1.55,1.55,1.55,0,0
JWW_PB,D,20200813,000000,1.59,1.59,1.54,1.54,0,0
JWW_PB,D,20200814,000000,1.59,1.59,1.59,1.59,0,0
JWW_PB,D,20200817,000000,1.54,1.54,1.53,1.53,0,0
JWW_PB,D,20200819,000000,1.51,1.51,1.51,1.51,0,0
JWW_PB,D,20200820,000000,1.48,1.48,1.48,1.48,0,0
JWW_PB,D,20200824,000000,1.55,1.55,1.55,1.55,0,0
JWW_PB,D,20200825,000000,1.57,1.57,1.57,1.57,0,0
JWW_PB,D,20200826,000000,1.59,1.59,1.59,1.59,0,0
JWW_PB,D,20200827,000000,1.59,1.59,1.59,1.59,0,0
JWW_PB,D,20200828,000000,1.59,1.59,1.54,1.59,0,0
JWW_PB,D,20200831,000000,1.59,1.59,1.59,1.59,0,0
JWW_PB,D,20200901,000000,1.63,1.63,1.63,1.63,0,0
JWW_PB,D,20200902,000000,1.63,1.63,1.63,1.63,0,0
JWW_PB,D,20200903,000000,1.56,1.62,1.55,1.62,0,0
JWW_PB,D,20200904,000000,1.62,1.62,1.62,1.62,0,0
JWW_PB,D,20200907,000000,1.62,1.62,1.54,1.54,0,0
JWW_PB,D,20200908,000000,1.54,1.54,1.47,1.47,0,0
JWW_PB,D,20200911,000000,1.49,1.49,1.49,1.49,0,0
JWW_PB,D,20200915,000000,1.52,1.52,1.52,1.52,0,0
JWW_PB,D,20200916,000000,1.53,1.53,1.53,1.53,0,0
JWW_PB,D,20200921,000000,1.54,1.54,1.54,1.54,0,0
JWW_PB,D,20200922,000000,1.53,1.53,1.53,1.53,0,0
JWW_PB,D,20200924,000000,1.55,1.55,1.55,1.55,0,0
JWW_PB,D,20200925,000000,1.4,1.5,1.4,1.5,0,0
JWW_PB,D,20200930,000000,1.37,1.5,1.35,1.35,0,0
JWW_PB,D,20201001,000000,1.35,1.35,1.35,1.35,0,0
JWW_PB,D,20201006,000000,1.33,1.33,1.33,1.33,0,0
JWW_PB,D,20201007,000000,1.33,1.33,1.33,1.33,0,0
JWW_PB,D,20201008,000000,1.33,1.33,1.33,1.33,0,0
JWW_PB,D,20201012,000000,1.31,1.35,1.31,1.35,0,0
JWW_PB,D,20201013,000000,1.38,1.38,1.38,1.38,0,0
JWW_PB,D,20201014,000000,1.37,1.37,1.33,1.33,0,0
JWW_PB,D,20201015,000000,1.3,1.3,1.24,1.24,0,0
JWW_PB,D,20201016,000000,1.32,1.32,1.24,1.24,0,0
