<TICKER>,<PER>,<DATE>,<TIME>,<OPEN>,<HIGH>,<LOW>,<CLOSE>,<VOL>,<OPENINT>
KBD_PE,D,20070813,000000,55.2,55.2,55.2,55.2,0,0
KBD_PE,D,20070814,000000,53.7,53.7,53.7,53.7,0,0
KBD_PE,D,20070816,000000,50.2,50.2,50.2,50.2,0,0
KBD_PE,D,20070817,000000,56.9,56.9,56.9,56.9,0,0
KBD_PE,D,20070820,000000,52,52,52,52,0,0
KBD_PE,D,20070821,000000,51.1,51.1,51.1,51.1,0,0
KBD_PE,D,20070822,000000,51.3,51.3,51.3,51.3,0,0
KBD_PE,D,20070823,000000,56.4,56.4,56.4,56.4,0,0
KBD_PE,D,20070824,000000,57.6,57.6,57.6,57.6,0,0
KBD_PE,D,20070827,000000,57.6,57.6,57.6,57.6,0,0
KBD_PE,D,20070828,000000,58.3,58.3,58.3,58.3,0,0
KBD_PE,D,20070829,000000,59.6,59.6,59.6,59.6,0,0
KBD_PE,D,20070830,000000,55.5,55.5,55.5,55.5,0,0
KBD_PE,D,20070831,000000,56,56,56,56,0,0
KBD_PE,D,20070903,000000,55.6,55.6,55.6,55.6,0,0
KBD_PE,D,20070904,000000,56,56,56,56,0,0
KBD_PE,D,20070905,000000,54.2,54.2,54.2,54.2,0,0
KBD_PE,D,20070906,000000,53.9,53.9,53.9,53.9,0,0
KBD_PE,D,20070907,000000,52.7,52.7,52.7,52.7,0,0
KBD_PE,D,20070910,000000,50.7,50.7,50.7,50.7,0,0
KBD_PE,D,20070911,000000,56,56,56,56,0,0
KBD_PE,D,20070912,000000,54.4,54.4,54.4,54.4,0,0
KBD_PE,D,20070913,000000,54.4,54.4,54.4,54.4,0,0
KBD_PE,D,20070914,000000,53.7,53.7,53.7,53.7,0,0
KBD_PE,D,20070917,000000,52.7,52.7,52.7,52.7,0,0
KBD_PE,D,20070918,000000,52,52,52,52,0,0
KBD_PE,D,20070919,000000,52.1,52.1,52.1,52.1,0,0
KBD_PE,D,20070920,000000,52.3,52.3,52.3,52.3,0,0
KBD_PE,D,20070921,000000,52.5,52.5,52.5,52.5,0,0
KBD_PE,D,20070924,000000,53.2,53.2,53.2,53.2,0,0
KBD_PE,D,20070925,000000,52.8,52.8,52.8,52.8,0,0
KBD_PE,D,20070926,000000,52.5,52.5,52.5,52.5,0,0
KBD_PE,D,20070927,000000,52.3,52.3,52.3,52.3,0,0
KBD_PE,D,20070928,000000,52.1,52.1,52.1,52.1,0,0
KBD_PE,D,20071001,000000,52.8,52.8,52.8,52.8,0,0
KBD_PE,D,20071002,000000,56.2,56.2,56.2,56.2,0,0
KBD_PE,D,20071003,000000,56.9,56.9,56.9,56.9,0,0
KBD_PE,D,20071004,000000,56.9,56.9,56.9,56.9,0,0
KBD_PE,D,20071005,000000,56.3,56.3,56.3,56.3,0,0
KBD_PE,D,20071008,000000,56.3,56.3,56.3,56.3,0,0
KBD_PE,D,20071009,000000,56.7,56.7,56.7,56.7,0,0
KBD_PE,D,20071010,000000,54.4,54.4,54.4,54.4,0,0
KBD_PE,D,20071011,000000,55.5,55.5,55.5,55.5,0,0
KBD_PE,D,20071015,000000,56.7,56.7,56.7,56.7,0,0
KBD_PE,D,20071016,000000,55.5,55.5,55.5,55.5,0,0
KBD_PE,D,20071017,000000,55.6,55.6,55.6,55.6,0,0
KBD_PE,D,20071018,000000,55.5,55.5,55.5,55.5,0,0
KBD_PE,D,20071019,000000,56,56,56,56,0,0
KBD_PE,D,20071022,000000,54.6,54.6,54.6,54.6,0,0
KBD_PE,D,20071023,000000,56.3,56.3,56.3,56.3,0,0
KBD_PE,D,20071024,000000,55.1,55.1,55.1,55.1,0,0
KBD_PE,D,20071025,000000,54.2,54.2,54.2,54.2,0,0
KBD_PE,D,20071026,000000,54.4,54.4,54.4,54.4,0,0
KBD_PE,D,20071029,000000,53.9,53.9,53.9,53.9,0,0
KBD_PE,D,20071030,000000,53.2,53.2,53.2,53.2,0,0
KBD_PE,D,20071031,000000,53.5,53.5,53.5,53.5,0,0
KBD_PE,D,20071102,000000,53.2,53.2,53.2,53.2,0,0
KBD_PE,D,20071105,000000,52.5,52.5,52.5,52.5,0,0
KBD_PE,D,20071106,000000,52.3,52.3,52.3,52.3,0,0
KBD_PE,D,20071107,000000,47.6,47.6,47.6,47.6,0,0
KBD_PE,D,20071108,000000,47.4,47.4,47.4,47.4,0,0
KBD_PE,D,20071109,000000,48.1,48.6,44.7,46.3,0,0
KBD_PE,D,20071112,000000,46.5,46.5,43.3,43.9,0,0
KBD_PE,D,20071113,000000,46.2,46.2,43.9,44.4,0,0
KBD_PE,D,20071114,000000,45.8,46.3,44.6,44.8,0,0
KBD_PE,D,20071115,000000,44.5,44.8,39.3,39.3,0,0
KBD_PE,D,20071116,000000,38.6,39.5,37.7,39.5,0,0
KBD_PE,D,20071119,000000,41,41,37.9,38,0,0
KBD_PE,D,20071120,000000,37.8,37.8,36.5,37.1,0,0
KBD_PE,D,20071121,000000,36.6,36.8,31.4,32,0,0
KBD_PE,D,20071122,000000,31.4,36.8,30.9,36.7,0,0
KBD_PE,D,20071123,000000,36.7,42.8,36.7,42.8,0,0
KBD_PE,D,20071126,000000,44.9,46.7,40.4,40.4,0,0
KBD_PE,D,20071127,000000,39.4,42.2,39.4,41,0,0
KBD_PE,D,20071128,000000,42.3,45.2,39.9,44.1,0,0
KBD_PE,D,20071129,000000,45.6,45.8,43.9,43.9,0,0
KBD_PE,D,20071130,000000,46,47.2,44.9,47.2,0,0
KBD_PE,D,20071203,000000,46.7,46.7,44.5,45.4,0,0
KBD_PE,D,20071204,000000,44.9,45.6,44.1,44.1,0,0
KBD_PE,D,20071205,000000,45.6,46.7,44.5,46.7,0,0
KBD_PE,D,20071206,000000,46.7,48.2,44.9,45.2,0,0
KBD_PE,D,20071207,000000,45.8,46.7,45.4,45.8,0,0
KBD_PE,D,20071210,000000,45.6,47.4,45,46.1,0,0
KBD_PE,D,20071211,000000,46.7,46.7,45.6,46.3,0,0
KBD_PE,D,20071212,000000,45.2,45.2,44.3,44.3,0,0
KBD_PE,D,20071213,000000,44.3,44.3,41.9,43,0,0
KBD_PE,D,20071214,000000,42.3,43,39.5,40.6,0,0
KBD_PE,D,20071217,000000,40.4,40.4,37.7,37.7,0,0
KBD_PE,D,20071218,000000,37.7,38.1,35.5,36.7,0,0
KBD_PE,D,20071219,000000,37.1,37.2,35.6,35.6,0,0
KBD_PE,D,20071220,000000,36,36.5,34.5,34.5,0,0
KBD_PE,D,20071221,000000,34.9,37.4,34.9,35.8,0,0
KBD_PE,D,20071227,000000,38.2,38.2,36.7,37.9,0,0
KBD_PE,D,20071228,000000,37.9,38.4,37.3,37.3,0,0
KBD_PE,D,20080102,000000,37.9,40.4,37.9,39.9,0,0
KBD_PE,D,20080103,000000,38.6,40.6,38.6,40.4,0,0
KBD_PE,D,20080104,000000,41.3,41.3,38.3,38.4,0,0
KBD_PE,D,20080107,000000,37.9,38.4,36.9,38.4,0,0
KBD_PE,D,20080108,000000,37.5,38.1,37.3,37.9,0,0
KBD_PE,D,20080109,000000,36.8,36.8,35.3,36.2,0,0
KBD_PE,D,20080110,000000,35.8,36.4,34.7,35.8,0,0
KBD_PE,D,20080111,000000,35.8,36,34.7,35.3,0,0
KBD_PE,D,20080114,000000,45.6,45.6,45.6,45.6,0,0
KBD_PE,D,20080115,000000,46.3,46.3,43.6,43.6,0,0
KBD_PE,D,20080116,000000,40.1,42.1,39.4,40.4,0,0
KBD_PE,D,20080117,000000,43.1,43.1,40.4,42.4,0,0
KBD_PE,D,20080118,000000,41.2,43.7,40.2,43.1,0,0
KBD_PE,D,20080121,000000,41.1,42.8,41.1,41.4,0,0
KBD_PE,D,20080122,000000,39.7,42.9,39.7,42.9,0,0
KBD_PE,D,20080123,000000,43.2,43.4,41,42.6,0,0
KBD_PE,D,20080124,000000,44,46.7,44,45.8,0,0
KBD_PE,D,20080125,000000,47.6,48.8,46.6,48.2,0,0
KBD_PE,D,20080128,000000,46.7,46.7,45.7,46.5,0,0
KBD_PE,D,20080129,000000,47.4,47.4,46.7,47.3,0,0
KBD_PE,D,20080130,000000,48,48,46.6,47.3,0,0
KBD_PE,D,20080131,000000,46.3,48,46.1,48,0,0
KBD_PE,D,20080201,000000,47.6,50,47.6,48.5,0,0
KBD_PE,D,20080204,000000,50.2,50.2,49.8,49.9,0,0
KBD_PE,D,20080205,000000,49.6,52.1,48.4,48.5,0,0
KBD_PE,D,20080206,000000,46.3,49,46.3,49,0,0
KBD_PE,D,20080207,000000,49.5,49.5,48.3,48.7,0,0
KBD_PE,D,20080208,000000,49.6,49.6,47.7,48.7,0,0
KBD_PE,D,20080211,000000,49.1,49.6,48.7,49,0,0
KBD_PE,D,20080212,000000,49,49.8,48.5,49.2,0,0
KBD_PE,D,20080213,000000,49.1,50.6,49.1,50.2,0,0
KBD_PE,D,20080214,000000,50.7,51.7,50.7,51.5,0,0
KBD_PE,D,20080215,000000,51.2,51.2,50.7,51.2,0,0
KBD_PE,D,20080218,000000,50,51,49.8,50.4,0,0
KBD_PE,D,20080219,000000,51.1,51.1,49.6,49.9,0,0
KBD_PE,D,20080220,000000,49.4,63.5,48.7,63.5,0,0
KBD_PE,D,20080221,000000,65.1,65.1,63.5,64.4,0,0
KBD_PE,D,20080222,000000,63.8,64.1,63.5,63.5,0,0
KBD_PE,D,20080225,000000,64.4,64.8,63.5,63.5,0,0
KBD_PE,D,20080226,000000,63.8,64.1,62.5,63.1,0,0
KBD_PE,D,20080227,000000,62.9,63.2,62.5,62.8,0,0
KBD_PE,D,20080228,000000,62.9,64.4,62.5,63.5,0,0
KBD_PE,D,20080229,000000,61.6,63.2,61.6,63.1,0,0
KBD_PE,D,20080303,000000,60.3,60.3,39.2,39.2,0,0
KBD_PE,D,20080304,000000,40.5,48.8,39.2,48.8,0,0
KBD_PE,D,20080305,000000,48.6,49.6,47.8,49.6,0,0
KBD_PE,D,20080306,000000,48.8,48.8,47.8,47.8,0,0
KBD_PE,D,20080307,000000,47.3,47.8,46.3,46.8,0,0
KBD_PE,D,20080310,000000,46,47.3,46,46.8,0,0
KBD_PE,D,20080311,000000,47.3,47.3,46,46.5,0,0
KBD_PE,D,20080312,000000,47.3,48.8,46.5,46.8,0,0
KBD_PE,D,20080313,000000,46.8,46.8,45.3,45.8,0,0
KBD_PE,D,20080314,000000,46,47.1,45,46,0,0
KBD_PE,D,20080317,000000,46,46,44.8,45,0,0
KBD_PE,D,20080318,000000,44.5,46,44.2,45,0,0
KBD_PE,D,20080319,000000,45.8,45.8,45,45,0,0
KBD_PE,D,20080320,000000,45.3,45.5,45,45.5,0,0
KBD_PE,D,20080325,000000,46,46,45.3,45.5,0,0
KBD_PE,D,20080326,000000,45.8,46.5,44.8,46.5,0,0
KBD_PE,D,20080327,000000,46.3,47.3,46.3,47.3,0,0
KBD_PE,D,20080328,000000,46,47.6,46,46.3,0,0
KBD_PE,D,20080331,000000,46.8,46.8,46.8,46.8,0,0
KBD_PE,D,20080401,000000,47.6,48.6,47.1,47.8,0,0
KBD_PE,D,20080402,000000,47.8,48.3,47.1,47.8,0,0
KBD_PE,D,20080403,000000,48.1,48.1,46.5,46.5,0,0
KBD_PE,D,20080404,000000,46.5,47.1,46.3,46.5,0,0
KBD_PE,D,20080407,000000,46,47.3,45.5,45.5,0,0
KBD_PE,D,20080408,000000,45,46,45,45.8,0,0
KBD_PE,D,20080409,000000,45.8,45.8,44.8,45,0,0
KBD_PE,D,20080410,000000,45.8,47.6,45,47.3,0,0
KBD_PE,D,20080411,000000,47.1,47.1,45.5,45.5,0,0
KBD_PE,D,20080414,000000,45.3,45.3,43.7,44.7,0,0
KBD_PE,D,20080415,000000,44.8,45.8,44.8,45.8,0,0
KBD_PE,D,20080416,000000,45.8,45.8,44.5,45.5,0,0
KBD_PE,D,20080417,000000,46,46,44,44,0,0
KBD_PE,D,20080418,000000,44,45,43.2,43.2,0,0
KBD_PE,D,20080421,000000,43,43.2,40.9,42.4,0,0
KBD_PE,D,20080422,000000,41.3,41.4,39.5,41.4,0,0
KBD_PE,D,20080423,000000,41.4,41.7,38.6,40.7,0,0
KBD_PE,D,20080424,000000,41.2,41.2,38.9,40.9,0,0
KBD_PE,D,20080425,000000,40.9,42.2,40.2,42.2,0,0
KBD_PE,D,20080428,000000,42.2,43,41.4,41.4,0,0
KBD_PE,D,20080429,000000,42.5,42.5,40.2,41.7,0,0
KBD_PE,D,20080430,000000,41.7,41.7,40.9,40.9,0,0
KBD_PE,D,20080505,000000,41.9,41.9,41.7,41.9,0,0
KBD_PE,D,20080506,000000,41.2,41.9,40.9,41.9,0,0
KBD_PE,D,20080507,000000,41.9,43,41.9,42.7,0,0
KBD_PE,D,20080508,000000,42.7,42.7,42.7,42.7,0,0
KBD_PE,D,20080509,000000,40.9,42.5,40.9,41.7,0,0
KBD_PE,D,20080512,000000,41.2,41.7,39.9,40.4,0,0
KBD_PE,D,20080513,000000,41.7,41.7,39.9,40.9,0,0
KBD_PE,D,20080514,000000,41.2,41.7,41.2,41.4,0,0
KBD_PE,D,20080515,000000,40.9,41.4,40.4,40.7,0,0
KBD_PE,D,20080516,000000,38.4,40.7,37.3,40.7,0,0
KBD_PE,D,20080519,000000,40.7,40.7,37.9,38.6,0,0
KBD_PE,D,20090302,000000,4.3,4.3,4.3,4.3,0,0
KBD_PE,D,20090303,000000,4.6,4.6,4.3,4.5,0,0
KBD_PE,D,20090304,000000,4.6,4.7,4.6,4.6,0,0
KBD_PE,D,20090305,000000,4.7,4.7,4.5,4.5,0,0
KBD_PE,D,20090306,000000,4.4,4.6,4.4,4.5,0,0
KBD_PE,D,20090309,000000,4.5,4.7,4.3,4.6,0,0
KBD_PE,D,20090310,000000,4.5,5.1,4.5,5.1,0,0
KBD_PE,D,20090311,000000,5.3,5.3,5.1,5.2,0,0
KBD_PE,D,20090312,000000,4.9,5.1,4.9,5.1,0,0
KBD_PE,D,20090313,000000,5.2,5.3,5.2,5.3,0,0
KBD_PE,D,20090316,000000,5.3,5.3,5,5.3,0,0
KBD_PE,D,20090317,000000,5.2,5.2,5,5,0,0
KBD_PE,D,20090318,000000,5.1,5.2,4.8,5.1,0,0
KBD_PE,D,20090319,000000,5.2,5.2,5,5.1,0,0
KBD_PE,D,20090320,000000,4.9,6.7,4.9,6.1,0,0
KBD_PE,D,20090323,000000,6.4,6.8,6.4,6.5,0,0
KBD_PE,D,20090324,000000,6.8,6.8,6.2,6.3,0,0
KBD_PE,D,20090325,000000,6.2,7,6.1,7,0,0
KBD_PE,D,20090326,000000,7.8,7.8,7.3,7.4,0,0
KBD_PE,D,20090327,000000,7.4,7.7,7.1,7.1,0,0
KBD_PE,D,20090330,000000,6.9,7.5,6.9,7.3,0,0
KBD_PE,D,20090331,000000,7.6,7.6,7,7,0,0
KBD_PE,D,20090401,000000,7.1,7.3,6.5,6.7,0,0
KBD_PE,D,20090402,000000,6.7,6.7,6.7,6.7,0,0
KBD_PE,D,20090403,000000,6.9,7.1,6.5,7.1,0,0
KBD_PE,D,20090406,000000,7,7.1,6.8,7,0,0
KBD_PE,D,20090407,000000,6.9,7.1,6.7,6.9,0,0
KBD_PE,D,20090408,000000,6.9,7.2,6.7,7.1,0,0
KBD_PE,D,20090409,000000,7.1,7.3,7.1,7.2,0,0
KBD_PE,D,20090414,000000,7.2,7.9,7.2,7.5,0,0
KBD_PE,D,20090415,000000,7.6,7.8,7.3,7.6,0,0
KBD_PE,D,20090416,000000,7.8,7.8,7.4,7.4,0,0
KBD_PE,D,20090417,000000,7.5,7.5,7.2,7.4,0,0
KBD_PE,D,20090420,000000,7.5,7.6,6.8,6.8,0,0
KBD_PE,D,20090421,000000,7.1,7.1,6.6,6.9,0,0
KBD_PE,D,20090422,000000,7,7.1,6.8,6.8,0,0
KBD_PE,D,20090423,000000,6.9,7.8,6.9,7.8,0,0
KBD_PE,D,20090424,000000,7.6,8.9,7.6,8.7,0,0
KBD_PE,D,20090427,000000,8.4,9,8.4,8.4,0,0
KBD_PE,D,20090428,000000,8.4,8.4,8.1,8.1,0,0
KBD_PE,D,20090429,000000,8.2,8.6,8.2,8.4,0,0
KBD_PE,D,20090430,000000,8.6,8.7,8.1,8.1,0,0
KBD_PE,D,20090504,000000,8.3,8.7,8.1,8.7,0,0
KBD_PE,D,20090505,000000,8.7,8.7,8.2,8.2,0,0
KBD_PE,D,20090506,000000,8.2,8.7,8.1,8.7,0,0
KBD_PE,D,20090507,000000,8.9,8.9,8.3,8.3,0,0
KBD_PE,D,20090508,000000,8.4,8.4,8.1,8.4,0,0
KBD_PE,D,20090511,000000,8.4,8.6,8.2,8.3,0,0
KBD_PE,D,20090512,000000,8.3,8.6,8.3,8.4,0,0
KBD_PE,D,20090513,000000,8.5,8.5,8.2,8.4,0,0
KBD_PE,D,20090514,000000,8.2,8.5,8.2,8.4,0,0
KBD_PE,D,20090515,000000,8.6,8.7,8.5,8.7,0,0
KBD_PE,D,20090518,000000,8.7,9.6,6.9,6.9,0,0
KBD_PE,D,20090519,000000,7,7,6.7,6.7,0,0
KBD_PE,D,20090520,000000,6.8,7.2,6.8,7.2,0,0
KBD_PE,D,20090521,000000,7.1,7.6,7,7.2,0,0
KBD_PE,D,20090522,000000,7.2,7.5,7.1,7.1,0,0
KBD_PE,D,20090525,000000,7.1,7.1,6.9,7.1,0,0
KBD_PE,D,20090526,000000,7,7,6.7,6.9,0,0
KBD_PE,D,20090527,000000,7.2,7.3,6.9,7.1,0,0
KBD_PE,D,20090528,000000,7,7.1,6.9,7.1,0,0
KBD_PE,D,20090529,000000,7.2,7.2,6.9,7,0,0
KBD_PE,D,20090601,000000,7,7.3,7,7.3,0,0
KBD_PE,D,20090602,000000,7.4,7.4,7,7.3,0,0
KBD_PE,D,20090603,000000,7.3,7.3,7.1,7.1,0,0
KBD_PE,D,20090604,000000,7,7.2,7,7.1,0,0
KBD_PE,D,20090605,000000,7.2,7.2,7,7,0,0
KBD_PE,D,20090608,000000,6.9,6.9,6.6,6.9,0,0
KBD_PE,D,20090609,000000,6.7,7,6.7,7,0,0
KBD_PE,D,20090610,000000,7,7.1,6.9,7.1,0,0
KBD_PE,D,20090612,000000,7.1,7.1,7,7,0,0
KBD_PE,D,20090615,000000,6.9,7,6.9,7,0,0
KBD_PE,D,20090616,000000,6.9,7,6.8,6.8,0,0
KBD_PE,D,20090617,000000,6.9,6.9,6.5,6.8,0,0
KBD_PE,D,20090618,000000,6.9,6.9,6.5,6.5,0,0
KBD_PE,D,20090619,000000,6.4,6.7,6.4,6.7,0,0
KBD_PE,D,20090622,000000,6.6,6.6,6.3,6.3,0,0
KBD_PE,D,20090623,000000,6.1,6.2,6,6.1,0,0
KBD_PE,D,20090624,000000,6.2,6.2,6,6.1,0,0
KBD_PE,D,20090625,000000,6.2,6.2,6.1,6.1,0,0
KBD_PE,D,20090626,000000,6.1,6.2,6.1,6.2,0,0
KBD_PE,D,20090629,000000,6.2,6.4,6.2,6.4,0,0
KBD_PE,D,20090630,000000,6.3,6.7,6.3,6.5,0,0
KBD_PE,D,20090701,000000,6.3,6.8,6.3,6.6,0,0
KBD_PE,D,20090702,000000,6.5,6.6,6.3,6.3,0,0
KBD_PE,D,20090703,000000,6.2,6.5,6.2,6.4,0,0
KBD_PE,D,20090706,000000,6.4,6.6,6.2,6.6,0,0
KBD_PE,D,20090707,000000,6.6,6.6,6.3,6.5,0,0
KBD_PE,D,20090708,000000,6.3,6.4,6.3,6.3,0,0
KBD_PE,D,20090709,000000,6.3,6.4,6.1,6.1,0,0
KBD_PE,D,20090710,000000,6.1,6.2,6,6.1,0,0
KBD_PE,D,20090713,000000,6.2,6.3,6,6.3,0,0
KBD_PE,D,20090714,000000,6.3,6.4,6.2,6.3,0,0
KBD_PE,D,20090715,000000,6.4,6.6,6.4,6.5,0,0
KBD_PE,D,20090716,000000,6.5,6.6,6.5,6.6,0,0
KBD_PE,D,20090717,000000,6.6,6.6,6.3,6.4,0,0
KBD_PE,D,20090720,000000,6.4,6.6,6.4,6.5,0,0
KBD_PE,D,20090721,000000,6.5,6.8,6.4,6.5,0,0
KBD_PE,D,20090722,000000,6.5,6.6,6.3,6.4,0,0
KBD_PE,D,20090723,000000,6.5,6.6,6.5,6.6,0,0
KBD_PE,D,20090724,000000,6.7,6.8,6.5,6.5,0,0
KBD_PE,D,20090727,000000,6.6,6.6,6.5,6.6,0,0
KBD_PE,D,20090728,000000,6.6,6.6,6.5,6.6,0,0
KBD_PE,D,20090729,000000,6.6,6.6,6.5,6.6,0,0
KBD_PE,D,20090730,000000,6.7,7.3,6.7,7.3,0,0
KBD_PE,D,20090731,000000,7.7,7.7,7.4,7.4,0,0
KBD_PE,D,20090803,000000,7.5,8.1,7.3,7.9,0,0
KBD_PE,D,20090804,000000,8.1,8.1,7.8,7.8,0,0
KBD_PE,D,20090805,000000,7.7,8,7.7,7.9,0,0
KBD_PE,D,20090806,000000,7.9,7.9,7.6,7.8,0,0
KBD_PE,D,20090807,000000,7.8,8.3,7.7,8,0,0
KBD_PE,D,20090810,000000,8.3,8.6,8,8.3,0,0
KBD_PE,D,20090811,000000,8.5,8.6,8.1,8.3,0,0
KBD_PE,D,20090812,000000,8.2,8.6,8.2,8.4,0,0
KBD_PE,D,20090813,000000,8.4,8.5,8.3,8.3,0,0
KBD_PE,D,20090814,000000,8.4,8.8,8.4,8.5,0,0
KBD_PE,D,20090817,000000,8.5,8.6,8.4,8.4,0,0
KBD_PE,D,20090818,000000,8.5,8.5,8.3,8.4,0,0
KBD_PE,D,20090819,000000,8.3,8.7,8.3,8.4,0,0
KBD_PE,D,20090820,000000,8.4,8.9,8.4,8.9,0,0
KBD_PE,D,20090821,000000,8.9,9.3,8.8,9.1,0,0
KBD_PE,D,20090824,000000,9.2,9.4,9.2,9.4,0,0
KBD_PE,D,20090825,000000,9.4,9.8,9.3,9.6,0,0
KBD_PE,D,20090826,000000,9.7,9.7,9.3,9.4,0,0
KBD_PE,D,20090827,000000,9.2,9.7,9.2,9.5,0,0
KBD_PE,D,20090828,000000,9.4,9.6,9.3,9.5,0,0
KBD_PE,D,20090831,000000,9.5,9.7,9.3,9.5,0,0
KBD_PE,D,20090901,000000,9.6,9.6,8.8,8.9,0,0
KBD_PE,D,20090902,000000,8.9,8.9,7.4,7.4,0,0
KBD_PE,D,20090903,000000,7.5,7.8,7.3,7.7,0,0
KBD_PE,D,20090904,000000,7.6,8,7.6,7.9,0,0
KBD_PE,D,20090907,000000,8.1,8.2,7.9,8.1,0,0
KBD_PE,D,20090908,000000,8.1,8.2,7.9,8,0,0
KBD_PE,D,20090909,000000,8,8.1,7.9,7.9,0,0
KBD_PE,D,20090910,000000,8,8,7.6,7.8,0,0
KBD_PE,D,20090911,000000,7.9,7.9,7.7,7.8,0,0
KBD_PE,D,20090914,000000,7.7,7.8,7.6,7.7,0,0
KBD_PE,D,20090915,000000,7.8,7.8,7.6,7.8,0,0
KBD_PE,D,20090916,000000,7.8,8,7.8,8,0,0
KBD_PE,D,20090917,000000,8.1,8.1,7.8,7.9,0,0
KBD_PE,D,20090918,000000,7.8,7.9,7.7,7.9,0,0
KBD_PE,D,20090921,000000,7.9,8,7.8,7.9,0,0
KBD_PE,D,20090922,000000,7.9,8.1,7.8,8,0,0
KBD_PE,D,20090923,000000,7.9,7.9,7.8,7.8,0,0
KBD_PE,D,20090924,000000,7.7,7.9,7.6,7.7,0,0
KBD_PE,D,20090925,000000,7.8,7.8,7.4,7.7,0,0
KBD_PE,D,20090928,000000,7.5,7.8,7.5,7.8,0,0
KBD_PE,D,20090929,000000,7.9,7.9,7.5,7.5,0,0
KBD_PE,D,20090930,000000,7.6,9.8,7.4,9.8,0,0
KBD_PE,D,20091001,000000,9.9,9.9,9.6,9.6,0,0
KBD_PE,D,20091002,000000,9.5,9.5,9.2,9.2,0,0
KBD_PE,D,20091005,000000,9.3,9.4,9.2,9.3,0,0
KBD_PE,D,20091006,000000,9.4,9.5,9.4,9.4,0,0
KBD_PE,D,20091007,000000,9.5,9.5,9.2,9.2,0,0
KBD_PE,D,20091008,000000,9.3,9.3,9.1,9.2,0,0
KBD_PE,D,20091009,000000,9.3,9.3,8.8,8.9,0,0
KBD_PE,D,20091012,000000,9,9,8.5,8.7,0,0
KBD_PE,D,20091013,000000,8.7,8.7,7.9,8.1,0,0
KBD_PE,D,20091014,000000,8.2,9,8.2,8.9,0,0
KBD_PE,D,20091015,000000,9,9,8.6,8.7,0,0
KBD_PE,D,20091016,000000,8.8,8.8,8.4,8.4,0,0
KBD_PE,D,20091019,000000,8.4,8.6,8.2,8.2,0,0
KBD_PE,D,20091020,000000,8.3,8.4,8.3,8.4,0,0
KBD_PE,D,20091021,000000,8.5,8.5,8.3,8.3,0,0
KBD_PE,D,20091022,000000,8.4,8.4,8.2,8.3,0,0
KBD_PE,D,20091023,000000,8.4,8.7,8.4,8.4,0,0
KBD_PE,D,20091026,000000,8.4,8.4,8.2,8.3,0,0
KBD_PE,D,20091027,000000,8.4,8.4,8.1,8.1,0,0
KBD_PE,D,20091028,000000,8.2,8.2,8.1,8.1,0,0
KBD_PE,D,20091029,000000,8,8.2,7.9,8.1,0,0
KBD_PE,D,20091030,000000,8.2,8.3,8.1,8.3,0,0
KBD_PE,D,20091102,000000,8.2,8.2,7.9,8,0,0
KBD_PE,D,20091103,000000,8,8,7.8,8,0,0
KBD_PE,D,20091104,000000,8.1,8.1,7.9,8,0,0
KBD_PE,D,20091105,000000,7.9,8.1,7.9,8,0,0
KBD_PE,D,20091106,000000,7.9,8,7.8,8,0,0
KBD_PE,D,20091109,000000,7.9,8.5,7.9,8.3,0,0
KBD_PE,D,20091110,000000,8.4,8.6,8.2,8.4,0,0
KBD_PE,D,20091112,000000,8.5,8.5,8.4,8.4,0,0
KBD_PE,D,20091113,000000,8.5,8.5,8.3,8.4,0,0
KBD_PE,D,20091116,000000,7.9,14.2,7.6,14.2,0,0
KBD_PE,D,20091117,000000,14.2,14.2,13.7,14,0,0
KBD_PE,D,20091118,000000,14,14.1,13,13.1,0,0
KBD_PE,D,20091119,000000,13.2,13.2,13,13.1,0,0
KBD_PE,D,20091120,000000,13.2,13.5,13.1,13.2,0,0
KBD_PE,D,20091123,000000,13.3,13.5,13.1,13.2,0,0
KBD_PE,D,20091124,000000,13.2,13.5,12.9,13.2,0,0
KBD_PE,D,20091125,000000,12.8,13.2,12.7,13.2,0,0
KBD_PE,D,20091126,000000,13.1,13.2,12.8,13.1,0,0
KBD_PE,D,20091127,000000,12.8,12.8,12.6,12.8,0,0
KBD_PE,D,20091130,000000,12.7,13.1,12.7,13.1,0,0
KBD_PE,D,20091201,000000,12.7,12.8,12.5,12.5,0,0
KBD_PE,D,20091202,000000,12.4,12.8,12.4,12.4,0,0
KBD_PE,D,20091203,000000,12.5,12.5,12,12.3,0,0
KBD_PE,D,20091204,000000,12.3,12.3,11.8,11.9,0,0
KBD_PE,D,20091207,000000,11.9,11.9,11.8,11.8,0,0
KBD_PE,D,20091208,000000,11.8,11.9,11.5,11.5,0,0
KBD_PE,D,20091209,000000,11.4,12.3,11.4,11.8,0,0
KBD_PE,D,20091210,000000,11.8,11.9,11.8,11.9,0,0
KBD_PE,D,20091211,000000,12,12,11.8,12,0,0
KBD_PE,D,20091214,000000,11.9,11.9,11.5,11.9,0,0
KBD_PE,D,20091215,000000,11.8,11.8,11.3,11.4,0,0
KBD_PE,D,20091216,000000,11.5,11.7,11,11.1,0,0
KBD_PE,D,20091217,000000,11,11,10.7,10.9,0,0
KBD_PE,D,20091218,000000,10.8,10.9,10.4,10.6,0,0
KBD_PE,D,20091221,000000,10.5,10.6,9.9,10.1,0,0
KBD_PE,D,20091222,000000,10,10.2,9.8,10,0,0
KBD_PE,D,20091223,000000,9.9,10,9.4,9.6,0,0
KBD_PE,D,20091228,000000,9.5,10.1,9.5,9.8,0,0
KBD_PE,D,20091229,000000,9.9,10.4,9.8,10.1,0,0
KBD_PE,D,20091230,000000,10.2,10.6,10,10.5,0,0
KBD_PE,D,20091231,000000,10.5,10.5,10.2,10.3,0,0
KBD_PE,D,20100104,000000,10.3,10.6,10,10.5,0,0
KBD_PE,D,20100105,000000,10.5,10.6,10.4,10.5,0,0
KBD_PE,D,20100106,000000,10.5,10.6,9.9,10.2,0,0
KBD_PE,D,20100107,000000,10.2,10.2,9.8,10,0,0
KBD_PE,D,20100108,000000,9.9,10.1,9.9,10,0,0
KBD_PE,D,20100111,000000,9.9,9.9,8.4,8.9,0,0
KBD_PE,D,20100112,000000,9,9,8.4,8.4,0,0
KBD_PE,D,20100113,000000,8.4,8.8,8.4,8.7,0,0
KBD_PE,D,20100114,000000,8.7,8.8,8.7,8.7,0,0
KBD_PE,D,20100115,000000,8.8,9.2,8.8,9,0,0
KBD_PE,D,20100118,000000,9.1,9.6,9.1,9.4,0,0
KBD_PE,D,20100119,000000,9.5,9.5,8.9,9,0,0
KBD_PE,D,20100120,000000,9,9,8.6,8.9,0,0
KBD_PE,D,20100121,000000,8.9,8.9,8.5,8.8,0,0
KBD_PE,D,20100122,000000,8.8,8.9,8.7,8.8,0,0
KBD_PE,D,20100125,000000,8.8,9.2,8.8,9,0,0
KBD_PE,D,20100126,000000,9,9,8.7,9,0,0
KBD_PE,D,20100127,000000,9,9,8.6,8.7,0,0
KBD_PE,D,20100128,000000,8.8,8.8,8.7,8.8,0,0
KBD_PE,D,20100129,000000,8.7,8.8,8.5,8.8,0,0
KBD_PE,D,20100201,000000,8.8,8.8,8.7,8.7,0,0
KBD_PE,D,20100202,000000,8.8,9.1,8.8,8.9,0,0
KBD_PE,D,20100203,000000,8.9,9.3,8.9,9.3,0,0
KBD_PE,D,20100204,000000,9.4,9.4,8.5,8.5,0,0
KBD_PE,D,20100205,000000,8.6,8.6,8.2,8.4,0,0
KBD_PE,D,20100208,000000,8.5,8.8,8.4,8.8,0,0
KBD_PE,D,20100209,000000,8.8,8.8,8.7,8.8,0,0
KBD_PE,D,20100210,000000,8.8,8.9,8.5,8.9,0,0
KBD_PE,D,20100211,000000,8.9,8.9,8.5,8.7,0,0
KBD_PE,D,20100212,000000,8.7,8.8,8.4,8.7,0,0
KBD_PE,D,20100215,000000,8.7,8.7,8.6,8.7,0,0
KBD_PE,D,20100216,000000,8.7,8.7,8.4,8.5,0,0
KBD_PE,D,20100217,000000,8.6,8.6,8.4,8.4,0,0
KBD_PE,D,20100218,000000,8.5,8.7,8.3,8.4,0,0
KBD_PE,D,20100219,000000,8.1,8.4,8.1,8.4,0,0
KBD_PE,D,20100222,000000,8.4,8.5,8.3,8.4,0,0
KBD_PE,D,20100223,000000,8.4,8.5,8.3,8.4,0,0
KBD_PE,D,20100224,000000,8.4,8.4,8.1,8.3,0,0
KBD_PE,D,20100225,000000,8.4,8.6,8.3,8.4,0,0
KBD_PE,D,20100226,000000,8.4,8.5,8.3,8.5,0,0
KBD_PE,D,20100301,000000,7.2,7.7,7,7.4,0,0
KBD_PE,D,20100302,000000,7.5,7.5,7,7.1,0,0
KBD_PE,D,20131202,000000,4,4,4,4,0,0
KBD_PE,D,20131203,000000,5,5,4.9,4.9,0,0
KBD_PE,D,20131204,000000,4.9,4.9,4.9,4.9,0,0
KBD_PE,D,20131205,000000,4.9,4.9,4.9,4.9,0,0
KBD_PE,D,20131206,000000,3.9,4,3.9,4,0,0
KBD_PE,D,20131209,000000,5,5,4,4,0,0
KBD_PE,D,20131210,000000,4,4,4,4,0,0
KBD_PE,D,20131211,000000,4,4,4,4,0,0
KBD_PE,D,20131212,000000,4,4,4,4,0,0
KBD_PE,D,20131213,000000,5,5,4,4,0,0
KBD_PE,D,20131216,000000,4,4,4,4,0,0
KBD_PE,D,20131217,000000,4,4,4,4,0,0
KBD_PE,D,20131218,000000,4,4,4,4,0,0
KBD_PE,D,20131219,000000,4,4,4,4,0,0
KBD_PE,D,20131220,000000,4,4,4,4,0,0
KBD_PE,D,20131223,000000,4,4,4,4,0,0
KBD_PE,D,20131227,000000,4,4,4,4,0,0
KBD_PE,D,20131230,000000,5,5,4,4,0,0
KBD_PE,D,20140102,000000,4,4,4,4,0,0
KBD_PE,D,20140103,000000,5,5,4.9,4.9,0,0
KBD_PE,D,20140107,000000,4.9,4.9,4.9,4.9,0,0
KBD_PE,D,20140108,000000,4.9,4.9,4.9,4.9,0,0
KBD_PE,D,20140109,000000,4.9,5.9,4.9,5.9,0,0
KBD_PE,D,20140110,000000,5.9,5.9,5.9,5.9,0,0
KBD_PE,D,20140113,000000,5.9,5.9,4.9,4.9,0,0
KBD_PE,D,20140114,000000,4.9,4.9,4.9,4.9,0,0
KBD_PE,D,20140115,000000,5.9,5.9,5.9,5.9,0,0
KBD_PE,D,20140116,000000,5.9,5.9,5.9,5.9,0,0
KBD_PE,D,20140117,000000,5.9,5.9,5.9,5.9,0,0
KBD_PE,D,20140120,000000,5.9,5.9,5.9,5.9,0,0
KBD_PE,D,20140121,000000,4.9,4.9,4.9,4.9,0,0
KBD_PE,D,20140122,000000,4.9,4.9,4.9,4.9,0,0
KBD_PE,D,20140123,000000,4.9,5.9,4.9,5.9,0,0
KBD_PE,D,20140124,000000,5.9,5.9,5.9,5.9,0,0
KBD_PE,D,20140127,000000,5.9,5.9,5.9,5.9,0,0
KBD_PE,D,20140128,000000,5.9,5.9,5.9,5.9,0,0
KBD_PE,D,20140129,000000,5.9,5.9,5.9,5.9,0,0
KBD_PE,D,20140130,000000,5.9,5.9,5.9,5.9,0,0
KBD_PE,D,20140131,000000,5.9,5.9,5.9,5.9,0,0
KBD_PE,D,20140203,000000,5.9,5.9,5.9,5.9,0,0
KBD_PE,D,20140204,000000,5.9,5.9,5.9,5.9,0,0
KBD_PE,D,20140205,000000,5.9,5.9,4.9,4.9,0,0
KBD_PE,D,20140206,000000,4.9,5.9,4.9,5.9,0,0
KBD_PE,D,20140207,000000,5.9,5.9,5.9,5.9,0,0
KBD_PE,D,20140210,000000,5.9,5.9,5.9,5.9,0,0
KBD_PE,D,20140211,000000,5.9,5.9,5.9,5.9,0,0
KBD_PE,D,20140212,000000,5.9,5.9,5.9,5.9,0,0
KBD_PE,D,20140213,000000,5.9,5.9,4.9,4.9,0,0
KBD_PE,D,20140214,000000,5.9,5.9,4.9,4.9,0,0
KBD_PE,D,20140217,000000,4.9,4.9,4.9,4.9,0,0
KBD_PE,D,20140218,000000,4.9,4.9,4.9,4.9,0,0
KBD_PE,D,20140219,000000,4.9,4.9,4.9,4.9,0,0
KBD_PE,D,20140220,000000,4.9,4.9,4.9,4.9,0,0
KBD_PE,D,20140221,000000,4.9,4.9,4.9,4.9,0,0
KBD_PE,D,20140224,000000,4.9,4.9,4.9,4.9,0,0
KBD_PE,D,20140225,000000,4.9,4.9,4.9,4.9,0,0
KBD_PE,D,20140314,000000,7.5,7.5,7.4,7.5,0,0
KBD_PE,D,20140317,000000,6.4,6.5,6.4,6.5,0,0
KBD_PE,D,20140318,000000,6.5,6.5,6.4,6.4,0,0
KBD_PE,D,20140319,000000,6.3,6.4,6.1,6.2,0,0
KBD_PE,D,20140320,000000,6.2,6.2,6.2,6.2,0,0
KBD_PE,D,20140321,000000,6.2,6.2,6.2,6.2,0,0
KBD_PE,D,20140324,000000,6,6,6,6,0,0
KBD_PE,D,20140325,000000,5.9,5.9,5.1,5.1,0,0
KBD_PE,D,20140326,000000,5.1,5.3,5.1,5.3,0,0
KBD_PE,D,20140327,000000,5.5,5.8,5.5,5.8,0,0
KBD_PE,D,20140328,000000,5.8,6,5.8,6,0,0
KBD_PE,D,20140331,000000,6.2,6.6,6.2,6.6,0,0
KBD_PE,D,20140401,000000,6.9,8.3,6.9,8,0,0
KBD_PE,D,20140402,000000,8,8.2,7.6,8,0,0
KBD_PE,D,20140403,000000,8.3,8.8,7.4,7.4,0,0
KBD_PE,D,20140404,000000,7.7,7.7,6.6,7.7,0,0
KBD_PE,D,20140407,000000,7.7,7.9,7.7,7.8,0,0
KBD_PE,D,20140408,000000,7.8,7.8,7.7,7.7,0,0
KBD_PE,D,20140409,000000,7.7,7.7,7.5,7.7,0,0
KBD_PE,D,20140410,000000,7.7,7.7,7.7,7.7,0,0
KBD_PE,D,20140411,000000,7.6,7.6,7.3,7.6,0,0
KBD_PE,D,20140414,000000,7.5,7.6,7.1,7.2,0,0
KBD_PE,D,20140415,000000,7.2,7.2,7,7.2,0,0
KBD_PE,D,20140416,000000,7.2,7.2,6.8,7.1,0,0
KBD_PE,D,20140417,000000,7.1,7.1,7.1,7.1,0,0
KBD_PE,D,20140422,000000,7.1,7.1,6.8,7.1,0,0
KBD_PE,D,20140423,000000,7.1,7.1,6.8,7.1,0,0
KBD_PE,D,20140424,000000,7.1,7.1,6.7,7.1,0,0
KBD_PE,D,20140425,000000,6.7,7.1,6.7,7.1,0,0
KBD_PE,D,20140428,000000,7.2,8,7.2,7.7,0,0
KBD_PE,D,20140429,000000,7.7,7.8,7.4,7.6,0,0
KBD_PE,D,20140430,000000,7.6,7.6,7.3,7.5,0,0
KBD_PE,D,20140502,000000,7.5,7.8,7.5,7.7,0,0
KBD_PE,D,20140505,000000,7.4,7.7,7,7,0,0
KBD_PE,D,20140506,000000,7.1,7.3,6.5,7.1,0,0
KBD_PE,D,20140507,000000,6.6,7,6.6,7,0,0
KBD_PE,D,20140508,000000,6.9,7,6.5,7,0,0
KBD_PE,D,20140509,000000,6.9,6.9,6.5,6.8,0,0
KBD_PE,D,20140512,000000,6.7,6.9,6.7,6.9,0,0
KBD_PE,D,20140513,000000,6.9,7.3,6.8,7.3,0,0
KBD_PE,D,20140514,000000,7.4,7.4,7.3,7.3,0,0
KBD_PE,D,20140515,000000,7.3,7.5,6.7,7.3,0,0
KBD_PE,D,20140516,000000,7.3,7.3,7.1,7.2,0,0
KBD_PE,D,20140519,000000,7.2,7.2,6.9,7.1,0,0
KBD_PE,D,20140520,000000,7.2,7.2,6.9,6.9,0,0
KBD_PE,D,20140521,000000,6.7,7.1,6.7,6.7,0,0
KBD_PE,D,20140522,000000,6.6,7,6.5,6.9,0,0
KBD_PE,D,20140523,000000,6.6,7.2,6.6,7.1,0,0
KBD_PE,D,20140526,000000,7.2,7.2,6.3,6.6,0,0
KBD_PE,D,20140527,000000,6.6,7.3,6.6,7.3,0,0
KBD_PE,D,20140528,000000,7.4,7.5,7.1,7.4,0,0
KBD_PE,D,20140529,000000,7.5,7.8,7.5,7.8,0,0
KBD_PE,D,20140530,000000,7.7,7.8,7.7,7.8,0,0
KBD_PE,D,20140602,000000,7.5,7.6,7.5,7.5,0,0
KBD_PE,D,20140603,000000,7.8,7.8,7.7,7.7,0,0
KBD_PE,D,20140604,000000,7.6,7.7,7.5,7.7,0,0
KBD_PE,D,20140605,000000,7.7,7.7,7.7,7.7,0,0
KBD_PE,D,20140606,000000,7.6,7.8,7.5,7.7,0,0
KBD_PE,D,20140609,000000,7.8,7.8,7.6,7.8,0,0
KBD_PE,D,20140610,000000,7.9,7.9,7.9,7.9,0,0
KBD_PE,D,20140611,000000,8,8,7.6,7.6,0,0
KBD_PE,D,20140612,000000,7.7,7.9,7.6,7.6,0,0
KBD_PE,D,20140613,000000,7.6,7.6,7.6,7.6,0,0
KBD_PE,D,20140616,000000,7.6,7.6,7.3,7.5,0,0
KBD_PE,D,20140617,000000,7.5,7.5,7.1,7.1,0,0
KBD_PE,D,20140618,000000,7.1,7.5,7.1,7.5,0,0
KBD_PE,D,20140620,000000,7.6,7.6,7.6,7.6,0,0
KBD_PE,D,20140623,000000,7.6,7.6,7.4,7.6,0,0
KBD_PE,D,20140624,000000,7.5,7.6,7.3,7.3,0,0
KBD_PE,D,20140625,000000,7.3,7.4,7.3,7.4,0,0
KBD_PE,D,20140626,000000,7.5,7.5,7.2,7.2,0,0
KBD_PE,D,20140627,000000,7.2,7.5,7.1,7.2,0,0
KBD_PE,D,20140630,000000,7.2,7.2,7.2,7.2,0,0
KBD_PE,D,20140701,000000,7.2,7.4,7.2,7.4,0,0
KBD_PE,D,20140702,000000,7.4,7.4,7.1,7.1,0,0
KBD_PE,D,20140703,000000,7.1,7.2,7.1,7.2,0,0
KBD_PE,D,20140704,000000,7.3,7.3,7.1,7.2,0,0
KBD_PE,D,20140707,000000,7,7.2,7,7.2,0,0
KBD_PE,D,20140708,000000,7.2,7.2,6.7,6.7,0,0
KBD_PE,D,20140709,000000,6.9,7.1,6.9,7.1,0,0
KBD_PE,D,20140710,000000,7.1,7.1,7,7.1,0,0
KBD_PE,D,20140711,000000,7.1,7.1,6.9,6.9,0,0
KBD_PE,D,20140714,000000,7,7,6.9,6.9,0,0
KBD_PE,D,20140715,000000,6.9,7,6.9,6.9,0,0
KBD_PE,D,20140716,000000,6.9,6.9,6.6,6.6,0,0
KBD_PE,D,20140717,000000,6.7,6.7,6.4,6.7,0,0
KBD_PE,D,20140718,000000,6.8,6.8,6.5,6.7,0,0
KBD_PE,D,20140721,000000,6.5,6.5,6.5,6.5,0,0
KBD_PE,D,20140723,000000,6.7,6.7,6.6,6.7,0,0
KBD_PE,D,20140724,000000,6.7,6.7,6.6,6.6,0,0
KBD_PE,D,20140725,000000,6.7,6.7,6.4,6.5,0,0
KBD_PE,D,20140728,000000,6.5,6.7,6.4,6.6,0,0
KBD_PE,D,20140729,000000,6.5,6.7,6.5,6.7,0,0
KBD_PE,D,20140730,000000,6.8,6.8,6.6,6.6,0,0
KBD_PE,D,20140731,000000,6.6,6.6,6.3,6.4,0,0
KBD_PE,D,20140801,000000,6.4,6.4,6.4,6.4,0,0
KBD_PE,D,20140804,000000,6.5,6.5,6.5,6.5,0,0
KBD_PE,D,20140805,000000,6.4,6.4,6.2,6.2,0,0
KBD_PE,D,20140806,000000,6.1,6.1,5,5.4,0,0
KBD_PE,D,20140807,000000,5.4,5.4,5.2,5.2,0,0
KBD_PE,D,20140808,000000,5,5.3,5,5.3,0,0
KBD_PE,D,20140811,000000,5.2,5.3,5.2,5.2,0,0
KBD_PE,D,20140812,000000,5.2,5.5,5.2,5.5,0,0
KBD_PE,D,20140813,000000,5.5,5.6,5.5,5.6,0,0
KBD_PE,D,20140814,000000,5.6,5.6,5.4,5.4,0,0
KBD_PE,D,20140818,000000,5.3,5.3,5.2,5.3,0,0
KBD_PE,D,20140819,000000,5.1,5.5,5.1,5.3,0,0
KBD_PE,D,20140820,000000,5.2,5.2,5,5,0,0
KBD_PE,D,20140821,000000,5,5,5,5,0,0
KBD_PE,D,20140822,000000,5,5,5,5,0,0
KBD_PE,D,20140825,000000,5,5,4.6,4.6,0,0
KBD_PE,D,20140826,000000,4.6,4.9,4.3,4.9,0,0
KBD_PE,D,20140827,000000,4.9,5,4.7,4.9,0,0
KBD_PE,D,20140828,000000,4.8,4.8,4.3,4.7,0,0
KBD_PE,D,20140829,000000,4.5,4.7,4.3,4.7,0,0
KBD_PE,D,20140901,000000,4.4,4.5,4.3,4.3,0,0
KBD_PE,D,20140902,000000,4.3,4.3,4.1,4.3,0,0
KBD_PE,D,20140903,000000,4.4,4.6,4.4,4.6,0,0
KBD_PE,D,20140904,000000,4.7,4.7,4.5,4.7,0,0
KBD_PE,D,20140905,000000,4.7,4.7,4.5,4.6,0,0
KBD_PE,D,20140908,000000,4.7,4.7,4.5,4.7,0,0
KBD_PE,D,20140909,000000,4.7,7.5,4.5,7.5,0,0
KBD_PE,D,20140910,000000,7.5,7.6,7.5,7.6,0,0
KBD_PE,D,20140911,000000,7.4,8.1,7.4,8.1,0,0
KBD_PE,D,20140912,000000,8,8.5,8,8.4,0,0
KBD_PE,D,20140915,000000,8.4,8.4,8.1,8.4,0,0
KBD_PE,D,20140916,000000,8.4,9.6,8.4,9.6,0,0
KBD_PE,D,20140917,000000,9.2,10.5,9.2,9.5,0,0
KBD_PE,D,20140918,000000,9.9,9.9,8.8,8.8,0,0
KBD_PE,D,20140919,000000,9.1,9.8,9.1,9.7,0,0
KBD_PE,D,20140922,000000,9.7,9.9,9.4,9.8,0,0
KBD_PE,D,20140923,000000,9.8,9.8,9.8,9.8,0,0
KBD_PE,D,20140924,000000,9.8,9.8,9.5,9.6,0,0
KBD_PE,D,20140925,000000,9.5,9.6,9.5,9.6,0,0
KBD_PE,D,20140926,000000,9.4,9.4,8.8,9.3,0,0
KBD_PE,D,20140929,000000,9,9.3,9,9.3,0,0
KBD_PE,D,20140930,000000,8.9,8.9,8.8,8.8,0,0
KBD_PE,D,20141001,000000,8.8,9,8.8,9,0,0
KBD_PE,D,20141002,000000,8.8,9.4,8.8,9.4,0,0
KBD_PE,D,20141003,000000,9.4,9.4,9,9,0,0
KBD_PE,D,20141006,000000,9,9,9,9,0,0
KBD_PE,D,20141007,000000,9,9.1,9,9.1,0,0
KBD_PE,D,20141008,000000,9.2,9.2,9.2,9.2,0,0
KBD_PE,D,20141009,000000,9.2,9.2,8.3,8.6,0,0
KBD_PE,D,20141010,000000,8.3,8.6,8.3,8.6,0,0
KBD_PE,D,20141013,000000,8.6,8.7,8.4,8.4,0,0
KBD_PE,D,20141014,000000,8.7,8.7,8.2,8.2,0,0
KBD_PE,D,20141015,000000,8.2,8.3,7.9,8.3,0,0
KBD_PE,D,20141016,000000,8.4,8.4,8.4,8.4,0,0
KBD_PE,D,20141020,000000,8.4,8.4,8.4,8.4,0,0
KBD_PE,D,20141021,000000,8.3,8.3,8.3,8.3,0,0
KBD_PE,D,20141022,000000,8.3,8.3,8.3,8.3,0,0
KBD_PE,D,20141023,000000,8.4,8.4,8,8.1,0,0
KBD_PE,D,20141024,000000,8,8,7.8,7.8,0,0
KBD_PE,D,20141027,000000,8,8.4,8,8.4,0,0
KBD_PE,D,20141028,000000,8,8.3,8,8.3,0,0
KBD_PE,D,20141029,000000,8.3,8.3,8.3,8.3,0,0
KBD_PE,D,20141030,000000,8.1,8.2,7.7,8.2,0,0
KBD_PE,D,20141031,000000,8.1,8.2,7.8,8.1,0,0
KBD_PE,D,20141103,000000,8.1,8.1,7.9,8,0,0
KBD_PE,D,20141104,000000,8,8,8,8,0,0
KBD_PE,D,20141105,000000,8,8,8,8,0,0
KBD_PE,D,20141106,000000,8,8,8,8,0,0
KBD_PE,D,20141107,000000,8,8,8,8,0,0
KBD_PE,D,20141110,000000,8,8,7.7,8,0,0
KBD_PE,D,20141112,000000,8,8,7.9,8,0,0
KBD_PE,D,20141113,000000,7.8,8.1,7.7,8.1,0,0
KBD_PE,D,20141114,000000,7.7,8.1,7.7,8,0,0
KBD_PE,D,20141117,000000,7.7,8,7.7,8,0,0
KBD_PE,D,20141118,000000,7.7,7.8,7.6,7.6,0,0
KBD_PE,D,20141119,000000,7.6,7.6,7.3,7.5,0,0
KBD_PE,D,20141120,000000,7.2,7.6,7.1,7.3,0,0
KBD_PE,D,20141121,000000,7.3,7.3,6.9,6.9,0,0
KBD_PE,D,20141124,000000,6.9,7.2,6.2,6.7,0,0
KBD_PE,D,20141125,000000,6.7,6.7,6.2,6.5,0,0
KBD_PE,D,20141126,000000,6.5,6.7,6.3,6.6,0,0
KBD_PE,D,20141127,000000,6.5,6.9,6.5,6.5,0,0
KBD_PE,D,20141128,000000,6.5,6.7,6.3,6.3,0,0
KBD_PE,D,20141201,000000,6.3,6.5,6,6.3,0,0
KBD_PE,D,20141202,000000,6.1,6.1,5.8,5.8,0,0
KBD_PE,D,20141203,000000,5.8,6.2,5.8,5.8,0,0
KBD_PE,D,20141204,000000,5.9,6.2,5.9,6,0,0
KBD_PE,D,20141205,000000,6,6,5.3,5.4,0,0
KBD_PE,D,20141208,000000,5.5,5.9,5.5,5.5,0,0
KBD_PE,D,20141209,000000,5.5,5.7,5.4,5.5,0,0
KBD_PE,D,20141210,000000,5.5,5.6,5.5,5.5,0,0
KBD_PE,D,20141211,000000,5.4,5.4,5,5,0,0
KBD_PE,D,20141212,000000,5.1,5.7,5.1,5.7,0,0
KBD_PE,D,20141215,000000,5.7,5.7,5.6,5.6,0,0
KBD_PE,D,20141216,000000,5.6,5.6,5.2,5.6,0,0
KBD_PE,D,20141217,000000,5.1,5.6,5.1,5.5,0,0
KBD_PE,D,20141218,000000,5.5,5.6,5.2,5.5,0,0
KBD_PE,D,20141219,000000,5.1,5.4,5.1,5.3,0,0
KBD_PE,D,20141222,000000,5.3,5.5,5,5.5,0,0
KBD_PE,D,20141223,000000,5.1,5.3,5.1,5.3,0,0
KBD_PE,D,20141229,000000,5.2,5.2,4.9,5.2,0,0
KBD_PE,D,20141230,000000,5,5.1,4.9,5.1,0,0
KBD_PE,D,20150102,000000,5.2,5.2,5.2,5.2,0,0
KBD_PE,D,20150105,000000,5.2,5.2,5.2,5.2,0,0
KBD_PE,D,20150107,000000,5.2,5.9,5.2,5.9,0,0
KBD_PE,D,20150108,000000,6.5,6.5,6.5,6.5,0,0
KBD_PE,D,20150109,000000,5.9,5.9,5.4,5.8,0,0
KBD_PE,D,20150112,000000,5.8,6.4,5.8,6.3,0,0
KBD_PE,D,20150113,000000,5.9,6.2,5.6,6,0,0
KBD_PE,D,20150115,000000,6,6,5.7,6,0,0
KBD_PE,D,20150116,000000,5.7,6,5.6,5.6,0,0
KBD_PE,D,20150119,000000,5.4,5.9,5.4,5.9,0,0
KBD_PE,D,20150120,000000,5.9,5.9,5.9,5.9,0,0
KBD_PE,D,20150121,000000,5.9,5.9,5.9,5.9,0,0
KBD_PE,D,20150122,000000,5.9,5.9,5.8,5.9,0,0
KBD_PE,D,20150123,000000,6.3,6.3,6.3,6.3,0,0
KBD_PE,D,20150126,000000,6.3,6.3,5.7,6.3,0,0
KBD_PE,D,20150127,000000,6.3,6.3,5.8,6.3,0,0
KBD_PE,D,20150130,000000,6.3,6.3,6.3,6.3,0,0
KBD_PE,D,20150202,000000,5.8,6.3,5.8,6.3,0,0
KBD_PE,D,20150203,000000,6.3,6.3,6.3,6.3,0,0
KBD_PE,D,20150204,000000,6.3,6.3,6.3,6.3,0,0
KBD_PE,D,20150205,000000,6.3,6.3,6.3,6.3,0,0
KBD_PE,D,20150206,000000,6.3,6.5,6.3,6.5,0,0
KBD_PE,D,20150209,000000,6.5,6.5,6.5,6.5,0,0
KBD_PE,D,20150210,000000,6.5,6.5,6.5,6.5,0,0
KBD_PE,D,20150211,000000,6.5,6.5,6.5,6.5,0,0
KBD_PE,D,20150212,000000,6.5,6.5,6.5,6.5,0,0
KBD_PE,D,20150213,000000,6.5,6.6,6.5,6.5,0,0
KBD_PE,D,20150216,000000,5.9,6.5,5.9,6.5,0,0
KBD_PE,D,20150217,000000,5.9,6.5,5.9,6.5,0,0
KBD_PE,D,20150218,000000,6.5,6.6,6.2,6.5,0,0
KBD_PE,D,20150219,000000,6.2,7,6.2,7,0,0
KBD_PE,D,20150220,000000,7.1,8,7.1,8,0,0
KBD_PE,D,20150223,000000,8.3,8.9,8.3,8.8,0,0
KBD_PE,D,20150224,000000,8.9,9,8.9,8.9,0,0
KBD_PE,D,20150225,000000,8.6,9.1,8.6,9,0,0
KBD_PE,D,20150226,000000,8.8,8.9,8,8.9,0,0
KBD_PE,D,20150227,000000,9.2,9.4,8.6,9.2,0,0
KBD_PE,D,20150302,000000,8.9,9.2,8.9,9,0,0
KBD_PE,D,20150303,000000,8.1,8.8,8,8,0,0
KBD_PE,D,20150304,000000,8,8.7,8,8.4,0,0
KBD_PE,D,20150305,000000,8.4,8.7,8.1,8.6,0,0
KBD_PE,D,20150306,000000,8.7,8.7,8.1,8.5,0,0
KBD_PE,D,20150309,000000,8.1,8.6,8.1,8.5,0,0
KBD_PE,D,20150310,000000,8.6,8.6,8.1,8.6,0,0
KBD_PE,D,20150311,000000,8.1,8.6,8.1,8.6,0,0
KBD_PE,D,20150312,000000,8.6,8.6,8.6,8.6,0,0
KBD_PE,D,20150313,000000,8.1,8.6,8.1,8.6,0,0
KBD_PE,D,20150316,000000,8.1,8.5,8.1,8.5,0,0
KBD_PE,D,20150317,000000,8.5,8.9,8.5,8.6,0,0
KBD_PE,D,20150318,000000,8.7,9.6,8.7,9.6,0,0
KBD_PE,D,20150319,000000,9.5,10.5,9.5,9.8,0,0
KBD_PE,D,20150320,000000,9.8,10,8.9,9.3,0,0
KBD_PE,D,20150323,000000,9.3,9.6,8.6,9.6,0,0
KBD_PE,D,20150324,000000,9.6,30.3,8.7,30.3,0,0
KBD_PE,D,20150325,000000,30.3,30.3,28.3,28.3,0,0
KBD_PE,D,20150326,000000,30.3,31.7,30.3,31.3,0,0
KBD_PE,D,20150327,000000,31.3,31.5,31.3,31.4,0,0
KBD_PE,D,20150330,000000,31.4,31.5,31.4,31.5,0,0
KBD_PE,D,20150331,000000,31.5,31.6,31.5,31.6,0,0
KBD_PE,D,20150401,000000,31.6,31.9,31.6,31.8,0,0
KBD_PE,D,20150402,000000,31.8,31.9,31.8,31.9,0,0
KBD_PE,D,20150407,000000,31.8,31.9,28.9,28.9,0,0
KBD_PE,D,20150408,000000,29,30.3,28.9,30.3,0,0
KBD_PE,D,20150409,000000,30.3,30.9,28.9,30.8,0,0
KBD_PE,D,20150410,000000,28.9,30.8,28.8,30.7,0,0
KBD_PE,D,20150413,000000,30.8,30.8,29,30.6,0,0
KBD_PE,D,20150414,000000,30.6,30.6,28.3,30.4,0,0
KBD_PE,D,20150415,000000,30.4,30.4,28.3,30.4,0,0
KBD_PE,D,20150416,000000,27.7,30.4,27.7,30.4,0,0
KBD_PE,D,20150417,000000,30.4,30.4,30.4,30.4,0,0
KBD_PE,D,20150420,000000,30.4,30.4,30.4,30.4,0,0
KBD_PE,D,20150421,000000,30.4,30.4,30.3,30.3,0,0
KBD_PE,D,20150422,000000,30.3,30.3,30.3,30.3,0,0
KBD_PE,D,20150423,000000,30.3,30.4,28.1,30.4,0,0
KBD_PE,D,20150424,000000,30,30.4,30,30.4,0,0
KBD_PE,D,20150427,000000,30.4,32.5,29,29,0,0
KBD_PE,D,20150428,000000,29.6,29.7,29.6,29.7,0,0
KBD_PE,D,20150429,000000,29.7,31.6,28,31.6,0,0
KBD_PE,D,20150504,000000,31.3,31.3,31.3,31.3,0,0
KBD_PE,D,20150505,000000,31.3,32.3,30.5,32.2,0,0
KBD_PE,D,20150506,000000,32.2,32.2,30.5,30.5,0,0
KBD_PE,D,20150507,000000,32.3,32.3,32.1,32.2,0,0
KBD_PE,D,20150508,000000,32.2,32.3,32.2,32.3,0,0
KBD_PE,D,20150511,000000,31.4,32.7,31.4,32.7,0,0
KBD_PE,D,20150512,000000,32.7,32.7,32.7,32.7,0,0
KBD_PE,D,20150513,000000,32.7,32.7,32.7,32.7,0,0
KBD_PE,D,20150514,000000,32.7,32.9,32.7,32.9,0,0
KBD_PE,D,20150515,000000,30.5,32.9,30.5,32.9,0,0
KBD_PE,D,20150518,000000,32.5,32.5,30.1,30.1,0,0
KBD_PE,D,20150519,000000,31.3,32.7,31.3,32.7,0,0
KBD_PE,D,20150520,000000,32.3,32.3,30.5,32.3,0,0
KBD_PE,D,20150521,000000,32.3,32.3,32.3,32.3,0,0
KBD_PE,D,20150522,000000,32.3,32.6,30.8,32.3,0,0
KBD_PE,D,20150525,000000,32.6,32.7,32.6,32.7,0,0
KBD_PE,D,20150526,000000,32.8,32.8,32.7,32.7,0,0
KBD_PE,D,20150527,000000,31,32.5,19.5,19.5,0,0
KBD_PE,D,20150528,000000,19.4,19.4,18.6,19.4,0,0
KBD_PE,D,20150529,000000,19.4,19.5,18.6,19.5,0,0
KBD_PE,D,20150601,000000,17.8,18.8,17.8,18.8,0,0
KBD_PE,D,20150602,000000,17.9,18.8,17.9,18.7,0,0
KBD_PE,D,20150603,000000,19.3,19.4,19.3,19.4,0,0
KBD_PE,D,20150605,000000,17.9,17.9,17.8,17.8,0,0
KBD_PE,D,20150608,000000,18.7,18.7,18.7,18.7,0,0
KBD_PE,D,20150609,000000,19.1,19.1,18.7,18.8,0,0
KBD_PE,D,20150611,000000,18.8,19.2,18.8,19.2,0,0
KBD_PE,D,20150616,000000,19.1,19.2,19.1,19.2,0,0
KBD_PE,D,20150618,000000,18.1,18.2,16.5,17.4,0,0
KBD_PE,D,20150619,000000,18.7,18.7,18.7,18.7,0,0
KBD_PE,D,20150622,000000,17.6,17.7,16,16,0,0
KBD_PE,D,20150623,000000,17.5,17.5,17.4,17.4,0,0
KBD_PE,D,20150624,000000,16.8,16.8,16,16.8,0,0
KBD_PE,D,20150625,000000,17.2,17.2,17.2,17.2,0,0
KBD_PE,D,20150626,000000,18.3,18.4,18.3,18.4,0,0
KBD_PE,D,20150630,000000,17.8,18.3,16.4,18.3,0,0
KBD_PE,D,20150701,000000,17.6,18.2,17.6,18.2,0,0
KBD_PE,D,20150702,000000,18.3,18.3,18.3,18.3,0,0
KBD_PE,D,20150703,000000,18.3,18.3,18.3,18.3,0,0
KBD_PE,D,20150707,000000,18.3,18.3,18.3,18.3,0,0
KBD_PE,D,20150709,000000,18.2,18.2,16.6,17.9,0,0
KBD_PE,D,20150710,000000,18.2,18.2,18.2,18.2,0,0
KBD_PE,D,20150713,000000,18.2,18.2,18.2,18.2,0,0
KBD_PE,D,20150714,000000,18.2,18.2,16.4,18.2,0,0
KBD_PE,D,20150716,000000,17.3,18.2,17.3,18.2,0,0
KBD_PE,D,20150717,000000,16.5,18.2,16.5,18.2,0,0
KBD_PE,D,20150720,000000,18.3,18.3,18.2,18.2,0,0
KBD_PE,D,20150721,000000,18.2,18.2,18.2,18.2,0,0
KBD_PE,D,20150723,000000,18.2,18.2,17.1,18.2,0,0
KBD_PE,D,20150728,000000,18,18,18,18,0,0
KBD_PE,D,20150729,000000,16.8,16.8,16.8,16.8,0,0
KBD_PE,D,20150730,000000,16.4,16.8,15.8,16.8,0,0
KBD_PE,D,20150803,000000,16.7,16.8,16.7,16.8,0,0
KBD_PE,D,20150804,000000,16.8,16.8,16.8,16.8,0,0
KBD_PE,D,20150807,000000,15.8,15.8,15,15.5,0,0
KBD_PE,D,20150810,000000,15.1,16.7,15.1,16.7,0,0
KBD_PE,D,20150811,000000,16.8,16.8,16.8,16.8,0,0
KBD_PE,D,20150812,000000,16.7,16.8,16.7,16.8,0,0
KBD_PE,D,20150813,000000,15.4,16.7,15.4,15.8,0,0
KBD_PE,D,20150814,000000,16.7,16.7,16.7,16.7,0,0
KBD_PE,D,20150817,000000,16.3,16.3,15.4,15.4,0,0
KBD_PE,D,20150818,000000,16.2,16.2,16.2,16.2,0,0
KBD_PE,D,20150819,000000,16.2,16.2,16.2,16.2,0,0
KBD_PE,D,20150820,000000,15.5,15.5,15.5,15.5,0,0
KBD_PE,D,20150821,000000,15.5,15.5,15.5,15.5,0,0
KBD_PE,D,20150824,000000,15.5,15.5,15,15.1,0,0
KBD_PE,D,20150826,000000,15.6,15.6,15.5,15.5,0,0
KBD_PE,D,20150827,000000,15,15.1,15,15.1,0,0
KBD_PE,D,20150828,000000,13.9,15.1,13.9,15.1,0,0
KBD_PE,D,20150831,000000,15.6,15.6,15.5,15.5,0,0
KBD_PE,D,20150901,000000,15.5,15.5,14.8,15.5,0,0
KBD_PE,D,20150902,000000,15.5,15.5,14.8,15.5,0,0
KBD_PE,D,20150903,000000,14.8,15.5,14.8,15.5,0,0
KBD_PE,D,20150908,000000,15.3,15.5,12.7,12.7,0,0
KBD_PE,D,20150909,000000,12.7,12.7,12.7,12.7,0,0
KBD_PE,D,20150911,000000,12.3,12.3,12.3,12.3,0,0
KBD_PE,D,20150918,000000,12.1,12.1,12.1,12.1,0,0
KBD_PE,D,20150921,000000,12.7,12.7,12.7,12.7,0,0
KBD_PE,D,20150922,000000,12.7,13.3,11.5,13.3,0,0
KBD_PE,D,20150928,000000,13.3,13.3,12,12.7,0,0
KBD_PE,D,20150929,000000,11.5,12.4,11.5,12.4,0,0
KBD_PE,D,20150930,000000,12,12.7,12,12.7,0,0
KBD_PE,D,20151001,000000,11.7,11.9,11.3,11.9,0,0
KBD_PE,D,20151002,000000,12.3,12.3,11.5,11.7,0,0
KBD_PE,D,20151005,000000,11.7,11.7,11.7,11.7,0,0
KBD_PE,D,20151006,000000,11.7,11.7,11.7,11.7,0,0
KBD_PE,D,20151007,000000,11.8,11.8,11.2,11.5,0,0
KBD_PE,D,20151009,000000,11.3,11.5,11.3,11.5,0,0
KBD_PE,D,20151012,000000,11.3,11.3,11.3,11.3,0,0
KBD_PE,D,20151013,000000,11.5,11.5,11.5,11.5,0,0
KBD_PE,D,20151014,000000,11.5,11.5,11.4,11.5,0,0
KBD_PE,D,20151015,000000,11.5,12,11.5,12,0,0
KBD_PE,D,20151016,000000,12.7,12.7,11.6,12.1,0,0
KBD_PE,D,20151019,000000,12.1,12.1,12.1,12.1,0,0
KBD_PE,D,20151020,000000,12.1,12.1,12.1,12.1,0,0
KBD_PE,D,20151021,000000,12.1,12.1,12.1,12.1,0,0
KBD_PE,D,20151022,000000,12.7,13.3,12.7,13.3,0,0
KBD_PE,D,20151023,000000,13.3,13.3,12.4,13.2,0,0
KBD_PE,D,20151026,000000,13.2,13.3,13.2,13.3,0,0
KBD_PE,D,20151027,000000,13.2,13.3,13.2,13.3,0,0
KBD_PE,D,20151029,000000,13.3,13.3,13.3,13.3,0,0
KBD_PE,D,20151102,000000,12.7,13.9,12.7,13.9,0,0
KBD_PE,D,20151104,000000,13.9,13.9,13.1,13.7,0,0
KBD_PE,D,20151105,000000,13.1,13.7,13.1,13.7,0,0
KBD_PE,D,20151106,000000,13.1,13.3,13.1,13.3,0,0
KBD_PE,D,20151109,000000,13.1,13.1,13.1,13.1,0,0
KBD_PE,D,20151110,000000,13.1,13.7,13.1,13.7,0,0
KBD_PE,D,20151112,000000,13.7,15.1,13.7,14.9,0,0
KBD_PE,D,20151113,000000,15.1,15.3,14.9,14.9,0,0
KBD_PE,D,20151116,000000,14.3,15.1,14.2,14.3,0,0
KBD_PE,D,20151117,000000,14.4,14.4,14.3,14.3,0,0
KBD_PE,D,20151118,000000,14,15,14,14.9,0,0
KBD_PE,D,20151119,000000,13.9,14.3,13.7,13.7,0,0
KBD_PE,D,20151120,000000,14.8,14.8,12.4,12.4,0,0
KBD_PE,D,20151123,000000,12.4,12.4,12.4,12.4,0,0
KBD_PE,D,20151126,000000,11.8,12.1,11.7,12.1,0,0
KBD_PE,D,20151127,000000,11.7,12.2,11.6,12.2,0,0
KBD_PE,D,20151201,000000,11.6,11.6,11.6,11.6,0,0
KBD_PE,D,20151202,000000,11.6,11.6,11.5,11.5,0,0
KBD_PE,D,20151203,000000,11.5,11.8,11.5,11.5,0,0
KBD_PE,D,20151204,000000,11.5,11.5,10.9,11.5,0,0
KBD_PE,D,20151207,000000,11.5,11.5,10.9,10.9,0,0
KBD_PE,D,20151208,000000,10.9,10.9,10.9,10.9,0,0
KBD_PE,D,20151209,000000,10.9,10.9,10.9,10.9,0,0
KBD_PE,D,20151210,000000,10.9,10.9,10.9,10.9,0,0
KBD_PE,D,20151214,000000,10.6,10.6,10.6,10.6,0,0
KBD_PE,D,20151215,000000,10.1,10.1,10.1,10.1,0,0
KBD_PE,D,20151216,000000,10.1,10.1,10.1,10.1,0,0
KBD_PE,D,20151217,000000,10.1,10.3,10.1,10.3,0,0
KBD_PE,D,20151221,000000,10.5,10.5,10.3,10.5,0,0
KBD_PE,D,20151222,000000,10.5,10.5,10.3,10.3,0,0
KBD_PE,D,20151223,000000,10.3,10.3,10.3,10.3,0,0
KBD_PE,D,20151228,000000,10.3,10.5,10.3,10.5,0,0
KBD_PE,D,20151229,000000,10.6,10.6,10.6,10.6,0,0
KBD_PE,D,20151230,000000,10.6,10.6,10.6,10.6,0,0
KBD_PE,D,20160104,000000,10.6,10.6,9.3,9.6,0,0
KBD_PE,D,20160105,000000,9.6,10,9.6,10,0,0
KBD_PE,D,20160108,000000,9.3,10,9.3,10,0,0
KBD_PE,D,20160111,000000,9.3,10,9.3,10,0,0
KBD_PE,D,20160112,000000,9.5,9.5,9.5,9.5,0,0
KBD_PE,D,20160113,000000,9.5,9.8,9.5,9.7,0,0
KBD_PE,D,20160118,000000,9.4,9.5,9.4,9.5,0,0
KBD_PE,D,20160119,000000,9.5,9.5,9.5,9.5,0,0
KBD_PE,D,20160120,000000,9.3,9.3,9.2,9.2,0,0
KBD_PE,D,20160121,000000,9.1,9.1,9.1,9.1,0,0
KBD_PE,D,20160122,000000,9.1,9.1,8.9,9,0,0
KBD_PE,D,20160126,000000,8.9,8.9,8.9,8.9,0,0
KBD_PE,D,20160127,000000,9.3,9.3,9.3,9.3,0,0
KBD_PE,D,20160128,000000,9,9,8.8,8.8,0,0
KBD_PE,D,20160129,000000,9.2,9.3,9.2,9.3,0,0
KBD_PE,D,20160201,000000,8.9,8.9,8.8,8.8,0,0
KBD_PE,D,20160203,000000,9.2,9.2,8.8,8.8,0,0
KBD_PE,D,20160205,000000,9.1,9.1,9.1,9.1,0,0
KBD_PE,D,20160210,000000,9.1,9.4,9.1,9.4,0,0
KBD_PE,D,20160212,000000,9.3,9.4,9.3,9.4,0,0
KBD_PE,D,20160218,000000,9.4,9.6,9.4,9.6,0,0
KBD_PE,D,20160222,000000,9.4,9.6,9.4,9.6,0,0
KBD_PE,D,20160224,000000,9.6,9.6,9.6,9.6,0,0
KBD_PE,D,20160225,000000,9.9,9.9,9.9,9.9,0,0
KBD_PE,D,20160226,000000,9.9,9.9,9.9,9.9,0,0
KBD_PE,D,20160229,000000,9.6,9.6,9.6,9.6,0,0
KBD_PE,D,20160301,000000,10,10,9.6,9.6,0,0
KBD_PE,D,20160302,000000,9.6,9.6,9.5,9.5,0,0
KBD_PE,D,20160303,000000,10,10,10,10,0,0
KBD_PE,D,20160304,000000,10,10.3,10,10.3,0,0
KBD_PE,D,20160307,000000,9.8,9.8,9.8,9.8,0,0
KBD_PE,D,20160309,000000,9.8,9.8,9.8,9.8,0,0
KBD_PE,D,20160311,000000,10,10,10,10,0,0
KBD_PE,D,20160314,000000,9.8,9.8,9.8,9.8,0,0
KBD_PE,D,20160315,000000,10.3,10.3,10.3,10.3,0,0
KBD_PE,D,20160316,000000,10.3,10.3,10.1,10.1,0,0
KBD_PE,D,20160317,000000,9.8,10.1,9.8,10.1,0,0
KBD_PE,D,20160318,000000,10.1,10.1,10.1,10.1,0,0
KBD_PE,D,20160321,000000,9.8,9.8,8.9,9.8,0,0
KBD_PE,D,20160322,000000,9.8,9.8,9.8,9.8,0,0
KBD_PE,D,20160324,000000,9.7,9.7,9.7,9.7,0,0
KBD_PE,D,20160329,000000,9.7,9.7,9.5,9.5,0,0
KBD_PE,D,20160330,000000,9.5,9.8,9.5,9.7,0,0
KBD_PE,D,20160331,000000,9.7,273.2,9.4,273.2,0,0
KBD_PE,D,20160401,000000,272.6,272.6,259.4,260,0,0
KBD_PE,D,20160406,000000,249.1,249.6,249.1,249.6,0,0
KBD_PE,D,20160407,000000,262.3,262.3,254.7,255.3,0,0
KBD_PE,D,20160408,000000,253.8,260,253.8,260,0,0
KBD_PE,D,20160412,000000,254.7,263.8,254.7,263.8,0,0
KBD_PE,D,20160415,000000,250,263.8,250,263.8,0,0
KBD_PE,D,20160419,000000,249.1,255.3,245.3,255.3,0,0
KBD_PE,D,20160420,000000,245.3,245.3,231.1,240.1,0,0
KBD_PE,D,20160421,000000,225.5,236.4,221.7,236.4,0,0
KBD_PE,D,20160422,000000,235.8,235.8,203.8,226.9,0,0
KBD_PE,D,20160425,000000,226.4,227.4,217.9,218.4,0,0
KBD_PE,D,20160426,000000,218.9,219.3,218.9,219.3,0,0
KBD_PE,D,20160429,000000,221.7,221.7,218.9,219.3,0,0
KBD_PE,D,20160502,000000,221.7,222.2,221.7,222.2,0,0
KBD_PE,D,20160505,000000,221.7,221.7,211.3,211.8,0,0
KBD_PE,D,20160506,000000,221.7,222.2,221.7,222.2,0,0
KBD_PE,D,20160510,000000,221.7,222.2,221.7,222.2,0,0
KBD_PE,D,20160512,000000,221.7,222.2,221.7,222.2,0,0
KBD_PE,D,20160513,000000,221.7,222.2,221.7,222.2,0,0
KBD_PE,D,20160516,000000,221.7,221.7,221.7,221.7,0,0
KBD_PE,D,20160909,000000,46.9,46.9,46.9,46.9,0,0
KBD_PE,D,20160913,000000,46.4,46.4,46.4,46.4,0,0
KBD_PE,D,20160914,000000,46.4,46.7,46.4,46.7,0,0
KBD_PE,D,20160915,000000,46.4,49.4,45.4,49.4,0,0
KBD_PE,D,20160921,000000,46.4,46.4,46.4,46.4,0,0
KBD_PE,D,20160923,000000,46.7,48.4,46.7,46.7,0,0
KBD_PE,D,20160926,000000,46.7,46.7,46.7,46.7,0,0
KBD_PE,D,20160927,000000,46.7,46.7,46.7,46.7,0,0
KBD_PE,D,20160929,000000,46.7,46.7,46.7,46.7,0,0
KBD_PE,D,20160930,000000,48.1,48.1,48.1,48.1,0,0
KBD_PE,D,20161003,000000,48.1,48.1,48.1,48.1,0,0
KBD_PE,D,20161004,000000,48.1,48.1,48.1,48.1,0,0
KBD_PE,D,20161010,000000,47.4,49.1,47.4,49.1,0,0
KBD_PE,D,20161011,000000,49.6,50.4,49.6,50.4,0,0
KBD_PE,D,20161014,000000,49.6,49.6,48.1,48.1,0,0
KBD_PE,D,20161017,000000,48.1,49.6,48.1,48.1,0,0
KBD_PE,D,20161018,000000,48.1,48.1,47.9,47.9,0,0
KBD_PE,D,20161019,000000,47.9,47.9,47.9,47.9,0,0
KBD_PE,D,20161020,000000,47.9,47.9,47.9,47.9,0,0
KBD_PE,D,20161021,000000,47.9,47.9,47.9,47.9,0,0
KBD_PE,D,20161024,000000,47.1,47.2,47.1,47.2,0,0
KBD_PE,D,20161025,000000,47.1,47.2,47.1,47.2,0,0
KBD_PE,D,20161026,000000,47.1,47.2,47.1,47.2,0,0
KBD_PE,D,20161031,000000,47.1,48.9,47.1,47.4,0,0
KBD_PE,D,20161102,000000,49.1,49.1,49.1,49.1,0,0
KBD_PE,D,20161103,000000,47.1,49.1,47.1,49.1,0,0
KBD_PE,D,20161104,000000,47.1,49.1,47.1,49.1,0,0
KBD_PE,D,20161108,000000,47.1,48.4,47.1,48.4,0,0
KBD_PE,D,20161109,000000,47.1,47.2,47.1,47.2,0,0
KBD_PE,D,20161110,000000,47.1,48.4,47.1,47.2,0,0
KBD_PE,D,20161114,000000,47.1,49.6,47.1,47.2,0,0
KBD_PE,D,20161115,000000,48.4,50.1,48.4,48.4,0,0
KBD_PE,D,20161116,000000,49.4,49.6,49.4,49.6,0,0
KBD_PE,D,20161117,000000,49.6,49.6,49.6,49.6,0,0
KBD_PE,D,20161118,000000,49.6,49.6,49.6,49.6,0,0
KBD_PE,D,20161121,000000,48.4,49.6,48.4,49.6,0,0
KBD_PE,D,20161122,000000,49.6,50.6,17.3,17.3,0,0
KBD_PE,D,20161123,000000,16.6,17.3,16.6,17.3,0,0
KBD_PE,D,20161124,000000,16.6,16.6,16.6,16.6,0,0
KBD_PE,D,20161125,000000,16.6,16.7,16.6,16.7,0,0
KBD_PE,D,20161128,000000,16.7,16.7,16.7,16.7,0,0
KBD_PE,D,20161129,000000,16.7,16.7,16.7,16.7,0,0
KBD_PE,D,20161130,000000,16.7,16.7,16.7,16.7,0,0
KBD_PE,D,20161201,000000,16.7,16.7,16.7,16.7,0,0
KBD_PE,D,20161202,000000,16.7,16.7,16.7,16.7,0,0
KBD_PE,D,20161205,000000,16.7,16.7,16.7,16.7,0,0
KBD_PE,D,20161206,000000,16.9,16.9,16.7,16.7,0,0
KBD_PE,D,20161207,000000,16.9,16.9,16.9,16.9,0,0
KBD_PE,D,20161208,000000,16.7,17.2,16.7,17.2,0,0
KBD_PE,D,20161209,000000,16.7,17.3,16.7,17.3,0,0
KBD_PE,D,20161212,000000,17.3,18.7,16.7,18.7,0,0
KBD_PE,D,20161213,000000,17.9,19.2,17.9,19.2,0,0
KBD_PE,D,20161214,000000,19.2,20.6,19.2,20.2,0,0
KBD_PE,D,20161215,000000,20,21,19.3,20,0,0
KBD_PE,D,20161216,000000,20,20.7,19.7,20.5,0,0
KBD_PE,D,20161219,000000,20.4,21.9,20.4,21.5,0,0
KBD_PE,D,20161220,000000,21.1,21.2,20.3,21.2,0,0
KBD_PE,D,20161221,000000,21.2,24.4,20.8,24,0,0
KBD_PE,D,20161222,000000,23,23.7,21.8,22.9,0,0
KBD_PE,D,20161223,000000,21.8,22.7,21.7,22.4,0,0
KBD_PE,D,20161227,000000,22.4,22.8,22.4,22.8,0,0
KBD_PE,D,20161228,000000,22.8,22.8,22.4,22.4,0,0
KBD_PE,D,20161229,000000,22.4,22.4,22,22,0,0
KBD_PE,D,20161230,000000,22.1,24.5,22.1,24.5,0,0
KBD_PE,D,20170102,000000,24.1,29.1,24.1,29.1,0,0
KBD_PE,D,20170103,000000,29.1,31.4,28.8,29.1,0,0
KBD_PE,D,20170104,000000,31,31,26.7,26.7,0,0
KBD_PE,D,20170105,000000,26.7,26.7,25.4,26.7,0,0
KBD_PE,D,20170109,000000,27.5,27.5,26.1,26.1,0,0
KBD_PE,D,20170110,000000,25.8,26.7,25.8,26.6,0,0
KBD_PE,D,20170111,000000,27.5,27.5,26.6,27.4,0,0
KBD_PE,D,20170112,000000,27.4,30,27.4,28.4,0,0
KBD_PE,D,20170113,000000,28.3,28.3,28.3,28.3,0,0
KBD_PE,D,20170116,000000,28.4,28.4,27.2,27.2,0,0
KBD_PE,D,20170117,000000,28.4,30.9,27.2,30.7,0,0
KBD_PE,D,20170118,000000,29.6,29.6,26.9,28.1,0,0
KBD_PE,D,20170119,000000,27.9,27.9,25.8,27,0,0
KBD_PE,D,20170120,000000,27,27,25.4,25.5,0,0
KBD_PE,D,20170123,000000,26.1,26.1,25.5,25.5,0,0
KBD_PE,D,20170124,000000,25.8,26.1,25.6,25.6,0,0
KBD_PE,D,20170125,000000,25.6,26.6,25.1,25.7,0,0
KBD_PE,D,20170126,000000,25.8,27.4,24.8,27.4,0,0
KBD_PE,D,20170127,000000,25.4,27.5,25.4,26.9,0,0
KBD_PE,D,20170130,000000,25.5,26.6,25.5,26.5,0,0
KBD_PE,D,20170131,000000,26.4,26.4,26.4,26.4,0,0
KBD_PE,D,20170201,000000,26.8,26.9,25.7,26.8,0,0
KBD_PE,D,20170202,000000,25.5,26.7,25.5,26.7,0,0
KBD_PE,D,20170206,000000,26.3,26.3,26.3,26.3,0,0
KBD_PE,D,20170207,000000,25.8,25.8,25.7,25.7,0,0
KBD_PE,D,20170208,000000,25.8,26.2,25.6,25.7,0,0
KBD_PE,D,20170209,000000,25.7,26.8,25.7,26.1,0,0
KBD_PE,D,20170210,000000,26.2,26.3,26,26.3,0,0
KBD_PE,D,20170213,000000,26.3,26.3,26.3,26.3,0,0
KBD_PE,D,20170214,000000,26.3,26.7,26.3,26.7,0,0
KBD_PE,D,20170216,000000,26.4,26.7,26.4,26.7,0,0
KBD_PE,D,20170217,000000,26.7,26.7,26.7,26.7,0,0
KBD_PE,D,20170220,000000,26.4,26.4,25.5,26.3,0,0
KBD_PE,D,20170221,000000,26.3,26.6,26.3,26.6,0,0
KBD_PE,D,20170222,000000,26.3,26.6,26.3,26.6,0,0
KBD_PE,D,20170227,000000,26.6,27.1,26,27.1,0,0
KBD_PE,D,20170228,000000,26,27.1,26,27.1,0,0
KBD_PE,D,20170301,000000,27.1,29.1,27.1,28.2,0,0
KBD_PE,D,20170302,000000,28.2,30.9,28.2,28.9,0,0
KBD_PE,D,20170303,000000,30,33,30,30.5,0,0
KBD_PE,D,20170306,000000,30.5,33.6,30.5,33.6,0,0
KBD_PE,D,20170307,000000,33.6,40.4,32.1,39.7,0,0
KBD_PE,D,20170308,000000,38.1,41.9,38.1,41.5,0,0
KBD_PE,D,20170309,000000,41.3,41.3,38.5,41.1,0,0
KBD_PE,D,20170310,000000,37.2,40.6,36.5,38.1,0,0
KBD_PE,D,20170313,000000,39.8,39.8,36.3,36.3,0,0
KBD_PE,D,20170314,000000,36.3,37.6,35.4,35.9,0,0
KBD_PE,D,20170315,000000,34.6,35,33.8,35,0,0
KBD_PE,D,20170316,000000,35.8,35.8,34.7,35.7,0,0
KBD_PE,D,20170320,000000,34.8,35.7,32.4,33.4,0,0
KBD_PE,D,20170321,000000,31.7,33.1,31.7,33.1,0,0
