<TICKER>,<PER>,<DATE>,<TIME>,<OPEN>,<HIGH>,<LOW>,<CLOSE>,<VOL>,<OPENINT>
KGL_PB,D,20160203,000000,2.9781,2.9781,2.9781,2.9781,0,0
KGL_PB,D,20160204,000000,2.9686,2.9781,2.9686,2.9781,0,0
KGL_PB,D,20160205,000000,2.9498,2.9781,2.912,2.912,0,0
KGL_PB,D,20160208,000000,2.9403,2.9781,2.9403,2.9781,0,0
KGL_PB,D,20160209,000000,2.9214,2.9591,2.8552,2.9214,0,0
KGL_PB,D,20160210,000000,2.9214,2.9214,2.9214,2.9214,0,0
KGL_PB,D,20160211,000000,2.9214,2.9591,2.9214,2.9591,0,0
KGL_PB,D,20160217,000000,2.9214,2.9591,2.9214,2.9591,0,0
KGL_PB,D,20160222,000000,2.9498,2.9498,2.9498,2.9498,0,0
KGL_PB,D,20160225,000000,2.9403,2.9591,2.9403,2.9591,0,0
KGL_PB,D,20160301,000000,2.9781,2.9971,2.9498,2.9781,0,0
KGL_PB,D,20160302,000000,2.9591,2.9781,2.9591,2.9781,0,0
KGL_PB,D,20160309,000000,2.9591,2.9686,2.9591,2.9686,0,0
KGL_PB,D,20160311,000000,2.9591,2.9781,2.9591,2.9781,0,0
KGL_PB,D,20160314,000000,2.9781,2.9781,2.9781,2.9781,0,0
KGL_PB,D,20160315,000000,2.9781,2.9781,2.9781,2.9781,0,0
KGL_PB,D,20160316,000000,2.9591,2.9591,2.9591,2.9591,0,0
KGL_PB,D,20160317,000000,2.9591,2.9591,2.9591,2.9591,0,0
KGL_PB,D,20160318,000000,2.9591,2.9781,2.9591,2.9781,0,0
KGL_PB,D,20160321,000000,2.9591,2.9591,2.9591,2.9591,0,0
KGL_PB,D,20160322,000000,2.9591,2.9876,2.8836,2.8836,0,0
KGL_PB,D,20160323,000000,2.9591,2.9591,2.9591,2.9591,0,0
KGL_PB,D,20160324,000000,2.9591,2.9591,2.8836,2.9591,0,0
KGL_PB,D,20160330,000000,1.5883,1.5883,1.5883,1.5883,0,0
KGL_PB,D,20160404,000000,1.5883,1.5883,1.5883,1.5883,0,0
KGL_PB,D,20160405,000000,1.5883,1.5883,1.5883,1.5883,0,0
KGL_PB,D,20160408,000000,1.5883,1.5883,1.5883,1.5883,0,0
KGL_PB,D,20160411,000000,1.5883,1.6261,1.5883,1.6261,0,0
KGL_PB,D,20160412,000000,1.6356,1.7207,1.6356,1.6734,0,0
KGL_PB,D,20160413,000000,1.6924,1.749,1.6734,1.749,0,0
KGL_PB,D,20160414,000000,1.7396,1.7396,1.6639,1.6639,0,0
KGL_PB,D,20160415,000000,1.7396,1.8435,1.6734,1.8435,0,0
KGL_PB,D,20160418,000000,1.7963,1.8435,1.7963,1.8435,0,0
KGL_PB,D,20160419,000000,1.8343,1.9193,1.8343,1.8815,0,0
KGL_PB,D,20160420,000000,1.8624,1.8815,1.8624,1.8624,0,0
KGL_PB,D,20160421,000000,1.8247,1.8435,1.8247,1.8435,0,0
KGL_PB,D,20160425,000000,1.7774,1.8435,1.7774,1.8435,0,0
KGL_PB,D,20160426,000000,1.7774,1.7774,1.7774,1.7774,0,0
KGL_PB,D,20160427,000000,1.768,1.768,1.768,1.768,0,0
KGL_PB,D,20160428,000000,1.768,1.768,1.768,1.768,0,0
KGL_PB,D,20160429,000000,1.8435,1.9097,1.8343,1.8343,0,0
KGL_PB,D,20160504,000000,1.8058,1.8058,1.8058,1.8058,0,0
KGL_PB,D,20160505,000000,1.8153,1.8153,1.8153,1.8153,0,0
KGL_PB,D,20160510,000000,1.8153,1.8153,1.8153,1.8153,0,0
KGL_PB,D,20160511,000000,1.8624,1.9003,1.8624,1.9003,0,0
KGL_PB,D,20160517,000000,1.8719,1.8719,1.8719,1.8719,0,0
KGL_PB,D,20160518,000000,1.8719,1.8719,1.8719,1.8719,0,0
KGL_PB,D,20160519,000000,1.8435,1.8435,1.8435,1.8435,0,0
KGL_PB,D,20160520,000000,1.8435,1.8435,1.8435,1.8435,0,0
KGL_PB,D,20160523,000000,1.8435,1.8435,1.8435,1.8435,0,0
KGL_PB,D,20160527,000000,1.768,1.768,1.768,1.768,0,0
KGL_PB,D,20160530,000000,1.7585,1.7585,1.7585,1.7585,0,0
KGL_PB,D,20160601,000000,1.7585,1.7585,1.7585,1.7585,0,0
KGL_PB,D,20160606,000000,1.7585,1.7585,1.7585,1.7585,0,0
KGL_PB,D,20160607,000000,1.7963,1.7963,1.7963,1.7963,0,0
KGL_PB,D,20160609,000000,1.7963,1.7963,1.7585,1.7585,0,0
KGL_PB,D,20160615,000000,1.8343,1.8343,1.6639,1.8343,0,0
KGL_PB,D,20160616,000000,1.6924,1.768,1.6639,1.6639,0,0
KGL_PB,D,20160617,000000,1.8058,1.8058,1.8058,1.8058,0,0
KGL_PB,D,20160620,000000,1.768,1.768,1.768,1.768,0,0
KGL_PB,D,20160621,000000,1.7396,1.7396,1.7396,1.7396,0,0
KGL_PB,D,20160622,000000,1.7963,1.7963,1.7963,1.7963,0,0
KGL_PB,D,20160623,000000,1.7396,1.7396,1.7396,1.7396,0,0
KGL_PB,D,20160624,000000,1.7396,1.7396,1.6924,1.6924,0,0
KGL_PB,D,20160629,000000,1.6924,1.7396,1.6924,1.7396,0,0
KGL_PB,D,20160705,000000,1.7396,1.7396,1.6639,1.7396,0,0
KGL_PB,D,20160712,000000,1.7396,1.7396,1.6639,1.7396,0,0
KGL_PB,D,20160714,000000,1.6639,1.749,1.6639,1.749,0,0
KGL_PB,D,20160719,000000,1.7301,1.7301,1.7301,1.7301,0,0
KGL_PB,D,20160725,000000,1.7301,1.7301,1.7301,1.7301,0,0
KGL_PB,D,20160726,000000,1.7301,1.7301,1.7301,1.7301,0,0
KGL_PB,D,20160805,000000,1.7301,1.7301,1.7301,1.7301,0,0
KGL_PB,D,20160811,000000,1.7301,1.7301,1.7301,1.7301,0,0
KGL_PB,D,20160816,000000,1.7301,1.7301,1.7301,1.7301,0,0
KGL_PB,D,20160819,000000,1.7207,1.7301,1.7207,1.7301,0,0
KGL_PB,D,20160822,000000,1.7301,1.7301,1.7301,1.7301,0,0
KGL_PB,D,20160823,000000,1.7301,1.7301,1.7301,1.7301,0,0
KGL_PB,D,20160901,000000,1.6639,1.6924,1.6639,1.6924,0,0
KGL_PB,D,20160905,000000,1.6451,1.6451,1.6451,1.6451,0,0
KGL_PB,D,20160907,000000,1.5601,1.5601,1.5601,1.5601,0,0
KGL_PB,D,20160908,000000,1.5601,1.5601,1.5601,1.5601,0,0
KGL_PB,D,20160909,000000,1.6261,1.6261,1.6261,1.6261,0,0
KGL_PB,D,20160913,000000,1.5601,1.6356,1.5601,1.6356,0,0
KGL_PB,D,20160926,000000,1.6356,1.6356,1.6356,1.6356,0,0
KGL_PB,D,20160927,000000,1.6356,1.6356,1.6356,1.6356,0,0
KGL_PB,D,20160928,000000,1.6356,1.6356,1.6356,1.6356,0,0
KGL_PB,D,20160930,000000,1.6356,1.6356,1.6356,1.6356,0,0
KGL_PB,D,20161003,000000,1.6356,1.6356,1.6356,1.6356,0,0
KGL_PB,D,20161004,000000,1.6356,1.6356,1.6356,1.6356,0,0
KGL_PB,D,20161019,000000,1.5601,1.6261,1.5601,1.6261,0,0
KGL_PB,D,20161026,000000,1.6261,1.6261,1.6261,1.6261,0,0
KGL_PB,D,20161031,000000,1.6261,1.6261,1.6261,1.6261,0,0
KGL_PB,D,20161102,000000,1.6261,1.6261,1.6261,1.6261,0,0
KGL_PB,D,20161103,000000,1.6261,1.6261,1.6261,1.6261,0,0
KGL_PB,D,20161108,000000,1.6166,1.6166,1.6166,1.6166,0,0
KGL_PB,D,20161109,000000,1.6261,1.6261,1.6261,1.6261,0,0
KGL_PB,D,20161114,000000,1.6166,1.6166,1.6166,1.6166,0,0
KGL_PB,D,20161115,000000,1.6261,1.6261,1.6261,1.6261,0,0
KGL_PB,D,20161116,000000,1.6166,1.6166,1.6166,1.6166,0,0
KGL_PB,D,20161118,000000,1.5316,1.5411,1.4843,1.5411,0,0
KGL_PB,D,20161121,000000,1.5411,1.5411,1.5411,1.5411,0,0
KGL_PB,D,20161125,000000,1.5411,1.5505,1.5411,1.5505,0,0
KGL_PB,D,20161128,000000,1.5411,1.5505,1.5411,1.5505,0,0
KGL_PB,D,20161129,000000,1.5505,1.5505,1.5505,1.5505,0,0
KGL_PB,D,20161207,000000,1.5505,1.6166,1.5505,1.5505,0,0
KGL_PB,D,20161208,000000,1.5505,1.5505,1.5411,1.5411,0,0
KGL_PB,D,20161209,000000,1.5411,1.5411,1.5127,1.5127,0,0
KGL_PB,D,20161212,000000,1.5127,1.5127,1.5127,1.5127,0,0
KGL_PB,D,20161215,000000,1.5222,1.6166,1.5222,1.6166,0,0
KGL_PB,D,20161221,000000,1.5505,1.5505,1.5505,1.5505,0,0
KGL_PB,D,20161222,000000,1.5411,1.5505,1.5127,1.5505,0,0
KGL_PB,D,20161223,000000,1.5127,1.5127,1.5127,1.5127,0,0
KGL_PB,D,20161229,000000,1.5316,1.5505,1.5316,1.5505,0,0
KGL_PB,D,20161230,000000,1.5505,1.5505,1.5127,1.5127,0,0
KGL_PB,D,20170102,000000,1.5505,1.5505,1.5505,1.5505,0,0
KGL_PB,D,20170105,000000,1.5505,1.5505,1.5505,1.5505,0,0
KGL_PB,D,20170111,000000,1.4748,1.4748,1.4748,1.4748,0,0
KGL_PB,D,20170117,000000,1.5505,1.5505,1.5505,1.5505,0,0
KGL_PB,D,20170123,000000,1.5505,1.5505,1.5505,1.5505,0,0
KGL_PB,D,20170126,000000,1.5505,1.5505,1.4843,1.5505,0,0
KGL_PB,D,20170131,000000,1.5505,1.5505,1.5505,1.5505,0,0
KGL_PB,D,20170203,000000,1.5505,1.5505,1.5505,1.5505,0,0
KGL_PB,D,20170206,000000,1.5505,1.5505,1.5505,1.5505,0,0
KGL_PB,D,20170207,000000,1.5505,1.5505,1.5505,1.5505,0,0
KGL_PB,D,20170208,000000,1.5883,1.5883,1.5788,1.5788,0,0
KGL_PB,D,20170210,000000,1.5883,1.7301,1.5883,1.6639,0,0
KGL_PB,D,20170217,000000,1.6639,1.6734,1.6639,1.6734,0,0
KGL_PB,D,20170221,000000,1.7396,1.8815,1.7396,1.8624,0,0
KGL_PB,D,20170222,000000,1.853,2.0421,1.8435,2.0421,0,0
KGL_PB,D,20170223,000000,2.0421,2.0421,1.9193,1.9853,0,0
KGL_PB,D,20170224,000000,1.9193,1.9193,1.9097,1.9097,0,0
KGL_PB,D,20170227,000000,1.9193,2.0516,1.9193,2.0327,0,0
KGL_PB,D,20170301,000000,1.9949,2.1461,1.9949,2.08,0,0
KGL_PB,D,20170302,000000,2.2029,2.2596,2.1083,2.2124,0,0
KGL_PB,D,20170303,000000,2.1461,2.2217,2.1461,2.2124,0,0
KGL_PB,D,20170306,000000,2.1556,2.1556,2.1556,2.1556,0,0
KGL_PB,D,20170307,000000,2.0894,2.1366,2.0516,2.1366,0,0
KGL_PB,D,20170308,000000,2.0516,2.0989,1.9949,2.0989,0,0
KGL_PB,D,20170309,000000,1.9853,2.0705,1.9853,2.0705,0,0
KGL_PB,D,20170310,000000,2.0705,2.0705,2.0705,2.0705,0,0
KGL_PB,D,20170320,000000,2.0138,2.0138,2.0138,2.0138,0,0
KGL_PB,D,20170321,000000,2.0705,2.0705,2.0705,2.0705,0,0
KGL_PB,D,20170324,000000,1.8815,1.9759,1.8815,1.8815,0,0
KGL_PB,D,20170327,000000,1.9949,1.9949,1.8815,1.9666,0,0
KGL_PB,D,20170328,000000,2.1366,2.1366,1.8815,1.8815,0,0
KGL_PB,D,20170329,000000,1.9853,1.9853,1.9476,1.9853,0,0
KGL_PB,D,20170330,000000,1.9949,1.9949,1.9759,1.9759,0,0
KGL_PB,D,20170331,000000,1.8815,1.9097,1.8815,1.8815,0,0
KGL_PB,D,20170403,000000,1.9193,1.9193,1.7869,1.7869,0,0
KGL_PB,D,20170404,000000,1.8247,1.8247,1.7963,1.8058,0,0
KGL_PB,D,20170406,000000,1.749,1.8153,1.749,1.8153,0,0
KGL_PB,D,20170407,000000,1.8247,1.8247,1.8058,1.8058,0,0
KGL_PB,D,20170410,000000,1.749,1.7963,1.749,1.7963,0,0
KGL_PB,D,20170411,000000,1.9759,1.9759,1.7963,1.8815,0,0
KGL_PB,D,20170412,000000,1.8719,1.8719,1.8719,1.8719,0,0
KGL_PB,D,20170413,000000,1.7396,1.8247,1.7396,1.8153,0,0
KGL_PB,D,20170420,000000,1.8247,1.8247,1.7963,1.8153,0,0
KGL_PB,D,20170421,000000,1.8719,1.9571,1.7963,1.7963,0,0
KGL_PB,D,20170424,000000,1.8247,1.8247,1.8153,1.8153,0,0
KGL_PB,D,20170425,000000,1.8247,1.8247,1.8247,1.8247,0,0
KGL_PB,D,20170426,000000,1.8247,1.8247,1.7963,1.8058,0,0
KGL_PB,D,20170427,000000,1.8247,1.8247,1.8247,1.8247,0,0
KGL_PB,D,20170428,000000,1.8247,1.8247,1.8247,1.8247,0,0
KGL_PB,D,20170504,000000,2.0043,2.0043,2.0043,2.0043,0,0
KGL_PB,D,20170505,000000,2.0421,2.0421,2.0421,2.0421,0,0
KGL_PB,D,20170508,000000,1.9287,1.9287,1.8435,1.8435,0,0
KGL_PB,D,20170509,000000,1.9287,1.9287,1.8719,1.8719,0,0
KGL_PB,D,20170512,000000,2.0138,2.0421,2.0138,2.0421,0,0
KGL_PB,D,20170519,000000,1.8435,1.8908,1.8058,1.8343,0,0
KGL_PB,D,20170522,000000,1.8624,1.8624,1.768,1.768,0,0
KGL_PB,D,20170523,000000,1.768,1.768,1.768,1.768,0,0
KGL_PB,D,20170524,000000,1.768,1.768,1.768,1.768,0,0
KGL_PB,D,20170525,000000,1.768,1.768,1.768,1.768,0,0
KGL_PB,D,20170526,000000,1.7301,1.768,1.6829,1.768,0,0
KGL_PB,D,20170529,000000,1.768,1.768,1.768,1.768,0,0
KGL_PB,D,20170601,000000,1.768,1.768,1.768,1.768,0,0
KGL_PB,D,20170602,000000,1.768,1.768,1.768,1.768,0,0
KGL_PB,D,20170605,000000,1.7585,1.768,1.7585,1.768,0,0
KGL_PB,D,20170606,000000,1.768,1.768,1.768,1.768,0,0
KGL_PB,D,20170607,000000,1.7585,1.768,1.7585,1.768,0,0
KGL_PB,D,20170608,000000,1.768,1.768,1.768,1.768,0,0
KGL_PB,D,20170609,000000,1.7585,1.768,1.7585,1.768,0,0
KGL_PB,D,20170612,000000,1.768,1.768,1.768,1.768,0,0
KGL_PB,D,20170613,000000,1.7585,1.768,1.7585,1.768,0,0
KGL_PB,D,20170614,000000,1.768,1.768,1.768,1.768,0,0
KGL_PB,D,20170616,000000,1.7585,1.768,1.7585,1.768,0,0
KGL_PB,D,20170619,000000,1.768,1.768,1.768,1.768,0,0
KGL_PB,D,20170620,000000,1.7585,1.7585,1.7585,1.7585,0,0
KGL_PB,D,20170621,000000,1.7585,1.7585,1.7585,1.7585,0,0
KGL_PB,D,20170622,000000,1.7585,1.7585,1.7585,1.7585,0,0
KGL_PB,D,20170623,000000,1.7585,1.7585,1.7585,1.7585,0,0
KGL_PB,D,20170627,000000,1.749,1.749,1.749,1.749,0,0
KGL_PB,D,20170629,000000,1.6924,1.6924,1.6829,1.6829,0,0
KGL_PB,D,20170630,000000,1.6829,1.6829,1.6829,1.6829,0,0
KGL_PB,D,20170706,000000,1.768,1.768,1.6639,1.7207,0,0
KGL_PB,D,20170707,000000,1.6166,1.7017,1.6166,1.7017,0,0
KGL_PB,D,20170711,000000,1.6767,1.7434,1.6767,1.7148,0,0
KGL_PB,D,20170714,000000,1.7148,1.7148,1.7148,1.7148,0,0
KGL_PB,D,20170718,000000,1.7148,1.7434,1.7148,1.7148,0,0
KGL_PB,D,20170719,000000,1.7148,1.7148,1.7148,1.7148,0,0
KGL_PB,D,20170721,000000,1.6387,1.7148,1.6387,1.7148,0,0
KGL_PB,D,20170726,000000,1.7148,1.7148,1.7148,1.7148,0,0
KGL_PB,D,20170728,000000,1.7721,1.9339,1.7148,1.7148,0,0
KGL_PB,D,20170731,000000,1.7434,1.7434,1.7434,1.7434,0,0
KGL_PB,D,20170804,000000,1.6387,1.7814,1.6387,1.7814,0,0
KGL_PB,D,20170808,000000,1.7434,1.7434,1.6387,1.6387,0,0
KGL_PB,D,20170809,000000,1.7338,1.7338,1.7148,1.7148,0,0
KGL_PB,D,20170810,000000,1.7338,1.7338,1.6576,1.7338,0,0
KGL_PB,D,20170811,000000,1.7338,1.7338,1.7148,1.7244,0,0
KGL_PB,D,20170814,000000,1.6957,1.7244,1.6957,1.7244,0,0
KGL_PB,D,20170816,000000,1.7244,1.7244,1.7244,1.7244,0,0
KGL_PB,D,20170817,000000,1.7244,1.7244,1.6767,1.7148,0,0
KGL_PB,D,20170818,000000,1.7148,1.7148,1.6767,1.7148,0,0
KGL_PB,D,20170821,000000,1.7148,1.7148,1.7148,1.7148,0,0
KGL_PB,D,20170822,000000,1.7053,1.7148,1.7053,1.7148,0,0
KGL_PB,D,20170823,000000,1.6672,1.7053,1.6672,1.7053,0,0
KGL_PB,D,20170824,000000,1.6767,1.6957,1.6767,1.6957,0,0
KGL_PB,D,20170825,000000,1.6957,1.6957,1.6957,1.6957,0,0
KGL_PB,D,20170828,000000,1.6957,1.6957,1.6957,1.6957,0,0
KGL_PB,D,20170829,000000,1.6957,1.6957,1.6957,1.6957,0,0
KGL_PB,D,20170830,000000,1.6576,1.6862,1.6576,1.6862,0,0
KGL_PB,D,20170831,000000,1.6767,1.6862,1.6767,1.6862,0,0
KGL_PB,D,20170901,000000,1.6481,1.7148,1.6481,1.7148,0,0
KGL_PB,D,20170904,000000,1.7148,1.7148,1.7148,1.7148,0,0
KGL_PB,D,20170905,000000,1.7053,1.7053,1.6767,1.6767,0,0
KGL_PB,D,20170907,000000,1.6767,1.6767,1.6481,1.6672,0,0
KGL_PB,D,20170908,000000,1.6672,1.6672,1.6481,1.6481,0,0
KGL_PB,D,20170911,000000,1.6672,1.6672,1.6672,1.6672,0,0
KGL_PB,D,20170912,000000,1.6672,1.6672,1.6196,1.6481,0,0
KGL_PB,D,20170913,000000,1.6672,1.6672,1.6672,1.6672,0,0
KGL_PB,D,20170914,000000,1.6672,1.6672,1.6576,1.6672,0,0
KGL_PB,D,20170915,000000,1.6672,1.6672,1.6481,1.6481,0,0
KGL_PB,D,20170918,000000,1.6672,1.6672,1.6291,1.6672,0,0
KGL_PB,D,20170919,000000,1.6576,1.6576,1.6576,1.6576,0,0
KGL_PB,D,20170920,000000,1.6672,1.6672,1.6672,1.6672,0,0
KGL_PB,D,20170921,000000,1.6672,1.6672,1.6672,1.6672,0,0
KGL_PB,D,20170922,000000,1.6672,1.6672,1.6672,1.6672,0,0
KGL_PB,D,20170925,000000,1.6196,1.6672,1.6196,1.6672,0,0
KGL_PB,D,20170926,000000,1.6672,1.6672,1.6196,1.6672,0,0
KGL_PB,D,20170927,000000,1.6481,1.6481,1.6481,1.6481,0,0
KGL_PB,D,20170928,000000,1.6481,1.6481,1.6481,1.6481,0,0
KGL_PB,D,20171002,000000,1.6576,1.6576,1.6005,1.6576,0,0
KGL_PB,D,20171004,000000,1.6196,1.6387,1.6196,1.6387,0,0
KGL_PB,D,20171005,000000,1.6387,1.6387,1.6387,1.6387,0,0
KGL_PB,D,20171006,000000,1.6291,1.6291,1.6291,1.6291,0,0
KGL_PB,D,20171009,000000,1.6291,1.6291,1.6291,1.6291,0,0
KGL_PB,D,20171010,000000,1.6291,1.6387,1.6291,1.6387,0,0
KGL_PB,D,20171011,000000,1.6387,1.6387,1.6387,1.6387,0,0
KGL_PB,D,20171012,000000,1.6387,1.6387,1.6387,1.6387,0,0
KGL_PB,D,20171013,000000,1.6291,1.6291,1.6291,1.6291,0,0
KGL_PB,D,20171016,000000,1.6387,1.6387,1.6196,1.6387,0,0
KGL_PB,D,20171017,000000,1.6387,1.6387,1.6387,1.6387,0,0
KGL_PB,D,20171018,000000,1.6291,1.6576,1.6196,1.6196,0,0
KGL_PB,D,20171019,000000,1.6291,1.6291,1.6196,1.6196,0,0
KGL_PB,D,20171020,000000,1.61,1.6291,1.6005,1.6005,0,0
KGL_PB,D,20171023,000000,1.6005,1.6672,1.6005,1.6481,0,0
KGL_PB,D,20171024,000000,1.6481,1.6481,1.6481,1.6481,0,0
KGL_PB,D,20171025,000000,1.5719,1.6481,1.5623,1.5623,0,0
KGL_PB,D,20171026,000000,1.6481,1.6481,1.6481,1.6481,0,0
KGL_PB,D,20171027,000000,1.6481,1.6481,1.5623,1.6481,0,0
KGL_PB,D,20171030,000000,1.61,1.6481,1.61,1.6387,0,0
KGL_PB,D,20171031,000000,1.6387,1.6387,1.5623,1.6387,0,0
KGL_PB,D,20171106,000000,1.5623,1.6291,1.5623,1.6291,0,0
KGL_PB,D,20171108,000000,1.5815,1.6481,1.5338,1.6005,0,0
KGL_PB,D,20171109,000000,1.6005,1.6005,1.6005,1.6005,0,0
KGL_PB,D,20171110,000000,1.6005,1.6005,1.6005,1.6005,0,0
KGL_PB,D,20171114,000000,1.5243,1.6005,1.5243,1.5815,0,0
KGL_PB,D,20171120,000000,1.5528,1.5815,1.5148,1.5148,0,0
KGL_PB,D,20171121,000000,1.5148,1.5148,1.5148,1.5148,0,0
KGL_PB,D,20171122,000000,1.5148,1.5148,1.5148,1.5148,0,0
KGL_PB,D,20171123,000000,1.4671,1.5148,1.4671,1.5148,0,0
KGL_PB,D,20171127,000000,1.5148,1.5148,1.5148,1.5148,0,0
KGL_PB,D,20171128,000000,1.4481,1.4957,1.4481,1.4957,0,0
KGL_PB,D,20171129,000000,1.4385,1.4957,1.4385,1.4957,0,0
KGL_PB,D,20171130,000000,1.4957,1.4957,1.4957,1.4957,0,0
KGL_PB,D,20171201,000000,1.4957,1.4957,1.4957,1.4957,0,0
KGL_PB,D,20171204,000000,1.4957,1.6387,1.4957,1.6387,0,0
KGL_PB,D,20171205,000000,1.5052,1.6291,1.5052,1.6291,0,0
KGL_PB,D,20171206,000000,1.6291,1.6291,1.6291,1.6291,0,0
KGL_PB,D,20171208,000000,1.5243,1.6291,1.5243,1.6291,0,0
KGL_PB,D,20171212,000000,1.4671,1.6005,1.4671,1.6005,0,0
KGL_PB,D,20171218,000000,1.4576,1.6005,1.4385,1.4385,0,0
KGL_PB,D,20171219,000000,1.4766,1.4766,1.4385,1.4671,0,0
KGL_PB,D,20171220,000000,1.429,1.4576,1.4099,1.4576,0,0
KGL_PB,D,20171227,000000,1.4576,1.4576,1.3718,1.3718,0,0
KGL_PB,D,20171228,000000,1.3433,1.3718,1.229,1.3718,0,0
KGL_PB,D,20180103,000000,1.3242,1.3718,1.3242,1.3718,0,0
KGL_PB,D,20180104,000000,1.3242,1.3337,1.3051,1.3337,0,0
KGL_PB,D,20180105,000000,1.3337,1.3337,1.3337,1.3337,0,0
KGL_PB,D,20180108,000000,1.3051,1.3242,1.3051,1.3242,0,0
KGL_PB,D,20180109,000000,1.3242,1.3242,1.3242,1.3242,0,0
KGL_PB,D,20180111,000000,1.3051,1.3051,1.3051,1.3051,0,0
KGL_PB,D,20180116,000000,1.2956,1.3242,1.2956,1.3242,0,0
KGL_PB,D,20180117,000000,1.3242,1.3242,1.3242,1.3242,0,0
KGL_PB,D,20180122,000000,1.2956,1.2956,1.2861,1.2861,0,0
KGL_PB,D,20180123,000000,1.3051,1.3242,1.3051,1.3051,0,0
KGL_PB,D,20180124,000000,1.3051,1.3051,1.3051,1.3051,0,0
KGL_PB,D,20180125,000000,1.3051,1.3051,1.3051,1.3051,0,0
KGL_PB,D,20180126,000000,1.2956,1.3051,1.2956,1.3051,0,0
KGL_PB,D,20180129,000000,1.3242,1.3242,1.3051,1.3051,0,0
KGL_PB,D,20180130,000000,1.3051,1.3242,1.3051,1.3051,0,0
KGL_PB,D,20180131,000000,1.3051,1.3242,1.3051,1.3242,0,0
KGL_PB,D,20180201,000000,1.3242,1.4099,1.3051,1.3051,0,0
KGL_PB,D,20180202,000000,1.3242,1.3624,1.3242,1.3624,0,0
KGL_PB,D,20180205,000000,1.3624,1.3624,1.2861,1.2861,0,0
KGL_PB,D,20180206,000000,1.2861,1.2861,1.248,1.2767,0,0
KGL_PB,D,20180207,000000,1.2861,1.3051,1.2861,1.3051,0,0
KGL_PB,D,20180208,000000,1.3051,1.3051,1.2861,1.2861,0,0
KGL_PB,D,20180209,000000,1.2767,1.3051,1.2671,1.3051,0,0
KGL_PB,D,20180212,000000,1.3051,1.3051,1.2956,1.3051,0,0
KGL_PB,D,20180213,000000,1.3051,1.3051,1.3051,1.3051,0,0
KGL_PB,D,20180214,000000,1.3051,1.3051,1.3051,1.3051,0,0
KGL_PB,D,20180215,000000,1.3051,1.3242,1.2767,1.3051,0,0
KGL_PB,D,20180216,000000,1.3051,1.3051,1.3051,1.3051,0,0
KGL_PB,D,20180219,000000,1.3051,1.3051,1.2576,1.3051,0,0
KGL_PB,D,20180220,000000,1.3051,1.3051,1.3051,1.3051,0,0
KGL_PB,D,20180221,000000,1.3051,1.3051,1.2576,1.3051,0,0
KGL_PB,D,20180222,000000,1.3051,1.3051,1.1813,1.2861,0,0
KGL_PB,D,20180223,000000,1.2861,1.2861,1.2767,1.2767,0,0
KGL_PB,D,20180226,000000,1.2861,1.3051,1.248,1.2956,0,0
KGL_PB,D,20180227,000000,1.2861,1.3242,1.2861,1.3242,0,0
KGL_PB,D,20180228,000000,1.3337,1.3337,1.3242,1.3337,0,0
KGL_PB,D,20180301,000000,1.3337,1.3337,1.229,1.3242,0,0
KGL_PB,D,20180302,000000,1.3242,1.3242,1.248,1.3051,0,0
KGL_PB,D,20180305,000000,1.248,1.4099,1.248,1.4099,0,0
KGL_PB,D,20180306,000000,1.4099,1.4099,1.2861,1.3528,0,0
KGL_PB,D,20180307,000000,1.4005,1.4005,1.2671,1.3242,0,0
KGL_PB,D,20180308,000000,1.3528,1.3528,1.2861,1.2861,0,0
KGL_PB,D,20180309,000000,1.2671,1.3242,1.2194,1.2956,0,0
KGL_PB,D,20180312,000000,1.2956,1.3051,1.2767,1.3051,0,0
KGL_PB,D,20180313,000000,1.3051,1.3051,1.3051,1.3051,0,0
KGL_PB,D,20180314,000000,1.3051,1.3051,1.3051,1.3051,0,0
KGL_PB,D,20180315,000000,1.3051,1.3051,1.3051,1.3051,0,0
KGL_PB,D,20180316,000000,1.3051,1.3051,1.248,1.3051,0,0
KGL_PB,D,20180319,000000,1.3051,1.3051,1.1813,1.2671,0,0
KGL_PB,D,20180320,000000,1.2671,1.2861,1.2194,1.2861,0,0
KGL_PB,D,20180321,000000,1.3242,1.3337,1.2671,1.3337,0,0
KGL_PB,D,20180322,000000,1.3624,1.3624,1.3624,1.3624,0,0
KGL_PB,D,20180323,000000,1.3337,1.3624,1.3337,1.3337,0,0
KGL_PB,D,20180326,000000,1.3242,1.3337,1.3242,1.3337,0,0
KGL_PB,D,20180327,000000,1.3242,1.3242,1.3051,1.3051,0,0
KGL_PB,D,20180328,000000,1.3051,1.3051,1.2861,1.2956,0,0
KGL_PB,D,20180329,000000,1.2956,1.2956,1.2956,1.2956,0,0
KGL_PB,D,20180403,000000,1.2956,1.2956,1.2956,1.2956,0,0
KGL_PB,D,20180404,000000,1.2956,1.2956,1.248,1.2956,0,0
KGL_PB,D,20180405,000000,1.2956,1.2956,1.2384,1.2956,0,0
KGL_PB,D,20180406,000000,1.2861,1.2861,1.2861,1.2861,0,0
KGL_PB,D,20180409,000000,1.2861,1.2861,1.2861,1.2861,0,0
KGL_PB,D,20180410,000000,1.2956,1.3337,1.2767,1.2767,0,0
KGL_PB,D,20180411,000000,1.3147,1.3147,1.2767,1.2767,0,0
KGL_PB,D,20180412,000000,1.2671,1.2767,1.2671,1.2767,0,0
KGL_PB,D,20180413,000000,1.3147,1.3147,1.2767,1.3147,0,0
KGL_PB,D,20180416,000000,1.3051,1.3051,1.2099,1.2767,0,0
KGL_PB,D,20180417,000000,1.2671,1.2767,1.2671,1.2767,0,0
KGL_PB,D,20180418,000000,1.3147,1.3147,1.3147,1.3147,0,0
KGL_PB,D,20180419,000000,1.3147,1.3147,1.229,1.2671,0,0
KGL_PB,D,20180420,000000,1.3147,1.3147,1.3147,1.3147,0,0
KGL_PB,D,20180423,000000,1.2671,1.2671,1.2671,1.2671,0,0
KGL_PB,D,20180424,000000,1.2671,1.2671,1.2671,1.2671,0,0
KGL_PB,D,20180425,000000,1.2671,1.2671,1.2671,1.2671,0,0
KGL_PB,D,20180426,000000,1.2576,1.2576,1.2576,1.2576,0,0
KGL_PB,D,20180427,000000,1.2576,1.2576,1.2576,1.2576,0,0
KGL_PB,D,20180430,000000,1.2576,1.2671,1.2576,1.2671,0,0
KGL_PB,D,20180502,000000,1.2671,1.2671,1.2671,1.2671,0,0
KGL_PB,D,20180504,000000,1.2671,1.2671,1.2671,1.2671,0,0
KGL_PB,D,20180507,000000,1.2671,1.2671,1.2671,1.2671,0,0
KGL_PB,D,20180508,000000,1.2671,1.2671,1.2671,1.2671,0,0
KGL_PB,D,20180509,000000,1.2671,1.2671,1.2671,1.2671,0,0
KGL_PB,D,20180510,000000,1.2671,1.2671,1.2671,1.2671,0,0
KGL_PB,D,20180511,000000,1.2671,1.2767,1.2671,1.2767,0,0
KGL_PB,D,20180514,000000,1.2671,1.2861,1.2671,1.2861,0,0
KGL_PB,D,20180515,000000,1.2861,1.2861,1.2861,1.2861,0,0
KGL_PB,D,20180516,000000,1.2767,1.2767,1.2767,1.2767,0,0
KGL_PB,D,20180517,000000,1.2767,1.2767,1.2767,1.2767,0,0
KGL_PB,D,20180518,000000,1.2767,1.2767,1.2767,1.2767,0,0
KGL_PB,D,20180521,000000,1.2767,1.2767,1.1813,1.2767,0,0
KGL_PB,D,20180522,000000,1.2767,1.2767,1.2767,1.2767,0,0
KGL_PB,D,20180523,000000,1.2576,1.2576,1.2099,1.2099,0,0
KGL_PB,D,20180524,000000,1.2099,1.2194,1.2099,1.2194,0,0
KGL_PB,D,20180525,000000,1.2576,1.2576,1.2576,1.2576,0,0
KGL_PB,D,20180528,000000,1.1908,1.2576,1.1908,1.1908,0,0
KGL_PB,D,20180529,000000,1.1908,1.1908,1.1908,1.1908,0,0
KGL_PB,D,20180530,000000,1.1337,1.1337,1.1051,1.1051,0,0
KGL_PB,D,20180601,000000,1.0861,1.1146,1.0861,1.0861,0,0
KGL_PB,D,20180604,000000,1.0861,1.0861,1.0099,1.0765,0,0
KGL_PB,D,20180605,000000,1.1718,1.1718,1.0956,1.0956,0,0
KGL_PB,D,20180606,000000,1.1623,1.1623,1.0574,1.0956,0,0
KGL_PB,D,20180607,000000,1.1433,1.1433,1.0574,1.0765,0,0
KGL_PB,D,20180608,000000,1.0574,1.0574,1.0385,1.0385,0,0
KGL_PB,D,20180611,000000,1.0479,1.0479,1.0099,1.0385,0,0
KGL_PB,D,20180612,000000,1.0099,1.0479,1.0099,1.0479,0,0
KGL_PB,D,20180613,000000,1.0479,1.0479,1.0479,1.0479,0,0
KGL_PB,D,20180614,000000,1.0099,1.1051,1.0099,1.1051,0,0
KGL_PB,D,20180615,000000,1.1051,1.1051,1.1051,1.1051,0,0
KGL_PB,D,20180618,000000,1.1051,1.1051,1.1051,1.1051,0,0
KGL_PB,D,20180619,000000,1.1051,1.1051,1.0669,1.0669,0,0
KGL_PB,D,20180620,000000,1.0669,1.0669,1.0669,1.0669,0,0
KGL_PB,D,20180621,000000,1.0669,1.0669,1.0669,1.0669,0,0
KGL_PB,D,20180622,000000,1.0669,1.0669,1.0194,1.0669,0,0
KGL_PB,D,20180625,000000,1.0669,1.0669,1.0669,1.0669,0,0
KGL_PB,D,20180626,000000,1.0669,1.0669,1.0289,1.0574,0,0
KGL_PB,D,20180627,000000,1.0574,1.0574,1.0194,1.0479,0,0
KGL_PB,D,20180628,000000,1.0479,1.0479,1.0479,1.0479,0,0
KGL_PB,D,20180629,000000,1.0479,1.0479,0.9908,1.0385,0,0
KGL_PB,D,20180702,000000,1.0385,1.0385,1.0385,1.0385,0,0
KGL_PB,D,20180703,000000,1.0385,1.0385,1.0385,1.0385,0,0
KGL_PB,D,20180704,000000,1.0385,1.0385,1.0385,1.0385,0,0
KGL_PB,D,20180705,000000,1.0385,1.0385,1.0385,1.0385,0,0
KGL_PB,D,20180706,000000,1.0385,1.0385,1.0385,1.0385,0,0
KGL_PB,D,20180709,000000,1.0385,1.0385,1.0385,1.0385,0,0
KGL_PB,D,20180710,000000,1.0289,1.0289,1.0289,1.0289,0,0
KGL_PB,D,20180711,000000,1.0194,1.0194,0.9812,1.0194,0,0
KGL_PB,D,20180712,000000,1.0194,1.0194,0.9717,1.0194,0,0
KGL_PB,D,20180713,000000,1.0318,1.0318,0.974,0.974,0,0
KGL_PB,D,20180716,000000,0.974,0.974,0.974,0.974,0,0
KGL_PB,D,20180717,000000,0.974,0.974,0.974,0.974,0,0
KGL_PB,D,20180718,000000,1.003,1.003,0.974,0.974,0,0
KGL_PB,D,20180719,000000,1.003,1.003,1.003,1.003,0,0
KGL_PB,D,20180720,000000,1.003,1.003,1.003,1.003,0,0
KGL_PB,D,20180723,000000,0.974,0.974,0.974,0.974,0,0
KGL_PB,D,20180724,000000,0.974,0.974,0.974,0.974,0,0
KGL_PB,D,20180725,000000,0.9451,0.9451,0.9451,0.9451,0,0
KGL_PB,D,20180726,000000,0.9451,0.9451,0.9451,0.9451,0,0
KGL_PB,D,20180727,000000,0.9451,0.9451,0.9451,0.9451,0,0
KGL_PB,D,20180730,000000,0.9451,0.9451,0.9065,0.9354,0,0
KGL_PB,D,20180731,000000,0.9258,0.9354,0.9258,0.9354,0,0
KGL_PB,D,20180801,000000,0.9354,0.9354,0.9354,0.9354,0,0
KGL_PB,D,20180802,000000,0.9354,0.9354,0.9354,0.9354,0,0
KGL_PB,D,20180803,000000,0.974,0.974,0.9258,0.974,0,0
KGL_PB,D,20180806,000000,0.974,1.0318,0.9547,1.0318,0,0
KGL_PB,D,20180807,000000,1.0608,1.0608,1.0608,1.0608,0,0
KGL_PB,D,20180808,000000,1.0318,1.0318,0.9644,0.9933,0,0
KGL_PB,D,20180809,000000,1.0318,1.0318,1.0318,1.0318,0,0
KGL_PB,D,20180810,000000,1.0318,1.0318,0.9837,0.9837,0,0
KGL_PB,D,20180813,000000,1.0222,1.0222,0.9837,1.0222,0,0
KGL_PB,D,20180814,000000,1.0125,1.0125,1.0125,1.0125,0,0
KGL_PB,D,20180816,000000,1.0125,1.0125,0.9547,0.9547,0,0
KGL_PB,D,20180817,000000,0.9644,0.974,0.9258,0.9258,0,0
KGL_PB,D,20180820,000000,0.9065,0.9258,0.9065,0.9258,0,0
KGL_PB,D,20180821,000000,0.9258,0.9258,0.9258,0.9258,0,0
KGL_PB,D,20180822,000000,0.9354,0.9354,0.9354,0.9354,0,0
KGL_PB,D,20180823,000000,0.9451,0.9451,0.9258,0.9258,0,0
KGL_PB,D,20180824,000000,0.9451,0.9451,0.9451,0.9451,0,0
KGL_PB,D,20180827,000000,1.0222,1.0222,1.0222,1.0222,0,0
KGL_PB,D,20180828,000000,1.0125,1.0125,0.9644,1.0125,0,0
KGL_PB,D,20180829,000000,1.003,1.003,1.003,1.003,0,0
KGL_PB,D,20180830,000000,1.003,1.003,1.003,1.003,0,0
KGL_PB,D,20180831,000000,1.003,1.003,0.9354,1.003,0,0
KGL_PB,D,20180903,000000,1.0125,1.0125,1.0125,1.0125,0,0
KGL_PB,D,20180904,000000,1.0125,1.0125,0.9644,1.003,0,0
KGL_PB,D,20180905,000000,0.9933,0.9933,0.9933,0.9933,0,0
KGL_PB,D,20180906,000000,0.9837,0.9837,0.9258,0.9837,0,0
KGL_PB,D,20180907,000000,0.9933,0.9933,0.9933,0.9933,0,0
KGL_PB,D,20180910,000000,0.9354,0.9451,0.8873,0.9451,0,0
KGL_PB,D,20180911,000000,0.9451,0.9451,0.9451,0.9451,0,0
KGL_PB,D,20180912,000000,0.9451,0.9451,0.9354,0.9354,0,0
KGL_PB,D,20180913,000000,0.9451,0.9451,0.9451,0.9451,0,0
KGL_PB,D,20180914,000000,0.9451,0.9451,0.9451,0.9451,0,0
KGL_PB,D,20180917,000000,0.9451,0.9451,0.9451,0.9451,0,0
KGL_PB,D,20180918,000000,0.9451,0.9451,0.9451,0.9451,0,0
KGL_PB,D,20180919,000000,0.9451,0.9451,0.9451,0.9451,0,0
KGL_PB,D,20180920,000000,0.9451,0.9451,0.9451,0.9451,0,0
KGL_PB,D,20180921,000000,0.9451,0.9451,0.9451,0.9451,0,0
KGL_PB,D,20180924,000000,0.9451,0.9451,0.9451,0.9451,0,0
KGL_PB,D,20180925,000000,0.9451,1.0125,0.9451,1.0125,0,0
KGL_PB,D,20180926,000000,1.0705,1.0705,1.0125,1.0125,0,0
KGL_PB,D,20180927,000000,1.0415,1.0511,1.0415,1.0511,0,0
KGL_PB,D,20180928,000000,1.0801,1.0801,1.0608,1.0608,0,0
KGL_PB,D,20181001,000000,1.0608,1.0608,1.0125,1.0608,0,0
KGL_PB,D,20181002,000000,1.0511,1.0511,0.9933,1.0415,0,0
KGL_PB,D,20181003,000000,1.0415,1.0415,1.0415,1.0415,0,0
KGL_PB,D,20181004,000000,1.0318,1.0415,1.0318,1.0318,0,0
KGL_PB,D,20181005,000000,1.0415,1.0415,1.0415,1.0415,0,0
KGL_PB,D,20181008,000000,1.0801,1.0801,1.0222,1.0608,0,0
KGL_PB,D,20181009,000000,1.0511,1.0511,1.0511,1.0511,0,0
KGL_PB,D,20181010,000000,1.0608,1.0608,1.0608,1.0608,0,0
KGL_PB,D,20181011,000000,1.0801,1.0801,1.0801,1.0801,0,0
KGL_PB,D,20181012,000000,1.0801,1.0801,1.0801,1.0801,0,0
KGL_PB,D,20181015,000000,1.0801,1.0801,1.0801,1.0801,0,0
KGL_PB,D,20181016,000000,1.0801,1.0801,1.0801,1.0801,0,0
KGL_PB,D,20181017,000000,1.0415,1.0415,1.0318,1.0318,0,0
KGL_PB,D,20181018,000000,1.0801,1.0801,1.0801,1.0801,0,0
KGL_PB,D,20181019,000000,1.0415,1.0801,1.0318,1.0801,0,0
KGL_PB,D,20181022,000000,1.0801,1.0801,1.0801,1.0801,0,0
KGL_PB,D,20181023,000000,1.0801,1.0801,1.0511,1.0801,0,0
KGL_PB,D,20181024,000000,1.0705,1.0705,1.0705,1.0705,0,0
KGL_PB,D,20181025,000000,1.0705,1.0801,1.0705,1.0801,0,0
KGL_PB,D,20181026,000000,1.0801,1.0801,1.0125,1.0125,0,0
KGL_PB,D,20181029,000000,1.0511,1.0511,1.0125,1.0511,0,0
KGL_PB,D,20181030,000000,1.0608,1.0608,1.0608,1.0608,0,0
KGL_PB,D,20181031,000000,1.0705,1.0705,1.0608,1.0705,0,0
KGL_PB,D,20181102,000000,1.0898,1.0898,1.0898,1.0898,0,0
KGL_PB,D,20181105,000000,1.0898,1.0898,1.0898,1.0898,0,0
KGL_PB,D,20181106,000000,1.0898,1.0898,1.0898,1.0898,0,0
KGL_PB,D,20181107,000000,1.0898,1.0898,1.0898,1.0898,0,0
KGL_PB,D,20181108,000000,1.0898,1.1669,1.003,1.1669,0,0
KGL_PB,D,20181109,000000,1.1669,1.1669,1.0705,1.0705,0,0
KGL_PB,D,20181113,000000,1.0705,1.0705,1.0125,1.0125,0,0
KGL_PB,D,20181114,000000,1.0125,1.0511,0.9933,1.0511,0,0
KGL_PB,D,20181115,000000,1.0511,1.0511,0.974,1.0511,0,0
KGL_PB,D,20181116,000000,1.0511,1.0511,0.9837,0.9933,0,0
KGL_PB,D,20181119,000000,0.9837,0.9933,0.9837,0.9837,0,0
KGL_PB,D,20181120,000000,0.9837,1.0511,0.9837,1.0511,0,0
KGL_PB,D,20181121,000000,1.003,1.0222,0.9933,1.0222,0,0
KGL_PB,D,20181122,000000,1.0511,1.0511,1.0511,1.0511,0,0
KGL_PB,D,20181123,000000,1.0511,1.0511,1.0511,1.0511,0,0
KGL_PB,D,20181126,000000,1.0511,1.0511,1.0125,1.0511,0,0
KGL_PB,D,20181127,000000,1.0511,1.0511,1.003,1.003,0,0
KGL_PB,D,20181128,000000,1.003,1.0511,1.003,1.0511,0,0
KGL_PB,D,20181129,000000,0.974,1.0511,0.974,1.0318,0,0
KGL_PB,D,20181130,000000,1.0318,1.0415,1.003,1.0318,0,0
KGL_PB,D,20181203,000000,1.0511,1.0511,0.9933,1.0318,0,0
KGL_PB,D,20181204,000000,1.0318,1.0318,1.0318,1.0318,0,0
KGL_PB,D,20181205,000000,1.0318,1.0318,0.9644,0.9933,0,0
KGL_PB,D,20181206,000000,1.0318,1.0318,0.9933,1.0318,0,0
KGL_PB,D,20181207,000000,1.0318,1.0318,0.9933,1.0318,0,0
KGL_PB,D,20181210,000000,1.0318,1.0318,0.9933,1.0318,0,0
KGL_PB,D,20181211,000000,1.0318,1.0318,1.0318,1.0318,0,0
KGL_PB,D,20181212,000000,1.0318,1.0318,1.0318,1.0318,0,0
KGL_PB,D,20181213,000000,1.0318,1.0318,0.9547,1.0222,0,0
KGL_PB,D,20181214,000000,1.0222,1.0222,0.9933,0.9933,0,0
KGL_PB,D,20181217,000000,0.9837,0.9933,0.9837,0.9933,0,0
KGL_PB,D,20181218,000000,1.0222,1.0222,0.9644,0.9933,0,0
KGL_PB,D,20181219,000000,1.0222,1.0222,0.9644,0.9644,0,0
KGL_PB,D,20181220,000000,0.9933,0.9933,0.9065,0.9065,0,0
KGL_PB,D,20181221,000000,0.9644,0.9644,0.8776,0.8776,0,0
KGL_PB,D,20181227,000000,0.8776,0.8776,0.839,0.839,0,0
KGL_PB,D,20181228,000000,0.8679,0.8679,0.81,0.81,0,0
KGL_PB,D,20190102,000000,0.7522,0.7522,0.7329,0.7522,0,0
KGL_PB,D,20190103,000000,0.8004,0.8004,0.7233,0.7233,0,0
KGL_PB,D,20190104,000000,0.6943,0.7619,0.6654,0.7619,0,0
KGL_PB,D,20190107,000000,0.8004,0.8004,0.7619,0.7619,0,0
KGL_PB,D,20190108,000000,0.7812,0.7812,0.7619,0.7812,0,0
KGL_PB,D,20190109,000000,0.7812,0.7812,0.7522,0.7522,0,0
KGL_PB,D,20190110,000000,0.8004,0.8004,0.7619,0.7619,0,0
KGL_PB,D,20190111,000000,0.7812,0.7812,0.7522,0.7522,0,0
KGL_PB,D,20190114,000000,0.8004,0.8004,0.7426,0.7426,0,0
KGL_PB,D,20190115,000000,0.8004,0.8004,0.7522,0.7619,0,0
KGL_PB,D,20190116,000000,0.8004,0.8004,0.7619,0.7619,0,0
KGL_PB,D,20190117,000000,0.7812,0.7812,0.7522,0.7522,0,0
KGL_PB,D,20190118,000000,0.7812,0.7812,0.7522,0.7522,0,0
KGL_PB,D,20190121,000000,0.7812,0.7812,0.7812,0.7812,0,0
KGL_PB,D,20190122,000000,0.7619,0.7619,0.7619,0.7619,0,0
KGL_PB,D,20190123,000000,0.7812,0.7812,0.7619,0.7812,0,0
KGL_PB,D,20190124,000000,0.7715,0.7812,0.7715,0.7812,0,0
KGL_PB,D,20190125,000000,0.8004,0.8004,0.8004,0.8004,0,0
KGL_PB,D,20190130,000000,0.839,0.839,0.839,0.839,0,0
KGL_PB,D,20190204,000000,0.8583,0.8679,0.8583,0.8679,0,0
KGL_PB,D,20190206,000000,0.9065,1.0801,0.9065,1.0801,0,0
KGL_PB,D,20190207,000000,1.0801,1.0801,1.0511,1.0511,0,0
KGL_PB,D,20190208,000000,1.0415,1.0415,0.9933,0.9933,0,0
KGL_PB,D,20190211,000000,1.0318,1.0318,0.9451,0.9644,0,0
KGL_PB,D,20190212,000000,0.9933,0.9933,0.974,0.974,0,0
KGL_PB,D,20190213,000000,0.9933,0.9933,0.8679,0.8873,0,0
KGL_PB,D,20190214,000000,0.8873,0.8873,0.8004,0.8004,0,0
KGL_PB,D,20190215,000000,0.81,0.81,0.7715,0.7715,0,0
KGL_PB,D,20190218,000000,0.7715,0.81,0.7715,0.81,0,0
KGL_PB,D,20190219,000000,0.7522,0.7619,0.7522,0.7522,0,0
KGL_PB,D,20190220,000000,0.7619,0.7908,0.7619,0.7619,0,0
KGL_PB,D,20190221,000000,0.7908,0.7908,0.7522,0.7619,0,0
KGL_PB,D,20190222,000000,0.7908,0.7908,0.7136,0.7136,0,0
KGL_PB,D,20190225,000000,0.7426,0.7426,0.7426,0.7426,0,0
KGL_PB,D,20190226,000000,0.7426,0.7426,0.7426,0.7426,0,0
KGL_PB,D,20190227,000000,0.7426,0.7426,0.7329,0.7426,0,0
KGL_PB,D,20190228,000000,0.7426,0.7426,0.7426,0.7426,0,0
KGL_PB,D,20190301,000000,0.7426,0.7426,0.7426,0.7426,0,0
KGL_PB,D,20190304,000000,0.7426,0.7426,0.7426,0.7426,0,0
KGL_PB,D,20190305,000000,0.7426,0.7426,0.7329,0.7426,0,0
KGL_PB,D,20190306,000000,0.7426,0.7426,0.7426,0.7426,0,0
KGL_PB,D,20190307,000000,0.7426,0.7426,0.7426,0.7426,0,0
KGL_PB,D,20190308,000000,0.7426,0.7426,0.7426,0.7426,0,0
KGL_PB,D,20190311,000000,0.7426,0.7426,0.7426,0.7426,0,0
KGL_PB,D,20190312,000000,0.7426,0.7426,0.7426,0.7426,0,0
KGL_PB,D,20190313,000000,0.7426,0.7426,0.7426,0.7426,0,0
KGL_PB,D,20190314,000000,0.7426,0.7426,0.7426,0.7426,0,0
KGL_PB,D,20190315,000000,0.7426,0.7812,0.7426,0.7812,0,0
KGL_PB,D,20190318,000000,0.7812,0.8004,0.7812,0.7812,0,0
KGL_PB,D,20190319,000000,0.7812,0.7812,0.7619,0.7619,0,0
KGL_PB,D,20190320,000000,0.7619,0.7619,0.7522,0.7522,0,0
KGL_PB,D,20190321,000000,0.7812,0.7812,0.7812,0.7812,0,0
KGL_PB,D,20190322,000000,0.7812,0.7812,0.7522,0.7522,0,0
KGL_PB,D,20190325,000000,0.7522,0.7522,0.7522,0.7522,0,0
KGL_PB,D,20190326,000000,0.7522,0.7522,0.7522,0.7522,0,0
KGL_PB,D,20190327,000000,0.7522,0.7522,0.7522,0.7522,0,0
KGL_PB,D,20190328,000000,0.7522,0.7522,0.7522,0.7522,0,0
KGL_PB,D,20190329,000000,0.7522,0.7812,0.7522,0.7812,0,0
KGL_PB,D,20190401,000000,0.8004,0.8583,0.7426,0.8583,0,0
KGL_PB,D,20190402,000000,0.8583,0.8583,0.7812,0.8583,0,0
KGL_PB,D,20190403,000000,0.8583,0.8583,0.8583,0.8583,0,0
KGL_PB,D,20190404,000000,0.8583,0.8583,0.8583,0.8583,0,0
KGL_PB,D,20190405,000000,0.8583,0.8583,0.8583,0.8583,0,0
KGL_PB,D,20190408,000000,0.8583,0.8583,0.8583,0.8583,0,0
KGL_PB,D,20190409,000000,0.8583,0.8583,0.8583,0.8583,0,0
KGL_PB,D,20190410,000000,0.8583,0.8583,0.8583,0.8583,0,0
KGL_PB,D,20190411,000000,0.8583,0.8583,0.81,0.81,0,0
KGL_PB,D,20190412,000000,0.8583,0.8583,0.8583,0.8583,0,0
KGL_PB,D,20190415,000000,0.8583,0.8583,0.81,0.8583,0,0
KGL_PB,D,20190416,000000,0.8583,0.8583,0.8583,0.8583,0,0
KGL_PB,D,20190417,000000,0.8293,0.8293,0.8293,0.8293,0,0
KGL_PB,D,20190418,000000,0.8293,0.8293,0.7908,0.8197,0,0
KGL_PB,D,20190423,000000,0.81,0.81,0.81,0.81,0,0
KGL_PB,D,20190424,000000,0.7715,0.839,0.7715,0.839,0,0
KGL_PB,D,20190425,000000,0.8679,0.8679,0.8679,0.8679,0,0
KGL_PB,D,20190426,000000,0.8679,0.8679,0.8679,0.8679,0,0
KGL_PB,D,20190429,000000,0.8679,0.8679,0.7812,0.7812,0,0
KGL_PB,D,20190430,000000,0.81,0.81,0.81,0.81,0,0
KGL_PB,D,20190502,000000,0.8486,0.8486,0.8486,0.8486,0,0
KGL_PB,D,20190506,000000,0.8486,0.8486,0.8486,0.8486,0,0
KGL_PB,D,20190507,000000,0.8486,0.8486,0.8486,0.8486,0,0
KGL_PB,D,20190508,000000,0.8583,0.8583,0.81,0.81,0,0
KGL_PB,D,20190509,000000,0.8583,0.8583,0.8583,0.8583,0,0
KGL_PB,D,20190510,000000,0.8583,0.8583,0.8583,0.8583,0,0
KGL_PB,D,20190513,000000,0.8583,0.8583,0.8583,0.8583,0,0
KGL_PB,D,20190514,000000,0.8583,0.8583,0.8583,0.8583,0,0
KGL_PB,D,20190515,000000,0.8583,0.8583,0.8583,0.8583,0,0
KGL_PB,D,20190516,000000,0.8583,0.8583,0.8583,0.8583,0,0
KGL_PB,D,20190517,000000,0.8583,0.8583,0.8583,0.8583,0,0
KGL_PB,D,20190520,000000,0.8583,0.8583,0.8197,0.8583,0,0
KGL_PB,D,20190521,000000,0.8583,0.8583,0.8583,0.8583,0,0
KGL_PB,D,20190522,000000,0.8583,0.8583,0.8583,0.8583,0,0
KGL_PB,D,20190523,000000,0.8583,0.8583,0.8583,0.8583,0,0
KGL_PB,D,20190524,000000,0.8583,0.8583,0.8583,0.8583,0,0
KGL_PB,D,20190527,000000,0.8583,0.8583,0.81,0.8583,0,0
KGL_PB,D,20190528,000000,0.8583,0.8583,0.839,0.839,0,0
KGL_PB,D,20190529,000000,0.8583,0.8583,0.839,0.839,0,0
KGL_PB,D,20190530,000000,0.8583,0.8583,0.839,0.839,0,0
KGL_PB,D,20190531,000000,0.8583,0.8583,0.839,0.839,0,0
KGL_PB,D,20190603,000000,0.8004,0.8197,0.8004,0.81,0,0
KGL_PB,D,20190604,000000,0.81,0.81,0.81,0.81,0,0
KGL_PB,D,20190605,000000,0.7812,0.81,0.7812,0.81,0,0
KGL_PB,D,20190606,000000,0.81,0.81,0.81,0.81,0,0
KGL_PB,D,20190607,000000,0.7812,0.81,0.7812,0.81,0,0
KGL_PB,D,20190610,000000,0.81,0.81,0.81,0.81,0,0
KGL_PB,D,20190611,000000,0.81,0.81,0.81,0.81,0,0
KGL_PB,D,20190612,000000,0.8197,0.8197,0.81,0.8197,0,0
KGL_PB,D,20190613,000000,0.8293,0.8293,0.81,0.8293,0,0
KGL_PB,D,20190614,000000,0.8293,0.8293,0.81,0.81,0,0
KGL_PB,D,20190617,000000,0.8293,0.8293,0.7812,0.7812,0,0
KGL_PB,D,20190618,000000,0.7908,0.7908,0.7908,0.7908,0,0
KGL_PB,D,20190619,000000,0.7908,0.7908,0.7812,0.7812,0,0
KGL_PB,D,20190621,000000,0.7812,0.7812,0.7812,0.7812,0,0
KGL_PB,D,20190624,000000,0.7812,0.7812,0.7812,0.7812,0,0
KGL_PB,D,20190625,000000,0.7908,0.7908,0.7908,0.7908,0,0
KGL_PB,D,20190628,000000,0.8293,0.8293,0.7812,0.7812,0,0
KGL_PB,D,20190701,000000,0.7812,0.7812,0.7426,0.7426,0,0
KGL_PB,D,20190702,000000,0.7233,0.7233,0.7136,0.7136,0,0
KGL_PB,D,20190703,000000,0.7136,0.7136,0.7136,0.7136,0,0
KGL_PB,D,20190704,000000,0.7426,0.7426,0.7233,0.7426,0,0
KGL_PB,D,20190708,000000,0.7426,0.7426,0.7329,0.7329,0,0
KGL_PB,D,20190710,000000,0.7329,0.7329,0.7329,0.7329,0,0
KGL_PB,D,20190711,000000,0.7329,0.7329,0.7329,0.7329,0,0
KGL_PB,D,20190715,000000,0.7426,0.7426,0.7426,0.7426,0,0
KGL_PB,D,20190716,000000,0.7522,0.7522,0.7426,0.7426,0,0
KGL_PB,D,20190717,000000,0.7522,0.7908,0.7522,0.7908,0,0
KGL_PB,D,20190718,000000,0.7908,0.8293,0.7908,0.8293,0,0
KGL_PB,D,20190719,000000,0.8293,0.8293,0.8197,0.8293,0,0
KGL_PB,D,20190723,000000,0.8385,0.8385,0.8385,0.8385,0,0
KGL_PB,D,20190724,000000,0.8288,0.8385,0.8288,0.8385,0,0
KGL_PB,D,20190726,000000,0.8385,0.8385,0.8385,0.8385,0,0
KGL_PB,D,20190729,000000,0.8385,0.8385,0.8385,0.8385,0,0
KGL_PB,D,20190801,000000,0.8385,0.8385,0.8385,0.8385,0,0
KGL_PB,D,20190802,000000,0.8385,0.8385,0.7995,0.7995,0,0
KGL_PB,D,20190805,000000,0.7995,0.7995,0.7703,0.7703,0,0
KGL_PB,D,20190808,000000,0.7898,0.819,0.7898,0.819,0,0
KGL_PB,D,20190812,000000,0.8483,0.8483,0.819,0.8483,0,0
KGL_PB,D,20190813,000000,0.8483,0.8483,0.8483,0.8483,0,0
KGL_PB,D,20190814,000000,0.8483,0.8483,0.8483,0.8483,0,0
KGL_PB,D,20190819,000000,0.8775,0.8775,0.8385,0.8385,0,0
KGL_PB,D,20190822,000000,0.8483,0.8483,0.78,0.78,0,0
KGL_PB,D,20190829,000000,0.7898,0.7898,0.7508,0.7605,0,0
KGL_PB,D,20190830,000000,0.7898,0.7898,0.7313,0.7313,0,0
KGL_PB,D,20190902,000000,0.7313,0.7313,0.7313,0.7313,0,0
KGL_PB,D,20190903,000000,0.7313,0.7313,0.7313,0.7313,0,0
KGL_PB,D,20190904,000000,0.7313,0.7313,0.7313,0.7313,0,0
KGL_PB,D,20190905,000000,0.7313,0.7313,0.7118,0.7118,0,0
KGL_PB,D,20190906,000000,0.7313,0.741,0.7313,0.7313,0,0
KGL_PB,D,20190909,000000,0.7508,0.7508,0.7313,0.7508,0,0
KGL_PB,D,20190910,000000,0.7508,0.7508,0.7508,0.7508,0,0
KGL_PB,D,20190911,000000,0.7508,0.7508,0.741,0.741,0,0
KGL_PB,D,20190912,000000,0.78,0.78,0.7508,0.7508,0,0
KGL_PB,D,20190913,000000,0.78,0.78,0.7508,0.78,0,0
KGL_PB,D,20190916,000000,0.78,0.78,0.7703,0.7703,0,0
KGL_PB,D,20190917,000000,0.7605,0.7605,0.7605,0.7605,0,0
KGL_PB,D,20190918,000000,0.7605,0.7605,0.7605,0.7605,0,0
KGL_PB,D,20190919,000000,0.7605,0.7898,0.7605,0.7703,0,0
KGL_PB,D,20190920,000000,0.7898,0.7898,0.7898,0.7898,0,0
KGL_PB,D,20190923,000000,0.7898,0.7898,0.78,0.78,0,0
KGL_PB,D,20190924,000000,0.7898,0.7898,0.78,0.78,0,0
KGL_PB,D,20190925,000000,0.7898,0.7898,0.78,0.78,0,0
KGL_PB,D,20190926,000000,0.7898,0.7898,0.78,0.78,0,0
KGL_PB,D,20190927,000000,0.78,0.7898,0.7703,0.7703,0,0
KGL_PB,D,20190930,000000,0.7703,0.7703,0.7703,0.7703,0,0
KGL_PB,D,20191001,000000,0.7703,0.7703,0.7703,0.7703,0,0
KGL_PB,D,20191002,000000,0.7703,0.7703,0.7703,0.7703,0,0
KGL_PB,D,20191003,000000,0.7703,0.7703,0.7215,0.7508,0,0
KGL_PB,D,20191004,000000,0.7703,0.7703,0.7215,0.7703,0,0
KGL_PB,D,20191007,000000,0.7703,0.7703,0.7703,0.7703,0,0
KGL_PB,D,20191008,000000,0.78,0.78,0.78,0.78,0,0
KGL_PB,D,20191009,000000,0.8385,0.8385,0.78,0.8093,0,0
KGL_PB,D,20191010,000000,0.8093,0.8093,0.8093,0.8093,0,0
KGL_PB,D,20191011,000000,0.8093,0.8093,0.8093,0.8093,0,0
KGL_PB,D,20191014,000000,0.8093,0.8093,0.8093,0.8093,0,0
KGL_PB,D,20191015,000000,0.8093,0.8093,0.8093,0.8093,0,0
KGL_PB,D,20191016,000000,0.8093,0.8093,0.8093,0.8093,0,0
KGL_PB,D,20191017,000000,0.8093,0.8093,0.8093,0.8093,0,0
KGL_PB,D,20191018,000000,0.8093,0.8093,0.78,0.78,0,0
KGL_PB,D,20191021,000000,0.7703,0.7898,0.7703,0.7898,0,0
KGL_PB,D,20191022,000000,0.7898,0.7898,0.7703,0.7703,0,0
KGL_PB,D,20191023,000000,0.7898,0.7898,0.7898,0.7898,0,0
KGL_PB,D,20191024,000000,0.7898,0.7898,0.7898,0.7898,0,0
KGL_PB,D,20191025,000000,0.7898,0.7898,0.78,0.78,0,0
KGL_PB,D,20191028,000000,0.78,0.78,0.78,0.78,0,0
KGL_PB,D,20191029,000000,0.7703,0.7703,0.7703,0.7703,0,0
KGL_PB,D,20191030,000000,0.7605,0.7605,0.7605,0.7605,0,0
KGL_PB,D,20191031,000000,0.78,0.78,0.78,0.78,0,0
KGL_PB,D,20191104,000000,0.78,0.7898,0.78,0.7898,0,0
KGL_PB,D,20191105,000000,0.7898,0.7898,0.7703,0.7703,0,0
KGL_PB,D,20191106,000000,0.8093,0.8093,0.7703,0.7898,0,0
KGL_PB,D,20191107,000000,0.8093,0.8093,0.7703,0.7703,0,0
KGL_PB,D,20191108,000000,0.7898,0.7898,0.7703,0.7898,0,0
KGL_PB,D,20191112,000000,0.7703,0.7703,0.7703,0.7703,0,0
KGL_PB,D,20191113,000000,0.7703,0.7703,0.7703,0.7703,0,0
KGL_PB,D,20191114,000000,0.7703,0.7703,0.7703,0.7703,0,0
KGL_PB,D,20191115,000000,0.7703,0.7703,0.7605,0.7605,0,0
KGL_PB,D,20191118,000000,0.7605,0.7703,0.7605,0.7703,0,0
KGL_PB,D,20191119,000000,0.7703,0.7703,0.7703,0.7703,0,0
KGL_PB,D,20191120,000000,0.7605,0.7703,0.7118,0.7605,0,0
KGL_PB,D,20191121,000000,0.7605,0.7605,0.741,0.741,0,0
KGL_PB,D,20191122,000000,0.7313,0.7313,0.702,0.702,0,0
KGL_PB,D,20191125,000000,0.7313,0.7313,0.7118,0.7118,0,0
KGL_PB,D,20191126,000000,0.7313,0.7313,0.702,0.702,0,0
KGL_PB,D,20191127,000000,0.7313,0.7313,0.7118,0.7313,0,0
KGL_PB,D,20191128,000000,0.7313,0.7605,0.7313,0.7605,0,0
KGL_PB,D,20191129,000000,0.7605,0.7605,0.7118,0.7118,0,0
KGL_PB,D,20191202,000000,0.7215,0.7313,0.7215,0.7215,0,0
KGL_PB,D,20191203,000000,0.7215,0.7215,0.7215,0.7215,0,0
KGL_PB,D,20191204,000000,0.7215,0.7215,0.7215,0.7215,0,0
KGL_PB,D,20191205,000000,0.7215,0.7215,0.702,0.702,0,0
KGL_PB,D,20191206,000000,0.702,0.702,0.6728,0.6728,0,0
KGL_PB,D,20191209,000000,0.6825,0.6825,0.6143,0.6143,0,0
KGL_PB,D,20191210,000000,0.6143,0.663,0.5558,0.663,0,0
KGL_PB,D,20191211,000000,0.663,0.663,0.663,0.663,0,0
KGL_PB,D,20191212,000000,0.663,0.663,0.663,0.663,0,0
KGL_PB,D,20191213,000000,0.663,0.702,0.6338,0.702,0,0
KGL_PB,D,20191216,000000,0.7215,0.7215,0.702,0.7215,0,0
KGL_PB,D,20191217,000000,0.7215,0.7215,0.7215,0.7215,0,0
KGL_PB,D,20191218,000000,0.741,0.741,0.7215,0.7215,0,0
KGL_PB,D,20191219,000000,0.7118,0.7313,0.6533,0.7313,0,0
KGL_PB,D,20191220,000000,0.7313,0.741,0.7118,0.741,0,0
KGL_PB,D,20191223,000000,0.741,0.741,0.741,0.741,0,0
KGL_PB,D,20191227,000000,0.741,0.741,0.741,0.741,0,0
KGL_PB,D,20191230,000000,0.741,0.741,0.741,0.741,0,0
KGL_PB,D,20200102,000000,0.741,0.741,0.741,0.741,0,0
KGL_PB,D,20200103,000000,0.741,0.741,0.7118,0.7118,0,0
KGL_PB,D,20200107,000000,0.7215,0.7313,0.7118,0.7313,0,0
KGL_PB,D,20200108,000000,0.741,0.741,0.741,0.741,0,0
KGL_PB,D,20200109,000000,0.741,0.741,0.741,0.741,0,0
KGL_PB,D,20200110,000000,0.741,0.741,0.741,0.741,0,0
KGL_PB,D,20200113,000000,0.741,0.741,0.741,0.741,0,0
KGL_PB,D,20200114,000000,0.7508,0.7508,0.7313,0.7508,0,0
KGL_PB,D,20200115,000000,0.7508,0.7508,0.7215,0.7508,0,0
KGL_PB,D,20200116,000000,0.7508,0.7508,0.7508,0.7508,0,0
KGL_PB,D,20200117,000000,0.7508,0.7508,0.7313,0.7313,0,0
KGL_PB,D,20200120,000000,0.7313,0.78,0.7313,0.7605,0,0
KGL_PB,D,20200121,000000,0.7898,0.7995,0.78,0.7898,0,0
KGL_PB,D,20200122,000000,0.819,0.8288,0.819,0.8288,0,0
KGL_PB,D,20200123,000000,0.858,0.858,0.858,0.858,0,0
KGL_PB,D,20200124,000000,0.858,0.858,0.819,0.819,0,0
KGL_PB,D,20200127,000000,0.8483,0.8678,0.8385,0.8385,0,0
KGL_PB,D,20200128,000000,0.8483,0.8483,0.8483,0.8483,0,0
KGL_PB,D,20200129,000000,0.8483,0.8483,0.8483,0.8483,0,0
KGL_PB,D,20200130,000000,0.8385,0.8385,0.8385,0.8385,0,0
KGL_PB,D,20200131,000000,0.8385,0.8385,0.8385,0.8385,0,0
KGL_PB,D,20200203,000000,0.8678,0.897,0.8678,0.897,0,0
KGL_PB,D,20200204,000000,0.9653,0.9653,0.9555,0.9555,0,0
KGL_PB,D,20200205,000000,0.9555,0.9555,0.936,0.9458,0,0
KGL_PB,D,20200206,000000,0.9458,0.9458,0.8873,0.9263,0,0
KGL_PB,D,20200207,000000,0.936,0.936,0.936,0.936,0,0
KGL_PB,D,20200210,000000,0.936,0.936,0.936,0.936,0,0
KGL_PB,D,20200211,000000,0.9068,0.936,0.9068,0.936,0,0
KGL_PB,D,20200212,000000,1.0043,1.0043,0.936,0.936,0,0
KGL_PB,D,20200213,000000,0.9165,0.936,0.9165,0.936,0,0
KGL_PB,D,20200214,000000,0.936,0.936,0.936,0.936,0,0
KGL_PB,D,20200217,000000,0.9458,0.9458,0.9458,0.9458,0,0
KGL_PB,D,20200218,000000,0.9458,0.9458,0.9458,0.9458,0,0
KGL_PB,D,20200219,000000,0.936,0.936,0.936,0.936,0,0
KGL_PB,D,20200220,000000,0.936,0.936,0.8873,0.8873,0,0
KGL_PB,D,20200221,000000,0.9165,0.9165,0.8678,0.8678,0,0
KGL_PB,D,20200224,000000,0.8385,0.8385,0.78,0.78,0,0
KGL_PB,D,20200225,000000,0.78,0.78,0.7605,0.7605,0,0
KGL_PB,D,20200226,000000,0.741,0.7605,0.741,0.7605,0,0
KGL_PB,D,20200227,000000,0.7703,0.7703,0.7703,0.7703,0,0
KGL_PB,D,20200228,000000,0.7508,0.7508,0.7118,0.7215,0,0
KGL_PB,D,20200302,000000,0.741,0.7605,0.7313,0.7313,0,0
KGL_PB,D,20200303,000000,0.7313,0.7605,0.7215,0.741,0,0
KGL_PB,D,20200305,000000,0.7508,0.7508,0.7508,0.7508,0,0
KGL_PB,D,20200306,000000,0.7508,0.7508,0.702,0.7313,0,0
KGL_PB,D,20200309,000000,0.7118,0.7118,0.6533,0.6533,0,0
KGL_PB,D,20200310,000000,0.6825,0.6825,0.6533,0.6825,0,0
KGL_PB,D,20200311,000000,0.6923,0.6923,0.663,0.663,0,0
KGL_PB,D,20200312,000000,0.663,0.663,0.663,0.663,0,0
KGL_PB,D,20200313,000000,0.663,0.663,0.6143,0.6143,0,0
KGL_PB,D,20200316,000000,0.6143,0.6143,0.6143,0.6143,0,0
KGL_PB,D,20200318,000000,0.624,0.624,0.5948,0.5948,0,0
KGL_PB,D,20200319,000000,0.6143,0.702,0.5948,0.702,0,0
KGL_PB,D,20200320,000000,0.7118,0.7118,0.702,0.702,0,0
KGL_PB,D,20200323,000000,0.6923,0.6923,0.663,0.663,0,0
KGL_PB,D,20200324,000000,0.663,0.663,0.663,0.663,0,0
KGL_PB,D,20200325,000000,0.6728,0.6728,0.663,0.6728,0,0
KGL_PB,D,20200326,000000,0.6728,0.6728,0.6728,0.6728,0,0
KGL_PB,D,20200327,000000,0.702,0.702,0.702,0.702,0,0
KGL_PB,D,20200330,000000,0.702,0.702,0.6435,0.6435,0,0
KGL_PB,D,20200331,000000,0.6435,0.6923,0.6435,0.6923,0,0
KGL_PB,D,20200401,000000,0.7313,0.7605,0.7313,0.7605,0,0
KGL_PB,D,20200402,000000,0.7605,0.7605,0.7605,0.7605,0,0
KGL_PB,D,20200403,000000,0.78,0.78,0.7508,0.7508,0,0
KGL_PB,D,20200406,000000,0.7703,0.7703,0.7215,0.7215,0,0
KGL_PB,D,20200407,000000,0.741,0.7605,0.7215,0.7215,0,0
KGL_PB,D,20200408,000000,0.7703,0.7703,0.7313,0.7313,0,0
KGL_PB,D,20200409,000000,0.7313,0.7605,0.7313,0.7605,0,0
KGL_PB,D,20200414,000000,0.7703,0.7703,0.7313,0.7605,0,0
KGL_PB,D,20200415,000000,0.7605,0.7605,0.741,0.741,0,0
KGL_PB,D,20200416,000000,0.78,0.78,0.7703,0.7703,0,0
KGL_PB,D,20200417,000000,0.7703,0.7703,0.7508,0.7703,0,0
KGL_PB,D,20200420,000000,0.7703,0.7703,0.7508,0.7508,0,0
KGL_PB,D,20200421,000000,0.7703,0.7703,0.7508,0.7508,0,0
KGL_PB,D,20200422,000000,0.7703,0.7703,0.7508,0.7508,0,0
KGL_PB,D,20200423,000000,0.7703,0.7703,0.7703,0.7703,0,0
KGL_PB,D,20200424,000000,0.7703,0.7703,0.7508,0.7508,0,0
KGL_PB,D,20200427,000000,0.7508,0.7703,0.7508,0.7508,0,0
KGL_PB,D,20200428,000000,0.7605,0.7605,0.7605,0.7605,0,0
KGL_PB,D,20200429,000000,0.7605,0.78,0.7508,0.7605,0,0
KGL_PB,D,20200430,000000,0.8093,0.8093,0.741,0.741,0,0
KGL_PB,D,20200504,000000,0.7605,0.7703,0.7313,0.7313,0,0
KGL_PB,D,20200505,000000,0.741,0.741,0.741,0.741,0,0
KGL_PB,D,20200506,000000,0.7313,0.819,0.7313,0.7995,0,0
KGL_PB,D,20200507,000000,0.8385,0.8385,0.7898,0.7898,0,0
KGL_PB,D,20200508,000000,0.7898,0.7898,0.7703,0.7703,0,0
KGL_PB,D,20200511,000000,0.7703,0.7703,0.7605,0.7605,0,0
KGL_PB,D,20200512,000000,0.7508,0.7703,0.7508,0.7703,0,0
KGL_PB,D,20200513,000000,0.7703,0.7995,0.7703,0.7995,0,0
KGL_PB,D,20200514,000000,0.8385,0.8385,0.7508,0.7508,0,0
KGL_PB,D,20200515,000000,0.741,0.7703,0.741,0.7605,0,0
KGL_PB,D,20200518,000000,0.7605,0.7605,0.7605,0.7605,0,0
KGL_PB,D,20200519,000000,0.78,0.78,0.741,0.741,0,0
KGL_PB,D,20200520,000000,0.7605,0.7898,0.7605,0.7703,0,0
KGL_PB,D,20200521,000000,0.7898,0.7898,0.7898,0.7898,0,0
KGL_PB,D,20200522,000000,0.7898,0.7898,0.7605,0.7605,0,0
KGL_PB,D,20200525,000000,0.78,0.78,0.78,0.78,0,0
KGL_PB,D,20200526,000000,0.78,0.7898,0.78,0.7898,0,0
KGL_PB,D,20200527,000000,0.78,0.78,0.7605,0.78,0,0
KGL_PB,D,20200528,000000,0.78,0.819,0.78,0.78,0,0
KGL_PB,D,20200529,000000,0.7995,0.7995,0.78,0.78,0,0
KGL_PB,D,20200601,000000,0.7605,0.7995,0.7605,0.7703,0,0
KGL_PB,D,20200602,000000,0.7898,0.7898,0.7898,0.7898,0,0
KGL_PB,D,20200603,000000,0.7898,0.7898,0.7898,0.7898,0,0
KGL_PB,D,20200604,000000,0.8093,0.8093,0.7703,0.7703,0,0
KGL_PB,D,20200605,000000,0.7995,0.8093,0.7995,0.8093,0,0
KGL_PB,D,20200608,000000,0.8093,0.8093,0.78,0.78,0,0
KGL_PB,D,20200609,000000,0.8093,0.8093,0.7703,0.7703,0,0
KGL_PB,D,20200610,000000,0.8093,0.8093,0.78,0.78,0,0
KGL_PB,D,20200612,000000,0.7508,0.7898,0.7508,0.7605,0,0
KGL_PB,D,20200615,000000,0.7898,0.7898,0.7898,0.7898,0,0
KGL_PB,D,20200616,000000,0.7898,0.7898,0.7898,0.7898,0,0
KGL_PB,D,20200617,000000,0.7898,0.7898,0.7605,0.7605,0,0
KGL_PB,D,20200618,000000,0.7898,0.7898,0.7508,0.7508,0,0
KGL_PB,D,20200619,000000,0.7898,0.7898,0.78,0.78,0,0
KGL_PB,D,20200622,000000,0.78,0.78,0.7605,0.78,0,0
KGL_PB,D,20200623,000000,0.78,0.78,0.78,0.78,0,0
KGL_PB,D,20200624,000000,0.8,0.8,0.8,0.8,0,0
KGL_PB,D,20200625,000000,0.8,0.8,0.78,0.8,0,0
KGL_PB,D,20200626,000000,0.8,0.8,0.78,0.78,0,0
KGL_PB,D,20200629,000000,0.8,0.8,0.77,0.77,0,0
KGL_PB,D,20200630,000000,0.8,0.8,0.8,0.8,0,0
KGL_PB,D,20200701,000000,0.8,0.8,0.8,0.8,0,0
KGL_PB,D,20200702,000000,0.8,0.81,0.78,0.79,0,0
KGL_PB,D,20200703,000000,0.83,0.83,0.8,0.8,0,0
KGL_PB,D,20200706,000000,0.81,0.81,0.78,0.79,0,0
KGL_PB,D,20200707,000000,0.8,0.8,0.78,0.8,0,0
KGL_PB,D,20200708,000000,0.8,0.85,0.8,0.8,0,0
KGL_PB,D,20200709,000000,0.82,0.85,0.82,0.83,0,0
KGL_PB,D,20200710,000000,0.83,0.83,0.79,0.79,0,0
KGL_PB,D,20200713,000000,0.79,0.79,0.78,0.79,0,0
KGL_PB,D,20200714,000000,0.79,0.86,0.78,0.8,0,0
KGL_PB,D,20200715,000000,0.84,0.84,0.8,0.8,0,0
KGL_PB,D,20200716,000000,0.82,0.82,0.79,0.8,0,0
KGL_PB,D,20200717,000000,0.82,0.82,0.8,0.8,0,0
KGL_PB,D,20200720,000000,0.81,0.81,0.79,0.8,0,0
KGL_PB,D,20200721,000000,0.8,0.8,0.79,0.8,0,0
KGL_PB,D,20200722,000000,0.8,0.8,0.79,0.8,0,0
KGL_PB,D,20200723,000000,0.79,0.8,0.78,0.8,0,0
KGL_PB,D,20200724,000000,0.8,0.8,0.76,0.78,0,0
KGL_PB,D,20200727,000000,0.79,0.79,0.78,0.78,0,0
KGL_PB,D,20200728,000000,0.79,0.8,0.78,0.78,0,0
KGL_PB,D,20200729,000000,0.8,0.8,0.78,0.8,0,0
KGL_PB,D,20200730,000000,0.8,0.8,0.77,0.77,0,0
KGL_PB,D,20200731,000000,0.8,0.8,0.77,0.79,0,0
KGL_PB,D,20200803,000000,0.79,0.83,0.78,0.83,0,0
KGL_PB,D,20200804,000000,0.83,0.83,0.82,0.83,0,0
KGL_PB,D,20200805,000000,0.83,0.83,0.81,0.83,0,0
KGL_PB,D,20200806,000000,0.83,0.83,0.82,0.82,0,0
KGL_PB,D,20200807,000000,0.83,0.85,0.82,0.82,0,0
KGL_PB,D,20200810,000000,0.84,0.86,0.82,0.83,0,0
KGL_PB,D,20200811,000000,0.85,0.85,0.83,0.83,0,0
KGL_PB,D,20200812,000000,0.85,0.85,0.83,0.83,0,0
KGL_PB,D,20200813,000000,0.85,0.85,0.82,0.83,0,0
KGL_PB,D,20200814,000000,0.83,0.83,0.82,0.82,0,0
KGL_PB,D,20200817,000000,0.83,0.84,0.83,0.84,0,0
KGL_PB,D,20200818,000000,0.84,0.86,0.84,0.85,0,0
KGL_PB,D,20200819,000000,0.85,0.88,0.85,0.86,0,0
KGL_PB,D,20200820,000000,0.86,0.87,0.86,0.86,0,0
KGL_PB,D,20200821,000000,0.88,0.88,0.86,0.86,0,0
KGL_PB,D,20200824,000000,0.88,0.88,0.87,0.87,0,0
KGL_PB,D,20200825,000000,0.86,0.88,0.85,0.86,0,0
KGL_PB,D,20200826,000000,0.88,0.88,0.86,0.88,0,0
KGL_PB,D,20200827,000000,0.88,0.88,0.87,0.87,0,0
KGL_PB,D,20200828,000000,0.88,0.97,0.88,0.93,0,0
KGL_PB,D,20200831,000000,0.94,1.02,0.93,1.02,0,0
KGL_PB,D,20200901,000000,1.01,1.01,0.97,0.97,0,0
KGL_PB,D,20200902,000000,1,1,0.91,0.94,0,0
KGL_PB,D,20200903,000000,0.95,1.01,0.95,0.96,0,0
KGL_PB,D,20200904,000000,0.96,1,0.96,0.99,0,0
KGL_PB,D,20200907,000000,0.99,0.99,0.98,0.98,0,0
KGL_PB,D,20200908,000000,0.99,0.99,0.89,0.96,0,0
KGL_PB,D,20200909,000000,0.96,0.96,0.92,0.95,0,0
KGL_PB,D,20200910,000000,0.96,0.96,0.91,0.92,0,0
KGL_PB,D,20200911,000000,0.93,0.93,0.9,0.93,0,0
KGL_PB,D,20200914,000000,0.93,0.93,0.93,0.93,0,0
KGL_PB,D,20200915,000000,0.93,0.93,0.91,0.91,0,0
KGL_PB,D,20200916,000000,0.94,0.94,0.91,0.91,0,0
KGL_PB,D,20200917,000000,0.92,0.92,0.89,0.89,0,0
KGL_PB,D,20200918,000000,0.94,0.94,0.89,0.9,0,0
KGL_PB,D,20200921,000000,0.94,0.94,0.89,0.89,0,0
KGL_PB,D,20200922,000000,0.89,0.92,0.89,0.92,0,0
KGL_PB,D,20200923,000000,0.91,0.91,0.89,0.89,0,0
KGL_PB,D,20200924,000000,0.91,0.91,0.86,0.87,0,0
KGL_PB,D,20200925,000000,0.9,0.9,0.86,0.87,0,0
KGL_PB,D,20200928,000000,0.87,0.9,0.87,0.89,0,0
KGL_PB,D,20200929,000000,0.91,0.91,0.9,0.91,0,0
KGL_PB,D,20200930,000000,0.91,0.91,0.87,0.87,0,0
KGL_PB,D,20201001,000000,0.86,0.86,0.84,0.86,0,0
KGL_PB,D,20201002,000000,0.86,0.86,0.84,0.84,0,0
KGL_PB,D,20201005,000000,0.86,0.88,0.86,0.88,0,0
KGL_PB,D,20201006,000000,0.89,0.92,0.89,0.91,0,0
KGL_PB,D,20201007,000000,0.92,0.92,0.89,0.91,0,0
KGL_PB,D,20201008,000000,0.92,0.94,0.9,0.9,0,0
KGL_PB,D,20201009,000000,0.9,0.9,0.89,0.89,0,0
KGL_PB,D,20201012,000000,0.88,0.88,0.86,0.88,0,0
KGL_PB,D,20201013,000000,0.88,0.88,0.87,0.87,0,0
KGL_PB,D,20201014,000000,0.87,0.88,0.85,0.87,0,0
KGL_PB,D,20201015,000000,0.87,0.87,0.84,0.84,0,0
KGL_PB,D,20201016,000000,0.84,0.84,0.84,0.84,0,0
