<TICKER>,<PER>,<DATE>,<TIME>,<OPEN>,<HIGH>,<LOW>,<CLOSE>,<VOL>,<OPENINT>
KRK_PE,D,20120411,000000,7.0809,7.0809,7.0809,7.0809,0,0
KRK_PE,D,20120417,000000,7.1496,7.2186,7.1496,7.2186,0,0
KRK_PE,D,20120418,000000,7.0809,7.0809,7.0127,7.0127,0,0
KRK_PE,D,20120419,000000,6.8747,7.0127,6.8747,6.8747,0,0
KRK_PE,D,20120906,000000,6.3145,6.8821,6.3145,6.3855,0,0
KRK_PE,D,20120910,000000,6.3855,6.3855,6.3855,6.3855,0,0
KRK_PE,D,20120912,000000,6.3855,6.3855,6.3855,6.3855,0,0
KRK_PE,D,20120914,000000,6.5983,7.1658,6.5983,7.1658,0,0
KRK_PE,D,20120918,000000,7.0237,7.1658,7.0237,7.0237,0,0
KRK_PE,D,20120919,000000,6.953,6.953,6.953,6.953,0,0
KRK_PE,D,20120924,000000,7.3079,7.3781,7.3079,7.3781,0,0
KRK_PE,D,20120927,000000,7.5913,7.6625,7.5913,7.5913,0,0
KRK_PE,D,20120928,000000,7.5913,7.5913,7.5913,7.5913,0,0
KRK_PE,D,20121001,000000,7.5202,7.5202,7.5202,7.5202,0,0
KRK_PE,D,20121002,000000,7.5913,7.5913,7.5202,7.5202,0,0
KRK_PE,D,20121004,000000,7.5202,7.5202,7.5202,7.5202,0,0
KRK_PE,D,20121005,000000,7.5202,7.5202,7.5202,7.5202,0,0
KRK_PE,D,20121009,000000,7.2368,7.5202,7.2368,7.2368,0,0
KRK_PE,D,20121010,000000,7.1658,7.2368,7.1658,7.2368,0,0
KRK_PE,D,20121011,000000,7.0948,7.2368,7.0948,7.0948,0,0
KRK_PE,D,20121012,000000,6.953,7.0948,6.953,6.953,0,0
KRK_PE,D,20121015,000000,6.953,6.953,6.953,6.953,0,0
KRK_PE,D,20121016,000000,6.953,6.953,6.953,6.953,0,0
KRK_PE,D,20121018,000000,7.3079,7.5202,6.953,7.5202,0,0
KRK_PE,D,20121022,000000,7.3079,7.5202,7.3079,7.3079,0,0
KRK_PE,D,20121023,000000,7.3079,7.3079,7.3079,7.3079,0,0
KRK_PE,D,20121025,000000,7.2368,7.2368,7.2368,7.2368,0,0
KRK_PE,D,20121026,000000,7.2368,7.2368,7.2368,7.2368,0,0
KRK_PE,D,20121029,000000,7.1658,7.2368,7.1658,7.1658,0,0
KRK_PE,D,20121105,000000,7.3079,7.3079,7.1658,7.2368,0,0
KRK_PE,D,20121106,000000,7.3079,7.3079,7.2368,7.3079,0,0
KRK_PE,D,20121108,000000,7.5202,7.5202,7.4497,7.4497,0,0
KRK_PE,D,20121109,000000,7.2368,7.2368,7.2368,7.2368,0,0
KRK_PE,D,20121128,000000,7.4497,7.4497,7.2368,7.4497,0,0
KRK_PE,D,20121212,000000,7.1658,7.1658,7.1658,7.1658,0,0
KRK_PE,D,20121213,000000,7.1658,7.1658,7.1658,7.1658,0,0
KRK_PE,D,20121214,000000,7.1658,7.1658,7.0948,7.0948,0,0
KRK_PE,D,20121217,000000,7.0948,7.1658,7.0948,7.1658,0,0
KRK_PE,D,20121218,000000,7.2368,7.2368,7.2368,7.2368,0,0
KRK_PE,D,20121219,000000,7.3781,7.3781,7.2368,7.3781,0,0
KRK_PE,D,20121220,000000,7.3781,8.1586,7.3781,8.1586,0,0
KRK_PE,D,20121221,000000,7.7337,8.8685,7.7337,8.7981,0,0
KRK_PE,D,20121227,000000,8.0882,8.0882,8.0882,8.0882,0,0
KRK_PE,D,20130102,000000,7.6625,7.6625,7.6625,7.6625,0,0
KRK_PE,D,20130103,000000,7.8752,7.8752,7.8039,7.8039,0,0
KRK_PE,D,20130104,000000,8.4437,8.4437,7.8039,8.0882,0,0
KRK_PE,D,20130107,000000,8.2295,8.2295,8.2295,8.2295,0,0
KRK_PE,D,20130108,000000,8.4437,8.4437,8.4437,8.4437,0,0
KRK_PE,D,20130109,000000,8.3009,8.3723,8.3009,8.3723,0,0
KRK_PE,D,20130111,000000,8.5133,8.5133,8.4437,8.4437,0,0
KRK_PE,D,20130129,000000,8.4437,8.4437,8.4437,8.4437,0,0
KRK_PE,D,20130204,000000,8.3009,8.3009,8.3009,8.3009,0,0
KRK_PE,D,20130206,000000,8.1586,8.1586,8.1586,8.1586,0,0
KRK_PE,D,20130312,000000,8.1586,8.1586,8.1586,8.1586,0,0
KRK_PE,D,20130313,000000,7.8039,7.8039,7.8039,7.8039,0,0
KRK_PE,D,20130314,000000,7.5202,7.5202,7.5202,7.5202,0,0
KRK_PE,D,20130315,000000,7.0948,7.5202,7.0948,7.2368,0,0
KRK_PE,D,20130328,000000,7.1658,7.1658,7.1658,7.1658,0,0
KRK_PE,D,20130517,000000,7.5202,7.8039,7.5202,7.8039,0,0
KRK_PE,D,20130521,000000,7.7337,7.7337,7.7337,7.7337,0,0
KRK_PE,D,20130522,000000,7.7337,7.7337,7.7337,7.7337,0,0
KRK_PE,D,20130524,000000,7.7337,7.7337,7.7337,7.7337,0,0
KRK_PE,D,20130527,000000,7.7337,7.8039,7.7337,7.8039,0,0
KRK_PE,D,20130528,000000,7.8039,7.8039,7.8039,7.8039,0,0
KRK_PE,D,20140306,000000,9.2341,9.2341,8.7204,8.7204,0,0
KRK_PE,D,20140307,000000,9.1608,9.3073,9.1608,9.3073,0,0
KRK_PE,D,20140310,000000,9.2341,9.3073,9.0876,9.0876,0,0
KRK_PE,D,20140311,000000,9.2341,9.2341,9.2341,9.2341,0,0
KRK_PE,D,20140312,000000,9.2341,9.2341,9.0876,9.0876,0,0
KRK_PE,D,20140314,000000,8.8677,8.9417,8.8677,8.9417,0,0
KRK_PE,D,20140320,000000,9.0876,9.0876,8.2811,8.2811,0,0
KRK_PE,D,20140321,000000,7.6219,7.6219,7.6219,7.6219,0,0
KRK_PE,D,20140324,000000,8.7204,8.7204,8.7204,8.7204,0,0
KRK_PE,D,20140325,000000,8.8677,8.8677,8.7936,8.7936,0,0
KRK_PE,D,20140326,000000,9.0148,9.0148,9.0148,9.0148,0,0
KRK_PE,D,20140327,000000,9.0148,9.0876,9.0148,9.0876,0,0
KRK_PE,D,20140328,000000,9.0876,9.0876,9.0876,9.0876,0,0
KRK_PE,D,20140331,000000,9.0148,9.0876,9.0148,9.0876,0,0
KRK_PE,D,20140401,000000,9.2341,9.2341,9.2341,9.2341,0,0
KRK_PE,D,20140402,000000,9.3806,9.4538,9.3806,9.4538,0,0
KRK_PE,D,20140407,000000,9.821,9.821,9.748,9.748,0,0
KRK_PE,D,20140411,000000,9.748,9.748,9.748,9.748,0,0
KRK_PE,D,20140425,000000,9.674,9.748,9.674,9.748,0,0
KRK_PE,D,20140429,000000,9.748,9.748,9.748,9.748,0,0
KRK_PE,D,20140430,000000,9.674,9.748,9.674,9.748,0,0
KRK_PE,D,20140509,000000,8.7936,9.527,8.7936,9.527,0,0
KRK_PE,D,20140522,000000,9.674,9.748,9.674,9.748,0,0
KRK_PE,D,20140527,000000,9.4538,10.335,9.4538,10.335,0,0
KRK_PE,D,20140528,000000,9.527,10.114,9.527,10.114,0,0
KRK_PE,D,20140602,000000,10.772,10.772,10.772,10.772,0,0
KRK_PE,D,20140603,000000,11.359,11.359,11.359,11.359,0,0
KRK_PE,D,20140609,000000,11.359,11.359,11.359,11.359,0,0
KRK_PE,D,20140612,000000,11.359,11.359,11.359,11.359,0,0
KRK_PE,D,20140618,000000,11.505,11.505,11.432,11.432,0,0
KRK_PE,D,20140620,000000,10.261,10.261,10.114,10.114,0,0
KRK_PE,D,20140623,000000,10.846,10.92,10.114,10.114,0,0
KRK_PE,D,20140624,000000,10.261,11.067,10.261,11.067,0,0
KRK_PE,D,20140630,000000,11.285,11.285,11.213,11.213,0,0
KRK_PE,D,20140701,000000,11.213,11.213,11.213,11.213,0,0
KRK_PE,D,20140702,000000,11.067,11.213,11.067,11.213,0,0
KRK_PE,D,20140703,000000,11.213,11.359,10.335,10.699,0,0
KRK_PE,D,20140704,000000,11.723,11.723,10.817,10.817,0,0
KRK_PE,D,20140710,000000,9.682,9.682,9.605,9.605,0,0
KRK_PE,D,20140711,000000,9.605,9.605,9.53,9.53,0,0
KRK_PE,D,20140714,000000,9.53,9.53,9.53,9.53,0,0
KRK_PE,D,20140715,000000,9.53,9.53,9.3787,9.4538,0,0
KRK_PE,D,20140716,000000,9.53,9.53,9.4538,9.4538,0,0
KRK_PE,D,20140717,000000,9.605,10.589,9.605,10.589,0,0
KRK_PE,D,20140723,000000,10.589,10.589,10.589,10.589,0,0
KRK_PE,D,20140730,000000,9.3787,9.3787,9.3035,9.3035,0,0
KRK_PE,D,20140731,000000,9.0762,9.3035,9.0762,9.3035,0,0
KRK_PE,D,20140801,000000,8.8496,8.8496,8.8496,8.8496,0,0
KRK_PE,D,20140804,000000,9.3035,9.3035,9.3035,9.3035,0,0
KRK_PE,D,20140806,000000,9.0005,9.0005,8.9254,8.9254,0,0
KRK_PE,D,20140807,000000,8.3964,8.3964,8.3964,8.3964,0,0
KRK_PE,D,20140808,000000,8.6979,8.6979,8.6229,8.6229,0,0
KRK_PE,D,20140819,000000,8.6979,8.6979,8.6979,8.6979,0,0
KRK_PE,D,20140828,000000,8.6979,8.6979,8.6229,8.6229,0,0
KRK_PE,D,20140902,000000,8.5469,8.5469,8.4703,8.4703,0,0
KRK_PE,D,20140905,000000,7.715,7.79,7.715,7.79,0,0
KRK_PE,D,20140908,000000,8.6979,8.6979,8.6229,8.6229,0,0
KRK_PE,D,20140909,000000,8.6229,8.6229,8.5469,8.5469,0,0
KRK_PE,D,20140919,000000,8.9254,8.9254,8.6229,8.6229,0,0
KRK_PE,D,20140924,000000,8.3198,8.3198,8.3198,8.3198,0,0
KRK_PE,D,20140925,000000,8.8496,8.8496,8.7737,8.7737,0,0
KRK_PE,D,20140929,000000,9.3035,9.3035,8.6229,8.6229,0,0
KRK_PE,D,20141006,000000,7.79,8.6229,7.79,8.6229,0,0
KRK_PE,D,20141013,000000,8.4703,8.4703,8.4703,8.4703,0,0
KRK_PE,D,20141016,000000,7.79,8.3198,7.79,8.3198,0,0
KRK_PE,D,20141021,000000,8.3198,8.3198,8.2433,8.2433,0,0
KRK_PE,D,20141022,000000,8.3198,8.5469,8.2433,8.2433,0,0
KRK_PE,D,20141023,000000,8.3198,8.3198,8.3198,8.3198,0,0
KRK_PE,D,20141030,000000,8.1692,8.1692,8.1692,8.1692,0,0
KRK_PE,D,20141103,000000,8.2433,8.2433,8.1692,8.1692,0,0
KRK_PE,D,20141104,000000,8.2433,8.2433,8.0168,8.0168,0,0
KRK_PE,D,20141105,000000,8.0168,8.0168,8.0168,8.0168,0,0
KRK_PE,D,20141107,000000,8.0168,8.2433,8.0168,8.2433,0,0
KRK_PE,D,20141126,000000,8.3198,8.3198,8.3198,8.3198,0,0
KRK_PE,D,20141127,000000,8.3198,8.3198,8.3198,8.3198,0,0
KRK_PE,D,20141202,000000,8.8496,8.8496,8.8496,8.8496,0,0
KRK_PE,D,20141216,000000,8.0168,8.0168,8.0168,8.0168,0,0
KRK_PE,D,20150105,000000,7.3368,7.4123,7.3368,7.4123,0,0
KRK_PE,D,20150112,000000,8.3198,8.3198,8.3198,8.3198,0,0
KRK_PE,D,20150114,000000,8.5469,8.5469,8.5469,8.5469,0,0
KRK_PE,D,20150205,000000,8.2433,8.2433,8.2433,8.2433,0,0
KRK_PE,D,20150212,000000,8.1692,8.2433,8.1692,8.2433,0,0
KRK_PE,D,20150217,000000,8.1692,8.1692,8.093,8.093,0,0
KRK_PE,D,20150218,000000,8.1692,8.1692,8.1692,8.1692,0,0
KRK_PE,D,20150227,000000,9.0005,9.0005,9.0005,9.0005,0,0
KRK_PE,D,20150302,000000,9.0005,9.0005,9.0005,9.0005,0,0
KRK_PE,D,20150303,000000,8.6229,8.6229,8.6229,8.6229,0,0
KRK_PE,D,20150304,000000,9.0005,9.0005,8.9254,8.9254,0,0
KRK_PE,D,20150305,000000,8.9254,9.0005,8.9254,9.0005,0,0
KRK_PE,D,20150310,000000,9.2274,9.2274,9.2274,9.2274,0,0
KRK_PE,D,20150311,000000,9.605,9.605,8.9254,8.9254,0,0
KRK_PE,D,20150313,000000,9.0005,9.0005,8.8496,8.8496,0,0
KRK_PE,D,20150316,000000,9.3035,9.3787,9.3035,9.3787,0,0
KRK_PE,D,20150317,000000,9.3787,9.3787,9.3035,9.3035,0,0
KRK_PE,D,20150318,000000,9.3035,9.3787,9.3035,9.3787,0,0
KRK_PE,D,20150320,000000,9.0762,9.0762,8.8496,8.8496,0,0
KRK_PE,D,20150324,000000,9.682,9.756,9.682,9.756,0,0
KRK_PE,D,20150326,000000,9.53,9.53,9.3035,9.3035,0,0
KRK_PE,D,20150330,000000,9.0762,9.4538,9.0005,9.0005,0,0
KRK_PE,D,20150401,000000,9.0762,9.1523,9.0762,9.1523,0,0
KRK_PE,D,20150410,000000,9.3035,9.3035,9.3035,9.3035,0,0
KRK_PE,D,20150413,000000,9.3035,9.3035,9.3035,9.3035,0,0
KRK_PE,D,20150415,000000,9.832,9.909,9.832,9.909,0,0
KRK_PE,D,20150416,000000,9.909,10.06,9.909,10.06,0,0
KRK_PE,D,20150417,000000,10.21,10.21,10.21,10.21,0,0
KRK_PE,D,20150420,000000,9.909,9.909,9.909,9.909,0,0
KRK_PE,D,20150423,000000,10.136,10.136,10.136,10.136,0,0
KRK_PE,D,20150429,000000,10.136,10.136,10.136,10.136,0,0
KRK_PE,D,20150504,000000,10.21,10.21,10.21,10.21,0,0
KRK_PE,D,20150512,000000,10.136,10.136,9.682,9.682,0,0
KRK_PE,D,20150518,000000,9.1523,9.1523,9.0762,9.0762,0,0
KRK_PE,D,20150601,000000,9.605,9.605,9.605,9.605,0,0
KRK_PE,D,20150610,000000,9.4538,9.53,9.4538,9.53,0,0
KRK_PE,D,20150618,000000,9.2274,9.2274,9.1523,9.1523,0,0
KRK_PE,D,20150701,000000,9.0771,9.3121,9.0771,9.3121,0,0
KRK_PE,D,20150709,000000,8.9987,8.9987,8.9987,8.9987,0,0
KRK_PE,D,20150710,000000,8.9987,9.0771,8.9987,9.0771,0,0
KRK_PE,D,20150714,000000,9.2341,9.2341,9.2341,9.2341,0,0
KRK_PE,D,20150715,000000,9.1551,9.2341,9.1551,9.2341,0,0
KRK_PE,D,20150716,000000,9.2341,9.3121,9.2341,9.3121,0,0
KRK_PE,D,20150717,000000,9.3121,9.3121,9.2341,9.2341,0,0
KRK_PE,D,20150720,000000,9.2341,9.2341,9.2341,9.2341,0,0
KRK_PE,D,20150721,000000,9.0771,9.3121,9.0771,9.3121,0,0
KRK_PE,D,20150722,000000,9.3911,9.3911,9.3911,9.3911,0,0
KRK_PE,D,20150723,000000,9.3911,9.3911,9.3911,9.3911,0,0
KRK_PE,D,20150724,000000,9.3911,9.3911,9.3121,9.3121,0,0
KRK_PE,D,20150727,000000,9.3911,9.3911,9.3911,9.3911,0,0
KRK_PE,D,20150728,000000,9.3121,9.3121,9.3121,9.3121,0,0
KRK_PE,D,20150729,000000,9.3911,9.4691,9.3911,9.4691,0,0
KRK_PE,D,20150730,000000,9.4691,9.4691,9.4691,9.4691,0,0
KRK_PE,D,20150731,000000,9.4691,9.4691,9.3911,9.3911,0,0
KRK_PE,D,20150803,000000,9.3911,9.3911,9.3911,9.3911,0,0
KRK_PE,D,20150805,000000,9.2341,9.2341,9.2341,9.2341,0,0
KRK_PE,D,20150806,000000,9.2341,9.2341,9.1551,9.1551,0,0
KRK_PE,D,20150807,000000,9.1551,9.1551,9.1551,9.1551,0,0
KRK_PE,D,20150810,000000,9.1551,9.2341,9.1551,9.2341,0,0
KRK_PE,D,20150813,000000,9.3121,9.3121,9.2341,9.2341,0,0
KRK_PE,D,20150824,000000,9.2341,9.2341,8.9987,8.9987,0,0
KRK_PE,D,20150921,000000,9.0771,9.0771,9.0771,9.0771,0,0
KRK_PE,D,20150923,000000,8.9987,8.9987,8.9987,8.9987,0,0
KRK_PE,D,20150928,000000,8.9987,8.9987,8.9209,8.9209,0,0
KRK_PE,D,20151007,000000,9.0771,9.0771,9.0771,9.0771,0,0
KRK_PE,D,20151012,000000,9.547,9.547,9.547,9.547,0,0
KRK_PE,D,20151014,000000,9.547,9.547,9.547,9.547,0,0
KRK_PE,D,20151015,000000,9.3911,9.4691,8.9209,9.3911,0,0
KRK_PE,D,20151016,000000,8.9209,8.9209,8.8424,8.9209,0,0
KRK_PE,D,20151019,000000,8.9209,9.4691,8.9209,9.4691,0,0
KRK_PE,D,20151020,000000,9.4691,9.4691,8.9209,9.0771,0,0
KRK_PE,D,20151021,000000,9.4691,9.625,9.0771,9.547,0,0
KRK_PE,D,20151022,000000,9.547,9.547,8.9209,8.9987,0,0
KRK_PE,D,20151023,000000,8.9987,8.9987,8.9987,8.9987,0,0
KRK_PE,D,20151026,000000,9.4691,9.782,9.4691,9.703,0,0
KRK_PE,D,20151028,000000,9.2341,9.939,9.2341,9.859,0,0
KRK_PE,D,20151029,000000,9.859,9.939,9.859,9.939,0,0
KRK_PE,D,20151030,000000,9.0771,9.782,9.0771,9.782,0,0
KRK_PE,D,20151102,000000,9.1551,10.016,9.1551,10.016,0,0
KRK_PE,D,20151103,000000,9.3121,9.3121,9.3121,9.3121,0,0
KRK_PE,D,20151106,000000,9.1551,9.859,9.1551,9.859,0,0
KRK_PE,D,20151112,000000,10.25,10.25,10.25,10.25,0,0
KRK_PE,D,20151113,000000,9.2341,9.859,9.2341,9.547,0,0
KRK_PE,D,20151117,000000,9.3121,9.3121,8.9209,8.9987,0,0
KRK_PE,D,20151118,000000,9.625,9.782,9.625,9.782,0,0
KRK_PE,D,20151123,000000,9.0771,9.0771,9.0771,9.0771,0,0
KRK_PE,D,20151124,000000,9.0771,9.782,9.0771,9.703,0,0
KRK_PE,D,20151203,000000,9.1551,9.1551,9.1551,9.1551,0,0
KRK_PE,D,20151204,000000,9.4691,9.4691,9.3911,9.3911,0,0
KRK_PE,D,20151207,000000,9.3911,9.3911,9.3911,9.3911,0,0
KRK_PE,D,20151211,000000,9.3121,9.3121,9.3121,9.3121,0,0
KRK_PE,D,20151215,000000,8.8424,8.8424,8.6861,8.6861,0,0
KRK_PE,D,20151216,000000,9.2341,9.3121,9.2341,9.3121,0,0
KRK_PE,D,20151223,000000,9.4691,9.547,9.4691,9.547,0,0
KRK_PE,D,20151228,000000,9.859,9.859,9.859,9.859,0,0
KRK_PE,D,20151229,000000,9.0771,9.625,9.0771,9.625,0,0
KRK_PE,D,20151230,000000,9.939,9.939,9.939,9.939,0,0
KRK_PE,D,20160125,000000,9.3911,9.3911,9.3911,9.3911,0,0
KRK_PE,D,20160127,000000,9.2341,9.2341,9.2341,9.2341,0,0
KRK_PE,D,20160203,000000,9.3911,9.3911,9.3911,9.3911,0,0
KRK_PE,D,20160209,000000,9.3911,9.4691,9.3911,9.4691,0,0
KRK_PE,D,20160210,000000,8.5297,8.5297,8.4515,8.4515,0,0
KRK_PE,D,20160211,000000,9.3911,9.3911,9.3911,9.3911,0,0
KRK_PE,D,20160215,000000,9.1551,9.3121,9.1551,9.3121,0,0
KRK_PE,D,20160216,000000,9.3121,9.3121,8.6075,8.6075,0,0
KRK_PE,D,20160217,000000,8.5297,8.5297,8.5297,8.5297,0,0
KRK_PE,D,20160218,000000,9.1551,9.1551,8.7646,8.7646,0,0
KRK_PE,D,20160222,000000,8.7646,8.7646,8.7646,8.7646,0,0
KRK_PE,D,20160223,000000,9.1551,9.2341,8.6861,9.2341,0,0
KRK_PE,D,20160224,000000,8.7646,8.7646,8.6861,8.6861,0,0
KRK_PE,D,20160226,000000,9.0771,9.3121,9.0771,9.3121,0,0
KRK_PE,D,20160303,000000,9.1551,10.25,8.8424,10.25,0,0
KRK_PE,D,20160307,000000,9.625,10.25,9.625,10.25,0,0
KRK_PE,D,20160308,000000,9.625,10.25,9.625,10.25,0,0
KRK_PE,D,20160310,000000,10.25,10.33,10.25,10.33,0,0
KRK_PE,D,20160311,000000,10.173,10.173,10.173,10.173,0,0
KRK_PE,D,20160314,000000,9.782,9.782,9.547,9.547,0,0
KRK_PE,D,20160315,000000,10.016,10.016,9.625,9.703,0,0
KRK_PE,D,20160316,000000,10.016,10.407,10.016,10.407,0,0
KRK_PE,D,20160317,000000,10.407,10.407,9.625,9.625,0,0
KRK_PE,D,20160318,000000,9.625,10.33,9.625,10.33,0,0
KRK_PE,D,20160321,000000,10.33,10.33,9.703,9.782,0,0
KRK_PE,D,20160322,000000,9.782,10.407,9.782,9.859,0,0
KRK_PE,D,20160323,000000,10.407,10.407,9.859,9.859,0,0
KRK_PE,D,20160324,000000,9.859,10.33,9.703,9.782,0,0
KRK_PE,D,20160329,000000,9.782,10.25,9.782,9.782,0,0
KRK_PE,D,20160330,000000,9.782,9.859,9.782,9.859,0,0
KRK_PE,D,20160331,000000,9.859,9.859,9.859,9.859,0,0
KRK_PE,D,20160401,000000,10.407,10.407,10.33,10.33,0,0
KRK_PE,D,20160404,000000,9.859,9.939,9.859,9.939,0,0
KRK_PE,D,20160405,000000,9.939,9.939,9.939,9.939,0,0
KRK_PE,D,20160419,000000,10.095,10.095,9.939,9.939,0,0
KRK_PE,D,20160421,000000,9.703,10.173,9.625,9.625,0,0
KRK_PE,D,20160425,000000,9.782,9.782,9.625,9.625,0,0
KRK_PE,D,20160426,000000,10.173,10.173,9.547,9.547,0,0
KRK_PE,D,20160428,000000,9.782,9.782,9.782,9.782,0,0
KRK_PE,D,20160512,000000,9.703,10.8,9.703,10.8,0,0
KRK_PE,D,20160513,000000,10.877,10.877,10.8,10.8,0,0
KRK_PE,D,20160516,000000,10.72,10.8,10.72,10.8,0,0
KRK_PE,D,20160603,000000,10.486,10.486,10.486,10.486,0,0
KRK_PE,D,20160609,000000,10.642,10.642,10.564,10.564,0,0
KRK_PE,D,20160617,000000,10.8,10.8,10.642,10.642,0,0
KRK_PE,D,20160622,000000,10.8,10.8,10.8,10.8,0,0
KRK_PE,D,20160629,000000,10.642,10.72,10.642,10.72,0,0
KRK_PE,D,20160630,000000,10.173,10.72,10.173,10.72,0,0
KRK_PE,D,20160701,000000,10.173,10.72,10.173,10.72,0,0
KRK_PE,D,20160704,000000,10.72,10.72,10.72,10.72,0,0
KRK_PE,D,20160713,000000,10.401,10.401,10.401,10.401,0,0
KRK_PE,D,20160721,000000,10.73,10.73,10.73,10.73,0,0
KRK_PE,D,20160725,000000,11.139,11.219,11.139,11.219,0,0
KRK_PE,D,20160727,000000,10.974,10.974,10.892,10.892,0,0
KRK_PE,D,20160801,000000,13.268,13.595,13.021,13.595,0,0
KRK_PE,D,20160802,000000,13.595,13.678,13.595,13.678,0,0
KRK_PE,D,20160803,000000,13.678,13.678,13.349,13.349,0,0
KRK_PE,D,20160804,000000,13.349,13.513,13.349,13.513,0,0
KRK_PE,D,20160808,000000,13.513,13.513,13.513,13.513,0,0
KRK_PE,D,20160811,000000,13.595,13.678,13.595,13.678,0,0
KRK_PE,D,20160812,000000,13.678,13.678,13.678,13.678,0,0
KRK_PE,D,20160816,000000,13.595,13.922,13.595,13.758,0,0
KRK_PE,D,20160817,000000,13.678,13.678,13.678,13.678,0,0
KRK_PE,D,20160818,000000,13.678,13.678,13.595,13.595,0,0
KRK_PE,D,20160819,000000,13.758,13.758,13.758,13.758,0,0
KRK_PE,D,20160823,000000,13.758,13.758,13.678,13.678,0,0
KRK_PE,D,20160824,000000,13.758,13.758,13.758,13.758,0,0
KRK_PE,D,20160825,000000,13.758,13.841,13.758,13.841,0,0
KRK_PE,D,20160826,000000,13.841,13.841,13.758,13.758,0,0
KRK_PE,D,20160829,000000,13.922,13.922,13.922,13.922,0,0
KRK_PE,D,20160831,000000,13.841,14.167,13.841,14.167,0,0
KRK_PE,D,20160906,000000,13.922,14.004,13.922,14.004,0,0
KRK_PE,D,20160912,000000,13.922,13.922,13.922,13.922,0,0
KRK_PE,D,20160919,000000,13.104,14.004,13.104,14.004,0,0
KRK_PE,D,20160927,000000,13.678,13.678,13.595,13.595,0,0
KRK_PE,D,20160928,000000,13.678,14.167,13.678,14.167,0,0
KRK_PE,D,20160929,000000,14.087,14.087,14.087,14.087,0,0
KRK_PE,D,20161003,000000,13.758,14.332,13.758,14.25,0,0
KRK_PE,D,20161007,000000,13.678,14.25,13.678,14.25,0,0
KRK_PE,D,20161010,000000,14.25,14.66,14.25,14.66,0,0
KRK_PE,D,20161012,000000,13.758,14.986,13.758,14.986,0,0
KRK_PE,D,20161013,000000,14.986,14.986,14.905,14.905,0,0
KRK_PE,D,20161021,000000,13.678,13.678,12.53,13.678,0,0
KRK_PE,D,20161024,000000,13.678,13.678,13.349,13.349,0,0
KRK_PE,D,20161025,000000,13.268,13.595,13.268,13.349,0,0
KRK_PE,D,20161027,000000,13.268,13.268,13.268,13.268,0,0
KRK_PE,D,20161028,000000,13.268,14.414,13.268,14.332,0,0
KRK_PE,D,20161103,000000,13.268,13.268,13.185,13.268,0,0
KRK_PE,D,20161104,000000,13.841,13.922,13.841,13.922,0,0
KRK_PE,D,20161107,000000,14.414,14.414,14.414,14.414,0,0
KRK_PE,D,20161114,000000,13.185,13.268,13.185,13.268,0,0
KRK_PE,D,20161115,000000,14.167,14.167,14.004,14.004,0,0
KRK_PE,D,20161116,000000,13.104,13.104,13.021,13.021,0,0
KRK_PE,D,20161117,000000,13.678,15.151,13.678,15.151,0,0
KRK_PE,D,20161121,000000,14.332,14.332,13.922,13.922,0,0
KRK_PE,D,20161122,000000,13.922,13.922,13.758,13.841,0,0
KRK_PE,D,20161123,000000,13.841,13.841,13.841,13.841,0,0
KRK_PE,D,20161124,000000,14.905,14.905,14.905,14.905,0,0
KRK_PE,D,20161128,000000,13.922,13.922,13.758,13.758,0,0
KRK_PE,D,20161129,000000,13.758,13.758,13.021,13.021,0,0
KRK_PE,D,20161130,000000,13.021,13.104,13.021,13.021,0,0
KRK_PE,D,20161201,000000,12.94,12.94,12.858,12.858,0,0
KRK_PE,D,20161202,000000,12.694,13.758,12.694,13.43,0,0
KRK_PE,D,20161205,000000,12.94,12.94,12.776,12.776,0,0
KRK_PE,D,20161206,000000,14.087,14.087,14.087,14.087,0,0
KRK_PE,D,20161207,000000,12.776,13.021,12.776,12.94,0,0
KRK_PE,D,20161208,000000,14.087,14.25,14.087,14.25,0,0
KRK_PE,D,20161209,000000,14.25,14.25,14.25,14.25,0,0
KRK_PE,D,20161212,000000,13.758,13.841,13.758,13.841,0,0
KRK_PE,D,20161214,000000,13.758,14.004,13.021,14.004,0,0
KRK_PE,D,20161215,000000,13.021,14.25,13.021,14.25,0,0
KRK_PE,D,20161216,000000,14.25,14.25,14.087,14.087,0,0
KRK_PE,D,20161219,000000,14.087,14.087,14.087,14.087,0,0
KRK_PE,D,20161220,000000,13.841,13.841,13.841,13.841,0,0
KRK_PE,D,20161221,000000,13.104,14.167,13.104,14.167,0,0
KRK_PE,D,20161227,000000,13.349,13.349,13.268,13.268,0,0
KRK_PE,D,20161228,000000,13.349,13.349,13.104,13.104,0,0
KRK_PE,D,20161229,000000,13.104,13.104,13.104,13.104,0,0
KRK_PE,D,20161230,000000,14.414,14.414,14.414,14.414,0,0
KRK_PE,D,20170102,000000,14.167,14.414,14.167,14.332,0,0
KRK_PE,D,20170103,000000,13.758,13.758,13.758,13.758,0,0
KRK_PE,D,20170105,000000,13.349,13.43,13.349,13.43,0,0
KRK_PE,D,20170110,000000,13.595,13.595,13.185,13.185,0,0
KRK_PE,D,20170112,000000,13.43,13.513,13.43,13.513,0,0
KRK_PE,D,20170113,000000,14.332,14.332,13.349,13.349,0,0
KRK_PE,D,20170116,000000,14.004,14.004,14.004,14.004,0,0
KRK_PE,D,20170117,000000,14.167,14.167,14.004,14.167,0,0
KRK_PE,D,20170118,000000,14.332,14.332,14.332,14.332,0,0
KRK_PE,D,20170119,000000,14.332,14.414,14.332,14.414,0,0
KRK_PE,D,20170120,000000,14.414,14.414,14.332,14.332,0,0
KRK_PE,D,20170123,000000,14.332,14.414,14.332,14.414,0,0
KRK_PE,D,20170125,000000,14.25,14.25,14.25,14.25,0,0
KRK_PE,D,20170126,000000,14.332,14.414,14.332,14.414,0,0
KRK_PE,D,20170127,000000,14.332,14.332,14.25,14.25,0,0
KRK_PE,D,20170130,000000,14.414,14.414,14.414,14.414,0,0
KRK_PE,D,20170202,000000,14.414,14.496,14.414,14.496,0,0
KRK_PE,D,20170206,000000,14.414,14.414,14.167,14.167,0,0
KRK_PE,D,20170207,000000,13.922,13.922,13.43,13.43,0,0
KRK_PE,D,20170208,000000,12.94,13.43,12.94,13.43,0,0
KRK_PE,D,20170209,000000,13.43,13.43,13.349,13.349,0,0
KRK_PE,D,20170210,000000,13.349,13.349,13.268,13.268,0,0
KRK_PE,D,20170213,000000,14.414,14.496,14.414,14.496,0,0
KRK_PE,D,20170214,000000,13.349,13.513,13.268,13.43,0,0
KRK_PE,D,20170215,000000,13.43,13.43,13.268,13.268,0,0
KRK_PE,D,20170216,000000,13.268,13.268,13.185,13.268,0,0
KRK_PE,D,20170217,000000,13.268,13.268,13.268,13.268,0,0
KRK_PE,D,20170221,000000,13.185,13.185,13.104,13.185,0,0
KRK_PE,D,20170222,000000,13.104,13.104,12.694,13.021,0,0
KRK_PE,D,20170223,000000,14.167,14.167,13.185,13.349,0,0
KRK_PE,D,20170306,000000,12.94,13.104,12.94,13.021,0,0
KRK_PE,D,20170309,000000,13.021,13.021,13.021,13.021,0,0
KRK_PE,D,20170313,000000,12.94,12.94,12.94,12.94,0,0
KRK_PE,D,20170314,000000,12.776,12.776,12.694,12.694,0,0
KRK_PE,D,20170316,000000,12.776,12.776,12.776,12.776,0,0
KRK_PE,D,20170321,000000,12.858,12.94,12.858,12.94,0,0
KRK_PE,D,20170330,000000,13.678,13.678,13.43,13.43,0,0
KRK_PE,D,20170331,000000,13.349,13.349,13.349,13.349,0,0
KRK_PE,D,20170407,000000,13.349,13.43,13.349,13.43,0,0
KRK_PE,D,20170420,000000,12.858,12.858,12.858,12.858,0,0
KRK_PE,D,20170428,000000,12.858,12.858,12.858,12.858,0,0
KRK_PE,D,20170505,000000,12.94,12.94,12.94,12.94,0,0
KRK_PE,D,20170511,000000,12.776,13.104,12.776,12.858,0,0
KRK_PE,D,20170512,000000,12.858,13.104,12.858,13.021,0,0
KRK_PE,D,20170515,000000,13.185,13.185,13.021,13.104,0,0
KRK_PE,D,20170516,000000,13.021,13.021,13.021,13.021,0,0
KRK_PE,D,20170519,000000,12.94,12.94,12.858,12.858,0,0
KRK_PE,D,20170523,000000,13.185,13.268,13.185,13.268,0,0
KRK_PE,D,20170524,000000,12.776,12.776,12.776,12.776,0,0
KRK_PE,D,20170525,000000,12.694,12.776,12.694,12.776,0,0
KRK_PE,D,20170529,000000,13.268,13.268,13.268,13.268,0,0
KRK_PE,D,20170607,000000,13.268,13.268,13.185,13.185,0,0
KRK_PE,D,20170621,000000,13.185,13.185,13.104,13.104,0,0
KRK_PE,D,20170623,000000,13.104,13.104,13.104,13.104,0,0
KRK_PE,D,20170626,000000,13.349,13.349,13.104,13.185,0,0
KRK_PE,D,20170627,000000,13.104,13.185,13.104,13.185,0,0
KRK_PE,D,20170703,000000,13.104,13.104,13.104,13.104,0,0
KRK_PE,D,20170707,000000,13.513,13.513,13.513,13.513,0,0
KRK_PE,D,20170710,000000,13.595,13.758,13.595,13.758,0,0
KRK_PE,D,20170711,000000,13.758,13.758,13.678,13.678,0,0
KRK_PE,D,20170712,000000,13.678,13.678,13.678,13.678,0,0
KRK_PE,D,20170713,000000,13.678,13.678,13.678,13.678,0,0
KRK_PE,D,20170714,000000,13.678,13.758,13.678,13.758,0,0
KRK_PE,D,20170717,000000,13.758,13.841,13.758,13.841,0,0
KRK_PE,D,20170718,000000,14.706,14.706,14.706,14.706,0,0
KRK_PE,D,20170720,000000,14.276,14.362,14.276,14.362,0,0
KRK_PE,D,20170725,000000,14.362,14.362,12.815,12.815,0,0
KRK_PE,D,20170726,000000,13.159,13.159,13.159,13.159,0,0
KRK_PE,D,20170727,000000,13.245,13.245,11.267,11.267,0,0
KRK_PE,D,20170728,000000,12.126,12.126,11.438,11.438,0,0
KRK_PE,D,20170731,000000,12.126,12.126,11.696,11.696,0,0
KRK_PE,D,20170811,000000,11.696,11.783,11.696,11.783,0,0
KRK_PE,D,20170814,000000,11.783,11.783,11.696,11.696,0,0
KRK_PE,D,20170821,000000,11.008,12.126,11.008,12.04,0,0
KRK_PE,D,20170822,000000,12.04,12.04,12.04,12.04,0,0
KRK_PE,D,20170824,000000,11.696,12.126,11.696,12.126,0,0
KRK_PE,D,20170828,000000,12.385,12.47,12.385,12.47,0,0
KRK_PE,D,20170829,000000,12.47,12.556,12.47,12.556,0,0
KRK_PE,D,20170830,000000,12.47,12.47,12.47,12.47,0,0
KRK_PE,D,20170901,000000,12.47,12.47,12.47,12.47,0,0
KRK_PE,D,20170906,000000,11.438,12.213,11.438,12.213,0,0
KRK_PE,D,20170907,000000,12.213,12.556,12.213,12.556,0,0
KRK_PE,D,20170912,000000,12.385,12.385,12.298,12.385,0,0
KRK_PE,D,20170913,000000,12.385,12.385,12.213,12.213,0,0
KRK_PE,D,20170915,000000,12.126,12.126,12.126,12.126,0,0
KRK_PE,D,20170920,000000,12.126,12.126,12.04,12.04,0,0
KRK_PE,D,20170927,000000,11.954,11.954,11.868,11.868,0,0
KRK_PE,D,20170928,000000,11.868,11.868,11.868,11.868,0,0
KRK_PE,D,20170929,000000,11.353,11.353,11.353,11.353,0,0
KRK_PE,D,20171002,000000,11.783,12.04,11.783,11.783,0,0
KRK_PE,D,20171004,000000,12.126,12.126,12.126,12.126,0,0
KRK_PE,D,20171005,000000,12.213,12.213,12.126,12.126,0,0
KRK_PE,D,20171010,000000,12.556,12.556,12.47,12.47,0,0
KRK_PE,D,20171020,000000,11.868,11.868,11.868,11.868,0,0
KRK_PE,D,20171024,000000,12.556,12.643,12.556,12.643,0,0
KRK_PE,D,20171026,000000,11.783,11.783,11.696,11.696,0,0
KRK_PE,D,20171027,000000,11.696,12.298,11.696,12.213,0,0
KRK_PE,D,20171031,000000,12.643,12.643,11.783,11.783,0,0
KRK_PE,D,20171102,000000,12.04,12.556,12.04,12.556,0,0
KRK_PE,D,20171103,000000,12.213,12.298,12.213,12.298,0,0
KRK_PE,D,20171106,000000,12.298,12.298,12.298,12.298,0,0
KRK_PE,D,20171107,000000,12.298,12.298,11.868,11.868,0,0
KRK_PE,D,20171109,000000,12.298,12.298,11.868,12.298,0,0
KRK_PE,D,20171113,000000,11.783,11.783,11.783,11.783,0,0
KRK_PE,D,20171120,000000,11.696,11.696,11.094,11.61,0,0
KRK_PE,D,20171121,000000,11.61,11.696,11.61,11.696,0,0
KRK_PE,D,20171124,000000,11.696,11.696,11.696,11.696,0,0
KRK_PE,D,20171129,000000,11.353,11.353,10.923,11.008,0,0
KRK_PE,D,20171130,000000,11.008,11.008,10.749,10.749,0,0
KRK_PE,D,20171211,000000,11.179,11.179,10.749,11.179,0,0
KRK_PE,D,20171212,000000,11.61,11.61,10.923,11.179,0,0
KRK_PE,D,20171214,000000,11.094,11.094,11.008,11.008,0,0
KRK_PE,D,20171220,000000,11.008,11.61,11.008,11.61,0,0
KRK_PE,D,20171221,000000,11.353,11.438,11.179,11.438,0,0
KRK_PE,D,20171227,000000,11.353,11.353,11.353,11.353,0,0
KRK_PE,D,20180103,000000,11.438,11.438,11.438,11.438,0,0
KRK_PE,D,20180105,000000,11.61,11.783,11.438,11.783,0,0
KRK_PE,D,20180108,000000,11.696,11.783,11.696,11.696,0,0
KRK_PE,D,20180109,000000,11.696,11.696,11.696,11.696,0,0
KRK_PE,D,20180111,000000,11.696,11.696,11.696,11.696,0,0
KRK_PE,D,20180112,000000,11.438,11.438,11.438,11.438,0,0
KRK_PE,D,20180115,000000,11.783,11.783,11.783,11.783,0,0
KRK_PE,D,20180116,000000,11.954,11.954,11.954,11.954,0,0
KRK_PE,D,20180221,000000,12.04,12.04,12.04,12.04,0,0
KRK_PE,D,20180227,000000,11.783,11.954,11.783,11.783,0,0
KRK_PE,D,20180301,000000,11.524,11.524,11.438,11.438,0,0
KRK_PE,D,20180302,000000,11.954,11.954,11.954,11.954,0,0
KRK_PE,D,20180308,000000,11.868,11.954,11.868,11.868,0,0
KRK_PE,D,20180313,000000,11.61,11.61,11.438,11.438,0,0
KRK_PE,D,20180315,000000,11.524,11.524,11.438,11.438,0,0
KRK_PE,D,20180316,000000,11.783,11.783,11.783,11.783,0,0
KRK_PE,D,20180319,000000,11.783,11.783,11.783,11.783,0,0
KRK_PE,D,20180404,000000,10.578,10.664,10.578,10.664,0,0
KRK_PE,D,20180405,000000,10.578,10.664,10.578,10.664,0,0
KRK_PE,D,20180412,000000,10.749,10.837,10.749,10.837,0,0
KRK_PE,D,20180417,000000,10.749,10.837,10.749,10.837,0,0
KRK_PE,D,20180425,000000,10.837,10.837,10.749,10.749,0,0
KRK_PE,D,20180504,000000,10.749,10.749,10.578,10.578,0,0
KRK_PE,D,20180508,000000,10.749,10.749,10.749,10.749,0,0
KRK_PE,D,20180516,000000,10.837,10.837,10.749,10.749,0,0
KRK_PE,D,20180529,000000,10.32,10.749,10.32,10.749,0,0
KRK_PE,D,20180530,000000,10.32,10.32,10.234,10.234,0,0
KRK_PE,D,20180601,000000,10.493,10.493,10.493,10.493,0,0
KRK_PE,D,20180608,000000,10.578,10.664,10.578,10.664,0,0
KRK_PE,D,20180611,000000,10.664,10.664,10.493,10.493,0,0
KRK_PE,D,20180613,000000,10.578,10.578,10.493,10.493,0,0
KRK_PE,D,20180704,000000,10.063,10.063,10.063,10.063,0,0
KRK_PE,D,20180705,000000,10.063,10.063,10.063,10.063,0,0
KRK_PE,D,20180710,000000,10.148,10.234,10.148,10.234,0,0
KRK_PE,D,20180717,000000,10.387,10.387,10.297,10.387,0,0
KRK_PE,D,20180718,000000,10.928,11.019,10.928,11.019,0,0
KRK_PE,D,20180727,000000,10.839,10.839,10.749,10.839,0,0
KRK_PE,D,20180731,000000,10.839,10.839,10.839,10.839,0,0
KRK_PE,D,20180802,000000,10.839,10.839,10.839,10.839,0,0
KRK_PE,D,20180810,000000,10.477,10.477,10.477,10.477,0,0
KRK_PE,D,20180831,000000,10.658,10.658,10.658,10.658,0,0
KRK_PE,D,20180903,000000,10.658,10.658,10.658,10.658,0,0
KRK_PE,D,20180914,000000,10.477,10.477,10.477,10.477,0,0
KRK_PE,D,20180924,000000,10.568,10.568,10.387,10.387,0,0
KRK_PE,D,20180925,000000,10.387,10.387,10.387,10.387,0,0
KRK_PE,D,20180926,000000,10.297,10.297,10.206,10.206,0,0
KRK_PE,D,20180927,000000,10.206,10.206,10.206,10.206,0,0
KRK_PE,D,20180928,000000,10.568,10.568,10.568,10.568,0,0
KRK_PE,D,20181001,000000,10.206,10.206,10.206,10.206,0,0
KRK_PE,D,20181002,000000,10.387,10.387,9.935,9.935,0,0
KRK_PE,D,20181011,000000,10.116,10.116,10.116,10.116,0,0
KRK_PE,D,20181015,000000,11.38,11.38,10.206,10.206,0,0
KRK_PE,D,20181023,000000,10.206,10.297,10.206,10.297,0,0
KRK_PE,D,20181025,000000,10.206,10.206,10.206,10.206,0,0
KRK_PE,D,20181030,000000,9.935,9.935,9.935,9.935,0,0
KRK_PE,D,20181031,000000,10.116,10.116,9.935,10.116,0,0
KRK_PE,D,20181102,000000,10.116,10.116,10.116,10.116,0,0
KRK_PE,D,20181105,000000,10.026,10.026,9.935,9.935,0,0
KRK_PE,D,20181107,000000,10.026,10.026,10.026,10.026,0,0
KRK_PE,D,20181109,000000,9.935,10.026,9.935,10.026,0,0
KRK_PE,D,20181113,000000,10.116,10.116,10.116,10.116,0,0
KRK_PE,D,20181114,000000,9.935,9.935,9.935,9.935,0,0
KRK_PE,D,20181115,000000,9.935,9.935,9.935,9.935,0,0
KRK_PE,D,20181119,000000,9.935,9.935,9.935,9.935,0,0
KRK_PE,D,20181121,000000,10.116,10.116,9.935,9.935,0,0
KRK_PE,D,20181122,000000,10.026,10.026,10.026,10.026,0,0
KRK_PE,D,20181203,000000,11.019,11.019,9.845,9.845,0,0
KRK_PE,D,20181214,000000,10.116,10.297,10.116,10.297,0,0
KRK_PE,D,20181217,000000,10.297,10.297,10.206,10.206,0,0
KRK_PE,D,20181218,000000,10.206,10.297,10.206,10.297,0,0
KRK_PE,D,20181219,000000,10.297,10.297,10.297,10.297,0,0
KRK_PE,D,20181220,000000,10.387,10.387,10.387,10.387,0,0
KRK_PE,D,20181228,000000,10.568,10.568,10.387,10.387,0,0
KRK_PE,D,20190107,000000,10.477,10.477,10.387,10.387,0,0
KRK_PE,D,20190108,000000,10.387,10.387,10.387,10.387,0,0
KRK_PE,D,20190109,000000,10.568,10.568,10.477,10.568,0,0
KRK_PE,D,20190110,000000,10.658,10.658,10.658,10.658,0,0
KRK_PE,D,20190111,000000,10.749,10.749,10.658,10.658,0,0
KRK_PE,D,20190114,000000,10.297,10.297,10.116,10.206,0,0
KRK_PE,D,20190116,000000,10.387,10.387,10.297,10.297,0,0
KRK_PE,D,20190117,000000,10.297,10.297,10.297,10.297,0,0
KRK_PE,D,20190122,000000,10.297,10.297,10.297,10.297,0,0
KRK_PE,D,20190128,000000,10.297,10.387,10.297,10.387,0,0
KRK_PE,D,20190130,000000,10.749,10.749,10.749,10.749,0,0
KRK_PE,D,20190131,000000,11.199,11.199,10.568,10.568,0,0
KRK_PE,D,20190205,000000,10.658,10.658,10.658,10.658,0,0
KRK_PE,D,20190208,000000,10.568,10.568,10.568,10.568,0,0
KRK_PE,D,20190214,000000,10.477,10.477,10.477,10.477,0,0
KRK_PE,D,20190220,000000,10.658,10.658,10.658,10.658,0,0
KRK_PE,D,20190222,000000,10.658,10.658,10.658,10.658,0,0
KRK_PE,D,20190226,000000,10.839,10.839,10.839,10.839,0,0
KRK_PE,D,20190227,000000,10.658,10.658,10.658,10.658,0,0
KRK_PE,D,20190318,000000,10.658,10.658,10.658,10.658,0,0
KRK_PE,D,20190319,000000,10.658,10.658,10.658,10.658,0,0
KRK_PE,D,20190326,000000,9.754,9.754,9.754,9.754,0,0
KRK_PE,D,20190329,000000,9.754,9.754,9.754,9.754,0,0
KRK_PE,D,20190401,000000,9.935,9.935,9.935,9.935,0,0
KRK_PE,D,20190402,000000,10.026,10.026,10.026,10.026,0,0
KRK_PE,D,20190411,000000,10.026,10.116,10.026,10.116,0,0
KRK_PE,D,20190412,000000,10.387,10.387,10.297,10.297,0,0
KRK_PE,D,20190417,000000,10.297,10.297,10.297,10.297,0,0
KRK_PE,D,20190418,000000,10.297,10.387,10.297,10.297,0,0
KRK_PE,D,20190423,000000,10.297,10.387,10.297,10.387,0,0
KRK_PE,D,20190426,000000,10.297,10.297,10.297,10.297,0,0
KRK_PE,D,20190429,000000,10.297,10.297,10.297,10.297,0,0
KRK_PE,D,20190430,000000,10.568,10.568,10.297,10.297,0,0
KRK_PE,D,20190502,000000,10.568,10.568,10.568,10.568,0,0
KRK_PE,D,20190506,000000,10.568,10.568,10.297,10.297,0,0
KRK_PE,D,20190507,000000,10.297,10.297,10.297,10.297,0,0
KRK_PE,D,20190509,000000,10.206,10.206,10.116,10.116,0,0
KRK_PE,D,20190516,000000,10.026,10.026,9.664,9.664,0,0
KRK_PE,D,20190517,000000,9.754,10.116,9.754,10.116,0,0
KRK_PE,D,20190521,000000,10.026,10.026,10.026,10.026,0,0
KRK_PE,D,20190523,000000,10.297,10.297,9.2122,9.2122,0,0
KRK_PE,D,20190524,000000,9.2122,9.2122,9.1228,9.1228,0,0
KRK_PE,D,20190527,000000,8.761,8.8514,8.761,8.8514,0,0
KRK_PE,D,20190528,000000,9.032,9.1228,9.032,9.032,0,0
KRK_PE,D,20190529,000000,9.393,9.393,9.393,9.393,0,0
KRK_PE,D,20190530,000000,9.393,9.393,9.393,9.393,0,0
KRK_PE,D,20190610,000000,9.393,9.393,9.1228,9.1228,0,0
KRK_PE,D,20190611,000000,9.1228,9.1228,9.1228,9.1228,0,0
KRK_PE,D,20190612,000000,9.1228,9.1228,9.1228,9.1228,0,0
KRK_PE,D,20190617,000000,9.2122,9.3026,9.2122,9.3026,0,0
KRK_PE,D,20190618,000000,9.3026,9.845,9.3026,9.845,0,0
KRK_PE,D,20190621,000000,9.845,9.935,9.845,9.845,0,0
KRK_PE,D,20190624,000000,10.387,10.387,10.387,10.387,0,0
KRK_PE,D,20190625,000000,10.116,10.116,9.754,9.754,0,0
KRK_PE,D,20190701,000000,10.206,10.206,9.664,9.664,0,0
KRK_PE,D,20190703,000000,9.754,9.754,9.664,9.664,0,0
KRK_PE,D,20190704,000000,9.664,9.664,9.664,9.664,0,0
KRK_PE,D,20190705,000000,10.206,10.206,10.206,10.206,0,0
KRK_PE,D,20190708,000000,9.935,9.935,9.845,9.845,0,0
KRK_PE,D,20190710,000000,9.935,9.935,9.935,9.935,0,0
KRK_PE,D,20190712,000000,9.845,9.845,9.845,9.845,0,0
KRK_PE,D,20190715,000000,9.845,9.845,9.845,9.845,0,0
KRK_PE,D,20190717,000000,9.798,9.893,9.798,9.893,0,0
KRK_PE,D,20190718,000000,9.893,9.893,9.893,9.893,0,0
KRK_PE,D,20190723,000000,9.988,9.988,9.988,9.988,0,0
KRK_PE,D,20190724,000000,9.988,9.988,9.988,9.988,0,0
KRK_PE,D,20190726,000000,10.559,10.654,9.893,10.654,0,0
KRK_PE,D,20190730,000000,10.559,10.559,10.559,10.559,0,0
KRK_PE,D,20190731,000000,9.988,9.988,9.703,9.703,0,0
KRK_PE,D,20190801,000000,9.893,9.988,9.893,9.988,0,0
KRK_PE,D,20190805,000000,9.1323,9.1323,8.9421,8.9421,0,0
KRK_PE,D,20190806,000000,8.9421,8.9421,8.8469,8.8469,0,0
KRK_PE,D,20190807,000000,8.9421,9.0372,8.9421,9.0372,0,0
KRK_PE,D,20190808,000000,9.0372,9.0372,9.0372,9.0372,0,0
KRK_PE,D,20190809,000000,9.0372,9.0372,9.0372,9.0372,0,0
KRK_PE,D,20190813,000000,8.9421,8.9421,8.9421,8.9421,0,0
KRK_PE,D,20190814,000000,8.8469,8.8469,8.8469,8.8469,0,0
KRK_PE,D,20190816,000000,8.8469,8.9421,8.8469,8.9421,0,0
KRK_PE,D,20190819,000000,8.9421,8.9421,8.9421,8.9421,0,0
KRK_PE,D,20190823,000000,9.0372,9.1323,8.8469,8.8469,0,0
KRK_PE,D,20190828,000000,8.8469,8.8469,8.8469,8.8469,0,0
KRK_PE,D,20190829,000000,8.8469,8.8469,8.7518,8.7518,0,0
KRK_PE,D,20190830,000000,8.8469,8.8469,8.8469,8.8469,0,0
KRK_PE,D,20190902,000000,9.0372,9.0372,8.8469,8.8469,0,0
KRK_PE,D,20190903,000000,8.8469,8.8469,8.8469,8.8469,0,0
KRK_PE,D,20190905,000000,8.8469,9.0372,8.7518,9.0372,0,0
KRK_PE,D,20190906,000000,8.9421,8.9421,8.8469,8.8469,0,0
KRK_PE,D,20190910,000000,9.0372,9.0372,9.0372,9.0372,0,0
KRK_PE,D,20190912,000000,9.1323,9.1323,9.1323,9.1323,0,0
KRK_PE,D,20190916,000000,8.9421,8.9421,8.9421,8.9421,0,0
KRK_PE,D,20190917,000000,8.9421,8.9421,8.8469,8.9421,0,0
KRK_PE,D,20190923,000000,9.1323,9.1323,9.1323,9.1323,0,0
KRK_PE,D,20190924,000000,9.1323,9.1323,9.0372,9.0372,0,0
KRK_PE,D,20190926,000000,8.9421,8.9421,8.9421,8.9421,0,0
KRK_PE,D,20191002,000000,9.2274,9.4177,9.2274,9.2274,0,0
KRK_PE,D,20191003,000000,9.2274,9.2274,9.2274,9.2274,0,0
KRK_PE,D,20191004,000000,9.3226,9.3226,9.2274,9.3226,0,0
KRK_PE,D,20191011,000000,9.4177,9.4177,9.4177,9.4177,0,0
KRK_PE,D,20191015,000000,9.4177,9.608,9.4177,9.608,0,0
KRK_PE,D,20191016,000000,9.608,9.608,9.608,9.608,0,0
KRK_PE,D,20191018,000000,9.608,9.608,9.608,9.608,0,0
KRK_PE,D,20191021,000000,9.2274,9.4177,9.2274,9.4177,0,0
KRK_PE,D,20191023,000000,9.703,9.798,9.703,9.798,0,0
KRK_PE,D,20191024,000000,9.798,9.798,9.703,9.703,0,0
KRK_PE,D,20191028,000000,9.703,9.703,9.703,9.703,0,0
KRK_PE,D,20191029,000000,9.608,9.608,9.4177,9.4177,0,0
KRK_PE,D,20191030,000000,9.513,9.513,9.513,9.513,0,0
KRK_PE,D,20191031,000000,9.798,9.988,9.2274,9.2274,0,0
KRK_PE,D,20191104,000000,9.3226,9.4177,9.3226,9.4177,0,0
KRK_PE,D,20191105,000000,9.608,9.608,9.513,9.513,0,0
KRK_PE,D,20191108,000000,9.513,9.513,9.4177,9.4177,0,0
KRK_PE,D,20191112,000000,9.3226,9.893,9.3226,9.893,0,0
KRK_PE,D,20191113,000000,9.893,9.893,9.798,9.798,0,0
KRK_PE,D,20191115,000000,9.893,9.893,9.703,9.703,0,0
KRK_PE,D,20191118,000000,9.798,10.464,9.798,10.464,0,0
KRK_PE,D,20191119,000000,10.464,10.464,10.179,10.274,0,0
KRK_PE,D,20191120,000000,9.988,10.274,9.893,9.893,0,0
KRK_PE,D,20191121,000000,10.369,10.369,9.798,9.798,0,0
KRK_PE,D,20191122,000000,9.893,10.274,9.893,10.274,0,0
KRK_PE,D,20191125,000000,9.988,9.988,9.988,9.988,0,0
KRK_PE,D,20191126,000000,9.893,9.988,9.893,9.893,0,0
KRK_PE,D,20191127,000000,9.798,10.179,9.798,9.893,0,0
KRK_PE,D,20191128,000000,9.798,9.988,9.798,9.798,0,0
KRK_PE,D,20191202,000000,9.893,9.893,9.798,9.798,0,0
KRK_PE,D,20191203,000000,9.798,9.798,9.798,9.798,0,0
KRK_PE,D,20191204,000000,9.703,9.703,9.703,9.703,0,0
KRK_PE,D,20191205,000000,9.608,9.608,9.608,9.608,0,0
KRK_PE,D,20191206,000000,10.274,10.274,9.893,9.893,0,0
KRK_PE,D,20191209,000000,9.798,9.988,9.798,9.893,0,0
KRK_PE,D,20191212,000000,10.179,10.179,9.988,9.988,0,0
KRK_PE,D,20191213,000000,9.893,10.274,9.893,10.274,0,0
KRK_PE,D,20191216,000000,10.274,10.369,10.274,10.274,0,0
KRK_PE,D,20191217,000000,10.179,10.274,10.179,10.274,0,0
KRK_PE,D,20191218,000000,10.084,10.084,9.988,9.988,0,0
KRK_PE,D,20191220,000000,9.893,9.893,9.893,9.893,0,0
KRK_PE,D,20191223,000000,10.084,10.084,10.084,10.084,0,0
KRK_PE,D,20191227,000000,10.274,10.369,10.179,10.179,0,0
KRK_PE,D,20191230,000000,10.179,10.179,9.893,9.988,0,0
KRK_PE,D,20200102,000000,9.988,9.988,9.988,9.988,0,0
KRK_PE,D,20200103,000000,10.274,10.274,10.179,10.179,0,0
KRK_PE,D,20200107,000000,11.13,11.13,10.179,10.274,0,0
KRK_PE,D,20200108,000000,10.369,10.369,10.274,10.369,0,0
KRK_PE,D,20200109,000000,10.369,10.369,10.369,10.369,0,0
KRK_PE,D,20200110,000000,10.179,10.274,10.179,10.179,0,0
KRK_PE,D,20200115,000000,10.369,10.464,10.369,10.464,0,0
KRK_PE,D,20200116,000000,11.035,11.035,10.179,10.179,0,0
KRK_PE,D,20200117,000000,10.179,10.179,9.988,10.179,0,0
KRK_PE,D,20200120,000000,10.179,10.179,9.703,9.703,0,0
KRK_PE,D,20200121,000000,10.084,10.084,9.798,9.798,0,0
KRK_PE,D,20200122,000000,10.084,10.084,9.798,9.798,0,0
KRK_PE,D,20200123,000000,10.084,10.274,10.084,10.274,0,0
KRK_PE,D,20200124,000000,10.179,10.179,10.179,10.179,0,0
KRK_PE,D,20200127,000000,10.464,10.464,10.369,10.369,0,0
KRK_PE,D,20200128,000000,10.084,10.084,9.988,9.988,0,0
KRK_PE,D,20200131,000000,10.654,10.749,10.654,10.654,0,0
KRK_PE,D,20200203,000000,11.13,11.13,10.369,10.464,0,0
KRK_PE,D,20200204,000000,10.559,10.559,10.274,10.274,0,0
KRK_PE,D,20200205,000000,10.369,10.369,10.274,10.369,0,0
KRK_PE,D,20200206,000000,10.464,10.464,10.464,10.464,0,0
KRK_PE,D,20200207,000000,11.13,11.13,10.749,10.749,0,0
KRK_PE,D,20200210,000000,11.32,11.32,10.749,10.749,0,0
KRK_PE,D,20200211,000000,11.32,11.32,10.749,10.749,0,0
KRK_PE,D,20200212,000000,10.749,10.749,10.654,10.749,0,0
KRK_PE,D,20200213,000000,10.654,10.749,10.654,10.749,0,0
KRK_PE,D,20200214,000000,10.749,10.749,10.749,10.749,0,0
KRK_PE,D,20200217,000000,10.845,10.94,10.749,10.845,0,0
KRK_PE,D,20200218,000000,10.94,10.94,10.749,10.845,0,0
KRK_PE,D,20200219,000000,10.845,10.94,10.845,10.845,0,0
KRK_PE,D,20200220,000000,10.845,10.94,10.749,10.94,0,0
KRK_PE,D,20200221,000000,10.94,10.94,10.749,10.749,0,0
KRK_PE,D,20200224,000000,10.94,10.94,10.274,10.274,0,0
KRK_PE,D,20200225,000000,10.179,10.274,9.988,10.084,0,0
KRK_PE,D,20200226,000000,9.798,9.988,9.798,9.988,0,0
KRK_PE,D,20200227,000000,10.274,10.369,10.274,10.274,0,0
KRK_PE,D,20200228,000000,10.084,10.084,9.2274,10.084,0,0
KRK_PE,D,20200303,000000,9.988,9.988,9.988,9.988,0,0
KRK_PE,D,20200304,000000,9.988,10.084,9.798,10.084,0,0
KRK_PE,D,20200305,000000,10.179,10.179,10.084,10.084,0,0
KRK_PE,D,20200306,000000,9.988,10.084,9.513,9.513,0,0
KRK_PE,D,20200309,000000,9.3226,9.3226,9.0372,9.0372,0,0
KRK_PE,D,20200310,000000,9.0372,9.1323,9.0372,9.1323,0,0
KRK_PE,D,20200311,000000,9.0372,9.0372,8.5615,8.5615,0,0
KRK_PE,D,20200312,000000,8.4664,8.4664,8.0859,8.0859,0,0
KRK_PE,D,20200313,000000,8.0859,8.6567,7.8005,8.6567,0,0
KRK_PE,D,20200316,000000,9.1323,9.1323,8.2762,8.4664,0,0
KRK_PE,D,20200317,000000,8.6567,8.7518,8.6567,8.7518,0,0
KRK_PE,D,20200318,000000,8.7518,8.9421,8.7518,8.7518,0,0
KRK_PE,D,20200319,000000,8.9421,8.9421,8.2762,8.2762,0,0
KRK_PE,D,20200320,000000,8.5615,8.5615,8.181,8.181,0,0
KRK_PE,D,20200323,000000,8.5615,8.5615,7.9908,8.2762,0,0
KRK_PE,D,20200324,000000,8.2762,8.3713,8.181,8.2762,0,0
KRK_PE,D,20200325,000000,8.5615,8.7518,8.2762,8.7518,0,0
KRK_PE,D,20200326,000000,8.6567,8.8469,8.6567,8.7518,0,0
KRK_PE,D,20200327,000000,8.8469,8.8469,8.4664,8.4664,0,0
KRK_PE,D,20200330,000000,8.8469,8.8469,8.4664,8.5615,0,0
KRK_PE,D,20200331,000000,8.5615,8.8469,8.5615,8.8469,0,0
KRK_PE,D,20200401,000000,9.2274,9.2274,8.7518,8.7518,0,0
KRK_PE,D,20200402,000000,8.9421,8.9421,8.5615,8.5615,0,0
KRK_PE,D,20200403,000000,8.5615,8.5615,8.3713,8.5615,0,0
KRK_PE,D,20200406,000000,9.0372,9.1323,8.8469,9.1323,0,0
KRK_PE,D,20200407,000000,9.3226,9.3226,9.0372,9.2274,0,0
KRK_PE,D,20200408,000000,9.2274,9.2274,9.0372,9.2274,0,0
KRK_PE,D,20200409,000000,9.4177,9.988,9.4177,9.513,0,0
KRK_PE,D,20200414,000000,9.798,9.798,9.703,9.798,0,0
KRK_PE,D,20200415,000000,9.798,9.798,9.798,9.798,0,0
KRK_PE,D,20200416,000000,9.703,10.084,9.703,10.084,0,0
KRK_PE,D,20200417,000000,10.084,10.274,10.084,10.274,0,0
KRK_PE,D,20200420,000000,10.274,10.369,10.084,10.274,0,0
KRK_PE,D,20200421,000000,10.179,10.179,9.798,9.893,0,0
KRK_PE,D,20200422,000000,10.084,10.084,9.798,9.798,0,0
KRK_PE,D,20200423,000000,10.084,10.274,10.084,10.274,0,0
KRK_PE,D,20200424,000000,10.274,10.274,10.084,10.084,0,0
KRK_PE,D,20200427,000000,10.274,10.274,10.179,10.179,0,0
KRK_PE,D,20200428,000000,10.369,10.369,9.988,10.084,0,0
KRK_PE,D,20200429,000000,10.084,10.084,9.893,9.893,0,0
KRK_PE,D,20200430,000000,10.179,10.274,10.179,10.274,0,0
KRK_PE,D,20200504,000000,9.988,10.179,9.988,9.988,0,0
KRK_PE,D,20200505,000000,10.084,10.084,9.988,9.988,0,0
KRK_PE,D,20200506,000000,10.274,10.274,9.893,9.893,0,0
KRK_PE,D,20200507,000000,10.179,10.274,10.179,10.274,0,0
KRK_PE,D,20200508,000000,10.274,10.274,9.988,9.988,0,0
KRK_PE,D,20200511,000000,10.274,10.274,9.893,9.988,0,0
KRK_PE,D,20200512,000000,10.274,10.274,9.988,10.274,0,0
KRK_PE,D,20200513,000000,10.464,10.464,10.464,10.464,0,0
KRK_PE,D,20200514,000000,10.749,10.749,10.654,10.654,0,0
KRK_PE,D,20200515,000000,10.654,10.654,10.654,10.654,0,0
KRK_PE,D,20200518,000000,10.654,10.749,10.654,10.749,0,0
KRK_PE,D,20200519,000000,10.845,10.845,10.749,10.845,0,0
KRK_PE,D,20200520,000000,10.559,10.654,10.559,10.654,0,0
KRK_PE,D,20200521,000000,10.749,10.94,10.274,10.274,0,0
KRK_PE,D,20200522,000000,10.369,10.369,9.893,10.179,0,0
KRK_PE,D,20200525,000000,10.084,10.179,10.084,10.179,0,0
KRK_PE,D,20200526,000000,10.084,10.084,9.608,9.608,0,0
KRK_PE,D,20200527,000000,9.608,9.798,9.1323,9.798,0,0
KRK_PE,D,20200529,000000,9.703,9.988,9.703,9.893,0,0
KRK_PE,D,20200601,000000,9.988,9.988,9.513,9.608,0,0
KRK_PE,D,20200602,000000,10.369,10.369,9.513,10.369,0,0
KRK_PE,D,20200603,000000,10.369,10.369,9.608,9.988,0,0
KRK_PE,D,20200604,000000,9.798,10.274,9.798,10.179,0,0
KRK_PE,D,20200605,000000,10.274,10.274,10.084,10.274,0,0
KRK_PE,D,20200608,000000,10.749,10.749,10.084,10.749,0,0
KRK_PE,D,20200609,000000,10.845,10.845,10.084,10.749,0,0
KRK_PE,D,20200610,000000,10.749,10.749,10.179,10.274,0,0
KRK_PE,D,20200612,000000,10.654,10.654,9.988,10.084,0,0
KRK_PE,D,20200615,000000,10.274,10.654,10.179,10.654,0,0
KRK_PE,D,20200616,000000,10.654,10.654,10.084,10.274,0,0
KRK_PE,D,20200617,000000,10.749,11.13,10.274,10.464,0,0
KRK_PE,D,20200618,000000,10.654,10.654,10.084,10.179,0,0
KRK_PE,D,20200619,000000,10.179,10.179,9.798,9.988,0,0
KRK_PE,D,20200622,000000,9.798,10.274,9.798,10.274,0,0
KRK_PE,D,20200623,000000,9.988,10.369,9.988,10.369,0,0
KRK_PE,D,20200624,000000,10.369,10.464,9.988,10.464,0,0
KRK_PE,D,20200625,000000,10.179,10.274,10.179,10.274,0,0
KRK_PE,D,20200626,000000,10.369,10.369,10.084,10.274,0,0
KRK_PE,D,20200629,000000,10.274,10.274,9.893,10.084,0,0
KRK_PE,D,20200630,000000,10.274,10.274,9.893,10.179,0,0
KRK_PE,D,20200701,000000,10.274,10.464,9.988,10.369,0,0
KRK_PE,D,20200702,000000,10.369,10.369,10.084,10.179,0,0
KRK_PE,D,20200703,000000,9.988,9.988,9.893,9.893,0,0
KRK_PE,D,20200706,000000,9.893,9.988,9.893,9.988,0,0
KRK_PE,D,20200707,000000,9.988,9.988,9.893,9.988,0,0
KRK_PE,D,20200708,000000,9.988,10.274,9.893,10.179,0,0
KRK_PE,D,20200709,000000,10.274,10.369,10.084,10.369,0,0
KRK_PE,D,20200710,000000,10.464,10.464,10.274,10.464,0,0
KRK_PE,D,20200713,000000,10.464,10.464,10.274,10.274,0,0
KRK_PE,D,20200714,000000,10.369,10.369,10.274,10.369,0,0
KRK_PE,D,20200715,000000,10.369,10.369,10.179,10.369,0,0
KRK_PE,D,20200716,000000,10.464,10.464,10.369,10.369,0,0
KRK_PE,D,20200717,000000,10.369,10.654,10.369,10.464,0,0
KRK_PE,D,20200720,000000,10.559,10.559,10.084,10.464,0,0
KRK_PE,D,20200721,000000,11.2,11.2,10.7,10.7,0,0
KRK_PE,D,20200722,000000,10.5,10.6,10.5,10.6,0,0
KRK_PE,D,20200723,000000,10.6,10.6,10.2,10.3,0,0
KRK_PE,D,20200724,000000,10.5,10.6,10.3,10.6,0,0
KRK_PE,D,20200727,000000,10.5,10.5,10.3,10.3,0,0
KRK_PE,D,20200728,000000,10.3,10.4,10.2,10.3,0,0
KRK_PE,D,20200729,000000,10.8,10.8,10.4,10.4,0,0
KRK_PE,D,20200730,000000,10.5,10.5,9.9,10.2,0,0
KRK_PE,D,20200731,000000,10,10.3,10,10.3,0,0
KRK_PE,D,20200803,000000,10.4,10.4,10,10,0,0
KRK_PE,D,20200804,000000,10.3,10.3,10,10.3,0,0
KRK_PE,D,20200805,000000,10.2,10.6,10.2,10.5,0,0
KRK_PE,D,20200806,000000,10.5,10.6,10.5,10.5,0,0
KRK_PE,D,20200807,000000,10.5,10.5,10.4,10.4,0,0
KRK_PE,D,20200810,000000,10.6,10.6,10,10.5,0,0
KRK_PE,D,20200811,000000,10.5,11,10.5,10.8,0,0
KRK_PE,D,20200812,000000,10.6,10.9,10.4,10.8,0,0
KRK_PE,D,20200813,000000,10.8,10.9,10.7,10.7,0,0
KRK_PE,D,20200814,000000,10.9,11,10.9,11,0,0
KRK_PE,D,20200817,000000,11.1,11.2,11.1,11.2,0,0
KRK_PE,D,20200818,000000,11.2,11.2,10.9,10.9,0,0
KRK_PE,D,20200819,000000,11,11,10.9,11,0,0
KRK_PE,D,20200820,000000,11,11.2,11,11.1,0,0
KRK_PE,D,20200821,000000,11.1,11.1,11,11.1,0,0
KRK_PE,D,20200824,000000,10.8,11,10.8,10.9,0,0
KRK_PE,D,20200825,000000,10.9,10.9,10.8,10.8,0,0
KRK_PE,D,20200826,000000,10.9,10.9,10.6,10.8,0,0
KRK_PE,D,20200827,000000,10.7,10.7,10.7,10.7,0,0
KRK_PE,D,20200828,000000,10.8,11.1,10.5,11.1,0,0
KRK_PE,D,20200831,000000,11.2,11.2,10.6,10.9,0,0
KRK_PE,D,20200901,000000,10.9,10.9,10.9,10.9,0,0
KRK_PE,D,20200902,000000,10.8,10.9,10.6,10.9,0,0
KRK_PE,D,20200903,000000,11,11.1,11,11,0,0
KRK_PE,D,20200904,000000,10.7,11.1,10.6,10.6,0,0
KRK_PE,D,20200907,000000,10.6,10.6,10.6,10.6,0,0
KRK_PE,D,20200908,000000,10.6,10.6,10.6,10.6,0,0
KRK_PE,D,20200909,000000,10.6,10.7,10.6,10.6,0,0
KRK_PE,D,20200910,000000,10.6,10.6,10.6,10.6,0,0
KRK_PE,D,20200911,000000,10.8,10.8,10.8,10.8,0,0
KRK_PE,D,20200914,000000,10.8,10.8,10.8,10.8,0,0
KRK_PE,D,20200915,000000,10.9,10.9,10.6,10.8,0,0
KRK_PE,D,20200917,000000,10.6,10.6,10.5,10.5,0,0
KRK_PE,D,20200918,000000,10.5,10.7,10.5,10.5,0,0
KRK_PE,D,20200921,000000,10.5,10.5,10.5,10.5,0,0
KRK_PE,D,20200922,000000,10.5,10.7,10.5,10.5,0,0
KRK_PE,D,20200923,000000,10.6,10.7,10.6,10.7,0,0
KRK_PE,D,20200924,000000,10.7,10.7,10.5,10.5,0,0
KRK_PE,D,20200925,000000,10.6,10.6,10.5,10.5,0,0
KRK_PE,D,20200928,000000,10.5,10.5,10.4,10.5,0,0
KRK_PE,D,20200929,000000,10.5,10.5,10.2,10.2,0,0
KRK_PE,D,20200930,000000,10.3,10.3,10.1,10.3,0,0
KRK_PE,D,20201001,000000,10.3,10.4,10.3,10.4,0,0
KRK_PE,D,20201002,000000,10.3,10.3,10.2,10.3,0,0
KRK_PE,D,20201005,000000,10.3,10.4,10.3,10.4,0,0
KRK_PE,D,20201006,000000,10.6,10.6,10.4,10.4,0,0
KRK_PE,D,20201007,000000,10.6,10.6,10.2,10.2,0,0
KRK_PE,D,20201008,000000,10.5,10.5,9.8,10.1,0,0
KRK_PE,D,20201009,000000,10.4,10.4,10.1,10.2,0,0
KRK_PE,D,20201012,000000,10.4,10.4,10.2,10.2,0,0
KRK_PE,D,20201013,000000,10.2,10.2,10,10.1,0,0
KRK_PE,D,20201014,000000,10.1,10.1,10,10,0,0
KRK_PE,D,20201015,000000,10,10,9.9,9.9,0,0
KRK_PE,D,20201016,000000,9.7,10,9.7,9.9,0,0
