<TICKER>,<PER>,<DATE>,<TIME>,<OPEN>,<HIGH>,<LOW>,<CLOSE>,<VOL>,<OPENINT>
LAB_MV,D,20140227,000000,5.097,5.097,5.097,5.097,0,0
LAB_MV,D,20140304,000000,8.5015,10.204,8.5015,10.204,0,0
LAB_MV,D,20140305,000000,12.244,14.623,12.244,12.989,0,0
LAB_MV,D,20140306,000000,13.463,15.948,13.463,14.623,0,0
LAB_MV,D,20140307,000000,14.759,14.759,11.906,13.908,0,0
LAB_MV,D,20140310,000000,12.96,13.598,12.583,13.598,0,0
LAB_MV,D,20140311,000000,12.922,12.922,12.922,12.922,0,0
LAB_MV,D,20140312,000000,12.679,12.825,11.973,12.825,0,0
LAB_MV,D,20140313,000000,12.583,13.501,12.583,13.501,0,0
LAB_MV,D,20140314,000000,13.163,13.947,13.163,13.26,0,0
LAB_MV,D,20140317,000000,13.434,13.434,13.26,13.26,0,0
LAB_MV,D,20140318,000000,13.26,13.298,13.26,13.298,0,0
LAB_MV,D,20140319,000000,13.163,13.163,13.163,13.163,0,0
LAB_MV,D,20140320,000000,13.598,14.933,13.598,14.933,0,0
LAB_MV,D,20140321,000000,14.962,14.962,13.434,14.285,0,0
LAB_MV,D,20140324,000000,13.395,13.569,13.395,13.569,0,0
LAB_MV,D,20140325,000000,13.734,14.382,13.598,13.947,0,0
LAB_MV,D,20140326,000000,13.947,13.947,13.947,13.947,0,0
LAB_MV,D,20140327,000000,13.947,13.947,13.947,13.947,0,0
LAB_MV,D,20140328,000000,13.947,14.285,13.947,14.285,0,0
LAB_MV,D,20140331,000000,13.976,13.976,13.976,13.976,0,0
LAB_MV,D,20140401,000000,14.014,15.136,13.163,15.136,0,0
LAB_MV,D,20140402,000000,14.72,15.136,14.72,15.136,0,0
LAB_MV,D,20140403,000000,15.948,19.111,15.678,18.773,0,0
LAB_MV,D,20140404,000000,18.328,22.477,18.328,22.477,0,0
LAB_MV,D,20140407,000000,23.773,23.773,19.044,21.423,0,0
LAB_MV,D,20140408,000000,21.761,21.761,19.788,19.788,0,0
LAB_MV,D,20140410,000000,20.639,23.057,20.407,20.407,0,0
LAB_MV,D,20140411,000000,19.895,19.895,19.76,19.76,0,0
LAB_MV,D,20140414,000000,19.72,20.475,17.679,20.475,0,0
LAB_MV,D,20140415,000000,22.07,22.07,20.233,20.233,0,0
LAB_MV,D,20140416,000000,20.745,21.085,20.745,21.085,0,0
LAB_MV,D,20140417,000000,21.491,23.773,21.491,23.773,0,0
LAB_MV,D,20140422,000000,23.705,23.705,21.22,21.22,0,0
LAB_MV,D,20140423,000000,21.085,21.355,19.556,21.355,0,0
LAB_MV,D,20140424,000000,20.407,22.41,19.556,22.41,0,0
LAB_MV,D,20140425,000000,22.38,22.38,22.38,22.38,0,0
LAB_MV,D,20140428,000000,21.897,21.897,21.897,21.897,0,0
LAB_MV,D,20140429,000000,20.436,20.436,20.436,20.436,0,0
LAB_MV,D,20140430,000000,21.326,21.326,21.326,21.326,0,0
LAB_MV,D,20140502,000000,21.326,21.326,21.326,21.326,0,0
LAB_MV,D,20140505,000000,21.326,21.326,21.326,21.326,0,0
LAB_MV,D,20140506,000000,21.326,21.326,21.326,21.326,0,0
LAB_MV,D,20140507,000000,21.326,21.326,19.044,21.181,0,0
LAB_MV,D,20140509,000000,19.044,21.181,17.245,21.181,0,0
LAB_MV,D,20140512,000000,19.895,20.369,17.882,17.882,0,0
LAB_MV,D,20140513,000000,20.03,20.03,20.03,20.03,0,0
LAB_MV,D,20140519,000000,17.854,17.854,17.516,17.516,0,0
LAB_MV,D,20140520,000000,17.003,18.367,15.988,18.367,0,0
LAB_MV,D,20140521,000000,18.367,20.407,15.475,20.407,0,0
LAB_MV,D,20140522,000000,20.407,20.407,20.407,20.407,0,0
LAB_MV,D,20140523,000000,20.407,20.407,17.003,20.059,0,0
LAB_MV,D,20140526,000000,19.044,19.044,17.719,19.044,0,0
LAB_MV,D,20140527,000000,17.341,18.869,16.49,18.869,0,0
LAB_MV,D,20140530,000000,16.829,18.773,15.707,18.773,0,0
LAB_MV,D,20140603,000000,17.138,18.773,17.138,18.773,0,0
LAB_MV,D,20140605,000000,18.869,18.869,18.869,18.869,0,0
LAB_MV,D,20140606,000000,18.598,20.059,18.598,20.059,0,0
LAB_MV,D,20140609,000000,19.72,19.72,19.556,19.556,0,0
LAB_MV,D,20140610,000000,18.705,18.705,18.705,18.705,0,0
LAB_MV,D,20140612,000000,18.192,18.841,17.313,18.841,0,0
LAB_MV,D,20140613,000000,17.313,20.059,17.003,20.059,0,0
LAB_MV,D,20140616,000000,18.019,20.059,18.019,20.059,0,0
LAB_MV,D,20140618,000000,20.059,20.059,20.059,20.059,0,0
LAB_MV,D,20140620,000000,20.059,20.059,20.059,20.059,0,0
LAB_MV,D,20140623,000000,19.179,20.059,18.192,20.059,0,0
LAB_MV,D,20140624,000000,20.059,23.328,18.666,19.72,0,0
LAB_MV,D,20140625,000000,22.1,23.435,21.423,23.435,0,0
LAB_MV,D,20140626,000000,22.1,22.1,21.732,22.1,0,0
LAB_MV,D,20140627,000000,22.235,22.235,22.235,22.235,0,0
LAB_MV,D,20140630,000000,22.235,23.019,20.059,23.019,0,0
LAB_MV,D,20140701,000000,21.597,25.91,21.597,25.91,0,0
LAB_MV,D,20140702,000000,25.91,25.91,24.489,24.489,0,0
LAB_MV,D,20140703,000000,24.141,28.908,24.141,27.883,0,0
LAB_MV,D,20140704,000000,29.586,34.005,29.586,34.005,0,0
LAB_MV,D,20140707,000000,40.805,40.805,35.708,35.708,0,0
LAB_MV,D,20140708,000000,34.721,37.371,31.694,33.967,0,0
LAB_MV,D,20140709,000000,34.005,35.708,34.005,35.708,0,0
LAB_MV,D,20140714,000000,33.494,36.046,32.304,36.046,0,0
LAB_MV,D,20140715,000000,34.005,34.005,34.005,34.005,0,0
LAB_MV,D,20140716,000000,34.005,36.385,32.99,36.385,0,0
LAB_MV,D,20140721,000000,36.385,36.385,32.304,36.385,0,0
LAB_MV,D,20140722,000000,36.385,36.385,36.385,36.385,0,0
LAB_MV,D,20140724,000000,32.816,35.804,32.816,35.804,0,0
LAB_MV,D,20140728,000000,32.71,36.385,32.71,36.385,0,0
LAB_MV,D,20140729,000000,36.385,36.385,36.385,36.385,0,0
LAB_MV,D,20140801,000000,36.385,36.385,34.005,34.005,0,0
LAB_MV,D,20140804,000000,35.099,35.099,35.099,35.099,0,0
LAB_MV,D,20140808,000000,33.667,35.099,32.642,35.099,0,0
LAB_MV,D,20140814,000000,33.329,40.467,33.329,40.467,0,0
LAB_MV,D,20140818,000000,40.127,47.604,40.127,47.604,0,0
LAB_MV,D,20140819,000000,46.927,46.927,43.087,43.087,0,0
LAB_MV,D,20140821,000000,40.467,40.805,40.467,40.805,0,0
LAB_MV,D,20140822,000000,40.805,40.805,40.467,40.805,0,0
LAB_MV,D,20140825,000000,38.667,39.819,38.667,39.819,0,0
LAB_MV,D,20140826,000000,38.087,39.819,38.087,39.819,0,0
LAB_MV,D,20140828,000000,37.062,39.819,37.062,39.819,0,0
LAB_MV,D,20140902,000000,37.817,42.333,37.817,42.333,0,0
LAB_MV,D,20140903,000000,39.48,46.927,39.48,46.927,0,0
LAB_MV,D,20140904,000000,46.414,46.414,45.563,45.563,0,0
LAB_MV,D,20140905,000000,45.061,45.061,45.061,45.061,0,0
LAB_MV,D,20140908,000000,45.061,47.604,44.209,47.604,0,0
LAB_MV,D,20140909,000000,47.604,56.453,40.805,56.453,0,0
LAB_MV,D,20140910,000000,52.711,52.711,52.711,52.711,0,0
LAB_MV,D,20140911,000000,48.455,48.455,48.455,48.455,0,0
LAB_MV,D,20140912,000000,48.629,55.429,48.629,55.429,0,0
LAB_MV,D,20140915,000000,48.29,51.521,48.29,51.521,0,0
LAB_MV,D,20140916,000000,44.209,54.374,44.209,54.374,0,0
LAB_MV,D,20140917,000000,54.374,54.374,54.374,54.374,0,0
LAB_MV,D,20140918,000000,53.726,53.726,53.726,53.726,0,0
LAB_MV,D,20140919,000000,53.726,53.726,53.726,53.726,0,0
LAB_MV,D,20140922,000000,53.726,53.726,53.726,53.726,0,0
LAB_MV,D,20140923,000000,53.726,53.726,53.726,53.726,0,0
LAB_MV,D,20140924,000000,53.726,53.726,53.726,53.726,0,0
LAB_MV,D,20140925,000000,53.726,53.726,53.726,53.726,0,0
LAB_MV,D,20140926,000000,53.726,53.726,53.726,53.726,0,0
LAB_MV,D,20140929,000000,53.726,53.726,52.372,53.726,0,0
LAB_MV,D,20140930,000000,53.726,53.726,53.726,53.726,0,0
LAB_MV,D,20141001,000000,53.726,53.726,53.726,53.726,0,0
LAB_MV,D,20141002,000000,53.726,53.726,52.372,52.372,0,0
LAB_MV,D,20141003,000000,52.333,52.333,52.333,52.333,0,0
LAB_MV,D,20141006,000000,52.333,52.333,51.686,51.686,0,0
LAB_MV,D,20141007,000000,51.686,51.686,51.008,51.008,0,0
LAB_MV,D,20141008,000000,51.686,51.686,51.686,51.686,0,0
LAB_MV,D,20141013,000000,50.158,50.158,49.993,49.993,0,0
LAB_MV,D,20141014,000000,50.158,50.158,50.158,50.158,0,0
LAB_MV,D,20141015,000000,50.158,50.158,44.209,44.209,0,0
LAB_MV,D,20141016,000000,43.871,47.101,43.871,47.101,0,0
LAB_MV,D,20141017,000000,44.886,49.645,44.886,49.645,0,0
LAB_MV,D,20141020,000000,47.266,52.333,47.266,52.333,0,0
LAB_MV,D,20141022,000000,50.331,50.331,47.266,50.331,0,0
LAB_MV,D,20141030,000000,47.952,52.333,47.604,52.333,0,0
LAB_MV,D,20141031,000000,51.686,51.686,47.952,51.686,0,0
LAB_MV,D,20141106,000000,50.293,50.331,50.293,50.331,0,0
LAB_MV,D,20141107,000000,48.117,50.835,48.117,50.835,0,0
LAB_MV,D,20141110,000000,50.835,50.835,50.835,50.835,0,0
LAB_MV,D,20141112,000000,50.835,50.835,50.835,50.835,0,0
LAB_MV,D,20141113,000000,50.835,50.835,50.835,50.835,0,0
LAB_MV,D,20141114,000000,50.835,50.835,50.835,50.835,0,0
LAB_MV,D,20141117,000000,47.604,51.521,47.604,51.521,0,0
LAB_MV,D,20141128,000000,48.629,50.429,47.304,50.429,0,0
LAB_MV,D,20141203,000000,50.429,50.429,50.429,50.429,0,0
LAB_MV,D,20141205,000000,50.429,50.429,50.429,50.429,0,0
LAB_MV,D,20141209,000000,49.307,49.307,49.307,49.307,0,0
LAB_MV,D,20141210,000000,49.307,49.307,49.307,49.307,0,0
LAB_MV,D,20141211,000000,49.307,49.307,49.307,49.307,0,0
LAB_MV,D,20141212,000000,49.307,49.307,49.307,49.307,0,0
LAB_MV,D,20141215,000000,49.307,49.307,49.307,49.307,0,0
LAB_MV,D,20141216,000000,49.307,51.656,47.952,51.656,0,0
LAB_MV,D,20141217,000000,51.008,51.008,51.008,51.008,0,0
LAB_MV,D,20141218,000000,51.008,51.008,51.008,51.008,0,0
LAB_MV,D,20141219,000000,51.008,51.008,48.117,51.008,0,0
LAB_MV,D,20141222,000000,51.008,51.008,51.008,51.008,0,0
LAB_MV,D,20141223,000000,51.008,51.008,51.008,51.008,0,0
LAB_MV,D,20141229,000000,51.008,51.008,51.008,51.008,0,0
LAB_MV,D,20141230,000000,51.008,51.008,49.307,49.307,0,0
LAB_MV,D,20150102,000000,49.307,49.307,49.307,49.307,0,0
LAB_MV,D,20150105,000000,49.307,49.307,49.307,49.307,0,0
LAB_MV,D,20150107,000000,49.307,49.307,49.307,49.307,0,0
LAB_MV,D,20150108,000000,49.307,49.307,49.307,49.307,0,0
LAB_MV,D,20150109,000000,49.307,49.307,49.307,49.307,0,0
LAB_MV,D,20150112,000000,49.307,49.307,49.307,49.307,0,0
LAB_MV,D,20150113,000000,49.307,49.307,49.307,49.307,0,0
LAB_MV,D,20150114,000000,49.307,49.307,49.307,49.307,0,0
LAB_MV,D,20150115,000000,48.629,48.629,47.952,47.952,0,0
LAB_MV,D,20150116,000000,47.952,47.952,47.952,47.952,0,0
LAB_MV,D,20150119,000000,47.952,47.952,47.952,47.952,0,0
LAB_MV,D,20150120,000000,47.952,47.952,47.952,47.952,0,0
LAB_MV,D,20150121,000000,47.952,47.952,47.952,47.952,0,0
LAB_MV,D,20150122,000000,47.952,47.952,47.952,47.952,0,0
LAB_MV,D,20150123,000000,47.952,47.952,47.952,47.952,0,0
LAB_MV,D,20150126,000000,47.779,47.779,47.779,47.779,0,0
LAB_MV,D,20150127,000000,47.779,47.779,47.779,47.779,0,0
LAB_MV,D,20150128,000000,47.779,47.779,47.779,47.779,0,0
LAB_MV,D,20150129,000000,47.779,47.779,47.779,47.779,0,0
LAB_MV,D,20150130,000000,47.779,47.779,47.779,47.779,0,0
LAB_MV,D,20150202,000000,47.779,47.779,47.779,47.779,0,0
LAB_MV,D,20150203,000000,47.779,47.779,47.779,47.779,0,0
LAB_MV,D,20150204,000000,47.779,47.779,47.779,47.779,0,0
LAB_MV,D,20150205,000000,47.779,47.779,47.779,47.779,0,0
LAB_MV,D,20150206,000000,47.779,51.656,47.779,51.656,0,0
LAB_MV,D,20150209,000000,51.008,51.008,51.008,51.008,0,0
LAB_MV,D,20150210,000000,51.144,51.656,51.144,51.656,0,0
LAB_MV,D,20150211,000000,51.008,51.686,51.008,51.686,0,0
LAB_MV,D,20150212,000000,51.686,51.686,51.686,51.686,0,0
LAB_MV,D,20150213,000000,51.686,51.686,51.686,51.686,0,0
LAB_MV,D,20150216,000000,51.686,51.686,51.686,51.686,0,0
LAB_MV,D,20150217,000000,51.686,51.686,51.686,51.686,0,0
LAB_MV,D,20150218,000000,51.686,51.686,51.686,51.686,0,0
LAB_MV,D,20150219,000000,51.686,51.686,51.686,51.686,0,0
LAB_MV,D,20150220,000000,51.686,51.686,51.686,51.686,0,0
LAB_MV,D,20150223,000000,51.686,51.686,51.686,51.686,0,0
LAB_MV,D,20150224,000000,51.686,51.686,51.686,51.686,0,0
LAB_MV,D,20150225,000000,51.686,51.686,51.686,51.686,0,0
LAB_MV,D,20150226,000000,51.686,51.686,51.686,51.686,0,0
LAB_MV,D,20150227,000000,51.686,51.686,51.686,51.686,0,0
LAB_MV,D,20150302,000000,51.686,51.686,51.686,51.686,0,0
LAB_MV,D,20150303,000000,51.686,51.686,48.629,51.686,0,0
LAB_MV,D,20150304,000000,51.686,51.686,51.686,51.686,0,0
LAB_MV,D,20150305,000000,51.686,51.686,51.686,51.686,0,0
LAB_MV,D,20150306,000000,51.686,51.686,51.686,51.686,0,0
LAB_MV,D,20150309,000000,51.686,51.686,51.686,51.686,0,0
LAB_MV,D,20150310,000000,51.686,51.686,48.968,48.968,0,0
LAB_MV,D,20150313,000000,48.968,48.968,48.968,48.968,0,0
LAB_MV,D,20150316,000000,48.968,48.968,48.968,48.968,0,0
LAB_MV,D,20150317,000000,48.968,48.968,48.968,48.968,0,0
LAB_MV,D,20150318,000000,48.968,48.968,48.968,48.968,0,0
LAB_MV,D,20150319,000000,48.968,48.968,48.968,48.968,0,0
LAB_MV,D,20150320,000000,48.968,48.968,48.968,48.968,0,0
LAB_MV,D,20150323,000000,48.968,48.968,48.968,48.968,0,0
LAB_MV,D,20150324,000000,48.968,48.968,48.968,48.968,0,0
LAB_MV,D,20150325,000000,48.968,48.968,48.968,48.968,0,0
LAB_MV,D,20150326,000000,48.968,48.968,48.968,48.968,0,0
LAB_MV,D,20150327,000000,48.968,48.968,48.968,48.968,0,0
LAB_MV,D,20150330,000000,48.968,48.968,48.968,48.968,0,0
LAB_MV,D,20150331,000000,48.968,48.968,48.968,48.968,0,0
LAB_MV,D,20150401,000000,48.968,48.968,48.968,48.968,0,0
LAB_MV,D,20150402,000000,48.968,48.968,48.968,48.968,0,0
LAB_MV,D,20150407,000000,48.968,48.968,47.604,47.604,0,0
LAB_MV,D,20150408,000000,48.968,48.968,46.25,46.25,0,0
LAB_MV,D,20150409,000000,48.968,48.968,48.968,48.968,0,0
LAB_MV,D,20150410,000000,48.968,48.968,48.968,48.968,0,0
LAB_MV,D,20150413,000000,48.968,48.968,48.968,48.968,0,0
LAB_MV,D,20150414,000000,48.968,48.968,48.968,48.968,0,0
LAB_MV,D,20150415,000000,48.968,48.968,48.968,48.968,0,0
LAB_MV,D,20150416,000000,48.968,48.968,48.968,48.968,0,0
LAB_MV,D,20150417,000000,48.968,48.968,48.968,48.968,0,0
LAB_MV,D,20150420,000000,48.968,48.968,48.968,48.968,0,0
LAB_MV,D,20150421,000000,48.968,48.968,48.968,48.968,0,0
LAB_MV,D,20150422,000000,48.968,48.968,48.968,48.968,0,0
LAB_MV,D,20150423,000000,48.968,48.968,48.968,48.968,0,0
LAB_MV,D,20150424,000000,48.968,48.968,48.968,48.968,0,0
LAB_MV,D,20150427,000000,49.645,51.453,49.645,51.453,0,0
LAB_MV,D,20150504,000000,51.686,51.686,51.686,51.686,0,0
LAB_MV,D,20150506,000000,51.686,51.686,51.686,51.686,0,0
LAB_MV,D,20150508,000000,51.686,51.686,51.686,51.686,0,0
LAB_MV,D,20150518,000000,51.686,51.686,51.686,51.686,0,0
LAB_MV,D,20150521,000000,51.686,51.686,51.686,51.686,0,0
LAB_MV,D,20150525,000000,51.183,51.183,51.183,51.183,0,0
LAB_MV,D,20150526,000000,51.183,51.183,51.183,51.183,0,0
LAB_MV,D,20150527,000000,47.952,51.686,47.952,51.686,0,0
LAB_MV,D,20150528,000000,51.686,53.726,51.686,53.726,0,0
LAB_MV,D,20150529,000000,53.726,53.726,53.726,53.726,0,0
LAB_MV,D,20150601,000000,53.726,53.726,53.726,53.726,0,0
LAB_MV,D,20150602,000000,53.726,53.726,53.726,53.726,0,0
LAB_MV,D,20150603,000000,53.726,53.726,53.726,53.726,0,0
LAB_MV,D,20150605,000000,53.726,53.726,53.726,53.726,0,0
LAB_MV,D,20150608,000000,53.726,53.726,53.726,53.726,0,0
LAB_MV,D,20150609,000000,53.726,53.726,53.726,53.726,0,0
LAB_MV,D,20150610,000000,53.726,53.726,53.726,53.726,0,0
LAB_MV,D,20150611,000000,53.726,53.726,53.726,53.726,0,0
LAB_MV,D,20150612,000000,53.726,53.726,53.726,53.726,0,0
LAB_MV,D,20150615,000000,53.726,53.726,53.726,53.726,0,0
LAB_MV,D,20150616,000000,53.726,53.726,53.726,53.726,0,0
LAB_MV,D,20150617,000000,53.726,53.726,53.726,53.726,0,0
LAB_MV,D,20150618,000000,53.726,53.726,53.726,53.726,0,0
LAB_MV,D,20150619,000000,53.726,53.726,53.726,53.726,0,0
LAB_MV,D,20150622,000000,53.726,53.726,53.726,53.726,0,0
LAB_MV,D,20150623,000000,53.726,53.726,53.726,53.726,0,0
LAB_MV,D,20150624,000000,53.726,53.726,53.726,53.726,0,0
LAB_MV,D,20150625,000000,53.726,53.726,53.726,53.726,0,0
LAB_MV,D,20150626,000000,53.726,53.726,53.726,53.726,0,0
LAB_MV,D,20150629,000000,53.726,53.726,53.726,53.726,0,0
LAB_MV,D,20150630,000000,53.726,53.726,53.726,53.726,0,0
LAB_MV,D,20150701,000000,53.726,53.726,53.726,53.726,0,0
LAB_MV,D,20150702,000000,53.726,53.726,53.726,53.726,0,0
LAB_MV,D,20150703,000000,53.726,53.726,53.726,53.726,0,0
LAB_MV,D,20150706,000000,53.726,53.726,53.726,53.726,0,0
LAB_MV,D,20150707,000000,53.726,53.726,53.726,53.726,0,0
LAB_MV,D,20150708,000000,53.726,53.726,53.726,53.726,0,0
LAB_MV,D,20150709,000000,53.726,53.726,53.726,53.726,0,0
LAB_MV,D,20150710,000000,53.726,53.726,53.726,53.726,0,0
LAB_MV,D,20150713,000000,53.726,53.726,53.726,53.726,0,0
LAB_MV,D,20150714,000000,53.726,53.726,53.726,53.726,0,0
LAB_MV,D,20150715,000000,53.726,53.726,53.726,53.726,0,0
LAB_MV,D,20150716,000000,53.726,53.726,53.726,53.726,0,0
LAB_MV,D,20150717,000000,53.726,53.726,53.726,53.726,0,0
LAB_MV,D,20150721,000000,53.726,53.726,53.726,53.726,0,0
LAB_MV,D,20150722,000000,53.726,53.726,53.726,53.726,0,0
LAB_MV,D,20150723,000000,53.726,53.726,53.726,53.726,0,0
LAB_MV,D,20150724,000000,53.726,53.726,53.726,53.726,0,0
LAB_MV,D,20150727,000000,53.726,53.726,53.726,53.726,0,0
LAB_MV,D,20150728,000000,53.726,53.726,53.726,53.726,0,0
LAB_MV,D,20150729,000000,53.726,53.726,53.726,53.726,0,0
LAB_MV,D,20150730,000000,53.726,53.726,53.726,53.726,0,0
LAB_MV,D,20150731,000000,53.726,53.726,53.726,53.726,0,0
LAB_MV,D,20150803,000000,53.726,53.726,53.726,53.726,0,0
LAB_MV,D,20150804,000000,53.726,53.726,53.726,53.726,0,0
LAB_MV,D,20150805,000000,53.726,53.726,53.726,53.726,0,0
LAB_MV,D,20150806,000000,53.726,53.726,53.726,53.726,0,0
LAB_MV,D,20150807,000000,53.726,53.726,53.726,53.726,0,0
LAB_MV,D,20150810,000000,53.726,53.726,53.726,53.726,0,0
LAB_MV,D,20150811,000000,53.726,53.726,53.726,53.726,0,0
LAB_MV,D,20150812,000000,53.726,53.726,53.726,53.726,0,0
LAB_MV,D,20150813,000000,53.726,53.726,53.726,53.726,0,0
LAB_MV,D,20150814,000000,53.726,53.726,53.726,53.726,0,0
LAB_MV,D,20150817,000000,53.726,53.726,53.726,53.726,0,0
LAB_MV,D,20150818,000000,53.726,53.726,53.697,53.697,0,0
LAB_MV,D,20150819,000000,53.726,53.726,53.726,53.726,0,0
LAB_MV,D,20150820,000000,53.726,53.726,53.726,53.726,0,0
LAB_MV,D,20150821,000000,53.726,53.726,53.726,53.726,0,0
LAB_MV,D,20150824,000000,53.726,53.726,53.726,53.726,0,0
LAB_MV,D,20150825,000000,53.726,53.726,53.726,53.726,0,0
LAB_MV,D,20150826,000000,53.726,54.133,53.726,54.133,0,0
LAB_MV,D,20150827,000000,54.133,54.133,51.396,54.133,0,0
LAB_MV,D,20150910,000000,53.445,53.445,53.445,53.445,0,0
LAB_MV,D,20150911,000000,53.445,53.445,53.445,53.445,0,0
LAB_MV,D,20150914,000000,53.445,53.445,53.445,53.445,0,0
LAB_MV,D,20150915,000000,53.445,54.577,53.445,54.577,0,0
LAB_MV,D,20150916,000000,54.577,54.577,54.577,54.577,0,0
LAB_MV,D,20150917,000000,54.577,54.577,54.577,54.577,0,0
LAB_MV,D,20150918,000000,54.577,54.577,54.577,54.577,0,0
LAB_MV,D,20150921,000000,54.577,54.577,54.577,54.577,0,0
LAB_MV,D,20150922,000000,54.577,54.577,54.577,54.577,0,0
LAB_MV,D,20150923,000000,54.577,54.577,54.577,54.577,0,0
LAB_MV,D,20150924,000000,54.577,54.577,54.577,54.577,0,0
LAB_MV,D,20150925,000000,54.577,54.577,54.577,54.577,0,0
LAB_MV,D,20150928,000000,54.577,54.577,54.577,54.577,0,0
LAB_MV,D,20150929,000000,54.577,54.577,54.577,54.577,0,0
LAB_MV,D,20150930,000000,54.577,54.577,54.577,54.577,0,0
LAB_MV,D,20151001,000000,54.577,54.577,54.577,54.577,0,0
LAB_MV,D,20151002,000000,54.577,54.577,54.577,54.577,0,0
LAB_MV,D,20151005,000000,54.577,54.577,54.577,54.577,0,0
LAB_MV,D,20151006,000000,54.577,54.577,54.577,54.577,0,0
LAB_MV,D,20151007,000000,54.577,54.577,54.577,54.577,0,0
LAB_MV,D,20151008,000000,54.577,54.577,54.577,54.577,0,0
LAB_MV,D,20151009,000000,54.577,54.577,54.577,54.577,0,0
LAB_MV,D,20151012,000000,54.577,54.577,54.577,54.577,0,0
LAB_MV,D,20151013,000000,54.577,54.577,54.577,54.577,0,0
LAB_MV,D,20151014,000000,54.577,54.577,54.577,54.577,0,0
LAB_MV,D,20151015,000000,54.577,54.577,54.577,54.577,0,0
LAB_MV,D,20151016,000000,54.577,54.577,54.577,54.577,0,0
LAB_MV,D,20151019,000000,55.283,55.98,54.577,54.577,0,0
LAB_MV,D,20151020,000000,54.577,54.577,54.577,54.577,0,0
LAB_MV,D,20151021,000000,53.881,53.881,52.478,52.478,0,0
LAB_MV,D,20151022,000000,52.478,52.478,52.478,52.478,0,0
LAB_MV,D,20151023,000000,52.836,52.836,52.653,52.653,0,0
LAB_MV,D,20151026,000000,52.759,54.229,52.759,53.707,0,0
LAB_MV,D,20151027,000000,53.707,53.707,51.434,52.478,0,0
LAB_MV,D,20151028,000000,52.411,53.185,49.683,53.185,0,0
LAB_MV,D,20151029,000000,51.782,53.146,49.267,53.146,0,0
LAB_MV,D,20151030,000000,52.305,52.759,50.737,52.653,0,0
LAB_MV,D,20151102,000000,51.782,52.478,51.328,52.478,0,0
LAB_MV,D,20151103,000000,50.98,52.411,50.98,52.411,0,0
LAB_MV,D,20151104,000000,52.382,52.382,51.153,52.13,0,0
LAB_MV,D,20151105,000000,51.26,51.957,51.26,51.957,0,0
LAB_MV,D,20151106,000000,51.927,51.927,51.26,51.26,0,0
LAB_MV,D,20151109,000000,51.569,51.569,51.193,51.193,0,0
LAB_MV,D,20151110,000000,51.366,51.366,51.153,51.193,0,0
LAB_MV,D,20151112,000000,50.805,51.289,49.548,51.153,0,0
LAB_MV,D,20151113,000000,50.38,50.912,50.031,50.912,0,0
LAB_MV,D,20151116,000000,50.912,50.912,50.031,50.699,0,0
LAB_MV,D,20151117,000000,50.737,50.737,50.66,50.66,0,0
LAB_MV,D,20151118,000000,50.66,50.66,50.592,50.592,0,0
LAB_MV,D,20151119,000000,50.554,50.554,49.722,50.554,0,0
LAB_MV,D,20151120,000000,50.525,50.525,50.525,50.525,0,0
LAB_MV,D,20151123,000000,50.486,50.486,49.335,50.206,0,0
LAB_MV,D,20151124,000000,50.351,50.351,50.003,50.003,0,0
LAB_MV,D,20151125,000000,49.016,49.858,48.987,49.858,0,0
LAB_MV,D,20151126,000000,49.858,50.312,48.987,50.312,0,0
LAB_MV,D,20151127,000000,50.38,50.38,50.031,50.351,0,0
LAB_MV,D,20151130,000000,50.351,50.351,48.987,50.206,0,0
LAB_MV,D,20151201,000000,48.813,50.176,48.813,50.138,0,0
LAB_MV,D,20151202,000000,50.176,50.176,48.987,50.138,0,0
LAB_MV,D,20151203,000000,48.987,50.206,47.624,50.206,0,0
LAB_MV,D,20151204,000000,50.206,50.206,48.987,50.176,0,0
LAB_MV,D,20151207,000000,50.176,50.176,47.236,50.138,0,0
LAB_MV,D,20151208,000000,47.236,49.683,46.782,49.683,0,0
LAB_MV,D,20151209,000000,49.683,50.176,45.486,50.099,0,0
LAB_MV,D,20151210,000000,47.236,50.031,46.356,50.031,0,0
LAB_MV,D,20151211,000000,48.281,50.071,46.85,49.925,0,0
LAB_MV,D,20151214,000000,46.705,49.016,45.698,49.016,0,0
LAB_MV,D,20151215,000000,46.008,48.736,45.66,48.706,0,0
LAB_MV,D,20151216,000000,45.138,50.699,44.432,50.699,0,0
LAB_MV,D,20151217,000000,50.699,52.382,50.699,52.382,0,0
LAB_MV,D,20151218,000000,50.031,52.382,49.683,52.13,0,0
LAB_MV,D,20151221,000000,52.275,52.275,52.198,52.198,0,0
LAB_MV,D,20151222,000000,53.359,53.359,46.888,47.236,0,0
LAB_MV,D,20151223,000000,44.964,44.964,42.827,42.827,0,0
LAB_MV,D,20151228,000000,46.888,46.888,41.008,41.008,0,0
LAB_MV,D,20151229,000000,41.008,41.008,39.992,39.992,0,0
LAB_MV,D,20151230,000000,38.484,38.484,35.195,36.878,0,0
LAB_MV,D,20160104,000000,35.022,38.281,34.954,38.281,0,0
LAB_MV,D,20160105,000000,36.211,36.211,36.007,36.007,0,0
LAB_MV,D,20160107,000000,36.665,37.439,36.385,37.439,0,0
LAB_MV,D,20160108,000000,37.439,37.439,36.492,36.916,0,0
LAB_MV,D,20160111,000000,36.916,36.916,36.916,36.916,0,0
LAB_MV,D,20160112,000000,36.916,37.371,36.916,37.371,0,0
LAB_MV,D,20160113,000000,36.916,37.371,36.916,37.371,0,0
LAB_MV,D,20160114,000000,36.916,37.371,36.916,37.371,0,0
LAB_MV,D,20160115,000000,37.371,37.371,37.371,37.371,0,0
LAB_MV,D,20160118,000000,37.332,37.332,37.265,37.265,0,0
LAB_MV,D,20160119,000000,37.265,37.265,36.946,37.265,0,0
LAB_MV,D,20160120,000000,37.265,37.265,35.543,35.543,0,0
LAB_MV,D,20160121,000000,35.34,36.733,34.992,36.317,0,0
LAB_MV,D,20160122,000000,36.356,36.356,36.279,36.279,0,0
LAB_MV,D,20160125,000000,36.356,36.356,35.688,36.317,0,0
LAB_MV,D,20160126,000000,36.279,36.279,35.688,35.688,0,0
LAB_MV,D,20160127,000000,36.356,36.356,35.688,35.688,0,0
LAB_MV,D,20160128,000000,36.356,36.356,36.356,36.356,0,0
LAB_MV,D,20160129,000000,36.356,36.356,36.317,36.317,0,0
LAB_MV,D,20160201,000000,36.356,36.356,36.279,36.279,0,0
LAB_MV,D,20160202,000000,36.279,36.279,36.279,36.279,0,0
LAB_MV,D,20160203,000000,36.279,36.279,34.258,35.34,0,0
LAB_MV,D,20160204,000000,35.476,35.476,35.34,35.34,0,0
LAB_MV,D,20160205,000000,35.476,35.476,34.992,34.992,0,0
LAB_MV,D,20160208,000000,35.302,35.302,35.302,35.302,0,0
LAB_MV,D,20160209,000000,35.34,35.34,35.34,35.34,0,0
LAB_MV,D,20160210,000000,35.476,35.476,35.302,35.302,0,0
LAB_MV,D,20160211,000000,35.302,35.302,35.302,35.302,0,0
LAB_MV,D,20160212,000000,35.302,35.34,35.302,35.302,0,0
LAB_MV,D,20160215,000000,35.302,35.302,35.302,35.302,0,0
LAB_MV,D,20160216,000000,35.302,36.007,35.302,36.007,0,0
LAB_MV,D,20160217,000000,35.476,35.476,35.476,35.476,0,0
LAB_MV,D,20160218,000000,35.476,35.476,35.476,35.476,0,0
LAB_MV,D,20160219,000000,35.476,35.476,35.476,35.476,0,0
LAB_MV,D,20160222,000000,35.476,35.476,35.476,35.476,0,0
LAB_MV,D,20160223,000000,35.476,35.476,35.476,35.476,0,0
LAB_MV,D,20160224,000000,35.476,35.476,34.992,34.992,0,0
LAB_MV,D,20160225,000000,35.476,35.476,34.992,35.447,0,0
LAB_MV,D,20160226,000000,35.476,35.476,35.408,35.408,0,0
LAB_MV,D,20160229,000000,35.408,35.408,35.408,35.408,0,0
LAB_MV,D,20160301,000000,35.408,35.447,35.408,35.408,0,0
LAB_MV,D,20160302,000000,35.408,35.447,35.408,35.408,0,0
LAB_MV,D,20160303,000000,35.408,35.408,35.408,35.408,0,0
LAB_MV,D,20160304,000000,35.408,35.408,35.408,35.408,0,0
LAB_MV,D,20160307,000000,35.408,37.265,35.408,37.265,0,0
LAB_MV,D,20160308,000000,35.476,35.476,35.447,35.447,0,0
LAB_MV,D,20160309,000000,35.476,35.476,35.408,35.447,0,0
LAB_MV,D,20160310,000000,35.476,35.476,35.408,35.447,0,0
LAB_MV,D,20160311,000000,35.476,37.469,35.408,37.469,0,0
LAB_MV,D,20160314,000000,37.469,38.106,37.439,38.106,0,0
LAB_MV,D,20160315,000000,37.893,38.938,37.787,38.938,0,0
LAB_MV,D,20160316,000000,38.938,39.393,38.938,39.393,0,0
LAB_MV,D,20160317,000000,38.938,38.938,38.938,38.938,0,0
LAB_MV,D,20160318,000000,38.938,40.515,38.938,40.515,0,0
LAB_MV,D,20160321,000000,40.205,40.485,40.205,40.485,0,0
LAB_MV,D,20160322,000000,40.485,40.485,40.485,40.485,0,0
LAB_MV,D,20160323,000000,39.847,39.886,39.47,39.886,0,0
LAB_MV,D,20160324,000000,38.484,40.205,38.484,40.205,0,0
LAB_MV,D,20160329,000000,39.847,39.847,36.878,37.961,0,0
LAB_MV,D,20160330,000000,38.387,38.387,38.387,38.387,0,0
LAB_MV,D,20160331,000000,38.387,38.387,38.387,38.387,0,0
LAB_MV,D,20160401,000000,38.387,39.673,38.387,39.673,0,0
LAB_MV,D,20160404,000000,39.644,39.644,39.499,39.644,0,0
LAB_MV,D,20160405,000000,39.644,39.644,39.19,39.499,0,0
LAB_MV,D,20160406,000000,39.499,39.499,39.499,39.499,0,0
LAB_MV,D,20160407,000000,39.499,39.499,39.47,39.47,0,0
LAB_MV,D,20160408,000000,39.47,39.47,39.47,39.47,0,0
LAB_MV,D,20160411,000000,39.47,39.499,39.47,39.47,0,0
LAB_MV,D,20160412,000000,39.47,39.47,38.802,38.802,0,0
LAB_MV,D,20160413,000000,38.802,39.47,38.484,39.47,0,0
LAB_MV,D,20160414,000000,39.47,39.47,38.842,39.363,0,0
LAB_MV,D,20160415,000000,39.47,39.47,39.325,39.325,0,0
LAB_MV,D,20160418,000000,39.325,39.47,39.325,39.47,0,0
LAB_MV,D,20160419,000000,39.47,39.47,39.47,39.47,0,0
LAB_MV,D,20160420,000000,39.363,39.47,39.363,39.47,0,0
LAB_MV,D,20160421,000000,39.47,39.47,39.325,39.47,0,0
LAB_MV,D,20160422,000000,39.47,39.47,39.363,39.47,0,0
LAB_MV,D,20160425,000000,39.47,39.47,39.363,39.47,0,0
LAB_MV,D,20160426,000000,39.47,39.47,39.363,39.47,0,0
LAB_MV,D,20160427,000000,39.47,39.47,39.47,39.47,0,0
LAB_MV,D,20160428,000000,39.47,39.47,39.325,39.325,0,0
LAB_MV,D,20160429,000000,39.325,39.325,39.325,39.325,0,0
LAB_MV,D,20160502,000000,39.325,39.325,39.325,39.325,0,0
LAB_MV,D,20160504,000000,39.325,39.325,39.015,39.015,0,0
LAB_MV,D,20160505,000000,39.325,39.325,39.015,39.015,0,0
LAB_MV,D,20160506,000000,39.325,39.47,39.325,39.47,0,0
LAB_MV,D,20160509,000000,39.47,39.47,39.363,39.47,0,0
LAB_MV,D,20160510,000000,39.47,40.515,39.47,40.515,0,0
LAB_MV,D,20160511,000000,39.673,39.673,36.037,36.385,0,0
LAB_MV,D,20160512,000000,36.733,36.733,36.385,36.385,0,0
LAB_MV,D,20160513,000000,36.356,38.657,36.356,38.657,0,0
LAB_MV,D,20160516,000000,38.136,38.136,38.136,38.136,0,0
LAB_MV,D,20160517,000000,38.136,38.203,38.068,38.068,0,0
LAB_MV,D,20160518,000000,38.136,38.136,38.106,38.106,0,0
LAB_MV,D,20160519,000000,38.136,38.657,38.106,38.657,0,0
LAB_MV,D,20160520,000000,38.136,38.136,38.068,38.068,0,0
LAB_MV,D,20160523,000000,38.068,38.106,38.068,38.068,0,0
LAB_MV,D,20160524,000000,38.068,38.068,38.068,38.068,0,0
LAB_MV,D,20160525,000000,38.068,38.068,38.068,38.068,0,0
LAB_MV,D,20160527,000000,38.068,38.068,38.068,38.068,0,0
LAB_MV,D,20160530,000000,38.068,38.106,38.068,38.068,0,0
LAB_MV,D,20160531,000000,38.068,38.068,38.068,38.068,0,0
LAB_MV,D,20160601,000000,38.068,38.068,34.286,34.286,0,0
LAB_MV,D,20160602,000000,34.634,34.779,33.241,34.779,0,0
LAB_MV,D,20160603,000000,34.779,34.819,34.779,34.779,0,0
LAB_MV,D,20160606,000000,34.779,34.819,34.779,34.779,0,0
LAB_MV,D,20160607,000000,34.779,34.819,34.779,34.779,0,0
LAB_MV,D,20160608,000000,34.779,34.819,34.779,34.779,0,0
LAB_MV,D,20160609,000000,34.779,34.819,34.779,34.779,0,0
LAB_MV,D,20160610,000000,34.18,34.779,34.18,34.779,0,0
LAB_MV,D,20160613,000000,34.779,34.779,34.779,34.779,0,0
LAB_MV,D,20160614,000000,34.779,34.819,34.779,34.779,0,0
LAB_MV,D,20160615,000000,34.779,34.819,34.779,34.819,0,0
LAB_MV,D,20160616,000000,35.06,35.06,34.819,34.819,0,0
LAB_MV,D,20160617,000000,34.779,34.819,34.712,34.712,0,0
LAB_MV,D,20160620,000000,34.712,34.819,34.712,34.779,0,0
LAB_MV,D,20160621,000000,34.779,34.779,34.779,34.779,0,0
LAB_MV,D,20160622,000000,34.779,38.068,34.779,36.317,0,0
LAB_MV,D,20160623,000000,36.317,36.356,36.317,36.317,0,0
LAB_MV,D,20160624,000000,36.317,36.317,36.317,36.317,0,0
LAB_MV,D,20160627,000000,34.992,34.992,34.992,34.992,0,0
LAB_MV,D,20160628,000000,34.992,34.992,34.954,34.954,0,0
LAB_MV,D,20160629,000000,34.819,34.819,31.491,31.491,0,0
LAB_MV,D,20160630,000000,32.119,32.99,31.491,32.4,0,0
LAB_MV,D,20160701,000000,32.4,32.4,32.4,32.4,0,0
LAB_MV,D,20160704,000000,32.4,32.4,32.362,32.362,0,0
LAB_MV,D,20160705,000000,32.362,32.362,32.362,32.362,0,0
LAB_MV,D,20160706,000000,32.362,32.362,32.332,32.332,0,0
LAB_MV,D,20160707,000000,32.332,32.362,32.332,32.332,0,0
LAB_MV,D,20160708,000000,32.332,32.362,32.332,32.332,0,0
LAB_MV,D,20160711,000000,32.332,32.362,32.332,32.362,0,0
LAB_MV,D,20160712,000000,32.362,32.362,32.332,32.332,0,0
LAB_MV,D,20160713,000000,32.332,32.362,32.332,32.332,0,0
LAB_MV,D,20160714,000000,32.332,32.332,32.332,32.332,0,0
LAB_MV,D,20160715,000000,32.332,32.362,32.332,32.332,0,0
LAB_MV,D,20160718,000000,32.332,32.362,32.332,32.332,0,0
LAB_MV,D,20160719,000000,32.332,32.362,32.014,32.014,0,0
LAB_MV,D,20160720,000000,32.014,32.362,31.665,32.362,0,0
LAB_MV,D,20160721,000000,32.362,32.362,29.141,29.141,0,0
LAB_MV,D,20160722,000000,30.997,30.997,28.164,30.06,0,0
LAB_MV,D,20160725,000000,30.06,30.06,28.687,28.966,0,0
LAB_MV,D,20160726,000000,29.141,29.74,29.141,29.74,0,0
LAB_MV,D,20160727,000000,29.392,29.392,29.392,29.392,0,0
LAB_MV,D,20160728,000000,29.392,29.392,28.232,29.392,0,0
LAB_MV,D,20160729,000000,29.392,29.74,29.392,29.74,0,0
LAB_MV,D,20160801,000000,29.392,29.74,29.392,29.74,0,0
LAB_MV,D,20160802,000000,29.74,29.74,29.044,29.044,0,0
LAB_MV,D,20160803,000000,29.044,29.044,29.044,29.044,0,0
LAB_MV,D,20160804,000000,29.044,29.354,29.044,29.324,0,0
LAB_MV,D,20160805,000000,29.324,29.354,29.324,29.324,0,0
LAB_MV,D,20160808,000000,29.324,29.324,29.324,29.324,0,0
LAB_MV,D,20160809,000000,29.324,29.354,29.324,29.324,0,0
LAB_MV,D,20160810,000000,29.324,29.324,29.324,29.324,0,0
LAB_MV,D,20160811,000000,29.324,29.324,27.99,29.324,0,0
LAB_MV,D,20160812,000000,28.938,29.324,28.938,29.324,0,0
LAB_MV,D,20160816,000000,28.938,29.324,28.938,29.324,0,0
LAB_MV,D,20160817,000000,29.324,29.324,29.324,29.324,0,0
LAB_MV,D,20160818,000000,29.324,29.46,29.324,29.46,0,0
LAB_MV,D,20160819,000000,29.46,29.915,29.46,29.915,0,0
LAB_MV,D,20160822,000000,29.915,30.436,29.779,30.436,0,0
LAB_MV,D,20160823,000000,30.436,30.436,30.436,30.436,0,0
LAB_MV,D,20160824,000000,30.436,30.997,29.779,30.997,0,0
LAB_MV,D,20160825,000000,30.862,30.997,30.862,30.997,0,0
LAB_MV,D,20160826,000000,30.862,30.862,30.824,30.824,0,0
LAB_MV,D,20160829,000000,30.824,30.824,30.824,30.824,0,0
LAB_MV,D,20160830,000000,30.824,30.824,30.824,30.824,0,0
LAB_MV,D,20160831,000000,30.824,30.997,30.824,30.997,0,0
LAB_MV,D,20160901,000000,30.862,31.491,30.862,31.491,0,0
LAB_MV,D,20160902,000000,30.862,30.862,30.785,30.785,0,0
LAB_MV,D,20160905,000000,30.785,30.785,29.392,30.436,0,0
LAB_MV,D,20160906,000000,30.785,30.785,30.263,30.263,0,0
LAB_MV,D,20160907,000000,30.785,30.785,29.392,30.088,0,0
LAB_MV,D,20160908,000000,30.088,30.088,29.915,30.088,0,0
LAB_MV,D,20160909,000000,30.088,30.088,29.392,29.392,0,0
LAB_MV,D,20160912,000000,29.875,30.233,29.875,30.233,0,0
LAB_MV,D,20160913,000000,30.233,30.263,30.233,30.233,0,0
LAB_MV,D,20160914,000000,30.233,30.233,29.392,29.392,0,0
LAB_MV,D,20160915,000000,30.233,30.233,29.392,29.392,0,0
LAB_MV,D,20160916,000000,28.899,30.088,28.899,30.088,0,0
LAB_MV,D,20160919,000000,30.088,30.263,29.392,30.263,0,0
LAB_MV,D,20160920,000000,30.263,30.263,30.263,30.263,0,0
LAB_MV,D,20160921,000000,30.301,30.301,30.263,30.301,0,0
LAB_MV,D,20160922,000000,30.301,30.301,30.263,30.263,0,0
LAB_MV,D,20160923,000000,30.301,30.301,30.233,30.233,0,0
LAB_MV,D,20160926,000000,30.233,30.233,30.233,30.233,0,0
LAB_MV,D,20160927,000000,30.233,30.233,30.233,30.233,0,0
LAB_MV,D,20160928,000000,30.233,30.233,30.233,30.233,0,0
LAB_MV,D,20160929,000000,30.233,30.233,27.816,27.816,0,0
LAB_MV,D,20160930,000000,27.816,29.141,27.816,29.111,0,0
LAB_MV,D,20161003,000000,29.111,29.141,29.111,29.111,0,0
LAB_MV,D,20161004,000000,28.096,28.096,27.778,27.778,0,0
LAB_MV,D,20161005,000000,27.778,29.111,27.778,27.99,0,0
LAB_MV,D,20161006,000000,28.657,28.657,27.468,27.642,0,0
LAB_MV,D,20161007,000000,27.362,27.642,27.362,27.642,0,0
LAB_MV,D,20161010,000000,27.362,28.164,24.875,26.24,0,0
LAB_MV,D,20161011,000000,26.588,26.588,24.489,24.489,0,0
LAB_MV,D,20161012,000000,24.179,25.504,24.005,25.021,0,0
LAB_MV,D,20161013,000000,25.021,25.369,23.444,25.369,0,0
LAB_MV,D,20161014,000000,25.331,25.331,24.141,25.021,0,0
LAB_MV,D,20161017,000000,25.021,25.021,25.021,25.021,0,0
LAB_MV,D,20161018,000000,25.021,25.021,24.943,24.943,0,0
LAB_MV,D,20161019,000000,24.943,24.943,24.943,24.943,0,0
LAB_MV,D,20161020,000000,24.943,24.943,24.943,24.943,0,0
LAB_MV,D,20161021,000000,24.943,24.943,24.943,24.943,0,0
LAB_MV,D,20161024,000000,24.943,26.588,24.943,26.588,0,0
LAB_MV,D,20161025,000000,25.785,26.065,25.717,25.717,0,0
LAB_MV,D,20161026,000000,26.907,27.293,26.907,27.293,0,0
LAB_MV,D,20161027,000000,26.907,26.907,26.558,26.558,0,0
LAB_MV,D,20161028,000000,26.24,26.24,26.24,26.24,0,0
LAB_MV,D,20161031,000000,26.24,26.24,26.21,26.21,0,0
LAB_MV,D,20161102,000000,26.21,26.21,26.172,26.172,0,0
LAB_MV,D,20161103,000000,26.21,27.854,25.021,27.854,0,0
LAB_MV,D,20161104,000000,27.71,27.854,27.71,27.854,0,0
LAB_MV,D,20161107,000000,27.71,27.854,27.71,27.854,0,0
LAB_MV,D,20161108,000000,27.71,27.71,26.413,26.413,0,0
LAB_MV,D,20161109,000000,26.801,26.801,26.801,26.801,0,0
LAB_MV,D,20161110,000000,25.021,26.065,24.489,24.837,0,0
LAB_MV,D,20161114,000000,25.331,25.331,25.331,25.331,0,0
LAB_MV,D,20161115,000000,25.331,25.717,25.331,25.717,0,0
LAB_MV,D,20161116,000000,26.453,26.453,25.195,26.24,0,0
LAB_MV,D,20161117,000000,26.065,26.413,26.065,26.413,0,0
LAB_MV,D,20161118,000000,26.413,26.413,26.065,26.413,0,0
LAB_MV,D,20161121,000000,26.413,26.413,26.413,26.413,0,0
LAB_MV,D,20161122,000000,26.413,26.413,26.413,26.413,0,0
LAB_MV,D,20161123,000000,26.413,26.413,26.413,26.413,0,0
LAB_MV,D,20161124,000000,26.413,26.453,25.195,25.195,0,0
LAB_MV,D,20161125,000000,25.263,25.263,23.966,23.966,0,0
LAB_MV,D,20161128,000000,24.141,25.021,24.141,24.875,0,0
LAB_MV,D,20161129,000000,24.875,24.875,23.27,23.27,0,0
LAB_MV,D,20161130,000000,24.034,24.034,23.899,23.899,0,0
LAB_MV,D,20161201,000000,23.899,23.966,23.444,23.966,0,0
LAB_MV,D,20161202,000000,23.966,23.966,23.966,23.966,0,0
LAB_MV,D,20161205,000000,23.966,24.005,22.738,23.966,0,0
LAB_MV,D,20161206,000000,23.299,24.489,23.299,24.489,0,0
LAB_MV,D,20161207,000000,24.566,25.476,24.566,25.476,0,0
LAB_MV,D,20161208,000000,25.504,25.504,23.686,23.686,0,0
LAB_MV,D,20161209,000000,24.141,24.141,24.141,24.141,0,0
LAB_MV,D,20161212,000000,24.595,24.595,24.141,24.141,0,0
LAB_MV,D,20161213,000000,24.595,24.595,24.111,24.111,0,0
LAB_MV,D,20161214,000000,24.111,24.111,24.111,24.111,0,0
LAB_MV,D,20161215,000000,24.111,24.141,24.111,24.111,0,0
LAB_MV,D,20161216,000000,24.111,25.892,24.111,25.892,0,0
LAB_MV,D,20161219,000000,25.331,25.892,25.301,25.892,0,0
LAB_MV,D,20161220,000000,25.331,25.331,23.58,24.808,0,0
LAB_MV,D,20161221,000000,24.421,24.808,24.421,24.808,0,0
LAB_MV,D,20161222,000000,24.421,24.421,23.444,23.444,0,0
LAB_MV,D,20161223,000000,23.444,24.141,23.444,24.141,0,0
LAB_MV,D,20161227,000000,24.421,24.421,24.073,24.111,0,0
LAB_MV,D,20161228,000000,24.111,24.808,23.444,24.808,0,0
LAB_MV,D,20161229,000000,24.421,24.421,24.073,24.073,0,0
LAB_MV,D,20161230,000000,24.073,24.073,23.019,23.019,0,0
LAB_MV,D,20170102,000000,23.444,23.618,23.444,23.618,0,0
LAB_MV,D,20170103,000000,23.618,23.618,23.618,23.618,0,0
LAB_MV,D,20170104,000000,23.444,23.793,23.444,23.793,0,0
LAB_MV,D,20170105,000000,23.793,23.793,23.793,23.793,0,0
LAB_MV,D,20170109,000000,23.793,24.073,23.793,24.073,0,0
LAB_MV,D,20170110,000000,24.073,24.073,24.034,24.034,0,0
LAB_MV,D,20170111,000000,24.034,24.073,24.034,24.034,0,0
LAB_MV,D,20170112,000000,24.034,24.808,24.034,24.808,0,0
LAB_MV,D,20170113,000000,24.808,24.808,24.005,24.005,0,0
LAB_MV,D,20170116,000000,24.005,24.005,24.005,24.005,0,0
LAB_MV,D,20170117,000000,24.005,24.073,24.005,24.005,0,0
LAB_MV,D,20170118,000000,24.005,24.808,23.793,24.808,0,0
LAB_MV,D,20170119,000000,24.247,24.247,22.738,22.777,0,0
LAB_MV,D,20170120,000000,22.816,23.86,22.816,23.86,0,0
LAB_MV,D,20170123,000000,24.46,24.46,24.208,24.208,0,0
LAB_MV,D,20170124,000000,24.208,24.208,22.042,22.11,0,0
LAB_MV,D,20170125,000000,22.738,24.77,22.738,24.77,0,0
LAB_MV,D,20170126,000000,24.595,26.945,24.595,26.588,0,0
LAB_MV,D,20170127,000000,25.717,27.854,25.717,26.945,0,0
LAB_MV,D,20170130,000000,26.801,27.642,26.801,27.642,0,0
LAB_MV,D,20170131,000000,27.854,28.831,27.854,28.793,0,0
LAB_MV,D,20170201,000000,28.831,28.831,26.761,26.761,0,0
LAB_MV,D,20170202,000000,26.761,27.71,24.837,25.021,0,0
LAB_MV,D,20170203,000000,25.021,25.021,24.141,24.354,0,0
LAB_MV,D,20170206,000000,24.005,24.77,24.005,24.77,0,0
LAB_MV,D,20170207,000000,24.77,25.476,24.77,25.476,0,0
LAB_MV,D,20170208,000000,25.476,25.476,25.476,25.476,0,0
LAB_MV,D,20170209,000000,25.476,27.642,25.476,27.642,0,0
LAB_MV,D,20170210,000000,28.687,29.74,28.687,29.74,0,0
LAB_MV,D,20170213,000000,29.74,31.143,29.392,30.969,0,0
LAB_MV,D,20170214,000000,30.969,33.241,30.969,33.241,0,0
LAB_MV,D,20170215,000000,34.606,34.606,30.369,30.369,0,0
LAB_MV,D,20170216,000000,30.862,30.862,30.408,30.408,0,0
LAB_MV,D,20170217,000000,30.862,32.187,30.408,32.187,0,0
LAB_MV,D,20170220,000000,31.946,31.946,31.946,31.946,0,0
LAB_MV,D,20170221,000000,31.946,35.127,31.558,35.127,0,0
LAB_MV,D,20170222,000000,33.59,35.795,33.59,35.795,0,0
LAB_MV,D,20170223,000000,36.53,36.53,34.819,36.076,0,0
LAB_MV,D,20170224,000000,36.385,36.385,34.354,34.354,0,0
LAB_MV,D,20170227,000000,33.241,34.286,33.241,34.286,0,0
LAB_MV,D,20170228,000000,34.354,34.461,34.354,34.461,0,0
LAB_MV,D,20170301,000000,34.461,35.167,32.961,35.167,0,0
LAB_MV,D,20170302,000000,35.167,35.167,34.499,35.167,0,0
LAB_MV,D,20170303,000000,34.218,34.218,34.218,34.218,0,0
LAB_MV,D,20170306,000000,34.218,34.218,34.218,34.218,0,0
LAB_MV,D,20170307,000000,34.218,34.218,33.764,33.764,0,0
LAB_MV,D,20170308,000000,33.764,33.764,33.764,33.764,0,0
LAB_MV,D,20170309,000000,33.764,33.938,33.764,33.938,0,0
LAB_MV,D,20170310,000000,33.938,33.938,33.938,33.938,0,0
LAB_MV,D,20170313,000000,33.938,33.938,33.938,33.938,0,0
LAB_MV,D,20170314,000000,33.938,33.938,33.938,33.938,0,0
LAB_MV,D,20170315,000000,33.938,33.938,33.9,33.938,0,0
LAB_MV,D,20170316,000000,33.938,33.938,33.9,33.938,0,0
LAB_MV,D,20170317,000000,33.977,33.977,33.9,33.9,0,0
LAB_MV,D,20170320,000000,33.938,33.938,33.241,33.9,0,0
LAB_MV,D,20170321,000000,33.938,33.938,33.241,33.241,0,0
LAB_MV,D,20170322,000000,33.938,33.938,33.241,33.241,0,0
LAB_MV,D,20170323,000000,33.938,33.938,33.241,33.241,0,0
LAB_MV,D,20170324,000000,33.938,33.938,31.491,32.362,0,0
LAB_MV,D,20170327,000000,31.317,32.362,31.317,32.362,0,0
LAB_MV,D,20170328,000000,32.362,32.362,31.491,31.491,0,0
LAB_MV,D,20170329,000000,31.771,31.771,31.453,31.453,0,0
LAB_MV,D,20170330,000000,31.453,31.491,31.453,31.453,0,0
LAB_MV,D,20170331,000000,31.453,31.453,30.263,30.436,0,0
LAB_MV,D,20170403,000000,30.862,30.862,29.392,29.392,0,0
LAB_MV,D,20170404,000000,29.74,29.74,29.74,29.74,0,0
LAB_MV,D,20170405,000000,29.421,29.421,28.029,29.421,0,0
LAB_MV,D,20170406,000000,29.421,29.421,27.642,27.642,0,0
LAB_MV,D,20170407,000000,28.444,28.444,27.119,27.642,0,0
LAB_MV,D,20170410,000000,27.603,27.603,27.603,27.603,0,0
LAB_MV,D,20170411,000000,27.603,29.218,27.603,29.218,0,0
LAB_MV,D,20170412,000000,28.164,29.218,28.164,29.218,0,0
LAB_MV,D,20170413,000000,29.111,30.436,29.111,30.436,0,0
LAB_MV,D,20170418,000000,29.915,31.453,29.915,31.453,0,0
LAB_MV,D,20170419,000000,30.862,31.453,30.862,31.453,0,0
LAB_MV,D,20170420,000000,31.453,31.839,30.969,31.839,0,0
LAB_MV,D,20170421,000000,31.839,31.839,31.839,31.839,0,0
LAB_MV,D,20170424,000000,31.839,32.187,31.665,32.187,0,0
LAB_MV,D,20170425,000000,31.839,32.187,31.839,32.187,0,0
LAB_MV,D,20170426,000000,31.839,32.187,31.839,32.187,0,0
LAB_MV,D,20170427,000000,32.187,32.187,32.187,32.187,0,0
LAB_MV,D,20170428,000000,32.187,32.187,32.187,32.187,0,0
LAB_MV,D,20170502,000000,32.187,32.187,32.187,32.187,0,0
LAB_MV,D,20170504,000000,32.187,32.332,32.187,32.187,0,0
LAB_MV,D,20170505,000000,32.187,32.923,32.187,32.923,0,0
LAB_MV,D,20170508,000000,33.241,33.764,33.241,33.764,0,0
LAB_MV,D,20170509,000000,33.241,33.241,32.187,32.71,0,0
LAB_MV,D,20170510,000000,32.71,33.241,32.71,33.241,0,0
LAB_MV,D,20170511,000000,33.241,33.241,32.71,33.241,0,0
LAB_MV,D,20170512,000000,33.241,33.241,33.068,33.241,0,0
LAB_MV,D,20170515,000000,33.241,33.241,30.785,31.317,0,0
LAB_MV,D,20170516,000000,31.143,31.317,30.436,31.317,0,0
LAB_MV,D,20170517,000000,31.317,31.317,31.143,31.143,0,0
LAB_MV,D,20170518,000000,31.143,31.143,31.143,31.143,0,0
LAB_MV,D,20170519,000000,31.143,31.143,31.143,31.143,0,0
LAB_MV,D,20170522,000000,31.143,31.143,30.969,30.969,0,0
LAB_MV,D,20170523,000000,30.969,30.969,30.93,30.969,0,0
LAB_MV,D,20170524,000000,30.969,30.969,30.892,30.892,0,0
LAB_MV,D,20170525,000000,30.892,30.93,30.892,30.892,0,0
LAB_MV,D,20170526,000000,30.892,30.93,30.892,30.892,0,0
LAB_MV,D,20170529,000000,30.892,30.892,30.892,30.892,0,0
LAB_MV,D,20170530,000000,30.892,30.892,28.339,30.756,0,0
LAB_MV,D,20170531,000000,30.127,30.756,29.354,30.756,0,0
LAB_MV,D,20170601,000000,29.392,29.392,29.354,29.354,0,0
LAB_MV,D,20170602,000000,29.392,29.392,29.392,29.392,0,0
LAB_MV,D,20170605,000000,29.324,29.324,29.286,29.324,0,0
LAB_MV,D,20170606,000000,29.324,29.324,29.286,29.324,0,0
LAB_MV,D,20170607,000000,29.324,29.324,29.286,29.324,0,0
LAB_MV,D,20170608,000000,29.324,29.324,29.247,29.247,0,0
LAB_MV,D,20170609,000000,29.247,29.286,29.247,29.247,0,0
LAB_MV,D,20170612,000000,29.247,29.247,29.179,29.179,0,0
LAB_MV,D,20170613,000000,29.179,29.875,29.073,29.875,0,0
LAB_MV,D,20170614,000000,29.847,29.875,29.847,29.875,0,0
LAB_MV,D,20170616,000000,29.875,30.756,29.847,30.756,0,0
LAB_MV,D,20170619,000000,30.476,30.756,29.915,30.756,0,0
LAB_MV,D,20170620,000000,30.756,30.756,29.915,30.756,0,0
LAB_MV,D,20170621,000000,30.756,30.756,29.875,29.875,0,0
LAB_MV,D,20170622,000000,29.875,29.875,29.875,29.875,0,0
LAB_MV,D,20170623,000000,29.875,29.875,29.875,29.875,0,0
LAB_MV,D,20170626,000000,29.875,29.915,29.875,29.875,0,0
LAB_MV,D,20170627,000000,29.875,29.915,29.875,29.875,0,0
LAB_MV,D,20170628,000000,29.875,29.875,29.875,29.875,0,0
LAB_MV,D,20170629,000000,29.875,29.875,29.875,29.875,0,0
LAB_MV,D,20170630,000000,29.875,29.875,29.875,29.875,0,0
LAB_MV,D,20170703,000000,29.875,29.915,29.875,29.875,0,0
LAB_MV,D,20170704,000000,29.875,30.756,29.875,30.756,0,0
LAB_MV,D,20170705,000000,30.476,30.649,30.476,30.611,0,0
LAB_MV,D,20170706,000000,30.611,30.611,30.611,30.611,0,0
LAB_MV,D,20170707,000000,30.611,30.611,30.611,30.611,0,0
LAB_MV,D,20170710,000000,30.611,30.756,30.611,30.756,0,0
LAB_MV,D,20170711,000000,30.649,30.756,30.649,30.756,0,0
LAB_MV,D,20170712,000000,30.649,31.839,30.649,31.839,0,0
LAB_MV,D,20170713,000000,31.839,32.187,31.491,32.187,0,0
LAB_MV,D,20170714,000000,32.255,32.255,32.255,32.255,0,0
LAB_MV,D,20170717,000000,32.255,32.255,32.255,32.255,0,0
LAB_MV,D,20170718,000000,32.255,32.255,31.143,31.143,0,0
LAB_MV,D,20170719,000000,32.255,38.657,32.255,38.657,0,0
LAB_MV,D,20170720,000000,39.819,39.819,38.484,38.484,0,0
LAB_MV,D,20170721,000000,39.819,39.819,39.712,39.712,0,0
LAB_MV,D,20170724,000000,39.712,39.712,39.712,39.712,0,0
LAB_MV,D,20170725,000000,39.712,39.712,38.842,38.842,0,0
LAB_MV,D,20170726,000000,39.712,39.712,39.712,39.712,0,0
LAB_MV,D,20170727,000000,39.712,39.712,39.673,39.673,0,0
LAB_MV,D,20170728,000000,39.673,39.712,37.923,37.923,0,0
LAB_MV,D,20170731,000000,37.923,37.923,36.733,36.733,0,0
LAB_MV,D,20170801,000000,37.091,37.091,36.104,36.104,0,0
LAB_MV,D,20170802,000000,37.469,38.309,35.688,36.385,0,0
LAB_MV,D,20170803,000000,37.469,39.819,37.469,39.819,0,0
LAB_MV,D,20170804,000000,38.842,39.819,38.842,39.819,0,0
LAB_MV,D,20170807,000000,38.484,38.842,38.484,38.842,0,0
LAB_MV,D,20170808,000000,38.842,38.842,38.484,38.484,0,0
LAB_MV,D,20170809,000000,38.348,38.348,37.826,38.348,0,0
LAB_MV,D,20170810,000000,38.348,38.348,38.348,38.348,0,0
LAB_MV,D,20170811,000000,38.348,41.289,38.348,39.712,0,0
LAB_MV,D,20170814,000000,40.766,40.795,40.515,40.515,0,0
LAB_MV,D,20170816,000000,40.766,40.766,37.961,37.961,0,0
LAB_MV,D,20170817,000000,37.855,39.673,37.855,39.538,0,0
LAB_MV,D,20170818,000000,38.909,39.538,38.909,39.538,0,0
LAB_MV,D,20170821,000000,39.538,39.538,38.522,39.47,0,0
LAB_MV,D,20170822,000000,39.538,39.538,39.538,39.538,0,0
LAB_MV,D,20170823,000000,39.538,39.576,39.19,39.538,0,0
LAB_MV,D,20170824,000000,39.673,39.673,39.606,39.606,0,0
LAB_MV,D,20170825,000000,39.576,40.583,38.842,40.583,0,0
LAB_MV,D,20170828,000000,40.766,40.766,39.538,40.583,0,0
LAB_MV,D,20170829,000000,40.766,40.766,39.606,40.553,0,0
LAB_MV,D,20170830,000000,40.553,40.553,39.538,39.538,0,0
LAB_MV,D,20170831,000000,39.393,40.583,39.393,40.583,0,0
LAB_MV,D,20170901,000000,40.766,40.766,39.886,40.234,0,0
LAB_MV,D,20170904,000000,40.234,40.234,40.06,40.06,0,0
LAB_MV,D,20170905,000000,40.766,41.182,38.484,38.484,0,0
LAB_MV,D,20170906,000000,40.06,40.06,39.886,39.886,0,0
LAB_MV,D,20170907,000000,39.819,39.819,37.961,38.842,0,0
LAB_MV,D,20170908,000000,37.439,37.439,34.992,36.733,0,0
LAB_MV,D,20170911,000000,35.863,36.559,35.863,36.385,0,0
LAB_MV,D,20170912,000000,36.385,36.385,35.863,36.385,0,0
LAB_MV,D,20170913,000000,36.385,36.385,35.863,36.385,0,0
LAB_MV,D,20170914,000000,36.385,36.385,36.385,36.385,0,0
LAB_MV,D,20170915,000000,36.385,36.385,36.385,36.385,0,0
LAB_MV,D,20170918,000000,36.385,36.385,36.385,36.385,0,0
LAB_MV,D,20170919,000000,36.385,36.385,35.34,36.385,0,0
LAB_MV,D,20170920,000000,36.385,36.385,35.37,35.37,0,0
LAB_MV,D,20170921,000000,36.385,36.385,35.37,36.385,0,0
LAB_MV,D,20170922,000000,36.385,36.385,36.385,36.385,0,0
LAB_MV,D,20170925,000000,36.385,36.385,36.385,36.385,0,0
LAB_MV,D,20170926,000000,36.385,37.014,36.385,37.014,0,0
LAB_MV,D,20170927,000000,38.106,38.106,36.733,36.733,0,0
LAB_MV,D,20170928,000000,36.733,36.733,36.733,36.733,0,0
LAB_MV,D,20170929,000000,37.72,37.72,37.72,37.72,0,0
LAB_MV,D,20171002,000000,37.72,37.749,35.34,36.385,0,0
LAB_MV,D,20171003,000000,36.385,36.385,36.385,36.385,0,0
LAB_MV,D,20171004,000000,36.385,36.53,36.356,36.53,0,0
LAB_MV,D,20171005,000000,36.598,36.598,35.901,35.901,0,0
LAB_MV,D,20171006,000000,35.901,35.901,35.863,35.901,0,0
LAB_MV,D,20171009,000000,35.901,35.901,35.901,35.901,0,0
LAB_MV,D,20171010,000000,35.65,35.65,35.65,35.65,0,0
LAB_MV,D,20171011,000000,35.65,36.182,35.543,36.182,0,0
LAB_MV,D,20171012,000000,36.211,36.598,36.211,36.598,0,0
LAB_MV,D,20171013,000000,36.598,36.598,36.598,36.598,0,0
LAB_MV,D,20171016,000000,36.598,36.598,36.598,36.598,0,0
LAB_MV,D,20171017,000000,36.598,36.598,36.598,36.598,0,0
LAB_MV,D,20171018,000000,36.598,36.598,35.34,35.34,0,0
LAB_MV,D,20171019,000000,35.34,35.34,35.34,35.34,0,0
LAB_MV,D,20171020,000000,35.34,35.34,35.34,35.34,0,0
LAB_MV,D,20171023,000000,35.34,35.34,35.34,35.34,0,0
LAB_MV,D,20171024,000000,35.34,35.34,35.34,35.34,0,0
LAB_MV,D,20171025,000000,35.34,35.795,35.34,35.795,0,0
LAB_MV,D,20171026,000000,35.34,36.385,35.34,36.385,0,0
LAB_MV,D,20171027,000000,36.385,36.385,36.385,36.385,0,0
LAB_MV,D,20171030,000000,36.385,36.385,36.385,36.385,0,0
LAB_MV,D,20171031,000000,36.385,36.385,36.385,36.385,0,0
LAB_MV,D,20171102,000000,36.385,36.385,36.385,36.385,0,0
LAB_MV,D,20171103,000000,36.385,36.385,36.385,36.385,0,0
LAB_MV,D,20171106,000000,36.385,36.385,36.385,36.385,0,0
LAB_MV,D,20171107,000000,36.385,36.385,36.385,36.385,0,0
LAB_MV,D,20171108,000000,36.385,36.385,36.385,36.385,0,0
LAB_MV,D,20171109,000000,36.385,36.385,36.385,36.385,0,0
LAB_MV,D,20171110,000000,36.037,36.385,35.515,36.385,0,0
LAB_MV,D,20171113,000000,36.317,36.317,36.317,36.317,0,0
LAB_MV,D,20171114,000000,36.317,36.317,36.317,36.317,0,0
LAB_MV,D,20171115,000000,36.317,36.317,36.317,36.317,0,0
LAB_MV,D,20171116,000000,36.317,36.317,36.317,36.317,0,0
LAB_MV,D,20171117,000000,36.317,36.559,35.408,36.559,0,0
LAB_MV,D,20171120,000000,36.559,36.559,36.559,36.559,0,0
LAB_MV,D,20171121,000000,36.211,36.211,36.211,36.211,0,0
LAB_MV,D,20171122,000000,36.211,36.211,36.211,36.211,0,0
LAB_MV,D,20171123,000000,36.598,36.598,36.598,36.598,0,0
LAB_MV,D,20171124,000000,36.733,44.432,36.733,44.432,0,0
LAB_MV,D,20171127,000000,40.234,41.85,36.211,40.031,0,0
LAB_MV,D,20171128,000000,40.031,41.289,38.484,41.289,0,0
LAB_MV,D,20171129,000000,39.296,46.502,39.296,46.008,0,0
LAB_MV,D,20171130,000000,46.502,49.297,43.736,49.297,0,0
LAB_MV,D,20171201,000000,49.297,49.297,46.531,46.531,0,0
LAB_MV,D,20171204,000000,46.531,49.161,46.531,49.161,0,0
LAB_MV,D,20171205,000000,49.297,49.297,49.267,49.297,0,0
LAB_MV,D,20171206,000000,49.267,49.267,47.236,47.236,0,0
LAB_MV,D,20171207,000000,49.267,49.267,46.985,48.987,0,0
LAB_MV,D,20171208,000000,48.987,48.987,47.236,48.706,0,0
LAB_MV,D,20171211,000000,48.706,48.706,45.835,47.236,0,0
LAB_MV,D,20171212,000000,48.107,48.107,48.107,48.107,0,0
LAB_MV,D,20171213,000000,47.759,49.297,47.759,49.297,0,0
LAB_MV,D,20171214,000000,48.107,48.107,48.107,48.107,0,0
LAB_MV,D,20171215,000000,48.078,48.078,48.078,48.078,0,0
LAB_MV,D,20171218,000000,47.759,48.078,47.236,47.236,0,0
LAB_MV,D,20171219,000000,48.493,48.987,47.236,48.987,0,0
LAB_MV,D,20171220,000000,49.964,50.873,49.925,50.873,0,0
LAB_MV,D,20171221,000000,49.51,51.782,49.51,51.782,0,0
LAB_MV,D,20171222,000000,51.782,51.782,51.782,51.782,0,0
LAB_MV,D,20171227,000000,51.782,52.411,51.782,52.411,0,0
LAB_MV,D,20171228,000000,52.343,52.411,52.343,52.411,0,0
LAB_MV,D,20171229,000000,52.343,52.836,51.957,52.836,0,0
LAB_MV,D,20180103,000000,51.782,51.782,51.782,51.782,0,0
LAB_MV,D,20180104,000000,52.478,52.478,48.987,50.912,0,0
LAB_MV,D,20180105,000000,52.13,52.305,50.912,52.305,0,0
LAB_MV,D,20180108,000000,52.478,52.836,52.478,52.836,0,0
LAB_MV,D,20180109,000000,52.836,54.761,52.836,53.881,0,0
LAB_MV,D,20180110,000000,55.109,55.109,55.109,55.109,0,0
LAB_MV,D,20180111,000000,55.109,55.109,52.478,52.478,0,0
LAB_MV,D,20180112,000000,53.185,53.185,52.836,52.836,0,0
LAB_MV,D,20180115,000000,53.011,53.011,52.478,52.478,0,0
LAB_MV,D,20180116,000000,53.185,53.185,51.608,51.608,0,0
LAB_MV,D,20180117,000000,53.185,53.185,50.737,50.737,0,0
LAB_MV,D,20180118,000000,53.185,53.185,52.305,52.305,0,0
LAB_MV,D,20180119,000000,52.305,52.305,52.13,52.13,0,0
LAB_MV,D,20180122,000000,50.737,51.957,50.737,51.957,0,0
LAB_MV,D,20180123,000000,51.957,51.957,51.957,51.957,0,0
LAB_MV,D,20180124,000000,51.957,51.957,51.957,51.957,0,0
LAB_MV,D,20180125,000000,50.38,50.38,48.629,48.629,0,0
LAB_MV,D,20180126,000000,49.51,49.51,49.51,49.51,0,0
LAB_MV,D,20180129,000000,49.51,49.51,47.236,47.584,0,0
LAB_MV,D,20180130,000000,47.584,47.584,46.705,46.705,0,0
LAB_MV,D,20180131,000000,46.705,46.705,46.183,46.531,0,0
LAB_MV,D,20180201,000000,46.705,46.705,46.356,46.356,0,0
LAB_MV,D,20180202,000000,46.705,46.705,46.008,46.008,0,0
LAB_MV,D,20180205,000000,45.835,46.705,45.835,46.705,0,0
LAB_MV,D,20180206,000000,46.705,46.705,45.835,45.835,0,0
LAB_MV,D,20180207,000000,46.705,46.705,46.705,46.705,0,0
LAB_MV,D,20180208,000000,46.705,46.705,46.705,46.705,0,0
LAB_MV,D,20180209,000000,46.705,46.705,46.705,46.705,0,0
LAB_MV,D,20180212,000000,46.705,46.705,46.705,46.705,0,0
LAB_MV,D,20180213,000000,46.705,46.705,46.705,46.705,0,0
LAB_MV,D,20180214,000000,46.705,46.705,46.705,46.705,0,0
LAB_MV,D,20180215,000000,46.705,46.705,46.705,46.705,0,0
LAB_MV,D,20180216,000000,46.531,46.531,45.138,45.138,0,0
LAB_MV,D,20180219,000000,46.531,46.531,46.531,46.531,0,0
LAB_MV,D,20180220,000000,45.835,46.531,45.835,46.531,0,0
LAB_MV,D,20180221,000000,45.835,46.531,45.835,45.835,0,0
LAB_MV,D,20180222,000000,45.486,45.486,44.964,45.486,0,0
LAB_MV,D,20180223,000000,45.486,45.486,44.964,45.486,0,0
LAB_MV,D,20180226,000000,45.486,45.66,45.486,45.486,0,0
LAB_MV,D,20180227,000000,45.486,45.66,45.486,45.66,0,0
LAB_MV,D,20180228,000000,45.486,45.66,44.79,45.486,0,0
LAB_MV,D,20180301,000000,45.486,45.835,45.486,45.835,0,0
LAB_MV,D,20180302,000000,46.183,46.356,46.183,46.356,0,0
LAB_MV,D,20180305,000000,46.183,46.356,46.183,46.356,0,0
LAB_MV,D,20180306,000000,46.183,46.531,46.183,46.531,0,0
LAB_MV,D,20180307,000000,46.183,46.531,46.183,46.531,0,0
LAB_MV,D,20180308,000000,46.183,46.531,46.183,46.531,0,0
LAB_MV,D,20180309,000000,46.183,47.411,46.183,47.411,0,0
LAB_MV,D,20180312,000000,50.031,50.031,47.584,50.031,0,0
LAB_MV,D,20180313,000000,49.161,49.161,49.161,49.161,0,0
LAB_MV,D,20180314,000000,49.161,49.161,49.161,49.161,0,0
LAB_MV,D,20180315,000000,49.161,49.161,49.161,49.161,0,0
LAB_MV,D,20180316,000000,49.161,49.161,49.161,49.161,0,0
LAB_MV,D,20180319,000000,48.813,48.813,48.813,48.813,0,0
LAB_MV,D,20180320,000000,48.813,48.813,48.813,48.813,0,0
LAB_MV,D,20180321,000000,48.813,48.987,48.107,48.987,0,0
LAB_MV,D,20180322,000000,49.161,49.161,46.356,46.356,0,0
LAB_MV,D,20180323,000000,46.008,46.356,46.008,46.008,0,0
LAB_MV,D,20180326,000000,46.008,46.008,46.008,46.008,0,0
LAB_MV,D,20180327,000000,46.008,46.008,46.008,46.008,0,0
LAB_MV,D,20180328,000000,46.008,46.008,46.008,46.008,0,0
LAB_MV,D,20180329,000000,46.008,46.008,46.008,46.008,0,0
LAB_MV,D,20180403,000000,45.138,46.356,45.138,46.356,0,0
LAB_MV,D,20180404,000000,46.008,46.008,46.008,46.008,0,0
LAB_MV,D,20180405,000000,46.008,46.008,46.008,46.008,0,0
LAB_MV,D,20180406,000000,46.356,46.356,46.356,46.356,0,0
LAB_MV,D,20180409,000000,46.356,46.356,46.356,46.356,0,0
LAB_MV,D,20180410,000000,46.356,46.356,44.79,45.486,0,0
LAB_MV,D,20180411,000000,45.486,45.486,45.312,45.312,0,0
LAB_MV,D,20180412,000000,45.312,45.312,45.312,45.312,0,0
LAB_MV,D,20180413,000000,45.486,45.486,45.312,45.312,0,0
LAB_MV,D,20180416,000000,45.486,45.486,43.736,43.736,0,0
LAB_MV,D,20180417,000000,45.486,45.486,45.312,45.312,0,0
LAB_MV,D,20180418,000000,45.486,45.486,45.312,45.312,0,0
LAB_MV,D,20180419,000000,45.486,45.486,45.486,45.486,0,0
LAB_MV,D,20180420,000000,45.486,45.486,45.312,45.312,0,0
LAB_MV,D,20180423,000000,45.486,45.486,45.312,45.486,0,0
LAB_MV,D,20180424,000000,45.486,45.486,43.388,43.388,0,0
LAB_MV,D,20180425,000000,43.736,43.736,43.388,43.388,0,0
LAB_MV,D,20180426,000000,43.736,43.736,43.736,43.736,0,0
LAB_MV,D,20180427,000000,43.388,43.388,43.388,43.388,0,0
LAB_MV,D,20180430,000000,43.736,43.736,43.388,43.388,0,0
LAB_MV,D,20180502,000000,43.736,43.736,43.388,43.388,0,0
LAB_MV,D,20180504,000000,45.486,45.486,41.81,41.985,0,0
LAB_MV,D,20180507,000000,45.486,45.486,45.486,45.486,0,0
LAB_MV,D,20180508,000000,41.985,41.985,39.886,39.886,0,0
LAB_MV,D,20180509,000000,41.985,41.985,38.842,38.842,0,0
LAB_MV,D,20180510,000000,38.484,38.484,38.484,38.484,0,0
LAB_MV,D,20180511,000000,39.363,39.363,37.787,37.787,0,0
LAB_MV,D,20180514,000000,37.787,37.787,35.515,35.515,0,0
LAB_MV,D,20180515,000000,36.559,36.559,36.559,36.559,0,0
LAB_MV,D,20180516,000000,36.037,36.037,33.59,33.59,0,0
LAB_MV,D,20180517,000000,33.59,33.59,33.59,33.59,0,0
LAB_MV,D,20180518,000000,33.59,33.59,33.59,33.59,0,0
LAB_MV,D,20180521,000000,33.59,33.59,33.59,33.59,0,0
LAB_MV,D,20180522,000000,35.167,35.167,35.167,35.167,0,0
LAB_MV,D,20180523,000000,35.167,36.037,35.167,36.037,0,0
LAB_MV,D,20180524,000000,35.167,35.167,35.167,35.167,0,0
LAB_MV,D,20180525,000000,35.167,35.167,34.083,34.083,0,0
LAB_MV,D,20180528,000000,35.167,35.167,34.083,35.167,0,0
LAB_MV,D,20180529,000000,35.167,35.167,35.167,35.167,0,0
LAB_MV,D,20180530,000000,35.167,35.167,35.167,35.167,0,0
LAB_MV,D,20180601,000000,35.167,35.167,35.167,35.167,0,0
LAB_MV,D,20180604,000000,36.037,36.037,34.083,34.083,0,0
LAB_MV,D,20180605,000000,34.712,34.712,34.712,34.712,0,0
LAB_MV,D,20180606,000000,34.712,34.712,34.083,34.083,0,0
LAB_MV,D,20180607,000000,36.037,36.037,34.083,34.431,0,0
LAB_MV,D,20180608,000000,36.037,36.037,34.566,34.847,0,0
LAB_MV,D,20180611,000000,35.167,36.037,34.992,36.037,0,0
LAB_MV,D,20180612,000000,36.037,36.037,36.037,36.037,0,0
LAB_MV,D,20180613,000000,36.037,36.559,34.992,35.688,0,0
LAB_MV,D,20180614,000000,35.688,35.688,35.688,35.688,0,0
LAB_MV,D,20180615,000000,35.688,35.688,35.688,35.688,0,0
LAB_MV,D,20180618,000000,35.688,35.688,34.992,35.515,0,0
LAB_MV,D,20180619,000000,35.688,35.688,35.515,35.515,0,0
LAB_MV,D,20180620,000000,35.688,38.484,35.688,38.484,0,0
LAB_MV,D,20180621,000000,37.091,37.787,37.091,37.787,0,0
LAB_MV,D,20180622,000000,38.309,38.309,37.787,37.787,0,0
LAB_MV,D,20180625,000000,38.309,38.309,36.037,38.309,0,0
LAB_MV,D,20180626,000000,37.265,38.309,37.265,38.309,0,0
LAB_MV,D,20180627,000000,37.265,37.265,37.265,37.265,0,0
LAB_MV,D,20180628,000000,37.265,37.265,37.265,37.265,0,0
LAB_MV,D,20180629,000000,37.265,37.265,37.265,37.265,0,0
LAB_MV,D,20180702,000000,38.309,39.19,38.309,39.015,0,0
LAB_MV,D,20180703,000000,39.015,40.941,39.015,40.941,0,0
LAB_MV,D,20180704,000000,40.941,40.941,39.19,40.941,0,0
LAB_MV,D,20180705,000000,40.941,40.941,40.941,40.941,0,0
LAB_MV,D,20180706,000000,41.114,41.289,41.114,41.289,0,0
LAB_MV,D,20180709,000000,41.81,41.81,41.81,41.81,0,0
LAB_MV,D,20180710,000000,42.681,42.681,40.941,42.681,0,0
LAB_MV,D,20180711,000000,42.681,42.681,42.159,42.159,0,0
LAB_MV,D,20180712,000000,41.985,41.985,41.985,41.985,0,0
LAB_MV,D,20180713,000000,41.985,41.985,41.985,41.985,0,0
LAB_MV,D,20180716,000000,41.985,41.985,41.985,41.985,0,0
LAB_MV,D,20180717,000000,41.985,41.985,41.985,41.985,0,0
LAB_MV,D,20180718,000000,41.985,46.531,41.985,46.531,0,0
LAB_MV,D,20180719,000000,50.912,50.912,50.737,50.737,0,0
LAB_MV,D,20180720,000000,50.737,50.737,45.835,48.813,0,0
LAB_MV,D,20180723,000000,48.987,48.987,48.281,48.281,0,0
LAB_MV,D,20180724,000000,47.932,47.932,45.486,45.486,0,0
LAB_MV,D,20180725,000000,44.964,44.964,44.964,44.964,0,0
LAB_MV,D,20180726,000000,44.964,45.835,44.964,45.835,0,0
LAB_MV,D,20180727,000000,45.835,45.835,45.835,45.835,0,0
LAB_MV,D,20180730,000000,45.835,45.835,45.835,45.835,0,0
LAB_MV,D,20180731,000000,45.835,45.835,44.964,45.486,0,0
LAB_MV,D,20180801,000000,45.835,45.835,45.835,45.835,0,0
LAB_MV,D,20180802,000000,45.835,45.835,45.835,45.835,0,0
LAB_MV,D,20180803,000000,45.835,45.835,45.835,45.835,0,0
LAB_MV,D,20180806,000000,45.835,45.835,44.79,45.835,0,0
LAB_MV,D,20180807,000000,45.835,45.835,45.835,45.835,0,0
LAB_MV,D,20180808,000000,45.835,45.835,45.835,45.835,0,0
LAB_MV,D,20180809,000000,45.835,45.835,45.835,45.835,0,0
LAB_MV,D,20180810,000000,45.835,45.835,45.835,45.835,0,0
LAB_MV,D,20180813,000000,45.835,45.835,45.835,45.835,0,0
LAB_MV,D,20180814,000000,45.835,49.51,45.835,49.51,0,0
LAB_MV,D,20180816,000000,47.411,47.411,47.411,47.411,0,0
LAB_MV,D,20180817,000000,46.888,46.888,46.888,46.888,0,0
LAB_MV,D,20180820,000000,48.813,48.813,48.813,48.813,0,0
LAB_MV,D,20180821,000000,48.813,48.813,47.759,48.813,0,0
LAB_MV,D,20180822,000000,48.813,48.813,48.813,48.813,0,0
LAB_MV,D,20180823,000000,48.813,48.813,47.411,47.411,0,0
LAB_MV,D,20180824,000000,47.584,47.584,47.584,47.584,0,0
LAB_MV,D,20180827,000000,47.584,47.584,47.584,47.584,0,0
LAB_MV,D,20180828,000000,47.584,47.584,47.236,47.236,0,0
LAB_MV,D,20180829,000000,47.236,47.236,47.236,47.236,0,0
LAB_MV,D,20180830,000000,47.236,47.236,46.183,47.236,0,0
LAB_MV,D,20180831,000000,47.236,47.236,46.183,46.183,0,0
LAB_MV,D,20180903,000000,47.584,47.584,46.888,46.888,0,0
LAB_MV,D,20180904,000000,47.584,47.584,46.008,47.236,0,0
LAB_MV,D,20180905,000000,47.236,47.236,46.183,47.236,0,0
LAB_MV,D,20180906,000000,47.236,47.236,46.183,47.236,0,0
LAB_MV,D,20180907,000000,47.236,47.236,45.486,45.835,0,0
LAB_MV,D,20180910,000000,46.888,46.888,46.183,46.183,0,0
LAB_MV,D,20180911,000000,46.183,46.183,46.008,46.008,0,0
LAB_MV,D,20180912,000000,46.183,46.183,46.008,46.008,0,0
LAB_MV,D,20180913,000000,46.183,46.183,46.008,46.008,0,0
LAB_MV,D,20180914,000000,46.183,46.183,44.606,44.606,0,0
LAB_MV,D,20180917,000000,44.606,44.606,43.213,43.213,0,0
LAB_MV,D,20180918,000000,44.606,44.606,40.234,40.234,0,0
LAB_MV,D,20180919,000000,39.886,40.941,39.015,39.015,0,0
LAB_MV,D,20180920,000000,39.538,39.538,39.538,39.538,0,0
LAB_MV,D,20180921,000000,39.538,39.538,39.538,39.538,0,0
LAB_MV,D,20180924,000000,39.538,39.538,39.538,39.538,0,0
LAB_MV,D,20180925,000000,39.538,39.538,37.787,37.787,0,0
LAB_MV,D,20180926,000000,37.613,37.613,37.439,37.439,0,0
LAB_MV,D,20180927,000000,37.265,37.265,36.733,36.733,0,0
LAB_MV,D,20180928,000000,36.733,36.733,36.733,36.733,0,0
LAB_MV,D,20181001,000000,35.688,35.688,34.992,34.992,0,0
LAB_MV,D,20181002,000000,35.34,35.34,34.915,35.34,0,0
LAB_MV,D,20181003,000000,35.34,35.34,35.34,35.34,0,0
LAB_MV,D,20181004,000000,35.34,35.34,34.915,35.34,0,0
LAB_MV,D,20181005,000000,35.34,35.34,35.34,35.34,0,0
LAB_MV,D,20181008,000000,35.34,35.34,35.34,35.34,0,0
LAB_MV,D,20181009,000000,35.34,35.34,35.34,35.34,0,0
LAB_MV,D,20181010,000000,34.915,34.915,34.915,34.915,0,0
LAB_MV,D,20181011,000000,34.915,34.915,34.915,34.915,0,0
LAB_MV,D,20181012,000000,34.915,35.167,34.915,35.167,0,0
LAB_MV,D,20181015,000000,34.915,36.559,34.915,36.559,0,0
LAB_MV,D,20181016,000000,36.559,36.916,36.559,36.916,0,0
LAB_MV,D,20181017,000000,36.916,36.916,35.515,36.916,0,0
LAB_MV,D,20181018,000000,34.992,35.167,34.992,35.167,0,0
LAB_MV,D,20181019,000000,35.167,36.559,35.167,36.559,0,0
LAB_MV,D,20181022,000000,36.559,36.559,34.847,34.847,0,0
LAB_MV,D,20181023,000000,34.634,35.515,34.634,35.515,0,0
LAB_MV,D,20181024,000000,36.559,36.559,36.559,36.559,0,0
LAB_MV,D,20181025,000000,36.559,36.559,35.167,35.167,0,0
LAB_MV,D,20181026,000000,35.167,35.34,35.167,35.34,0,0
LAB_MV,D,20181029,000000,35.34,35.34,34.634,34.634,0,0
LAB_MV,D,20181030,000000,36.559,36.559,35.863,35.863,0,0
LAB_MV,D,20181031,000000,36.559,36.559,35.863,36.559,0,0
LAB_MV,D,20181102,000000,36.559,36.559,35.863,35.863,0,0
LAB_MV,D,20181105,000000,36.559,36.559,34.634,36.559,0,0
LAB_MV,D,20181106,000000,36.559,36.559,35.863,35.863,0,0
LAB_MV,D,20181107,000000,36.559,38.842,36.037,38.842,0,0
LAB_MV,D,20181108,000000,38.842,42.333,38.842,42.333,0,0
LAB_MV,D,20181109,000000,44.432,47.932,44.432,47.932,0,0
LAB_MV,D,20181113,000000,47.932,47.932,47.236,47.759,0,0
LAB_MV,D,20181114,000000,47.584,47.584,46.888,46.888,0,0
LAB_MV,D,20181115,000000,45.486,47.236,45.486,47.236,0,0
LAB_MV,D,20181116,000000,48.629,48.629,48.629,48.629,0,0
LAB_MV,D,20181119,000000,48.629,52.13,47.411,52.13,0,0
LAB_MV,D,20181120,000000,52.13,52.13,48.987,48.987,0,0
LAB_MV,D,20181121,000000,48.987,50.206,48.987,49.683,0,0
LAB_MV,D,20181122,000000,49.683,49.683,48.455,48.455,0,0
LAB_MV,D,20181123,000000,46.705,48.107,46.705,48.107,0,0
LAB_MV,D,20181126,000000,46.356,47.932,46.356,46.531,0,0
LAB_MV,D,20181127,000000,48.107,48.107,47.759,47.759,0,0
LAB_MV,D,20181128,000000,48.107,48.107,48.107,48.107,0,0
LAB_MV,D,20181129,000000,46.531,46.531,46.531,46.531,0,0
LAB_MV,D,20181130,000000,48.281,48.281,45.835,47.759,0,0
LAB_MV,D,20181203,000000,47.759,47.759,46.008,47.759,0,0
LAB_MV,D,20181204,000000,47.759,47.932,47.236,47.236,0,0
LAB_MV,D,20181205,000000,48.281,48.281,46.705,46.705,0,0
LAB_MV,D,20181206,000000,48.281,48.281,48.281,48.281,0,0
LAB_MV,D,20181207,000000,48.281,48.281,48.281,48.281,0,0
LAB_MV,D,20181210,000000,48.281,48.281,46.705,46.705,0,0
LAB_MV,D,20181211,000000,48.281,48.281,48.107,48.107,0,0
LAB_MV,D,20181212,000000,48.281,48.281,48.107,48.281,0,0
LAB_MV,D,20181213,000000,48.281,48.281,48.281,48.281,0,0
LAB_MV,D,20181214,000000,48.281,48.281,48.107,48.281,0,0
LAB_MV,D,20181217,000000,48.813,48.813,45.486,45.486,0,0
LAB_MV,D,20181218,000000,45.486,45.835,45.486,45.835,0,0
LAB_MV,D,20181219,000000,45.486,45.486,44.79,44.79,0,0
LAB_MV,D,20181220,000000,44.79,44.79,44.79,44.79,0,0
LAB_MV,D,20181221,000000,44.79,44.79,44.79,44.79,0,0
LAB_MV,D,20181227,000000,44.79,44.79,44.79,44.79,0,0
LAB_MV,D,20181228,000000,44.79,45.486,44.79,45.486,0,0
LAB_MV,D,20190102,000000,45.486,45.486,45.486,45.486,0,0
LAB_MV,D,20190103,000000,45.486,45.486,45.486,45.486,0,0
LAB_MV,D,20190104,000000,45.312,45.312,45.312,45.312,0,0
LAB_MV,D,20190107,000000,45.312,45.312,45.312,45.312,0,0
LAB_MV,D,20190108,000000,45.138,45.138,45.138,45.138,0,0
LAB_MV,D,20190109,000000,45.138,45.138,45.138,45.138,0,0
LAB_MV,D,20190110,000000,45.138,45.312,44.084,44.606,0,0
LAB_MV,D,20190111,000000,44.606,44.606,44.606,44.606,0,0
LAB_MV,D,20190114,000000,44.606,44.606,44.606,44.606,0,0
LAB_MV,D,20190115,000000,44.606,44.606,44.606,44.606,0,0
LAB_MV,D,20190116,000000,44.606,44.606,44.606,44.606,0,0
LAB_MV,D,20190117,000000,44.606,44.606,44.606,44.606,0,0
LAB_MV,D,20190118,000000,44.606,44.606,44.606,44.606,0,0
LAB_MV,D,20190121,000000,44.606,44.606,44.606,44.606,0,0
LAB_MV,D,20190122,000000,44.606,44.606,44.606,44.606,0,0
LAB_MV,D,20190123,000000,44.606,44.606,44.606,44.606,0,0
LAB_MV,D,20190124,000000,44.606,44.606,43.039,43.039,0,0
LAB_MV,D,20190125,000000,44.606,44.606,44.606,44.606,0,0
LAB_MV,D,20190128,000000,44.606,44.606,44.606,44.606,0,0
LAB_MV,D,20190129,000000,43.736,43.736,43.736,43.736,0,0
LAB_MV,D,20190130,000000,43.736,43.736,43.736,43.736,0,0
LAB_MV,D,20190131,000000,43.736,43.736,43.736,43.736,0,0
LAB_MV,D,20190201,000000,44.79,44.79,42.681,42.681,0,0
LAB_MV,D,20190204,000000,45.835,45.835,41.985,43.388,0,0
LAB_MV,D,20190205,000000,43.388,43.388,43.213,43.388,0,0
LAB_MV,D,20190206,000000,43.388,43.388,43.213,43.388,0,0
LAB_MV,D,20190207,000000,43.388,43.388,43.213,43.388,0,0
LAB_MV,D,20190208,000000,43.388,43.388,43.388,43.388,0,0
LAB_MV,D,20190211,000000,43.909,43.909,43.909,43.909,0,0
LAB_MV,D,20190212,000000,43.388,43.388,41.985,43.213,0,0
LAB_MV,D,20190213,000000,43.213,43.213,43.039,43.039,0,0
LAB_MV,D,20190214,000000,43.213,43.213,43.039,43.039,0,0
LAB_MV,D,20190215,000000,43.213,43.213,41.985,41.985,0,0
LAB_MV,D,20190218,000000,42.865,42.865,42.865,42.865,0,0
LAB_MV,D,20190219,000000,42.865,42.865,42.865,42.865,0,0
LAB_MV,D,20190220,000000,43.213,43.213,42.681,42.681,0,0
LAB_MV,D,20190221,000000,42.865,42.865,42.681,42.681,0,0
LAB_MV,D,20190222,000000,42.865,42.865,42.865,42.865,0,0
LAB_MV,D,20190225,000000,42.159,42.159,42.159,42.159,0,0
LAB_MV,D,20190226,000000,42.159,42.159,42.159,42.159,0,0
LAB_MV,D,20190227,000000,42.159,42.159,42.159,42.159,0,0
LAB_MV,D,20190228,000000,42.159,42.159,42.159,42.159,0,0
LAB_MV,D,20190301,000000,42.159,42.159,40.941,40.941,0,0
LAB_MV,D,20190304,000000,41.462,41.462,40.408,40.408,0,0
LAB_MV,D,20190305,000000,40.408,40.766,40.408,40.766,0,0
LAB_MV,D,20190306,000000,41.289,41.462,41.289,41.462,0,0
LAB_MV,D,20190307,000000,41.462,41.462,41.462,41.462,0,0
LAB_MV,D,20190308,000000,41.289,41.462,41.289,41.462,0,0
LAB_MV,D,20190311,000000,41.637,41.637,40.583,41.289,0,0
LAB_MV,D,20190312,000000,41.289,41.289,41.289,41.289,0,0
LAB_MV,D,20190313,000000,41.462,41.462,41.462,41.462,0,0
LAB_MV,D,20190314,000000,41.462,41.462,41.462,41.462,0,0
LAB_MV,D,20190315,000000,41.462,41.462,41.462,41.462,0,0
LAB_MV,D,20190318,000000,41.462,41.637,41.462,41.637,0,0
LAB_MV,D,20190319,000000,41.985,41.985,40.583,40.583,0,0
LAB_MV,D,20190320,000000,41.985,41.985,41.462,41.462,0,0
LAB_MV,D,20190321,000000,41.985,41.985,41.637,41.637,0,0
LAB_MV,D,20190322,000000,41.637,41.637,41.637,41.637,0,0
LAB_MV,D,20190325,000000,41.985,41.985,41.985,41.985,0,0
LAB_MV,D,20190326,000000,41.985,41.985,41.985,41.985,0,0
LAB_MV,D,20190327,000000,41.985,41.985,41.985,41.985,0,0
LAB_MV,D,20190328,000000,41.985,41.985,41.985,41.985,0,0
LAB_MV,D,20190329,000000,42.865,42.865,40.941,40.941,0,0
LAB_MV,D,20190401,000000,42.865,42.865,42.865,42.865,0,0
LAB_MV,D,20190402,000000,43.039,43.039,41.985,41.985,0,0
LAB_MV,D,20190403,000000,42.865,42.865,42.865,42.865,0,0
LAB_MV,D,20190404,000000,42.865,42.865,42.159,42.159,0,0
LAB_MV,D,20190405,000000,42.865,42.865,42.159,42.159,0,0
LAB_MV,D,20190408,000000,43.039,43.039,42.159,42.159,0,0
LAB_MV,D,20190409,000000,42.865,42.865,42.865,42.865,0,0
LAB_MV,D,20190410,000000,42.865,42.865,42.865,42.865,0,0
LAB_MV,D,20190411,000000,42.333,42.333,42.333,42.333,0,0
LAB_MV,D,20190412,000000,42.333,42.333,42.333,42.333,0,0
LAB_MV,D,20190415,000000,41.985,41.985,40.941,40.941,0,0
LAB_MV,D,20190416,000000,40.583,41.637,40.583,41.637,0,0
LAB_MV,D,20190417,000000,41.81,41.81,41.637,41.637,0,0
LAB_MV,D,20190418,000000,41.81,41.81,39.886,39.886,0,0
LAB_MV,D,20190423,000000,41.81,41.81,41.81,41.81,0,0
LAB_MV,D,20190424,000000,40.234,40.234,39.886,39.886,0,0
LAB_MV,D,20190425,000000,39.19,39.19,39.19,39.19,0,0
LAB_MV,D,20190426,000000,40.234,40.234,38.484,38.484,0,0
LAB_MV,D,20190429,000000,40.06,40.06,40.06,40.06,0,0
LAB_MV,D,20190430,000000,39.712,39.712,39.712,39.712,0,0
LAB_MV,D,20190502,000000,39.712,39.712,39.712,39.712,0,0
LAB_MV,D,20190506,000000,39.712,39.712,39.712,39.712,0,0
LAB_MV,D,20190507,000000,39.712,39.712,39.712,39.712,0,0
LAB_MV,D,20190508,000000,39.015,39.015,39.015,39.015,0,0
LAB_MV,D,20190509,000000,39.015,39.015,39.015,39.015,0,0
LAB_MV,D,20190510,000000,39.015,39.015,39.015,39.015,0,0
LAB_MV,D,20190513,000000,39.015,39.015,39.015,39.015,0,0
LAB_MV,D,20190514,000000,39.363,39.363,39.19,39.19,0,0
LAB_MV,D,20190515,000000,39.363,39.363,39.19,39.19,0,0
LAB_MV,D,20190516,000000,39.363,39.363,39.19,39.19,0,0
LAB_MV,D,20190517,000000,39.363,39.363,39.19,39.19,0,0
LAB_MV,D,20190520,000000,39.886,39.886,38.484,38.484,0,0
LAB_MV,D,20190521,000000,39.19,39.19,39.19,39.19,0,0
LAB_MV,D,20190522,000000,38.842,38.842,38.842,38.842,0,0
LAB_MV,D,20190523,000000,38.842,38.842,38.842,38.842,0,0
LAB_MV,D,20190524,000000,38.842,38.842,38.842,38.842,0,0
LAB_MV,D,20190527,000000,38.842,38.842,38.842,38.842,0,0
LAB_MV,D,20190528,000000,38.842,38.842,37.439,37.439,0,0
LAB_MV,D,20190529,000000,37.787,37.787,37.787,37.787,0,0
LAB_MV,D,20190530,000000,38.657,38.657,38.136,38.136,0,0
LAB_MV,D,20190531,000000,37.787,37.787,36.559,36.559,0,0
LAB_MV,D,20190603,000000,37.439,37.439,35.688,36.559,0,0
LAB_MV,D,20190604,000000,36.559,36.559,35.688,36.559,0,0
LAB_MV,D,20190605,000000,36.559,36.559,36.559,36.559,0,0
LAB_MV,D,20190606,000000,35.688,36.559,35.688,36.559,0,0
LAB_MV,D,20190607,000000,37.265,37.265,36.559,36.559,0,0
LAB_MV,D,20190610,000000,36.733,36.733,36.733,36.733,0,0
LAB_MV,D,20190611,000000,37.265,37.265,37.091,37.091,0,0
LAB_MV,D,20190612,000000,36.733,36.733,36.733,36.733,0,0
LAB_MV,D,20190613,000000,36.733,36.733,36.733,36.733,0,0
LAB_MV,D,20190614,000000,36.733,36.733,36.733,36.733,0,0
LAB_MV,D,20190617,000000,36.385,37.091,36.385,37.091,0,0
LAB_MV,D,20190618,000000,37.265,37.265,37.091,37.091,0,0
LAB_MV,D,20190619,000000,37.265,37.265,37.091,37.091,0,0
LAB_MV,D,20190621,000000,37.265,37.265,37.265,37.265,0,0
LAB_MV,D,20190624,000000,36.916,37.091,36.916,37.091,0,0
LAB_MV,D,20190625,000000,36.916,36.916,36.916,36.916,0,0
LAB_MV,D,20190626,000000,37.985,37.985,37.088,37.088,0,0
LAB_MV,D,20190627,000000,37.443,37.443,37.443,37.443,0,0
LAB_MV,D,20190628,000000,37.265,37.265,37.265,37.265,0,0
LAB_MV,D,20190701,000000,37.265,37.265,37.265,37.265,0,0
LAB_MV,D,20190702,000000,37.265,37.265,37.265,37.265,0,0
LAB_MV,D,20190703,000000,37.265,37.265,37.265,37.265,0,0
LAB_MV,D,20190704,000000,37.265,37.265,37.265,37.265,0,0
LAB_MV,D,20190705,000000,37.265,37.265,37.265,37.265,0,0
LAB_MV,D,20190708,000000,37.265,37.265,37.265,37.265,0,0
LAB_MV,D,20190709,000000,37.265,37.265,37.265,37.265,0,0
LAB_MV,D,20190710,000000,37.265,37.265,37.265,37.265,0,0
LAB_MV,D,20190711,000000,37.265,37.265,37.265,37.265,0,0
LAB_MV,D,20190712,000000,37.265,37.265,37.265,37.265,0,0
LAB_MV,D,20190715,000000,37.265,37.265,37.265,37.265,0,0
LAB_MV,D,20190716,000000,37.265,37.265,37.265,37.265,0,0
LAB_MV,D,20190717,000000,37.265,37.265,37.265,37.265,0,0
LAB_MV,D,20190718,000000,37.265,37.265,37.265,37.265,0,0
LAB_MV,D,20190719,000000,37.265,37.265,37.265,37.265,0,0
LAB_MV,D,20190722,000000,37.265,37.265,37.265,37.265,0,0
LAB_MV,D,20190723,000000,37.265,37.265,37.265,37.265,0,0
LAB_MV,D,20190724,000000,37.265,37.265,37.265,37.265,0,0
LAB_MV,D,20190725,000000,37.265,37.265,37.265,37.265,0,0
LAB_MV,D,20190726,000000,37.443,37.443,37.265,37.443,0,0
LAB_MV,D,20190729,000000,37.63,37.63,37.63,37.63,0,0
LAB_MV,D,20190730,000000,37.443,37.443,37.443,37.443,0,0
LAB_MV,D,20190731,000000,37.63,37.63,37.63,37.63,0,0
LAB_MV,D,20190801,000000,37.443,37.443,37.443,37.443,0,0
LAB_MV,D,20190802,000000,37.443,37.443,37.443,37.443,0,0
LAB_MV,D,20190805,000000,37.443,37.443,37.443,37.443,0,0
LAB_MV,D,20190806,000000,37.443,37.443,37.443,37.443,0,0
LAB_MV,D,20190807,000000,36.378,36.378,36.378,36.378,0,0
LAB_MV,D,20190808,000000,37.265,37.265,37.265,37.265,0,0
LAB_MV,D,20190809,000000,37.265,37.265,37.265,37.265,0,0
LAB_MV,D,20190812,000000,37.265,37.265,36.378,36.378,0,0
LAB_MV,D,20190813,000000,37.265,37.265,36.733,36.733,0,0
LAB_MV,D,20190814,000000,37.265,37.265,36.911,36.911,0,0
LAB_MV,D,20190816,000000,36.378,36.378,35.668,35.668,0,0
LAB_MV,D,20190819,000000,35.846,35.846,35.846,35.846,0,0
LAB_MV,D,20190820,000000,35.846,35.846,34.239,34.239,0,0
LAB_MV,D,20190821,000000,34.239,34.239,34.239,34.239,0,0
LAB_MV,D,20190822,000000,34.308,34.308,34.091,34.091,0,0
LAB_MV,D,20190823,000000,35.52,35.52,35.235,35.235,0,0
LAB_MV,D,20190826,000000,35.235,35.235,35.235,35.235,0,0
LAB_MV,D,20190827,000000,35.235,35.235,35.235,35.235,0,0
LAB_MV,D,20190828,000000,35.235,35.235,35.235,35.235,0,0
LAB_MV,D,20190829,000000,35.235,35.235,35.235,35.235,0,0
LAB_MV,D,20190830,000000,35.235,35.235,35.235,35.235,0,0
LAB_MV,D,20190902,000000,35.235,35.235,35.235,35.235,0,0
LAB_MV,D,20190903,000000,35.235,35.235,35.235,35.235,0,0
LAB_MV,D,20190904,000000,35.235,35.235,35.235,35.235,0,0
LAB_MV,D,20190905,000000,35.235,35.235,35.235,35.235,0,0
LAB_MV,D,20190906,000000,35.235,35.235,35.235,35.235,0,0
LAB_MV,D,20190909,000000,35.52,35.52,35.235,35.235,0,0
LAB_MV,D,20190910,000000,35.235,35.235,35.235,35.235,0,0
LAB_MV,D,20190911,000000,35.166,35.235,35.166,35.166,0,0
LAB_MV,D,20190912,000000,35.235,35.304,35.235,35.304,0,0
LAB_MV,D,20190913,000000,35.382,35.382,35.382,35.382,0,0
LAB_MV,D,20190916,000000,35.382,35.382,35.382,35.382,0,0
LAB_MV,D,20190917,000000,35.382,35.451,35.382,35.451,0,0
LAB_MV,D,20190918,000000,35.52,35.52,35.52,35.52,0,0
LAB_MV,D,20190919,000000,35.52,35.52,35.52,35.52,0,0
LAB_MV,D,20190920,000000,35.52,35.52,35.52,35.52,0,0
LAB_MV,D,20190923,000000,35.52,35.52,35.52,35.52,0,0
LAB_MV,D,20190924,000000,35.52,35.52,35.52,35.52,0,0
LAB_MV,D,20190925,000000,35.668,35.668,35.668,35.668,0,0
LAB_MV,D,20190926,000000,35.668,35.668,35.668,35.668,0,0
LAB_MV,D,20190927,000000,35.668,35.668,35.668,35.668,0,0
LAB_MV,D,20190930,000000,35.668,35.668,35.668,35.668,0,0
LAB_MV,D,20191001,000000,35.668,35.668,35.589,35.589,0,0
LAB_MV,D,20191002,000000,35.668,35.668,35.668,35.668,0,0
LAB_MV,D,20191003,000000,35.668,35.668,35.668,35.668,0,0
LAB_MV,D,20191004,000000,35.668,35.668,35.589,35.589,0,0
LAB_MV,D,20191007,000000,35.668,35.668,35.589,35.668,0,0
LAB_MV,D,20191008,000000,35.668,35.668,35.589,35.589,0,0
LAB_MV,D,20191009,000000,35.668,35.668,35.589,35.589,0,0
LAB_MV,D,20191010,000000,35.668,35.668,35.589,35.668,0,0
LAB_MV,D,20191011,000000,35.668,35.668,35.589,35.589,0,0
LAB_MV,D,20191014,000000,35.589,35.589,35.589,35.589,0,0
LAB_MV,D,20191015,000000,35.668,35.668,35.589,35.589,0,0
LAB_MV,D,20191016,000000,35.589,35.589,34.091,34.091,0,0
LAB_MV,D,20191017,000000,34.091,35.166,34.091,35.166,0,0
LAB_MV,D,20191018,000000,34.239,34.239,34.022,34.022,0,0
LAB_MV,D,20191021,000000,34.239,34.239,34.239,34.239,0,0
LAB_MV,D,20191022,000000,34.239,34.239,34.239,34.239,0,0
LAB_MV,D,20191023,000000,34.525,34.525,34.525,34.525,0,0
LAB_MV,D,20191024,000000,34.525,34.525,34.525,34.525,0,0
LAB_MV,D,20191025,000000,34.525,34.663,34.525,34.663,0,0
LAB_MV,D,20191028,000000,34.525,34.663,34.525,34.525,0,0
LAB_MV,D,20191029,000000,34.308,34.308,34.308,34.308,0,0
LAB_MV,D,20191030,000000,34.663,34.663,34.663,34.663,0,0
LAB_MV,D,20191031,000000,34.17,34.17,33.953,34.091,0,0
LAB_MV,D,20191104,000000,33.953,33.953,33.953,33.953,0,0
LAB_MV,D,20191105,000000,33.884,34.456,33.884,34.456,0,0
LAB_MV,D,20191106,000000,34.525,34.525,34.456,34.525,0,0
LAB_MV,D,20191107,000000,34.022,34.663,34.022,34.663,0,0
LAB_MV,D,20191108,000000,34.949,34.949,34.742,34.742,0,0
LAB_MV,D,20191112,000000,34.949,34.949,34.742,34.742,0,0
LAB_MV,D,20191113,000000,34.949,34.949,34.742,34.742,0,0
LAB_MV,D,20191114,000000,34.949,34.949,34.742,34.742,0,0
LAB_MV,D,20191115,000000,34.949,34.949,34.742,34.742,0,0
LAB_MV,D,20191118,000000,34.949,34.949,34.742,34.742,0,0
LAB_MV,D,20191119,000000,34.949,34.949,34.949,34.949,0,0
LAB_MV,D,20191120,000000,35.451,35.451,34.949,34.949,0,0
LAB_MV,D,20191121,000000,35.451,35.451,34.949,34.949,0,0
LAB_MV,D,20191122,000000,35.451,35.451,35.382,35.382,0,0
LAB_MV,D,20191125,000000,35.668,35.846,35.668,35.846,0,0
LAB_MV,D,20191126,000000,36.023,36.023,35.846,35.846,0,0
LAB_MV,D,20191127,000000,36.733,36.733,35.846,35.846,0,0
LAB_MV,D,20191128,000000,36.023,36.023,35.846,35.846,0,0
LAB_MV,D,20191129,000000,36.733,36.733,35.846,35.846,0,0
LAB_MV,D,20191202,000000,36.023,36.023,36.023,36.023,0,0
LAB_MV,D,20191203,000000,36.023,36.023,36.023,36.023,0,0
LAB_MV,D,20191204,000000,36.023,36.023,35.846,35.846,0,0
LAB_MV,D,20191205,000000,36.023,36.023,35.846,35.846,0,0
LAB_MV,D,20191206,000000,36.911,36.911,35.846,35.846,0,0
LAB_MV,D,20191209,000000,36.023,36.023,35.846,36.023,0,0
LAB_MV,D,20191210,000000,36.201,39.227,36.023,39.227,0,0
LAB_MV,D,20191211,000000,39.227,39.227,39.227,39.227,0,0
LAB_MV,D,20191212,000000,39.227,39.227,38.872,38.872,0,0
LAB_MV,D,20191213,000000,39.77,39.77,39.77,39.77,0,0
LAB_MV,D,20191216,000000,39.77,39.77,39.77,39.77,0,0
LAB_MV,D,20191217,000000,39.77,39.77,39.77,39.77,0,0
LAB_MV,D,20191218,000000,39.77,39.77,39.77,39.77,0,0
LAB_MV,D,20191219,000000,39.77,39.77,39.77,39.77,0,0
LAB_MV,D,20191220,000000,39.77,39.77,39.77,39.77,0,0
LAB_MV,D,20191223,000000,39.77,39.77,39.77,39.77,0,0
LAB_MV,D,20191227,000000,39.947,39.947,39.947,39.947,0,0
LAB_MV,D,20191230,000000,39.77,39.77,39.77,39.77,0,0
LAB_MV,D,20200102,000000,39.77,39.77,39.77,39.77,0,0
LAB_MV,D,20200103,000000,39.77,39.77,39.77,39.77,0,0
LAB_MV,D,20200107,000000,39.77,39.77,39.77,39.77,0,0
LAB_MV,D,20200108,000000,39.77,39.77,39.77,39.77,0,0
LAB_MV,D,20200109,000000,39.77,39.77,39.77,39.77,0,0
LAB_MV,D,20200110,000000,39.77,39.77,39.77,39.77,0,0
LAB_MV,D,20200113,000000,39.77,39.77,39.77,39.77,0,0
LAB_MV,D,20200114,000000,39.77,39.77,39.77,39.77,0,0
LAB_MV,D,20200115,000000,39.77,39.77,39.77,39.77,0,0
LAB_MV,D,20200116,000000,39.77,39.77,39.77,39.77,0,0
LAB_MV,D,20200117,000000,39.77,39.77,37.985,37.985,0,0
LAB_MV,D,20200120,000000,37.63,37.63,37.443,37.443,0,0
LAB_MV,D,20200121,000000,38.695,38.695,38.695,38.695,0,0
LAB_MV,D,20200122,000000,38.695,38.872,38.695,38.872,0,0
LAB_MV,D,20200123,000000,38.695,38.872,38.695,38.872,0,0
LAB_MV,D,20200124,000000,38.695,38.872,38.695,38.872,0,0
LAB_MV,D,20200127,000000,38.695,38.695,38.695,38.695,0,0
LAB_MV,D,20200128,000000,38.695,38.695,37.088,37.088,0,0
LAB_MV,D,20200129,000000,37.088,38.872,37.088,38.872,0,0
LAB_MV,D,20200130,000000,38.872,38.872,38.517,38.517,0,0
LAB_MV,D,20200131,000000,38.872,38.872,38.517,38.517,0,0
LAB_MV,D,20200203,000000,38.872,38.872,38.517,38.517,0,0
LAB_MV,D,20200204,000000,39.592,39.592,38.517,38.517,0,0
LAB_MV,D,20200205,000000,39.592,39.592,38.517,38.872,0,0
LAB_MV,D,20200206,000000,39.592,39.592,38.872,38.872,0,0
LAB_MV,D,20200207,000000,39.592,39.592,38.517,38.517,0,0
LAB_MV,D,20200210,000000,38.872,38.872,38.517,38.872,0,0
LAB_MV,D,20200211,000000,38.517,38.517,38.517,38.517,0,0
LAB_MV,D,20200212,000000,38.872,38.872,38.517,38.517,0,0
LAB_MV,D,20200213,000000,39.947,39.947,38.517,38.872,0,0
LAB_MV,D,20200214,000000,38.872,38.872,38.517,38.517,0,0
LAB_MV,D,20200217,000000,38.517,38.517,38.517,38.517,0,0
LAB_MV,D,20200218,000000,38.872,38.872,38.517,38.872,0,0
LAB_MV,D,20200219,000000,38.872,38.872,38.517,38.517,0,0
LAB_MV,D,20200220,000000,39.227,39.227,38.517,38.517,0,0
LAB_MV,D,20200221,000000,38.872,38.872,38.517,38.517,0,0
LAB_MV,D,20200224,000000,38.872,38.872,38.517,38.517,0,0
LAB_MV,D,20200225,000000,38.872,38.872,38.517,38.517,0,0
LAB_MV,D,20200226,000000,38.872,38.872,38.517,38.517,0,0
LAB_MV,D,20200227,000000,38.872,38.872,38.872,38.872,0,0
LAB_MV,D,20200228,000000,38.517,38.517,38.517,38.517,0,0
LAB_MV,D,20200302,000000,39.947,39.947,38.517,38.517,0,0
LAB_MV,D,20200303,000000,38.872,38.872,38.34,38.517,0,0
LAB_MV,D,20200304,000000,38.872,38.872,38.517,38.517,0,0
LAB_MV,D,20200305,000000,38.517,38.517,38.517,38.517,0,0
LAB_MV,D,20200306,000000,39.947,39.947,38.517,38.517,0,0
LAB_MV,D,20200309,000000,37.443,37.443,37.088,37.088,0,0
LAB_MV,D,20200310,000000,38.34,38.34,38.34,38.34,0,0
LAB_MV,D,20200311,000000,38.163,38.163,38.163,38.163,0,0
LAB_MV,D,20200312,000000,36.733,36.733,36.733,36.733,0,0
LAB_MV,D,20200313,000000,37.63,37.63,37.63,37.63,0,0
LAB_MV,D,20200316,000000,39.947,39.947,39.947,39.947,0,0
LAB_MV,D,20200317,000000,39.947,39.947,39.947,39.947,0,0
LAB_MV,D,20200319,000000,37.443,39.947,35.668,35.668,0,0
LAB_MV,D,20200320,000000,36.023,36.023,35.668,36.023,0,0
LAB_MV,D,20200323,000000,36.023,36.023,36.023,36.023,0,0
LAB_MV,D,20200324,000000,35.668,35.668,35.668,35.668,0,0
LAB_MV,D,20200325,000000,35.668,35.668,35.668,35.668,0,0
LAB_MV,D,20200326,000000,35.668,35.668,35.668,35.668,0,0
LAB_MV,D,20200327,000000,35.668,35.668,35.668,35.668,0,0
LAB_MV,D,20200330,000000,35.668,35.668,35.668,35.668,0,0
LAB_MV,D,20200331,000000,35.668,35.668,35.668,35.668,0,0
LAB_MV,D,20200401,000000,35.668,35.668,35.668,35.668,0,0
LAB_MV,D,20200402,000000,35.668,35.668,35.668,35.668,0,0
LAB_MV,D,20200403,000000,35.668,35.668,35.668,35.668,0,0
LAB_MV,D,20200406,000000,35.668,35.668,35.668,35.668,0,0
LAB_MV,D,20200407,000000,35.668,35.668,35.668,35.668,0,0
LAB_MV,D,20200408,000000,35.668,35.668,35.668,35.668,0,0
LAB_MV,D,20200409,000000,35.668,35.668,35.668,35.668,0,0
LAB_MV,D,20200414,000000,35.668,35.668,35.668,35.668,0,0
LAB_MV,D,20200415,000000,35.668,35.668,35.668,35.668,0,0
LAB_MV,D,20200416,000000,35.668,35.668,35.668,35.668,0,0
LAB_MV,D,20200417,000000,35.668,35.668,35.668,35.668,0,0
LAB_MV,D,20200420,000000,35.668,35.668,35.668,35.668,0,0
LAB_MV,D,20200421,000000,35.668,35.668,35.668,35.668,0,0
LAB_MV,D,20200422,000000,35.668,35.668,35.668,35.668,0,0
LAB_MV,D,20200423,000000,35.668,35.668,35.668,35.668,0,0
LAB_MV,D,20200424,000000,35.668,35.668,35.668,35.668,0,0
LAB_MV,D,20200427,000000,36.023,36.023,35.846,35.846,0,0
LAB_MV,D,20200428,000000,36.023,36.023,35.846,35.846,0,0
LAB_MV,D,20200429,000000,36.023,36.023,34.663,34.663,0,0
LAB_MV,D,20200430,000000,36.023,36.023,35.846,36.023,0,0
LAB_MV,D,20200504,000000,36.023,36.023,36.023,36.023,0,0
LAB_MV,D,20200505,000000,36.023,36.023,35.846,35.846,0,0
LAB_MV,D,20200506,000000,36.023,36.023,35.846,35.846,0,0
LAB_MV,D,20200507,000000,36.023,36.023,36.023,36.023,0,0
LAB_MV,D,20200508,000000,36.023,36.023,35.846,35.846,0,0
LAB_MV,D,20200511,000000,35.846,36.023,35.846,36.023,0,0
LAB_MV,D,20200512,000000,36.023,36.023,36.023,36.023,0,0
LAB_MV,D,20200513,000000,36.023,36.023,36.023,36.023,0,0
LAB_MV,D,20200514,000000,36.023,36.023,36.023,36.023,0,0
LAB_MV,D,20200515,000000,36.023,36.023,36.023,36.023,0,0
LAB_MV,D,20200518,000000,36.023,36.023,35.668,35.668,0,0
LAB_MV,D,20200519,000000,35.668,35.668,35.668,35.668,0,0
LAB_MV,D,20200520,000000,35.668,35.668,35.668,35.668,0,0
LAB_MV,D,20200521,000000,35.668,35.668,35.668,35.668,0,0
LAB_MV,D,20200522,000000,35.668,36.023,35.668,36.023,0,0
LAB_MV,D,20200525,000000,36.023,36.023,36.023,36.023,0,0
LAB_MV,D,20200526,000000,36.023,36.023,36.023,36.023,0,0
LAB_MV,D,20200527,000000,36.023,36.023,35.668,35.668,0,0
LAB_MV,D,20200528,000000,36.023,36.023,36.023,36.023,0,0
LAB_MV,D,20200529,000000,36.023,36.023,36.023,36.023,0,0
LAB_MV,D,20200601,000000,36.023,36.201,36.023,36.201,0,0
LAB_MV,D,20200602,000000,36.378,36.378,36.201,36.201,0,0
LAB_MV,D,20200603,000000,36.378,36.378,36.378,36.378,0,0
LAB_MV,D,20200604,000000,36.201,36.378,36.201,36.378,0,0
LAB_MV,D,20200605,000000,36.378,36.378,36.378,36.378,0,0
LAB_MV,D,20200608,000000,36.378,36.378,36.378,36.378,0,0
LAB_MV,D,20200609,000000,36.378,36.378,34.88,34.88,0,0
LAB_MV,D,20200610,000000,35.451,35.451,35.304,35.304,0,0
LAB_MV,D,20200612,000000,35.304,35.304,35.304,35.304,0,0
LAB_MV,D,20200615,000000,35.304,35.304,35.304,35.304,0,0
LAB_MV,D,20200616,000000,35.166,35.166,35.097,35.097,0,0
LAB_MV,D,20200617,000000,35.166,35.166,35.166,35.166,0,0
LAB_MV,D,20200618,000000,35.166,35.166,35.097,35.097,0,0
LAB_MV,D,20200619,000000,35.166,35.166,35.166,35.166,0,0
LAB_MV,D,20200622,000000,35.166,35.166,35.166,35.166,0,0
LAB_MV,D,20200623,000000,34.525,34.525,34.525,34.525,0,0
LAB_MV,D,20200624,000000,35.166,35.166,35.097,35.097,0,0
LAB_MV,D,20200625,000000,35.166,35.166,35.166,35.166,0,0
LAB_MV,D,20200626,000000,35.166,35.166,35.166,35.166,0,0
LAB_MV,D,20200629,000000,35.166,35.166,35.166,35.166,0,0
LAB_MV,D,20200630,000000,35.018,35.018,34.239,34.239,0,0
LAB_MV,D,20200701,000000,34.239,34.663,33.884,34.663,0,0
LAB_MV,D,20200702,000000,34.663,34.663,34.663,34.663,0,0
LAB_MV,D,20200703,000000,34.663,34.663,34.663,34.663,0,0
LAB_MV,D,20200706,000000,34.663,34.663,34.663,34.663,0,0
LAB_MV,D,20200707,000000,34.742,34.742,34.742,34.742,0,0
LAB_MV,D,20200708,000000,35.668,35.668,35.166,35.166,0,0
LAB_MV,D,20200709,000000,35.668,35.668,35.382,35.382,0,0
LAB_MV,D,20200710,000000,35.668,35.668,35.668,35.668,0,0
LAB_MV,D,20200713,000000,35.668,35.668,34.308,35.304,0,0
LAB_MV,D,20200714,000000,35.304,35.304,34.308,35.304,0,0
LAB_MV,D,20200715,000000,35.304,35.304,35.304,35.304,0,0
LAB_MV,D,20200716,000000,35.304,35.304,35.304,35.304,0,0
LAB_MV,D,20200717,000000,36.18,36.18,36.18,36.18,0,0
LAB_MV,D,20200720,000000,36.03,36.03,36.03,36.03,0,0
LAB_MV,D,20200721,000000,36.03,36.03,36.03,36.03,0,0
LAB_MV,D,20200722,000000,36.03,36.03,36.03,36.03,0,0
LAB_MV,D,20200723,000000,36.03,36.03,35.38,35.38,0,0
LAB_MV,D,20200724,000000,36.03,36.03,35.81,35.81,0,0
LAB_MV,D,20200727,000000,35.89,36.03,35.09,35.09,0,0
LAB_MV,D,20200728,000000,35.16,35.16,34.73,34.73,0,0
LAB_MV,D,20200729,000000,35.67,35.67,34.58,35.09,0,0
LAB_MV,D,20200730,000000,35.24,35.24,35.24,35.24,0,0
LAB_MV,D,20200731,000000,35.24,35.24,35.24,35.24,0,0
LAB_MV,D,20200803,000000,35.24,35.24,35.24,35.24,0,0
LAB_MV,D,20200804,000000,35.52,35.52,35.31,35.31,0,0
LAB_MV,D,20200805,000000,35.52,35.52,35.31,35.31,0,0
LAB_MV,D,20200806,000000,35.31,35.31,35.31,35.31,0,0
LAB_MV,D,20200807,000000,35.31,35.31,35.31,35.31,0,0
LAB_MV,D,20200810,000000,35.31,35.31,35.31,35.31,0,0
LAB_MV,D,20200811,000000,35.24,35.24,35.24,35.24,0,0
LAB_MV,D,20200812,000000,35.24,35.24,35.24,35.24,0,0
LAB_MV,D,20200813,000000,35.24,35.24,35.24,35.24,0,0
LAB_MV,D,20200814,000000,35.24,35.24,35.24,35.24,0,0
LAB_MV,D,20200817,000000,35.24,35.24,35.24,35.24,0,0
LAB_MV,D,20200818,000000,35.24,35.24,35.24,35.24,0,0
LAB_MV,D,20200819,000000,35.31,35.31,35.31,35.31,0,0
LAB_MV,D,20200820,000000,35.96,35.96,35.96,35.96,0,0
LAB_MV,D,20200821,000000,35.31,35.31,35.31,35.31,0,0
LAB_MV,D,20200824,000000,35.96,35.96,35.6,35.6,0,0
LAB_MV,D,20200825,000000,35.67,35.67,35.6,35.6,0,0
LAB_MV,D,20200826,000000,35.89,35.89,35.6,35.6,0,0
LAB_MV,D,20200827,000000,35.52,35.6,35.52,35.6,0,0
LAB_MV,D,20200828,000000,35.52,35.6,35.52,35.6,0,0
LAB_MV,D,20200831,000000,35.6,35.6,35.6,35.6,0,0
LAB_MV,D,20200901,000000,35.96,35.96,34.29,34.29,0,0
LAB_MV,D,20200902,000000,35.67,35.67,35.6,35.6,0,0
LAB_MV,D,20200903,000000,35.67,35.67,35.6,35.6,0,0
LAB_MV,D,20200904,000000,35.67,35.67,34.29,34.29,0,0
LAB_MV,D,20200907,000000,35.09,35.09,35.09,35.09,0,0
LAB_MV,D,20200908,000000,35.09,35.31,35.09,35.31,0,0
LAB_MV,D,20200909,000000,35.09,35.31,35.09,35.31,0,0
LAB_MV,D,20200910,000000,35.09,35.31,35.09,35.31,0,0
LAB_MV,D,20200911,000000,35.24,35.31,35.24,35.31,0,0
LAB_MV,D,20200914,000000,35.24,35.31,35.24,35.31,0,0
LAB_MV,D,20200915,000000,35.24,35.31,35.24,35.31,0,0
LAB_MV,D,20200916,000000,35.24,35.31,35.24,35.31,0,0
LAB_MV,D,20200917,000000,35.24,35.24,35.24,35.24,0,0
LAB_MV,D,20200918,000000,35.24,36.9,35.24,36.9,0,0
LAB_MV,D,20200921,000000,36.18,36.18,36.1,36.1,0,0
LAB_MV,D,20200922,000000,36.54,36.54,34.58,34.58,0,0
LAB_MV,D,20200923,000000,35.74,35.74,35.74,35.74,0,0
LAB_MV,D,20200924,000000,35.74,35.74,34.44,34.44,0,0
LAB_MV,D,20200925,000000,34.44,34.44,34.44,34.44,0,0
LAB_MV,D,20200928,000000,35.74,35.74,35.45,35.45,0,0
LAB_MV,D,20200929,000000,35.74,35.96,35.74,35.96,0,0
LAB_MV,D,20200930,000000,35.6,35.96,35.6,35.74,0,0
LAB_MV,D,20201001,000000,35.74,35.74,35.67,35.67,0,0
LAB_MV,D,20201002,000000,35.6,35.67,35.6,35.67,0,0
LAB_MV,D,20201005,000000,35.6,35.6,35.6,35.6,0,0
LAB_MV,D,20201006,000000,35.67,35.67,35.67,35.67,0,0
LAB_MV,D,20201007,000000,35.67,35.67,35.67,35.67,0,0
LAB_MV,D,20201008,000000,35.67,36.03,35.67,36.03,0,0
LAB_MV,D,20201009,000000,36.03,36.03,34.73,36.03,0,0
LAB_MV,D,20201012,000000,36.18,36.36,36.18,36.36,0,0
LAB_MV,D,20201013,000000,36.54,36.54,36.36,36.36,0,0
LAB_MV,D,20201014,000000,36.54,36.54,36.36,36.36,0,0
LAB_MV,D,20201015,000000,36.36,36.36,36.36,36.36,0,0
LAB_MV,D,20201016,000000,36.54,36.54,36.36,36.36,0,0
