<TICKER>,<PER>,<DATE>,<TIME>,<OPEN>,<HIGH>,<LOW>,<CLOSE>,<VOL>,<OPENINT>
LKD_MV,D,20151215,000000,173.72,173.72,173.72,173.72,0,0
LKD_MV,D,20151217,000000,169.68,169.68,169.68,169.68,0,0
LKD_MV,D,20151218,000000,172.06,172.06,172.06,172.06,0,0
LKD_MV,D,20151221,000000,153.27,162.31,153.27,162.31,0,0
LKD_MV,D,20151222,000000,153.27,164.13,153.01,164.13,0,0
LKD_MV,D,20151223,000000,166.91,166.91,166.91,166.91,0,0
LKD_MV,D,20151228,000000,166.91,166.91,166.91,166.91,0,0
LKD_MV,D,20151229,000000,166.91,166.91,166.91,166.91,0,0
LKD_MV,D,20151230,000000,166.91,173.86,153.01,173.86,0,0
LKD_MV,D,20160113,000000,169.68,169.68,169.68,169.68,0,0
LKD_MV,D,20160120,000000,139.09,139.79,139.09,139.79,0,0
LKD_MV,D,20160121,000000,139.09,152.3,139.09,152.3,0,0
LKD_MV,D,20160127,000000,153.01,153.01,139.09,153.01,0,0
LKD_MV,D,20160129,000000,167.6,167.6,167.6,167.6,0,0
LKD_MV,D,20160203,000000,166.91,166.91,166.91,166.91,0,0
LKD_MV,D,20160212,000000,153.01,164.13,153.01,164.13,0,0
LKD_MV,D,20160216,000000,164.13,164.13,164.13,164.13,0,0
LKD_MV,D,20160224,000000,153.01,153.01,139.09,139.09,0,0
LKD_MV,D,20160225,000000,153.01,153.01,153.01,153.01,0,0
LKD_MV,D,20160229,000000,153.01,153.01,153.01,153.01,0,0
LKD_MV,D,20160304,000000,150.22,150.22,150.22,150.22,0,0
LKD_MV,D,20160309,000000,150.22,150.22,150.22,150.22,0,0
LKD_MV,D,20160310,000000,150.22,150.22,150.22,150.22,0,0
LKD_MV,D,20160311,000000,150.22,150.22,150.22,150.22,0,0
LKD_MV,D,20160316,000000,150.22,159.96,150.22,159.96,0,0
LKD_MV,D,20160317,000000,166.91,168.29,166.91,166.91,0,0
LKD_MV,D,20160318,000000,164.13,167.6,164.13,167.6,0,0
LKD_MV,D,20160321,000000,168.57,178.72,168.57,178.72,0,0
LKD_MV,D,20160322,000000,175.11,175.11,175.11,175.11,0,0
LKD_MV,D,20160323,000000,172.47,172.47,172.47,172.47,0,0
LKD_MV,D,20160329,000000,172.33,172.33,172.19,172.19,0,0
LKD_MV,D,20160330,000000,173.17,173.17,173.17,173.17,0,0
LKD_MV,D,20160331,000000,173.17,173.17,173.17,173.17,0,0
LKD_MV,D,20160401,000000,175.26,175.26,175.26,175.26,0,0
LKD_MV,D,20160405,000000,175.11,175.26,175.11,175.11,0,0
LKD_MV,D,20160406,000000,174.55,175.11,174.55,175.11,0,0
LKD_MV,D,20160407,000000,173.86,175.11,173.86,175.11,0,0
LKD_MV,D,20160411,000000,175.26,175.26,175.26,175.26,0,0
LKD_MV,D,20160412,000000,175.26,175.26,175.26,175.26,0,0
LKD_MV,D,20160413,000000,175.39,178.72,175.39,178.72,0,0
LKD_MV,D,20160414,000000,177.35,177.35,177.35,177.35,0,0
LKD_MV,D,20160415,000000,177.35,178.72,176.37,178.72,0,0
LKD_MV,D,20160418,000000,178.29,183.41,178.29,182.67,0,0
LKD_MV,D,20160419,000000,183.41,183.41,178.29,183.41,0,0
LKD_MV,D,20160422,000000,181.22,181.22,181.22,181.22,0,0
LKD_MV,D,20160425,000000,179.75,179.75,179.75,179.75,0,0
LKD_MV,D,20160426,000000,179.75,179.75,179.75,179.75,0,0
LKD_MV,D,20160427,000000,183.41,186.33,183.41,184.14,0,0
LKD_MV,D,20160428,000000,184.14,184.87,184.14,184.14,0,0
LKD_MV,D,20160429,000000,184.87,187.78,184.87,187.78,0,0
LKD_MV,D,20160502,000000,188.52,188.52,187.78,187.78,0,0
LKD_MV,D,20160504,000000,187.78,187.78,187.2,187.78,0,0
LKD_MV,D,20160505,000000,187.78,187.78,187.78,187.78,0,0
LKD_MV,D,20160506,000000,188.52,188.52,184.87,187.78,0,0
LKD_MV,D,20160509,000000,187.78,187.78,187.78,187.78,0,0
LKD_MV,D,20160510,000000,187.78,187.78,187.78,187.78,0,0
LKD_MV,D,20160511,000000,187.78,187.78,183.56,185.6,0,0
LKD_MV,D,20160512,000000,187.64,187.64,187.64,187.64,0,0
LKD_MV,D,20160513,000000,187.5,187.5,186.92,186.92,0,0
LKD_MV,D,20160516,000000,187.78,187.78,183.7,187.06,0,0
LKD_MV,D,20160518,000000,183.7,184.87,183.41,184.87,0,0
LKD_MV,D,20160519,000000,178.29,184.14,178.29,183.99,0,0
LKD_MV,D,20160520,000000,178.44,184.87,178.44,184.87,0,0
LKD_MV,D,20160525,000000,176.98,184.87,176.98,184.87,0,0
LKD_MV,D,20160527,000000,184.14,184.14,184.14,184.14,0,0
LKD_MV,D,20160530,000000,184.14,187.78,184.14,187.78,0,0
LKD_MV,D,20160531,000000,188.37,188.52,185.01,188.52,0,0
LKD_MV,D,20160603,000000,188.52,189.25,188.52,189.25,0,0
LKD_MV,D,20160606,000000,189.25,189.25,189.25,189.25,0,0
LKD_MV,D,20160607,000000,187.78,187.78,187.78,187.78,0,0
LKD_MV,D,20160608,000000,182.67,189.25,182.67,189.11,0,0
LKD_MV,D,20160613,000000,180.34,188.67,180.34,188.67,0,0
LKD_MV,D,20160614,000000,188.67,188.67,180.05,188.23,0,0
LKD_MV,D,20160616,000000,178.58,183.99,175.37,175.37,0,0
LKD_MV,D,20160617,000000,187.94,187.94,187.94,187.94,0,0
LKD_MV,D,20160624,000000,169.67,181.22,166.31,181.22,0,0
LKD_MV,D,20160627,000000,182.67,182.67,182.39,182.39,0,0
LKD_MV,D,20160628,000000,175.37,187.78,175.37,187.78,0,0
LKD_MV,D,20160705,000000,187.06,187.06,184.14,186.92,0,0
LKD_MV,D,20160711,000000,179.75,186.33,179.75,186.33,0,0
LKD_MV,D,20160712,000000,175.52,184.14,175.52,184.14,0,0
LKD_MV,D,20160714,000000,179.75,184.14,179.03,182.08,0,0
LKD_MV,D,20160715,000000,182.08,190.72,180.48,189.98,0,0
LKD_MV,D,20160718,000000,192.91,202.4,192.91,202.4,0,0
LKD_MV,D,20160719,000000,202.4,202.4,198.02,198.17,0,0
LKD_MV,D,20160720,000000,200.21,202.26,200.21,202.26,0,0
LKD_MV,D,20160721,000000,202.26,202.26,202.26,202.26,0,0
LKD_MV,D,20160725,000000,201.97,204.59,201.97,204.59,0,0
LKD_MV,D,20160726,000000,211.75,211.75,201.68,210.29,0,0
LKD_MV,D,20160727,000000,217.17,217.17,217.17,217.17,0,0
LKD_MV,D,20160728,000000,214.83,214.83,214.83,214.83,0,0
LKD_MV,D,20160729,000000,214.83,214.83,214.83,214.83,0,0
LKD_MV,D,20160801,000000,204.01,213.95,204.01,213.8,0,0
LKD_MV,D,20160804,000000,208.98,212.64,208.98,212.64,0,0
LKD_MV,D,20160808,000000,206.05,211.75,206.05,211.75,0,0
LKD_MV,D,20160810,000000,211.75,212.48,211.75,212.48,0,0
LKD_MV,D,20160811,000000,206.35,212.48,206.35,212.48,0,0
LKD_MV,D,20160812,000000,211.9,211.9,211.9,211.9,0,0
LKD_MV,D,20160816,000000,211.75,211.9,204.59,211.9,0,0
LKD_MV,D,20160817,000000,211.9,211.9,211.9,211.9,0,0
LKD_MV,D,20160823,000000,211.75,211.75,206.05,211.61,0,0
LKD_MV,D,20160824,000000,205.48,211.17,205.48,211.17,0,0
LKD_MV,D,20160825,000000,210.29,210.29,210.29,210.29,0,0
LKD_MV,D,20160829,000000,205.48,210.01,204.59,210.01,0,0
LKD_MV,D,20160830,000000,204.59,208.84,204.59,208.84,0,0
LKD_MV,D,20160901,000000,204.59,208.7,204.59,208.7,0,0
LKD_MV,D,20160905,000000,208.7,208.7,198.61,208.39,0,0
LKD_MV,D,20160906,000000,198.61,208.39,198.61,208.39,0,0
LKD_MV,D,20160907,000000,207.52,207.52,207.52,207.52,0,0
LKD_MV,D,20160908,000000,207.37,207.37,207.37,207.37,0,0
LKD_MV,D,20160909,000000,207.37,207.37,207.37,207.37,0,0
LKD_MV,D,20160912,000000,207.37,207.37,207.37,207.37,0,0
LKD_MV,D,20160913,000000,207.37,207.37,202.55,202.55,0,0
LKD_MV,D,20160914,000000,207.37,207.37,207.37,207.37,0,0
LKD_MV,D,20160919,000000,201.52,201.52,201.52,201.52,0,0
LKD_MV,D,20160921,000000,195.83,200.95,194.36,200.95,0,0
LKD_MV,D,20160922,000000,195.83,201.52,195.1,195.1,0,0
LKD_MV,D,20160923,000000,201.68,201.68,194.36,194.36,0,0
LKD_MV,D,20160926,000000,194.36,194.36,194.36,194.36,0,0
LKD_MV,D,20160927,000000,194.36,194.36,191.45,194.36,0,0
LKD_MV,D,20160929,000000,184.58,200.21,184.58,189.98,0,0
LKD_MV,D,20160930,000000,185.6,192.91,181.22,181.22,0,0
LKD_MV,D,20161003,000000,188.23,188.23,188.23,188.23,0,0
LKD_MV,D,20161004,000000,204.59,204.59,189.98,199.34,0,0
LKD_MV,D,20161005,000000,199.48,199.48,197.29,197.29,0,0
LKD_MV,D,20161011,000000,187.2,194.95,187.2,194.95,0,0
LKD_MV,D,20161013,000000,189.98,193.49,189.98,193.49,0,0
LKD_MV,D,20161014,000000,187.06,196.99,187.06,196.99,0,0
LKD_MV,D,20161017,000000,192.91,196.85,192.91,196.85,0,0
LKD_MV,D,20161018,000000,196.12,196.56,194.36,196.56,0,0
LKD_MV,D,20161019,000000,190.13,196.56,190.13,196.56,0,0
LKD_MV,D,20161025,000000,191.59,195.83,191.59,195.83,0,0
LKD_MV,D,20161026,000000,191.89,195.68,191.73,195.53,0,0
LKD_MV,D,20161027,000000,191.73,194.66,191.73,194.66,0,0
LKD_MV,D,20161102,000000,194.08,194.22,194.08,194.22,0,0
LKD_MV,D,20161108,000000,195.83,196.99,195.83,196.99,0,0
LKD_MV,D,20161109,000000,197.29,210.44,197.29,210.44,0,0
LKD_MV,D,20161110,000000,208.98,210.29,207.52,210.15,0,0
LKD_MV,D,20161114,000000,208.98,208.98,208.98,208.98,0,0
LKD_MV,D,20161115,000000,206.79,209.86,206.79,209.86,0,0
LKD_MV,D,20161117,000000,208.25,208.25,208.25,208.25,0,0
LKD_MV,D,20161118,000000,201.82,207.95,201.82,207.95,0,0
LKD_MV,D,20161122,000000,200.21,207.95,200.21,207.95,0,0
LKD_MV,D,20161123,000000,200.21,203.86,200.21,203.86,0,0
LKD_MV,D,20161124,000000,204.59,204.59,200.21,200.21,0,0
LKD_MV,D,20161125,000000,204.59,204.59,197.44,197.44,0,0
LKD_MV,D,20161128,000000,191.45,200.95,191.45,200.95,0,0
LKD_MV,D,20161129,000000,200.95,200.95,200.95,200.95,0,0
LKD_MV,D,20161130,000000,194.51,194.66,190.42,190.42,0,0
LKD_MV,D,20161201,000000,190.28,201.68,190.28,201.68,0,0
LKD_MV,D,20161205,000000,189.98,189.98,189.98,189.98,0,0
LKD_MV,D,20161206,000000,198.75,198.75,197.29,197.29,0,0
LKD_MV,D,20161207,000000,191.45,196.85,191.3,196.85,0,0
LKD_MV,D,20161212,000000,195.68,195.68,195.68,195.68,0,0
LKD_MV,D,20161213,000000,195.68,195.68,195.68,195.68,0,0
LKD_MV,D,20161214,000000,193.78,193.78,189.98,192.91,0,0
LKD_MV,D,20161215,000000,185.16,192.62,185.16,192.62,0,0
LKD_MV,D,20161219,000000,192.62,192.62,189.25,189.25,0,0
LKD_MV,D,20161220,000000,192.62,192.62,176.1,177.55,0,0
LKD_MV,D,20161221,000000,186.19,186.19,186.19,186.19,0,0
LKD_MV,D,20161222,000000,177.71,182.53,177.55,182.53,0,0
LKD_MV,D,20161223,000000,182.53,182.67,181.94,181.94,0,0
LKD_MV,D,20161227,000000,178.44,178.44,177.55,177.55,0,0
LKD_MV,D,20161228,000000,177.55,177.55,168.21,175.37,0,0
LKD_MV,D,20161229,000000,179.61,179.61,168.8,175.37,0,0
LKD_MV,D,20161230,000000,168.35,175.37,168.06,175.37,0,0
LKD_MV,D,20170103,000000,181.51,182.67,181.51,182.67,0,0
LKD_MV,D,20170104,000000,184.14,184.14,184.14,184.14,0,0
LKD_MV,D,20170105,000000,187.2,187.2,187.2,187.2,0,0
LKD_MV,D,20170109,000000,187.78,187.78,187.78,187.78,0,0
LKD_MV,D,20170110,000000,181.36,189.98,181.36,189.98,0,0
LKD_MV,D,20170111,000000,189.98,189.98,189.98,189.98,0,0
LKD_MV,D,20170113,000000,175.37,192.91,175.37,192.91,0,0
LKD_MV,D,20170116,000000,194.36,194.36,194.36,194.36,0,0
LKD_MV,D,20170117,000000,194.36,194.36,192.91,192.91,0,0
LKD_MV,D,20170118,000000,192.91,192.91,192.91,192.91,0,0
LKD_MV,D,20170119,000000,196.27,196.27,189.98,189.98,0,0
LKD_MV,D,20170120,000000,191.45,191.89,191.45,191.89,0,0
LKD_MV,D,20170123,000000,189.98,194.81,189.98,194.81,0,0
LKD_MV,D,20170124,000000,195.1,195.1,189.98,194.95,0,0
LKD_MV,D,20170125,000000,195.1,201.68,189.98,201.68,0,0
LKD_MV,D,20170126,000000,201.68,203.14,197.44,203.14,0,0
LKD_MV,D,20170127,000000,201.68,201.68,189.98,201.68,0,0
LKD_MV,D,20170130,000000,201.52,201.52,191.45,198.61,0,0
LKD_MV,D,20170131,000000,197.29,201.68,197.29,201.68,0,0
LKD_MV,D,20170201,000000,201.38,201.38,201.38,201.38,0,0
LKD_MV,D,20170202,000000,199.04,200.21,197.44,199.19,0,0
LKD_MV,D,20170203,000000,198.75,198.75,195.1,198.61,0,0
LKD_MV,D,20170207,000000,198.17,198.17,198.17,198.17,0,0
LKD_MV,D,20170209,000000,198.17,198.17,195.83,198.17,0,0
LKD_MV,D,20170210,000000,197.15,197.29,195.83,195.83,0,0
LKD_MV,D,20170213,000000,195.1,195.1,195.1,195.1,0,0
LKD_MV,D,20170214,000000,193.05,195.1,193.05,195.1,0,0
LKD_MV,D,20170215,000000,192.91,192.91,190.13,190.13,0,0
LKD_MV,D,20170216,000000,195.83,195.83,191.45,192.17,0,0
LKD_MV,D,20170217,000000,189.98,196.85,189.98,196.85,0,0
LKD_MV,D,20170220,000000,196.56,196.56,196.56,196.56,0,0
LKD_MV,D,20170221,000000,189.98,193.64,189.98,193.64,0,0
LKD_MV,D,20170222,000000,196.56,196.56,189.98,196.27,0,0
LKD_MV,D,20170223,000000,195.83,199.19,189.98,199.19,0,0
LKD_MV,D,20170224,000000,198.75,199.19,198.75,199.19,0,0
LKD_MV,D,20170227,000000,199.19,202.99,199.19,202.84,0,0
LKD_MV,D,20170228,000000,199.48,202.69,199.48,202.69,0,0
LKD_MV,D,20170301,000000,201.23,201.23,201.23,201.23,0,0
LKD_MV,D,20170302,000000,200.21,201.09,198.75,201.09,0,0
LKD_MV,D,20170307,000000,201.09,201.09,200.51,200.51,0,0
LKD_MV,D,20170308,000000,200.51,200.51,194.66,200.06,0,0
LKD_MV,D,20170309,000000,190.42,199.34,190.42,199.34,0,0
LKD_MV,D,20170313,000000,187.5,197.29,187.5,197.29,0,0
LKD_MV,D,20170314,000000,197.15,197.15,189.98,189.98,0,0
LKD_MV,D,20170315,000000,190.13,196.42,189.98,196.42,0,0
LKD_MV,D,20170316,000000,196.99,198.75,196.99,198.75,0,0
LKD_MV,D,20170317,000000,198.75,198.75,195.98,197.29,0,0
LKD_MV,D,20170320,000000,197.29,198.75,197.29,198.75,0,0
LKD_MV,D,20170321,000000,200.06,200.06,200.06,200.06,0,0
LKD_MV,D,20170322,000000,200.06,200.06,197.44,199.92,0,0
LKD_MV,D,20170323,000000,198.75,199.48,198.75,199.48,0,0
LKD_MV,D,20170324,000000,198.75,198.75,198.75,198.75,0,0
LKD_MV,D,20170327,000000,198.75,198.75,198.75,198.75,0,0
LKD_MV,D,20170328,000000,198.75,199.04,198.75,198.75,0,0
LKD_MV,D,20170329,000000,198.75,200.06,198.75,200.06,0,0
LKD_MV,D,20170330,000000,200.06,203.14,192.03,203.14,0,0
LKD_MV,D,20170331,000000,203.14,211.9,200.21,211.9,0,0
LKD_MV,D,20170403,000000,211.61,217.6,211.61,213.65,0,0
LKD_MV,D,20170404,000000,217.01,217.01,217.01,217.01,0,0
LKD_MV,D,20170406,000000,213.65,216.59,213.65,216.28,0,0
LKD_MV,D,20170407,000000,216.28,216.28,214.68,214.68,0,0
LKD_MV,D,20170410,000000,214.54,214.54,206.21,212.92,0,0
LKD_MV,D,20170411,000000,212.92,216,212.92,215.42,0,0
LKD_MV,D,20170412,000000,215.56,217.01,208.98,208.98,0,0
LKD_MV,D,20170413,000000,215.56,215.56,215.56,215.56,0,0
LKD_MV,D,20170418,000000,218.92,218.92,198.75,211.75,0,0
LKD_MV,D,20170419,000000,203.14,217.17,203.14,211.9,0,0
LKD_MV,D,20170420,000000,217.17,217.17,212.78,216.87,0,0
LKD_MV,D,20170421,000000,216.87,226.37,207.52,226.37,0,0
LKD_MV,D,20170424,000000,223.6,226.23,223.6,226.08,0,0
LKD_MV,D,20170425,000000,221.7,226.37,221.7,226.37,0,0
LKD_MV,D,20170426,000000,229.29,229.29,221.98,229,0,0
LKD_MV,D,20170427,000000,229,233.82,229,233.68,0,0
LKD_MV,D,20170428,000000,235.72,235.72,219.21,232.36,0,0
LKD_MV,D,20170502,000000,233.68,233.68,233.68,233.68,0,0
LKD_MV,D,20170504,000000,233.53,233.53,232.95,232.95,0,0
LKD_MV,D,20170505,000000,232.36,232.36,232.36,232.36,0,0
LKD_MV,D,20170508,000000,232.22,232.22,222.29,232.07,0,0
LKD_MV,D,20170509,000000,232.07,232.66,217.9,232.66,0,0
LKD_MV,D,20170510,000000,226.51,230.76,226.51,230.76,0,0
LKD_MV,D,20170511,000000,230.76,230.76,230.76,230.76,0,0
LKD_MV,D,20170512,000000,230.76,230.76,217.9,230.76,0,0
LKD_MV,D,20170516,000000,230.46,230.46,230.18,230.18,0,0
LKD_MV,D,20170517,000000,219.36,230.32,216.87,227.98,0,0
LKD_MV,D,20170518,000000,222.13,229.73,220.67,220.67,0,0
LKD_MV,D,20170519,000000,221.4,229.45,221.4,229.45,0,0
LKD_MV,D,20170524,000000,228.42,228.42,226.51,228.42,0,0
LKD_MV,D,20170525,000000,219.5,228.42,219.5,219.5,0,0
LKD_MV,D,20170526,000000,224.62,228.27,224.62,228.27,0,0
LKD_MV,D,20170529,000000,228.7,228.7,228.7,228.7,0,0
LKD_MV,D,20170530,000000,226.51,233.68,226.51,233.68,0,0
LKD_MV,D,20170531,000000,233.53,233.53,226.51,233.53,0,0
LKD_MV,D,20170601,000000,228.7,228.7,228.7,228.7,0,0
LKD_MV,D,20170602,000000,230.61,233.39,228.7,233.39,0,0
LKD_MV,D,20170605,000000,233.39,233.39,233.39,233.39,0,0
LKD_MV,D,20170606,000000,232.36,233.39,232.36,233.09,0,0
LKD_MV,D,20170607,000000,233.39,233.39,223.6,233.39,0,0
LKD_MV,D,20170608,000000,233.39,233.39,233.39,233.39,0,0
LKD_MV,D,20170612,000000,233.23,233.39,212.48,226.51,0,0
LKD_MV,D,20170613,000000,233.68,233.68,233.68,233.68,0,0
LKD_MV,D,20170614,000000,233.68,233.68,233.68,233.68,0,0
LKD_MV,D,20170616,000000,233.53,235.29,233.53,235.29,0,0
LKD_MV,D,20170619,000000,241.28,252.95,241.28,252.95,0,0
LKD_MV,D,20170621,000000,242.2,245.73,239.59,245.73,0,0
LKD_MV,D,20170622,000000,245.73,245.73,245.73,245.73,0,0
LKD_MV,D,20170626,000000,242.66,242.66,242.66,242.66,0,0
LKD_MV,D,20170628,000000,239.59,244.19,230.37,239.59,0,0
LKD_MV,D,20170629,000000,245.73,245.73,242.81,245.73,0,0
LKD_MV,D,20170630,000000,241.89,253.41,241.89,253.41,0,0
LKD_MV,D,20170703,000000,231.75,254.02,231.75,253.41,0,0
LKD_MV,D,20170704,000000,258.01,268.76,258.01,264,0,0
LKD_MV,D,20170705,000000,262.78,262.78,243.43,261.09,0,0
LKD_MV,D,20170706,000000,261.09,264.16,242.66,261.09,0,0
LKD_MV,D,20170707,000000,242.66,261.09,242.66,251.87,0,0
LKD_MV,D,20170711,000000,262.63,262.63,262.63,262.63,0,0
LKD_MV,D,20170712,000000,263.85,271.99,254.94,264.16,0,0
LKD_MV,D,20170713,000000,266.77,266.77,266.77,266.77,0,0
LKD_MV,D,20170717,000000,266.77,266.77,254.02,262.16,0,0
LKD_MV,D,20170718,000000,266.92,266.92,252.95,253.1,0,0
LKD_MV,D,20170719,000000,259.55,259.55,259.55,259.55,0,0
LKD_MV,D,20170720,000000,259.55,259.55,259.55,259.55,0,0
LKD_MV,D,20170721,000000,259.55,262.78,259.55,262.78,0,0
LKD_MV,D,20170724,000000,262.78,262.78,238.05,251.87,0,0
LKD_MV,D,20170725,000000,261.09,261.09,247.42,259.4,0,0
LKD_MV,D,20170726,000000,260.94,260.94,260.94,260.94,0,0
LKD_MV,D,20170731,000000,260.94,268.76,260.94,268.76,0,0
LKD_MV,D,20170801,000000,262.93,268.61,262.93,268.61,0,0
LKD_MV,D,20170802,000000,252.03,264.47,252.03,264.47,0,0
LKD_MV,D,20170807,000000,253.72,253.72,253.72,253.72,0,0
LKD_MV,D,20170809,000000,253.87,263.39,253.87,254.02,0,0
LKD_MV,D,20170810,000000,260.62,261.09,253.87,253.87,0,0
LKD_MV,D,20170811,000000,254.02,254.02,253.87,253.87,0,0
LKD_MV,D,20170814,000000,253.87,253.87,253.87,253.87,0,0
LKD_MV,D,20170816,000000,253.87,254.94,244.5,244.5,0,0
LKD_MV,D,20170817,000000,255.87,255.87,245.73,246.65,0,0
LKD_MV,D,20170818,000000,244.5,244.5,243.89,243.89,0,0
LKD_MV,D,20170821,000000,233.44,246.96,233.44,246.96,0,0
LKD_MV,D,20170822,000000,241.12,247.26,241.12,247.26,0,0
LKD_MV,D,20170823,000000,247.26,247.26,240.51,245.27,0,0
LKD_MV,D,20170824,000000,236.51,244.19,236.21,243.43,0,0
LKD_MV,D,20170825,000000,243.27,243.27,242.66,242.66,0,0
LKD_MV,D,20170828,000000,244.35,244.35,244.35,244.35,0,0
LKD_MV,D,20170829,000000,244.35,244.35,244.35,244.35,0,0
LKD_MV,D,20170830,000000,244.35,244.35,236.36,236.36,0,0
LKD_MV,D,20170831,000000,244.35,244.35,244.35,244.35,0,0
LKD_MV,D,20170901,000000,244.35,244.35,244.35,244.35,0,0
LKD_MV,D,20170904,000000,244.96,244.96,244.96,244.96,0,0
LKD_MV,D,20170905,000000,238.05,244.04,238.05,244.04,0,0
LKD_MV,D,20170906,000000,244.04,256.48,244.04,249.57,0,0
LKD_MV,D,20170907,000000,251.72,251.72,251.72,251.72,0,0
LKD_MV,D,20170908,000000,250.03,250.03,250.03,250.03,0,0
LKD_MV,D,20170911,000000,245.73,245.73,245.73,245.73,0,0
LKD_MV,D,20170912,000000,250.34,250.34,250.34,250.34,0,0
LKD_MV,D,20170913,000000,250.34,250.34,250.34,250.34,0,0
LKD_MV,D,20170914,000000,250.34,250.34,250.34,250.34,0,0
LKD_MV,D,20170915,000000,250.34,250.34,250.34,250.34,0,0
LKD_MV,D,20170918,000000,238.35,250.34,238.35,250.34,0,0
LKD_MV,D,20170920,000000,250.34,250.34,245.57,250.34,0,0
LKD_MV,D,20170921,000000,250.34,250.34,250.34,250.34,0,0
LKD_MV,D,20170922,000000,250.34,250.34,250.34,250.34,0,0
LKD_MV,D,20170926,000000,250.34,250.34,250.34,250.34,0,0
LKD_MV,D,20170927,000000,250.19,252.64,250.19,251.87,0,0
LKD_MV,D,20170928,000000,251.87,251.87,251.87,251.87,0,0
LKD_MV,D,20171003,000000,247.26,252.03,241.89,252.03,0,0
LKD_MV,D,20171005,000000,248.8,252.03,248.8,251.87,0,0
LKD_MV,D,20171006,000000,251.87,251.87,245.73,247.26,0,0
LKD_MV,D,20171009,000000,247.42,258.01,247.42,258.01,0,0
LKD_MV,D,20171010,000000,253.72,253.72,246.5,253.41,0,0
LKD_MV,D,20171011,000000,253.41,253.41,253.41,253.41,0,0
LKD_MV,D,20171012,000000,253.41,253.41,252.64,253.41,0,0
LKD_MV,D,20171013,000000,253.41,253.41,248.8,253.41,0,0
LKD_MV,D,20171016,000000,253.41,253.41,253.41,253.41,0,0
LKD_MV,D,20171017,000000,253.41,253.41,253.41,253.41,0,0
LKD_MV,D,20171018,000000,253.41,253.41,248.8,248.8,0,0
LKD_MV,D,20171019,000000,248.8,252.18,248.8,249.57,0,0
LKD_MV,D,20171023,000000,249.57,249.57,249.57,249.57,0,0
LKD_MV,D,20171024,000000,246.81,251.72,245.73,251.72,0,0
LKD_MV,D,20171025,000000,251.72,271.84,251.72,271.84,0,0
LKD_MV,D,20171026,000000,254.94,263.24,246.34,255.1,0,0
LKD_MV,D,20171027,000000,255.1,255.1,253.41,253.41,0,0
LKD_MV,D,20171030,000000,253.41,253.41,253.41,253.41,0,0
LKD_MV,D,20171031,000000,248.8,255.1,248.8,255.1,0,0
LKD_MV,D,20171103,000000,246.65,257.25,246.65,257.25,0,0
LKD_MV,D,20171106,000000,271.53,271.53,265.54,265.54,0,0
LKD_MV,D,20171107,000000,265.54,265.54,265.39,265.39,0,0
LKD_MV,D,20171108,000000,265.23,265.54,263.85,264,0,0
LKD_MV,D,20171109,000000,254.94,276.45,254.94,264,0,0
LKD_MV,D,20171110,000000,261.09,264,256.79,264,0,0
LKD_MV,D,20171113,000000,264,264,264,264,0,0
LKD_MV,D,20171114,000000,259.25,264,256.48,264,0,0
LKD_MV,D,20171115,000000,264,264,258.78,258.78,0,0
LKD_MV,D,20171116,000000,264.16,264.31,263.55,263.55,0,0
LKD_MV,D,20171120,000000,260.94,263.55,256.64,256.64,0,0
LKD_MV,D,20171121,000000,255.25,256.48,255.25,256.48,0,0
LKD_MV,D,20171122,000000,256.48,256.48,255.25,255.25,0,0
LKD_MV,D,20171123,000000,254.33,254.33,254.33,254.33,0,0
LKD_MV,D,20171124,000000,255.25,255.25,254.33,254.33,0,0
LKD_MV,D,20171127,000000,250.49,250.49,249.72,249.72,0,0
LKD_MV,D,20171128,000000,249.72,249.72,249.72,249.72,0,0
LKD_MV,D,20171129,000000,256.64,256.64,256.64,256.64,0,0
LKD_MV,D,20171130,000000,256.64,256.64,255.87,255.87,0,0
LKD_MV,D,20171201,000000,256.64,256.64,249.1,256.64,0,0
LKD_MV,D,20171204,000000,256.64,258.17,256.64,256.64,0,0
LKD_MV,D,20171205,000000,254.94,254.94,250.03,254.94,0,0
LKD_MV,D,20171206,000000,258.17,258.17,258.17,258.17,0,0
LKD_MV,D,20171207,000000,248.8,258.17,248.8,258.17,0,0
LKD_MV,D,20171208,000000,251.87,258.17,251.72,251.72,0,0
LKD_MV,D,20171211,000000,254.02,257.25,251.72,252.64,0,0
LKD_MV,D,20171213,000000,257.09,257.25,254.18,254.18,0,0
LKD_MV,D,20171214,000000,254.94,254.94,254.94,254.94,0,0
LKD_MV,D,20171215,000000,257.25,257.25,257.25,257.25,0,0
LKD_MV,D,20171218,000000,258.17,268.61,257.25,268.61,0,0
LKD_MV,D,20171219,000000,268.46,268.61,268,268,0,0
LKD_MV,D,20171220,000000,264.16,267.08,262.47,267.08,0,0
LKD_MV,D,20171222,000000,261.24,267.08,261.24,261.24,0,0
LKD_MV,D,20171227,000000,258.01,270.15,258.01,269.53,0,0
LKD_MV,D,20171228,000000,269.38,269.38,269.38,269.38,0,0
LKD_MV,D,20180103,000000,276.45,281.05,276.45,276.45,0,0
LKD_MV,D,20180104,000000,282.59,284.13,271.84,274.91,0,0
LKD_MV,D,20180105,000000,274.91,274.91,268.76,273.38,0,0
LKD_MV,D,20180108,000000,273.38,273.38,273.38,273.38,0,0
LKD_MV,D,20180109,000000,270.3,274.91,264.16,274.91,0,0
LKD_MV,D,20180110,000000,273.38,274.91,273.38,274.91,0,0
LKD_MV,D,20180111,000000,274.91,274.91,274.91,274.91,0,0
LKD_MV,D,20180112,000000,270.3,279.51,270.3,279.51,0,0
LKD_MV,D,20180115,000000,279.51,279.51,276.45,276.45,0,0
LKD_MV,D,20180117,000000,276.45,276.45,276.45,276.45,0,0
LKD_MV,D,20180119,000000,273.38,273.38,273.38,273.38,0,0
LKD_MV,D,20180122,000000,276.45,276.45,276.45,276.45,0,0
LKD_MV,D,20180123,000000,276.45,276.45,276.45,276.45,0,0
LKD_MV,D,20180124,000000,276.45,276.45,276.45,276.45,0,0
LKD_MV,D,20180125,000000,277.98,277.98,277.98,277.98,0,0
LKD_MV,D,20180126,000000,276.45,276.45,276.45,276.45,0,0
LKD_MV,D,20180129,000000,276.45,276.45,276.45,276.45,0,0
LKD_MV,D,20180131,000000,276.45,281.05,276.45,276.45,0,0
LKD_MV,D,20180201,000000,281.05,281.05,276.45,276.45,0,0
LKD_MV,D,20180202,000000,277.98,277.98,276.45,276.45,0,0
LKD_MV,D,20180205,000000,276.45,276.45,273.38,276.45,0,0
LKD_MV,D,20180206,000000,273.38,276.45,273.38,273.38,0,0
LKD_MV,D,20180207,000000,268.76,276.45,268.76,276.45,0,0
LKD_MV,D,20180208,000000,276.45,276.45,276.45,276.45,0,0
LKD_MV,D,20180209,000000,276.45,276.45,270.3,276.45,0,0
LKD_MV,D,20180212,000000,276.45,276.45,276.45,276.45,0,0
LKD_MV,D,20180214,000000,276.45,276.45,276.45,276.45,0,0
LKD_MV,D,20180215,000000,274.91,274.91,274.91,274.91,0,0
LKD_MV,D,20180216,000000,273.38,274.91,273.38,274.91,0,0
LKD_MV,D,20180219,000000,276.45,276.45,276.45,276.45,0,0
LKD_MV,D,20180220,000000,274.91,279.51,274.91,279.51,0,0
LKD_MV,D,20180221,000000,274.91,279.51,273.38,274.91,0,0
LKD_MV,D,20180222,000000,274.91,274.91,274.91,274.91,0,0
LKD_MV,D,20180223,000000,274.91,274.91,274.91,274.91,0,0
LKD_MV,D,20180227,000000,274.91,274.91,273.38,273.38,0,0
LKD_MV,D,20180228,000000,273.38,273.38,264.16,264.16,0,0
LKD_MV,D,20180301,000000,273.38,273.38,270.3,271.84,0,0
LKD_MV,D,20180302,000000,273.38,273.38,271.84,271.84,0,0
LKD_MV,D,20180305,000000,271.84,271.84,271.84,271.84,0,0
LKD_MV,D,20180306,000000,273.38,273.38,262.63,273.38,0,0
LKD_MV,D,20180307,000000,273.38,273.38,273.38,273.38,0,0
LKD_MV,D,20180308,000000,273.38,273.38,273.38,273.38,0,0
LKD_MV,D,20180309,000000,273.38,273.38,264.16,271.84,0,0
LKD_MV,D,20180315,000000,270.3,270.3,270.3,270.3,0,0
LKD_MV,D,20180316,000000,268.76,270.3,261.09,270.3,0,0
LKD_MV,D,20180319,000000,270.3,271.84,270.3,271.84,0,0
LKD_MV,D,20180320,000000,271.84,273.38,271.84,273.38,0,0
LKD_MV,D,20180321,000000,273.38,273.38,273.38,273.38,0,0
LKD_MV,D,20180322,000000,273.38,273.38,273.38,273.38,0,0
LKD_MV,D,20180323,000000,273.38,273.38,273.38,273.38,0,0
LKD_MV,D,20180326,000000,273.38,273.38,273.38,273.38,0,0
LKD_MV,D,20180327,000000,273.38,273.38,267.23,271.84,0,0
LKD_MV,D,20180328,000000,271.84,273.38,268.76,273.38,0,0
LKD_MV,D,20180329,000000,264.16,267.23,261.09,265.7,0,0
LKD_MV,D,20180403,000000,267.23,268.76,267.23,267.23,0,0
LKD_MV,D,20180404,000000,265.7,267.23,261.09,261.09,0,0
LKD_MV,D,20180405,000000,261.09,268.76,261.09,268.76,0,0
LKD_MV,D,20180406,000000,268.76,268.76,268.76,268.76,0,0
LKD_MV,D,20180409,000000,268.76,268.76,268.76,268.76,0,0
LKD_MV,D,20180410,000000,268.76,268.76,268.76,268.76,0,0
LKD_MV,D,20180411,000000,268.76,268.76,268.76,268.76,0,0
LKD_MV,D,20180412,000000,268.76,273.38,268.76,273.38,0,0
LKD_MV,D,20180413,000000,273.38,276.45,273.38,276.45,0,0
LKD_MV,D,20180416,000000,271.84,273.38,268.76,271.84,0,0
LKD_MV,D,20180418,000000,273.38,273.38,267.23,271.84,0,0
LKD_MV,D,20180419,000000,267.23,273.38,267.23,273.38,0,0
LKD_MV,D,20180420,000000,273.38,273.38,267.23,267.23,0,0
LKD_MV,D,20180423,000000,273.38,274.91,273.38,273.38,0,0
LKD_MV,D,20180424,000000,273.38,273.38,268.76,273.38,0,0
LKD_MV,D,20180425,000000,273.38,273.38,268.76,273.38,0,0
LKD_MV,D,20180426,000000,273.38,273.38,273.38,273.38,0,0
LKD_MV,D,20180427,000000,273.38,273.38,268.76,271.84,0,0
LKD_MV,D,20180430,000000,286.31,286.31,260.58,273.45,0,0
LKD_MV,D,20180502,000000,273.45,275.06,273.45,275.06,0,0
LKD_MV,D,20180504,000000,267.01,270.23,263.8,263.8,0,0
LKD_MV,D,20180507,000000,262.19,263.8,262.19,263.8,0,0
LKD_MV,D,20180508,000000,265.4,265.4,263.8,263.8,0,0
LKD_MV,D,20180509,000000,265.4,278.27,258.97,278.27,0,0
LKD_MV,D,20180510,000000,273.45,273.45,273.45,273.45,0,0
LKD_MV,D,20180511,000000,273.45,273.45,273.45,273.45,0,0
LKD_MV,D,20180514,000000,273.45,273.45,273.45,273.45,0,0
LKD_MV,D,20180515,000000,273.45,273.45,270.23,270.23,0,0
LKD_MV,D,20180516,000000,265.4,270.23,265.4,270.23,0,0
LKD_MV,D,20180517,000000,267.01,273.45,267.01,273.45,0,0
LKD_MV,D,20180518,000000,275.06,278.27,275.06,278.27,0,0
LKD_MV,D,20180521,000000,279.88,279.88,270.23,279.88,0,0
LKD_MV,D,20180522,000000,279.88,279.88,279.88,279.88,0,0
LKD_MV,D,20180523,000000,273.45,286.31,271.84,286.31,0,0
LKD_MV,D,20180524,000000,286.31,299.18,286.31,299.18,0,0
LKD_MV,D,20180525,000000,305.62,305.62,297.57,297.57,0,0
LKD_MV,D,20180528,000000,305.62,305.62,297.57,304.01,0,0
LKD_MV,D,20180529,000000,304.01,304.01,300.79,300.79,0,0
LKD_MV,D,20180530,000000,286.31,300.79,286.31,300.79,0,0
LKD_MV,D,20180604,000000,292.75,299.18,286.31,297.57,0,0
LKD_MV,D,20180605,000000,297.57,297.57,289.53,297.57,0,0
LKD_MV,D,20180606,000000,297.57,299.18,287.92,295.97,0,0
LKD_MV,D,20180607,000000,289.53,295.97,289.53,295.97,0,0
LKD_MV,D,20180608,000000,287.92,294.36,287.92,294.36,0,0
LKD_MV,D,20180611,000000,294.36,295.97,294.36,295.97,0,0
LKD_MV,D,20180612,000000,295.97,299.18,295.97,297.57,0,0
LKD_MV,D,20180613,000000,299.18,299.18,295.97,299.18,0,0
LKD_MV,D,20180614,000000,299.18,299.18,299.18,299.18,0,0
LKD_MV,D,20180615,000000,299.18,299.18,299.18,299.18,0,0
LKD_MV,D,20180618,000000,299.18,302.4,299.18,302.4,0,0
LKD_MV,D,20180619,000000,302.4,302.4,275.06,302.4,0,0
LKD_MV,D,20180620,000000,289.53,302.4,289.53,302.4,0,0
LKD_MV,D,20180621,000000,302.4,302.4,302.4,302.4,0,0
LKD_MV,D,20180622,000000,291.14,295.97,286.31,286.31,0,0
LKD_MV,D,20180625,000000,289.53,292.75,289.53,291.14,0,0
LKD_MV,D,20180626,000000,294.36,299.18,294.36,299.18,0,0
LKD_MV,D,20180627,000000,299.18,299.18,283.1,283.1,0,0
LKD_MV,D,20180628,000000,289.53,289.53,281.49,289.53,0,0
LKD_MV,D,20180629,000000,287.92,287.92,281.49,281.49,0,0
LKD_MV,D,20180702,000000,286.31,286.31,286.31,286.31,0,0
LKD_MV,D,20180703,000000,286.31,287.92,286.31,287.92,0,0
LKD_MV,D,20180705,000000,273.45,286.31,273.45,286.31,0,0
LKD_MV,D,20180706,000000,286.31,286.31,286.31,286.31,0,0
LKD_MV,D,20180709,000000,286.31,286.31,286.31,286.31,0,0
LKD_MV,D,20180710,000000,286.31,286.31,286.31,286.31,0,0
LKD_MV,D,20180712,000000,286.31,286.31,284.71,284.71,0,0
LKD_MV,D,20180713,000000,273.45,284.71,273.45,284.71,0,0
LKD_MV,D,20180716,000000,284.71,284.71,284.71,284.71,0,0
LKD_MV,D,20180717,000000,273.45,283.1,273.45,283.1,0,0
LKD_MV,D,20180718,000000,276.66,281.49,273.45,278.27,0,0
LKD_MV,D,20180719,000000,278.27,278.27,278.27,278.27,0,0
LKD_MV,D,20180720,000000,278.27,278.27,278.27,278.27,0,0
LKD_MV,D,20180723,000000,278.27,278.27,273.45,278.27,0,0
LKD_MV,D,20180724,000000,278.27,278.27,276.66,276.66,0,0
LKD_MV,D,20180725,000000,276.66,276.66,275.06,275.06,0,0
LKD_MV,D,20180726,000000,273.45,276.66,270.23,273.45,0,0
LKD_MV,D,20180727,000000,273.45,275.06,273.45,273.45,0,0
LKD_MV,D,20180730,000000,273.45,276.66,270.23,276.66,0,0
LKD_MV,D,20180731,000000,276.66,276.66,273.45,273.45,0,0
LKD_MV,D,20180801,000000,279.88,279.88,279.88,279.88,0,0
LKD_MV,D,20180802,000000,270.23,276.66,270.23,276.66,0,0
LKD_MV,D,20180806,000000,276.66,276.66,276.66,276.66,0,0
LKD_MV,D,20180808,000000,276.66,279.88,276.66,279.88,0,0
LKD_MV,D,20180813,000000,276.66,279.88,270.23,273.45,0,0
LKD_MV,D,20180817,000000,273.45,276.66,270.23,273.45,0,0
LKD_MV,D,20180820,000000,273.45,273.45,270.23,273.45,0,0
LKD_MV,D,20180821,000000,273.45,273.45,271.84,271.84,0,0
LKD_MV,D,20180822,000000,270.23,287.92,265.4,287.92,0,0
LKD_MV,D,20180823,000000,286.31,286.31,286.31,286.31,0,0
LKD_MV,D,20180824,000000,286.31,294.36,286.31,294.36,0,0
LKD_MV,D,20180827,000000,299.18,300.79,294.36,299.18,0,0
LKD_MV,D,20180828,000000,299.18,300.79,299.18,300.79,0,0
LKD_MV,D,20180829,000000,300.79,300.79,300.79,300.79,0,0
LKD_MV,D,20180831,000000,289.53,295.97,289.53,295.97,0,0
LKD_MV,D,20180903,000000,297.57,297.57,289.53,289.53,0,0
LKD_MV,D,20180905,000000,289.53,289.53,289.53,289.53,0,0
LKD_MV,D,20180906,000000,287.92,287.92,271.84,276.66,0,0
LKD_MV,D,20180907,000000,276.66,284.71,271.84,279.88,0,0
LKD_MV,D,20180910,000000,279.88,279.88,276.66,276.66,0,0
LKD_MV,D,20180911,000000,276.66,276.66,276.66,276.66,0,0
LKD_MV,D,20180912,000000,273.45,287.92,267.01,287.92,0,0
LKD_MV,D,20180914,000000,283.1,286.31,283.1,286.31,0,0
LKD_MV,D,20180925,000000,276.66,284.71,276.66,284.71,0,0
LKD_MV,D,20180926,000000,284.71,284.71,284.71,284.71,0,0
LKD_MV,D,20180927,000000,284.71,284.71,284.71,284.71,0,0
LKD_MV,D,20180928,000000,284.71,284.71,265.4,284.71,0,0
LKD_MV,D,20181001,000000,283.1,284.71,283.1,284.71,0,0
LKD_MV,D,20181002,000000,284.71,284.71,284.71,284.71,0,0
LKD_MV,D,20181008,000000,276.66,283.1,276.66,283.1,0,0
LKD_MV,D,20181009,000000,283.1,283.1,283.1,283.1,0,0
LKD_MV,D,20181010,000000,279.88,281.49,276.66,276.66,0,0
LKD_MV,D,20181011,000000,276.66,276.66,276.66,276.66,0,0
LKD_MV,D,20181012,000000,276.66,276.66,276.66,276.66,0,0
LKD_MV,D,20181017,000000,271.84,275.06,267.01,275.06,0,0
LKD_MV,D,20181018,000000,275.06,275.06,275.06,275.06,0,0
LKD_MV,D,20181019,000000,275.06,275.06,275.06,275.06,0,0
LKD_MV,D,20181022,000000,275.06,275.06,275.06,275.06,0,0
LKD_MV,D,20181023,000000,275.06,275.06,270.23,270.23,0,0
LKD_MV,D,20181024,000000,275.06,275.06,273.45,273.45,0,0
LKD_MV,D,20181025,000000,273.45,273.45,273.45,273.45,0,0
LKD_MV,D,20181026,000000,273.45,273.45,273.45,273.45,0,0
LKD_MV,D,20181029,000000,273.45,273.45,273.45,273.45,0,0
LKD_MV,D,20181030,000000,273.45,273.45,273.45,273.45,0,0
LKD_MV,D,20181031,000000,273.45,273.45,270.23,273.45,0,0
LKD_MV,D,20181105,000000,275.06,281.49,265.4,281.49,0,0
LKD_MV,D,20181106,000000,278.27,281.49,278.27,281.49,0,0
LKD_MV,D,20181107,000000,281.49,281.49,281.49,281.49,0,0
LKD_MV,D,20181108,000000,281.49,281.49,273.45,278.27,0,0
LKD_MV,D,20181109,000000,279.88,279.88,279.88,279.88,0,0
LKD_MV,D,20181113,000000,279.88,279.88,271.84,271.84,0,0
LKD_MV,D,20181114,000000,279.88,279.88,279.88,279.88,0,0
LKD_MV,D,20181115,000000,279.88,279.88,279.88,279.88,0,0
LKD_MV,D,20181116,000000,279.88,279.88,273.45,279.88,0,0
LKD_MV,D,20181119,000000,279.88,279.88,279.88,279.88,0,0
LKD_MV,D,20181120,000000,279.88,279.88,275.06,279.88,0,0
LKD_MV,D,20181121,000000,279.88,279.88,279.88,279.88,0,0
LKD_MV,D,20181122,000000,279.88,279.88,278.27,279.88,0,0
LKD_MV,D,20181123,000000,281.49,281.49,279.88,279.88,0,0
LKD_MV,D,20181126,000000,279.88,279.88,273.45,279.88,0,0
LKD_MV,D,20181127,000000,279.88,279.88,279.88,279.88,0,0
LKD_MV,D,20181128,000000,273.45,278.27,271.84,278.27,0,0
LKD_MV,D,20181129,000000,278.27,278.27,278.27,278.27,0,0
LKD_MV,D,20181130,000000,278.27,279.88,275.06,279.88,0,0
LKD_MV,D,20181203,000000,279.88,279.88,279.88,279.88,0,0
LKD_MV,D,20181204,000000,275.06,279.88,273.45,279.88,0,0
LKD_MV,D,20181205,000000,273.45,278.27,273.45,273.45,0,0
LKD_MV,D,20181206,000000,273.45,278.27,273.45,278.27,0,0
LKD_MV,D,20181207,000000,276.66,278.27,276.66,278.27,0,0
LKD_MV,D,20181210,000000,273.45,278.27,273.45,278.27,0,0
LKD_MV,D,20181211,000000,278.27,278.27,278.27,278.27,0,0
LKD_MV,D,20181212,000000,271.84,273.45,257.36,257.36,0,0
LKD_MV,D,20181213,000000,247.71,257.36,247.71,257.36,0,0
LKD_MV,D,20181214,000000,257.36,257.36,257.36,257.36,0,0
LKD_MV,D,20181217,000000,255.75,260.58,255.75,255.75,0,0
LKD_MV,D,20181218,000000,260.58,260.58,260.58,260.58,0,0
LKD_MV,D,20181219,000000,257.36,260.58,257.36,260.58,0,0
LKD_MV,D,20181221,000000,254.14,257.36,254.14,257.36,0,0
LKD_MV,D,20181227,000000,258.97,258.97,241.28,244.49,0,0
LKD_MV,D,20181228,000000,244.49,247.71,238.06,247.71,0,0
LKD_MV,D,20190102,000000,250.93,250.93,239.67,241.28,0,0
LKD_MV,D,20190103,000000,241.28,241.28,241.28,241.28,0,0
LKD_MV,D,20190104,000000,241.28,241.28,241.28,241.28,0,0
LKD_MV,D,20190107,000000,241.28,241.28,241.28,241.28,0,0
LKD_MV,D,20190108,000000,241.28,241.28,241.28,241.28,0,0
LKD_MV,D,20190109,000000,241.28,241.28,241.28,241.28,0,0
LKD_MV,D,20190110,000000,241.28,241.28,241.28,241.28,0,0
LKD_MV,D,20190111,000000,246.1,246.1,246.1,246.1,0,0
LKD_MV,D,20190114,000000,246.1,246.1,239.67,239.67,0,0
LKD_MV,D,20190115,000000,244.49,255.75,239.67,254.14,0,0
LKD_MV,D,20190116,000000,252.54,254.14,252.54,254.14,0,0
LKD_MV,D,20190117,000000,254.14,254.14,254.14,254.14,0,0
LKD_MV,D,20190121,000000,247.71,252.54,247.71,252.54,0,0
LKD_MV,D,20190122,000000,252.54,252.54,246.1,252.54,0,0
LKD_MV,D,20190123,000000,250.93,252.54,250.93,250.93,0,0
LKD_MV,D,20190124,000000,255.75,255.75,255.75,255.75,0,0
LKD_MV,D,20190125,000000,258.97,258.97,257.36,257.36,0,0
LKD_MV,D,20190128,000000,265.4,265.4,263.8,263.8,0,0
LKD_MV,D,20190129,000000,263.8,263.8,263.8,263.8,0,0
LKD_MV,D,20190130,000000,263.8,263.8,257.36,263.8,0,0
LKD_MV,D,20190131,000000,263.8,263.8,263.8,263.8,0,0
LKD_MV,D,20190201,000000,263.8,263.8,263.8,263.8,0,0
LKD_MV,D,20190204,000000,263.8,263.8,257.36,263.8,0,0
LKD_MV,D,20190205,000000,263.8,263.8,258.97,263.8,0,0
LKD_MV,D,20190206,000000,258.97,263.8,258.97,263.8,0,0
LKD_MV,D,20190207,000000,263.8,263.8,262.19,263.8,0,0
LKD_MV,D,20190208,000000,262.19,263.8,262.19,263.8,0,0
LKD_MV,D,20190211,000000,263.8,289.53,263.8,286.31,0,0
LKD_MV,D,20190212,000000,286.31,304.01,286.31,295.97,0,0
LKD_MV,D,20190213,000000,291.14,297.57,291.14,297.57,0,0
LKD_MV,D,20190214,000000,297.57,297.57,297.57,297.57,0,0
LKD_MV,D,20190215,000000,297.57,299.18,297.57,299.18,0,0
LKD_MV,D,20190218,000000,297.57,297.57,292.75,295.97,0,0
LKD_MV,D,20190219,000000,297.57,297.57,295.97,295.97,0,0
LKD_MV,D,20190220,000000,299.18,299.18,294.36,297.57,0,0
LKD_MV,D,20190221,000000,297.57,297.57,297.57,297.57,0,0
LKD_MV,D,20190222,000000,297.57,297.57,297.57,297.57,0,0
LKD_MV,D,20190225,000000,299.18,302.4,299.18,302.4,0,0
LKD_MV,D,20190226,000000,302.4,302.4,302.4,302.4,0,0
LKD_MV,D,20190227,000000,302.4,302.4,302.4,302.4,0,0
LKD_MV,D,20190228,000000,291.14,291.14,291.14,291.14,0,0
LKD_MV,D,20190301,000000,302.4,302.4,289.53,297.57,0,0
LKD_MV,D,20190304,000000,297.57,299.18,289.53,299.18,0,0
LKD_MV,D,20190305,000000,289.53,289.53,289.53,289.53,0,0
LKD_MV,D,20190306,000000,289.53,295.97,284.71,284.71,0,0
LKD_MV,D,20190307,000000,284.71,284.71,284.71,284.71,0,0
LKD_MV,D,20190308,000000,281.49,284.71,281.49,284.71,0,0
LKD_MV,D,20190311,000000,287.92,289.53,287.92,289.53,0,0
LKD_MV,D,20190313,000000,284.71,287.92,284.71,287.92,0,0
LKD_MV,D,20190315,000000,276.66,287.92,276.66,287.92,0,0
LKD_MV,D,20190319,000000,271.84,281.49,270.23,270.23,0,0
LKD_MV,D,20190320,000000,270.23,270.23,270.23,270.23,0,0
LKD_MV,D,20190321,000000,270.23,270.23,270.23,270.23,0,0
LKD_MV,D,20190322,000000,270.23,270.23,268.62,270.23,0,0
LKD_MV,D,20190325,000000,270.23,270.23,265.4,268.62,0,0
LKD_MV,D,20190326,000000,273.45,273.45,265.4,273.45,0,0
LKD_MV,D,20190327,000000,286.31,286.31,262.19,262.19,0,0
LKD_MV,D,20190328,000000,273.45,273.45,258.97,263.8,0,0
LKD_MV,D,20190329,000000,263.8,268.62,263.8,265.4,0,0
LKD_MV,D,20190401,000000,265.4,270.23,265.4,270.23,0,0
LKD_MV,D,20190402,000000,270.23,273.45,265.4,268.62,0,0
LKD_MV,D,20190403,000000,275.06,275.06,270.23,270.23,0,0
LKD_MV,D,20190404,000000,271.84,271.84,270.23,271.84,0,0
LKD_MV,D,20190405,000000,271.84,275.06,268.62,275.06,0,0
LKD_MV,D,20190408,000000,275.06,283.1,275.06,283.1,0,0
LKD_MV,D,20190409,000000,286.31,291.14,286.31,291.14,0,0
LKD_MV,D,20190410,000000,292.75,299.18,292.75,295.97,0,0
LKD_MV,D,20190411,000000,295.97,305.62,295.97,300.79,0,0
LKD_MV,D,20190412,000000,304.01,304.01,295.97,299.18,0,0
LKD_MV,D,20190415,000000,315.27,315.27,299.18,307.23,0,0
LKD_MV,D,20190416,000000,308.83,308.83,299.18,304.01,0,0
LKD_MV,D,20190417,000000,304.01,304.01,297.57,304.01,0,0
LKD_MV,D,20190418,000000,304.01,304.01,297.57,302.4,0,0
LKD_MV,D,20190423,000000,302.4,302.4,295.97,297.57,0,0
LKD_MV,D,20190424,000000,300.79,302.4,291.14,297.57,0,0
LKD_MV,D,20190425,000000,300.79,300.79,289.53,300.79,0,0
LKD_MV,D,20190426,000000,300.79,302.4,299.18,300.79,0,0
LKD_MV,D,20190429,000000,300.79,300.79,297.57,300.79,0,0
LKD_MV,D,20190430,000000,302.4,302.4,299.18,300.79,0,0
LKD_MV,D,20190502,000000,300.79,304.01,297.57,302.4,0,0
LKD_MV,D,20190506,000000,306,306,297,300.6,0,0
LKD_MV,D,20190507,000000,298.8,298.8,288,289.8,0,0
LKD_MV,D,20190508,000000,280.8,289.8,280.8,284.4,0,0
LKD_MV,D,20190509,000000,284.4,284.4,280.8,282.6,0,0
LKD_MV,D,20190510,000000,279,288,279,282.6,0,0
LKD_MV,D,20190513,000000,277.2,291.6,273.6,286.2,0,0
LKD_MV,D,20190514,000000,286.2,286.2,286.2,286.2,0,0
LKD_MV,D,20190515,000000,288,289.8,288,288,0,0
LKD_MV,D,20190516,000000,289.8,289.8,282.6,282.6,0,0
LKD_MV,D,20190517,000000,286.2,286.2,284.4,284.4,0,0
LKD_MV,D,20190520,000000,286.2,286.2,286.2,286.2,0,0
LKD_MV,D,20190521,000000,277.2,284.4,277.2,277.2,0,0
LKD_MV,D,20190522,000000,277.2,277.2,266.4,273.6,0,0
LKD_MV,D,20190523,000000,273.6,275.4,273.6,275.4,0,0
LKD_MV,D,20190524,000000,275.4,286.2,275.4,286.2,0,0
LKD_MV,D,20190527,000000,284.4,286.2,284.4,286.2,0,0
LKD_MV,D,20190528,000000,286.2,286.2,286.2,286.2,0,0
LKD_MV,D,20190529,000000,286.2,286.2,284.4,284.4,0,0
LKD_MV,D,20190530,000000,286.2,286.2,284.4,284.4,0,0
LKD_MV,D,20190531,000000,286.2,286.2,286.2,286.2,0,0
LKD_MV,D,20190603,000000,286.2,286.2,286.2,286.2,0,0
LKD_MV,D,20190604,000000,286.2,286.2,286.2,286.2,0,0
LKD_MV,D,20190605,000000,286.2,286.2,284.4,284.4,0,0
LKD_MV,D,20190606,000000,286.2,286.2,286.2,286.2,0,0
LKD_MV,D,20190607,000000,286.2,286.2,286.2,286.2,0,0
LKD_MV,D,20190610,000000,286.2,286.2,286.2,286.2,0,0
LKD_MV,D,20190611,000000,286.2,286.2,286.2,286.2,0,0
LKD_MV,D,20190612,000000,286.2,286.2,273.6,286.2,0,0
LKD_MV,D,20190613,000000,286.2,286.2,279,282.6,0,0
LKD_MV,D,20190614,000000,282.6,282.6,282.6,282.6,0,0
LKD_MV,D,20190617,000000,273.6,282.6,273.6,282.6,0,0
LKD_MV,D,20190618,000000,280.8,282.6,280.8,282.6,0,0
LKD_MV,D,20190619,000000,282.6,282.6,282.6,282.6,0,0
LKD_MV,D,20190621,000000,275.4,282.6,275.4,282.6,0,0
LKD_MV,D,20190624,000000,282.6,282.6,280.8,280.8,0,0
LKD_MV,D,20190625,000000,282.6,282.6,277.2,277.2,0,0
LKD_MV,D,20190626,000000,277.2,277.2,270,270,0,0
LKD_MV,D,20190627,000000,271.8,275.4,271.8,275.4,0,0
LKD_MV,D,20190628,000000,277.2,277.2,277.2,277.2,0,0
LKD_MV,D,20190701,000000,277.2,277.2,277.2,277.2,0,0
LKD_MV,D,20190702,000000,273.6,273.6,253.8,255.6,0,0
LKD_MV,D,20190703,000000,259.2,270,253.8,270,0,0
LKD_MV,D,20190704,000000,266.4,268.2,255.6,268.2,0,0
LKD_MV,D,20190705,000000,268.2,270,268.2,270,0,0
LKD_MV,D,20190708,000000,270,270,270,270,0,0
LKD_MV,D,20190709,000000,270,270,243,253.8,0,0
LKD_MV,D,20190710,000000,252,253.8,250.2,252,0,0
LKD_MV,D,20190711,000000,252,252,243,246.6,0,0
LKD_MV,D,20190712,000000,241.2,241.2,235.8,241.2,0,0
LKD_MV,D,20190715,000000,237.6,252,235.8,235.8,0,0
LKD_MV,D,20190716,000000,237.6,239.4,237.6,239.4,0,0
LKD_MV,D,20190717,000000,239.4,239.4,239.4,239.4,0,0
LKD_MV,D,20190718,000000,239.4,239.4,237.6,237.6,0,0
LKD_MV,D,20190719,000000,237.6,237.6,234,235.8,0,0
LKD_MV,D,20190722,000000,234,235.8,230.4,234,0,0
LKD_MV,D,20190723,000000,234,252,228.6,252,0,0
LKD_MV,D,20190724,000000,250.2,250.2,243,250.2,0,0
LKD_MV,D,20190725,000000,252,252,252,252,0,0
LKD_MV,D,20190726,000000,252,252,243,252,0,0
LKD_MV,D,20190729,000000,252,252,252,252,0,0
LKD_MV,D,20190730,000000,250.2,252,250.2,252,0,0
LKD_MV,D,20190731,000000,252,252,252,252,0,0
LKD_MV,D,20190801,000000,259.2,259.2,250.2,257.4,0,0
LKD_MV,D,20190802,000000,257.4,257.4,257.4,257.4,0,0
LKD_MV,D,20190807,000000,248.4,255.6,248.4,255.6,0,0
LKD_MV,D,20190808,000000,244.8,255.6,234,255.6,0,0
LKD_MV,D,20190809,000000,253.8,255.6,253.8,255.6,0,0
LKD_MV,D,20190812,000000,257.4,259.2,255.6,257.4,0,0
LKD_MV,D,20190813,000000,259.2,261,259.2,261,0,0
LKD_MV,D,20190814,000000,261,261,250.2,252,0,0
LKD_MV,D,20190816,000000,257.4,257.4,257.4,257.4,0,0
LKD_MV,D,20190819,000000,252,257.4,252,257.4,0,0
LKD_MV,D,20190820,000000,257.4,257.4,257.4,257.4,0,0
LKD_MV,D,20190821,000000,257.4,259.2,248.4,259.2,0,0
LKD_MV,D,20190822,000000,259.2,259.2,259.2,259.2,0,0
LKD_MV,D,20190823,000000,259.2,259.2,259.2,259.2,0,0
LKD_MV,D,20190826,000000,253.8,259.2,253.8,259.2,0,0
LKD_MV,D,20190827,000000,261,261,253.8,259.2,0,0
LKD_MV,D,20190828,000000,259.2,259.2,248.4,250.2,0,0
LKD_MV,D,20190829,000000,248.4,248.4,248.4,248.4,0,0
LKD_MV,D,20190902,000000,243,246.6,243,246.6,0,0
LKD_MV,D,20190903,000000,244.8,246.6,244.8,246.6,0,0
LKD_MV,D,20190904,000000,243,246.6,241.2,246.6,0,0
LKD_MV,D,20190905,000000,246.6,246.6,246.6,246.6,0,0
LKD_MV,D,20190906,000000,241.2,246.6,241.2,246.6,0,0
LKD_MV,D,20190909,000000,246.6,246.6,243,246.6,0,0
LKD_MV,D,20190910,000000,246.6,246.6,243,243,0,0
LKD_MV,D,20190911,000000,243,243,243,243,0,0
LKD_MV,D,20190912,000000,246.6,246.6,241.2,246.6,0,0
LKD_MV,D,20190913,000000,241.2,246.6,232.2,232.2,0,0
LKD_MV,D,20190916,000000,232.2,232.2,232.2,232.2,0,0
LKD_MV,D,20190917,000000,234,234,230.4,230.4,0,0
LKD_MV,D,20190918,000000,237.6,241.2,237.6,241.2,0,0
LKD_MV,D,20190919,000000,241.2,243,234,241.2,0,0
LKD_MV,D,20190920,000000,241.2,243,241.2,243,0,0
LKD_MV,D,20190923,000000,237.6,237.6,234,237.6,0,0
LKD_MV,D,20190924,000000,234,235.8,232.2,235.8,0,0
LKD_MV,D,20190925,000000,234,243,234,243,0,0
LKD_MV,D,20190926,000000,244.8,246.6,239.4,246.6,0,0
LKD_MV,D,20190927,000000,250.2,252,250.2,252,0,0
LKD_MV,D,20190930,000000,252,257.4,252,257.4,0,0
LKD_MV,D,20191001,000000,257.4,257.4,252,252,0,0
LKD_MV,D,20191002,000000,259.2,259.2,252,252,0,0
LKD_MV,D,20191003,000000,246.6,252,243,252,0,0
LKD_MV,D,20191004,000000,246.6,252,246.6,250.2,0,0
LKD_MV,D,20191007,000000,250.2,252,250.2,250.2,0,0
LKD_MV,D,20191008,000000,250.2,252,250.2,252,0,0
LKD_MV,D,20191009,000000,252,255.6,243,252,0,0
LKD_MV,D,20191010,000000,250.2,259.2,250.2,259.2,0,0
LKD_MV,D,20191011,000000,252,253.8,252,253.8,0,0
LKD_MV,D,20191014,000000,255.6,257.4,253.8,257.4,0,0
LKD_MV,D,20191015,000000,257.4,257.4,255.6,257.4,0,0
LKD_MV,D,20191016,000000,257.4,257.4,252,257.4,0,0
LKD_MV,D,20191017,000000,252,257.4,252,257.4,0,0
LKD_MV,D,20191018,000000,257.4,257.4,250.2,257.4,0,0
LKD_MV,D,20191021,000000,257.4,257.4,253.8,257.4,0,0
LKD_MV,D,20191022,000000,259.2,261,255.6,259.2,0,0
LKD_MV,D,20191023,000000,261,261,252,259.2,0,0
LKD_MV,D,20191024,000000,252,259.2,252,259.2,0,0
LKD_MV,D,20191025,000000,259.2,259.2,257.4,259.2,0,0
LKD_MV,D,20191028,000000,259.2,259.2,259.2,259.2,0,0
LKD_MV,D,20191029,000000,259.2,259.2,257.4,259.2,0,0
LKD_MV,D,20191030,000000,259.2,259.2,259.2,259.2,0,0
LKD_MV,D,20191031,000000,259.2,259.2,252,257.4,0,0
LKD_MV,D,20191104,000000,259.2,259.2,257.4,257.4,0,0
LKD_MV,D,20191105,000000,259.2,259.2,244.8,250.2,0,0
LKD_MV,D,20191106,000000,250.2,250.2,248.4,250.2,0,0
LKD_MV,D,20191107,000000,255.6,255.6,253.8,253.8,0,0
LKD_MV,D,20191108,000000,252,252,252,252,0,0
LKD_MV,D,20191112,000000,252,252,250.2,250.2,0,0
LKD_MV,D,20191113,000000,255.6,255.6,255.6,255.6,0,0
LKD_MV,D,20191114,000000,255.6,255.6,255.6,255.6,0,0
LKD_MV,D,20191115,000000,255.6,255.6,255.6,255.6,0,0
LKD_MV,D,20191118,000000,255.6,255.6,250.2,255.6,0,0
LKD_MV,D,20191119,000000,252,259.2,246.6,259.2,0,0
LKD_MV,D,20191120,000000,253.8,259.2,253.8,253.8,0,0
LKD_MV,D,20191121,000000,250.2,250.2,250.2,250.2,0,0
LKD_MV,D,20191122,000000,250.2,252,243,252,0,0
LKD_MV,D,20191125,000000,252,252,241.2,252,0,0
LKD_MV,D,20191127,000000,252,252,252,252,0,0
LKD_MV,D,20191128,000000,250.2,252,250.2,252,0,0
LKD_MV,D,20191129,000000,252,261,252,261,0,0
LKD_MV,D,20191202,000000,261,261,252,261,0,0
LKD_MV,D,20191203,000000,261,261,252,257.4,0,0
LKD_MV,D,20191204,000000,257.4,257.4,257.4,257.4,0,0
LKD_MV,D,20191205,000000,257.4,257.4,257.4,257.4,0,0
LKD_MV,D,20191206,000000,257.4,257.4,234,237.6,0,0
LKD_MV,D,20191209,000000,243,246.6,237.6,246.6,0,0
LKD_MV,D,20191210,000000,248.4,248.4,243,248.4,0,0
LKD_MV,D,20191211,000000,255.6,261,255.6,261,0,0
LKD_MV,D,20191212,000000,266.4,266.4,264.6,264.6,0,0
LKD_MV,D,20191213,000000,259.2,264.6,259.2,264.6,0,0
LKD_MV,D,20191216,000000,253.8,264.6,253.8,253.8,0,0
LKD_MV,D,20191217,000000,264.6,264.6,252,252,0,0
LKD_MV,D,20191218,000000,252,257.4,252,253.8,0,0
LKD_MV,D,20191219,000000,253.8,253.8,252,252,0,0
LKD_MV,D,20191220,000000,252,255.6,252,255.6,0,0
LKD_MV,D,20191223,000000,252,252,248.4,252,0,0
LKD_MV,D,20191227,000000,252,252,250.2,250.2,0,0
LKD_MV,D,20191230,000000,250.2,252,250.2,252,0,0
LKD_MV,D,20200102,000000,252,252,250.2,252,0,0
LKD_MV,D,20200103,000000,252,252,252,252,0,0
LKD_MV,D,20200107,000000,252,266.4,252,257.4,0,0
LKD_MV,D,20200108,000000,275.4,275.4,261,266.4,0,0
LKD_MV,D,20200109,000000,266.4,270,261,268.2,0,0
LKD_MV,D,20200110,000000,268.2,268.2,261,266.4,0,0
LKD_MV,D,20200113,000000,266.4,270,266.4,270,0,0
LKD_MV,D,20200114,000000,270,270,270,270,0,0
LKD_MV,D,20200115,000000,270,270,270,270,0,0
LKD_MV,D,20200116,000000,270,270,270,270,0,0
LKD_MV,D,20200117,000000,266.4,270,255.6,270,0,0
LKD_MV,D,20200120,000000,270,270,270,270,0,0
LKD_MV,D,20200121,000000,270,270,257.4,266.4,0,0
LKD_MV,D,20200122,000000,266.4,266.4,259.2,266.4,0,0
LKD_MV,D,20200123,000000,266.4,266.4,257.4,264.6,0,0
LKD_MV,D,20200124,000000,264.6,266.4,248.4,259.2,0,0
LKD_MV,D,20200127,000000,257.4,259.2,257.4,259.2,0,0
LKD_MV,D,20200128,000000,261,264.6,257.4,264.6,0,0
LKD_MV,D,20200129,000000,264.6,266.4,257.4,266.4,0,0
LKD_MV,D,20200130,000000,259.2,259.2,252,259.2,0,0
LKD_MV,D,20200131,000000,259.2,259.2,259.2,259.2,0,0
LKD_MV,D,20200203,000000,259.2,262.8,255.6,255.6,0,0
LKD_MV,D,20200204,000000,261,262.8,261,262.8,0,0
LKD_MV,D,20200205,000000,261,262.8,253.8,262.8,0,0
LKD_MV,D,20200206,000000,262.8,262.8,262.8,262.8,0,0
LKD_MV,D,20200207,000000,262.8,262.8,259.2,262.8,0,0
LKD_MV,D,20200210,000000,261,262.8,261,262.8,0,0
LKD_MV,D,20200211,000000,261,261,261,261,0,0
LKD_MV,D,20200212,000000,259.2,261,259.2,261,0,0
LKD_MV,D,20200213,000000,261,261,250.2,261,0,0
LKD_MV,D,20200214,000000,255.6,257.4,255.6,257.4,0,0
LKD_MV,D,20200217,000000,248.4,261,248.4,261,0,0
LKD_MV,D,20200218,000000,261,261,259.2,261,0,0
LKD_MV,D,20200219,000000,261,261,259.2,261,0,0
LKD_MV,D,20200220,000000,261,261,257.4,261,0,0
LKD_MV,D,20200221,000000,261,261,259.2,261,0,0
LKD_MV,D,20200224,000000,261,261,257.4,257.4,0,0
LKD_MV,D,20200225,000000,255.6,255.6,248.4,252,0,0
LKD_MV,D,20200226,000000,250.2,261,250.2,252,0,0
LKD_MV,D,20200227,000000,257.4,257.4,239.4,246.6,0,0
LKD_MV,D,20200228,000000,239.4,241.2,216,239.4,0,0
LKD_MV,D,20200302,000000,237.6,244.8,237.6,243,0,0
LKD_MV,D,20200303,000000,252,252,241.2,241.2,0,0
LKD_MV,D,20200304,000000,239.4,239.4,235.8,239.4,0,0
LKD_MV,D,20200305,000000,243,243,243,243,0,0
LKD_MV,D,20200306,000000,243,243,235.8,243,0,0
LKD_MV,D,20200309,000000,243,243,225,235.8,0,0
LKD_MV,D,20200310,000000,226.8,235.8,225,234,0,0
LKD_MV,D,20200311,000000,234,234,216,221.4,0,0
LKD_MV,D,20200312,000000,221.4,221.4,198,214.2,0,0
LKD_MV,D,20200313,000000,216,225,216,216,0,0
LKD_MV,D,20200316,000000,212.4,212.4,196.2,207,0,0
LKD_MV,D,20200317,000000,196.2,214.2,196.2,214.2,0,0
LKD_MV,D,20200318,000000,214.2,219.6,203.4,219.6,0,0
LKD_MV,D,20200319,000000,207,219.6,207,216,0,0
LKD_MV,D,20200320,000000,216,225,196.2,201.6,0,0
LKD_MV,D,20200323,000000,198,198,196.2,196.2,0,0
LKD_MV,D,20200324,000000,196.2,198,187.2,187.2,0,0
LKD_MV,D,20200325,000000,189,203.4,172.8,189,0,0
LKD_MV,D,20200326,000000,198,217.8,198,216,0,0
LKD_MV,D,20200327,000000,216,216,212.4,212.4,0,0
LKD_MV,D,20200330,000000,217.8,217.8,212.4,212.4,0,0
LKD_MV,D,20200331,000000,214.2,214.2,214.2,214.2,0,0
LKD_MV,D,20200401,000000,217.8,217.8,210.6,217.8,0,0
LKD_MV,D,20200402,000000,217.8,217.8,198,214.2,0,0
LKD_MV,D,20200403,000000,214.2,214.2,197.1,203.4,0,0
LKD_MV,D,20200406,000000,205.2,205.2,190.8,194.4,0,0
LKD_MV,D,20200407,000000,198,203.4,181.8,191.7,0,0
LKD_MV,D,20200408,000000,207.9,207.9,196.2,204.3,0,0
LKD_MV,D,20200409,000000,198,204.3,196.2,196.2,0,0
LKD_MV,D,20200414,000000,198.9,203.4,196.2,203.4,0,0
LKD_MV,D,20200415,000000,203.4,204.3,200.7,200.7,0,0
LKD_MV,D,20200416,000000,200.7,202.5,196.2,196.2,0,0
LKD_MV,D,20200417,000000,198,207.9,196.2,205.2,0,0
LKD_MV,D,20200420,000000,201.6,203.4,189,203.4,0,0
LKD_MV,D,20200421,000000,198,198,185.4,185.4,0,0
LKD_MV,D,20200422,000000,192.6,198,192.6,198,0,0
LKD_MV,D,20200423,000000,203.4,203.4,203.4,203.4,0,0
LKD_MV,D,20200427,000000,198,198,196.2,198,0,0
LKD_MV,D,20200428,000000,189,195.3,189,195.3,0,0
LKD_MV,D,20200429,000000,191.7,198,189,189,0,0
LKD_MV,D,20200430,000000,189,198,183.6,183.6,0,0
LKD_MV,D,20200504,000000,198,198,183.6,183.6,0,0
LKD_MV,D,20200505,000000,183.6,196.2,180,196.2,0,0
LKD_MV,D,20200506,000000,180,181.8,171,180,0,0
LKD_MV,D,20200507,000000,180,180,178.2,178.2,0,0
LKD_MV,D,20200508,000000,180,180,172.08,176.76,0,0
LKD_MV,D,20200511,000000,178.2,180,176.76,180,0,0
LKD_MV,D,20200512,000000,180,180,176.76,180,0,0
LKD_MV,D,20200513,000000,180,194.4,177.48,188.1,0,0
LKD_MV,D,20200514,000000,183.6,187.2,183.6,183.6,0,0
LKD_MV,D,20200515,000000,180.9,184.5,180.9,184.5,0,0
LKD_MV,D,20200518,000000,183.6,183.6,176.4,176.4,0,0
LKD_MV,D,20200519,000000,176.4,179.64,171,179.64,0,0
LKD_MV,D,20200520,000000,179.28,179.28,177.84,177.84,0,0
LKD_MV,D,20200521,000000,178.2,194.4,178.2,194.4,0,0
LKD_MV,D,20200522,000000,192.6,192.6,190.8,190.8,0,0
LKD_MV,D,20200525,000000,191.7,194.4,191.7,194.4,0,0
LKD_MV,D,20200526,000000,194.4,210.6,194.4,207,0,0
LKD_MV,D,20200527,000000,207,207,199.8,207,0,0
LKD_MV,D,20200528,000000,201.6,201.6,198,201.6,0,0
LKD_MV,D,20200529,000000,198,206.1,189,206.1,0,0
LKD_MV,D,20200601,000000,207,207,204.3,206.1,0,0
LKD_MV,D,20200602,000000,206.1,212.4,205.2,212.4,0,0
LKD_MV,D,20200603,000000,216,217.8,215.1,216,0,0
LKD_MV,D,20200604,000000,216.9,216.9,213.3,216,0,0
LKD_MV,D,20200605,000000,216,216,212.4,216,0,0
LKD_MV,D,20200608,000000,216,216,208.8,214.2,0,0
LKD_MV,D,20200609,000000,214.2,214.2,205.2,214.2,0,0
LKD_MV,D,20200610,000000,214.2,214.2,212.4,212.4,0,0
LKD_MV,D,20200612,000000,205.2,205.2,203.4,203.4,0,0
LKD_MV,D,20200615,000000,203.4,203.4,198,199.8,0,0
LKD_MV,D,20200616,000000,200.7,207,200.7,203.4,0,0
LKD_MV,D,20200617,000000,207,207,207,207,0,0
LKD_MV,D,20200618,000000,203.4,206.1,203.4,206.1,0,0
LKD_MV,D,20200619,000000,207,207,204.3,207,0,0
LKD_MV,D,20200622,000000,205.2,207,205.2,207,0,0
LKD_MV,D,20200623,000000,207,209.7,204.3,209.7,0,0
LKD_MV,D,20200624,000000,211.5,211.5,207,207,0,0
LKD_MV,D,20200625,000000,205.2,205.2,203.4,203.4,0,0
LKD_MV,D,20200629,000000,201.6,202.5,198.9,202.5,0,0
LKD_MV,D,20200630,000000,202.5,207,198,207,0,0
LKD_MV,D,20200701,000000,203.4,207,203.4,207,0,0
LKD_MV,D,20200702,000000,207,207,207,207,0,0
LKD_MV,D,20200703,000000,210.6,210.6,210.6,210.6,0,0
LKD_MV,D,20200706,000000,212.4,212.4,203.4,208.8,0,0
LKD_MV,D,20200707,000000,208.8,208.8,207,207,0,0
LKD_MV,D,20200708,000000,207,207,207,207,0,0
LKD_MV,D,20200709,000000,203.4,203.4,201.6,203.4,0,0
LKD_MV,D,20200710,000000,203.4,203.4,202.5,203.4,0,0
LKD_MV,D,20200713,000000,202.5,207,202.5,207,0,0
LKD_MV,D,20200714,000000,205.2,205.2,202.5,205.2,0,0
LKD_MV,D,20200715,000000,205.2,205.2,203.4,205.2,0,0
LKD_MV,D,20200716,000000,205.2,205.2,203.4,205.2,0,0
LKD_MV,D,20200717,000000,203.4,207.9,203.4,207,0,0
LKD_MV,D,20200720,000000,203.4,210.6,203.4,205.2,0,0
LKD_MV,D,20200721,000000,205.2,212.4,205.2,212.4,0,0
LKD_MV,D,20200722,000000,212.4,212.4,207,212.4,0,0
LKD_MV,D,20200723,000000,212.4,212.4,207.9,212.4,0,0
LKD_MV,D,20200724,000000,212.4,212.4,212.4,212.4,0,0
LKD_MV,D,20200727,000000,212.4,237.6,207.9,237.6,0,0
LKD_MV,D,20200728,000000,234.9,237.6,234.9,237.6,0,0
LKD_MV,D,20200729,000000,235.8,235.8,225.9,234,0,0
LKD_MV,D,20200730,000000,231.3,232.2,216,216,0,0
LKD_MV,D,20200731,000000,214.2,225,214.2,223.2,0,0
LKD_MV,D,20200803,000000,223.2,225,223.2,225,0,0
LKD_MV,D,20200805,000000,224.1,226.8,224.1,226.8,0,0
LKD_MV,D,20200806,000000,227.7,230.4,220.5,220.5,0,0
LKD_MV,D,20200807,000000,220.5,220.5,220.5,220.5,0,0
LKD_MV,D,20200810,000000,222.3,226.8,220.5,220.5,0,0
LKD_MV,D,20200811,000000,219.6,219.6,216,216,0,0
LKD_MV,D,20200812,000000,216,216,211.5,211.5,0,0
LKD_MV,D,20200813,000000,210.6,210.6,208.8,208.8,0,0
LKD_MV,D,20200814,000000,216,216,208.8,208.8,0,0
LKD_MV,D,20200817,000000,215.1,215.1,213.3,213.3,0,0
LKD_MV,D,20200818,000000,213.3,214.2,213.3,214.2,0,0
LKD_MV,D,20200819,000000,213.3,213.3,207.9,213.3,0,0
LKD_MV,D,20200820,000000,207.9,213.3,207,213.3,0,0
LKD_MV,D,20200821,000000,212.4,213.3,206.1,206.1,0,0
LKD_MV,D,20200824,000000,206.1,212.4,205.2,212.4,0,0
LKD_MV,D,20200825,000000,212.4,212.4,212.4,212.4,0,0
LKD_MV,D,20200826,000000,212.4,212.4,212.4,212.4,0,0
LKD_MV,D,20200827,000000,207,213.3,207,213.3,0,0
LKD_MV,D,20200828,000000,213.3,214.2,210.6,214.2,0,0
LKD_MV,D,20200831,000000,214.2,214.2,214.2,214.2,0,0
LKD_MV,D,20200901,000000,214.2,214.2,214.2,214.2,0,0
LKD_MV,D,20200902,000000,214.2,214.2,214.2,214.2,0,0
LKD_MV,D,20200903,000000,214.2,223.2,214.2,223.2,0,0
LKD_MV,D,20200904,000000,222.3,223.2,216.9,223.2,0,0
LKD_MV,D,20200907,000000,223.2,223.2,223.2,223.2,0,0
LKD_MV,D,20200908,000000,223.2,223.2,205.2,208.8,0,0
LKD_MV,D,20200909,000000,194.4,212.4,194.4,212.4,0,0
LKD_MV,D,20200910,000000,214.2,223.2,207,223.2,0,0
LKD_MV,D,20200911,000000,221.4,221.4,215.1,221.4,0,0
LKD_MV,D,20200914,000000,221.4,221.4,205.2,218.7,0,0
LKD_MV,D,20200915,000000,216,216,206.1,215.1,0,0
LKD_MV,D,20200917,000000,207,213.3,207,213.3,0,0
LKD_MV,D,20200918,000000,213.3,213.3,207,211.5,0,0
LKD_MV,D,20200921,000000,209.7,209.7,205.2,205.2,0,0
LKD_MV,D,20200922,000000,203.4,208.8,203.4,208.8,0,0
LKD_MV,D,20200923,000000,208.8,208.8,208.8,208.8,0,0
LKD_MV,D,20200924,000000,208.8,208.8,208.8,208.8,0,0
LKD_MV,D,20200925,000000,202.5,206.1,198,206.1,0,0
LKD_MV,D,20200928,000000,206.1,211.5,206.1,211.5,0,0
LKD_MV,D,20200929,000000,203.4,211.5,203.4,211.5,0,0
LKD_MV,D,20200930,000000,210.6,211.5,210.6,210.6,0,0
LKD_MV,D,20201001,000000,210.6,210.6,210.6,210.6,0,0
LKD_MV,D,20201002,000000,212.4,213.3,206.1,213.3,0,0
LKD_MV,D,20201005,000000,213.3,213.3,213.3,213.3,0,0
LKD_MV,D,20201006,000000,213.3,216,213.3,216,0,0
LKD_MV,D,20201007,000000,216,216,212.4,216,0,0
LKD_MV,D,20201008,000000,216,216,210.6,210.6,0,0
LKD_MV,D,20201009,000000,215.1,215.1,212.4,215.1,0,0
LKD_MV,D,20201012,000000,216,216,216,216,0,0
LKD_MV,D,20201013,000000,214.2,221.4,214.2,219.6,0,0
LKD_MV,D,20201014,000000,219.6,221.4,219.6,219.6,0,0
LKD_MV,D,20201015,000000,207.9,216,202.5,215.1,0,0
LKD_MV,D,20201016,000000,201.6,215.1,201.6,215.1,0,0
