<TICKER>,<PER>,<DATE>,<TIME>,<OPEN>,<HIGH>,<LOW>,<CLOSE>,<VOL>,<OPENINT>
MBR_MV,D,20100811,000000,223.99,246.6,223.99,245.32,0,0
MBR_MV,D,20100813,000000,211.2,241.06,211.2,223.99,0,0
MBR_MV,D,20100816,000000,223.99,223.99,223.99,223.99,0,0
MBR_MV,D,20100818,000000,234.66,234.66,234.66,234.66,0,0
MBR_MV,D,20100823,000000,234.66,245.32,234.66,245.32,0,0
MBR_MV,D,20100824,000000,245.32,245.32,245.32,245.32,0,0
MBR_MV,D,20100830,000000,245.32,245.32,245.32,245.32,0,0
MBR_MV,D,20100901,000000,245.32,245.53,244.25,245.32,0,0
MBR_MV,D,20100902,000000,245.32,250.65,245.32,250.65,0,0
MBR_MV,D,20100903,000000,250.65,250.65,247.45,250.44,0,0
MBR_MV,D,20100906,000000,250.65,250.65,250.44,250.44,0,0
MBR_MV,D,20100907,000000,250.44,251.72,250.44,251.72,0,0
MBR_MV,D,20100908,000000,251.72,253.22,251.72,253.22,0,0
MBR_MV,D,20100909,000000,253.22,254.92,253.22,254.92,0,0
MBR_MV,D,20100910,000000,254.92,254.92,254.92,254.92,0,0
MBR_MV,D,20100913,000000,255.98,255.98,255.98,255.98,0,0
MBR_MV,D,20100914,000000,255.98,266.65,255.98,266.65,0,0
MBR_MV,D,20100915,000000,275.83,275.83,275.83,275.83,0,0
MBR_MV,D,20100916,000000,276.26,276.26,276.26,276.26,0,0
MBR_MV,D,20100920,000000,275.18,275.18,275.18,275.18,0,0
MBR_MV,D,20100922,000000,274.12,274.12,271.99,271.99,0,0
MBR_MV,D,20100923,000000,271.99,271.99,271.99,271.99,0,0
MBR_MV,D,20100924,000000,266.65,268.78,264.52,266.65,0,0
MBR_MV,D,20100927,000000,275.18,275.18,275.18,275.18,0,0
MBR_MV,D,20100928,000000,270.92,277.11,270.92,277.11,0,0
MBR_MV,D,20100929,000000,275.18,275.18,273.05,275.18,0,0
MBR_MV,D,20100930,000000,277.32,277.32,275.18,277.32,0,0
MBR_MV,D,20101001,000000,277.95,277.95,277.75,277.95,0,0
MBR_MV,D,20101004,000000,277.95,277.95,277.95,277.95,0,0
MBR_MV,D,20101005,000000,274.12,274.12,274.12,274.12,0,0
MBR_MV,D,20101006,000000,278.18,280.51,278.18,280.51,0,0
MBR_MV,D,20101007,000000,281.16,281.59,280.51,280.51,0,0
MBR_MV,D,20101008,000000,268.78,280.74,266.65,280.74,0,0
MBR_MV,D,20101011,000000,282.43,283.93,279.45,283.93,0,0
MBR_MV,D,20101012,000000,284.78,286.27,284.78,286.27,0,0
MBR_MV,D,20101013,000000,289.48,296.94,289.48,296.31,0,0
MBR_MV,D,20101014,000000,296.51,298.43,288.42,296.94,0,0
MBR_MV,D,20101015,000000,297.57,298.43,297.57,298.43,0,0
MBR_MV,D,20101018,000000,287.99,297.57,285.85,287.99,0,0
MBR_MV,D,20101019,000000,287.99,287.99,286.06,287.99,0,0
MBR_MV,D,20101020,000000,283.72,287.99,277.32,287.99,0,0
MBR_MV,D,20101021,000000,287.99,292.04,287.99,292.04,0,0
MBR_MV,D,20101022,000000,287.99,287.99,287.99,287.99,0,0
MBR_MV,D,20101025,000000,296.51,296.51,292.25,292.25,0,0
MBR_MV,D,20101026,000000,296.08,296.08,296.08,296.08,0,0
MBR_MV,D,20101027,000000,296.51,296.51,287.99,287.99,0,0
MBR_MV,D,20101028,000000,296.51,296.51,296.51,296.51,0,0
MBR_MV,D,20101029,000000,293.32,293.32,283.72,293.32,0,0
MBR_MV,D,20101102,000000,287.99,292.25,287.99,292.25,0,0
MBR_MV,D,20101103,000000,287.99,292.25,283.72,291.83,0,0
MBR_MV,D,20101104,000000,281.59,293.1,281.59,293.1,0,0
MBR_MV,D,20101105,000000,287.99,293.1,286.91,293.1,0,0
MBR_MV,D,20101108,000000,293.21,296.08,285.85,296.08,0,0
MBR_MV,D,20101109,000000,296.08,296.08,296.08,296.08,0,0
MBR_MV,D,20101110,000000,295.33,296.31,287.99,296.31,0,0
MBR_MV,D,20101112,000000,296.08,296.51,287.99,296.51,0,0
MBR_MV,D,20101115,000000,296.51,296.51,296.51,296.51,0,0
MBR_MV,D,20101116,000000,296.51,296.51,296.51,296.51,0,0
MBR_MV,D,20101117,000000,296.51,296.51,296.51,296.51,0,0
MBR_MV,D,20101118,000000,301.64,302.6,301.64,302.6,0,0
MBR_MV,D,20101119,000000,300.79,301.85,300.79,301.85,0,0
MBR_MV,D,20101123,000000,298.65,311.45,298.65,311.45,0,0
MBR_MV,D,20101124,000000,319.67,319.98,319.67,319.98,0,0
MBR_MV,D,20101125,000000,345.57,345.57,345.57,345.57,0,0
MBR_MV,D,20101126,000000,343.44,345.57,343.44,345.57,0,0
MBR_MV,D,20101129,000000,345.57,345.57,345.57,345.57,0,0
MBR_MV,D,20101130,000000,345.37,356.25,345.37,345.57,0,0
MBR_MV,D,20101201,000000,345.57,345.57,345.57,345.57,0,0
MBR_MV,D,20101202,000000,345.57,345.57,345.57,345.57,0,0
MBR_MV,D,20101203,000000,345.57,345.57,345.57,345.57,0,0
MBR_MV,D,20101207,000000,345.57,345.57,345.57,345.57,0,0
MBR_MV,D,20101208,000000,345.57,345.57,345.57,345.57,0,0
MBR_MV,D,20101209,000000,341.1,341.32,341.1,341.32,0,0
MBR_MV,D,20101213,000000,319.98,341.1,319.98,341.1,0,0
MBR_MV,D,20101214,000000,294.38,341,294.38,341,0,0
MBR_MV,D,20101216,000000,339.08,339.08,339.08,339.08,0,0
MBR_MV,D,20101217,000000,339.08,339.08,339.08,339.08,0,0
MBR_MV,D,20101220,000000,338.97,338.97,338.97,338.97,0,0
MBR_MV,D,20101221,000000,338.97,338.97,338.97,338.97,0,0
MBR_MV,D,20101222,000000,338.75,338.75,296.54,338.75,0,0
MBR_MV,D,20101223,000000,338.75,338.75,296.51,337.05,0,0
MBR_MV,D,20101227,000000,319.98,336.94,319.98,336.94,0,0
MBR_MV,D,20101228,000000,337.05,337.05,296.54,333.74,0,0
MBR_MV,D,20101229,000000,332.79,333.63,332.79,333.63,0,0
MBR_MV,D,20101230,000000,330.65,330.65,330.65,330.65,0,0
MBR_MV,D,20101231,000000,330.65,330.65,330.65,330.65,0,0
MBR_MV,D,20110103,000000,315.71,330.65,315.71,330.65,0,0
MBR_MV,D,20110104,000000,330.65,330.65,330.65,330.65,0,0
MBR_MV,D,20110105,000000,330.65,330.65,330.65,330.65,0,0
MBR_MV,D,20110107,000000,319.98,328.51,319.98,328.51,0,0
MBR_MV,D,20110110,000000,319.98,319.98,319.98,319.98,0,0
MBR_MV,D,20110111,000000,319.98,319.98,319.98,319.98,0,0
MBR_MV,D,20110112,000000,317.86,317.86,317.86,317.86,0,0
MBR_MV,D,20110113,000000,292.25,309.1,292.25,308.04,0,0
MBR_MV,D,20110114,000000,307.19,307.19,307.19,307.19,0,0
MBR_MV,D,20110118,000000,306.12,306.12,306.12,306.12,0,0
MBR_MV,D,20110119,000000,307.19,307.19,292.25,298.65,0,0
MBR_MV,D,20110121,000000,277.32,297.57,277.32,296.51,0,0
MBR_MV,D,20110124,000000,296.51,296.51,277.32,296.08,0,0
MBR_MV,D,20110126,000000,295.45,295.45,295.45,295.45,0,0
MBR_MV,D,20110127,000000,295.45,295.45,295.45,295.45,0,0
MBR_MV,D,20110128,000000,295.45,295.45,295.45,295.45,0,0
MBR_MV,D,20110131,000000,278.38,290.12,255.98,290.12,0,0
MBR_MV,D,20110201,000000,266.65,277.32,255.98,273.05,0,0
MBR_MV,D,20110202,000000,268.78,277.32,268.78,277.32,0,0
MBR_MV,D,20110203,000000,266.65,270.92,255.98,270.92,0,0
MBR_MV,D,20110204,000000,256.4,270.92,255.98,270.92,0,0
MBR_MV,D,20110210,000000,270.92,270.92,270.92,270.92,0,0
MBR_MV,D,20110215,000000,268.78,275.18,268.78,275.18,0,0
MBR_MV,D,20110216,000000,271.99,271.99,271.99,271.99,0,0
MBR_MV,D,20110218,000000,268.78,268.78,268.78,268.78,0,0
MBR_MV,D,20110221,000000,268.78,271.99,268.78,271.99,0,0
MBR_MV,D,20110222,000000,271.99,275.18,271.99,275.18,0,0
MBR_MV,D,20110223,000000,277.32,277.32,277.32,277.32,0,0
MBR_MV,D,20110224,000000,277.32,277.32,277.32,277.32,0,0
MBR_MV,D,20110225,000000,277.32,285.85,277.32,285.85,0,0
MBR_MV,D,20110228,000000,285.85,285.85,285.85,285.85,0,0
MBR_MV,D,20110301,000000,285.85,292.25,285.85,292.04,0,0
MBR_MV,D,20110304,000000,292.04,292.04,292.04,292.04,0,0
MBR_MV,D,20110308,000000,292.04,292.04,292.04,292.04,0,0
MBR_MV,D,20110310,000000,290.12,290.12,290.12,290.12,0,0
MBR_MV,D,20110311,000000,289.05,289.05,289.05,289.05,0,0
MBR_MV,D,20110315,000000,285.85,285.85,285.85,285.85,0,0
MBR_MV,D,20110316,000000,290.12,290.12,276.26,287.99,0,0
MBR_MV,D,20110317,000000,287.99,287.99,287.99,287.99,0,0
MBR_MV,D,20110318,000000,287.99,287.99,287.99,287.99,0,0
MBR_MV,D,20110321,000000,287.99,290.12,287.99,290.12,0,0
MBR_MV,D,20110322,000000,290.12,290.12,290.12,290.12,0,0
MBR_MV,D,20110324,000000,290.12,291.19,290.12,291.19,0,0
MBR_MV,D,20110325,000000,290.97,291.19,290.97,291.19,0,0
MBR_MV,D,20110328,000000,290.12,290.12,290.12,290.12,0,0
MBR_MV,D,20110329,000000,285.85,285.85,285.85,285.85,0,0
MBR_MV,D,20110331,000000,287.99,287.99,287.99,287.99,0,0
MBR_MV,D,20110408,000000,277.32,287.99,277.32,287.99,0,0
MBR_MV,D,20110411,000000,287.99,287.99,287.99,287.99,0,0
MBR_MV,D,20110412,000000,285.85,285.85,285.85,285.85,0,0
MBR_MV,D,20110413,000000,285.85,285.85,285.85,285.85,0,0
MBR_MV,D,20110414,000000,266.65,285.85,266.65,285.85,0,0
MBR_MV,D,20110415,000000,285.85,285.85,285.85,285.85,0,0
MBR_MV,D,20110418,000000,285.85,285.85,285.85,285.85,0,0
MBR_MV,D,20110419,000000,266.65,285.85,266.65,285.85,0,0
MBR_MV,D,20110420,000000,264.52,287.99,264.52,287.99,0,0
MBR_MV,D,20110421,000000,277.32,285.85,277.32,285.85,0,0
MBR_MV,D,20110427,000000,264.52,281.59,260.25,281.59,0,0
MBR_MV,D,20110428,000000,279.45,279.45,279.45,279.45,0,0
MBR_MV,D,20110429,000000,264.52,285.85,258.13,285.85,0,0
MBR_MV,D,20110502,000000,283.72,285.82,263.56,285.82,0,0
MBR_MV,D,20110505,000000,265.59,276.04,265.59,276.04,0,0
MBR_MV,D,20110506,000000,263.45,277.32,262.38,277.32,0,0
MBR_MV,D,20110509,000000,264.52,274.96,263.67,274.96,0,0
MBR_MV,D,20110510,000000,273.05,273.05,273.05,273.05,0,0
MBR_MV,D,20110511,000000,262.38,268.78,262.38,268.78,0,0
MBR_MV,D,20110512,000000,255.98,268.78,255.98,268.78,0,0
MBR_MV,D,20110516,000000,267.71,267.71,267.71,267.71,0,0
MBR_MV,D,20110517,000000,255.98,269.86,255.98,269.86,0,0
MBR_MV,D,20110518,000000,257.05,269.86,257.05,269.86,0,0
MBR_MV,D,20110519,000000,257.05,277.32,251.93,277.32,0,0
MBR_MV,D,20110523,000000,261.32,273.05,257.05,273.05,0,0
MBR_MV,D,20110525,000000,260.25,272.84,255.98,272.84,0,0
MBR_MV,D,20110526,000000,259.19,266.44,255.98,266.44,0,0
MBR_MV,D,20110527,000000,257.05,266.44,256.2,266.44,0,0
MBR_MV,D,20110530,000000,257.05,265.37,256.2,265.37,0,0
MBR_MV,D,20110531,000000,255.98,266.44,255.98,266.44,0,0
MBR_MV,D,20110601,000000,269.86,283.51,262.38,283.51,0,0
MBR_MV,D,20110602,000000,296.69,296.69,273.05,287.99,0,0
MBR_MV,D,20110603,000000,287.99,287.99,268.78,287.99,0,0
MBR_MV,D,20110606,000000,287.99,287.99,273.05,283.72,0,0
MBR_MV,D,20110609,000000,273.05,283.72,273.05,283.72,0,0
MBR_MV,D,20110610,000000,283.29,283.29,283.29,283.29,0,0
MBR_MV,D,20110613,000000,283.07,283.29,283.07,283.29,0,0
MBR_MV,D,20110614,000000,273.05,281.59,258.13,281.59,0,0
MBR_MV,D,20110615,000000,266.65,277.32,258.33,277.32,0,0
MBR_MV,D,20110617,000000,283.07,283.07,283.07,283.07,0,0
MBR_MV,D,20110620,000000,282.86,282.86,282.86,282.86,0,0
MBR_MV,D,20110622,000000,269.86,283.07,269.86,283.07,0,0
MBR_MV,D,20110624,000000,276.26,283.07,276.26,283.07,0,0
MBR_MV,D,20110627,000000,283.07,283.07,269.86,282.65,0,0
MBR_MV,D,20110629,000000,281.59,281.59,281.59,281.59,0,0
MBR_MV,D,20110630,000000,281.59,281.59,281.59,281.59,0,0
MBR_MV,D,20110701,000000,281.59,281.59,281.59,281.59,0,0
MBR_MV,D,20110704,000000,281.59,281.59,281.59,281.59,0,0
MBR_MV,D,20110705,000000,281.59,281.59,281.59,281.59,0,0
MBR_MV,D,20110706,000000,268.78,281.59,268.78,281.59,0,0
MBR_MV,D,20110707,000000,281.59,281.59,281.59,281.59,0,0
MBR_MV,D,20110708,000000,268.78,277.32,268.78,277.32,0,0
MBR_MV,D,20110712,000000,269.86,276.26,269.86,276.26,0,0
MBR_MV,D,20110713,000000,281.59,281.59,281.59,281.59,0,0
MBR_MV,D,20110718,000000,278.18,278.18,278.18,278.18,0,0
MBR_MV,D,20110719,000000,281.37,281.37,281.37,281.37,0,0
MBR_MV,D,20110720,000000,278.38,281.37,265.59,281.37,0,0
MBR_MV,D,20110725,000000,281.37,281.37,281.37,281.37,0,0
MBR_MV,D,20110726,000000,281.37,281.37,281.37,281.37,0,0
MBR_MV,D,20110728,000000,281.37,281.37,265.21,280.51,0,0
MBR_MV,D,20110729,000000,269.86,280.51,269.86,280.51,0,0
MBR_MV,D,20110802,000000,277.11,277.11,277.11,277.11,0,0
MBR_MV,D,20110803,000000,277.32,277.32,269.86,269.86,0,0
MBR_MV,D,20110804,000000,274.12,274.12,260.25,260.25,0,0
MBR_MV,D,20110805,000000,251.72,263.45,247.45,263.45,0,0
MBR_MV,D,20110808,000000,251.72,260.25,251.72,260.25,0,0
MBR_MV,D,20110809,000000,247.45,255.98,247.45,255.98,0,0
MBR_MV,D,20110810,000000,245.32,245.32,245.32,245.32,0,0
MBR_MV,D,20110811,000000,238.92,238.92,213.32,228.26,0,0
MBR_MV,D,20110812,000000,215.45,243.19,213.32,243.19,0,0
MBR_MV,D,20110816,000000,213.32,245.32,213.32,230.39,0,0
MBR_MV,D,20110817,000000,243.19,243.19,243.19,243.19,0,0
MBR_MV,D,20110818,000000,223.99,223.99,223.99,223.99,0,0
MBR_MV,D,20110819,000000,221.85,234.66,221.85,234.66,0,0
MBR_MV,D,20110822,000000,238.92,238.92,238.92,238.92,0,0
MBR_MV,D,20110823,000000,234.44,234.44,234.44,234.44,0,0
MBR_MV,D,20110824,000000,238.92,238.92,238.92,238.92,0,0
MBR_MV,D,20110825,000000,238.92,238.92,238.92,238.92,0,0
MBR_MV,D,20110826,000000,238.92,238.92,238.92,238.92,0,0
MBR_MV,D,20110829,000000,243.19,243.19,243.19,243.19,0,0
MBR_MV,D,20110831,000000,242.13,245.32,242.13,245.32,0,0
MBR_MV,D,20110901,000000,243.19,247.45,243.19,247.45,0,0
MBR_MV,D,20110905,000000,247.45,247.45,247.45,247.45,0,0
MBR_MV,D,20110906,000000,247.45,247.45,247.45,247.45,0,0
MBR_MV,D,20110907,000000,247.45,247.45,247.45,247.45,0,0
MBR_MV,D,20110908,000000,247.45,247.45,247.45,247.45,0,0
MBR_MV,D,20110909,000000,234.66,234.66,234.66,234.66,0,0
MBR_MV,D,20110912,000000,221.85,221.85,221.85,221.85,0,0
MBR_MV,D,20110913,000000,230.39,238.71,230.39,238.71,0,0
MBR_MV,D,20110914,000000,221.85,238.92,191.99,238.92,0,0
MBR_MV,D,20110915,000000,226.12,236.78,226.12,236.78,0,0
MBR_MV,D,20110916,000000,238.92,238.92,226.12,226.12,0,0
MBR_MV,D,20110919,000000,230.39,230.39,230.39,230.39,0,0
MBR_MV,D,20110920,000000,230.39,238.92,230.39,238.92,0,0
MBR_MV,D,20110921,000000,238.92,238.92,238.92,238.92,0,0
MBR_MV,D,20110922,000000,245.32,245.32,245.32,245.32,0,0
MBR_MV,D,20110923,000000,230.39,230.39,230.39,230.39,0,0
MBR_MV,D,20110926,000000,234.66,234.66,219.72,234.66,0,0
MBR_MV,D,20110927,000000,234.66,234.66,234.66,234.66,0,0
MBR_MV,D,20110928,000000,234.66,234.66,234.66,234.66,0,0
MBR_MV,D,20110929,000000,234.66,234.66,234.66,234.66,0,0
MBR_MV,D,20110930,000000,234.66,234.66,234.66,234.66,0,0
MBR_MV,D,20111003,000000,234.66,234.66,234.66,234.66,0,0
MBR_MV,D,20111004,000000,234.66,234.66,230.39,230.39,0,0
MBR_MV,D,20111005,000000,234.66,234.66,234.66,234.66,0,0
MBR_MV,D,20111006,000000,234.23,234.23,234.23,234.23,0,0
MBR_MV,D,20111007,000000,234.44,234.44,234.44,234.44,0,0
MBR_MV,D,20111010,000000,233.58,233.58,233.58,233.58,0,0
MBR_MV,D,20111011,000000,233.58,233.58,233.58,233.58,0,0
MBR_MV,D,20111012,000000,233.58,234.66,233.58,234.66,0,0
MBR_MV,D,20111013,000000,234.66,234.66,234.66,234.66,0,0
MBR_MV,D,20111014,000000,234.01,234.01,234.01,234.01,0,0
MBR_MV,D,20111017,000000,234.66,234.66,234.66,234.66,0,0
MBR_MV,D,20111018,000000,234.66,234.66,234.66,234.66,0,0
MBR_MV,D,20111019,000000,234.66,234.66,234.66,234.66,0,0
MBR_MV,D,20111020,000000,234.01,234.01,234.01,234.01,0,0
MBR_MV,D,20111021,000000,236.78,236.78,236.78,236.78,0,0
MBR_MV,D,20111024,000000,236.78,236.78,236.78,236.78,0,0
MBR_MV,D,20111025,000000,236.78,236.78,236.78,236.78,0,0
MBR_MV,D,20111026,000000,236.78,236.78,236.78,236.78,0,0
MBR_MV,D,20111027,000000,236.78,236.78,236.78,236.78,0,0
MBR_MV,D,20111028,000000,236.78,236.78,236.78,236.78,0,0
MBR_MV,D,20111031,000000,236.78,245.11,236.78,245.11,0,0
MBR_MV,D,20111103,000000,245.11,245.32,245.11,245.32,0,0
MBR_MV,D,20111104,000000,245.11,245.11,245.11,245.11,0,0
MBR_MV,D,20111107,000000,245.11,245.11,245.11,245.11,0,0
MBR_MV,D,20111108,000000,245.11,245.11,245.11,245.11,0,0
MBR_MV,D,20111109,000000,236.78,236.78,236.78,236.78,0,0
MBR_MV,D,20111110,000000,236.58,236.78,236.58,236.78,0,0
MBR_MV,D,20111114,000000,236.78,236.78,236.78,236.78,0,0
MBR_MV,D,20111115,000000,236.78,236.78,236.78,236.78,0,0
MBR_MV,D,20111128,000000,228.26,236.78,226.34,236.78,0,0
MBR_MV,D,20111129,000000,236.78,236.78,236.78,236.78,0,0
MBR_MV,D,20111130,000000,236.78,236.78,236.78,236.78,0,0
MBR_MV,D,20111208,000000,226.34,234.66,226.12,234.66,0,0
MBR_MV,D,20111209,000000,219.72,234.66,219.72,228.26,0,0
MBR_MV,D,20111212,000000,216.53,234.66,215.45,234.66,0,0
MBR_MV,D,20111213,000000,223.99,223.99,213.32,219.7,0,0
MBR_MV,D,20111214,000000,219.7,219.7,209.06,219.7,0,0
MBR_MV,D,20111219,000000,215.45,215.45,205.85,215.45,0,0
MBR_MV,D,20111222,000000,205.85,206.91,205.85,206.91,0,0
MBR_MV,D,20111223,000000,200.53,200.53,200.53,200.53,0,0
MBR_MV,D,20111227,000000,204.79,204.79,204.79,204.79,0,0
MBR_MV,D,20120103,000000,205.85,205.85,205.85,205.85,0,0
MBR_MV,D,20120105,000000,210.12,210.12,210.12,210.12,0,0
MBR_MV,D,20120112,000000,207.03,207.03,206.91,206.91,0,0
MBR_MV,D,20120113,000000,209.03,209.03,209.03,209.03,0,0
MBR_MV,D,20120119,000000,208.95,208.95,208.95,208.95,0,0
MBR_MV,D,20120125,000000,200.73,200.73,199.45,199.45,0,0
MBR_MV,D,20120126,000000,202.65,209.03,202.65,209.03,0,0
MBR_MV,D,20120130,000000,198.39,198.39,198.39,198.39,0,0
MBR_MV,D,20120131,000000,208.31,209.03,208.31,209.03,0,0
MBR_MV,D,20120213,000000,209.03,209.03,209.03,209.03,0,0
MBR_MV,D,20120215,000000,199.24,199.24,199.24,199.24,0,0
MBR_MV,D,20120217,000000,209.06,213.32,209.06,213.32,0,0
MBR_MV,D,20120222,000000,211.2,211.2,211.2,211.2,0,0
MBR_MV,D,20120229,000000,210.54,211.2,210.54,211.2,0,0
MBR_MV,D,20120301,000000,211.2,211.2,211.2,211.2,0,0
MBR_MV,D,20120302,000000,220.78,220.78,220.78,220.78,0,0
MBR_MV,D,20120307,000000,210.12,213.11,210.12,213.11,0,0
MBR_MV,D,20120313,000000,210.54,211.2,210.54,211.2,0,0
MBR_MV,D,20120314,000000,214.38,214.38,214.38,214.38,0,0
MBR_MV,D,20120315,000000,214.18,214.38,214.18,214.38,0,0
MBR_MV,D,20120322,000000,214.81,214.81,214.81,214.81,0,0
MBR_MV,D,20120329,000000,213.11,213.11,213.11,213.11,0,0
MBR_MV,D,20120330,000000,214.18,214.18,214.18,214.18,0,0
MBR_MV,D,20120402,000000,213.32,213.32,213.32,213.32,0,0
MBR_MV,D,20120403,000000,214.38,214.38,214.38,214.38,0,0
MBR_MV,D,20120416,000000,210.54,211.2,210.54,211.2,0,0
MBR_MV,D,20120425,000000,211.2,211.2,211.2,211.2,0,0
MBR_MV,D,20120427,000000,211.2,211.2,211.2,211.2,0,0
MBR_MV,D,20120430,000000,211.2,211.2,211.2,211.2,0,0
MBR_MV,D,20120507,000000,201.59,201.59,201.59,201.59,0,0
MBR_MV,D,20120508,000000,211.08,211.08,211.08,211.08,0,0
MBR_MV,D,20120509,000000,201.59,211.2,201.59,211.2,0,0
MBR_MV,D,20120518,000000,201.59,211.2,189.85,201.59,0,0
MBR_MV,D,20120521,000000,188.15,188.15,179.19,188.15,0,0
MBR_MV,D,20120522,000000,179.19,179.19,170.23,170.23,0,0
MBR_MV,D,20120523,000000,169.8,169.8,162.13,162.13,0,0
MBR_MV,D,20120524,000000,162.13,162.13,159.03,159.03,0,0
MBR_MV,D,20120528,000000,159.03,159.03,159.03,159.03,0,0
MBR_MV,D,20120530,000000,158.92,158.92,158.92,158.92,0,0
MBR_MV,D,20120531,000000,157.86,157.86,157.86,157.86,0,0
MBR_MV,D,20120612,000000,151.56,151.56,151.47,151.47,0,0
MBR_MV,D,20120613,000000,151.47,151.47,151.47,151.47,0,0
MBR_MV,D,20120615,000000,158.92,158.92,158.92,158.92,0,0
MBR_MV,D,20120619,000000,153.59,153.59,151.47,151.47,0,0
MBR_MV,D,20120622,000000,151.47,151.47,145.59,151.47,0,0
MBR_MV,D,20120625,000000,158.82,158.82,158.82,158.82,0,0
MBR_MV,D,20120629,000000,152.3,157.86,152.3,157.86,0,0
MBR_MV,D,20120702,000000,157.86,157.86,157.86,157.86,0,0
MBR_MV,D,20120710,000000,157.01,157.86,157.01,157.01,0,0
MBR_MV,D,20120711,000000,156.79,157.01,156.79,156.79,0,0
MBR_MV,D,20120716,000000,149.54,149.54,149.54,149.54,0,0
MBR_MV,D,20120717,000000,142.72,142.72,142.72,142.72,0,0
MBR_MV,D,20120718,000000,136.74,136.74,136.74,136.74,0,0
MBR_MV,D,20120725,000000,134.39,134.39,128,128,0,0
MBR_MV,D,20120726,000000,123.19,123.19,123.19,123.19,0,0
MBR_MV,D,20120727,000000,117.33,117.33,117.33,117.33,0,0
MBR_MV,D,20120730,000000,123.19,123.19,123.19,123.19,0,0
MBR_MV,D,20120731,000000,128,134.39,128,134.39,0,0
MBR_MV,D,20120801,000000,134.39,134.39,134.39,134.39,0,0
MBR_MV,D,20120807,000000,128,129.17,123.19,129.17,0,0
MBR_MV,D,20120809,000000,129.17,156.47,129.17,156.47,0,0
MBR_MV,D,20120810,000000,156.69,156.69,149.32,156.47,0,0
MBR_MV,D,20120814,000000,138.65,149.32,138.65,138.65,0,0
MBR_MV,D,20120816,000000,138.65,138.65,138.65,138.65,0,0
MBR_MV,D,20120817,000000,132.36,138.65,132.26,138.65,0,0
MBR_MV,D,20120820,000000,132.26,132.26,132.26,132.26,0,0
MBR_MV,D,20120831,000000,134.39,134.39,134.29,134.29,0,0
MBR_MV,D,20120903,000000,134.39,134.39,132.26,132.26,0,0
MBR_MV,D,20120907,000000,128,132.26,128,128,0,0
MBR_MV,D,20120911,000000,122.02,128,122.02,122.02,0,0
MBR_MV,D,20120913,000000,122.66,122.66,122.02,122.66,0,0
MBR_MV,D,20120914,000000,122.86,127.89,122.86,124.59,0,0
MBR_MV,D,20120917,000000,125.85,125.85,124.59,125.65,0,0
MBR_MV,D,20120926,000000,119.89,120.85,118.39,120.85,0,0
MBR_MV,D,20120928,000000,120.85,120.85,120.85,120.85,0,0
MBR_MV,D,20121003,000000,120.85,120.85,120.85,120.85,0,0
MBR_MV,D,20121005,000000,120.96,120.96,118.29,120.96,0,0
MBR_MV,D,20121011,000000,115.41,120.96,115.18,115.18,0,0
MBR_MV,D,20121026,000000,110.93,110.93,110.93,110.93,0,0
MBR_MV,D,20121029,000000,104.53,110.93,104.53,104.53,0,0
MBR_MV,D,20121031,000000,104.53,104.53,104.53,104.53,0,0
MBR_MV,D,20121102,000000,104.53,104.53,104.53,104.53,0,0
MBR_MV,D,20121112,000000,104.53,104.53,104.53,104.53,0,0
MBR_MV,D,20121119,000000,102.4,104.53,102.4,104.53,0,0
MBR_MV,D,20121120,000000,106.66,106.78,104.53,106.78,0,0
MBR_MV,D,20121121,000000,106.66,106.66,106.66,106.66,0,0
MBR_MV,D,20121129,000000,106.66,106.66,101.75,105.6,0,0
MBR_MV,D,20121130,000000,106.66,106.66,106.66,106.66,0,0
MBR_MV,D,20121205,000000,106.78,106.78,106.78,106.78,0,0
MBR_MV,D,20121207,000000,106.66,106.66,106.66,106.66,0,0
MBR_MV,D,20121212,000000,106.78,128,106.66,111.89,0,0
MBR_MV,D,20121213,000000,111.99,111.99,111.89,111.99,0,0
MBR_MV,D,20121214,000000,106.66,106.66,106.66,106.66,0,0
MBR_MV,D,20121217,000000,111.89,111.89,111.89,111.89,0,0
MBR_MV,D,20121218,000000,106.66,106.66,102.4,106.66,0,0
MBR_MV,D,20121219,000000,106.66,106.66,106.66,106.66,0,0
MBR_MV,D,20121220,000000,106.64,106.64,106.64,106.64,0,0
MBR_MV,D,20121228,000000,106.66,106.66,106.66,106.66,0,0
MBR_MV,D,20130102,000000,106.66,106.66,106.66,106.66,0,0
MBR_MV,D,20130109,000000,98.128,98.128,98.128,98.128,0,0
MBR_MV,D,20130110,000000,98.128,98.128,98.128,98.128,0,0
MBR_MV,D,20130130,000000,98.128,98.128,98.128,98.128,0,0
MBR_MV,D,20130131,000000,102.4,102.4,102.4,102.4,0,0
MBR_MV,D,20130207,000000,103.04,103.04,102.4,103.04,0,0
MBR_MV,D,20130208,000000,100.55,100.55,100.55,100.55,0,0
MBR_MV,D,20130219,000000,98.128,100.55,98.128,100.55,0,0
MBR_MV,D,20130220,000000,95.973,95.973,93.866,93.866,0,0
MBR_MV,D,20130221,000000,93.874,95.973,93.874,95.973,0,0
MBR_MV,D,20130222,000000,89.833,89.833,89.833,89.833,0,0
MBR_MV,D,20130304,000000,95.657,95.657,95.657,95.657,0,0
MBR_MV,D,20130308,000000,95.83,95.83,95.657,95.83,0,0
MBR_MV,D,20130314,000000,95.973,95.973,95.973,95.973,0,0
MBR_MV,D,20130315,000000,95.973,95.973,95.973,95.973,0,0
MBR_MV,D,20130319,000000,95.973,95.973,95.973,95.973,0,0
MBR_MV,D,20130320,000000,95.973,100.55,95.973,97.036,0,0
MBR_MV,D,20130322,000000,92.795,92.795,92.795,92.795,0,0
MBR_MV,D,20130325,000000,100.55,100.55,92.795,100.55,0,0
MBR_MV,D,20130326,000000,100.55,100.55,100.55,100.55,0,0
MBR_MV,D,20130404,000000,100.55,100.55,100.55,100.55,0,0
MBR_MV,D,20130405,000000,101.65,101.65,101.65,101.65,0,0
MBR_MV,D,20130408,000000,102.29,103.04,102.29,102.81,0,0
MBR_MV,D,20130409,000000,102.79,102.81,93.866,102.81,0,0
MBR_MV,D,20130410,000000,102.7,102.81,102.33,102.33,0,0
MBR_MV,D,20130411,000000,102.59,102.59,100.23,100.23,0,0
MBR_MV,D,20130412,000000,100.23,100.23,93.866,93.866,0,0
MBR_MV,D,20130415,000000,90.444,90.444,90.444,90.444,0,0
MBR_MV,D,20130417,000000,89.469,89.469,85.223,89.469,0,0
MBR_MV,D,20130418,000000,89.378,89.469,85.223,89.469,0,0
MBR_MV,D,20130419,000000,92.475,92.475,92.475,92.475,0,0
MBR_MV,D,20130422,000000,92.475,92.475,92.475,92.475,0,0
MBR_MV,D,20130425,000000,92.475,92.475,92.475,92.475,0,0
MBR_MV,D,20130429,000000,92.475,92.475,92.475,92.475,0,0
MBR_MV,D,20130430,000000,92.475,92.475,92.475,92.475,0,0
MBR_MV,D,20130508,000000,92.475,92.494,92.475,92.494,0,0
MBR_MV,D,20130515,000000,88.311,88.311,88.103,88.103,0,0
MBR_MV,D,20130521,000000,88.531,88.531,88.531,88.531,0,0
MBR_MV,D,20130523,000000,88.531,88.531,88.531,88.531,0,0
MBR_MV,D,20130524,000000,88.103,92.257,88.103,92.257,0,0
MBR_MV,D,20130605,000000,92.795,101.46,92.257,101.46,0,0
MBR_MV,D,20130607,000000,101.65,102.4,101.65,102.4,0,0
MBR_MV,D,20130610,000000,102.4,102.4,102.4,102.4,0,0
MBR_MV,D,20130611,000000,102.4,102.4,102.4,102.4,0,0
MBR_MV,D,20130701,000000,103.89,103.89,103.89,103.89,0,0
MBR_MV,D,20130704,000000,103.89,103.89,103.89,103.89,0,0
MBR_MV,D,20130716,000000,102.4,102.4,102.4,102.4,0,0
MBR_MV,D,20130724,000000,102.4,102.4,102.4,102.4,0,0
MBR_MV,D,20130801,000000,104.53,104.53,104.53,104.53,0,0
MBR_MV,D,20130806,000000,104.53,104.53,104.53,104.53,0,0
MBR_MV,D,20130807,000000,104.53,105.28,104.53,105.28,0,0
MBR_MV,D,20130808,000000,115.18,115.18,115.18,115.18,0,0
MBR_MV,D,20130809,000000,102.4,115.18,102.4,102.4,0,0
MBR_MV,D,20130812,000000,102.4,102.4,102.4,102.4,0,0
MBR_MV,D,20130814,000000,100.26,100.26,100.26,100.26,0,0
MBR_MV,D,20130816,000000,100.26,102.4,100.26,102.4,0,0
MBR_MV,D,20130819,000000,100.26,100.26,100.26,100.26,0,0
MBR_MV,D,20130826,000000,100.26,100.26,100.26,100.26,0,0
MBR_MV,D,20130828,000000,98.128,100.26,98.128,98.128,0,0
MBR_MV,D,20130903,000000,102.4,102.4,102.4,102.4,0,0
MBR_MV,D,20130904,000000,102.4,102.4,102.4,102.4,0,0
MBR_MV,D,20130905,000000,95.993,95.993,93.866,93.866,0,0
MBR_MV,D,20130913,000000,100.26,100.26,100.26,100.26,0,0
MBR_MV,D,20130917,000000,95.993,100.26,95.993,95.993,0,0
MBR_MV,D,20130918,000000,91.728,91.728,85.332,85.332,0,0
MBR_MV,D,20130919,000000,76.796,76.796,70.4,70.4,0,0
MBR_MV,D,20130920,000000,76.586,76.586,66.127,70.4,0,0
MBR_MV,D,20130923,000000,77.434,77.434,68.259,68.259,0,0
MBR_MV,D,20130924,000000,68.259,68.259,66.127,66.127,0,0
MBR_MV,D,20130926,000000,64.423,64.423,58.027,58.447,0,0
MBR_MV,D,20130927,000000,58.045,58.045,53.325,53.325,0,0
MBR_MV,D,20130930,000000,49.062,49.062,44.579,49.062,0,0
MBR_MV,D,20131001,000000,49.062,49.062,49.062,49.062,0,0
MBR_MV,D,20131002,000000,53.325,53.325,53.325,53.325,0,0
MBR_MV,D,20131003,000000,53.325,53.325,46.93,46.93,0,0
MBR_MV,D,20131004,000000,45.865,47.996,45.865,47.996,0,0
MBR_MV,D,20131008,000000,47.996,47.996,47.996,47.996,0,0
MBR_MV,D,20131009,000000,42.666,42.666,42.666,42.666,0,0
MBR_MV,D,20131010,000000,43.095,43.095,43.095,43.095,0,0
MBR_MV,D,20131011,000000,43.095,43.095,42.703,42.703,0,0
MBR_MV,D,20131016,000000,43.195,43.195,42.703,42.729,0,0
MBR_MV,D,20131021,000000,42.666,42.666,42.666,42.666,0,0
MBR_MV,D,20131022,000000,46.93,46.93,46.93,46.93,0,0
MBR_MV,D,20131023,000000,46.93,46.93,46.93,46.93,0,0
MBR_MV,D,20131025,000000,46.93,50.984,46.93,50.984,0,0
MBR_MV,D,20131028,000000,51.195,51.195,51.195,51.195,0,0
MBR_MV,D,20131030,000000,50.128,50.128,50.128,50.128,0,0
MBR_MV,D,20131104,000000,45.91,45.91,45.91,45.91,0,0
MBR_MV,D,20131105,000000,45.226,45.226,44.799,44.799,0,0
MBR_MV,D,20131107,000000,43.413,43.413,39.888,40.534,0,0
MBR_MV,D,20131108,000000,38.822,40.534,38.393,38.393,0,0
MBR_MV,D,20131112,000000,38.393,38.393,38.393,38.393,0,0
MBR_MV,D,20131114,000000,38.393,40.507,38.393,40.507,0,0
MBR_MV,D,20131119,000000,40.489,40.507,38.393,38.393,0,0
MBR_MV,D,20131120,000000,40.425,40.425,40.425,40.425,0,0
MBR_MV,D,20131126,000000,36.58,40.534,36.58,40.534,0,0
MBR_MV,D,20131127,000000,40.106,40.106,40.106,40.106,0,0
MBR_MV,D,20131128,000000,36.69,36.69,36.69,36.69,0,0
MBR_MV,D,20131129,000000,36.69,36.69,36.69,36.69,0,0
MBR_MV,D,20131202,000000,36.262,36.262,35.305,35.305,0,0
MBR_MV,D,20131209,000000,39.469,40.534,39.469,40.534,0,0
MBR_MV,D,20131210,000000,40.534,40.534,40.534,40.534,0,0
MBR_MV,D,20131211,000000,40.315,40.315,40.315,40.315,0,0
MBR_MV,D,20131212,000000,36.371,36.371,36.262,36.262,0,0
MBR_MV,D,20131213,000000,34.557,34.557,34.557,34.557,0,0
MBR_MV,D,20131227,000000,37.974,37.974,37.974,37.974,0,0
MBR_MV,D,20131230,000000,37.974,37.974,36.262,36.262,0,0
MBR_MV,D,20140107,000000,38.612,38.612,38.612,38.612,0,0
MBR_MV,D,20140113,000000,38.612,38.612,38.612,38.612,0,0
MBR_MV,D,20140115,000000,36.69,36.69,36.69,36.69,0,0
MBR_MV,D,20140120,000000,36.644,36.644,36.644,36.644,0,0
MBR_MV,D,20140121,000000,37.327,37.327,37.327,37.327,0,0
MBR_MV,D,20140122,000000,37.327,37.327,36.69,36.69,0,0
MBR_MV,D,20140123,000000,36.69,36.69,36.69,36.69,0,0
MBR_MV,D,20140130,000000,34.557,36.69,34.557,34.557,0,0
MBR_MV,D,20140207,000000,31.141,33.191,31.141,33.191,0,0
MBR_MV,D,20140210,000000,33.92,33.92,33.92,33.92,0,0
MBR_MV,D,20140212,000000,33.92,33.92,33.92,33.92,0,0
MBR_MV,D,20140221,000000,32.235,32.235,32.235,32.235,0,0
MBR_MV,D,20140224,000000,34.321,34.321,30.913,31.141,0,0
MBR_MV,D,20140226,000000,31.997,31.997,31.359,31.359,0,0
MBR_MV,D,20140227,000000,31.997,31.997,31.997,31.997,0,0
MBR_MV,D,20140303,000000,30.503,30.503,30.503,30.503,0,0
MBR_MV,D,20140305,000000,29.656,29.656,29.52,29.52,0,0
MBR_MV,D,20140307,000000,28.8,28.8,24.535,26.449,0,0
MBR_MV,D,20140310,000000,27.542,27.542,26.449,27.415,0,0
MBR_MV,D,20140311,000000,26.239,26.449,26.239,26.449,0,0
MBR_MV,D,20140312,000000,27.096,27.096,27.096,27.096,0,0
MBR_MV,D,20140313,000000,27.196,27.196,26.239,26.239,0,0
MBR_MV,D,20140314,000000,27.096,27.096,25.601,25.601,0,0
MBR_MV,D,20140317,000000,27.096,27.305,25.601,27.305,0,0
MBR_MV,D,20140318,000000,28.162,29.866,27.734,27.734,0,0
MBR_MV,D,20140319,000000,28.8,28.8,27.734,27.734,0,0
MBR_MV,D,20140320,000000,28.8,30.931,27.734,30.503,0,0
MBR_MV,D,20140321,000000,30.913,31.997,30.913,30.931,0,0
MBR_MV,D,20140324,000000,31.997,31.997,30.913,30.913,0,0
MBR_MV,D,20140325,000000,28.008,28.8,28.008,28.691,0,0
MBR_MV,D,20140326,000000,31.359,31.359,28.691,29.866,0,0
MBR_MV,D,20140327,000000,29.866,29.866,28.162,29.847,0,0
MBR_MV,D,20140328,000000,29.847,31.359,29.847,29.847,0,0
MBR_MV,D,20140331,000000,28.008,29.821,28.008,29.821,0,0
MBR_MV,D,20140401,000000,29.847,29.847,28.162,29.656,0,0
MBR_MV,D,20140402,000000,29.847,29.866,29.847,29.866,0,0
MBR_MV,D,20140403,000000,29.821,29.821,29.821,29.821,0,0
MBR_MV,D,20140404,000000,29.821,29.821,29.821,29.821,0,0
MBR_MV,D,20140407,000000,30.503,30.503,30.458,30.458,0,0
MBR_MV,D,20140408,000000,29.847,30.439,29.847,30.439,0,0
MBR_MV,D,20140410,000000,31.788,31.788,31.788,31.788,0,0
MBR_MV,D,20140411,000000,31.788,31.997,31.788,31.997,0,0
MBR_MV,D,20140414,000000,34.029,34.029,34.029,34.029,0,0
MBR_MV,D,20140415,000000,31.997,33.701,31.997,33.701,0,0
MBR_MV,D,20140422,000000,31.569,31.569,31.141,31.141,0,0
MBR_MV,D,20140423,000000,31.141,31.141,31.141,31.141,0,0
MBR_MV,D,20140424,000000,28.8,28.8,28.8,28.8,0,0
MBR_MV,D,20140429,000000,29.437,29.437,27.734,29.419,0,0
MBR_MV,D,20140430,000000,27.734,29.419,27.734,27.734,0,0
MBR_MV,D,20140502,000000,29.866,31.888,27.734,31.888,0,0
MBR_MV,D,20140505,000000,29.756,29.756,29.228,29.228,0,0
MBR_MV,D,20140507,000000,29.228,29.228,29.228,29.228,0,0
MBR_MV,D,20140509,000000,29.2,29.2,29.2,29.2,0,0
MBR_MV,D,20140512,000000,29.2,29.228,29.2,29.228,0,0
MBR_MV,D,20140513,000000,29.2,29.2,26.668,26.668,0,0
MBR_MV,D,20140514,000000,27.734,29.228,27.415,29.228,0,0
MBR_MV,D,20140515,000000,29.228,31.997,29.228,31.997,0,0
MBR_MV,D,20140516,000000,31.997,34.13,30.74,34.13,0,0
MBR_MV,D,20140519,000000,36.006,39.469,36.006,39.469,0,0
MBR_MV,D,20140520,000000,34.768,37.883,34.768,37.883,0,0
MBR_MV,D,20140521,000000,36.262,36.262,35.196,35.196,0,0
MBR_MV,D,20140522,000000,33.747,33.747,30.503,33.747,0,0
MBR_MV,D,20140526,000000,33.701,33.701,33.701,33.701,0,0
MBR_MV,D,20140527,000000,31.997,33.701,31.679,31.679,0,0
MBR_MV,D,20140528,000000,31.98,31.997,31.697,31.997,0,0
MBR_MV,D,20140529,000000,31.679,33.729,31.679,33.729,0,0
MBR_MV,D,20140530,000000,36.262,36.262,33.92,36.262,0,0
MBR_MV,D,20140602,000000,36.262,36.262,34.768,36.262,0,0
MBR_MV,D,20140603,000000,34.986,34.986,34.13,34.986,0,0
MBR_MV,D,20140604,000000,33.492,34.986,32.426,34.986,0,0
MBR_MV,D,20140605,000000,34.986,37.245,34.986,37.245,0,0
MBR_MV,D,20140606,000000,37.118,37.118,34.986,34.986,0,0
MBR_MV,D,20140610,000000,34.986,34.986,34.986,34.986,0,0
MBR_MV,D,20140612,000000,34.667,36.782,34.476,36.782,0,0
MBR_MV,D,20140613,000000,38.357,43.095,38.357,42.666,0,0
MBR_MV,D,20140616,000000,43.733,47.404,43.733,46.93,0,0
MBR_MV,D,20140617,000000,46.93,51.158,45.865,45.883,0,0
MBR_MV,D,20140618,000000,49.062,52.689,45.883,52.689,0,0
MBR_MV,D,20140620,000000,52.907,54.402,51.195,53.325,0,0
MBR_MV,D,20140623,000000,54.402,65.681,53.325,53.325,0,0
MBR_MV,D,20140624,000000,63.74,63.74,57.809,61.325,0,0
MBR_MV,D,20140625,000000,58.236,58.282,54.629,55.759,0,0
MBR_MV,D,20140626,000000,55.676,55.676,49.918,49.918,0,0
MBR_MV,D,20140627,000000,49.062,53.117,49.062,50.128,0,0
MBR_MV,D,20140630,000000,51.195,51.195,46.502,46.721,0,0
MBR_MV,D,20140701,000000,47.567,50.984,46.93,49.937,0,0
MBR_MV,D,20140702,000000,50.347,50.347,45.655,48.616,0,0
MBR_MV,D,20140703,000000,48.507,48.534,48.215,48.215,0,0
MBR_MV,D,20140704,000000,48.188,48.188,48.188,48.188,0,0
MBR_MV,D,20140707,000000,48.215,48.215,48.215,48.215,0,0
MBR_MV,D,20140708,000000,45.117,48.215,45.117,48.215,0,0
MBR_MV,D,20140709,000000,45.117,45.117,42.729,42.748,0,0
MBR_MV,D,20140710,000000,42.028,43.066,38.184,38.393,0,0
MBR_MV,D,20140711,000000,38.393,38.612,36.799,38.612,0,0
MBR_MV,D,20140714,000000,36.818,38.33,35.842,38.33,0,0
MBR_MV,D,20140715,000000,35.196,36.944,35.196,36.927,0,0
MBR_MV,D,20140716,000000,36.161,36.326,34.768,36.326,0,0
MBR_MV,D,20140717,000000,36.262,36.371,35.196,35.196,0,0
MBR_MV,D,20140718,000000,36.034,36.052,35.196,36.052,0,0
MBR_MV,D,20140721,000000,36.262,38.393,36.262,37.327,0,0
MBR_MV,D,20140722,000000,37.61,42.603,37.61,42.603,0,0
MBR_MV,D,20140723,000000,42.876,46.912,40.534,41.19,0,0
MBR_MV,D,20140724,000000,41.217,41.217,41.217,41.217,0,0
MBR_MV,D,20140725,000000,41.062,41.573,40.534,40.534,0,0
MBR_MV,D,20140728,000000,40.534,41.573,39.487,39.678,0,0
MBR_MV,D,20140729,000000,40.635,40.635,36.052,36.052,0,0
MBR_MV,D,20140730,000000,36.052,38.074,35.196,36.262,0,0
MBR_MV,D,20140731,000000,36.262,36.262,34.13,34.13,0,0
MBR_MV,D,20140801,000000,33.701,36.243,32.872,35.515,0,0
MBR_MV,D,20140804,000000,34.13,36.862,33.492,33.729,0,0
MBR_MV,D,20140805,000000,35.515,39.058,33.765,34.986,0,0
MBR_MV,D,20140806,000000,36.161,36.161,34.348,34.513,0,0
MBR_MV,D,20140807,000000,34.513,37.228,33.729,34.13,0,0
MBR_MV,D,20140808,000000,36.262,36.262,33.938,33.938,0,0
MBR_MV,D,20140811,000000,36.052,36.161,33.92,33.92,0,0
MBR_MV,D,20140812,000000,35.177,35.177,34.13,34.13,0,0
MBR_MV,D,20140813,000000,34.13,34.13,33.537,33.537,0,0
MBR_MV,D,20140814,000000,35.196,35.196,35.177,35.177,0,0
MBR_MV,D,20140818,000000,33.537,34.13,33.537,33.555,0,0
MBR_MV,D,20140819,000000,34.13,34.13,33.92,33.92,0,0
MBR_MV,D,20140820,000000,33.555,34.748,33.555,34.448,0,0
MBR_MV,D,20140825,000000,36.134,36.134,33.601,33.601,0,0
MBR_MV,D,20140826,000000,35.095,35.095,34.54,34.54,0,0
MBR_MV,D,20140828,000000,33.492,33.492,33.474,33.474,0,0
MBR_MV,D,20140829,000000,33.492,33.892,33.064,33.892,0,0
MBR_MV,D,20140901,000000,32.016,32.982,31.98,32.982,0,0
MBR_MV,D,20140902,000000,32.982,32.982,32.982,32.982,0,0
MBR_MV,D,20140903,000000,31.141,31.141,29.866,29.866,0,0
MBR_MV,D,20140904,000000,31.98,31.98,28.8,28.909,0,0
MBR_MV,D,20140905,000000,28.818,30.075,28.818,29.847,0,0
MBR_MV,D,20140908,000000,29.866,29.866,28.372,28.372,0,0
MBR_MV,D,20140909,000000,29.009,29.009,25.921,25.921,0,0
MBR_MV,D,20140910,000000,27.178,28.58,25.601,27.288,0,0
MBR_MV,D,20140911,000000,27.305,27.305,26.239,26.239,0,0
MBR_MV,D,20140912,000000,27.516,27.516,27.479,27.516,0,0
MBR_MV,D,20140915,000000,27.516,27.516,26.239,27.516,0,0
MBR_MV,D,20140917,000000,27.561,29.847,27.561,27.734,0,0
MBR_MV,D,20140918,000000,28.672,28.672,28.672,28.672,0,0
MBR_MV,D,20140919,000000,28.626,31.141,28.626,30.294,0,0
MBR_MV,D,20140922,000000,30.503,33.109,30.458,33.109,0,0
MBR_MV,D,20140923,000000,32.208,34.13,32.208,33.957,0,0
MBR_MV,D,20140924,000000,33.957,33.957,32.635,32.635,0,0
MBR_MV,D,20140925,000000,32.208,33.892,32.208,33.701,0,0
MBR_MV,D,20140926,000000,33.701,33.701,33.701,33.701,0,0
MBR_MV,D,20140929,000000,31.98,31.997,31.359,31.997,0,0
MBR_MV,D,20140930,000000,31.997,31.997,31.997,31.997,0,0
MBR_MV,D,20141001,000000,32.426,33.255,32.426,33.255,0,0
MBR_MV,D,20141006,000000,33.064,33.064,31.997,31.997,0,0
MBR_MV,D,20141007,000000,31.378,32.808,31.378,32.808,0,0
MBR_MV,D,20141008,000000,31.378,32.808,31.378,32.808,0,0
MBR_MV,D,20141009,000000,31.378,32.808,31.378,32.808,0,0
MBR_MV,D,20141010,000000,31.469,32.344,31.359,32.344,0,0
MBR_MV,D,20141013,000000,31.378,31.378,30.95,30.95,0,0
MBR_MV,D,20141014,000000,30.977,30.977,30.977,30.977,0,0
MBR_MV,D,20141015,000000,31.997,31.997,31.997,31.997,0,0
MBR_MV,D,20141017,000000,30.184,30.184,29.866,29.866,0,0
MBR_MV,D,20141020,000000,30.075,31.951,30.075,31.951,0,0
MBR_MV,D,20141021,000000,31.951,31.951,30.503,30.503,0,0
MBR_MV,D,20141022,000000,30.313,31.951,30.23,31.951,0,0
MBR_MV,D,20141027,000000,31.997,31.997,31.997,31.997,0,0
MBR_MV,D,20141028,000000,31.997,33.064,31.997,33.064,0,0
MBR_MV,D,20141029,000000,31.997,31.997,31.997,31.997,0,0
MBR_MV,D,20141030,000000,31.059,31.059,31.059,31.059,0,0
MBR_MV,D,20141110,000000,31.788,31.788,31.761,31.788,0,0
MBR_MV,D,20141112,000000,31.424,31.424,31.424,31.424,0,0
MBR_MV,D,20141113,000000,31.724,31.724,29.847,29.847,0,0
MBR_MV,D,20141117,000000,27.734,27.734,27.734,27.734,0,0
MBR_MV,D,20141118,000000,26.668,26.668,25.601,25.601,0,0
MBR_MV,D,20141119,000000,27.516,27.516,27.516,27.516,0,0
MBR_MV,D,20141120,000000,27.516,27.516,27.516,27.516,0,0
MBR_MV,D,20141121,000000,25.829,27.516,25.829,26.476,0,0
MBR_MV,D,20141124,000000,27.516,27.516,26.13,26.13,0,0
MBR_MV,D,20141125,000000,23.47,26.093,23.47,26.093,0,0
MBR_MV,D,20141126,000000,26.113,26.113,26.113,26.113,0,0
MBR_MV,D,20141127,000000,24.107,26.13,24.107,26.13,0,0
MBR_MV,D,20141201,000000,25.601,27.415,25.601,27.415,0,0
MBR_MV,D,20141202,000000,27.734,30.102,27.734,29.847,0,0
MBR_MV,D,20141203,000000,29.847,29.847,29.847,29.847,0,0
MBR_MV,D,20141204,000000,28.198,28.198,28.198,28.198,0,0
MBR_MV,D,20141205,000000,28.198,28.198,27.516,27.516,0,0
MBR_MV,D,20141208,000000,29.866,29.866,29.866,29.866,0,0
MBR_MV,D,20141209,000000,29.866,29.866,27.305,27.305,0,0
MBR_MV,D,20141210,000000,27.305,27.305,25.921,25.921,0,0
MBR_MV,D,20141211,000000,25.601,25.601,25.601,25.601,0,0
MBR_MV,D,20141212,000000,26.668,26.668,23.47,24.937,0,0
MBR_MV,D,20141215,000000,24.937,26.067,23.888,26.067,0,0
MBR_MV,D,20141216,000000,23.934,26.239,23.47,23.507,0,0
MBR_MV,D,20141217,000000,24.854,24.891,24.854,24.891,0,0
MBR_MV,D,20141218,000000,22.613,22.613,21.355,22.395,0,0
MBR_MV,D,20141219,000000,21.802,21.802,21.355,21.355,0,0
MBR_MV,D,20141222,000000,22.395,22.395,22.395,22.395,0,0
MBR_MV,D,20141223,000000,22.395,22.395,20.262,20.482,0,0
MBR_MV,D,20141229,000000,20.262,20.262,20.262,20.262,0,0
MBR_MV,D,20141230,000000,20.262,20.262,20.262,20.262,0,0
MBR_MV,D,20150105,000000,22.185,22.185,20.163,20.163,0,0
MBR_MV,D,20150107,000000,19.197,19.197,19.197,19.197,0,0
MBR_MV,D,20150108,000000,19.197,20.035,19.197,19.944,0,0
MBR_MV,D,20150109,000000,20.035,20.054,18.559,18.559,0,0
MBR_MV,D,20150112,000000,18.559,18.577,18.559,18.577,0,0
MBR_MV,D,20150113,000000,18.769,18.769,18.577,18.577,0,0
MBR_MV,D,20150114,000000,20.054,20.054,20.054,20.054,0,0
MBR_MV,D,20150115,000000,21.976,21.976,19.834,21.757,0,0
MBR_MV,D,20150119,000000,21.328,21.328,21.328,21.328,0,0
MBR_MV,D,20150123,000000,20.054,20.8,20.054,20.8,0,0
MBR_MV,D,20150126,000000,20.91,20.91,20.91,20.91,0,0
MBR_MV,D,20150127,000000,20.91,20.91,20.262,20.262,0,0
MBR_MV,D,20150128,000000,20.054,20.262,20.054,20.262,0,0
MBR_MV,D,20150202,000000,19.197,20.91,19.197,20.91,0,0
MBR_MV,D,20150203,000000,18.769,18.769,18.769,18.769,0,0
MBR_MV,D,20150204,000000,18.769,20.482,18.769,20.454,0,0
MBR_MV,D,20150205,000000,18.769,20.035,18.769,20.035,0,0
MBR_MV,D,20150206,000000,18.987,19.734,18.987,19.734,0,0
MBR_MV,D,20150209,000000,18.769,18.769,18.349,18.367,0,0
MBR_MV,D,20150210,000000,18.349,18.769,18.349,18.769,0,0
MBR_MV,D,20150211,000000,18.769,18.769,18.769,18.769,0,0
MBR_MV,D,20150212,000000,18.769,19.925,18.769,19.925,0,0
MBR_MV,D,20150213,000000,19.625,20.035,19.197,19.197,0,0
MBR_MV,D,20150217,000000,18.385,18.385,18.349,18.349,0,0
MBR_MV,D,20150220,000000,18.349,18.349,18.349,18.349,0,0
MBR_MV,D,20150223,000000,18.559,18.769,18.559,18.769,0,0
MBR_MV,D,20150224,000000,18.769,18.769,18.769,18.769,0,0
MBR_MV,D,20150225,000000,18.769,19.944,18.769,19.944,0,0
MBR_MV,D,20150226,000000,18.769,19.734,18.349,19.734,0,0
MBR_MV,D,20150227,000000,18.769,18.769,18.349,18.349,0,0
MBR_MV,D,20150302,000000,18.769,18.769,18.769,18.769,0,0
MBR_MV,D,20150305,000000,18.45,18.45,18.367,18.367,0,0
MBR_MV,D,20150306,000000,18.75,18.75,18.705,18.732,0,0
MBR_MV,D,20150311,000000,19.197,19.197,18.769,18.769,0,0
MBR_MV,D,20150312,000000,18.769,18.769,18.349,18.349,0,0
MBR_MV,D,20150316,000000,18.349,18.349,18.349,18.349,0,0
MBR_MV,D,20150317,000000,18.769,18.769,18.769,18.769,0,0
MBR_MV,D,20150318,000000,17.939,17.939,17.939,17.939,0,0
MBR_MV,D,20150319,000000,17.957,17.957,17.957,17.957,0,0
MBR_MV,D,20150320,000000,18.987,20.645,18.131,19.197,0,0
MBR_MV,D,20150323,000000,21.12,21.12,19.416,21.12,0,0
MBR_MV,D,20150324,000000,21.074,21.074,21.074,21.074,0,0
MBR_MV,D,20150325,000000,21.01,21.328,20.054,20.054,0,0
MBR_MV,D,20150326,000000,21.976,21.976,19.77,19.77,0,0
MBR_MV,D,20150327,000000,19.625,19.625,19.625,19.625,0,0
MBR_MV,D,20150330,000000,19.224,19.224,19.096,19.096,0,0
MBR_MV,D,20150331,000000,19.096,19.096,19.096,19.096,0,0
MBR_MV,D,20150401,000000,19.416,19.416,19.096,19.096,0,0
MBR_MV,D,20150402,000000,19.096,19.096,19.096,19.096,0,0
MBR_MV,D,20150407,000000,19.197,19.197,19.197,19.197,0,0
MBR_MV,D,20150408,000000,19.416,19.416,19.307,19.307,0,0
MBR_MV,D,20150409,000000,19.224,19.625,19.197,19.625,0,0
MBR_MV,D,20150410,000000,20.262,20.262,20.262,20.262,0,0
MBR_MV,D,20150413,000000,19.816,19.816,19.816,19.816,0,0
MBR_MV,D,20150414,000000,19.607,19.607,19.607,19.607,0,0
MBR_MV,D,20150415,000000,19.607,19.607,19.607,19.607,0,0
MBR_MV,D,20150417,000000,19.625,19.625,19.197,19.197,0,0
MBR_MV,D,20150420,000000,20.054,20.054,19.834,19.834,0,0
MBR_MV,D,20150421,000000,20.054,20.262,20.054,20.262,0,0
MBR_MV,D,20150422,000000,19.834,19.834,19.834,19.834,0,0
MBR_MV,D,20150423,000000,20.262,20.262,20.262,20.262,0,0
MBR_MV,D,20150428,000000,20.244,20.244,20.226,20.226,0,0
MBR_MV,D,20150430,000000,20.244,20.244,19.416,19.416,0,0
MBR_MV,D,20150504,000000,19.416,19.416,19.416,19.416,0,0
MBR_MV,D,20150506,000000,20.262,21.1,20.262,21.1,0,0
MBR_MV,D,20150507,000000,22.185,22.185,22.185,22.185,0,0
MBR_MV,D,20150511,000000,21.976,21.976,21.328,21.328,0,0
MBR_MV,D,20150512,000000,22.267,22.267,22.267,22.267,0,0
MBR_MV,D,20150514,000000,22.267,22.267,22.267,22.267,0,0
MBR_MV,D,20150515,000000,21.328,21.328,21.328,21.328,0,0
MBR_MV,D,20150518,000000,22.185,22.185,21.328,21.328,0,0
MBR_MV,D,20150520,000000,22.185,22.185,20.099,20.099,0,0
MBR_MV,D,20150522,000000,21.328,21.328,20.099,21.328,0,0
MBR_MV,D,20150527,000000,22.185,22.185,22.185,22.185,0,0
MBR_MV,D,20150602,000000,21.328,21.328,21.328,21.328,0,0
MBR_MV,D,20150603,000000,22.139,22.139,22.139,22.139,0,0
MBR_MV,D,20150605,000000,21.328,22.139,21.328,22.139,0,0
MBR_MV,D,20150609,000000,22.139,22.139,22.139,22.139,0,0
MBR_MV,D,20150610,000000,21.328,21.355,21.328,21.328,0,0
MBR_MV,D,20150611,000000,21.976,21.976,21.976,21.976,0,0
MBR_MV,D,20150612,000000,20.482,20.482,20.482,20.482,0,0
MBR_MV,D,20150617,000000,20.262,20.262,20.262,20.262,0,0
MBR_MV,D,20150618,000000,20.262,20.482,20.262,20.482,0,0
MBR_MV,D,20150622,000000,19.515,19.515,19.416,19.416,0,0
MBR_MV,D,20150623,000000,19.416,19.416,19.416,19.416,0,0
MBR_MV,D,20150629,000000,21.328,21.328,21.328,21.328,0,0
MBR_MV,D,20150706,000000,21.12,21.12,21.12,21.12,0,0
MBR_MV,D,20150709,000000,20.482,20.482,20.482,20.482,0,0
MBR_MV,D,20150710,000000,20.054,20.054,17.065,18.349,0,0
MBR_MV,D,20150713,000000,19.579,19.579,19.416,19.416,0,0
MBR_MV,D,20150715,000000,19.387,19.416,19.387,19.416,0,0
MBR_MV,D,20150717,000000,17.065,18.45,17.002,18.413,0,0
MBR_MV,D,20150721,000000,18.987,18.987,18.987,18.987,0,0
MBR_MV,D,20150722,000000,19.069,20.008,18.96,20.008,0,0
MBR_MV,D,20150723,000000,20.8,20.8,20.8,20.8,0,0
MBR_MV,D,20150729,000000,19.387,20.482,19.387,20.262,0,0
MBR_MV,D,20150730,000000,19.734,19.734,19.197,19.197,0,0
MBR_MV,D,20150731,000000,18.769,18.769,18.769,18.769,0,0
MBR_MV,D,20150803,000000,20.226,20.226,20.226,20.226,0,0
MBR_MV,D,20150807,000000,19.197,20.035,19.197,20.035,0,0
MBR_MV,D,20150810,000000,20.244,20.69,20.244,20.69,0,0
MBR_MV,D,20150811,000000,20.882,20.882,20.882,20.882,0,0
MBR_MV,D,20150812,000000,20.882,21.328,20.882,21.229,0,0
MBR_MV,D,20150813,000000,21.547,21.547,21.01,21.01,0,0
MBR_MV,D,20150814,000000,20.882,20.882,20.882,20.882,0,0
MBR_MV,D,20150819,000000,20.991,20.991,20.991,20.991,0,0
MBR_MV,D,20150824,000000,18.559,20.581,18.559,20.581,0,0
MBR_MV,D,20150825,000000,19.197,19.197,19.178,19.197,0,0
MBR_MV,D,20150826,000000,19.197,20.581,19.197,20.482,0,0
MBR_MV,D,20150827,000000,20.672,20.672,20.672,20.672,0,0
MBR_MV,D,20150831,000000,18.769,18.769,18.769,18.769,0,0
MBR_MV,D,20150901,000000,18.559,19.625,18.559,19.625,0,0
MBR_MV,D,20150902,000000,20.262,20.672,20.262,20.672,0,0
MBR_MV,D,20150903,000000,20.672,20.8,20.672,20.8,0,0
MBR_MV,D,20150907,000000,20.436,20.436,20.244,20.244,0,0
MBR_MV,D,20150916,000000,19.197,19.834,19.197,19.834,0,0
MBR_MV,D,20150923,000000,19.834,19.834,19.834,19.834,0,0
MBR_MV,D,20150924,000000,19.753,19.753,19.753,19.753,0,0
MBR_MV,D,20151002,000000,19.197,19.197,19.197,19.197,0,0
MBR_MV,D,20151005,000000,19.197,19.197,19.197,19.197,0,0
MBR_MV,D,20151012,000000,19.834,19.834,19.834,19.834,0,0
MBR_MV,D,20151014,000000,17.921,18.577,17.383,17.412,0,0
MBR_MV,D,20151015,000000,17.383,17.383,17.383,17.383,0,0
MBR_MV,D,20151016,000000,17.383,17.383,17.383,17.383,0,0
MBR_MV,D,20151019,000000,16.427,16.427,16.345,16.345,0,0
MBR_MV,D,20151020,000000,17.383,17.493,17.383,17.493,0,0
MBR_MV,D,20151022,000000,17.383,17.383,17.383,17.383,0,0
MBR_MV,D,20151026,000000,17.383,17.383,17.383,17.383,0,0
MBR_MV,D,20151029,000000,17.383,17.383,17.383,17.383,0,0
MBR_MV,D,20151030,000000,19.096,19.096,19.096,19.096,0,0
MBR_MV,D,20151102,000000,20.262,20.262,20.262,20.262,0,0
MBR_MV,D,20151103,000000,18.987,19.515,17.174,19.515,0,0
MBR_MV,D,20151109,000000,19.16,19.16,17.812,17.812,0,0
MBR_MV,D,20151110,000000,17.812,17.812,17.812,17.812,0,0
MBR_MV,D,20151112,000000,17.082,18.769,17.082,18.769,0,0
MBR_MV,D,20151113,000000,17.065,17.065,17.065,17.065,0,0
MBR_MV,D,20151116,000000,18.668,18.668,18.668,18.668,0,0
MBR_MV,D,20151117,000000,18.559,18.641,18.559,18.559,0,0
MBR_MV,D,20151120,000000,18.559,18.559,18.559,18.559,0,0
MBR_MV,D,20151125,000000,17.283,18.559,17.283,18.559,0,0
MBR_MV,D,20151126,000000,17.283,18.113,17.283,18.113,0,0
MBR_MV,D,20151127,000000,18.113,18.113,18.113,18.113,0,0
MBR_MV,D,20151201,000000,17.283,18.113,17.283,18.113,0,0
MBR_MV,D,20151202,000000,17.283,17.283,17.283,17.283,0,0
MBR_MV,D,20151203,000000,18.113,18.113,18.113,18.113,0,0
MBR_MV,D,20151207,000000,19.497,19.497,19.497,19.497,0,0
MBR_MV,D,20151210,000000,17.065,17.065,17.065,17.065,0,0
MBR_MV,D,20151211,000000,19.197,19.197,19.197,19.197,0,0
MBR_MV,D,20151229,000000,18.131,19.178,18.131,19.178,0,0
MBR_MV,D,20160107,000000,19.132,19.178,19.132,19.178,0,0
MBR_MV,D,20160108,000000,18.131,19.178,18.131,19.178,0,0
MBR_MV,D,20160111,000000,19.416,19.416,19.416,19.416,0,0
MBR_MV,D,20160114,000000,19.416,19.416,18.131,19.416,0,0
MBR_MV,D,20160118,000000,18.131,19.416,18.131,19.416,0,0
MBR_MV,D,20160119,000000,19.416,19.416,19.416,19.416,0,0
MBR_MV,D,20160120,000000,18.131,18.769,18.131,18.131,0,0
MBR_MV,D,20160121,000000,18.769,18.769,18.769,18.769,0,0
MBR_MV,D,20160126,000000,18.131,18.769,18.131,18.769,0,0
MBR_MV,D,20160127,000000,18.131,18.769,18.131,18.769,0,0
MBR_MV,D,20160129,000000,18.769,18.769,18.769,18.769,0,0
MBR_MV,D,20160201,000000,18.131,18.131,18.131,18.131,0,0
MBR_MV,D,20160202,000000,18.769,18.769,18.769,18.769,0,0
MBR_MV,D,20160203,000000,18.769,20.645,18.769,20.645,0,0
MBR_MV,D,20160204,000000,20.645,21.12,20.645,21.12,0,0
MBR_MV,D,20160205,000000,21.12,23.233,21.12,23.233,0,0
MBR_MV,D,20160208,000000,23.041,25.601,23.041,25.601,0,0
MBR_MV,D,20160209,000000,25.62,27.625,25.62,26.877,0,0
MBR_MV,D,20160210,000000,26.768,28.8,26.768,28.781,0,0
MBR_MV,D,20160211,000000,28.58,28.58,28.58,28.58,0,0
MBR_MV,D,20160212,000000,28.454,28.481,27.734,27.734,0,0
MBR_MV,D,20160215,000000,27.707,29.976,27.707,29.866,0,0
MBR_MV,D,20160216,000000,27.707,29.847,27.707,29.847,0,0
MBR_MV,D,20160217,000000,29.847,30.33,29.847,30.33,0,0
MBR_MV,D,20160225,000000,29.656,29.656,29.656,29.656,0,0
MBR_MV,D,20160229,000000,28.8,29.437,28.8,29.437,0,0
MBR_MV,D,20160301,000000,29.009,29.866,29.009,29.866,0,0
MBR_MV,D,20160308,000000,29.866,30.294,29.355,29.866,0,0
MBR_MV,D,20160310,000000,29.547,29.866,29.547,29.547,0,0
MBR_MV,D,20160311,000000,29.656,29.656,29.656,29.656,0,0
MBR_MV,D,20160314,000000,29.656,29.866,28.909,29.866,0,0
MBR_MV,D,20160316,000000,28.8,29.547,28.8,29.547,0,0
MBR_MV,D,20160317,000000,28.8,28.8,28.8,28.8,0,0
MBR_MV,D,20160318,000000,29.547,29.547,29.547,29.547,0,0
MBR_MV,D,20160322,000000,29.547,29.547,29.547,29.547,0,0
MBR_MV,D,20160331,000000,29.547,29.547,29.547,29.547,0,0
MBR_MV,D,20160422,000000,29.547,29.547,29.547,29.547,0,0
MBR_MV,D,20160502,000000,29.866,29.866,29.866,29.866,0,0
MBR_MV,D,20160504,000000,29.547,29.547,29.547,29.547,0,0
MBR_MV,D,20160505,000000,29.866,29.866,29.866,29.866,0,0
MBR_MV,D,20160506,000000,29.866,30.885,29.866,30.885,0,0
MBR_MV,D,20160509,000000,29.866,29.866,29.866,29.866,0,0
MBR_MV,D,20160510,000000,31.997,32.317,31.997,32.317,0,0
MBR_MV,D,20160511,000000,33.064,33.064,33.064,33.064,0,0
MBR_MV,D,20160513,000000,31.997,31.997,31.997,31.997,0,0
MBR_MV,D,20160516,000000,31.997,31.997,31.997,31.997,0,0
MBR_MV,D,20160517,000000,33.064,33.064,33.064,33.064,0,0
MBR_MV,D,20160518,000000,33.064,33.064,33.064,33.064,0,0
MBR_MV,D,20160519,000000,33.173,34.748,33.173,34.748,0,0
MBR_MV,D,20160520,000000,34.768,35.842,34.768,35.842,0,0
MBR_MV,D,20160523,000000,35.842,36.262,35.842,36.262,0,0
MBR_MV,D,20160524,000000,36.908,36.908,36.908,36.908,0,0
MBR_MV,D,20160525,000000,37.974,38.393,37.974,38.393,0,0
MBR_MV,D,20160527,000000,38.375,38.375,38.294,38.294,0,0
MBR_MV,D,20160530,000000,41.108,41.108,41.108,41.108,0,0
MBR_MV,D,20160601,000000,38.184,38.184,38.184,38.184,0,0
MBR_MV,D,20160608,000000,34.365,34.365,34.365,34.365,0,0
MBR_MV,D,20160614,000000,33.173,33.236,33.173,33.236,0,0
MBR_MV,D,20160622,000000,33.064,33.064,33.064,33.064,0,0
MBR_MV,D,20160623,000000,33.064,33.064,33.064,33.064,0,0
MBR_MV,D,20160704,000000,29.884,29.884,29.884,29.884,0,0
MBR_MV,D,20160706,000000,33.081,33.081,33.081,33.081,0,0
MBR_MV,D,20160708,000000,30.931,30.931,30.931,30.931,0,0
MBR_MV,D,20160711,000000,30.931,30.931,30.931,30.931,0,0
MBR_MV,D,20160718,000000,31.997,31.997,31.997,31.997,0,0
MBR_MV,D,20160803,000000,31.997,31.997,31.997,31.997,0,0
MBR_MV,D,20160809,000000,31.997,31.997,31.997,31.997,0,0
MBR_MV,D,20160812,000000,33,33.018,33,33.018,0,0
MBR_MV,D,20160816,000000,33.173,33.173,33.173,33.173,0,0
MBR_MV,D,20160817,000000,33.173,33.173,33.173,33.173,0,0
MBR_MV,D,20160818,000000,33.173,33.173,33.173,33.173,0,0
MBR_MV,D,20160826,000000,31.98,31.98,31.98,31.98,0,0
MBR_MV,D,20160829,000000,33.064,51.003,33.064,51.003,0,0
MBR_MV,D,20160830,000000,51.003,51.003,51.003,51.003,0,0
MBR_MV,D,20160901,000000,50.967,50.967,50.967,50.967,0,0
MBR_MV,D,20160909,000000,51.131,51.131,51.131,51.131,0,0
MBR_MV,D,20160912,000000,47.714,47.714,47.714,47.714,0,0
MBR_MV,D,20160913,000000,51.131,51.131,51.131,51.131,0,0
MBR_MV,D,20160927,000000,46.028,46.028,46.028,46.028,0,0
MBR_MV,D,20161003,000000,41.491,41.491,41.491,41.491,0,0
MBR_MV,D,20161005,000000,42.119,42.119,42.119,42.119,0,0
MBR_MV,D,20161006,000000,46.028,46.065,46.028,46.065,0,0
MBR_MV,D,20161007,000000,51.167,51.167,51.167,51.167,0,0
MBR_MV,D,20161012,000000,46.065,46.065,46.065,46.065,0,0
MBR_MV,D,20161013,000000,51.167,51.167,51.167,51.167,0,0
MBR_MV,D,20161024,000000,51.003,51.003,51.003,51.003,0,0
MBR_MV,D,20161031,000000,51.003,51.003,51.003,51.003,0,0
MBR_MV,D,20161103,000000,52.643,52.643,52.643,52.643,0,0
MBR_MV,D,20161109,000000,42.775,42.775,42.775,42.775,0,0
MBR_MV,D,20161114,000000,42.904,42.904,42.904,42.904,0,0
MBR_MV,D,20161116,000000,50.338,50.338,50.338,50.338,0,0
MBR_MV,D,20161121,000000,50.338,50.338,50.338,50.338,0,0
MBR_MV,D,20161128,000000,51.003,51.003,51.003,51.003,0,0
MBR_MV,D,20161129,000000,51.003,51.003,51.003,51.003,0,0
MBR_MV,D,20161130,000000,52.643,52.643,52.643,52.643,0,0
MBR_MV,D,20161201,000000,52.643,52.643,52.643,52.643,0,0
MBR_MV,D,20161202,000000,55.931,55.931,55.931,55.931,0,0
MBR_MV,D,20161205,000000,57.581,57.581,57.581,57.581,0,0
MBR_MV,D,20161206,000000,62.018,62.018,57.909,57.909,0,0
MBR_MV,D,20161207,000000,57.581,57.909,57.581,57.909,0,0
MBR_MV,D,20161208,000000,61.854,61.854,57.909,57.909,0,0
MBR_MV,D,20161209,000000,62.018,62.018,62.018,62.018,0,0
MBR_MV,D,20161212,000000,49.682,49.682,49.682,49.682,0,0
MBR_MV,D,20161213,000000,54.62,54.62,54.62,54.62,0,0
MBR_MV,D,20161215,000000,59.886,59.886,59.886,59.886,0,0
MBR_MV,D,20161216,000000,62.018,62.018,61.99,61.99,0,0
MBR_MV,D,20161219,000000,51.003,56.096,51.003,56.096,0,0
MBR_MV,D,20161220,000000,61.79,61.79,61.79,61.79,0,0
MBR_MV,D,20161221,000000,61.79,61.79,61.79,61.79,0,0
MBR_MV,D,20161223,000000,61.362,61.362,61.362,61.362,0,0
MBR_MV,D,20161227,000000,61.854,61.854,61.854,61.854,0,0
MBR_MV,D,20170102,000000,63.667,63.667,63.667,63.667,0,0
MBR_MV,D,20170109,000000,61.89,61.89,61.89,61.89,0,0
MBR_MV,D,20170110,000000,61.89,61.89,61.89,61.89,0,0
MBR_MV,D,20170111,000000,61.89,63.138,61.89,63.138,0,0
MBR_MV,D,20170112,000000,61.89,61.89,61.89,61.89,0,0
MBR_MV,D,20170113,000000,61.89,61.89,61.89,61.89,0,0
MBR_MV,D,20170117,000000,61.827,61.827,61.827,61.827,0,0
MBR_MV,D,20170118,000000,62.018,62.018,62.018,62.018,0,0
MBR_MV,D,20170119,000000,62.191,62.191,62.191,62.191,0,0
MBR_MV,D,20170120,000000,62.191,62.191,62.191,62.191,0,0
MBR_MV,D,20170123,000000,63.467,63.467,63.467,63.467,0,0
MBR_MV,D,20170124,000000,65.116,67.449,65.116,67.449,0,0
MBR_MV,D,20170125,000000,68.897,68.934,68.897,68.934,0,0
MBR_MV,D,20170127,000000,71.302,77.88,71.302,77.88,0,0
MBR_MV,D,20170131,000000,77.88,77.88,77.88,77.88,0,0
MBR_MV,D,20170201,000000,84.23,84.23,84.23,84.23,0,0
MBR_MV,D,20170203,000000,82.226,82.226,82.226,82.226,0,0
MBR_MV,D,20170213,000000,78.207,78.207,78.207,78.207,0,0
MBR_MV,D,20170215,000000,83.21,83.21,83.21,83.21,0,0
MBR_MV,D,20170316,000000,77.288,77.288,77.288,77.288,0,0
MBR_MV,D,20170317,000000,65.808,65.808,65.808,65.808,0,0
MBR_MV,D,20170320,000000,66.464,66.464,66.464,66.464,0,0
MBR_MV,D,20170322,000000,73.042,73.042,65.808,65.808,0,0
MBR_MV,D,20170323,000000,63.503,72.059,63.503,72.059,0,0
MBR_MV,D,20170330,000000,72.687,72.687,72.687,72.687,0,0
MBR_MV,D,20170331,000000,72.877,72.877,66.137,66.137,0,0
MBR_MV,D,20170404,000000,63.667,63.667,63.667,63.667,0,0
MBR_MV,D,20170405,000000,65.808,65.808,65.808,65.808,0,0
MBR_MV,D,20170406,000000,72.386,72.386,72.35,72.35,0,0
MBR_MV,D,20170407,000000,74.655,74.655,74.655,74.655,0,0
MBR_MV,D,20170410,000000,72.35,72.35,72.35,72.35,0,0
MBR_MV,D,20170411,000000,72.35,72.35,72.35,72.35,0,0
MBR_MV,D,20170412,000000,74.655,74.655,74.655,74.655,0,0
MBR_MV,D,20170420,000000,74.655,74.655,74.655,74.655,0,0
MBR_MV,D,20170425,000000,76.332,76.332,76.332,76.332,0,0
MBR_MV,D,20170504,000000,76.332,84.859,76.332,84.859,0,0
MBR_MV,D,20170505,000000,87.227,92.065,87.227,92.065,0,0
MBR_MV,D,20170509,000000,92.129,92.129,92.129,92.129,0,0
MBR_MV,D,20170512,000000,72.386,72.386,72.386,72.386,0,0
MBR_MV,D,20170523,000000,72.386,72.386,72.386,72.386,0,0
MBR_MV,D,20170602,000000,72.386,72.386,72.386,72.386,0,0
MBR_MV,D,20170609,000000,87.164,87.164,87.164,87.164,0,0
MBR_MV,D,20170612,000000,87.164,87.164,87.164,87.164,0,0
MBR_MV,D,20170613,000000,86.863,86.863,86.863,86.863,0,0
MBR_MV,D,20170619,000000,82.253,82.253,82.253,82.253,0,0
MBR_MV,D,20170620,000000,86.863,86.863,86.863,86.863,0,0
MBR_MV,D,20170627,000000,85.552,85.552,85.552,85.552,0,0
MBR_MV,D,20170710,000000,86.863,86.863,86.863,86.863,0,0
MBR_MV,D,20170713,000000,82.09,82.09,82.09,82.09,0,0
MBR_MV,D,20170809,000000,82.09,82.09,82.09,82.09,0,0
MBR_MV,D,20170818,000000,82.09,82.09,82.09,82.09,0,0
MBR_MV,D,20170825,000000,82.253,82.253,82.253,82.253,0,0
MBR_MV,D,20170904,000000,81.597,81.597,81.597,81.597,0,0
MBR_MV,D,20170906,000000,86.535,86.535,86.535,86.535,0,0
MBR_MV,D,20170912,000000,86.535,86.535,86.535,86.535,0,0
MBR_MV,D,20170926,000000,86.499,86.499,86.499,86.499,0,0
MBR_MV,D,20171006,000000,86.208,86.208,86.208,86.208,0,0
MBR_MV,D,20171009,000000,85.552,85.552,85.552,85.552,0,0
MBR_MV,D,20171025,000000,84.886,84.886,84.886,84.886,0,0
MBR_MV,D,20171026,000000,84.886,84.886,84.886,84.886,0,0
MBR_MV,D,20171027,000000,84.886,84.886,84.886,84.886,0,0
MBR_MV,D,20171102,000000,84.886,84.886,84.886,84.886,0,0
MBR_MV,D,20171106,000000,75.675,75.675,75.675,75.675,0,0
MBR_MV,D,20171107,000000,75.675,75.675,75.675,75.675,0,0
MBR_MV,D,20171108,000000,86.208,86.208,75.675,85.552,0,0
MBR_MV,D,20171121,000000,84.886,84.886,84.886,84.886,0,0
MBR_MV,D,20171124,000000,77.325,77.325,77.325,77.325,0,0
MBR_MV,D,20171127,000000,77.325,77.325,69.625,69.625,0,0
MBR_MV,D,20171128,000000,67.649,67.649,67.649,67.649,0,0
MBR_MV,D,20171207,000000,67.449,67.449,67.449,67.449,0,0
MBR_MV,D,20171208,000000,75.675,75.675,67.449,75.675,0,0
MBR_MV,D,20171211,000000,77.288,77.288,75.675,77.288,0,0
MBR_MV,D,20171218,000000,67.449,77.288,67.449,67.449,0,0
MBR_MV,D,20171222,000000,77.325,77.325,67.449,67.449,0,0
MBR_MV,D,20180104,000000,74.364,74.364,74.364,74.364,0,0
MBR_MV,D,20180105,000000,61.854,74.364,61.854,72.386,0,0
MBR_MV,D,20180110,000000,72.386,72.386,72.386,72.386,0,0
MBR_MV,D,20180112,000000,78.308,78.308,78.308,78.308,0,0
MBR_MV,D,20180117,000000,78.308,78.308,78.308,78.308,0,0
MBR_MV,D,20180215,000000,78.964,78.964,78.964,78.964,0,0
MBR_MV,D,20180216,000000,80.942,92.129,80.942,92.129,0,0
MBR_MV,D,20180219,000000,92.129,97.4,92.129,97.4,0,0
MBR_MV,D,20180220,000000,96.73,96.73,96.73,96.73,0,0
MBR_MV,D,20180222,000000,95.418,95.418,95.418,95.418,0,0
MBR_MV,D,20180223,000000,95.418,97.4,95.418,97.4,0,0
MBR_MV,D,20180226,000000,98.703,98.703,98.703,98.703,0,0
MBR_MV,D,20180227,000000,107.92,107.92,98.703,107.92,0,0
MBR_MV,D,20180228,000000,107.92,107.92,98.703,98.703,0,0
MBR_MV,D,20180301,000000,107.25,107.25,107.25,107.25,0,0
MBR_MV,D,20180302,000000,98.703,99.363,98.703,99.363,0,0
MBR_MV,D,20180305,000000,107.25,107.25,107.25,107.25,0,0
MBR_MV,D,20180306,000000,111.87,111.87,107.25,111.87,0,0
MBR_MV,D,20180307,000000,111.87,111.87,111.87,111.87,0,0
MBR_MV,D,20180308,000000,118.45,118.45,111.87,118.45,0,0
MBR_MV,D,20180309,000000,115.16,115.16,111.87,111.87,0,0
MBR_MV,D,20180312,000000,117.8,117.8,117.8,117.8,0,0
MBR_MV,D,20180313,000000,117.8,119.76,117.8,119.76,0,0
MBR_MV,D,20180314,000000,125.03,127,125.03,127,0,0
MBR_MV,D,20180315,000000,130.96,130.96,125.03,125.03,0,0
MBR_MV,D,20180319,000000,124.37,124.37,124.37,124.37,0,0
MBR_MV,D,20180322,000000,121.74,121.74,108.59,108.59,0,0
MBR_MV,D,20180323,000000,119.76,119.76,108.59,119.76,0,0
MBR_MV,D,20180326,000000,130.96,130.96,130.96,130.96,0,0
MBR_MV,D,20180327,000000,127,127,127,127,0,0
MBR_MV,D,20180329,000000,125.03,125.03,125.03,125.03,0,0
MBR_MV,D,20180403,000000,125.69,125.69,125.69,125.69,0,0
MBR_MV,D,20180406,000000,121.74,121.74,121.74,121.74,0,0
MBR_MV,D,20180427,000000,116.48,116.48,116.48,116.48,0,0
MBR_MV,D,20180502,000000,111.87,111.87,109.89,109.89,0,0
MBR_MV,D,20180504,000000,111.87,111.87,111.87,111.87,0,0
MBR_MV,D,20180507,000000,111.87,111.87,111.87,111.87,0,0
MBR_MV,D,20180510,000000,111.87,111.87,111.87,111.87,0,0
MBR_MV,D,20180511,000000,111.87,111.87,111.87,111.87,0,0
MBR_MV,D,20180522,000000,111.87,111.87,111.87,111.87,0,0
MBR_MV,D,20180523,000000,115.16,115.16,115.16,115.16,0,0
MBR_MV,D,20180529,000000,111.87,111.87,111.87,111.87,0,0
MBR_MV,D,20180530,000000,111.87,111.87,111.87,111.87,0,0
MBR_MV,D,20180601,000000,115.16,126.35,115.16,126.35,0,0
MBR_MV,D,20180604,000000,120.43,127,120.43,126.35,0,0
MBR_MV,D,20180605,000000,127,128.32,125.03,125.03,0,0
MBR_MV,D,20180606,000000,125.03,127.66,123.72,127.66,0,0
MBR_MV,D,20180607,000000,123.72,123.72,123.72,123.72,0,0
MBR_MV,D,20180608,000000,122.39,122.39,122.39,122.39,0,0
MBR_MV,D,20180613,000000,123.06,123.06,123.06,123.06,0,0
MBR_MV,D,20180614,000000,123.06,123.06,122.39,122.39,0,0
MBR_MV,D,20180618,000000,125.69,125.69,125.69,125.69,0,0
MBR_MV,D,20180620,000000,126.35,126.35,126.35,126.35,0,0
MBR_MV,D,20180629,000000,120.43,120.43,120.43,120.43,0,0
MBR_MV,D,20180702,000000,121.74,121.74,121.08,121.08,0,0
MBR_MV,D,20180703,000000,121.08,125.03,121.08,125.03,0,0
MBR_MV,D,20180706,000000,120.43,120.43,120.43,120.43,0,0
MBR_MV,D,20180709,000000,125.03,125.03,125.03,125.03,0,0
MBR_MV,D,20180710,000000,123.72,123.72,123.72,123.72,0,0
MBR_MV,D,20180711,000000,125.03,125.03,125.03,125.03,0,0
MBR_MV,D,20180713,000000,125.03,126.35,125.03,126.35,0,0
MBR_MV,D,20180716,000000,125.03,126.35,125.03,126.35,0,0
MBR_MV,D,20180719,000000,120.43,120.43,120.43,120.43,0,0
MBR_MV,D,20180802,000000,116.48,121.08,116.48,121.08,0,0
MBR_MV,D,20180807,000000,115.82,125.03,115.82,125.03,0,0
MBR_MV,D,20180813,000000,119.11,125.03,119.11,119.11,0,0
MBR_MV,D,20180823,000000,118.45,130.29,118.45,130.29,0,0
MBR_MV,D,20180827,000000,126.35,130.96,126.35,130.96,0,0
MBR_MV,D,20180828,000000,131.62,137.53,131.62,137.53,0,0
MBR_MV,D,20180829,000000,131.62,133.59,127.66,133.59,0,0
MBR_MV,D,20180906,000000,127.66,127.66,122.39,122.39,0,0
MBR_MV,D,20180907,000000,125.03,136.87,125.03,136.87,0,0
MBR_MV,D,20180910,000000,138.2,138.2,124.37,124.37,0,0
MBR_MV,D,20180911,000000,123.06,130.96,123.06,130.96,0,0
MBR_MV,D,20180912,000000,131.62,131.62,131.62,131.62,0,0
MBR_MV,D,20180914,000000,131.62,131.62,131.62,131.62,0,0
MBR_MV,D,20180917,000000,130.29,130.29,125.69,125.69,0,0
MBR_MV,D,20180918,000000,129.63,129.63,129.63,129.63,0,0
MBR_MV,D,20180921,000000,129.63,132.93,129.63,132.93,0,0
MBR_MV,D,20180925,000000,127,127,127,127,0,0
MBR_MV,D,20180928,000000,127,127,127,127,0,0
MBR_MV,D,20181005,000000,125.03,125.03,125.03,125.03,0,0
MBR_MV,D,20181012,000000,126.35,126.35,126.35,126.35,0,0
MBR_MV,D,20181023,000000,120.43,120.43,120.43,120.43,0,0
MBR_MV,D,20181024,000000,120.43,126.35,120.43,126.35,0,0
MBR_MV,D,20181025,000000,126.35,132.27,126.35,132.27,0,0
MBR_MV,D,20181026,000000,130.29,132.27,130.29,132.27,0,0
MBR_MV,D,20181030,000000,127,132.93,127,132.93,0,0
MBR_MV,D,20181031,000000,132.93,132.93,130.96,130.96,0,0
MBR_MV,D,20181102,000000,128.32,128.32,128.32,128.32,0,0
MBR_MV,D,20181105,000000,143.46,145.43,143.46,145.43,0,0
MBR_MV,D,20181106,000000,145.43,149.38,140.17,149.38,0,0
MBR_MV,D,20181107,000000,142.79,142.79,142.79,142.79,0,0
MBR_MV,D,20181108,000000,147.4,147.4,147.4,147.4,0,0
MBR_MV,D,20181109,000000,148.07,148.07,148.07,148.07,0,0
MBR_MV,D,20181116,000000,150.03,150.03,150.03,150.03,0,0
MBR_MV,D,20181119,000000,149.38,150.03,149.38,149.38,0,0
MBR_MV,D,20181120,000000,142.79,142.79,139.51,139.51,0,0
MBR_MV,D,20181121,000000,139.51,146.1,139.51,146.1,0,0
MBR_MV,D,20181122,000000,146.1,146.1,146.1,146.1,0,0
MBR_MV,D,20181126,000000,147.4,147.4,147.4,147.4,0,0
MBR_MV,D,20181129,000000,147.4,147.4,140.83,140.83,0,0
MBR_MV,D,20181130,000000,147.4,147.4,147.4,147.4,0,0
MBR_MV,D,20181203,000000,141.48,146.1,141.48,146.1,0,0
MBR_MV,D,20181205,000000,141.48,141.48,141.48,141.48,0,0
MBR_MV,D,20181206,000000,146.75,146.75,146.75,146.75,0,0
MBR_MV,D,20181207,000000,146.75,146.75,146.75,146.75,0,0
MBR_MV,D,20181211,000000,140.17,140.17,138.2,138.2,0,0
MBR_MV,D,20181212,000000,140.17,142.14,140.17,142.14,0,0
MBR_MV,D,20181213,000000,142.14,142.14,142.14,142.14,0,0
MBR_MV,D,20181214,000000,142.14,142.14,142.14,142.14,0,0
MBR_MV,D,20190115,000000,135.56,135.56,135.56,135.56,0,0
MBR_MV,D,20190122,000000,135.56,135.56,135.56,135.56,0,0
MBR_MV,D,20190123,000000,141.48,141.48,135.56,136.22,0,0
MBR_MV,D,20190124,000000,135.56,135.56,135.56,135.56,0,0
MBR_MV,D,20190125,000000,141.48,142.14,141.48,142.14,0,0
MBR_MV,D,20190129,000000,145.43,145.43,145.43,145.43,0,0
MBR_MV,D,20190130,000000,145.43,145.43,145.43,145.43,0,0
MBR_MV,D,20190201,000000,145.43,148.07,145.43,148.07,0,0
MBR_MV,D,20190205,000000,146.75,146.75,146.75,146.75,0,0
MBR_MV,D,20190211,000000,146.75,148.07,146.75,148.07,0,0
MBR_MV,D,20190213,000000,144.11,144.11,144.11,144.11,0,0
MBR_MV,D,20190214,000000,143.46,143.46,143.46,143.46,0,0
MBR_MV,D,20190225,000000,142.79,142.79,142.79,142.79,0,0
MBR_MV,D,20190226,000000,139.51,141.48,139.51,141.48,0,0
MBR_MV,D,20190227,000000,134.9,141.48,134.9,141.48,0,0
MBR_MV,D,20190228,000000,141.48,141.48,141.48,141.48,0,0
MBR_MV,D,20190301,000000,131.62,131.62,131.62,131.62,0,0
MBR_MV,D,20190304,000000,131.62,131.62,131.62,131.62,0,0
MBR_MV,D,20190311,000000,131.62,131.62,131.62,131.62,0,0
MBR_MV,D,20190314,000000,134.9,167.81,134.9,167.81,0,0
MBR_MV,D,20190315,000000,171.1,171.1,158.59,158.59,0,0
MBR_MV,D,20190318,000000,164.51,166.16,158.59,166.16,0,0
MBR_MV,D,20190319,000000,166.16,177.67,166.16,177.67,0,0
MBR_MV,D,20190320,000000,177.67,177.67,177.67,177.67,0,0
MBR_MV,D,20190321,000000,177.67,180.97,177.67,180.97,0,0
MBR_MV,D,20190322,000000,189.19,189.19,189.19,189.19,0,0
MBR_MV,D,20190325,000000,176.03,194.13,176.03,194.13,0,0
MBR_MV,D,20190326,000000,192.48,195.77,192.48,195.77,0,0
MBR_MV,D,20190327,000000,195.77,202.36,195.77,202.36,0,0
MBR_MV,D,20190328,000000,194.13,200.7,194.13,200.7,0,0
MBR_MV,D,20190401,000000,200.7,200.7,200.7,200.7,0,0
MBR_MV,D,20190402,000000,202.36,207.29,200.7,207.29,0,0
MBR_MV,D,20190404,000000,207.29,207.29,207.29,207.29,0,0
MBR_MV,D,20190405,000000,210.58,210.58,210.58,210.58,0,0
MBR_MV,D,20190408,000000,208.94,228.67,208.94,228.67,0,0
MBR_MV,D,20190409,000000,230.32,243.48,215.51,243.48,0,0
MBR_MV,D,20190410,000000,266.51,266.51,256.65,264.87,0,0
MBR_MV,D,20190411,000000,259.94,264.87,259.94,259.94,0,0
MBR_MV,D,20190412,000000,263.22,263.22,263.22,263.22,0,0
MBR_MV,D,20190415,000000,263.22,263.22,217.16,217.16,0,0
MBR_MV,D,20190416,000000,238.54,258.28,233.61,258.28,0,0
MBR_MV,D,20190417,000000,256.65,256.65,246.77,256.65,0,0
MBR_MV,D,20190418,000000,256.65,256.65,256.65,256.65,0,0
MBR_MV,D,20190425,000000,256.65,256.65,255,255,0,0
MBR_MV,D,20190426,000000,230.32,251.71,230.32,230.32,0,0
MBR_MV,D,20190429,000000,255,255,255,255,0,0
MBR_MV,D,20190506,000000,250.07,250.07,250.07,250.07,0,0
MBR_MV,D,20190507,000000,245.13,245.13,230.32,243.48,0,0
MBR_MV,D,20190509,000000,241.84,253.35,241.84,250.07,0,0
MBR_MV,D,20190510,000000,246.77,263.22,246.77,263.22,0,0
MBR_MV,D,20190513,000000,250.07,258.28,250.07,258.28,0,0
MBR_MV,D,20190514,000000,261.58,263.22,261.58,263.22,0,0
MBR_MV,D,20190515,000000,261.58,263.22,258.28,263.22,0,0
MBR_MV,D,20190516,000000,259.94,263.22,259.94,263.22,0,0
MBR_MV,D,20190517,000000,261.58,261.58,261.58,261.58,0,0
MBR_MV,D,20190520,000000,236.91,263.22,236.91,261.58,0,0
MBR_MV,D,20190523,000000,261.58,261.58,261.58,261.58,0,0
MBR_MV,D,20190524,000000,261.58,263.22,261.58,263.22,0,0
MBR_MV,D,20190527,000000,263.22,263.22,263.22,263.22,0,0
MBR_MV,D,20190528,000000,263.22,263.22,263.22,263.22,0,0
MBR_MV,D,20190529,000000,243.48,263.22,243.48,263.22,0,0
MBR_MV,D,20190530,000000,263.22,263.22,263.22,263.22,0,0
MBR_MV,D,20190603,000000,246.77,263.22,246.77,263.22,0,0
MBR_MV,D,20190604,000000,258.28,278.03,258.28,278.03,0,0
MBR_MV,D,20190605,000000,278.03,279.68,278.03,278.03,0,0
MBR_MV,D,20190606,000000,279.68,279.68,279.68,279.68,0,0
MBR_MV,D,20190607,000000,278.03,279.68,266.51,279.68,0,0
MBR_MV,D,20190610,000000,279.68,279.68,279.68,279.68,0,0
MBR_MV,D,20190611,000000,279.68,286.25,279.68,286.25,0,0
MBR_MV,D,20190612,000000,287.9,287.9,279.68,286.25,0,0
MBR_MV,D,20190613,000000,289.55,289.55,289.55,289.55,0,0
MBR_MV,D,20190614,000000,278.03,289.55,278.03,289.55,0,0
MBR_MV,D,20190617,000000,289.55,312.58,289.55,312.58,0,0
MBR_MV,D,20190618,000000,312.58,312.58,296.12,296.12,0,0
MBR_MV,D,20190619,000000,296.12,296.12,296.12,296.12,0,0
MBR_MV,D,20190624,000000,292.83,312.58,292.83,312.58,0,0
MBR_MV,D,20190625,000000,312.58,365.22,312.58,319.15,0,0
MBR_MV,D,20190626,000000,345.49,345.49,342.18,342.18,0,0
MBR_MV,D,20190627,000000,324.09,324.09,324.09,324.09,0,0
MBR_MV,D,20190628,000000,320.81,335.61,320.81,335.61,0,0
MBR_MV,D,20190701,000000,335.61,335.61,335.61,335.61,0,0
MBR_MV,D,20190702,000000,374.39,374.39,374.39,374.39,0,0
MBR_MV,D,20190703,000000,371.02,371.02,371.02,371.02,0,0
MBR_MV,D,20190704,000000,360.91,360.91,360.91,360.91,0,0
MBR_MV,D,20190705,000000,367.65,371.02,357.54,371.02,0,0
MBR_MV,D,20190708,000000,357.54,357.54,357.54,357.54,0,0
MBR_MV,D,20190709,000000,371.02,371.02,357.54,360.91,0,0
MBR_MV,D,20190710,000000,371.02,371.02,367.65,371.02,0,0
MBR_MV,D,20190711,000000,354.17,371.02,354.17,371.02,0,0
MBR_MV,D,20190712,000000,371.02,384.52,371.02,377.77,0,0
MBR_MV,D,20190715,000000,377.77,377.77,377.77,377.77,0,0
MBR_MV,D,20190716,000000,387.9,391.27,387.9,391.27,0,0
MBR_MV,D,20190717,000000,387.9,394.64,377.77,394.64,0,0
MBR_MV,D,20190718,000000,394.64,394.64,394.64,394.64,0,0
MBR_MV,D,20190719,000000,404.76,404.76,404.76,404.76,0,0
MBR_MV,D,20190722,000000,394.64,404.76,391.27,401.38,0,0
MBR_MV,D,20190724,000000,401.38,401.38,401.38,401.38,0,0
MBR_MV,D,20190726,000000,394.64,401.38,394.64,394.64,0,0
MBR_MV,D,20190729,000000,401.38,401.38,401.38,401.38,0,0
MBR_MV,D,20190731,000000,391.27,401.38,391.27,401.38,0,0
MBR_MV,D,20190807,000000,401.38,401.38,401.38,401.38,0,0
MBR_MV,D,20190814,000000,387.09,387.09,387.09,387.09,0,0
MBR_MV,D,20190816,000000,397.1,397.1,397.1,397.1,0,0
MBR_MV,D,20190820,000000,397.1,397.1,397.1,397.1,0,0
MBR_MV,D,20190821,000000,397.1,397.1,387.09,390.43,0,0
MBR_MV,D,20190829,000000,383.75,383.75,360.39,367.08,0,0
MBR_MV,D,20190830,000000,367.08,367.08,367.08,367.08,0,0
MBR_MV,D,20190903,000000,377.08,377.08,370.41,370.41,0,0
MBR_MV,D,20190904,000000,363.73,363.73,363.73,363.73,0,0
MBR_MV,D,20190905,000000,363.73,363.73,360.39,360.39,0,0
MBR_MV,D,20190906,000000,333.7,360.39,308.67,360.39,0,0
MBR_MV,D,20190910,000000,353.73,353.73,353.73,353.73,0,0
MBR_MV,D,20190911,000000,357.06,357.06,353.73,357.06,0,0
MBR_MV,D,20190912,000000,340.37,350.39,340.37,350.39,0,0
MBR_MV,D,20190920,000000,337.04,337.04,337.04,337.04,0,0
MBR_MV,D,20190925,000000,340.37,343.71,340.37,340.37,0,0
MBR_MV,D,20190927,000000,337.04,343.71,337.04,343.71,0,0
MBR_MV,D,20191001,000000,350.39,350.39,350.39,350.39,0,0
MBR_MV,D,20191002,000000,350.39,350.39,350.39,350.39,0,0
MBR_MV,D,20191003,000000,347.05,347.05,347.05,347.05,0,0
MBR_MV,D,20191007,000000,343.71,347.05,343.71,343.71,0,0
MBR_MV,D,20191008,000000,332.03,337.04,318.69,337.04,0,0
MBR_MV,D,20191009,000000,328.7,337.04,328.7,328.7,0,0
MBR_MV,D,20191011,000000,333.7,340.37,333.7,340.37,0,0
MBR_MV,D,20191021,000000,340.37,340.37,340.37,340.37,0,0
MBR_MV,D,20191022,000000,340.37,347.05,340.37,343.71,0,0
MBR_MV,D,20191024,000000,347.05,380.42,347.05,380.42,0,0
MBR_MV,D,20191025,000000,380.42,380.42,380.42,380.42,0,0
MBR_MV,D,20191028,000000,383.75,383.75,370.41,370.41,0,0
MBR_MV,D,20191029,000000,373.74,373.74,360.39,360.39,0,0
MBR_MV,D,20191030,000000,357.06,357.06,350.39,350.39,0,0
MBR_MV,D,20191031,000000,360.39,360.39,350.39,350.39,0,0
MBR_MV,D,20191104,000000,363.73,363.73,363.73,363.73,0,0
MBR_MV,D,20191105,000000,353.73,353.73,350.39,350.39,0,0
MBR_MV,D,20191107,000000,350.39,350.39,350.39,350.39,0,0
MBR_MV,D,20191108,000000,343.71,343.71,343.71,343.71,0,0
MBR_MV,D,20191112,000000,357.06,367.08,357.06,367.08,0,0
MBR_MV,D,20191113,000000,373.74,377.08,373.74,377.08,0,0
MBR_MV,D,20191119,000000,373.74,373.74,373.74,373.74,0,0
MBR_MV,D,20191120,000000,367.08,373.74,367.08,367.08,0,0
MBR_MV,D,20191122,000000,360.39,360.39,360.39,360.39,0,0
MBR_MV,D,20191125,000000,357.06,357.06,357.06,357.06,0,0
MBR_MV,D,20191127,000000,360.39,363.73,360.39,363.73,0,0
MBR_MV,D,20191128,000000,367.08,367.08,350.39,350.39,0,0
MBR_MV,D,20191129,000000,353.73,353.73,350.39,350.39,0,0
MBR_MV,D,20191202,000000,353.73,353.73,347.05,347.05,0,0
MBR_MV,D,20191203,000000,337.04,353.73,337.04,353.73,0,0
MBR_MV,D,20191210,000000,337.04,337.04,337.04,337.04,0,0
MBR_MV,D,20191211,000000,353.73,353.73,353.73,353.73,0,0
MBR_MV,D,20191212,000000,353.73,353.73,353.73,353.73,0,0
MBR_MV,D,20191213,000000,357.06,363.73,343.71,363.73,0,0
MBR_MV,D,20191218,000000,357.06,357.06,357.06,357.06,0,0
MBR_MV,D,20191220,000000,347.05,347.05,333.7,347.05,0,0
MBR_MV,D,20200102,000000,343.71,347.05,340.37,347.05,0,0
MBR_MV,D,20200108,000000,347.05,347.05,347.05,347.05,0,0
MBR_MV,D,20200109,000000,347.05,347.05,347.05,347.05,0,0
MBR_MV,D,20200113,000000,347.05,360.39,347.05,353.73,0,0
MBR_MV,D,20200115,000000,357.06,367.08,357.06,367.08,0,0
MBR_MV,D,20200116,000000,367.08,393.77,367.08,393.77,0,0
MBR_MV,D,20200117,000000,427.14,433.81,427.14,433.81,0,0
MBR_MV,D,20200120,000000,493.88,493.88,463.85,463.85,0,0
MBR_MV,D,20200121,000000,430.47,463.85,407.12,463.85,0,0
MBR_MV,D,20200122,000000,463.85,463.85,463.85,463.85,0,0
MBR_MV,D,20200128,000000,463.85,463.85,463.85,463.85,0,0
MBR_MV,D,20200129,000000,460.51,460.51,460.51,460.51,0,0
MBR_MV,D,20200130,000000,463.85,463.85,463.85,463.85,0,0
MBR_MV,D,20200131,000000,433.81,433.81,433.81,433.81,0,0
MBR_MV,D,20200203,000000,473.85,473.85,427.14,430.47,0,0
MBR_MV,D,20200204,000000,437.15,470.52,433.81,470.52,0,0
MBR_MV,D,20200205,000000,467.18,500.55,467.18,500.55,0,0
MBR_MV,D,20200207,000000,500.55,560.61,500.55,520.58,0,0
MBR_MV,D,20200210,000000,533.92,533.92,520.58,533.92,0,0
MBR_MV,D,20200211,000000,550.61,550.61,550.61,550.61,0,0
MBR_MV,D,20200213,000000,547.26,547.26,547.26,547.26,0,0
MBR_MV,D,20200214,000000,540.6,540.6,533.92,533.92,0,0
MBR_MV,D,20200217,000000,533.92,550.61,533.92,547.26,0,0
MBR_MV,D,20200218,000000,553.95,553.95,550.61,553.95,0,0
MBR_MV,D,20200219,000000,573.97,600.66,553.95,600.66,0,0
MBR_MV,D,20200220,000000,600.66,600.66,600.66,600.66,0,0
MBR_MV,D,20200221,000000,583.97,600.66,580.64,600.66,0,0
MBR_MV,D,20200224,000000,617.34,617.34,540.6,540.6,0,0
MBR_MV,D,20200225,000000,537.26,537.26,527.25,533.92,0,0
MBR_MV,D,20200226,000000,517.24,530.58,510.56,527.25,0,0
MBR_MV,D,20200227,000000,533.92,550.61,533.92,540.6,0,0
MBR_MV,D,20200228,000000,540.6,540.6,540.6,540.6,0,0
MBR_MV,D,20200302,000000,543.93,567.29,543.93,567.29,0,0
MBR_MV,D,20200303,000000,567.29,567.29,550.61,563.96,0,0
MBR_MV,D,20200304,000000,563.96,563.96,547.26,547.26,0,0
MBR_MV,D,20200305,000000,563.96,563.96,563.96,563.96,0,0
MBR_MV,D,20200306,000000,600.66,600.66,563.96,587.31,0,0
MBR_MV,D,20200309,000000,587.31,587.31,563.96,563.96,0,0
MBR_MV,D,20200310,000000,543.93,570.62,493.88,540.6,0,0
MBR_MV,D,20200311,000000,523.49,523.49,502.96,502.96,0,0
MBR_MV,D,20200312,000000,502.96,502.96,410.58,410.58,0,0
MBR_MV,D,20200313,000000,410.58,410.58,410.58,410.58,0,0
MBR_MV,D,20200316,000000,427.69,427.69,427.69,427.69,0,0
MBR_MV,D,20200318,000000,427.69,427.69,427.69,427.69,0,0
MBR_MV,D,20200319,000000,461.9,461.9,427.69,461.9,0,0
MBR_MV,D,20200320,000000,502.96,502.96,461.9,502.96,0,0
MBR_MV,D,20200325,000000,489.27,502.96,489.27,489.27,0,0
MBR_MV,D,20200326,000000,482.43,482.43,465.32,465.32,0,0
MBR_MV,D,20200327,000000,468.75,468.75,458.48,465.32,0,0
MBR_MV,D,20200330,000000,461.9,465.32,458.48,458.48,0,0
MBR_MV,D,20200331,000000,455.05,468.75,455.05,468.75,0,0
MBR_MV,D,20200401,000000,455.05,455.05,455.05,455.05,0,0
MBR_MV,D,20200402,000000,458.48,458.48,455.05,455.05,0,0
MBR_MV,D,20200403,000000,455.05,496.12,455.05,496.12,0,0
MBR_MV,D,20200406,000000,492.7,581.65,492.7,571.39,0,0
MBR_MV,D,20200407,000000,571.39,581.65,550.86,581.65,0,0
MBR_MV,D,20200408,000000,550.86,581.65,550.86,578.23,0,0
MBR_MV,D,20200409,000000,578.23,578.23,578.23,578.23,0,0
MBR_MV,D,20200414,000000,574.81,574.81,554.28,564.55,0,0
MBR_MV,D,20200415,000000,564.55,564.55,540.6,564.55,0,0
MBR_MV,D,20200420,000000,554.28,554.28,530.33,533.75,0,0
MBR_MV,D,20200421,000000,509.8,533.75,479.01,479.01,0,0
MBR_MV,D,20200422,000000,479.01,526.91,479.01,526.91,0,0
MBR_MV,D,20200424,000000,513.22,513.22,509.8,509.8,0,0
MBR_MV,D,20200427,000000,526.91,533.75,526.91,526.91,0,0
MBR_MV,D,20200428,000000,533.75,550.86,533.75,550.86,0,0
MBR_MV,D,20200429,000000,550.86,557.7,530.33,530.33,0,0
MBR_MV,D,20200430,000000,554.28,554.28,526.91,547.44,0,0
MBR_MV,D,20200504,000000,547.44,547.44,547.44,547.44,0,0
MBR_MV,D,20200505,000000,547.44,547.44,537.17,537.17,0,0
MBR_MV,D,20200506,000000,540.6,547.44,540.6,547.44,0,0
MBR_MV,D,20200507,000000,554.28,554.28,554.28,554.28,0,0
MBR_MV,D,20200508,000000,557.7,557.7,533.75,533.75,0,0
MBR_MV,D,20200511,000000,554.28,554.28,533.75,533.75,0,0
MBR_MV,D,20200512,000000,554.28,564.55,554.28,564.55,0,0
MBR_MV,D,20200513,000000,564.55,564.55,564.55,564.55,0,0
MBR_MV,D,20200514,000000,564.55,564.55,564.55,564.55,0,0
MBR_MV,D,20200515,000000,544.02,561.12,544.02,561.12,0,0
MBR_MV,D,20200518,000000,561.12,564.55,561.12,564.55,0,0
MBR_MV,D,20200519,000000,564.55,564.55,564.55,564.55,0,0
MBR_MV,D,20200520,000000,547.44,547.44,547.44,547.44,0,0
MBR_MV,D,20200521,000000,550.86,605.6,550.86,605.6,0,0
MBR_MV,D,20200522,000000,612.45,632.97,612.45,632.97,0,0
MBR_MV,D,20200525,000000,632.97,639.82,629.55,639.82,0,0
MBR_MV,D,20200526,000000,639.82,639.82,626.13,626.13,0,0
MBR_MV,D,20200527,000000,626.13,626.13,626.13,626.13,0,0
MBR_MV,D,20200528,000000,626.13,626.13,615.87,615.87,0,0
MBR_MV,D,20200529,000000,615.87,615.87,615.87,615.87,0,0
MBR_MV,D,20200601,000000,591.92,595.34,544.02,578.23,0,0
MBR_MV,D,20200602,000000,578.23,585.07,574.81,574.81,0,0
MBR_MV,D,20200603,000000,591.92,626.13,591.92,626.13,0,0
MBR_MV,D,20200604,000000,629.55,660.35,629.55,650.09,0,0
MBR_MV,D,20200605,000000,660.35,711.67,660.35,711.67,0,0
MBR_MV,D,20200608,000000,752.72,821.16,752.72,759.57,0,0
MBR_MV,D,20200609,000000,828,903.27,752.72,780.1,0,0
MBR_MV,D,20200610,000000,848.53,848.53,793.79,828,0,0
MBR_MV,D,20200612,000000,786.94,814.32,745.89,773.26,0,0
MBR_MV,D,20200615,000000,752.72,793.79,745.89,773.26,0,0
MBR_MV,D,20200616,000000,800.63,807.47,786.94,807.47,0,0
MBR_MV,D,20200617,000000,814.32,821.16,786.94,807.47,0,0
MBR_MV,D,20200618,000000,800.63,814.32,786.94,807.47,0,0
MBR_MV,D,20200619,000000,857.49,864.64,843.2,843.2,0,0
MBR_MV,D,20200622,000000,850.35,850.35,786.03,793.18,0,0
MBR_MV,D,20200623,000000,786.03,786.03,757.45,778.89,0,0
MBR_MV,D,20200624,000000,786.03,800.33,764.6,764.6,0,0
MBR_MV,D,20200625,000000,764.6,764.6,764.6,764.6,0,0
MBR_MV,D,20200626,000000,757.45,757.45,750.31,750.31,0,0
MBR_MV,D,20200629,000000,764.6,793.18,764.6,793.18,0,0
MBR_MV,D,20200630,000000,807.47,807.47,793.18,793.18,0,0
MBR_MV,D,20200701,000000,793.18,800.33,793.18,793.18,0,0
MBR_MV,D,20200702,000000,800.33,800.33,800.33,800.33,0,0
MBR_MV,D,20200703,000000,771.74,786.03,771.74,778.89,0,0
MBR_MV,D,20200706,000000,786.03,793.18,771.74,786.03,0,0
MBR_MV,D,20200707,000000,778.89,778.89,771.74,771.74,0,0
MBR_MV,D,20200708,000000,778.89,800.33,771.74,771.74,0,0
MBR_MV,D,20200709,000000,778.89,778.89,771.74,771.74,0,0
MBR_MV,D,20200710,000000,786.03,786.03,786.03,786.03,0,0
MBR_MV,D,20200713,000000,786.03,786.03,778.89,786.03,0,0
MBR_MV,D,20200714,000000,786.03,786.03,771.74,786.03,0,0
MBR_MV,D,20200715,000000,786.03,857.49,786.03,793.18,0,0
MBR_MV,D,20200716,000000,778.89,778.89,778.89,778.89,0,0
MBR_MV,D,20200717,000000,857.49,886.08,850.35,857.49,0,0
MBR_MV,D,20200720,000000,857.49,921.8,857.49,886.08,0,0
MBR_MV,D,20200721,000000,907.51,921.8,871.78,893.22,0,0
MBR_MV,D,20200722,000000,900.37,921.8,900.37,921.8,0,0
MBR_MV,D,20200723,000000,921.8,928.95,900.37,928.95,0,0
MBR_MV,D,20200724,000000,928.95,928.95,907.51,907.51,0,0
MBR_MV,D,20200727,000000,914.66,914.66,871.78,886.08,0,0
MBR_MV,D,20200728,000000,886.08,886.08,871.78,871.78,0,0
MBR_MV,D,20200729,000000,878.93,878.93,878.93,878.93,0,0
MBR_MV,D,20200730,000000,857.49,857.49,807.47,850.35,0,0
MBR_MV,D,20200731,000000,828.91,900.37,821.76,900.37,0,0
MBR_MV,D,20200803,000000,828.91,878.93,828.91,857.49,0,0
MBR_MV,D,20200804,000000,871.78,871.78,857.49,857.49,0,0
MBR_MV,D,20200805,000000,864.64,878.93,857.49,878.93,0,0
MBR_MV,D,20200806,000000,878.93,878.93,850.35,850.35,0,0
MBR_MV,D,20200807,000000,850.35,878.93,843.2,843.2,0,0
MBR_MV,D,20200810,000000,836.06,836.06,836.06,836.06,0,0
MBR_MV,D,20200811,000000,828.91,843.2,807.47,836.06,0,0
MBR_MV,D,20200812,000000,843.2,893.22,843.2,893.22,0,0
MBR_MV,D,20200813,000000,836.06,921.8,836.06,843.2,0,0
MBR_MV,D,20200814,000000,878.93,878.93,878.93,878.93,0,0
MBR_MV,D,20200817,000000,857.49,864.64,836.06,836.06,0,0
MBR_MV,D,20200818,000000,828.91,828.91,821.76,821.76,0,0
MBR_MV,D,20200819,000000,821.76,821.76,814.62,814.62,0,0
MBR_MV,D,20200820,000000,807.47,807.47,807.47,807.47,0,0
MBR_MV,D,20200821,000000,800.33,814.62,800.33,814.62,0,0
MBR_MV,D,20200824,000000,814.62,821.76,814.62,821.76,0,0
MBR_MV,D,20200825,000000,807.47,807.47,807.47,807.47,0,0
MBR_MV,D,20200826,000000,814.62,814.62,814.62,814.62,0,0
MBR_MV,D,20200828,000000,800.33,800.33,793.18,793.18,0,0
MBR_MV,D,20200831,000000,821.76,836.06,814.62,836.06,0,0
MBR_MV,D,20200901,000000,843.2,843.2,843.2,843.2,0,0
MBR_MV,D,20200902,000000,857.49,857.49,857.49,857.49,0,0
MBR_MV,D,20200903,000000,850.35,850.35,850.35,850.35,0,0
MBR_MV,D,20200904,000000,857.49,914.66,857.49,886.08,0,0
MBR_MV,D,20200907,000000,914.66,914.66,893.22,893.22,0,0
MBR_MV,D,20200908,000000,886.08,886.08,878.93,886.08,0,0
MBR_MV,D,20200909,000000,878.93,878.93,864.64,864.64,0,0
MBR_MV,D,20200910,000000,857.49,893.22,857.49,893.22,0,0
MBR_MV,D,20200914,000000,886.08,886.08,886.08,886.08,0,0
MBR_MV,D,20200915,000000,878.93,893.22,878.93,893.22,0,0
MBR_MV,D,20200916,000000,893.22,893.22,893.22,893.22,0,0
MBR_MV,D,20200917,000000,893.22,893.22,893.22,893.22,0,0
MBR_MV,D,20200918,000000,893.22,900.37,893.22,900.37,0,0
MBR_MV,D,20200921,000000,878.93,878.93,878.93,878.93,0,0
MBR_MV,D,20200922,000000,871.78,871.78,857.49,857.49,0,0
MBR_MV,D,20200923,000000,864.64,871.78,864.64,871.78,0,0
MBR_MV,D,20200924,000000,864.64,864.64,857.49,857.49,0,0
MBR_MV,D,20200925,000000,871.78,871.78,871.78,871.78,0,0
MBR_MV,D,20200928,000000,878.93,878.93,878.93,878.93,0,0
MBR_MV,D,20201001,000000,857.49,878.93,857.49,878.93,0,0
MBR_MV,D,20201002,000000,871.78,914.66,871.78,914.66,0,0
MBR_MV,D,20201005,000000,893.22,900.37,857.49,900.37,0,0
MBR_MV,D,20201006,000000,893.22,950.39,893.22,950.39,0,0
MBR_MV,D,20201007,000000,950.39,986.12,943.24,986.12,0,0
MBR_MV,D,20201008,000000,993.26,1036.14,993.26,1014.7,0,0
MBR_MV,D,20201009,000000,1000.41,1000.41,950.39,957.53,0,0
MBR_MV,D,20201012,000000,936.1,936.1,936.1,936.1,0,0
MBR_MV,D,20201013,000000,971.82,1050.43,971.82,1021.85,0,0
MBR_MV,D,20201014,000000,1028.99,1071.87,1025.76,1025.76,0,0
MBR_MV,D,20201015,000000,1046.84,1046.84,1018.74,1018.74,0,0
MBR_MV,D,20201016,000000,1046.84,1053.87,983.61,983.61,0,0
