<TICKER>,<PER>,<DATE>,<TIME>,<OPEN>,<HIGH>,<LOW>,<CLOSE>,<VOL>,<OPENINT>
MBR_PE,D,20100811,000000,24.6,27.06,24.6,26.969,0,0
MBR_PE,D,20100813,000000,23.233,26.513,23.233,24.6,0,0
MBR_PE,D,20100816,000000,24.6,24.6,24.6,24.6,0,0
MBR_PE,D,20100818,000000,25.783,25.783,25.783,25.783,0,0
MBR_PE,D,20100823,000000,25.783,26.969,25.783,26.969,0,0
MBR_PE,D,20100824,000000,26.969,26.969,26.969,26.969,0,0
MBR_PE,D,20100830,000000,26.969,26.969,26.969,26.969,0,0
MBR_PE,D,20100901,000000,26.969,26.969,26.877,26.969,0,0
MBR_PE,D,20100902,000000,26.969,27.516,26.969,27.516,0,0
MBR_PE,D,20100903,000000,27.516,27.516,27.151,27.516,0,0
MBR_PE,D,20100906,000000,27.516,27.516,27.516,27.516,0,0
MBR_PE,D,20100907,000000,27.516,27.697,27.516,27.697,0,0
MBR_PE,D,20100908,000000,27.697,27.879,27.697,27.879,0,0
MBR_PE,D,20100909,000000,27.879,28.061,27.879,28.061,0,0
MBR_PE,D,20100910,000000,28.061,28.061,28.061,28.061,0,0
MBR_PE,D,20100913,000000,28.153,28.153,28.153,28.153,0,0
MBR_PE,D,20100914,000000,28.153,29.337,28.153,29.337,0,0
MBR_PE,D,20100915,000000,30.34,30.34,30.34,30.34,0,0
MBR_PE,D,20100916,000000,30.431,30.431,30.34,30.34,0,0
MBR_PE,D,20100920,000000,30.248,30.248,30.248,30.248,0,0
MBR_PE,D,20100922,000000,30.158,30.158,29.884,29.884,0,0
MBR_PE,D,20100923,000000,29.884,29.884,29.884,29.884,0,0
MBR_PE,D,20100924,000000,29.337,29.52,29.064,29.337,0,0
MBR_PE,D,20100927,000000,30.248,30.248,30.248,30.248,0,0
MBR_PE,D,20100928,000000,29.793,30.431,29.793,30.431,0,0
MBR_PE,D,20100929,000000,30.248,30.248,29.976,30.248,0,0
MBR_PE,D,20100930,000000,30.521,30.521,30.248,30.521,0,0
MBR_PE,D,20101001,000000,30.612,30.612,30.521,30.521,0,0
MBR_PE,D,20101004,000000,30.521,30.521,30.521,30.521,0,0
MBR_PE,D,20101005,000000,30.066,30.158,30.066,30.158,0,0
MBR_PE,D,20101006,000000,30.612,30.885,30.612,30.795,0,0
MBR_PE,D,20101007,000000,30.885,30.885,30.795,30.795,0,0
MBR_PE,D,20101008,000000,29.52,30.885,29.246,30.885,0,0
MBR_PE,D,20101011,000000,31.068,31.25,30.703,31.25,0,0
MBR_PE,D,20101012,000000,31.341,31.524,31.341,31.432,0,0
MBR_PE,D,20101013,000000,31.797,32.618,31.797,32.618,0,0
MBR_PE,D,20101014,000000,32.618,32.89,31.706,32.618,0,0
MBR_PE,D,20101015,000000,32.708,32.8,32.708,32.8,0,0
MBR_PE,D,20101018,000000,31.615,32.708,31.432,31.706,0,0
MBR_PE,D,20101019,000000,31.706,31.706,31.524,31.706,0,0
MBR_PE,D,20101020,000000,31.25,31.706,30.521,31.706,0,0
MBR_PE,D,20101021,000000,31.706,32.162,31.706,32.07,0,0
MBR_PE,D,20101022,000000,31.615,31.706,31.615,31.706,0,0
MBR_PE,D,20101025,000000,32.618,32.618,32.162,32.162,0,0
MBR_PE,D,20101026,000000,32.618,32.618,32.526,32.526,0,0
MBR_PE,D,20101027,000000,32.618,32.618,31.615,31.706,0,0
MBR_PE,D,20101028,000000,32.618,32.618,32.618,32.618,0,0
MBR_PE,D,20101029,000000,32.252,32.252,31.25,32.252,0,0
MBR_PE,D,20101102,000000,31.706,32.162,31.706,32.162,0,0
MBR_PE,D,20101103,000000,31.706,32.162,31.25,32.07,0,0
MBR_PE,D,20101104,000000,30.977,32.252,30.977,32.252,0,0
MBR_PE,D,20101105,000000,31.706,32.252,31.615,32.252,0,0
MBR_PE,D,20101108,000000,32.252,44.279,31.432,44.279,0,0
MBR_PE,D,20101109,000000,44.279,44.279,44.279,44.279,0,0
MBR_PE,D,20101110,000000,44.188,44.279,43.095,44.279,0,0
MBR_PE,D,20101112,000000,44.279,44.279,43.003,44.279,0,0
MBR_PE,D,20101115,000000,44.279,44.279,44.279,44.279,0,0
MBR_PE,D,20101116,000000,44.279,44.279,44.279,44.279,0,0
MBR_PE,D,20101117,000000,44.279,44.279,44.279,44.279,0,0
MBR_PE,D,20101118,000000,45.008,45.189,45.008,45.189,0,0
MBR_PE,D,20101119,000000,44.918,45.099,44.918,45.099,0,0
MBR_PE,D,20101123,000000,44.644,46.557,44.644,46.557,0,0
MBR_PE,D,20101124,000000,47.742,47.832,47.742,47.832,0,0
MBR_PE,D,20101125,000000,51.658,51.658,51.658,51.658,0,0
MBR_PE,D,20101126,000000,51.386,51.658,51.386,51.658,0,0
MBR_PE,D,20101129,000000,51.658,51.658,51.658,51.658,0,0
MBR_PE,D,20101130,000000,51.658,53.299,51.658,51.658,0,0
MBR_PE,D,20101201,000000,51.658,51.658,51.658,51.658,0,0
MBR_PE,D,20101202,000000,51.658,51.658,51.658,51.658,0,0
MBR_PE,D,20101203,000000,51.658,51.658,51.658,51.658,0,0
MBR_PE,D,20101207,000000,51.658,51.658,51.658,51.658,0,0
MBR_PE,D,20101208,000000,51.658,51.658,51.658,51.658,0,0
MBR_PE,D,20101209,000000,51.02,51.02,51.02,51.02,0,0
MBR_PE,D,20101213,000000,47.832,51.02,47.832,51.02,0,0
MBR_PE,D,20101214,000000,44.006,50.93,44.006,50.93,0,0
MBR_PE,D,20101216,000000,50.657,50.657,50.657,50.657,0,0
MBR_PE,D,20101217,000000,50.657,50.657,50.657,50.657,0,0
MBR_PE,D,20101220,000000,50.657,50.657,50.657,50.657,0,0
MBR_PE,D,20101221,000000,50.657,50.657,50.657,50.657,0,0
MBR_PE,D,20101222,000000,50.657,50.657,44.279,50.657,0,0
MBR_PE,D,20101223,000000,50.657,50.657,44.37,50.384,0,0
MBR_PE,D,20101227,000000,47.832,50.384,47.832,50.384,0,0
MBR_PE,D,20101228,000000,50.384,50.384,44.37,49.836,0,0
MBR_PE,D,20101229,000000,49.654,49.836,49.654,49.836,0,0
MBR_PE,D,20101230,000000,49.382,49.382,49.382,49.382,0,0
MBR_PE,D,20101231,000000,49.382,49.382,49.382,49.382,0,0
MBR_PE,D,20110103,000000,47.194,49.382,47.194,49.382,0,0
MBR_PE,D,20110104,000000,49.382,49.382,49.382,49.382,0,0
MBR_PE,D,20110105,000000,49.382,49.382,49.382,49.382,0,0
MBR_PE,D,20110107,000000,47.832,49.108,47.832,49.108,0,0
MBR_PE,D,20110110,000000,47.832,47.832,47.832,47.832,0,0
MBR_PE,D,20110111,000000,47.832,47.832,47.832,47.832,0,0
MBR_PE,D,20110112,000000,47.56,47.56,47.468,47.468,0,0
MBR_PE,D,20110113,000000,43.641,46.192,43.641,46.01,0,0
MBR_PE,D,20110114,000000,45.919,45.919,45.919,45.919,0,0
MBR_PE,D,20110118,000000,45.737,45.737,45.737,45.737,0,0
MBR_PE,D,20110119,000000,45.919,45.919,43.641,44.644,0,0
MBR_PE,D,20110121,000000,41.455,44.462,41.455,44.279,0,0
MBR_PE,D,20110124,000000,44.279,44.279,41.455,44.279,0,0
MBR_PE,D,20110126,000000,44.188,44.188,44.188,44.188,0,0
MBR_PE,D,20110127,000000,44.188,44.188,44.188,44.188,0,0
MBR_PE,D,20110128,000000,44.188,44.188,44.188,44.188,0,0
MBR_PE,D,20110131,000000,41.637,43.368,38.266,43.368,0,0
MBR_PE,D,20110201,000000,39.905,41.455,38.266,40.817,0,0
MBR_PE,D,20110202,000000,40.179,41.455,40.179,41.455,0,0
MBR_PE,D,20110203,000000,39.905,40.543,38.266,40.453,0,0
MBR_PE,D,20110204,000000,38.266,40.453,38.266,40.453,0,0
MBR_PE,D,20110210,000000,40.453,40.453,40.453,40.453,0,0
MBR_PE,D,20110215,000000,39.177,40.088,39.177,40.088,0,0
MBR_PE,D,20110216,000000,39.632,39.632,39.632,39.632,0,0
MBR_PE,D,20110218,000000,39.177,39.177,39.177,39.177,0,0
MBR_PE,D,20110221,000000,39.177,39.632,39.177,39.632,0,0
MBR_PE,D,20110222,000000,39.632,40.088,39.632,40.088,0,0
MBR_PE,D,20110223,000000,40.361,40.361,40.361,40.361,0,0
MBR_PE,D,20110224,000000,40.361,40.361,40.361,40.361,0,0
MBR_PE,D,20110225,000000,40.361,41.637,40.361,41.637,0,0
MBR_PE,D,20110228,000000,41.637,41.637,41.637,41.637,0,0
MBR_PE,D,20110301,000000,41.637,42.547,41.637,42.547,0,0
MBR_PE,D,20110304,000000,42.547,42.547,42.547,42.547,0,0
MBR_PE,D,20110308,000000,42.547,42.547,42.547,42.547,0,0
MBR_PE,D,20110310,000000,42.274,42.274,42.274,42.274,0,0
MBR_PE,D,20110311,000000,42.093,42.093,42.093,42.093,0,0
MBR_PE,D,20110315,000000,41.637,41.637,41.637,41.637,0,0
MBR_PE,D,20110316,000000,42.274,42.274,40.27,41.911,0,0
MBR_PE,D,20110317,000000,41.911,41.911,41.911,41.911,0,0
MBR_PE,D,20110318,000000,41.911,41.911,41.911,41.911,0,0
MBR_PE,D,20110321,000000,41.911,42.274,41.911,42.274,0,0
MBR_PE,D,20110322,000000,42.274,42.274,42.274,42.274,0,0
MBR_PE,D,20110324,000000,42.274,42.457,42.274,42.457,0,0
MBR_PE,D,20110325,000000,42.457,42.457,42.457,42.457,0,0
MBR_PE,D,20110328,000000,42.274,42.274,42.274,42.274,0,0
MBR_PE,D,20110329,000000,41.637,41.637,41.637,41.637,0,0
MBR_PE,D,20110331,000000,41.728,41.819,41.728,41.819,0,0
MBR_PE,D,20110408,000000,40.27,41.819,40.27,41.819,0,0
MBR_PE,D,20110411,000000,41.819,41.819,41.819,41.819,0,0
MBR_PE,D,20110412,000000,41.546,41.546,41.455,41.455,0,0
MBR_PE,D,20110413,000000,41.455,41.455,41.455,41.455,0,0
MBR_PE,D,20110414,000000,38.631,41.455,38.631,41.455,0,0
MBR_PE,D,20110415,000000,41.455,41.455,41.455,41.455,0,0
MBR_PE,D,20110418,000000,41.455,41.455,41.455,41.455,0,0
MBR_PE,D,20110419,000000,38.631,41.455,38.631,41.455,0,0
MBR_PE,D,20110420,000000,38.357,41.819,38.357,41.819,0,0
MBR_PE,D,20110421,000000,40.27,41.546,40.27,41.455,0,0
MBR_PE,D,20110427,000000,38.357,40.817,37.719,40.817,0,0
MBR_PE,D,20110428,000000,39.905,40.543,39.905,40.543,0,0
MBR_PE,D,20110429,000000,38.357,41.455,37.446,41.455,0,0
MBR_PE,D,20110502,000000,41.181,41.455,38.266,41.455,0,0
MBR_PE,D,20110505,000000,38.539,40.088,38.539,40.088,0,0
MBR_PE,D,20110506,000000,38.266,40.27,38.083,40.27,0,0
MBR_PE,D,20110509,000000,38.449,39.905,38.266,39.905,0,0
MBR_PE,D,20110510,000000,50.566,50.566,50.566,50.566,0,0
MBR_PE,D,20110511,000000,48.561,49.746,48.561,49.746,0,0
MBR_PE,D,20110512,000000,47.377,49.746,47.377,49.746,0,0
MBR_PE,D,20110516,000000,49.564,49.564,49.564,49.564,0,0
MBR_PE,D,20110517,000000,47.012,49.928,47.012,49.928,0,0
MBR_PE,D,20110518,000000,47.56,49.928,47.56,49.928,0,0
MBR_PE,D,20110519,000000,47.56,51.386,46.648,51.386,0,0
MBR_PE,D,20110523,000000,48.379,50.566,47.65,50.566,0,0
MBR_PE,D,20110525,000000,48.196,50.566,47.377,50.475,0,0
MBR_PE,D,20110526,000000,47.923,49.29,47.377,49.29,0,0
MBR_PE,D,20110527,000000,47.56,49.29,47.377,49.29,0,0
MBR_PE,D,20110530,000000,47.56,49.108,47.377,49.108,0,0
MBR_PE,D,20110531,000000,47.377,49.29,47.377,49.29,0,0
MBR_PE,D,20110601,000000,49.928,52.479,48.561,52.479,0,0
MBR_PE,D,20110602,000000,54.939,54.939,50.566,53.299,0,0
MBR_PE,D,20110603,000000,53.299,53.299,49.746,53.299,0,0
MBR_PE,D,20110606,000000,53.299,53.299,50.566,52.57,0,0
MBR_PE,D,20110609,000000,50.566,52.57,50.566,52.57,0,0
MBR_PE,D,20110610,000000,52.479,52.479,52.479,52.479,0,0
MBR_PE,D,20110613,000000,52.479,52.479,52.479,52.479,0,0
MBR_PE,D,20110614,000000,50.566,52.206,47.832,52.114,0,0
MBR_PE,D,20110615,000000,49.382,51.386,47.832,51.386,0,0
MBR_PE,D,20110617,000000,52.388,52.388,52.388,52.388,0,0
MBR_PE,D,20110620,000000,52.388,52.388,52.388,52.388,0,0
MBR_PE,D,20110622,000000,50.019,52.388,50.019,52.388,0,0
MBR_PE,D,20110624,000000,51.112,52.388,51.112,52.388,0,0
MBR_PE,D,20110627,000000,52.388,52.388,49.928,52.296,0,0
MBR_PE,D,20110629,000000,52.114,52.114,52.114,52.114,0,0
MBR_PE,D,20110630,000000,52.114,52.114,52.114,52.114,0,0
MBR_PE,D,20110701,000000,52.114,52.114,52.114,52.114,0,0
MBR_PE,D,20110704,000000,52.114,52.114,52.114,52.114,0,0
MBR_PE,D,20110705,000000,52.114,52.114,52.114,52.114,0,0
MBR_PE,D,20110706,000000,49.746,52.114,49.746,52.114,0,0
MBR_PE,D,20110707,000000,52.114,52.114,52.114,52.114,0,0
MBR_PE,D,20110708,000000,49.746,51.386,49.746,51.386,0,0
MBR_PE,D,20110712,000000,50.019,51.112,50.019,51.112,0,0
MBR_PE,D,20110713,000000,52.114,52.114,52.114,52.114,0,0
MBR_PE,D,20110718,000000,51.476,51.476,51.476,51.476,0,0
MBR_PE,D,20110719,000000,52.114,52.114,52.114,52.114,0,0
MBR_PE,D,20110720,000000,51.568,52.114,49.198,52.114,0,0
MBR_PE,D,20110725,000000,52.114,52.114,52.114,52.114,0,0
MBR_PE,D,20110726,000000,52.114,52.114,52.114,52.114,0,0
MBR_PE,D,20110728,000000,52.114,52.114,49.108,51.932,0,0
MBR_PE,D,20110729,000000,49.928,51.932,49.928,51.932,0,0
MBR_PE,D,20110802,000000,51.294,51.294,51.294,51.294,0,0
MBR_PE,D,20110803,000000,51.294,51.294,49.928,49.928,0,0
MBR_PE,D,20110804,000000,50.748,50.748,44.644,44.644,0,0
MBR_PE,D,20110805,000000,42.274,45.189,41.637,45.189,0,0
MBR_PE,D,20110808,000000,43.185,44.644,43.185,44.644,0,0
MBR_PE,D,20110809,000000,42.457,43.915,42.457,43.915,0,0
MBR_PE,D,20110810,000000,42.093,42.093,42.093,42.093,0,0
MBR_PE,D,20110811,000000,40.999,40.999,36.626,39.177,0,0
MBR_PE,D,20110812,000000,36.99,41.728,36.626,41.728,0,0
MBR_PE,D,20110816,000000,36.626,42.093,36.626,39.541,0,0
MBR_PE,D,20110817,000000,41.728,41.728,41.728,41.728,0,0
MBR_PE,D,20110818,000000,38.449,38.449,38.449,38.449,0,0
MBR_PE,D,20110819,000000,38.083,40.27,38.083,40.27,0,0
MBR_PE,D,20110822,000000,40.999,40.999,40.999,40.999,0,0
MBR_PE,D,20110823,000000,40.27,40.27,40.27,40.27,0,0
MBR_PE,D,20110824,000000,40.999,40.999,40.999,40.999,0,0
MBR_PE,D,20110825,000000,40.999,40.999,40.999,40.999,0,0
MBR_PE,D,20110826,000000,40.999,40.999,40.999,40.999,0,0
MBR_PE,D,20110829,000000,41.728,41.728,41.728,41.728,0,0
MBR_PE,D,20110831,000000,41.546,42.093,41.546,42.093,0,0
MBR_PE,D,20110901,000000,41.728,42.457,41.728,42.457,0,0
MBR_PE,D,20110905,000000,42.457,42.457,42.457,42.457,0,0
MBR_PE,D,20110906,000000,42.457,42.457,42.457,42.457,0,0
MBR_PE,D,20110907,000000,42.457,42.457,42.457,42.457,0,0
MBR_PE,D,20110908,000000,42.457,42.457,42.457,42.457,0,0
MBR_PE,D,20110909,000000,40.27,40.27,40.27,40.27,0,0
MBR_PE,D,20110912,000000,38.083,38.083,38.083,38.083,0,0
MBR_PE,D,20110913,000000,39.541,40.999,39.541,40.999,0,0
MBR_PE,D,20110914,000000,38.083,40.999,32.982,40.999,0,0
MBR_PE,D,20110915,000000,38.813,40.635,38.813,40.635,0,0
MBR_PE,D,20110916,000000,40.999,40.999,38.813,38.813,0,0
MBR_PE,D,20110919,000000,39.541,39.541,39.541,39.541,0,0
MBR_PE,D,20110920,000000,39.541,40.999,39.541,40.999,0,0
MBR_PE,D,20110921,000000,40.999,40.999,40.999,40.999,0,0
MBR_PE,D,20110922,000000,42.093,42.093,42.093,42.093,0,0
MBR_PE,D,20110923,000000,39.541,39.541,39.541,39.541,0,0
MBR_PE,D,20110926,000000,40.27,40.27,37.719,40.27,0,0
MBR_PE,D,20110927,000000,40.27,40.27,40.27,40.27,0,0
MBR_PE,D,20110928,000000,40.27,40.27,40.27,40.27,0,0
MBR_PE,D,20110929,000000,40.27,40.27,40.27,40.27,0,0
MBR_PE,D,20110930,000000,40.27,40.27,40.27,40.27,0,0
MBR_PE,D,20111003,000000,40.27,40.27,40.27,40.27,0,0
MBR_PE,D,20111004,000000,40.27,40.27,39.541,39.541,0,0
MBR_PE,D,20111005,000000,40.27,40.27,40.27,40.27,0,0
MBR_PE,D,20111006,000000,40.179,40.179,40.179,40.179,0,0
MBR_PE,D,20111007,000000,40.27,40.27,40.27,40.27,0,0
MBR_PE,D,20111010,000000,40.088,40.088,40.088,40.088,0,0
MBR_PE,D,20111011,000000,40.088,40.088,40.088,40.088,0,0
MBR_PE,D,20111012,000000,40.088,40.27,40.088,40.27,0,0
MBR_PE,D,20111013,000000,40.27,40.27,40.27,40.27,0,0
MBR_PE,D,20111014,000000,40.179,40.179,40.179,40.179,0,0
MBR_PE,D,20111017,000000,40.27,40.27,40.27,40.27,0,0
MBR_PE,D,20111018,000000,40.27,40.27,40.27,40.27,0,0
MBR_PE,D,20111019,000000,40.27,40.27,40.27,40.27,0,0
MBR_PE,D,20111020,000000,40.179,40.179,40.179,40.179,0,0
MBR_PE,D,20111021,000000,40.635,40.635,40.635,40.635,0,0
MBR_PE,D,20111024,000000,40.635,40.635,40.635,40.635,0,0
MBR_PE,D,20111025,000000,40.635,40.635,40.635,40.635,0,0
MBR_PE,D,20111026,000000,40.635,40.635,40.635,40.635,0,0
MBR_PE,D,20111027,000000,40.635,40.635,40.635,40.635,0,0
MBR_PE,D,20111028,000000,40.635,40.635,40.635,40.635,0,0
MBR_PE,D,20111031,000000,40.635,42.093,40.635,42.093,0,0
MBR_PE,D,20111103,000000,42.093,42.093,42.093,42.093,0,0
MBR_PE,D,20111104,000000,42.093,42.093,42.093,42.093,0,0
MBR_PE,D,20111107,000000,42.093,42.093,42.093,42.093,0,0
MBR_PE,D,20111108,000000,42.093,42.093,42.093,42.093,0,0
MBR_PE,D,20111109,000000,40.635,40.635,40.635,40.635,0,0
MBR_PE,D,20111110,000000,40.635,40.635,40.635,40.635,0,0
MBR_PE,D,20111114,000000,40.635,40.635,40.635,40.635,0,0
MBR_PE,D,20111115,000000,40.635,40.635,40.635,40.635,0,0
MBR_PE,D,20111128,000000,41.546,43.095,41.181,43.095,0,0
MBR_PE,D,20111129,000000,43.095,43.095,43.095,43.095,0,0
MBR_PE,D,20111130,000000,43.095,43.095,43.095,43.095,0,0
MBR_PE,D,20111208,000000,41.181,42.729,41.181,42.729,0,0
MBR_PE,D,20111209,000000,39.997,42.729,39.997,41.546,0,0
MBR_PE,D,20111212,000000,39.45,42.729,39.177,42.729,0,0
MBR_PE,D,20111213,000000,40.817,40.817,38.813,39.997,0,0
MBR_PE,D,20111214,000000,39.997,39.997,38.083,39.997,0,0
MBR_PE,D,20111219,000000,39.268,39.268,37.446,39.177,0,0
MBR_PE,D,20111222,000000,37.446,37.628,37.446,37.628,0,0
MBR_PE,D,20111223,000000,36.444,36.444,36.444,36.444,0,0
MBR_PE,D,20111227,000000,37.264,37.264,37.264,37.264,0,0
MBR_PE,D,20120103,000000,37.446,37.446,37.446,37.446,0,0
MBR_PE,D,20120105,000000,38.266,38.266,38.266,38.266,0,0
MBR_PE,D,20120112,000000,37.719,37.719,37.628,37.628,0,0
MBR_PE,D,20120113,000000,37.993,37.993,37.993,37.993,0,0
MBR_PE,D,20120119,000000,37.993,37.993,37.993,37.993,0,0
MBR_PE,D,20120125,000000,36.534,36.534,36.262,36.262,0,0
MBR_PE,D,20120126,000000,36.808,37.993,36.808,37.993,0,0
MBR_PE,D,20120130,000000,36.079,36.079,36.079,36.079,0,0
MBR_PE,D,20120131,000000,37.901,37.993,37.901,37.993,0,0
MBR_PE,D,20120213,000000,37.993,37.993,37.993,37.993,0,0
MBR_PE,D,20120215,000000,36.171,36.262,36.171,36.262,0,0
MBR_PE,D,20120217,000000,75.985,77.533,75.985,77.533,0,0
MBR_PE,D,20120222,000000,76.714,76.806,76.714,76.806,0,0
MBR_PE,D,20120229,000000,76.532,76.806,76.532,76.806,0,0
MBR_PE,D,20120301,000000,76.806,76.806,76.806,76.806,0,0
MBR_PE,D,20120302,000000,80.267,80.267,80.267,80.267,0,0
MBR_PE,D,20120307,000000,76.35,77.533,76.35,77.533,0,0
MBR_PE,D,20120313,000000,76.623,76.806,76.623,76.806,0,0
MBR_PE,D,20120314,000000,77.989,77.989,77.989,77.989,0,0
MBR_PE,D,20120315,000000,77.898,77.989,77.898,77.989,0,0
MBR_PE,D,20120322,000000,78.171,78.171,78.081,78.081,0,0
MBR_PE,D,20120329,000000,77.443,77.533,77.443,77.533,0,0
MBR_PE,D,20120330,000000,77.898,77.898,77.898,77.898,0,0
MBR_PE,D,20120402,000000,77.625,77.625,77.533,77.533,0,0
MBR_PE,D,20120403,000000,77.898,77.989,77.898,77.989,0,0
MBR_PE,D,20120416,000000,76.623,76.806,76.623,76.806,0,0
MBR_PE,D,20120425,000000,76.806,76.806,76.806,76.806,0,0
MBR_PE,D,20120427,000000,76.806,76.806,76.806,76.806,0,0
MBR_PE,D,20120430,000000,76.806,76.806,76.806,76.806,0,0
MBR_PE,D,20120507,000000,73.343,73.343,73.343,73.343,0,0
MBR_PE,D,20120508,000000,76.806,86.371,76.806,86.371,0,0
MBR_PE,D,20120509,000000,82.454,86.371,82.454,86.371,0,0
MBR_PE,D,20120518,000000,74.162,77.715,69.881,74.162,0,0
MBR_PE,D,20120521,000000,69.242,69.242,65.962,69.242,0,0
MBR_PE,D,20120522,000000,65.962,65.962,62.683,62.683,0,0
MBR_PE,D,20120523,000000,62.501,62.501,59.676,59.676,0,0
MBR_PE,D,20120524,000000,59.676,59.676,58.492,58.492,0,0
MBR_PE,D,20120528,000000,58.492,58.492,58.492,58.492,0,0
MBR_PE,D,20120530,000000,58.492,58.492,58.492,58.492,0,0
MBR_PE,D,20120531,000000,58.127,58.127,58.127,58.127,0,0
MBR_PE,D,20120612,000000,55.851,55.851,55.759,55.759,0,0
MBR_PE,D,20120613,000000,55.759,55.759,55.759,55.759,0,0
MBR_PE,D,20120615,000000,58.492,58.492,58.492,58.492,0,0
MBR_PE,D,20120619,000000,56.488,56.488,55.759,55.759,0,0
MBR_PE,D,20120622,000000,55.759,55.759,53.573,55.759,0,0
MBR_PE,D,20120625,000000,58.492,58.492,58.492,58.492,0,0
MBR_PE,D,20120629,000000,56.123,58.127,56.123,58.127,0,0
MBR_PE,D,20120702,000000,58.127,58.127,58.127,58.127,0,0
MBR_PE,D,20120710,000000,57.855,58.127,57.763,57.763,0,0
MBR_PE,D,20120711,000000,57.672,57.763,57.672,57.672,0,0
MBR_PE,D,20120716,000000,55.03,55.03,55.03,55.03,0,0
MBR_PE,D,20120717,000000,52.479,52.57,52.479,52.57,0,0
MBR_PE,D,20120718,000000,50.384,50.384,50.292,50.292,0,0
MBR_PE,D,20120725,000000,49.472,49.472,47.104,47.104,0,0
MBR_PE,D,20120726,000000,45.372,45.372,45.372,45.372,0,0
MBR_PE,D,20120727,000000,43.185,43.185,43.185,43.185,0,0
MBR_PE,D,20120730,000000,45.372,45.372,45.372,45.372,0,0
MBR_PE,D,20120731,000000,47.104,49.472,47.104,49.472,0,0
MBR_PE,D,20120801,000000,49.472,49.472,49.472,49.472,0,0
MBR_PE,D,20120807,000000,47.104,47.56,45.372,47.56,0,0
MBR_PE,D,20120809,000000,47.56,57.581,47.56,57.581,0,0
MBR_PE,D,20120810,000000,57.672,57.672,54.939,57.581,0,0
MBR_PE,D,20120814,000000,48.652,52.388,48.652,48.652,0,0
MBR_PE,D,20120816,000000,48.652,48.652,48.652,48.652,0,0
MBR_PE,D,20120817,000000,46.466,48.652,46.374,48.652,0,0
MBR_PE,D,20120820,000000,46.466,46.466,46.466,46.466,0,0
MBR_PE,D,20120831,000000,47.194,47.194,47.104,47.104,0,0
MBR_PE,D,20120903,000000,47.104,47.104,46.374,46.466,0,0
MBR_PE,D,20120907,000000,45.008,46.466,44.918,44.918,0,0
MBR_PE,D,20120911,000000,42.821,44.918,42.821,42.821,0,0
MBR_PE,D,20120913,000000,43.003,43.095,42.821,43.095,0,0
MBR_PE,D,20120914,000000,43.185,44.918,43.185,43.733,0,0
MBR_PE,D,20120917,000000,44.188,44.188,43.733,44.097,0,0
MBR_PE,D,20120926,000000,42.093,42.457,41.546,42.457,0,0
MBR_PE,D,20120928,000000,42.457,42.457,42.457,42.457,0,0
MBR_PE,D,20121003,000000,42.457,42.457,42.457,42.457,0,0
MBR_PE,D,20121005,000000,42.457,42.457,41.546,42.457,0,0
MBR_PE,D,20121011,000000,40.543,42.457,40.453,40.453,0,0
MBR_PE,D,20121026,000000,38.995,38.995,38.904,38.904,0,0
MBR_PE,D,20121029,000000,36.626,38.904,36.626,36.716,0,0
MBR_PE,D,20121031,000000,36.716,36.716,36.716,36.716,0,0
MBR_PE,D,20121102,000000,36.716,36.716,36.716,36.716,0,0
MBR_PE,D,20121112,000000,36.716,36.716,24.509,24.509,0,0
MBR_PE,D,20121119,000000,24.053,24.509,24.053,24.509,0,0
MBR_PE,D,20121120,000000,24.963,25.055,24.509,24.963,0,0
MBR_PE,D,20121121,000000,24.963,24.963,24.963,24.963,0,0
MBR_PE,D,20121129,000000,24.963,24.963,23.779,24.691,0,0
MBR_PE,D,20121130,000000,24.963,24.963,24.963,24.963,0,0
MBR_PE,D,20121205,000000,24.963,24.963,24.963,24.963,0,0
MBR_PE,D,20121207,000000,24.963,24.963,24.963,24.963,0,0
MBR_PE,D,20121212,000000,24.963,29.976,24.963,26.239,0,0
MBR_PE,D,20121213,000000,26.239,26.239,26.239,26.239,0,0
MBR_PE,D,20121214,000000,24.963,24.963,24.963,24.963,0,0
MBR_PE,D,20121217,000000,26.149,26.239,26.149,26.239,0,0
MBR_PE,D,20121218,000000,25.055,25.055,24.053,24.963,0,0
MBR_PE,D,20121219,000000,24.963,24.963,24.963,24.963,0,0
MBR_PE,D,20121220,000000,24.963,24.963,24.963,24.963,0,0
MBR_PE,D,20121228,000000,24.963,24.963,24.963,24.963,0,0
MBR_PE,D,20130102,000000,24.963,24.963,24.963,24.963,0,0
MBR_PE,D,20130109,000000,22.959,22.959,22.959,22.959,0,0
MBR_PE,D,20130110,000000,22.959,22.959,22.959,22.959,0,0
MBR_PE,D,20130130,000000,22.959,22.959,22.959,22.959,0,0
MBR_PE,D,20130131,000000,23.962,23.962,23.962,23.962,0,0
MBR_PE,D,20130207,000000,24.144,24.144,23.962,24.144,0,0
MBR_PE,D,20130208,000000,23.597,23.597,23.507,23.507,0,0
MBR_PE,D,20130219,000000,22.959,23.507,22.959,23.507,0,0
MBR_PE,D,20130220,000000,22.412,22.412,21.957,21.957,0,0
MBR_PE,D,20130221,000000,21.957,22.504,21.957,22.504,0,0
MBR_PE,D,20130222,000000,21.047,21.047,21.047,21.047,0,0
MBR_PE,D,20130304,000000,22.412,22.412,22.412,22.412,0,0
MBR_PE,D,20130308,000000,22.412,22.412,22.412,22.412,0,0
MBR_PE,D,20130314,000000,22.412,22.412,22.412,22.412,0,0
MBR_PE,D,20130315,000000,22.412,22.504,22.412,22.504,0,0
MBR_PE,D,20130319,000000,22.504,22.504,22.504,22.504,0,0
MBR_PE,D,20130320,000000,22.504,31.615,22.504,31.615,0,0
MBR_PE,D,20130322,000000,30.248,30.248,30.248,30.248,0,0
MBR_PE,D,20130325,000000,32.8,32.8,30.248,32.8,0,0
MBR_PE,D,20130326,000000,32.8,32.8,32.8,32.8,0,0
MBR_PE,D,20130404,000000,32.8,32.8,32.8,32.8,0,0
MBR_PE,D,20130405,000000,33.164,33.164,33.164,33.164,0,0
MBR_PE,D,20130408,000000,33.346,33.619,33.346,33.528,0,0
MBR_PE,D,20130409,000000,33.528,33.528,30.612,33.528,0,0
MBR_PE,D,20130410,000000,33.528,33.528,33.346,33.346,0,0
MBR_PE,D,20130411,000000,33.437,33.437,32.708,32.708,0,0
MBR_PE,D,20130412,000000,32.708,32.708,30.612,30.612,0,0
MBR_PE,D,20130415,000000,29.52,29.52,29.52,29.52,0,0
MBR_PE,D,20130417,000000,29.155,29.155,27.787,29.155,0,0
MBR_PE,D,20130418,000000,29.155,29.155,27.787,29.155,0,0
MBR_PE,D,20130419,000000,30.158,30.158,30.158,30.158,0,0
MBR_PE,D,20130422,000000,30.158,30.158,30.158,30.158,0,0
MBR_PE,D,20130425,000000,30.158,30.158,30.158,30.158,0,0
MBR_PE,D,20130429,000000,30.158,30.158,30.158,30.158,0,0
MBR_PE,D,20130430,000000,30.158,30.158,30.158,30.158,0,0
MBR_PE,D,20130508,000000,30.158,30.158,30.158,30.158,0,0
MBR_PE,D,20130515,000000,18.131,18.131,18.04,18.131,0,0
MBR_PE,D,20130521,000000,18.222,18.222,18.222,18.222,0,0
MBR_PE,D,20130523,000000,18.222,18.222,18.222,18.222,0,0
MBR_PE,D,20130524,000000,18.131,18.95,18.131,18.95,0,0
MBR_PE,D,20130605,000000,19.042,20.864,18.95,20.864,0,0
MBR_PE,D,20130607,000000,20.864,21.047,20.864,21.047,0,0
MBR_PE,D,20130610,000000,21.047,21.047,21.047,21.047,0,0
MBR_PE,D,20130611,000000,21.047,21.047,21.047,21.047,0,0
MBR_PE,D,20130701,000000,21.319,21.319,21.319,21.319,0,0
MBR_PE,D,20130704,000000,21.319,21.319,21.319,21.319,0,0
MBR_PE,D,20130716,000000,21.047,21.047,21.047,21.047,0,0
MBR_PE,D,20130724,000000,21.047,21.047,21.047,21.047,0,0
MBR_PE,D,20130801,000000,21.503,21.503,21.503,21.503,0,0
MBR_PE,D,20130806,000000,21.503,21.503,21.503,21.503,0,0
MBR_PE,D,20130807,000000,21.503,21.685,21.503,21.593,0,0
MBR_PE,D,20130808,000000,23.597,23.689,23.597,23.689,0,0
MBR_PE,D,20130809,000000,21.047,23.689,21.047,21.047,0,0
MBR_PE,D,20130812,000000,21.047,21.047,21.047,21.047,0,0
MBR_PE,D,20130814,000000,20.591,20.591,20.591,20.591,0,0
MBR_PE,D,20130816,000000,20.591,21.047,20.591,21.047,0,0
MBR_PE,D,20130819,000000,20.591,20.591,20.591,20.591,0,0
MBR_PE,D,20130826,000000,33.801,33.801,33.801,33.801,0,0
MBR_PE,D,20130828,000000,33.073,33.801,33.073,33.073,0,0
MBR_PE,D,20130903,000000,34.53,34.53,34.53,34.53,0,0
MBR_PE,D,20130904,000000,34.53,34.53,34.53,34.53,0,0
MBR_PE,D,20130905,000000,32.344,32.344,31.615,31.615,0,0
MBR_PE,D,20130913,000000,33.801,33.801,33.801,33.801,0,0
MBR_PE,D,20130917,000000,32.344,33.801,32.344,32.344,0,0
MBR_PE,D,20130918,000000,30.885,30.885,28.79,28.79,0,0
MBR_PE,D,20130919,000000,25.875,25.875,23.689,23.689,0,0
MBR_PE,D,20130920,000000,25.783,25.783,22.23,23.689,0,0
MBR_PE,D,20130923,000000,26.057,26.057,22.959,22.959,0,0
MBR_PE,D,20130924,000000,22.959,22.959,22.23,22.322,0,0
MBR_PE,D,20130926,000000,21.775,21.775,19.588,19.68,0,0
MBR_PE,D,20130927,000000,19.588,19.588,17.949,17.949,0,0
MBR_PE,D,20130930,000000,16.49,16.49,15.034,16.49,0,0
MBR_PE,D,20131001,000000,16.49,16.49,16.49,16.49,0,0
MBR_PE,D,20131002,000000,17.949,17.949,17.949,17.949,0,0
MBR_PE,D,20131003,000000,17.949,17.949,15.762,15.854,0,0
MBR_PE,D,20131004,000000,15.489,16.217,15.489,16.126,0,0
MBR_PE,D,20131008,000000,16.126,16.126,16.126,16.126,0,0
MBR_PE,D,20131009,000000,14.304,14.395,14.304,14.395,0,0
MBR_PE,D,20131010,000000,14.578,14.578,14.486,14.486,0,0
MBR_PE,D,20131011,000000,14.486,14.486,14.395,14.395,0,0
MBR_PE,D,20131016,000000,14.578,14.578,14.395,14.395,0,0
MBR_PE,D,20131021,000000,14.395,14.395,14.395,14.395,0,0
MBR_PE,D,20131022,000000,15.854,15.854,15.854,15.854,0,0
MBR_PE,D,20131023,000000,15.854,15.854,15.854,15.854,0,0
MBR_PE,D,20131025,000000,15.854,17.22,15.854,17.22,0,0
MBR_PE,D,20131028,000000,17.31,17.31,17.22,17.22,0,0
MBR_PE,D,20131030,000000,16.855,16.855,16.855,16.855,0,0
MBR_PE,D,20131104,000000,15.398,15.489,15.398,15.489,0,0
MBR_PE,D,20131105,000000,15.216,15.216,15.124,15.124,0,0
MBR_PE,D,20131107,000000,14.668,14.668,13.484,13.666,0,0
MBR_PE,D,20131108,000000,13.119,13.666,12.938,12.938,0,0
MBR_PE,D,20131112,000000,12.938,12.938,12.938,12.938,0,0
MBR_PE,D,20131114,000000,12.938,13.666,12.938,13.666,0,0
MBR_PE,D,20131119,000000,13.666,13.666,12.938,12.938,0,0
MBR_PE,D,20131120,000000,13.575,16.035,13.575,16.035,0,0
MBR_PE,D,20131126,000000,14.486,16.035,14.486,16.035,0,0
MBR_PE,D,20131127,000000,15.854,15.854,15.854,15.854,0,0
MBR_PE,D,20131128,000000,14.486,14.486,14.486,14.486,0,0
MBR_PE,D,20131129,000000,14.486,14.486,14.486,14.486,0,0
MBR_PE,D,20131202,000000,14.304,14.304,13.939,13.939,0,0
MBR_PE,D,20131209,000000,15.58,16.035,15.58,16.035,0,0
MBR_PE,D,20131210,000000,16.035,16.035,16.035,16.035,0,0
MBR_PE,D,20131211,000000,15.944,15.944,15.944,15.944,0,0
MBR_PE,D,20131212,000000,14.395,14.395,14.304,14.395,0,0
MBR_PE,D,20131213,000000,13.757,13.757,13.666,13.666,0,0
MBR_PE,D,20131227,000000,15.034,15.034,15.034,15.034,0,0
MBR_PE,D,20131230,000000,15.034,15.034,14.395,14.395,0,0
MBR_PE,D,20140107,000000,15.306,15.306,15.306,15.306,0,0
MBR_PE,D,20140113,000000,15.306,15.306,15.306,15.306,0,0
MBR_PE,D,20140115,000000,14.578,14.578,14.486,14.486,0,0
MBR_PE,D,20140120,000000,14.486,14.486,14.486,14.486,0,0
MBR_PE,D,20140121,000000,14.76,14.76,14.76,14.76,0,0
MBR_PE,D,20140122,000000,14.76,14.76,14.486,14.486,0,0
MBR_PE,D,20140123,000000,14.486,14.486,14.486,14.486,0,0
MBR_PE,D,20140130,000000,13.666,14.486,13.666,13.666,0,0
MBR_PE,D,20140207,000000,12.3,13.119,12.3,13.119,0,0
MBR_PE,D,20140210,000000,13.393,13.393,13.393,13.393,0,0
MBR_PE,D,20140212,000000,13.393,13.393,13.393,13.393,0,0
MBR_PE,D,20140221,000000,12.756,12.756,12.756,12.756,0,0
MBR_PE,D,20140224,000000,13.575,13.575,12.209,12.3,0,0
MBR_PE,D,20140226,000000,12.664,12.664,12.391,12.391,0,0
MBR_PE,D,20140227,000000,12.664,12.664,12.664,12.664,0,0
MBR_PE,D,20140303,000000,12.118,12.118,12.118,12.118,0,0
MBR_PE,D,20140305,000000,11.753,11.753,11.662,11.662,0,0
MBR_PE,D,20140307,000000,11.389,11.389,9.658,10.477,0,0
MBR_PE,D,20140310,000000,10.933,10.933,10.477,10.841,0,0
MBR_PE,D,20140311,000000,10.386,10.477,10.386,10.477,0,0
MBR_PE,D,20140312,000000,10.751,10.751,10.751,10.751,0,0
MBR_PE,D,20140313,000000,10.751,10.751,10.386,10.386,0,0
MBR_PE,D,20140314,000000,10.751,10.751,10.114,10.114,0,0
MBR_PE,D,20140317,000000,10.659,10.841,10.114,10.841,0,0
MBR_PE,D,20140318,000000,11.207,11.844,10.933,10.933,0,0
MBR_PE,D,20140319,000000,11.389,11.389,10.933,10.933,0,0
MBR_PE,D,20140320,000000,11.389,12.209,9.567,9.567,0,0
MBR_PE,D,20140321,000000,9.658,10.022,9.658,9.749,0,0
MBR_PE,D,20140324,000000,10.114,10.114,9.749,9.749,0,0
MBR_PE,D,20140325,000000,8.8377,9.1109,8.8377,9.0195,0,0
MBR_PE,D,20140326,000000,9.84,9.84,9.0195,9.3847,0,0
MBR_PE,D,20140327,000000,9.3847,9.3847,8.8377,9.3847,0,0
MBR_PE,D,20140328,000000,9.3847,9.84,9.3847,9.3847,0,0
MBR_PE,D,20140331,000000,8.8377,9.3847,8.8377,9.3847,0,0
MBR_PE,D,20140401,000000,9.3847,9.3847,8.8377,9.3847,0,0
MBR_PE,D,20140402,000000,9.4757,9.4757,9.3847,9.3847,0,0
MBR_PE,D,20140403,000000,9.3847,9.3847,9.3847,9.3847,0,0
MBR_PE,D,20140404,000000,9.3847,9.3847,9.3847,9.3847,0,0
MBR_PE,D,20140407,000000,9.567,9.567,9.567,9.567,0,0
MBR_PE,D,20140408,000000,9.3847,9.567,9.3847,9.567,0,0
MBR_PE,D,20140410,000000,10.022,10.022,10.022,10.022,0,0
MBR_PE,D,20140411,000000,10.022,10.114,10.022,10.114,0,0
MBR_PE,D,20140414,000000,10.751,10.751,10.751,10.751,0,0
MBR_PE,D,20140415,000000,10.114,10.659,10.114,10.659,0,0
MBR_PE,D,20140422,000000,10.022,10.022,9.84,9.84,0,0
MBR_PE,D,20140423,000000,9.84,9.84,9.84,9.84,0,0
MBR_PE,D,20140424,000000,9.1109,9.1109,9.1109,9.1109,0,0
MBR_PE,D,20140429,000000,9.2928,9.2928,8.7465,9.2928,0,0
MBR_PE,D,20140430,000000,8.7465,9.2928,8.7465,8.7465,0,0
MBR_PE,D,20140502,000000,9.3847,10.022,8.7465,10.022,0,0
MBR_PE,D,20140505,000000,9.3847,9.3847,9.2018,9.2018,0,0
MBR_PE,D,20140507,000000,9.2018,9.2018,9.2018,9.2018,0,0
MBR_PE,D,20140509,000000,9.2018,9.2018,9.2018,9.2018,0,0
MBR_PE,D,20140512,000000,9.2018,9.2018,9.2018,9.2018,0,0
MBR_PE,D,20140513,000000,9.2018,9.2018,8.382,8.382,0,0
MBR_PE,D,20140514,000000,8.7465,9.2018,8.6554,9.2018,0,0
MBR_PE,D,20140515,000000,9.2018,10.114,9.2018,10.114,0,0
MBR_PE,D,20140516,000000,10.114,10.751,9.749,10.751,0,0
MBR_PE,D,20140519,000000,11.297,12.391,11.297,12.391,0,0
MBR_PE,D,20140520,000000,10.933,11.935,10.933,11.935,0,0
MBR_PE,D,20140521,000000,11.389,11.389,11.115,11.115,0,0
MBR_PE,D,20140522,000000,10.659,10.659,9.658,10.659,0,0
MBR_PE,D,20140526,000000,10.659,10.659,10.659,10.659,0,0
MBR_PE,D,20140527,000000,10.114,10.659,10.022,10.022,0,0
MBR_PE,D,20140528,000000,10.114,10.114,10.022,10.114,0,0
MBR_PE,D,20140529,000000,10.022,10.659,10.022,10.659,0,0
MBR_PE,D,20140530,000000,11.48,18.131,10.751,18.131,0,0
MBR_PE,D,20140602,000000,18.131,18.131,17.402,18.131,0,0
MBR_PE,D,20140603,000000,17.493,17.493,17.038,17.493,0,0
MBR_PE,D,20140604,000000,16.764,17.493,16.217,17.493,0,0
MBR_PE,D,20140605,000000,17.493,18.678,17.493,18.678,0,0
MBR_PE,D,20140606,000000,18.587,18.587,17.493,17.493,0,0
MBR_PE,D,20140610,000000,17.493,17.493,17.493,17.493,0,0
MBR_PE,D,20140612,000000,17.31,18.404,17.22,18.404,0,0
MBR_PE,D,20140613,000000,19.224,21.593,19.224,21.319,0,0
MBR_PE,D,20140616,000000,21.866,23.689,21.866,23.507,0,0
MBR_PE,D,20140617,000000,23.507,25.601,22.959,22.959,0,0
MBR_PE,D,20140618,000000,24.509,26.331,22.959,26.331,0,0
MBR_PE,D,20140620,000000,26.422,27.151,25.601,26.695,0,0
MBR_PE,D,20140623,000000,27.242,32.89,26.695,26.695,0,0
MBR_PE,D,20140624,000000,28.517,30.703,25.875,30.703,0,0
MBR_PE,D,20140625,000000,29.155,29.155,27.333,27.879,0,0
MBR_PE,D,20140626,000000,27.879,27.879,24.963,24.963,0,0
MBR_PE,D,20140627,000000,24.509,26.604,24.509,25.055,0,0
MBR_PE,D,20140630,000000,25.601,25.601,23.233,23.415,0,0
MBR_PE,D,20140701,000000,23.871,25.511,23.507,24.963,0,0
MBR_PE,D,20140702,000000,25.146,25.146,22.777,24.327,0,0
MBR_PE,D,20140703,000000,24.235,24.327,24.144,24.144,0,0
MBR_PE,D,20140704,000000,24.144,24.144,24.144,24.144,0,0
MBR_PE,D,20140707,000000,24.144,24.144,24.144,24.144,0,0
MBR_PE,D,20140708,000000,22.595,24.144,22.595,24.144,0,0
MBR_PE,D,20140709,000000,22.595,22.595,21.411,21.411,0,0
MBR_PE,D,20140710,000000,21.047,21.593,19.132,19.224,0,0
MBR_PE,D,20140711,000000,19.224,19.314,18.404,19.314,0,0
MBR_PE,D,20140714,000000,18.404,19.132,17.949,19.132,0,0
MBR_PE,D,20140715,000000,17.584,18.495,17.584,18.495,0,0
MBR_PE,D,20140716,000000,18.131,18.222,17.402,18.131,0,0
MBR_PE,D,20140717,000000,18.131,18.131,17.584,17.584,0,0
MBR_PE,D,20140718,000000,18.04,18.04,17.584,18.04,0,0
MBR_PE,D,20140721,000000,18.131,19.224,18.131,18.678,0,0
MBR_PE,D,20140722,000000,18.86,21.319,18.86,21.319,0,0
MBR_PE,D,20140723,000000,21.503,23.507,20.317,20.591,0,0
MBR_PE,D,20140724,000000,20.591,20.591,20.591,20.591,0,0
MBR_PE,D,20140725,000000,20.5,20.773,20.226,20.317,0,0
MBR_PE,D,20140728,000000,20.317,20.864,19.77,19.862,0,0
MBR_PE,D,20140729,000000,20.317,20.317,18.04,18.04,0,0
MBR_PE,D,20140730,000000,18.04,19.042,17.584,18.131,0,0
MBR_PE,D,20140731,000000,18.131,18.131,17.038,17.038,0,0
MBR_PE,D,20140801,000000,16.855,18.131,16.399,17.766,0,0
MBR_PE,D,20140804,000000,17.038,18.404,16.764,16.855,0,0
MBR_PE,D,20140805,000000,17.766,19.497,16.855,17.493,0,0
MBR_PE,D,20140806,000000,18.04,18.04,17.128,17.31,0,0
MBR_PE,D,20140807,000000,17.31,18.678,16.946,17.038,0,0
MBR_PE,D,20140808,000000,18.131,18.131,16.946,16.946,0,0
MBR_PE,D,20140811,000000,18.04,18.04,16.946,16.946,0,0
MBR_PE,D,20140812,000000,17.584,17.584,17.038,17.038,0,0
MBR_PE,D,20140813,000000,17.038,17.038,16.764,16.764,0,0
MBR_PE,D,20140814,000000,17.584,17.584,17.584,17.584,0,0
MBR_PE,D,20140818,000000,16.764,17.038,16.764,16.764,0,0
MBR_PE,D,20140819,000000,17.038,17.038,16.946,16.946,0,0
MBR_PE,D,20140820,000000,16.764,17.402,16.764,17.22,0,0
MBR_PE,D,20140825,000000,18.04,18.04,16.764,16.764,0,0
MBR_PE,D,20140826,000000,17.493,17.493,17.22,17.31,0,0
MBR_PE,D,20140828,000000,24.053,24.053,24.053,24.053,0,0
MBR_PE,D,20140829,000000,24.053,24.327,23.779,24.327,0,0
MBR_PE,D,20140901,000000,22.959,23.689,22.959,23.689,0,0
MBR_PE,D,20140902,000000,23.689,23.689,23.689,23.689,0,0
MBR_PE,D,20140903,000000,22.412,22.412,21.411,21.411,0,0
MBR_PE,D,20140904,000000,22.959,22.959,20.682,20.773,0,0
MBR_PE,D,20140905,000000,20.682,21.593,20.682,21.411,0,0
MBR_PE,D,20140908,000000,21.411,21.411,20.317,20.408,0,0
MBR_PE,D,20140909,000000,20.864,20.864,18.587,18.587,0,0
MBR_PE,D,20140910,000000,19.497,20.5,18.313,19.588,0,0
MBR_PE,D,20140911,000000,19.588,19.588,18.86,18.86,0,0
MBR_PE,D,20140912,000000,19.77,19.77,19.77,19.77,0,0
MBR_PE,D,20140915,000000,19.77,19.77,18.86,19.77,0,0
MBR_PE,D,20140917,000000,19.77,21.411,19.77,19.953,0,0
MBR_PE,D,20140918,000000,20.591,20.591,20.591,20.591,0,0
MBR_PE,D,20140919,000000,20.591,22.412,20.591,21.775,0,0
MBR_PE,D,20140922,000000,21.957,23.779,21.866,23.779,0,0
MBR_PE,D,20140923,000000,23.141,24.509,23.141,24.417,0,0
MBR_PE,D,20140924,000000,24.417,24.417,23.415,23.415,0,0
MBR_PE,D,20140925,000000,23.141,24.327,23.141,24.235,0,0
MBR_PE,D,20140926,000000,24.235,24.235,24.235,24.235,0,0
MBR_PE,D,20140929,000000,22.959,23.051,22.504,22.959,0,0
MBR_PE,D,20140930,000000,22.959,22.959,22.959,22.959,0,0
MBR_PE,D,20141001,000000,23.233,23.871,23.233,23.871,0,0
MBR_PE,D,20141006,000000,23.779,23.779,22.959,22.959,0,0
MBR_PE,D,20141007,000000,22.504,23.597,22.504,23.597,0,0
MBR_PE,D,20141008,000000,22.595,23.597,22.595,23.597,0,0
MBR_PE,D,20141009,000000,22.595,23.597,22.595,23.597,0,0
MBR_PE,D,20141010,000000,22.595,23.233,22.595,23.233,0,0
MBR_PE,D,20141013,000000,22.504,22.504,22.23,22.23,0,0
MBR_PE,D,20141014,000000,22.23,22.23,22.23,22.23,0,0
MBR_PE,D,20141015,000000,22.959,22.959,22.959,22.959,0,0
MBR_PE,D,20141017,000000,21.685,21.685,21.411,21.411,0,0
MBR_PE,D,20141020,000000,21.593,22.959,21.593,22.959,0,0
MBR_PE,D,20141021,000000,22.959,22.959,21.957,21.957,0,0
MBR_PE,D,20141022,000000,21.775,22.959,21.775,22.959,0,0
MBR_PE,D,20141027,000000,22.959,22.959,22.959,22.959,0,0
MBR_PE,D,20141028,000000,22.959,23.779,22.959,23.779,0,0
MBR_PE,D,20141029,000000,23.051,23.051,23.051,23.051,0,0
MBR_PE,D,20141030,000000,22.322,22.322,22.322,22.322,0,0
MBR_PE,D,20141110,000000,22.868,22.868,22.868,22.868,0,0
MBR_PE,D,20141112,000000,22.595,22.595,22.595,22.595,0,0
MBR_PE,D,20141113,000000,22.777,22.777,21.411,21.411,0,0
MBR_PE,D,20141117,000000,19.862,19.953,19.862,19.953,0,0
MBR_PE,D,20141118,000000,19.224,19.224,18.404,18.404,0,0
MBR_PE,D,20141119,000000,19.77,19.77,19.77,19.77,0,0
MBR_PE,D,20141120,000000,19.77,19.77,19.77,19.77,0,0
MBR_PE,D,20141121,000000,18.587,19.77,18.587,19.042,0,0
MBR_PE,D,20141124,000000,19.77,19.77,18.769,18.769,0,0
MBR_PE,D,20141125,000000,16.855,18.769,16.855,18.769,0,0
MBR_PE,D,20160829,000000,118.8,118.8,118.8,118.8,0,0
MBR_PE,D,20160830,000000,118.8,118.8,118.8,118.8,0,0
MBR_PE,D,20160901,000000,118.72,118.8,118.72,118.8,0,0
MBR_PE,D,20160909,000000,119.17,119.17,119.17,119.17,0,0
MBR_PE,D,20160912,000000,111.25,111.25,111.15,111.15,0,0
MBR_PE,D,20160913,000000,119.08,119.17,119.08,119.17,0,0
MBR_PE,D,20160927,000000,107.32,107.32,107.24,107.24,0,0
MBR_PE,D,20161003,000000,96.663,96.663,96.663,96.663,0,0
MBR_PE,D,20161005,000000,98.128,98.128,98.128,98.128,0,0
MBR_PE,D,20161006,000000,107.32,107.32,107.32,107.32,0,0
MBR_PE,D,20161007,000000,119.26,119.26,119.26,119.26,0,0
MBR_PE,D,20161012,000000,107.32,107.32,107.32,107.32,0,0
MBR_PE,D,20161013,000000,119.26,119.26,119.26,119.26,0,0
MBR_PE,D,20161024,000000,118.9,118.9,118.8,118.8,0,0
MBR_PE,D,20161031,000000,118.8,118.8,118.8,118.8,0,0
MBR_PE,D,20161103,000000,122.63,122.73,122.63,122.73,0,0
MBR_PE,D,20161109,000000,99.67,99.67,99.67,99.67,0,0
MBR_PE,D,20161114,000000,100.04,100.04,99.95,99.95,0,0
MBR_PE,D,20161116,000000,117.26,117.35,117.26,117.35,0,0
MBR_PE,D,20161121,000000,117.35,117.35,117.35,117.35,0,0
MBR_PE,D,20161128,000000,32.162,32.162,32.07,32.07,0,0
MBR_PE,D,20161129,000000,32.07,32.07,32.07,32.07,0,0
MBR_PE,D,20161130,000000,33.073,33.164,33.073,33.164,0,0
MBR_PE,D,20161201,000000,33.164,33.164,33.164,33.164,0,0
MBR_PE,D,20161202,000000,35.259,35.259,35.168,35.168,0,0
MBR_PE,D,20161205,000000,36.171,36.262,36.171,36.262,0,0
MBR_PE,D,20161206,000000,39.087,39.087,36.444,36.444,0,0
MBR_PE,D,20161207,000000,36.262,36.444,36.262,36.444,0,0
MBR_PE,D,20161208,000000,38.904,38.904,36.444,36.444,0,0
MBR_PE,D,20161209,000000,38.995,38.995,38.995,38.995,0,0
MBR_PE,D,20161212,000000,31.25,31.25,31.25,31.25,0,0
MBR_PE,D,20161213,000000,34.348,34.348,34.348,34.348,0,0
MBR_PE,D,20161215,000000,37.628,37.628,37.628,37.628,0,0
MBR_PE,D,20161216,000000,38.995,38.995,38.995,38.995,0,0
MBR_PE,D,20161219,000000,32.07,35.259,32.07,35.259,0,0
MBR_PE,D,20161220,000000,38.813,38.904,38.813,38.904,0,0
MBR_PE,D,20161221,000000,38.904,38.904,38.904,38.904,0,0
MBR_PE,D,20161223,000000,38.631,38.631,38.631,38.631,0,0
MBR_PE,D,20161227,000000,38.904,38.904,38.904,38.904,0,0
MBR_PE,D,20170102,000000,39.997,40.088,39.997,40.088,0,0
MBR_PE,D,20170109,000000,38.995,38.995,38.904,38.904,0,0
MBR_PE,D,20170110,000000,38.904,38.904,38.904,38.904,0,0
MBR_PE,D,20170111,000000,38.904,39.723,38.904,39.723,0,0
MBR_PE,D,20170112,000000,38.904,38.904,38.904,38.904,0,0
MBR_PE,D,20170113,000000,38.904,38.904,38.904,38.904,0,0
MBR_PE,D,20170117,000000,38.904,38.904,38.904,38.904,0,0
MBR_PE,D,20170118,000000,38.995,38.995,38.995,38.995,0,0
MBR_PE,D,20170119,000000,39.087,39.087,39.087,39.087,0,0
MBR_PE,D,20170120,000000,39.087,39.087,39.087,39.087,0,0
MBR_PE,D,20170123,000000,39.905,39.905,39.905,39.905,0,0
MBR_PE,D,20170124,000000,40.909,42.457,40.909,42.457,0,0
MBR_PE,D,20170125,000000,43.368,43.368,43.368,43.368,0,0
MBR_PE,D,20170127,000000,44.826,49.016,44.826,49.016,0,0
MBR_PE,D,20170131,000000,49.016,49.016,49.016,49.016,0,0
MBR_PE,D,20170201,000000,53.026,53.026,53.026,53.026,0,0
MBR_PE,D,20170203,000000,51.75,51.75,51.75,51.75,0,0
MBR_PE,D,20170213,000000,49.198,49.198,49.198,49.198,0,0
MBR_PE,D,20170215,000000,52.388,52.388,52.388,52.388,0,0
MBR_PE,D,20170316,000000,48.652,48.652,48.652,48.652,0,0
MBR_PE,D,20170317,000000,41.455,41.455,41.363,41.363,0,0
MBR_PE,D,20170320,000000,41.819,41.819,41.819,41.819,0,0
MBR_PE,D,20170322,000000,45.919,45.919,41.363,41.363,0,0
MBR_PE,D,20170323,000000,39.905,45.372,39.905,45.372,0,0
MBR_PE,D,20170330,000000,45.737,45.737,45.737,45.737,0,0
MBR_PE,D,20170331,000000,45.827,45.827,30.612,30.612,0,0
MBR_PE,D,20170404,000000,29.428,29.52,29.428,29.52,0,0
MBR_PE,D,20170405,000000,30.521,30.521,30.521,30.521,0,0
MBR_PE,D,20170406,000000,33.619,33.619,33.528,33.528,0,0
MBR_PE,D,20170407,000000,34.622,34.622,34.622,34.622,0,0
MBR_PE,D,20170410,000000,33.528,33.528,33.528,33.528,0,0
MBR_PE,D,20170411,000000,33.528,33.528,33.528,33.528,0,0
MBR_PE,D,20170412,000000,34.622,34.622,34.622,34.622,0,0
MBR_PE,D,20170420,000000,34.622,34.622,34.622,34.622,0,0
MBR_PE,D,20170425,000000,35.442,35.442,35.35,35.35,0,0
MBR_PE,D,20170504,000000,35.35,39.358,35.35,39.358,0,0
MBR_PE,D,20170505,000000,40.453,42.729,40.453,42.639,0,0
MBR_PE,D,20170509,000000,42.639,42.729,42.639,42.729,0,0
MBR_PE,D,20170512,000000,32.162,32.162,32.162,32.162,0,0
MBR_PE,D,20170523,000000,32.162,32.162,32.162,32.162,0,0
MBR_PE,D,20170602,000000,32.162,32.162,32.162,32.162,0,0
MBR_PE,D,20170609,000000,38.721,38.721,38.721,38.721,0,0
MBR_PE,D,20170612,000000,38.721,38.721,38.721,38.721,0,0
MBR_PE,D,20170613,000000,38.631,38.631,38.539,38.539,0,0
MBR_PE,D,20170619,000000,36.534,36.534,36.534,36.534,0,0
MBR_PE,D,20170620,000000,38.539,38.539,38.539,38.539,0,0
MBR_PE,D,20170627,000000,37.993,37.993,37.993,37.993,0,0
MBR_PE,D,20170710,000000,38.539,38.539,38.539,38.539,0,0
MBR_PE,D,20170713,000000,36.444,36.444,36.444,36.444,0,0
MBR_PE,D,20170809,000000,36.444,36.444,36.444,36.444,0,0
MBR_PE,D,20170818,000000,36.444,36.444,36.444,36.444,0,0
MBR_PE,D,20170825,000000,36.534,36.534,21.047,21.047,0,0
MBR_PE,D,20170904,000000,20.864,20.864,20.864,20.864,0,0
MBR_PE,D,20170906,000000,22.139,22.139,22.139,22.139,0,0
MBR_PE,D,20170912,000000,22.139,22.139,22.139,22.139,0,0
MBR_PE,D,20170926,000000,22.139,22.139,22.139,22.139,0,0
MBR_PE,D,20171006,000000,22.048,22.048,22.048,22.048,0,0
MBR_PE,D,20171009,000000,21.866,21.866,21.866,21.866,0,0
MBR_PE,D,20171025,000000,21.775,21.775,21.775,21.775,0,0
MBR_PE,D,20171026,000000,21.775,21.775,21.775,21.775,0,0
MBR_PE,D,20171027,000000,21.775,21.775,21.775,21.775,0,0
MBR_PE,D,20171102,000000,21.775,21.775,21.775,21.775,0,0
MBR_PE,D,20171106,000000,19.406,19.406,19.406,19.406,0,0
MBR_PE,D,20171107,000000,19.406,19.406,19.406,19.406,0,0
MBR_PE,D,20171108,000000,22.139,22.139,13.848,13.848,0,0
MBR_PE,D,20171121,000000,13.757,13.757,13.757,13.757,0,0
MBR_PE,D,20171124,000000,12.574,12.574,12.482,12.482,0,0
MBR_PE,D,20171127,000000,12.482,12.482,11.207,11.297,0,0
MBR_PE,D,20171128,000000,10.933,10.933,10.933,10.933,0,0
MBR_PE,D,20171207,000000,10.933,10.933,10.933,10.933,0,0
MBR_PE,D,20171208,000000,12.3,12.3,10.933,12.209,0,0
MBR_PE,D,20171211,000000,12.482,12.482,12.209,12.482,0,0
MBR_PE,D,20171218,000000,10.933,12.482,10.933,10.933,0,0
MBR_PE,D,20171222,000000,12.574,12.574,10.933,10.933,0,0
MBR_PE,D,20180104,000000,12.026,12.026,12.026,12.026,0,0
MBR_PE,D,20180105,000000,10.022,12.026,10.022,11.753,0,0
MBR_PE,D,20180110,000000,11.753,11.753,11.753,11.753,0,0
MBR_PE,D,20180112,000000,12.756,12.756,12.664,12.664,0,0
MBR_PE,D,20180117,000000,12.664,12.664,12.664,12.664,0,0
MBR_PE,D,20180215,000000,12.756,12.756,12.756,12.756,0,0
MBR_PE,D,20180216,000000,13.029,14.942,13.029,14.942,0,0
MBR_PE,D,20180219,000000,14.942,15.762,14.942,15.762,0,0
MBR_PE,D,20180220,000000,16.582,16.582,15.671,15.671,0,0
MBR_PE,D,20180222,000000,15.489,15.489,15.398,15.398,0,0
MBR_PE,D,20180223,000000,15.398,15.762,15.398,15.762,0,0
MBR_PE,D,20180226,000000,15.944,15.944,15.944,15.944,0,0
MBR_PE,D,20180227,000000,17.402,17.493,15.944,17.493,0,0
MBR_PE,D,20180228,000000,17.493,17.493,15.944,15.944,0,0
MBR_PE,D,20180301,000000,17.31,17.402,17.31,17.402,0,0
MBR_PE,D,20180302,000000,16.035,16.126,16.035,16.126,0,0
MBR_PE,D,20180305,000000,17.402,17.402,17.402,17.402,0,0
MBR_PE,D,20180306,000000,18.131,18.131,17.402,18.131,0,0
MBR_PE,D,20180307,000000,18.131,18.131,18.131,18.131,0,0
MBR_PE,D,20180308,000000,19.224,19.224,18.131,19.132,0,0
MBR_PE,D,20180309,000000,18.587,18.587,18.04,18.131,0,0
MBR_PE,D,20180312,000000,19.132,19.132,19.042,19.042,0,0
MBR_PE,D,20180313,000000,19.042,19.406,19.042,19.406,0,0
MBR_PE,D,20180314,000000,20.226,20.591,20.226,20.591,0,0
MBR_PE,D,20180315,000000,21.229,21.229,20.226,20.226,0,0
MBR_PE,D,20180319,000000,20.135,20.135,20.135,20.135,0,0
MBR_PE,D,20180322,000000,19.68,19.68,17.584,17.584,0,0
MBR_PE,D,20180323,000000,19.406,19.406,17.584,19.406,0,0
MBR_PE,D,20180326,000000,21.229,21.229,19.042,19.042,0,0
MBR_PE,D,20180327,000000,18.495,18.495,18.404,18.404,0,0
MBR_PE,D,20180329,000000,18.131,18.131,18.131,18.131,0,0
MBR_PE,D,20180403,000000,18.222,18.222,18.222,18.222,0,0
MBR_PE,D,20180406,000000,17.676,17.676,17.676,17.676,0,0
MBR_PE,D,20180427,000000,15.124,15.124,15.124,15.124,0,0
MBR_PE,D,20180502,000000,14.486,14.486,14.304,14.304,0,0
MBR_PE,D,20180504,000000,14.578,14.578,14.578,14.578,0,0
MBR_PE,D,20180507,000000,14.578,14.578,14.578,14.578,0,0
MBR_PE,D,20180510,000000,14.578,14.578,14.578,14.578,0,0
MBR_PE,D,20180511,000000,14.578,14.578,14.578,14.578,0,0
MBR_PE,D,20180522,000000,14.578,14.578,14.578,14.578,0,0
MBR_PE,D,20180523,000000,15.034,15.034,14.942,14.942,0,0
MBR_PE,D,20180529,000000,14.486,14.486,14.486,14.486,0,0
MBR_PE,D,20180530,000000,14.486,14.578,14.486,14.578,0,0
MBR_PE,D,20180601,000000,15.034,16.49,15.034,16.399,0,0
MBR_PE,D,20180604,000000,15.671,16.49,15.671,16.399,0,0
MBR_PE,D,20180605,000000,16.49,16.672,16.217,16.308,0,0
MBR_PE,D,20180606,000000,16.308,16.672,16.126,16.582,0,0
MBR_PE,D,20180607,000000,16.035,16.126,16.035,16.126,0,0
MBR_PE,D,20180608,000000,15.944,15.944,15.944,15.944,0,0
MBR_PE,D,20180613,000000,16.035,16.035,16.035,16.035,0,0
MBR_PE,D,20180614,000000,16.035,16.035,15.944,15.944,0,0
MBR_PE,D,20180618,000000,16.399,16.399,16.308,16.308,0,0
MBR_PE,D,20180620,000000,16.399,16.399,16.399,16.399,0,0
MBR_PE,D,20180629,000000,15.671,15.671,15.671,15.671,0,0
MBR_PE,D,20180702,000000,15.854,15.854,15.762,15.762,0,0
MBR_PE,D,20180703,000000,15.762,16.308,15.762,16.308,0,0
MBR_PE,D,20180706,000000,15.671,15.671,15.671,15.671,0,0
MBR_PE,D,20180709,000000,16.308,16.308,16.308,16.308,0,0
MBR_PE,D,20180710,000000,16.126,16.126,16.126,16.126,0,0
MBR_PE,D,20180711,000000,16.308,16.308,16.308,16.308,0,0
MBR_PE,D,20180713,000000,16.308,16.49,16.308,16.399,0,0
MBR_PE,D,20180716,000000,16.217,16.399,16.217,16.399,0,0
MBR_PE,D,20180719,000000,15.671,15.671,15.671,15.671,0,0
MBR_PE,D,20180802,000000,15.124,15.762,15.124,15.762,0,0
MBR_PE,D,20180807,000000,15.034,16.308,15.034,16.308,0,0
MBR_PE,D,20180813,000000,15.58,16.308,15.489,15.489,0,0
MBR_PE,D,20180823,000000,15.398,16.946,13.666,13.666,0,0
MBR_PE,D,20180827,000000,13.211,13.757,13.211,13.757,0,0
MBR_PE,D,20180828,000000,13.848,14.486,13.848,14.486,0,0
MBR_PE,D,20180829,000000,13.848,14.031,13.484,14.031,0,0
MBR_PE,D,20180906,000000,13.393,13.393,12.846,12.846,0,0
MBR_PE,D,20180907,000000,13.119,14.395,13.119,14.395,0,0
MBR_PE,D,20180910,000000,14.578,14.578,13.119,13.119,0,0
MBR_PE,D,20180911,000000,12.938,13.848,12.938,13.757,0,0
MBR_PE,D,20180912,000000,13.848,13.848,13.848,13.848,0,0
MBR_PE,D,20180914,000000,13.848,13.848,13.848,13.848,0,0
MBR_PE,D,20180917,000000,13.666,13.666,13.211,13.211,0,0
MBR_PE,D,20180918,000000,13.666,13.666,13.666,13.666,0,0
MBR_PE,D,20180921,000000,13.666,14.031,13.666,13.939,0,0
MBR_PE,D,20180925,000000,13.301,13.393,13.301,13.393,0,0
MBR_PE,D,20180928,000000,13.393,13.393,13.393,13.393,0,0
MBR_PE,D,20181005,000000,13.211,13.211,13.119,13.119,0,0
MBR_PE,D,20181012,000000,13.301,13.301,13.301,13.301,0,0
MBR_PE,D,20181023,000000,12.664,12.664,12.664,12.664,0,0
MBR_PE,D,20181024,000000,12.664,13.301,12.664,13.301,0,0
MBR_PE,D,20181025,000000,13.301,13.939,10.022,10.022,0,0
MBR_PE,D,20181026,000000,9.84,10.022,9.84,10.022,0,0
MBR_PE,D,20181030,000000,9.658,10.114,9.658,10.114,0,0
MBR_PE,D,20181031,000000,10.114,10.114,9.931,9.931,0,0
MBR_PE,D,20181102,000000,9.749,9.749,9.749,9.749,0,0
MBR_PE,D,20181105,000000,10.933,11.024,10.933,11.024,0,0
MBR_PE,D,20181106,000000,11.024,11.389,10.659,11.389,0,0
MBR_PE,D,20181107,000000,10.841,10.841,10.841,10.841,0,0
MBR_PE,D,20181108,000000,11.207,11.207,11.207,11.207,0,0
MBR_PE,D,20181109,000000,11.297,11.297,11.207,11.207,0,0
MBR_PE,D,20181116,000000,11.389,11.389,11.389,11.389,0,0
MBR_PE,D,20181119,000000,11.297,11.389,11.297,11.389,0,0
MBR_PE,D,20181120,000000,10.841,10.841,10.569,10.569,0,0
MBR_PE,D,20181121,000000,10.569,11.115,10.569,11.115,0,0
MBR_PE,D,20181122,000000,11.115,11.115,11.115,11.115,0,0
MBR_PE,D,20181126,000000,11.207,11.207,11.207,11.207,0,0
MBR_PE,D,20181129,000000,11.207,11.207,10.659,10.659,0,0
MBR_PE,D,20181130,000000,11.115,11.207,11.115,11.207,0,0
MBR_PE,D,20181203,000000,10.751,11.115,10.751,11.115,0,0
MBR_PE,D,20181205,000000,10.751,10.751,10.751,10.751,0,0
MBR_PE,D,20181206,000000,11.115,11.115,11.115,11.115,0,0
MBR_PE,D,20181207,000000,11.115,11.115,11.115,11.115,0,0
MBR_PE,D,20181211,000000,10.659,10.659,10.477,10.477,0,0
MBR_PE,D,20181212,000000,10.659,10.841,10.659,10.841,0,0
MBR_PE,D,20181213,000000,10.841,10.841,10.841,10.841,0,0
MBR_PE,D,20181214,000000,10.841,10.841,10.841,10.841,0,0
MBR_PE,D,20190115,000000,10.295,10.295,10.295,10.295,0,0
MBR_PE,D,20190122,000000,10.295,10.295,10.295,10.295,0,0
MBR_PE,D,20190123,000000,10.751,10.751,10.295,10.386,0,0
MBR_PE,D,20190124,000000,10.295,10.295,10.295,10.295,0,0
MBR_PE,D,20190125,000000,10.751,10.841,10.751,10.841,0,0
MBR_PE,D,20190129,000000,11.115,11.115,11.024,11.024,0,0
MBR_PE,D,20190130,000000,11.024,11.024,11.024,11.024,0,0
MBR_PE,D,20190201,000000,11.024,11.207,11.024,11.207,0,0
MBR_PE,D,20190205,000000,11.115,11.115,11.115,11.115,0,0
MBR_PE,D,20190211,000000,11.115,11.207,11.115,11.207,0,0
MBR_PE,D,20190213,000000,10.933,10.933,10.933,10.933,0,0
MBR_PE,D,20190214,000000,10.841,10.933,10.841,10.933,0,0
MBR_PE,D,20190225,000000,10.841,10.841,10.841,10.841,0,0
MBR_PE,D,20190226,000000,10.569,10.751,10.569,10.751,0,0
MBR_PE,D,20190227,000000,10.295,10.751,10.295,10.751,0,0
MBR_PE,D,20190228,000000,10.751,10.751,10.751,10.751,0,0
MBR_PE,D,20190301,000000,10.022,10.022,10.022,10.022,0,0
MBR_PE,D,20190304,000000,10.022,10.022,10.022,10.022,0,0
MBR_PE,D,20190311,000000,10.022,10.022,10.022,10.022,0,0
MBR_PE,D,20190314,000000,10.295,12.756,8.1998,8.1998,0,0
MBR_PE,D,20190315,000000,8.382,8.382,7.7443,7.7443,0,0
MBR_PE,D,20190318,000000,8.0175,8.1087,7.7443,8.1087,0,0
MBR_PE,D,20190319,000000,8.1087,8.6554,8.1087,8.6554,0,0
MBR_PE,D,20190320,000000,8.6554,8.6554,8.6554,8.6554,0,0
MBR_PE,D,20190321,000000,8.6554,8.8377,8.6554,8.8377,0,0
MBR_PE,D,20190322,000000,9.2018,9.2018,9.2018,9.2018,0,0
MBR_PE,D,20190325,000000,8.5643,9.4757,8.5643,9.4757,0,0
MBR_PE,D,20190326,000000,9.3847,9.567,9.3847,9.567,0,0
MBR_PE,D,20190327,000000,9.567,9.931,9.567,9.84,0,0
MBR_PE,D,20190328,000000,9.4757,9.749,9.4757,9.749,0,0
MBR_PE,D,20190401,000000,9.749,9.749,9.749,9.749,0,0
MBR_PE,D,20190402,000000,9.84,10.114,9.749,10.114,0,0
MBR_PE,D,20190404,000000,10.114,10.114,10.114,10.114,0,0
MBR_PE,D,20190405,000000,10.295,10.295,10.295,10.295,0,0
MBR_PE,D,20190408,000000,10.204,11.207,10.204,11.115,0,0
MBR_PE,D,20190409,000000,11.207,11.844,10.477,11.844,0,0
MBR_PE,D,20190410,000000,12.938,12.938,12.482,12.938,0,0
MBR_PE,D,20190411,000000,12.664,12.938,12.664,12.664,0,0
MBR_PE,D,20190412,000000,12.846,12.846,12.846,12.846,0,0
MBR_PE,D,20190415,000000,12.846,12.846,10.569,10.569,0,0
MBR_PE,D,20190416,000000,11.571,12.574,11.389,12.574,0,0
MBR_PE,D,20190417,000000,12.482,12.482,12.026,12.482,0,0
MBR_PE,D,20190418,000000,12.482,12.482,12.482,12.482,0,0
MBR_PE,D,20190425,000000,12.482,12.482,9.658,9.658,0,0
MBR_PE,D,20190426,000000,8.7465,9.567,8.7465,8.7465,0,0
MBR_PE,D,20190429,000000,9.658,9.658,9.658,9.658,0,0
MBR_PE,D,20190506,000000,9.4757,9.4757,9.4757,9.4757,0,0
MBR_PE,D,20190507,000000,9.2928,9.2928,8.7465,9.2018,0,0
MBR_PE,D,20190509,000000,9.1109,9.567,9.1109,9.4757,0,0
MBR_PE,D,20190510,000000,9.3847,9.931,9.3847,9.931,0,0
MBR_PE,D,20190513,000000,9.4757,9.749,9.4757,9.749,0,0
MBR_PE,D,20190514,000000,9.84,9.931,9.84,9.931,0,0
MBR_PE,D,20190515,000000,9.84,9.931,9.749,9.931,0,0
MBR_PE,D,20190516,000000,9.84,9.931,9.84,9.931,0,0
MBR_PE,D,20190517,000000,9.84,9.931,9.84,9.931,0,0
MBR_PE,D,20190520,000000,9.0195,10.022,9.0195,9.931,0,0
MBR_PE,D,20190523,000000,9.931,9.931,9.931,9.931,0,0
MBR_PE,D,20190524,000000,9.931,10.022,9.931,9.931,0,0
MBR_PE,D,20190527,000000,9.931,9.931,9.931,9.931,0,0
MBR_PE,D,20190528,000000,9.931,9.931,9.931,9.931,0,0
MBR_PE,D,20190529,000000,9.2018,9.931,9.2018,9.931,0,0
MBR_PE,D,20190530,000000,9.931,9.931,9.931,9.931,0,0
MBR_PE,D,20190603,000000,9.2928,9.931,9.2928,9.931,0,0
MBR_PE,D,20190604,000000,9.749,10.569,9.749,10.569,0,0
MBR_PE,D,20190605,000000,10.569,10.659,10.569,10.569,0,0
MBR_PE,D,20190606,000000,10.659,10.659,10.569,10.569,0,0
MBR_PE,D,20190607,000000,10.477,10.569,10.114,10.569,0,0
MBR_PE,D,20190610,000000,10.569,10.569,10.569,10.569,0,0
MBR_PE,D,20190611,000000,10.569,10.841,10.569,10.841,0,0
MBR_PE,D,20190612,000000,10.933,10.933,10.569,10.841,0,0
MBR_PE,D,20190613,000000,10.933,10.933,10.933,10.933,0,0
MBR_PE,D,20190614,000000,10.569,10.933,10.569,10.933,0,0
MBR_PE,D,20190617,000000,10.933,11.844,10.933,11.844,0,0
MBR_PE,D,20190618,000000,11.844,11.844,11.207,11.207,0,0
MBR_PE,D,20190619,000000,11.207,11.207,11.207,11.207,0,0
MBR_PE,D,20190624,000000,11.115,11.844,11.115,11.844,0,0
MBR_PE,D,20190625,000000,11.844,13.848,11.844,12.118,0,0
MBR_PE,D,20190626,000000,13.119,13.119,12.938,12.938,0,0
MBR_PE,D,20190627,000000,12.3,12.3,12.3,12.3,0,0
MBR_PE,D,20190628,000000,12.209,12.756,12.209,12.664,0,0
MBR_PE,D,20190701,000000,12.664,12.664,12.664,12.664,0,0
MBR_PE,D,20190702,000000,14.103,14.197,14.103,14.197,0,0
MBR_PE,D,20190703,000000,14.103,14.103,14.01,14.01,0,0
MBR_PE,D,20190704,000000,13.637,13.637,13.637,13.637,0,0
MBR_PE,D,20190705,000000,13.916,14.01,13.543,14.01,0,0
MBR_PE,D,20190708,000000,13.543,13.543,13.543,13.543,0,0
MBR_PE,D,20190709,000000,14.01,14.01,13.543,13.637,0,0
MBR_PE,D,20190710,000000,14.01,14.01,13.916,14.01,0,0
MBR_PE,D,20190711,000000,13.356,14.01,13.356,14.01,0,0
MBR_PE,D,20190712,000000,14.01,14.476,14.01,14.29,0,0
MBR_PE,D,20190715,000000,14.29,14.29,14.29,14.29,0,0
MBR_PE,D,20190716,000000,14.663,14.85,14.663,14.85,0,0
MBR_PE,D,20190717,000000,14.757,14.944,14.384,14.944,0,0
MBR_PE,D,20190718,000000,14.944,14.944,14.944,14.944,0,0
MBR_PE,D,20190719,000000,15.317,15.317,15.317,15.317,0,0
MBR_PE,D,20190722,000000,14.944,15.317,14.85,15.224,0,0
MBR_PE,D,20190724,000000,15.224,15.224,15.224,15.224,0,0
MBR_PE,D,20190726,000000,14.944,15.224,14.944,14.944,0,0
MBR_PE,D,20190729,000000,15.224,15.224,15.224,15.224,0,0
MBR_PE,D,20190731,000000,14.85,15.224,14.85,15.224,0,0
MBR_PE,D,20190807,000000,15.224,15.224,15.224,15.224,0,0
MBR_PE,D,20190814,000000,14.663,14.663,14.663,14.663,0,0
MBR_PE,D,20190816,000000,15.037,15.037,15.037,15.037,0,0
MBR_PE,D,20190820,000000,15.037,15.037,15.037,15.037,0,0
MBR_PE,D,20190821,000000,15.037,15.037,13.356,13.356,0,0
MBR_PE,D,20190829,000000,13.169,13.169,12.328,12.515,0,0
MBR_PE,D,20190830,000000,12.515,12.515,12.515,12.515,0,0
MBR_PE,D,20190903,000000,12.889,12.889,12.609,12.702,0,0
MBR_PE,D,20190904,000000,12.515,12.515,12.422,12.422,0,0
MBR_PE,D,20190905,000000,12.422,12.422,12.328,12.328,0,0
MBR_PE,D,20190906,000000,11.395,12.328,10.554,12.328,0,0
MBR_PE,D,20190910,000000,12.142,12.142,12.142,12.142,0,0
MBR_PE,D,20190911,000000,12.236,12.236,12.142,12.236,0,0
MBR_PE,D,20190912,000000,11.674,12.048,11.674,11.955,0,0
MBR_PE,D,20190920,000000,11.488,11.488,11.488,11.488,0,0
MBR_PE,D,20190925,000000,11.582,11.674,11.582,11.674,0,0
MBR_PE,D,20190927,000000,11.582,11.768,11.582,11.768,0,0
MBR_PE,D,20191001,000000,11.955,11.955,11.955,11.955,0,0
MBR_PE,D,20191002,000000,11.955,11.955,11.955,11.955,0,0
MBR_PE,D,20191003,000000,11.861,11.861,11.861,11.861,0,0
MBR_PE,D,20191007,000000,11.768,11.861,11.768,11.768,0,0
MBR_PE,D,20191008,000000,11.395,11.582,10.927,11.488,0,0
MBR_PE,D,20191009,000000,11.208,11.488,11.208,11.208,0,0
MBR_PE,D,20191011,000000,11.395,11.674,11.395,11.674,0,0
MBR_PE,D,20191021,000000,11.674,11.674,11.674,11.674,0,0
MBR_PE,D,20191022,000000,11.674,11.861,11.674,11.768,0,0
MBR_PE,D,20191024,000000,11.861,12.983,11.488,11.488,0,0
MBR_PE,D,20191025,000000,11.488,11.488,11.488,11.488,0,0
MBR_PE,D,20191028,000000,11.582,11.582,11.208,11.208,0,0
MBR_PE,D,20191029,000000,11.301,11.301,10.835,10.835,0,0
MBR_PE,D,20191030,000000,10.741,10.741,10.554,10.554,0,0
MBR_PE,D,20191031,000000,10.835,10.835,10.554,10.554,0,0
MBR_PE,D,20191104,000000,10.927,10.927,10.927,10.927,0,0
MBR_PE,D,20191105,000000,10.648,10.648,10.554,10.554,0,0
MBR_PE,D,20191107,000000,10.554,10.554,10.554,10.554,0,0
MBR_PE,D,20191108,000000,10.367,10.367,10.367,10.367,0,0
MBR_PE,D,20191112,000000,10.741,11.114,10.741,11.021,0,0
MBR_PE,D,20191113,000000,11.208,11.395,11.208,11.395,0,0
MBR_PE,D,20191119,000000,11.301,11.301,11.301,11.301,0,0
MBR_PE,D,20191120,000000,11.114,11.301,11.021,11.021,0,0
MBR_PE,D,20191122,000000,10.835,10.835,10.835,10.835,0,0
MBR_PE,D,20191125,000000,10.741,10.741,10.741,10.741,0,0
MBR_PE,D,20191127,000000,10.835,10.927,10.835,10.927,0,0
MBR_PE,D,20191128,000000,11.021,11.021,10.554,10.554,0,0
MBR_PE,D,20191129,000000,10.648,10.648,10.554,10.554,0,0
MBR_PE,D,20191202,000000,10.648,10.648,10.46,10.46,0,0
MBR_PE,D,20191203,000000,10.181,10.648,10.181,10.648,0,0
MBR_PE,D,20191210,000000,10.181,10.181,10.181,10.181,0,0
MBR_PE,D,20191211,000000,10.648,10.648,10.648,10.648,0,0
MBR_PE,D,20191212,000000,10.648,10.648,10.648,10.648,0,0
MBR_PE,D,20191213,000000,10.741,10.927,10.367,10.927,0,0
MBR_PE,D,20191218,000000,10.741,10.741,10.741,10.741,0,0
MBR_PE,D,20191220,000000,10.46,10.46,9.994,10.46,0,0
MBR_PE,D,20200102,000000,10.367,10.46,10.273,10.46,0,0
MBR_PE,D,20200108,000000,10.46,10.46,10.46,10.46,0,0
MBR_PE,D,20200109,000000,10.46,10.46,10.46,10.46,0,0
MBR_PE,D,20200113,000000,10.46,10.835,10.46,10.648,0,0
MBR_PE,D,20200115,000000,10.741,11.021,10.741,11.021,0,0
MBR_PE,D,20200116,000000,11.021,11.861,11.021,11.861,0,0
MBR_PE,D,20200117,000000,12.889,13.075,12.889,13.075,0,0
MBR_PE,D,20200120,000000,14.85,14.85,14.01,14.01,0,0
MBR_PE,D,20200121,000000,12.983,14.01,12.328,14.01,0,0
MBR_PE,D,20200122,000000,14.01,14.01,14.01,14.01,0,0
MBR_PE,D,20200128,000000,14.01,14.01,14.01,14.01,0,0
MBR_PE,D,20200129,000000,13.916,13.916,13.916,13.916,0,0
MBR_PE,D,20200130,000000,14.01,14.01,14.01,14.01,0,0
MBR_PE,D,20200131,000000,13.075,13.075,13.075,13.075,0,0
MBR_PE,D,20200203,000000,14.29,14.29,12.889,12.983,0,0
MBR_PE,D,20200204,000000,13.169,14.197,13.075,14.197,0,0
MBR_PE,D,20200205,000000,14.103,15.131,14.103,15.131,0,0
MBR_PE,D,20200207,000000,15.131,16.905,15.131,15.691,0,0
MBR_PE,D,20200210,000000,16.064,16.064,15.691,16.064,0,0
MBR_PE,D,20200211,000000,16.532,16.624,16.532,16.624,0,0
MBR_PE,D,20200213,000000,16.532,16.532,16.532,16.532,0,0
MBR_PE,D,20200214,000000,16.345,16.345,16.064,16.064,0,0
MBR_PE,D,20200217,000000,16.064,16.532,16.064,16.532,0,0
MBR_PE,D,20200218,000000,16.718,16.718,16.624,16.718,0,0
MBR_PE,D,20200219,000000,17.278,18.119,16.718,18.119,0,0
MBR_PE,D,20200220,000000,18.119,18.119,18.119,18.119,0,0
MBR_PE,D,20200221,000000,17.652,18.119,17.559,18.119,0,0
MBR_PE,D,20200224,000000,18.587,18.587,16.251,16.251,0,0
MBR_PE,D,20200225,000000,16.158,16.158,15.877,16.064,0,0
MBR_PE,D,20200226,000000,15.598,15.971,15.317,15.877,0,0
MBR_PE,D,20200227,000000,16.064,16.624,16.064,16.251,0,0
MBR_PE,D,20200228,000000,16.251,16.251,16.251,16.251,0,0
MBR_PE,D,20200302,000000,16.345,17.092,16.345,17.092,0,0
MBR_PE,D,20200303,000000,17.092,17.092,16.624,16.999,0,0
MBR_PE,D,20200304,000000,16.999,16.999,16.532,16.532,0,0
MBR_PE,D,20200305,000000,16.999,16.999,16.999,16.999,0,0
MBR_PE,D,20200306,000000,18.119,18.119,16.999,17.746,0,0
MBR_PE,D,20200309,000000,17.746,17.746,16.999,16.999,0,0
MBR_PE,D,20200310,000000,16.438,17.186,14.85,16.251,0,0
MBR_PE,D,20200311,000000,15.705,15.705,15.131,15.131,0,0
MBR_PE,D,20200312,000000,15.131,15.131,12.353,12.353,0,0
MBR_PE,D,20200313,000000,12.353,12.353,12.353,12.353,0,0
MBR_PE,D,20200316,000000,12.832,12.928,12.832,12.928,0,0
MBR_PE,D,20200318,000000,12.928,12.928,12.928,12.928,0,0
MBR_PE,D,20200319,000000,13.981,13.981,11.492,11.492,0,0
MBR_PE,D,20200320,000000,12.545,12.545,11.492,12.545,0,0
MBR_PE,D,20200325,000000,12.162,12.545,12.162,12.162,0,0
MBR_PE,D,20200326,000000,11.97,11.97,11.587,11.587,0,0
MBR_PE,D,20200327,000000,11.683,11.683,11.396,11.587,0,0
MBR_PE,D,20200330,000000,11.492,11.587,11.396,11.396,0,0
MBR_PE,D,20200331,000000,11.3,11.683,11.3,11.683,0,0
MBR_PE,D,20200401,000000,11.3,11.396,11.3,11.396,0,0
MBR_PE,D,20200402,000000,11.492,11.492,11.396,11.396,0,0
MBR_PE,D,20200403,000000,11.396,12.449,11.396,12.353,0,0
MBR_PE,D,20200406,000000,12.258,14.46,12.258,14.269,0,0
MBR_PE,D,20200407,000000,14.269,14.556,13.79,14.556,0,0
MBR_PE,D,20200408,000000,13.79,14.556,13.79,14.46,0,0
MBR_PE,D,20200409,000000,14.46,14.46,14.46,14.46,0,0
MBR_PE,D,20200414,000000,14.364,14.364,13.886,14.077,0,0
MBR_PE,D,20200415,000000,14.077,14.077,13.503,14.077,0,0
MBR_PE,D,20200420,000000,13.79,13.79,13.215,13.311,0,0
MBR_PE,D,20200421,000000,12.736,13.311,11.97,11.97,0,0
MBR_PE,D,20200422,000000,11.97,13.215,11.97,13.119,0,0
MBR_PE,D,20200424,000000,12.736,12.736,12.736,12.736,0,0
MBR_PE,D,20200427,000000,13.119,13.311,13.119,13.119,0,0
MBR_PE,D,20200428,000000,13.311,13.694,13.311,13.694,0,0
MBR_PE,D,20200429,000000,13.694,13.886,10.821,10.821,0,0
MBR_PE,D,20200430,000000,11.3,11.3,10.725,11.204,0,0
MBR_PE,D,20200504,000000,11.204,11.204,11.204,11.204,0,0
MBR_PE,D,20200505,000000,11.204,11.204,11.013,11.013,0,0
MBR_PE,D,20200506,000000,11.108,11.204,11.108,11.204,0,0
MBR_PE,D,20200507,000000,11.3,11.396,11.3,11.396,0,0
MBR_PE,D,20200508,000000,11.492,11.492,10.917,10.917,0,0
MBR_PE,D,20200511,000000,11.3,11.3,10.917,10.917,0,0
MBR_PE,D,20200512,000000,11.3,11.587,11.3,11.587,0,0
MBR_PE,D,20200513,000000,11.587,11.587,11.587,11.587,0,0
MBR_PE,D,20200514,000000,11.587,11.587,11.587,11.587,0,0
MBR_PE,D,20200515,000000,11.204,11.492,11.204,11.492,0,0
MBR_PE,D,20200518,000000,11.492,11.587,11.492,11.587,0,0
MBR_PE,D,20200519,000000,11.587,11.587,11.587,11.587,0,0
MBR_PE,D,20200520,000000,11.204,11.204,11.204,11.204,0,0
MBR_PE,D,20200521,000000,11.3,12.449,11.3,12.449,0,0
MBR_PE,D,20200522,000000,12.545,13.024,12.545,12.928,0,0
MBR_PE,D,20200525,000000,12.928,13.119,12.832,13.119,0,0
MBR_PE,D,20200526,000000,13.119,13.119,12.832,12.832,0,0
MBR_PE,D,20200527,000000,12.832,12.832,12.832,12.832,0,0
MBR_PE,D,20200528,000000,12.832,12.832,12.641,12.641,0,0
MBR_PE,D,20200529,000000,12.641,12.641,12.641,12.641,0,0
MBR_PE,D,20200601,000000,12.162,12.258,11.204,11.875,0,0
MBR_PE,D,20200602,000000,11.875,11.97,11.779,11.779,0,0
MBR_PE,D,20200603,000000,12.162,12.832,12.162,12.832,0,0
MBR_PE,D,20200604,000000,12.928,13.503,12.928,13.311,0,0
MBR_PE,D,20200605,000000,13.503,14.556,13.503,14.556,0,0
MBR_PE,D,20200608,000000,15.418,16.758,15.418,15.514,0,0
MBR_PE,D,20200609,000000,16.95,18.482,15.418,15.992,0,0
MBR_PE,D,20200610,000000,17.429,17.429,16.28,16.95,0,0
MBR_PE,D,20200612,000000,16.088,16.663,15.226,15.801,0,0
MBR_PE,D,20200615,000000,15.418,16.184,15.226,15.801,0,0
MBR_PE,D,20200616,000000,16.375,16.567,16.088,16.567,0,0
MBR_PE,D,20200617,000000,16.663,16.854,16.184,16.567,0,0
MBR_PE,D,20200618,000000,16.471,16.663,16.184,16.567,0,0
MBR_PE,D,20200619,000000,18.4,18.5,17.3,17.3,0,0
MBR_PE,D,20200622,000000,17.4,17.4,16.1,16.2,0,0
MBR_PE,D,20200623,000000,16.1,16.1,15.5,15.9,0,0
MBR_PE,D,20200624,000000,16.1,16.3,15.6,15.7,0,0
MBR_PE,D,20200625,000000,15.7,15.7,15.7,15.7,0,0
MBR_PE,D,20200626,000000,15.6,15.6,15.4,15.4,0,0
MBR_PE,D,20200629,000000,15.7,16.3,15.7,16.2,0,0
MBR_PE,D,20200630,000000,16.5,16.5,16.2,16.2,0,0
MBR_PE,D,20200701,000000,16.2,16.3,16.2,16.2,0,0
MBR_PE,D,20200702,000000,16.3,16.4,16.3,16.4,0,0
MBR_PE,D,20200703,000000,15.8,16.1,15.8,16,0,0
MBR_PE,D,20200706,000000,16.1,16.3,15.9,16.1,0,0
MBR_PE,D,20200707,000000,16,16,15.8,15.8,0,0
MBR_PE,D,20200708,000000,15.9,16.4,15.8,15.8,0,0
MBR_PE,D,20200709,000000,15.9,15.9,15.8,15.8,0,0
MBR_PE,D,20200710,000000,16.1,16.1,16.1,16.1,0,0
MBR_PE,D,20200713,000000,16.1,16.1,16,16.1,0,0
MBR_PE,D,20200714,000000,16.1,16.1,15.8,16.1,0,0
MBR_PE,D,20200715,000000,16.1,17.6,16.1,16.2,0,0
MBR_PE,D,20200716,000000,15.9,16,15.9,16,0,0
MBR_PE,D,20200717,000000,17.6,18.2,17.5,17.6,0,0
MBR_PE,D,20200720,000000,17.6,18.9,17.6,18.1,0,0
MBR_PE,D,20200721,000000,18.5,18.8,17.8,18.3,0,0
MBR_PE,D,20200722,000000,18.4,18.9,18.4,18.9,0,0
MBR_PE,D,20200723,000000,18.9,19,18.5,19,0,0
MBR_PE,D,20200724,000000,19,19,18.6,18.6,0,0
MBR_PE,D,20200727,000000,18.7,18.7,17.9,18.1,0,0
MBR_PE,D,20200728,000000,18.1,18.1,17.8,17.9,0,0
MBR_PE,D,20200729,000000,18,18,18,18,0,0
MBR_PE,D,20200730,000000,17.6,17.6,16.5,17.4,0,0
MBR_PE,D,20200731,000000,17,18.4,16.8,18.4,0,0
MBR_PE,D,20200803,000000,16.9,18,16.9,17.6,0,0
MBR_PE,D,20200804,000000,17.9,17.9,17.6,17.6,0,0
MBR_PE,D,20200805,000000,17.7,18,17.6,18,0,0
MBR_PE,D,20200806,000000,18,18,17.4,17.4,0,0
MBR_PE,D,20200807,000000,17.4,18,17.3,17.3,0,0
MBR_PE,D,20200810,000000,17.2,17.2,17.1,17.1,0,0
MBR_PE,D,20200811,000000,17,17.2,16.5,17.1,0,0
MBR_PE,D,20200812,000000,17.2,18.3,17.2,18.3,0,0
MBR_PE,D,20200813,000000,17.1,18.9,17.1,17.9,0,0
MBR_PE,D,20200814,000000,18.7,18.7,18.6,18.6,0,0
MBR_PE,D,20200817,000000,18.1,18.3,17.7,17.7,0,0
MBR_PE,D,20200818,000000,17.5,17.5,17.4,17.4,0,0
MBR_PE,D,20200819,000000,17.4,17.4,17.2,17.3,0,0
MBR_PE,D,20200820,000000,17.1,17.1,17.1,17.1,0,0
MBR_PE,D,20200821,000000,16.9,17.3,16.9,17.3,0,0
MBR_PE,D,20200824,000000,17.3,17.5,17.3,17.4,0,0
MBR_PE,D,20200825,000000,17.1,17.1,17.1,17.1,0,0
MBR_PE,D,20200826,000000,17.3,17.3,17.3,17.3,0,0
MBR_PE,D,20200828,000000,17,17,15,15,0,0
MBR_PE,D,20200831,000000,15.5,15.8,15.4,15.8,0,0
MBR_PE,D,20200901,000000,15.9,15.9,15.9,15.9,0,0
MBR_PE,D,20200902,000000,16.2,16.2,16.2,16.2,0,0
MBR_PE,D,20200903,000000,16.1,16.1,16.1,16.1,0,0
MBR_PE,D,20200904,000000,16.2,17.3,16.2,16.7,0,0
MBR_PE,D,20200907,000000,17.2,17.2,16.8,16.9,0,0
MBR_PE,D,20200908,000000,16.8,16.8,16.6,16.7,0,0
MBR_PE,D,20200909,000000,16.6,16.6,16.3,16.3,0,0
MBR_PE,D,20200910,000000,16.2,16.9,16.2,16.9,0,0
MBR_PE,D,20200914,000000,16.8,16.8,16.7,16.7,0,0
MBR_PE,D,20200915,000000,16.6,16.9,16.6,16.9,0,0
MBR_PE,D,20200916,000000,16.9,16.9,16.9,16.9,0,0
MBR_PE,D,20200917,000000,16.9,16.9,16.9,16.9,0,0
MBR_PE,D,20200918,000000,16.9,17,16.9,17,0,0
MBR_PE,D,20200921,000000,16.6,16.6,16.6,16.6,0,0
MBR_PE,D,20200922,000000,16.5,16.5,16.2,16.2,0,0
MBR_PE,D,20200923,000000,16.3,16.5,16.3,16.5,0,0
MBR_PE,D,20200924,000000,16.4,16.4,16.2,16.2,0,0
MBR_PE,D,20200925,000000,16.5,16.5,16.5,16.5,0,0
MBR_PE,D,20200928,000000,16.6,16.6,16.6,16.6,0,0
MBR_PE,D,20201001,000000,16.2,16.6,16.2,16.6,0,0
MBR_PE,D,20201002,000000,16.5,17.3,16.5,17.3,0,0
MBR_PE,D,20201005,000000,16.9,17,16.2,17,0,0
MBR_PE,D,20201006,000000,16.9,17.9,16.9,17.9,0,0
MBR_PE,D,20201007,000000,17.9,18.6,17.8,18.6,0,0
MBR_PE,D,20201008,000000,18.7,19.5,18.7,19.2,0,0
MBR_PE,D,20201009,000000,18.9,18.9,18,18.1,0,0
MBR_PE,D,20201012,000000,17.7,17.7,17.7,17.7,0,0
MBR_PE,D,20201013,000000,18.4,19.9,18.4,19.3,0,0
MBR_PE,D,20201014,000000,19.4,20.2,19.4,19.4,0,0
MBR_PE,D,20201015,000000,19.8,19.8,19.2,19.2,0,0
MBR_PE,D,20201016,000000,19.7,19.9,18.5,18.6,0,0
