<TICKER>,<PER>,<DATE>,<TIME>,<OPEN>,<HIGH>,<LOW>,<CLOSE>,<VOL>,<OPENINT>
MEG_PB,D,20110520,000000,3.5865,3.5865,3.5865,3.5865,0,0
MEG_PB,D,20110523,000000,3.3861,3.3861,3.3449,3.3449,0,0
MEG_PB,D,20110524,000000,3.4038,3.5275,3.3449,3.5275,0,0
MEG_PB,D,20110525,000000,3.4865,3.4865,3.4745,3.4745,0,0
MEG_PB,D,20110526,000000,3.445,3.4745,3.445,3.4686,0,0
MEG_PB,D,20110527,000000,3.4672,3.5806,3.455,3.5746,0,0
MEG_PB,D,20110530,000000,3.4567,3.5451,3.4567,3.4567,0,0
MEG_PB,D,20110531,000000,3.4435,3.4435,3.4371,3.4371,0,0
MEG_PB,D,20110602,000000,3.4628,3.5156,3.4567,3.5156,0,0
MEG_PB,D,20110603,000000,3.5148,3.5148,3.5148,3.5148,0,0
MEG_PB,D,20110606,000000,3.451,3.5156,3.451,3.5156,0,0
MEG_PB,D,20110607,000000,3.4491,3.5566,3.4491,3.5566,0,0
MEG_PB,D,20110608,000000,3.5507,3.5566,3.455,3.455,0,0
MEG_PB,D,20110609,000000,3.5148,3.5148,3.479,3.479,0,0
MEG_PB,D,20110610,000000,3.4731,3.479,3.4731,3.479,0,0
MEG_PB,D,20110613,000000,3.4731,3.4731,3.4731,3.4731,0,0
MEG_PB,D,20110614,000000,3.4731,3.4731,3.4431,3.4431,0,0
MEG_PB,D,20110615,000000,3.4491,3.4969,3.4491,3.4491,0,0
MEG_PB,D,20110616,000000,3.455,3.5684,3.4491,3.4491,0,0
MEG_PB,D,20110617,000000,3.4491,3.4491,3.4491,3.4491,0,0
MEG_PB,D,20110620,000000,3.3057,3.4491,3.1204,3.4311,0,0
MEG_PB,D,20110621,000000,3.4132,3.5684,3.2758,3.3296,0,0
MEG_PB,D,20110622,000000,3.3296,3.4969,3.3296,3.4969,0,0
MEG_PB,D,20110624,000000,3.1742,3.4849,3.1742,3.3414,0,0
MEG_PB,D,20110627,000000,3.222,3.3414,3.222,3.2338,0,0
MEG_PB,D,20110628,000000,3.1501,3.4252,3.1501,3.4252,0,0
MEG_PB,D,20110629,000000,3.2936,3.4311,3.2936,3.4311,0,0
MEG_PB,D,20110630,000000,3.1853,3.5665,3.1853,3.5665,0,0
MEG_PB,D,20110701,000000,3.2697,3.5626,3.2697,3.5626,0,0
MEG_PB,D,20110704,000000,3.3057,3.5507,3.3057,3.5507,0,0
MEG_PB,D,20110705,000000,3.4969,3.5328,3.4969,3.5268,0,0
MEG_PB,D,20110708,000000,3.2996,3.5268,3.2996,3.5268,0,0
MEG_PB,D,20110711,000000,3.5387,3.5387,3.3654,3.3654,0,0
MEG_PB,D,20110712,000000,3.3057,3.5148,3.2338,3.5148,0,0
MEG_PB,D,20110714,000000,3.5148,3.5148,3.5148,3.5148,0,0
MEG_PB,D,20110719,000000,3.2758,3.4969,3.2697,3.4969,0,0
MEG_PB,D,20110721,000000,3.4969,3.4969,3.4969,3.4969,0,0
MEG_PB,D,20110722,000000,3.3237,3.4969,3.3176,3.4969,0,0
MEG_PB,D,20110725,000000,3.3354,3.4311,3.3354,3.3654,0,0
MEG_PB,D,20110726,000000,3.3595,3.4909,3.3595,3.3654,0,0
MEG_PB,D,20110727,000000,3.3654,3.3654,3.3654,3.3654,0,0
MEG_PB,D,20110728,000000,3.3654,3.3654,3.3414,3.3414,0,0
MEG_PB,D,20110729,000000,3.2282,3.2282,3.2282,3.2282,0,0
MEG_PB,D,20110801,000000,3.222,3.2338,3.222,3.2338,0,0
MEG_PB,D,20110802,000000,3.2279,3.2279,3.222,3.222,0,0
MEG_PB,D,20110803,000000,3.222,3.222,3.222,3.222,0,0
MEG_PB,D,20110804,000000,3.0665,3.0665,3.0665,3.0665,0,0
MEG_PB,D,20110805,000000,2.9469,3.0665,2.7617,2.8034,0,0
MEG_PB,D,20110808,000000,2.5225,2.7318,2.5225,2.7318,0,0
MEG_PB,D,20110809,000000,2.4567,2.4567,2.409,2.4149,0,0
MEG_PB,D,20110810,000000,2.4508,2.5465,2.4508,2.4508,0,0
MEG_PB,D,20110811,000000,2.4508,2.6301,2.4508,2.6301,0,0
MEG_PB,D,20110812,000000,2.6301,2.8693,2.6301,2.8693,0,0
MEG_PB,D,20110816,000000,3.0784,3.0784,2.8693,3.0784,0,0
MEG_PB,D,20110817,000000,3.0784,3.0784,3.0067,3.0067,0,0
MEG_PB,D,20110818,000000,2.881,2.881,2.4627,2.881,0,0
MEG_PB,D,20110819,000000,2.6602,3.0784,2.6602,3.0784,0,0
MEG_PB,D,20110824,000000,3.0784,3.0784,3.0784,3.0784,0,0
MEG_PB,D,20110825,000000,2.7975,3.0784,2.7975,3.0784,0,0
MEG_PB,D,20110826,000000,2.7736,3.0784,2.7736,3.0784,0,0
MEG_PB,D,20110831,000000,3.0745,3.0745,3.0745,3.0745,0,0
MEG_PB,D,20110902,000000,2.8715,3.0683,2.1645,2.1645,0,0
MEG_PB,D,20110914,000000,1.7096,2.1278,1.7096,2.1278,0,0
MEG_PB,D,20110915,000000,1.8769,2.1278,1.8769,2.1278,0,0
MEG_PB,D,20110916,000000,1.9487,2.1278,1.9487,2.1278,0,0
MEG_PB,D,20110919,000000,1.7395,2.1278,1.7395,2.1278,0,0
MEG_PB,D,20110921,000000,2.0741,2.1278,2.0741,2.1278,0,0
MEG_PB,D,20111010,000000,2.0741,2.0741,2.0741,2.0741,0,0
MEG_PB,D,20111011,000000,2.0741,2.0741,2.0741,2.0741,0,0
MEG_PB,D,20111024,000000,1.9786,2.0264,1.9786,2.0264,0,0
MEG_PB,D,20111026,000000,2.068,2.068,2.0264,2.068,0,0
MEG_PB,D,20111027,000000,2.068,2.068,2.068,2.068,0,0
MEG_PB,D,20111031,000000,1.7094,2.066,1.7094,1.7094,0,0
MEG_PB,D,20111102,000000,2.068,2.068,2.068,2.068,0,0
MEG_PB,D,20111104,000000,2.0538,2.0538,2.0538,2.0538,0,0
MEG_PB,D,20111121,000000,2.1029,2.1029,2.1029,2.1029,0,0
MEG_PB,D,20111207,000000,2.0846,2.1029,2.0846,2.0846,0,0
MEG_PB,D,20111209,000000,1.8508,1.8508,1.8508,1.8508,0,0
MEG_PB,D,20111212,000000,1.8939,1.8939,1.8939,1.8939,0,0
MEG_PB,D,20111213,000000,1.8939,1.8939,1.8939,1.8939,0,0
MEG_PB,D,20111220,000000,1.8939,1.8939,1.8939,1.8939,0,0
MEG_PB,D,20111221,000000,1.6603,1.8939,1.6603,1.8939,0,0
MEG_PB,D,20111223,000000,1.8939,1.8939,1.8939,1.8939,0,0
MEG_PB,D,20111227,000000,1.8939,1.8939,1.8939,1.8939,0,0
MEG_PB,D,20111230,000000,1.9476,1.9476,1.9476,1.9476,0,0
MEG_PB,D,20120102,000000,2.0353,2.0353,2.0353,2.0353,0,0
MEG_PB,D,20120103,000000,2.0353,2.0353,2.0353,2.0353,0,0
MEG_PB,D,20120110,000000,1.7341,1.7341,1.7341,1.7341,0,0
MEG_PB,D,20120111,000000,1.8017,1.8017,1.8017,1.8017,0,0
MEG_PB,D,20120112,000000,2.0292,2.0292,2.0292,2.0292,0,0
MEG_PB,D,20120116,000000,2.0292,2.0292,2.0292,2.0292,0,0
MEG_PB,D,20120117,000000,1.8631,1.8631,1.8631,1.8631,0,0
MEG_PB,D,20120118,000000,1.8631,1.8631,1.8631,1.8631,0,0
MEG_PB,D,20120119,000000,2.0292,2.0292,2.0292,2.0292,0,0
MEG_PB,D,20120124,000000,2.0292,2.0292,2.0292,2.0292,0,0
MEG_PB,D,20120125,000000,2.0353,2.0353,2.0292,2.0353,0,0
MEG_PB,D,20120130,000000,2.0292,2.0292,2.0292,2.0292,0,0
MEG_PB,D,20120201,000000,2.0292,2.0292,2.0292,2.0292,0,0
MEG_PB,D,20120209,000000,2.0353,2.0784,2.0292,2.0784,0,0
MEG_PB,D,20120210,000000,2.0846,2.0846,2.0846,2.0846,0,0
MEG_PB,D,20120214,000000,1.8939,1.8939,1.8939,1.8939,0,0
MEG_PB,D,20120215,000000,2.1768,2.1768,1.8939,2.1768,0,0
MEG_PB,D,20120216,000000,2.2321,2.2321,2.2321,2.2321,0,0
MEG_PB,D,20120217,000000,2.2751,2.2751,2.2751,2.2751,0,0
MEG_PB,D,20120220,000000,2.2321,2.2321,2.2321,2.2321,0,0
MEG_PB,D,20120221,000000,2.2321,2.2751,2.2321,2.2751,0,0
MEG_PB,D,20120222,000000,2.2751,2.3674,2.2751,2.3674,0,0
MEG_PB,D,20120223,000000,2.4289,2.4289,2.4289,2.4289,0,0
MEG_PB,D,20120224,000000,2.4472,2.4657,2.4472,2.4657,0,0
MEG_PB,D,20120227,000000,2.4657,2.5518,2.4657,2.5518,0,0
MEG_PB,D,20120228,000000,2.644,2.644,2.644,2.644,0,0
MEG_PB,D,20120229,000000,2.6449,2.6449,2.6449,2.6449,0,0
MEG_PB,D,20120301,000000,2.644,2.644,2.644,2.644,0,0
MEG_PB,D,20120305,000000,2.6502,2.6502,2.6502,2.6502,0,0
MEG_PB,D,20120306,000000,2.6502,2.6502,2.6502,2.6502,0,0
MEG_PB,D,20120307,000000,2.6502,2.6933,2.6502,2.6933,0,0
MEG_PB,D,20120308,000000,2.6933,2.7548,2.6933,2.7548,0,0
MEG_PB,D,20120309,000000,2.7917,2.7917,2.7917,2.7917,0,0
MEG_PB,D,20120312,000000,2.7917,2.847,2.7917,2.847,0,0
MEG_PB,D,20120313,000000,2.8654,2.8654,2.8654,2.8654,0,0
MEG_PB,D,20120314,000000,2.8654,2.9638,2.8654,2.9638,0,0
MEG_PB,D,20120315,000000,3.0439,3.0439,3.0439,3.0439,0,0
MEG_PB,D,20120316,000000,3.093,3.179,3.093,3.179,0,0
MEG_PB,D,20120319,000000,3.179,3.3205,3.179,3.3205,0,0
MEG_PB,D,20120320,000000,3.3328,3.3328,3.3205,3.3328,0,0
MEG_PB,D,20120329,000000,3.3881,3.4619,3.3328,3.4619,0,0
MEG_PB,D,20120330,000000,3.5517,3.5517,3.4625,3.5517,0,0
MEG_PB,D,20120402,000000,3.5602,3.5602,3.3698,3.3698,0,0
MEG_PB,D,20120403,000000,3.3698,3.3698,3.3698,3.3698,0,0
MEG_PB,D,20120404,000000,3.3698,3.3698,3.3698,3.3698,0,0
MEG_PB,D,20120410,000000,3.5602,3.5602,3.5602,3.5602,0,0
MEG_PB,D,20120412,000000,3.4619,3.4619,3.4619,3.4619,0,0
MEG_PB,D,20120502,000000,3.4619,3.4619,3.4619,3.4619,0,0
MEG_PB,D,20120614,000000,3.0252,3.0252,2.595,2.9883,0,0
MEG_PB,D,20120615,000000,2.9912,2.9912,2.9912,2.9912,0,0
MEG_PB,D,20120620,000000,2.9975,2.9975,2.9975,2.9975,0,0
MEG_PB,D,20120626,000000,3.0228,3.0228,3.0228,3.0228,0,0
MEG_PB,D,20120627,000000,3.5201,3.5201,3.5201,3.5201,0,0
MEG_PB,D,20120710,000000,3.0982,3.5201,3.0982,3.0982,0,0
MEG_PB,D,20120711,000000,3.4005,3.4005,3.0982,3.4005,0,0
MEG_PB,D,20120719,000000,3.325,3.325,3.325,3.325,0,0
MEG_PB,D,20120720,000000,3.2809,3.2809,3.2809,3.2809,0,0
MEG_PB,D,20120822,000000,2.9094,3.2682,2.9094,3.2682,0,0
MEG_PB,D,20120912,000000,3.3815,3.3815,3.3815,3.3815,0,0
MEG_PB,D,20120924,000000,3.3815,3.3815,3.3815,3.3815,0,0
MEG_PB,D,20120928,000000,3.3734,3.3797,3.3734,3.3734,0,0
MEG_PB,D,20121114,000000,3.2396,3.2396,3.2396,3.2396,0,0
MEG_PB,D,20121119,000000,3.2396,3.2396,3.2396,3.2396,0,0
MEG_PB,D,20121211,000000,2.9659,2.9659,2.9659,2.9659,0,0
MEG_PB,D,20121217,000000,2.9659,2.9659,2.9659,2.9659,0,0
MEG_PB,D,20121220,000000,2.9659,2.9659,2.9659,2.9659,0,0
MEG_PB,D,20130104,000000,2.9278,2.9659,2.9278,2.9278,0,0
MEG_PB,D,20130107,000000,2.9278,2.9278,2.9278,2.9278,0,0
MEG_PB,D,20130110,000000,2.6605,2.6605,2.6605,2.6605,0,0
MEG_PB,D,20130121,000000,2.5904,2.6605,2.5904,2.5904,0,0
MEG_PB,D,20130129,000000,2.5713,2.5904,2.5713,2.5904,0,0
MEG_PB,D,20130204,000000,2.3932,2.3932,2.1512,2.1512,0,0
MEG_PB,D,20130206,000000,1.8905,1.8905,1.8905,1.8905,0,0
MEG_PB,D,20130207,000000,1.8905,1.8905,1.8905,1.8905,0,0
MEG_PB,D,20130208,000000,1.7693,1.8905,1.7693,1.8905,0,0
MEG_PB,D,20130212,000000,2.215,2.215,2.215,2.215,0,0
MEG_PB,D,20130301,000000,2.215,2.4377,2.215,2.215,0,0
MEG_PB,D,20130304,000000,2.215,2.3932,2.215,2.3932,0,0
MEG_PB,D,20130305,000000,2.5713,2.5713,2.5713,2.5713,0,0
MEG_PB,D,20130306,000000,2.5713,2.5713,2.5713,2.5713,0,0
MEG_PB,D,20130308,000000,2.6477,2.6477,2.5713,2.6223,0,0
MEG_PB,D,20130327,000000,2.6543,2.6605,2.6543,2.6605,0,0
MEG_PB,D,20130411,000000,2.3868,2.3868,2.3868,2.3868,0,0
MEG_PB,D,20130415,000000,2.6543,2.6543,2.6543,2.6543,0,0
MEG_PB,D,20130417,000000,2.6543,2.6543,2.6543,2.6543,0,0
MEG_PB,D,20130424,000000,2.6543,2.6543,2.6543,2.6543,0,0
MEG_PB,D,20130528,000000,2.686,2.686,2.686,2.686,0,0
MEG_PB,D,20130529,000000,2.7334,2.7334,2.7334,2.7334,0,0
MEG_PB,D,20130606,000000,2.4588,2.4588,2.4588,2.4588,0,0
MEG_PB,D,20130607,000000,2.4588,2.4588,2.4588,2.4588,0,0
MEG_PB,D,20130610,000000,2.7051,2.7305,2.7051,2.7305,0,0
MEG_PB,D,20130709,000000,2.2429,2.2429,2.2429,2.2429,0,0
MEG_PB,D,20130715,000000,2.5569,2.5569,2.5569,2.5569,0,0
MEG_PB,D,20130722,000000,2.5569,2.5569,2.5569,2.5569,0,0
MEG_PB,D,20130724,000000,2.3019,2.3019,2.3019,2.3019,0,0
MEG_PB,D,20130726,000000,2.5569,2.5569,2.5569,2.5569,0,0
MEG_PB,D,20130730,000000,2.6483,2.6483,2.5569,2.6483,0,0
MEG_PB,D,20130813,000000,2.3803,2.3803,2.3803,2.3803,0,0
MEG_PB,D,20130814,000000,2.413,2.413,2.413,2.413,0,0
MEG_PB,D,20130822,000000,2.3737,2.413,2.3737,2.3737,0,0
MEG_PB,D,20131004,000000,2.2233,2.2233,2.2233,2.2233,0,0
MEG_PB,D,20131007,000000,1.9617,1.9617,1.9617,1.9617,0,0
MEG_PB,D,20131008,000000,1.8637,1.8637,1.8637,1.8637,0,0
MEG_PB,D,20131011,000000,1.903,1.903,1.903,1.903,0,0
MEG_PB,D,20131022,000000,1.903,1.903,1.903,1.903,0,0
MEG_PB,D,20131023,000000,1.903,1.903,1.903,1.903,0,0
MEG_PB,D,20131029,000000,1.9422,1.9422,1.9422,1.9422,0,0
MEG_PB,D,20131030,000000,1.9422,1.9422,1.9422,1.9422,0,0
MEG_PB,D,20131107,000000,2.4064,2.4064,2.4064,2.4064,0,0
MEG_PB,D,20131108,000000,2.3149,2.4064,2.3149,2.3149,0,0
MEG_PB,D,20131114,000000,1.9552,1.9552,1.9552,1.9552,0,0
MEG_PB,D,20131118,000000,1.9617,1.9617,1.9617,1.9617,0,0
MEG_PB,D,20131126,000000,1.9617,1.9617,1.9617,1.9617,0,0
MEG_PB,D,20131128,000000,1.9617,2.0861,1.9617,2.0861,0,0
MEG_PB,D,20131202,000000,2.0861,2.0861,2.0861,2.0861,0,0
MEG_PB,D,20131205,000000,2.0664,2.0664,2.0664,2.0664,0,0
MEG_PB,D,20131212,000000,1.7722,1.7722,1.7722,1.7722,0,0
MEG_PB,D,20131213,000000,2.0599,2.0599,2.0599,2.0599,0,0
MEG_PB,D,20131216,000000,2.0599,2.0599,2.0599,2.0599,0,0
MEG_PB,D,20140107,000000,2.073,2.073,2.073,2.073,0,0
MEG_PB,D,20140115,000000,2.0141,2.0141,2.0141,2.0141,0,0
MEG_PB,D,20140117,000000,2.0141,2.0141,2.0141,2.0141,0,0
MEG_PB,D,20140130,000000,1.8114,2.0141,1.8114,1.8114,0,0
MEG_PB,D,20140204,000000,1.8114,1.8114,1.8114,1.8114,0,0
MEG_PB,D,20140207,000000,1.8702,1.8702,1.8702,1.8702,0,0
MEG_PB,D,20140210,000000,2.0664,2.0664,2.0664,2.0664,0,0
MEG_PB,D,20140217,000000,1.9682,1.9682,1.9682,1.9682,0,0
MEG_PB,D,20140218,000000,1.8702,1.8702,1.8702,1.8702,0,0
MEG_PB,D,20140226,000000,1.9291,1.9291,1.9291,1.9291,0,0
MEG_PB,D,20140227,000000,1.8114,1.8114,1.8114,1.8114,0,0
MEG_PB,D,20140317,000000,1.7591,1.7591,1.7198,1.7198,0,0
MEG_PB,D,20140318,000000,1.7198,1.7198,1.7198,1.7198,0,0
MEG_PB,D,20140320,000000,1.7198,1.7198,1.7198,1.7198,0,0
MEG_PB,D,20140324,000000,1.7198,1.7198,1.7198,1.7198,0,0
MEG_PB,D,20140327,000000,1.5433,1.5497,1.5433,1.5497,0,0
MEG_PB,D,20140328,000000,1.5497,1.5497,1.5497,1.5497,0,0
MEG_PB,D,20140331,000000,1.5433,1.5433,1.5433,1.5433,0,0
MEG_PB,D,20140401,000000,1.5368,1.5368,1.5368,1.5368,0,0
MEG_PB,D,20140402,000000,1.5368,1.5368,1.5368,1.5368,0,0
MEG_PB,D,20140403,000000,1.5368,1.5368,1.5368,1.5368,0,0
MEG_PB,D,20140515,000000,1.432,1.432,1.432,1.432,0,0
MEG_PB,D,20140522,000000,1.5301,1.5301,1.5301,1.5301,0,0
MEG_PB,D,20140523,000000,1.5171,1.5171,1.5171,1.5171,0,0
MEG_PB,D,20140605,000000,1.432,1.432,1.432,1.432,0,0
MEG_PB,D,20140609,000000,1.432,1.432,1.432,1.432,0,0
MEG_PB,D,20140616,000000,1.4517,1.4517,1.4517,1.4517,0,0
MEG_PB,D,20140623,000000,1.4825,1.4825,1.4485,1.4485,0,0
MEG_PB,D,20140624,000000,1.4825,1.4825,1.4825,1.4825,0,0
MEG_PB,D,20140701,000000,1.4825,1.4825,1.4825,1.4825,0,0
MEG_PB,D,20140923,000000,1.3267,1.3267,1.3267,1.3267,0,0
MEG_PB,D,20141001,000000,1.3336,1.3336,1.3336,1.3336,0,0
MEG_PB,D,20141002,000000,1.2793,1.3267,1.2793,1.3267,0,0
MEG_PB,D,20141013,000000,1.3403,1.3403,1.3403,1.3403,0,0
MEG_PB,D,20141014,000000,1.3403,1.3403,1.3403,1.3403,0,0
MEG_PB,D,20141020,000000,1.3403,1.3403,1.3403,1.3403,0,0
MEG_PB,D,20141021,000000,1.3403,1.3403,1.3403,1.3403,0,0
MEG_PB,D,20141023,000000,1.3267,1.3267,1.3267,1.3267,0,0
MEG_PB,D,20141029,000000,1.7058,1.7058,1.7058,1.7058,0,0
MEG_PB,D,20141103,000000,1.7058,1.7058,1.7058,1.7058,0,0
MEG_PB,D,20141105,000000,1.7058,1.7058,1.7058,1.7058,0,0
MEG_PB,D,20141112,000000,1.7058,1.7058,1.7058,1.7058,0,0
MEG_PB,D,20141117,000000,1.5636,1.5636,1.5636,1.5636,0,0
MEG_PB,D,20141118,000000,1.5636,1.5636,1.5636,1.5636,0,0
MEG_PB,D,20141121,000000,1.5636,1.5636,1.5636,1.5636,0,0
MEG_PB,D,20141124,000000,1.5771,1.5771,1.5771,1.5771,0,0
MEG_PB,D,20141125,000000,1.5771,1.5771,1.5771,1.5771,0,0
MEG_PB,D,20141219,000000,1.5771,1.5771,1.5771,1.5771,0,0
MEG_PB,D,20141229,000000,1.7397,1.7397,1.7397,1.7397,0,0
MEG_PB,D,20141230,000000,1.7397,1.7397,1.7397,1.7397,0,0
MEG_PB,D,20150105,000000,1.7397,1.7397,1.7397,1.7397,0,0
MEG_PB,D,20150107,000000,1.7397,1.7397,1.7397,1.7397,0,0
MEG_PB,D,20150108,000000,1.7397,1.7397,1.7397,1.7397,0,0
MEG_PB,D,20150109,000000,1.8706,1.8706,1.8706,1.8706,0,0
MEG_PB,D,20150113,000000,1.8706,1.8706,1.8706,1.8706,0,0
MEG_PB,D,20150202,000000,1.8706,1.8706,1.8706,1.8706,0,0
MEG_PB,D,20150212,000000,1.8706,1.8706,1.8706,1.8706,0,0
MEG_PB,D,20150226,000000,2.037,2.037,2.037,2.037,0,0
MEG_PB,D,20150227,000000,2.037,2.0785,2.037,2.0785,0,0
MEG_PB,D,20150326,000000,2.03,2.03,2.03,2.03,0,0
MEG_PB,D,20150526,000000,1.9538,1.9538,1.9538,1.9538,0,0
MEG_PB,D,20150528,000000,1.9538,1.9538,1.9538,1.9538,0,0
MEG_PB,D,20150611,000000,1.4203,1.4203,1.4203,1.4203,0,0
MEG_PB,D,20150617,000000,1.5728,1.5728,1.5728,1.5728,0,0
MEG_PB,D,20150717,000000,1.6251,1.6251,1.6251,1.6251,0,0
MEG_PB,D,20150803,000000,1.6251,1.6251,1.6251,1.6251,0,0
MEG_PB,D,20150805,000000,1.7825,1.7825,1.7825,1.7825,0,0
MEG_PB,D,20150813,000000,1.7825,1.7825,1.7825,1.7825,0,0
MEG_PB,D,20150819,000000,1.7899,1.7899,1.7899,1.7899,0,0
MEG_PB,D,20150825,000000,1.575,1.575,1.575,1.575,0,0
MEG_PB,D,20150831,000000,1.6179,1.6179,1.6179,1.6179,0,0
MEG_PB,D,20150901,000000,1.7612,1.7612,1.7612,1.7612,0,0
MEG_PB,D,20150909,000000,1.7539,1.7539,1.7539,1.7539,0,0
MEG_PB,D,20150918,000000,1.575,1.575,1.575,1.575,0,0
MEG_PB,D,20150921,000000,1.575,1.575,1.575,1.575,0,0
MEG_PB,D,20151008,000000,1.5678,1.5678,1.5678,1.5678,0,0
MEG_PB,D,20151020,000000,1.3316,1.3316,1.3316,1.3316,0,0
MEG_PB,D,20151027,000000,1.2098,1.2098,1.2098,1.2098,0,0
MEG_PB,D,20151029,000000,1.1598,1.1598,1.1598,1.1598,0,0
MEG_PB,D,20151103,000000,1.1097,1.1097,1.1097,1.1097,0,0
MEG_PB,D,20151118,000000,1.081,1.081,1.081,1.081,0,0
MEG_PB,D,20151119,000000,1.0023,1.0023,1.0023,1.0023,0,0
MEG_PB,D,20151120,000000,1.0023,1.0023,1.0023,1.0023,0,0
MEG_PB,D,20151123,000000,1.038,1.038,1.038,1.038,0,0
MEG_PB,D,20151203,000000,1.0452,1.0452,1.0452,1.0452,0,0
MEG_PB,D,20151209,000000,1.0452,1.0452,1.0452,1.0452,0,0
MEG_PB,D,20151215,000000,1.1766,1.1766,1.1766,1.1766,0,0
MEG_PB,D,20151218,000000,1.2217,1.2217,1.2217,1.2217,0,0
MEG_PB,D,20151221,000000,1.2666,1.2666,1.2666,1.2666,0,0
MEG_PB,D,20151222,000000,1.2666,1.2666,1.2666,1.2666,0,0
MEG_PB,D,20160108,000000,1.5439,1.5439,1.5439,1.5439,0,0
MEG_PB,D,20160118,000000,1.1318,1.1318,1.1318,1.1318,0,0
MEG_PB,D,20160121,000000,1.1318,1.1318,1.1318,1.1318,0,0
MEG_PB,D,20160126,000000,1.0867,1.0867,1.0867,1.0867,0,0
MEG_PB,D,20160128,000000,1.0867,1.0867,1.0867,1.0867,0,0
MEG_PB,D,20160202,000000,1.1318,1.1318,1.1318,1.1318,0,0
MEG_PB,D,20160203,000000,1.1318,1.1318,1.1318,1.1318,0,0
MEG_PB,D,20160204,000000,1.1318,1.1318,1.1318,1.1318,0,0
MEG_PB,D,20160205,000000,1.1318,1.1318,1.1318,1.1318,0,0
MEG_PB,D,20160208,000000,1.1318,1.1318,1.1318,1.1318,0,0
MEG_PB,D,20160210,000000,1.1318,1.1318,1.1318,1.1318,0,0
MEG_PB,D,20160216,000000,1.0867,1.0867,1.0867,1.0867,0,0
MEG_PB,D,20160310,000000,1.3266,1.3266,1.3266,1.3266,0,0
MEG_PB,D,20160316,000000,1.3266,1.3266,1.3266,1.3266,0,0
MEG_PB,D,20160321,000000,1.3266,1.3266,1.3266,1.3266,0,0
MEG_PB,D,20160322,000000,1.3266,1.3266,1.3266,1.3266,0,0
MEG_PB,D,20160422,000000,1.3266,1.3266,1.3266,1.3266,0,0
MEG_PB,D,20160505,000000,1.3565,1.3565,1.3565,1.3565,0,0
MEG_PB,D,20160511,000000,1.3565,1.3565,1.3565,1.3565,0,0
MEG_PB,D,20160512,000000,1.3565,1.3565,1.3565,1.3565,0,0
MEG_PB,D,20160517,000000,1.3565,1.3565,1.3565,1.3565,0,0
MEG_PB,D,20160520,000000,1.4241,1.4241,1.4241,1.4241,0,0
MEG_PB,D,20160530,000000,1.2817,1.2817,1.2817,1.2817,0,0
MEG_PB,D,20160609,000000,1.2666,1.2666,1.2666,1.2666,0,0
MEG_PB,D,20160624,000000,1.2666,1.2666,1.2666,1.2666,0,0
MEG_PB,D,20160711,000000,1.2123,1.2123,1.2123,1.2123,0,0
MEG_PB,D,20160712,000000,1.2757,1.2757,1.2757,1.2757,0,0
MEG_PB,D,20160719,000000,1.1964,1.1964,1.1964,1.1964,0,0
MEG_PB,D,20160824,000000,1.2439,1.2439,1.2439,1.2439,0,0
MEG_PB,D,20160905,000000,1.3231,1.3231,1.3231,1.3231,0,0
MEG_PB,D,20160909,000000,1.3231,1.3231,1.3231,1.3231,0,0
MEG_PB,D,20161003,000000,1.3231,1.3231,1.3231,1.3231,0,0
MEG_PB,D,20161006,000000,1.3231,1.3231,1.3231,1.3231,0,0
MEG_PB,D,20161026,000000,1.4103,1.4103,1.4103,1.4103,0,0
MEG_PB,D,20161031,000000,1.5134,1.5134,1.5134,1.5134,0,0
MEG_PB,D,20161103,000000,1.5134,1.5134,1.5134,1.5134,0,0
MEG_PB,D,20161118,000000,1.2598,1.2598,1.2598,1.2598,0,0
MEG_PB,D,20161121,000000,1.4737,1.4737,1.4737,1.4737,0,0
MEG_PB,D,20161122,000000,1.2598,1.2598,1.2598,1.2598,0,0
MEG_PB,D,20161130,000000,1.2677,1.2677,1.2677,1.2677,0,0
MEG_PB,D,20161206,000000,1.4737,1.4737,1.4737,1.4737,0,0
MEG_PB,D,20161209,000000,1.4737,1.4737,1.4737,1.4737,0,0
MEG_PB,D,20161230,000000,1.4895,1.4895,1.4737,1.4737,0,0
MEG_PB,D,20170105,000000,1.3369,1.3369,1.3369,1.3369,0,0
MEG_PB,D,20170109,000000,1.3858,1.3858,1.3858,1.3858,0,0
MEG_PB,D,20170116,000000,1.3858,1.3858,1.3858,1.3858,0,0
MEG_PB,D,20170117,000000,1.3858,1.3858,1.3858,1.3858,0,0
MEG_PB,D,20170118,000000,1.5814,1.5814,1.5814,1.5814,0,0
MEG_PB,D,20170125,000000,1.5733,1.5733,1.5733,1.5733,0,0
MEG_PB,D,20170127,000000,1.3858,1.3858,1.3858,1.3858,0,0
MEG_PB,D,20170206,000000,1.3858,1.3858,1.3858,1.3858,0,0
MEG_PB,D,20170221,000000,1.394,1.394,1.394,1.394,0,0
MEG_PB,D,20170301,000000,1.4022,1.4022,1.4022,1.4022,0,0
MEG_PB,D,20170331,000000,1.4836,1.4836,1.4836,1.4836,0,0
MEG_PB,D,20170404,000000,1.4022,1.4022,1.4022,1.4022,0,0
MEG_PB,D,20170412,000000,1.4836,1.4836,1.4836,1.4836,0,0
MEG_PB,D,20170413,000000,1.4103,1.4103,1.4103,1.4103,0,0
MEG_PB,D,20170420,000000,1.4022,1.4022,1.4022,1.4022,0,0
MEG_PB,D,20170511,000000,1.4511,1.4511,1.4511,1.4511,0,0
MEG_PB,D,20170512,000000,1.4592,1.4592,1.4592,1.4592,0,0
MEG_PB,D,20170518,000000,1.4592,1.4592,1.4592,1.4592,0,0
MEG_PB,D,20170519,000000,1.4266,1.4266,1.4266,1.4266,0,0
MEG_PB,D,20170523,000000,1.5326,1.5326,1.5326,1.5326,0,0
MEG_PB,D,20170524,000000,1.6304,1.6304,1.6304,1.6304,0,0
MEG_PB,D,20170526,000000,1.6304,1.6304,1.6304,1.6304,0,0
MEG_PB,D,20170529,000000,1.4836,1.4836,1.4836,1.4836,0,0
MEG_PB,D,20170601,000000,1.5571,1.5571,1.5571,1.5571,0,0
MEG_PB,D,20170602,000000,1.5571,1.5571,1.5571,1.5571,0,0
MEG_PB,D,20170605,000000,1.4511,1.4511,1.4511,1.4511,0,0
MEG_PB,D,20170608,000000,1.5571,1.5571,1.5571,1.5571,0,0
MEG_PB,D,20170609,000000,1.5571,1.5571,1.5571,1.5571,0,0
MEG_PB,D,20170613,000000,1.5571,1.5652,1.5571,1.5652,0,0
MEG_PB,D,20170614,000000,1.7119,1.7201,1.7119,1.7201,0,0
MEG_PB,D,20170616,000000,1.7282,1.7282,1.7282,1.7282,0,0
MEG_PB,D,20170620,000000,1.851,1.851,1.851,1.851,0,0
MEG_PB,D,20170622,000000,1.4844,1.4844,1.4844,1.4844,0,0
MEG_PB,D,20170703,000000,1.5291,1.5291,1.5291,1.5291,0,0
MEG_PB,D,20170704,000000,1.5291,1.5291,1.5291,1.5291,0,0
MEG_PB,D,20170713,000000,1.5828,1.5828,1.5828,1.5828,0,0
MEG_PB,D,20170803,000000,1.6039,1.6039,1.6039,1.6039,0,0
MEG_PB,D,20170804,000000,1.6039,1.6039,1.6039,1.6039,0,0
MEG_PB,D,20170807,000000,1.7164,1.7164,1.7164,1.7164,0,0
MEG_PB,D,20170814,000000,1.7164,1.7164,1.7164,1.7164,0,0
MEG_PB,D,20170818,000000,1.6601,1.6601,1.6601,1.6601,0,0
MEG_PB,D,20170821,000000,1.5851,1.5851,1.5851,1.5851,0,0
MEG_PB,D,20170901,000000,1.5476,1.6601,1.5476,1.6601,0,0
MEG_PB,D,20170906,000000,1.6039,1.6039,1.6039,1.6039,0,0
MEG_PB,D,20170912,000000,1.6601,1.6601,1.6601,1.6601,0,0
MEG_PB,D,20171006,000000,2.373,2.373,2.373,2.373,0,0
MEG_PB,D,20171019,000000,2.373,2.373,2.373,2.373,0,0
MEG_PB,D,20171024,000000,2.373,2.373,2.373,2.373,0,0
MEG_PB,D,20171114,000000,2.373,2.6825,2.373,2.6825,0,0
MEG_PB,D,20171121,000000,2.6825,2.6825,2.6825,2.6825,0,0
MEG_PB,D,20171206,000000,2.6825,2.6825,2.6825,2.6825,0,0
MEG_PB,D,20171220,000000,2.5981,2.5981,2.5981,2.5981,0,0
MEG_PB,D,20171221,000000,2.5418,2.5418,2.5418,2.5418,0,0
MEG_PB,D,20180109,000000,2.5981,2.5981,2.5981,2.5981,0,0
MEG_PB,D,20180118,000000,2.5981,2.5981,2.5981,2.5981,0,0
MEG_PB,D,20180123,000000,2.0634,2.0634,2.0634,2.0634,0,0
MEG_PB,D,20180220,000000,2.1479,2.1479,2.1479,2.1479,0,0
MEG_PB,D,20180222,000000,2.3448,2.3448,2.3448,2.3448,0,0
MEG_PB,D,20180227,000000,2.3448,2.3448,2.3448,2.3448,0,0
MEG_PB,D,20180403,000000,2.5981,2.5981,2.5981,2.5981,0,0
MEG_PB,D,20180525,000000,2.4949,2.4949,2.4949,2.4949,0,0
MEG_PB,D,20180605,000000,1.6695,1.6695,1.6695,1.6695,0,0
MEG_PB,D,20180606,000000,1.6695,1.6695,1.6695,1.6695,0,0
MEG_PB,D,20180607,000000,1.6695,1.6695,1.6695,1.6695,0,0
MEG_PB,D,20180702,000000,1.7633,1.7633,1.7633,1.7633,0,0
MEG_PB,D,20180705,000000,1.6695,1.6695,1.6695,1.6695,0,0
MEG_PB,D,20180710,000000,1.6695,1.6695,1.6695,1.6695,0,0
MEG_PB,D,20180712,000000,1.6695,1.6695,1.6695,1.6695,0,0
MEG_PB,D,20180719,000000,1.6695,1.6695,1.6695,1.6695,0,0
MEG_PB,D,20180727,000000,1.8383,1.8383,1.6695,1.8383,0,0
MEG_PB,D,20180801,000000,1.829,1.829,1.829,1.829,0,0
MEG_PB,D,20180806,000000,1.9134,1.9134,1.9134,1.9134,0,0
MEG_PB,D,20180809,000000,2.1572,2.1572,2.1572,2.1572,0,0
MEG_PB,D,20180814,000000,2.1291,2.1291,2.1291,2.1291,0,0
MEG_PB,D,20180817,000000,2.101,2.101,2.101,2.101,0,0
MEG_PB,D,20180820,000000,2.101,2.1948,2.101,2.1948,0,0
MEG_PB,D,20180821,000000,2.0353,2.0353,2.0353,2.0353,0,0
MEG_PB,D,20180827,000000,2.1948,2.2041,2.1948,2.2041,0,0
MEG_PB,D,20180829,000000,2.1948,2.1948,2.1948,2.1948,0,0
MEG_PB,D,20180830,000000,2.1948,2.2041,2.1948,2.2041,0,0
MEG_PB,D,20180831,000000,2.32,2.32,2.32,2.32,0,0
MEG_PB,D,20180910,000000,2.32,2.32,2.32,2.32,0,0
MEG_PB,D,20180918,000000,2.32,2.32,2.32,2.32,0,0
MEG_PB,D,20180919,000000,2.32,2.32,2.32,2.32,0,0
MEG_PB,D,20180927,000000,2.09,2.09,2.09,2.09,0,0
MEG_PB,D,20180928,000000,2.09,2.4,2.09,2.4,0,0
MEG_PB,D,20181017,000000,2.24,2.24,2.24,2.24,0,0
MEG_PB,D,20181019,000000,2.24,2.24,2.24,2.24,0,0
MEG_PB,D,20181022,000000,2.24,2.24,2.24,2.24,0,0
MEG_PB,D,20181024,000000,2.24,2.24,2.24,2.24,0,0
MEG_PB,D,20181026,000000,2.24,2.24,2.24,2.24,0,0
MEG_PB,D,20181128,000000,2.33,2.33,2.33,2.33,0,0
MEG_PB,D,20181212,000000,2.19,2.19,2.19,2.19,0,0
MEG_PB,D,20181228,000000,2.1,2.1,2.1,2.1,0,0
MEG_PB,D,20190108,000000,2.1,2.1,2.1,2.1,0,0
MEG_PB,D,20190114,000000,2.1,2.1,2.1,2.1,0,0
MEG_PB,D,20190116,000000,2.1,2.1,2.1,2.1,0,0
MEG_PB,D,20190313,000000,2.12,2.12,2.12,2.12,0,0
MEG_PB,D,20190314,000000,2.12,2.12,2.12,2.12,0,0
MEG_PB,D,20190410,000000,2.12,2.12,2.12,2.12,0,0
MEG_PB,D,20190429,000000,2.13,2.13,2.13,2.13,0,0
MEG_PB,D,20190502,000000,2.12,2.12,2.12,2.12,0,0
MEG_PB,D,20190506,000000,2.12,2.12,2.12,2.12,0,0
MEG_PB,D,20190701,000000,1.79,1.79,1.79,1.79,0,0
MEG_PB,D,20190703,000000,1.79,1.79,1.79,1.79,0,0
MEG_PB,D,20190719,000000,1.87,1.87,1.87,1.87,0,0
MEG_PB,D,20190819,000000,1.87,1.87,1.87,1.87,0,0
MEG_PB,D,20190823,000000,2.02,2.02,2.02,2.02,0,0
MEG_PB,D,20190828,000000,2.02,2.02,2.02,2.02,0,0
MEG_PB,D,20190920,000000,1.87,1.87,1.87,1.87,0,0
MEG_PB,D,20190924,000000,1.71,1.71,1.71,1.71,0,0
MEG_PB,D,20191018,000000,1.28,1.29,1.28,1.29,0,0
MEG_PB,D,20191021,000000,1.3,1.3,1.3,1.3,0,0
MEG_PB,D,20191022,000000,1.36,1.54,1.36,1.54,0,0
MEG_PB,D,20191104,000000,1.68,1.68,1.68,1.68,0,0
MEG_PB,D,20191105,000000,1.68,1.68,1.68,1.68,0,0
MEG_PB,D,20191107,000000,1.84,1.84,1.84,1.84,0,0
MEG_PB,D,20200108,000000,1.72,1.72,1.72,1.72,0,0
MEG_PB,D,20200115,000000,1.37,1.37,1.37,1.37,0,0
MEG_PB,D,20200130,000000,1.37,1.37,1.37,1.37,0,0
MEG_PB,D,20200131,000000,1.51,1.51,1.51,1.51,0,0
MEG_PB,D,20200219,000000,1.28,1.28,1.28,1.28,0,0
MEG_PB,D,20200220,000000,1.49,1.49,1.49,1.49,0,0
MEG_PB,D,20200227,000000,1.52,1.52,1.52,1.52,0,0
MEG_PB,D,20200311,000000,1.27,1.27,1.27,1.27,0,0
MEG_PB,D,20200317,000000,1.27,1.27,1.27,1.27,0,0
MEG_PB,D,20200318,000000,1.27,1.27,1.27,1.27,0,0
MEG_PB,D,20200421,000000,1.27,1.27,1.27,1.27,0,0
MEG_PB,D,20200427,000000,1.13,1.13,1.13,1.13,0,0
MEG_PB,D,20200602,000000,1.13,1.13,1.13,1.13,0,0
MEG_PB,D,20200608,000000,1.3,1.3,1.3,1.3,0,0
MEG_PB,D,20200609,000000,1.07,1.07,1.07,1.07,0,0
MEG_PB,D,20200615,000000,1.08,1.08,1.08,1.08,0,0
MEG_PB,D,20200618,000000,1.11,1.11,1.11,1.11,0,0
MEG_PB,D,20200716,000000,1.12,1.12,1.12,1.12,0,0
MEG_PB,D,20200721,000000,1.12,1.12,1.11,1.11,0,0
MEG_PB,D,20200722,000000,1.11,1.11,1.11,1.11,0,0
MEG_PB,D,20200806,000000,1.11,1.11,1.11,1.11,0,0
MEG_PB,D,20200826,000000,1.11,1.11,1.11,1.11,0,0
MEG_PB,D,20200902,000000,1.11,1.11,1.11,1.11,0,0
MEG_PB,D,20200909,000000,1.12,1.12,1.12,1.12,0,0
MEG_PB,D,20200911,000000,1.23,1.23,1.23,1.23,0,0
MEG_PB,D,20200914,000000,1.35,1.35,1.35,1.35,0,0
MEG_PB,D,20200916,000000,1.41,1.41,1.41,1.41,0,0
MEG_PB,D,20201001,000000,1.34,1.34,1.34,1.34,0,0
MEG_PB,D,20201016,000000,1.34,1.34,1.34,1.34,0,0
