<TICKER>,<PER>,<DATE>,<TIME>,<OPEN>,<HIGH>,<LOW>,<CLOSE>,<VOL>,<OPENINT>
MFO_PB,D,20140109,000000,2.0915,2.0915,2.0915,2.0915,0,0
MFO_PB,D,20140110,000000,2.0915,2.1188,2.0642,2.0915,0,0
MFO_PB,D,20140113,000000,2.0915,2.2644,2.0915,2.2552,0,0
MFO_PB,D,20140114,000000,2.2006,2.2552,2.2006,2.2279,0,0
MFO_PB,D,20140115,000000,2.1552,2.2279,2.1552,2.2098,0,0
MFO_PB,D,20140116,000000,2.2189,2.2189,2.1371,2.1371,0,0
MFO_PB,D,20140117,000000,2.128,2.2279,2.1007,2.1188,0,0
MFO_PB,D,20140120,000000,2.2006,2.2006,2.1371,2.1643,0,0
MFO_PB,D,20140121,000000,2.1825,2.2371,2.1643,2.2371,0,0
MFO_PB,D,20140122,000000,2.2371,2.2734,2.2098,2.2644,0,0
MFO_PB,D,20140123,000000,2.2644,2.2734,2.2279,2.2734,0,0
MFO_PB,D,20140124,000000,2.2371,2.2734,2.2189,2.2279,0,0
MFO_PB,D,20140127,000000,2.2279,2.2734,2.1461,2.2279,0,0
MFO_PB,D,20140128,000000,2.1916,2.2734,2.1916,2.2371,0,0
MFO_PB,D,20140129,000000,2.2189,2.2644,2.2098,2.2552,0,0
MFO_PB,D,20140130,000000,2.2552,2.2552,2.2461,2.2552,0,0
MFO_PB,D,20140131,000000,2.2734,2.3644,2.2552,2.3644,0,0
MFO_PB,D,20140203,000000,2.3007,2.3553,2.3007,2.3188,0,0
MFO_PB,D,20140204,000000,2.3007,2.3553,2.3007,2.3461,0,0
MFO_PB,D,20140205,000000,2.3461,2.3734,2.3461,2.3553,0,0
MFO_PB,D,20140206,000000,2.3734,2.4098,2.3734,2.3825,0,0
MFO_PB,D,20140207,000000,2.4007,2.4007,2.3461,2.3461,0,0
MFO_PB,D,20140210,000000,2.3825,2.3825,2.3371,2.3371,0,0
MFO_PB,D,20140211,000000,2.3825,2.3825,2.3371,2.3734,0,0
MFO_PB,D,20140212,000000,2.3461,2.3734,2.3371,2.3734,0,0
MFO_PB,D,20140213,000000,2.3734,2.4098,2.2734,2.2734,0,0
MFO_PB,D,20140214,000000,2.3461,2.4098,2.3007,2.3461,0,0
MFO_PB,D,20140217,000000,2.3461,2.3734,2.3461,2.3461,0,0
MFO_PB,D,20140218,000000,2.3461,2.3461,2.2826,2.2826,0,0
MFO_PB,D,20140219,000000,2.2826,2.3007,2.2734,2.3007,0,0
MFO_PB,D,20140220,000000,2.3461,2.3461,2.2826,2.2916,0,0
MFO_PB,D,20140221,000000,2.2826,2.3099,2.2734,2.3099,0,0
MFO_PB,D,20140224,000000,2.3461,2.3461,2.328,2.3461,0,0
MFO_PB,D,20140225,000000,2.3461,2.3644,2.3461,2.3644,0,0
MFO_PB,D,20140226,000000,2.3644,2.3644,2.3371,2.3371,0,0
MFO_PB,D,20140227,000000,2.3371,2.3371,2.328,2.328,0,0
MFO_PB,D,20140228,000000,2.328,2.3461,2.2826,2.3461,0,0
MFO_PB,D,20140303,000000,2.2916,2.2916,2.0734,2.1825,0,0
MFO_PB,D,20140304,000000,2.1643,2.2371,2.1643,2.2279,0,0
MFO_PB,D,20140305,000000,2.2552,2.2734,2.2006,2.2006,0,0
MFO_PB,D,20140306,000000,2.2734,2.2734,2.1825,2.1825,0,0
MFO_PB,D,20140307,000000,2.1825,2.1825,2.1825,2.1825,0,0
MFO_PB,D,20140310,000000,2.1825,2.1825,2.1188,2.1188,0,0
MFO_PB,D,20140311,000000,2.1552,2.1552,2.128,2.128,0,0
MFO_PB,D,20140312,000000,2.128,2.128,2.0279,2.0915,0,0
MFO_PB,D,20140313,000000,2.0915,2.1825,2.0734,2.0734,0,0
MFO_PB,D,20140314,000000,2.0825,2.1098,1.9915,2.0915,0,0
MFO_PB,D,20140317,000000,2.0915,2.1461,2.0915,2.1461,0,0
MFO_PB,D,20140318,000000,2.128,2.1825,2.128,2.1825,0,0
MFO_PB,D,20140319,000000,2.1825,2.2189,2.1371,2.1825,0,0
MFO_PB,D,20140320,000000,2.1371,2.1825,2.1371,2.1825,0,0
MFO_PB,D,20140321,000000,2.1007,2.1825,2.1007,2.1825,0,0
MFO_PB,D,20140324,000000,2.1188,2.1825,2.1188,2.1825,0,0
MFO_PB,D,20140325,000000,2.1461,2.1916,2.1461,2.1916,0,0
MFO_PB,D,20140326,000000,2.1916,2.2189,2.1916,2.2189,0,0
MFO_PB,D,20140327,000000,2.1643,2.1643,2.1643,2.1643,0,0
MFO_PB,D,20140328,000000,2.1552,2.1916,2.1552,2.1916,0,0
MFO_PB,D,20140331,000000,2.1916,2.2189,1.5277,1.5277,0,0
MFO_PB,D,20140401,000000,1.5095,1.555,1.5095,1.555,0,0
MFO_PB,D,20140402,000000,1.5095,1.5459,1.5095,1.5459,0,0
MFO_PB,D,20140403,000000,1.5095,1.5459,1.5095,1.5095,0,0
MFO_PB,D,20140404,000000,1.5277,1.5277,1.5095,1.5277,0,0
MFO_PB,D,20140407,000000,1.5277,1.5277,1.5095,1.5277,0,0
MFO_PB,D,20140408,000000,1.5277,1.5277,1.5095,1.5095,0,0
MFO_PB,D,20140409,000000,1.4913,1.5095,1.4913,1.5095,0,0
MFO_PB,D,20140410,000000,1.5095,1.5095,1.5095,1.5095,0,0
MFO_PB,D,20140411,000000,1.5186,1.5186,1.5186,1.5186,0,0
MFO_PB,D,20140414,000000,1.5186,1.5186,1.4549,1.5004,0,0
MFO_PB,D,20140415,000000,1.4549,1.5095,1.4095,1.4095,0,0
MFO_PB,D,20140416,000000,1.5004,1.5004,1.4187,1.4822,0,0
MFO_PB,D,20140417,000000,1.4913,1.4913,1.4549,1.4549,0,0
MFO_PB,D,20140422,000000,1.4187,1.4913,1.4187,1.4822,0,0
MFO_PB,D,20140423,000000,1.4276,1.4276,1.4276,1.4276,0,0
MFO_PB,D,20140424,000000,1.4276,1.4276,1.4276,1.4276,0,0
MFO_PB,D,20140425,000000,1.4276,1.4549,1.4276,1.4276,0,0
MFO_PB,D,20140428,000000,1.4549,1.4549,1.4095,1.4459,0,0
MFO_PB,D,20140429,000000,1.4459,1.4549,1.4095,1.4095,0,0
MFO_PB,D,20140502,000000,1.4187,1.4459,1.4095,1.4459,0,0
MFO_PB,D,20140505,000000,1.4187,1.4187,1.3731,1.3731,0,0
MFO_PB,D,20140506,000000,1.3004,1.3822,1.3004,1.3731,0,0
MFO_PB,D,20140507,000000,1.3549,1.3549,1.3549,1.3549,0,0
MFO_PB,D,20140508,000000,1.3731,1.4004,1.3731,1.4004,0,0
MFO_PB,D,20140509,000000,1.4004,1.4004,1.4004,1.4004,0,0
MFO_PB,D,20140513,000000,1.4004,1.4187,1.3822,1.4187,0,0
MFO_PB,D,20140514,000000,1.4549,1.4549,1.3914,1.4549,0,0
MFO_PB,D,20140515,000000,1.4549,1.4731,1.4004,1.4459,0,0
MFO_PB,D,20140516,000000,1.4459,1.4459,1.3822,1.4459,0,0
MFO_PB,D,20140519,000000,1.4004,1.4459,1.3914,1.4459,0,0
MFO_PB,D,20140520,000000,1.3822,1.4368,1.3822,1.4368,0,0
MFO_PB,D,20140521,000000,1.3822,1.4276,1.3822,1.4276,0,0
MFO_PB,D,20140522,000000,1.4095,1.4095,1.3914,1.3914,0,0
MFO_PB,D,20140523,000000,1.3822,1.4095,1.3822,1.4095,0,0
MFO_PB,D,20140526,000000,1.3914,1.3914,1.3822,1.3822,0,0
MFO_PB,D,20140527,000000,1.3822,1.3822,1.3367,1.3641,0,0
MFO_PB,D,20140528,000000,1.3641,1.3641,1.3641,1.3641,0,0
MFO_PB,D,20140529,000000,1.3549,1.3549,1.3094,1.3186,0,0
MFO_PB,D,20140530,000000,1.3822,1.3822,1.3367,1.3367,0,0
MFO_PB,D,20140602,000000,1.3822,1.3822,1.3822,1.3822,0,0
MFO_PB,D,20140603,000000,1.3914,1.4095,1.3458,1.4004,0,0
MFO_PB,D,20140604,000000,1.3822,1.3822,1.3822,1.3822,0,0
MFO_PB,D,20140605,000000,1.4004,1.4276,1.4004,1.4276,0,0
MFO_PB,D,20140609,000000,1.4004,1.4368,1.4004,1.4368,0,0
MFO_PB,D,20140610,000000,1.4187,1.4187,1.4187,1.4187,0,0
MFO_PB,D,20140611,000000,1.4187,1.4276,1.3822,1.4276,0,0
MFO_PB,D,20140612,000000,1.4276,1.4276,1.3822,1.3822,0,0
MFO_PB,D,20140613,000000,1.3822,1.3822,1.3731,1.3731,0,0
MFO_PB,D,20140616,000000,1.4187,1.4187,1.4187,1.4187,0,0
MFO_PB,D,20140617,000000,1.3822,1.4187,1.3822,1.3822,0,0
MFO_PB,D,20140618,000000,1.4187,1.4187,1.3822,1.4187,0,0
MFO_PB,D,20140620,000000,1.3731,1.4187,1.3549,1.4187,0,0
MFO_PB,D,20140626,000000,1.4095,1.4095,1.3458,1.4095,0,0
MFO_PB,D,20140701,000000,1.3277,1.3822,1.3277,1.3822,0,0
MFO_PB,D,20140702,000000,1.3731,1.3731,1.3731,1.3731,0,0
MFO_PB,D,20140703,000000,1.3731,1.3731,1.3367,1.3731,0,0
MFO_PB,D,20140704,000000,1.3731,1.3731,1.3367,1.3731,0,0
MFO_PB,D,20140707,000000,1.3731,1.3731,1.3641,1.3641,0,0
MFO_PB,D,20140708,000000,1.3822,1.3822,1.3731,1.3731,0,0
MFO_PB,D,20140709,000000,1.3822,1.3822,1.3822,1.3822,0,0
MFO_PB,D,20140710,000000,1.3822,1.3822,1.3549,1.3549,0,0
MFO_PB,D,20140711,000000,1.3731,1.3731,1.3367,1.3367,0,0
MFO_PB,D,20140715,000000,1.3367,1.3367,1.3367,1.3367,0,0
MFO_PB,D,20140716,000000,1.3367,1.3367,1.3367,1.3367,0,0
MFO_PB,D,20140717,000000,1.3367,1.3367,1.3277,1.3367,0,0
MFO_PB,D,20140721,000000,1.2913,1.3277,1.2913,1.3277,0,0
MFO_PB,D,20140723,000000,1.2822,1.3186,1.2822,1.3004,0,0
MFO_PB,D,20140724,000000,1.3277,1.3277,1.2822,1.2822,0,0
MFO_PB,D,20140725,000000,1.2822,1.2822,1.2822,1.2822,0,0
MFO_PB,D,20140728,000000,1.2185,1.2731,1.2185,1.2731,0,0
MFO_PB,D,20140729,000000,1.264,1.3277,1.264,1.3277,0,0
MFO_PB,D,20140730,000000,1.3277,1.3277,1.2731,1.3277,0,0
MFO_PB,D,20140731,000000,1.2003,1.3277,1.2003,1.3277,0,0
MFO_PB,D,20140801,000000,1.3277,1.3277,1.3277,1.3277,0,0
MFO_PB,D,20140804,000000,1.3367,1.3458,1.3367,1.3367,0,0
MFO_PB,D,20140805,000000,1.3549,1.3549,1.3549,1.3549,0,0
MFO_PB,D,20140806,000000,1.3186,1.3186,1.3186,1.3186,0,0
MFO_PB,D,20140807,000000,1.2913,1.3458,1.2913,1.3458,0,0
MFO_PB,D,20140811,000000,1.2822,1.3367,1.2822,1.3367,0,0
MFO_PB,D,20140812,000000,1.3458,1.3458,1.3458,1.3458,0,0
MFO_PB,D,20140813,000000,1.2822,1.2822,1.2731,1.2731,0,0
MFO_PB,D,20140814,000000,1.2731,1.3367,1.2731,1.3367,0,0
MFO_PB,D,20140818,000000,1.3458,1.3458,1.3458,1.3458,0,0
MFO_PB,D,20140819,000000,1.3367,1.3367,1.2822,1.3367,0,0
MFO_PB,D,20140820,000000,1.3367,1.3367,1.2822,1.3186,0,0
MFO_PB,D,20140822,000000,1.2913,1.3186,1.2913,1.3186,0,0
MFO_PB,D,20140825,000000,1.3094,1.3186,1.3094,1.3186,0,0
MFO_PB,D,20140827,000000,1.3094,1.3367,1.2822,1.2822,0,0
MFO_PB,D,20140828,000000,1.2822,1.3186,1.2822,1.3004,0,0
MFO_PB,D,20140829,000000,1.3186,1.3458,1.3186,1.3458,0,0
MFO_PB,D,20140901,000000,1.2549,1.3186,1.2549,1.3186,0,0
MFO_PB,D,20140903,000000,1.3186,1.3186,1.3186,1.3186,0,0
MFO_PB,D,20140904,000000,1.2822,1.3094,1.2822,1.3094,0,0
MFO_PB,D,20140905,000000,1.3094,1.3186,1.3094,1.3186,0,0
MFO_PB,D,20140908,000000,1.3367,1.3367,1.264,1.264,0,0
MFO_PB,D,20140909,000000,1.3186,1.3186,1.3186,1.3186,0,0
MFO_PB,D,20140910,000000,1.264,1.264,1.264,1.264,0,0
MFO_PB,D,20140911,000000,1.264,1.3186,1.264,1.3186,0,0
MFO_PB,D,20140912,000000,1.2822,1.2822,1.2822,1.2822,0,0
MFO_PB,D,20140915,000000,1.3186,1.3186,1.3186,1.3186,0,0
MFO_PB,D,20140916,000000,1.2822,1.3186,1.2822,1.3186,0,0
MFO_PB,D,20140917,000000,1.2822,1.3186,1.2549,1.3186,0,0
MFO_PB,D,20140918,000000,1.3094,1.3094,1.264,1.264,0,0
MFO_PB,D,20140919,000000,1.3094,1.3094,1.3094,1.3094,0,0
MFO_PB,D,20140922,000000,1.3094,1.3094,1.3094,1.3094,0,0
MFO_PB,D,20140923,000000,1.2731,1.3094,1.2731,1.3094,0,0
MFO_PB,D,20140924,000000,1.2549,1.3094,1.2549,1.3094,0,0
MFO_PB,D,20140925,000000,1.3094,1.3094,1.3094,1.3094,0,0
MFO_PB,D,20140926,000000,1.2458,1.2458,1.2458,1.2458,0,0
MFO_PB,D,20140929,000000,1.264,1.264,1.2185,1.2185,0,0
MFO_PB,D,20140930,000000,1.2731,1.2731,1.2731,1.2731,0,0
MFO_PB,D,20141001,000000,1.3004,1.3004,1.2368,1.2822,0,0
MFO_PB,D,20141002,000000,1.2731,1.2731,1.2731,1.2731,0,0
MFO_PB,D,20141003,000000,1.2731,1.2731,1.2368,1.2368,0,0
MFO_PB,D,20141006,000000,1.2731,1.2731,1.2731,1.2731,0,0
MFO_PB,D,20141007,000000,1.2731,1.2731,1.2731,1.2731,0,0
MFO_PB,D,20141008,000000,1.264,1.264,1.264,1.264,0,0
MFO_PB,D,20141009,000000,1.264,1.264,1.264,1.264,0,0
MFO_PB,D,20141010,000000,1.2368,1.264,1.2185,1.2549,0,0
MFO_PB,D,20141013,000000,1.2368,1.2549,1.2368,1.2549,0,0
MFO_PB,D,20141014,000000,1.2368,1.2549,1.2368,1.2549,0,0
MFO_PB,D,20141015,000000,1.2368,1.2549,1.2185,1.2549,0,0
MFO_PB,D,20141016,000000,1.2185,1.264,1.2003,1.2549,0,0
MFO_PB,D,20141017,000000,1.2458,1.2458,1.2003,1.2458,0,0
MFO_PB,D,20141020,000000,1.2458,1.2458,1.2458,1.2458,0,0
MFO_PB,D,20141021,000000,1.2368,1.2368,1.2276,1.2276,0,0
MFO_PB,D,20141022,000000,1.2368,1.2368,1.2095,1.2095,0,0
MFO_PB,D,20141023,000000,1.2185,1.2368,1.2185,1.2185,0,0
MFO_PB,D,20141024,000000,1.2276,1.2368,1.2276,1.2368,0,0
MFO_PB,D,20141027,000000,1.2003,1.2003,1.2003,1.2003,0,0
MFO_PB,D,20141028,000000,1.2368,1.2368,1.1822,1.2368,0,0
MFO_PB,D,20141029,000000,1.2003,1.2276,1.1913,1.2276,0,0
MFO_PB,D,20141030,000000,1.2276,1.2276,1.2276,1.2276,0,0
MFO_PB,D,20141031,000000,1.1913,1.2276,1.1913,1.2276,0,0
MFO_PB,D,20141104,000000,1.2276,1.2276,1.2276,1.2276,0,0
MFO_PB,D,20141105,000000,1.2003,1.2549,1.2003,1.2549,0,0
MFO_PB,D,20141106,000000,1.2549,1.3549,1.2549,1.3549,0,0
MFO_PB,D,20141107,000000,1.264,1.2913,1.2549,1.2913,0,0
MFO_PB,D,20141110,000000,1.3549,1.3549,1.3549,1.3549,0,0
MFO_PB,D,20141112,000000,1.2822,1.3004,1.2458,1.3004,0,0
MFO_PB,D,20141113,000000,1.3186,1.3186,1.3186,1.3186,0,0
MFO_PB,D,20141117,000000,1.3094,1.3094,1.3094,1.3094,0,0
MFO_PB,D,20141118,000000,1.3004,1.3004,1.2368,1.2368,0,0
MFO_PB,D,20141119,000000,1.1822,1.2368,1.1822,1.2368,0,0
MFO_PB,D,20141120,000000,1.2276,1.2276,1.2276,1.2276,0,0
MFO_PB,D,20141121,000000,1.2276,1.2276,1.2276,1.2276,0,0
MFO_PB,D,20141124,000000,1.2185,1.2185,1.2185,1.2185,0,0
MFO_PB,D,20141125,000000,1.2003,1.2185,1.2003,1.2185,0,0
MFO_PB,D,20141126,000000,1.2185,1.2185,1.2185,1.2185,0,0
MFO_PB,D,20141127,000000,1.1913,1.1913,1.1913,1.1913,0,0
MFO_PB,D,20141128,000000,1.1913,1.2095,1.1822,1.2095,0,0
MFO_PB,D,20141201,000000,1.2095,1.2095,1.2095,1.2095,0,0
MFO_PB,D,20141202,000000,1.2095,1.2095,1.2095,1.2095,0,0
MFO_PB,D,20141203,000000,1.1822,1.2095,1.1822,1.2095,0,0
MFO_PB,D,20141204,000000,1.2095,1.2095,1.2095,1.2095,0,0
MFO_PB,D,20141205,000000,1.173,1.1822,1.173,1.173,0,0
MFO_PB,D,20141208,000000,1.173,1.2095,1.173,1.2095,0,0
MFO_PB,D,20141209,000000,1.2095,1.2095,1.2095,1.2095,0,0
MFO_PB,D,20141210,000000,1.1822,1.1822,1.1822,1.1822,0,0
MFO_PB,D,20141211,000000,1.173,1.2095,1.173,1.2095,0,0
MFO_PB,D,20141212,000000,1.1276,1.1913,1.1276,1.1913,0,0
MFO_PB,D,20141215,000000,1.1913,1.2185,1.1913,1.2185,0,0
MFO_PB,D,20141216,000000,1.1913,1.1913,1.1367,1.1913,0,0
MFO_PB,D,20141217,000000,1.1913,1.2185,1.1913,1.2185,0,0
MFO_PB,D,20141218,000000,1.2095,1.2095,1.173,1.173,0,0
MFO_PB,D,20141219,000000,1.173,1.2185,1.173,1.173,0,0
MFO_PB,D,20141222,000000,1.173,1.173,1.1367,1.1367,0,0
MFO_PB,D,20141223,000000,1.1367,1.1913,1.1185,1.1367,0,0
MFO_PB,D,20141229,000000,1.1367,1.1822,1.1367,1.1822,0,0
MFO_PB,D,20141230,000000,1.1458,1.2095,1.1458,1.2003,0,0
MFO_PB,D,20150102,000000,1.1458,1.2368,1.1458,1.2368,0,0
MFO_PB,D,20150105,000000,1.1822,1.2368,1.1822,1.1822,0,0
MFO_PB,D,20150107,000000,1.1458,1.2276,1.1458,1.2276,0,0
MFO_PB,D,20150108,000000,1.164,1.164,1.164,1.164,0,0
MFO_PB,D,20150109,000000,1.2003,1.2003,1.164,1.164,0,0
MFO_PB,D,20150112,000000,1.1549,1.2003,1.1549,1.173,0,0
MFO_PB,D,20150113,000000,1.1913,1.1913,1.1913,1.1913,0,0
MFO_PB,D,20150114,000000,1.2095,1.2095,1.2095,1.2095,0,0
MFO_PB,D,20150115,000000,1.1822,1.2003,1.1822,1.2003,0,0
MFO_PB,D,20150116,000000,1.2003,1.2003,1.1458,1.1549,0,0
MFO_PB,D,20150119,000000,1.2003,1.2003,1.2003,1.2003,0,0
MFO_PB,D,20150120,000000,1.1549,1.2003,1.1276,1.2003,0,0
MFO_PB,D,20150122,000000,1.1367,1.1367,1.1367,1.1367,0,0
MFO_PB,D,20150123,000000,1.2003,1.2003,1.173,1.173,0,0
MFO_PB,D,20150126,000000,1.173,1.173,1.1367,1.173,0,0
MFO_PB,D,20150127,000000,1.173,1.173,1.173,1.173,0,0
MFO_PB,D,20150128,000000,1.173,1.173,1.173,1.173,0,0
MFO_PB,D,20150129,000000,1.173,1.173,1.173,1.173,0,0
MFO_PB,D,20150130,000000,1.173,1.1913,1.173,1.1913,0,0
MFO_PB,D,20150202,000000,1.1276,1.1458,1.1276,1.1458,0,0
MFO_PB,D,20150203,000000,1.1549,1.1913,1.1549,1.1549,0,0
MFO_PB,D,20150204,000000,1.1913,1.1913,1.1458,1.1913,0,0
MFO_PB,D,20150205,000000,1.1549,1.1913,1.1549,1.1549,0,0
MFO_PB,D,20150206,000000,1.1458,1.1913,1.1458,1.164,0,0
MFO_PB,D,20150209,000000,1.1822,1.1822,1.1822,1.1822,0,0
MFO_PB,D,20150210,000000,1.173,1.2276,1.1549,1.2276,0,0
MFO_PB,D,20150211,000000,1.2276,1.2276,1.2276,1.2276,0,0
MFO_PB,D,20150212,000000,1.2185,1.2185,1.2185,1.2185,0,0
MFO_PB,D,20150213,000000,1.2276,1.2549,1.2003,1.2549,0,0
MFO_PB,D,20150216,000000,1.2549,1.2731,1.2549,1.2731,0,0
MFO_PB,D,20150217,000000,1.2822,1.3004,1.2822,1.2913,0,0
MFO_PB,D,20150218,000000,1.264,1.3004,1.2549,1.3004,0,0
MFO_PB,D,20150219,000000,1.2368,1.2913,1.2368,1.2913,0,0
MFO_PB,D,20150223,000000,1.2368,1.2822,1.2368,1.2822,0,0
MFO_PB,D,20150224,000000,1.2822,1.2822,1.2822,1.2822,0,0
MFO_PB,D,20150225,000000,1.2822,1.3004,1.2458,1.3004,0,0
MFO_PB,D,20150226,000000,1.3004,1.3004,1.2913,1.3004,0,0
MFO_PB,D,20150227,000000,1.3004,1.3004,1.3004,1.3004,0,0
MFO_PB,D,20150302,000000,1.2913,1.3549,1.2913,1.3004,0,0
MFO_PB,D,20150303,000000,1.3458,1.3458,1.3004,1.3004,0,0
MFO_PB,D,20150304,000000,1.3094,1.3094,1.3094,1.3094,0,0
MFO_PB,D,20150305,000000,1.3094,1.3277,1.3094,1.3277,0,0
MFO_PB,D,20150306,000000,1.3367,1.3458,1.3004,1.3004,0,0
MFO_PB,D,20150309,000000,1.2913,1.3367,1.2913,1.3277,0,0
MFO_PB,D,20150310,000000,1.3277,1.3277,1.3004,1.3277,0,0
MFO_PB,D,20150312,000000,1.3367,1.3549,1.3367,1.3549,0,0
MFO_PB,D,20150316,000000,1.3549,1.3641,1.3549,1.3641,0,0
MFO_PB,D,20150317,000000,1.3641,1.3731,1.3641,1.3731,0,0
MFO_PB,D,20150318,000000,1.3731,1.3914,1.3731,1.3914,0,0
MFO_PB,D,20150319,000000,1.3914,1.3914,1.3731,1.3914,0,0
MFO_PB,D,20150320,000000,1.4187,1.4276,1.3914,1.4276,0,0
MFO_PB,D,20150323,000000,1.3731,1.4549,1.3004,1.3004,0,0
MFO_PB,D,20150324,000000,1.3458,1.3458,1.3004,1.3367,0,0
MFO_PB,D,20150325,000000,1.3458,1.3641,1.3458,1.3641,0,0
MFO_PB,D,20150326,000000,1.3186,1.3186,1.3004,1.3004,0,0
MFO_PB,D,20150327,000000,1.3549,1.3549,1.3549,1.3549,0,0
MFO_PB,D,20150330,000000,1.3367,1.3367,1.3367,1.3367,0,0
MFO_PB,D,20150331,000000,1.3094,1.3367,1.2822,1.2822,0,0
MFO_PB,D,20150401,000000,1.2822,1.3367,1.2822,1.3367,0,0
MFO_PB,D,20150407,000000,1.2822,1.2822,1.2822,1.2822,0,0
MFO_PB,D,20150408,000000,1.2913,1.3277,1.2913,1.3277,0,0
MFO_PB,D,20150409,000000,1.3186,1.3367,1.3186,1.3277,0,0
MFO_PB,D,20150410,000000,1.3277,1.3277,1.3277,1.3277,0,0
MFO_PB,D,20150413,000000,1.2822,1.3277,1.2822,1.2913,0,0
MFO_PB,D,20150414,000000,1.3277,1.3277,1.3277,1.3277,0,0
MFO_PB,D,20150415,000000,1.2913,1.2913,1.2913,1.2913,0,0
MFO_PB,D,20150416,000000,1.3186,1.3277,1.3186,1.3277,0,0
MFO_PB,D,20150417,000000,1.3277,1.3277,1.3277,1.3277,0,0
MFO_PB,D,20150420,000000,1.3277,1.3277,1.3277,1.3277,0,0
MFO_PB,D,20150421,000000,1.3367,1.3549,1.3367,1.3367,0,0
MFO_PB,D,20150422,000000,1.3367,1.3367,1.3094,1.3094,0,0
MFO_PB,D,20150423,000000,1.3004,1.3458,1.3004,1.3458,0,0
MFO_PB,D,20150424,000000,1.3458,1.3458,1.3458,1.3458,0,0
MFO_PB,D,20150427,000000,1.3458,1.3458,1.3458,1.3458,0,0
MFO_PB,D,20150428,000000,1.3094,1.3094,1.3094,1.3094,0,0
MFO_PB,D,20150429,000000,1.3458,1.3458,1.3367,1.3367,0,0
MFO_PB,D,20150430,000000,1.3458,1.3458,1.3094,1.3094,0,0
MFO_PB,D,20150504,000000,1.3458,1.3458,1.3458,1.3458,0,0
MFO_PB,D,20150505,000000,1.3458,1.3458,1.3458,1.3458,0,0
MFO_PB,D,20150506,000000,1.3094,1.3094,1.3094,1.3094,0,0
MFO_PB,D,20150507,000000,1.3004,1.3458,1.3004,1.3458,0,0
MFO_PB,D,20150508,000000,1.3458,1.3458,1.3458,1.3458,0,0
MFO_PB,D,20150511,000000,1.3458,1.3641,1.3458,1.3549,0,0
MFO_PB,D,20150512,000000,1.3549,1.3549,1.3458,1.3458,0,0
MFO_PB,D,20150513,000000,1.3458,1.3914,1.3458,1.3914,0,0
MFO_PB,D,20150514,000000,1.3914,1.3914,1.3458,1.3914,0,0
MFO_PB,D,20150515,000000,1.3731,1.3822,1.3549,1.3549,0,0
MFO_PB,D,20150518,000000,1.3549,1.3731,1.3549,1.3731,0,0
MFO_PB,D,20150519,000000,1.3641,1.3641,1.3641,1.3641,0,0
MFO_PB,D,20150520,000000,1.3641,1.3641,1.3549,1.3549,0,0
MFO_PB,D,20150521,000000,1.3458,1.3458,1.3458,1.3458,0,0
MFO_PB,D,20150522,000000,1.3458,1.3549,1.3458,1.3549,0,0
MFO_PB,D,20150525,000000,1.3367,1.3367,1.3186,1.3186,0,0
MFO_PB,D,20150526,000000,1.3549,1.3549,1.3186,1.3186,0,0
MFO_PB,D,20150527,000000,1.3186,1.4095,1.3186,1.4095,0,0
MFO_PB,D,20150528,000000,1.4095,1.4095,1.4095,1.4095,0,0
MFO_PB,D,20150529,000000,1.3914,1.4095,1.3641,1.3641,0,0
MFO_PB,D,20150601,000000,1.3277,1.3731,1.3277,1.3731,0,0
MFO_PB,D,20150602,000000,1.3458,1.3458,1.3458,1.3458,0,0
MFO_PB,D,20150603,000000,1.4095,1.4095,1.4095,1.4095,0,0
MFO_PB,D,20150605,000000,1.4095,1.4095,1.4095,1.4095,0,0
MFO_PB,D,20150608,000000,1.3641,1.4095,1.3641,1.4095,0,0
MFO_PB,D,20150609,000000,1.3458,1.3458,1.3458,1.3458,0,0
MFO_PB,D,20150610,000000,1.3641,1.3641,1.3367,1.3367,0,0
MFO_PB,D,20150611,000000,1.3549,1.3549,1.3549,1.3549,0,0
MFO_PB,D,20150612,000000,1.3277,1.3549,1.3277,1.3549,0,0
MFO_PB,D,20150615,000000,1.3186,1.3186,1.3186,1.3186,0,0
MFO_PB,D,20150616,000000,1.2913,1.2913,1.2368,1.2913,0,0
MFO_PB,D,20150617,000000,1.3549,1.3549,1.3549,1.3549,0,0
MFO_PB,D,20150622,000000,1.3094,1.3094,1.3094,1.3094,0,0
MFO_PB,D,20150623,000000,1.264,1.3549,1.2549,1.3549,0,0
MFO_PB,D,20150624,000000,1.2549,1.3549,1.2549,1.3549,0,0
MFO_PB,D,20150625,000000,1.2549,1.3367,1.2549,1.3367,0,0
MFO_PB,D,20150626,000000,1.3549,1.3549,1.3549,1.3549,0,0
MFO_PB,D,20150629,000000,1.3033,1.387,1.2381,1.387,0,0
MFO_PB,D,20150701,000000,1.2661,1.387,1.2661,1.387,0,0
MFO_PB,D,20150702,000000,1.3219,1.3219,1.3125,1.3125,0,0
MFO_PB,D,20150703,000000,1.2847,1.2847,1.2847,1.2847,0,0
MFO_PB,D,20150706,000000,1.2661,1.2661,1.2661,1.2661,0,0
MFO_PB,D,20150707,000000,1.2661,1.2661,1.2661,1.2661,0,0
MFO_PB,D,20150709,000000,1.2289,1.2661,1.2195,1.2661,0,0
MFO_PB,D,20150710,000000,1.2289,1.3033,1.2289,1.3033,0,0
MFO_PB,D,20150713,000000,1.3033,1.3033,1.2939,1.2939,0,0
MFO_PB,D,20150715,000000,1.3219,1.3219,1.3219,1.3219,0,0
MFO_PB,D,20150716,000000,1.3033,1.3219,1.3033,1.3219,0,0
MFO_PB,D,20150720,000000,1.2847,1.2847,1.2847,1.2847,0,0
MFO_PB,D,20150721,000000,1.2847,1.3312,1.2847,1.3312,0,0
MFO_PB,D,20150722,000000,1.3219,1.3219,1.3219,1.3219,0,0
MFO_PB,D,20150723,000000,1.3033,1.3033,1.3033,1.3033,0,0
MFO_PB,D,20150724,000000,1.3219,1.3219,1.3219,1.3219,0,0
MFO_PB,D,20150729,000000,1.3125,1.3498,1.3125,1.3498,0,0
MFO_PB,D,20150730,000000,1.3125,1.3498,1.3125,1.3498,0,0
MFO_PB,D,20150731,000000,1.3498,1.3591,1.3498,1.3591,0,0
MFO_PB,D,20150805,000000,1.3591,1.3591,1.3591,1.3591,0,0
MFO_PB,D,20150806,000000,1.3591,1.3684,1.3591,1.3684,0,0
MFO_PB,D,20150807,000000,1.3591,1.3591,1.3591,1.3591,0,0
MFO_PB,D,20150810,000000,1.3684,1.3684,1.3684,1.3684,0,0
MFO_PB,D,20150811,000000,1.3684,1.3684,1.3684,1.3684,0,0
MFO_PB,D,20150812,000000,1.3498,1.3498,1.3498,1.3498,0,0
MFO_PB,D,20150813,000000,1.3312,1.3498,1.2939,1.3498,0,0
MFO_PB,D,20150814,000000,1.3219,1.3498,1.3219,1.3498,0,0
MFO_PB,D,20150817,000000,1.3405,1.3405,1.3405,1.3405,0,0
MFO_PB,D,20150818,000000,1.3405,1.3405,1.3405,1.3405,0,0
MFO_PB,D,20150819,000000,1.3219,1.3219,1.3219,1.3219,0,0
MFO_PB,D,20150820,000000,1.3219,1.3498,1.3219,1.3498,0,0
MFO_PB,D,20150821,000000,1.3498,1.3498,1.3498,1.3498,0,0
MFO_PB,D,20150824,000000,1.3498,1.3498,1.2568,1.2847,0,0
MFO_PB,D,20150825,000000,1.2289,1.3125,1.2289,1.3125,0,0
MFO_PB,D,20150826,000000,1.2847,1.2847,1.2103,1.2195,0,0
MFO_PB,D,20150827,000000,1.2289,1.2939,1.2289,1.2939,0,0
MFO_PB,D,20150828,000000,1.3033,1.3312,1.3033,1.3312,0,0
MFO_PB,D,20150831,000000,1.2939,1.2939,1.2939,1.2939,0,0
MFO_PB,D,20150901,000000,1.3312,1.3312,1.2939,1.3033,0,0
MFO_PB,D,20150902,000000,1.3033,1.3033,1.3033,1.3033,0,0
MFO_PB,D,20150903,000000,1.2939,1.2939,1.2939,1.2939,0,0
MFO_PB,D,20150904,000000,1.2939,1.2939,1.2939,1.2939,0,0
MFO_PB,D,20150907,000000,1.3033,1.3033,1.3033,1.3033,0,0
MFO_PB,D,20150908,000000,1.3033,1.3033,1.3033,1.3033,0,0
MFO_PB,D,20150909,000000,1.3033,1.3033,1.3033,1.3033,0,0
MFO_PB,D,20150910,000000,1.3033,1.3033,1.3033,1.3033,0,0
MFO_PB,D,20150911,000000,1.3033,1.3033,1.3033,1.3033,0,0
MFO_PB,D,20150914,000000,1.3033,1.3033,1.3033,1.3033,0,0
MFO_PB,D,20150915,000000,1.3033,1.3033,1.2568,1.2568,0,0
MFO_PB,D,20150916,000000,1.2568,1.3033,1.2568,1.2568,0,0
MFO_PB,D,20150917,000000,1.2103,1.2568,1.2103,1.2568,0,0
MFO_PB,D,20150918,000000,1.2568,1.2847,1.2568,1.2568,0,0
MFO_PB,D,20150921,000000,1.2847,1.2847,1.2847,1.2847,0,0
MFO_PB,D,20150922,000000,1.2939,1.2939,1.2847,1.2847,0,0
MFO_PB,D,20150923,000000,1.2939,1.2939,1.2847,1.2847,0,0
MFO_PB,D,20150924,000000,1.2847,1.2847,1.2847,1.2847,0,0
MFO_PB,D,20150925,000000,1.2939,1.2939,1.2568,1.2939,0,0
MFO_PB,D,20150928,000000,1.3033,1.3591,1.3033,1.3591,0,0
MFO_PB,D,20150929,000000,1.3591,1.3591,1.3591,1.3591,0,0
MFO_PB,D,20150930,000000,1.3591,1.3591,1.3591,1.3591,0,0
MFO_PB,D,20151005,000000,1.3219,1.3219,1.3219,1.3219,0,0
MFO_PB,D,20151006,000000,1.3219,1.3219,1.3219,1.3219,0,0
MFO_PB,D,20151007,000000,1.3219,1.3219,1.3219,1.3219,0,0
MFO_PB,D,20151008,000000,1.3219,1.3219,1.3219,1.3219,0,0
MFO_PB,D,20151009,000000,1.3219,1.3219,1.3219,1.3219,0,0
MFO_PB,D,20151012,000000,1.3219,1.3219,1.2847,1.3219,0,0
MFO_PB,D,20151013,000000,1.3219,1.3219,1.2847,1.2847,0,0
MFO_PB,D,20151014,000000,1.3219,1.3219,1.3219,1.3219,0,0
MFO_PB,D,20151015,000000,1.3033,1.3033,1.3033,1.3033,0,0
MFO_PB,D,20151016,000000,1.3033,1.3033,1.2568,1.3033,0,0
MFO_PB,D,20151019,000000,1.3125,1.3125,1.3033,1.3033,0,0
MFO_PB,D,20151020,000000,1.3033,1.3033,1.3033,1.3033,0,0
MFO_PB,D,20151021,000000,1.3033,1.3033,1.3033,1.3033,0,0
MFO_PB,D,20151022,000000,1.2939,1.3033,1.2939,1.3033,0,0
MFO_PB,D,20151023,000000,1.3033,1.3033,1.3033,1.3033,0,0
MFO_PB,D,20151026,000000,1.3033,1.3033,1.3033,1.3033,0,0
MFO_PB,D,20151027,000000,1.3033,1.3033,1.3033,1.3033,0,0
MFO_PB,D,20151028,000000,1.3125,1.3219,1.3125,1.3219,0,0
MFO_PB,D,20151030,000000,1.2847,1.2847,1.2847,1.2847,0,0
MFO_PB,D,20151102,000000,1.3033,1.3033,1.2753,1.2753,0,0
MFO_PB,D,20151103,000000,1.3033,1.3033,1.3033,1.3033,0,0
MFO_PB,D,20151104,000000,1.3033,1.3033,1.3033,1.3033,0,0
MFO_PB,D,20151105,000000,1.3033,1.3033,1.3033,1.3033,0,0
MFO_PB,D,20151106,000000,1.3033,1.3125,1.2939,1.3125,0,0
MFO_PB,D,20151109,000000,1.3125,1.3125,1.2753,1.2753,0,0
MFO_PB,D,20151110,000000,1.3033,1.3219,1.3033,1.3219,0,0
MFO_PB,D,20151112,000000,1.3033,1.3498,1.3033,1.3498,0,0
MFO_PB,D,20151113,000000,1.3591,1.3591,1.3591,1.3591,0,0
MFO_PB,D,20151116,000000,1.3498,1.3498,1.2847,1.2847,0,0
MFO_PB,D,20151117,000000,1.2939,1.3033,1.2939,1.2939,0,0
MFO_PB,D,20151118,000000,1.2939,1.2939,1.2939,1.2939,0,0
MFO_PB,D,20151119,000000,1.2939,1.2939,1.2939,1.2939,0,0
MFO_PB,D,20151120,000000,1.2847,1.3033,1.2847,1.3033,0,0
MFO_PB,D,20151123,000000,1.3033,1.3033,1.3033,1.3033,0,0
MFO_PB,D,20151124,000000,1.3033,1.3312,1.2475,1.2939,0,0
MFO_PB,D,20151125,000000,1.2939,1.2939,1.2939,1.2939,0,0
MFO_PB,D,20151126,000000,1.2939,1.2939,1.2939,1.2939,0,0
MFO_PB,D,20151127,000000,1.2847,1.2847,1.2847,1.2847,0,0
MFO_PB,D,20151130,000000,1.2475,1.2475,1.2475,1.2475,0,0
MFO_PB,D,20151201,000000,1.2847,1.2847,1.2475,1.2475,0,0
MFO_PB,D,20151202,000000,1.2847,1.2847,1.2847,1.2847,0,0
MFO_PB,D,20151203,000000,1.2475,1.2475,1.2475,1.2475,0,0
MFO_PB,D,20151204,000000,1.2847,1.2847,1.2475,1.2475,0,0
MFO_PB,D,20151207,000000,1.2475,1.2475,1.2475,1.2475,0,0
MFO_PB,D,20151208,000000,1.2381,1.2381,1.2381,1.2381,0,0
MFO_PB,D,20151210,000000,1.2381,1.2381,1.2381,1.2381,0,0
MFO_PB,D,20151211,000000,1.2475,1.2475,1.2475,1.2475,0,0
MFO_PB,D,20151214,000000,1.1916,1.1916,1.145,1.1916,0,0
MFO_PB,D,20151215,000000,1.1916,1.2475,1.1916,1.2475,0,0
MFO_PB,D,20151216,000000,1.1916,1.2568,1.1916,1.2568,0,0
MFO_PB,D,20151221,000000,1.2009,1.2475,1.2009,1.2475,0,0
MFO_PB,D,20151222,000000,1.2009,1.2475,1.2009,1.2475,0,0
MFO_PB,D,20151223,000000,1.2475,1.2939,1.2475,1.2939,0,0
MFO_PB,D,20151228,000000,1.2847,1.2847,1.2475,1.2847,0,0
MFO_PB,D,20151229,000000,1.2939,1.2939,1.2939,1.2939,0,0
MFO_PB,D,20151230,000000,1.2475,1.2939,1.2475,1.2939,0,0
MFO_PB,D,20160104,000000,1.2475,1.2475,1.2475,1.2475,0,0
MFO_PB,D,20160105,000000,1.2939,1.2939,1.2939,1.2939,0,0
MFO_PB,D,20160107,000000,1.2475,1.2847,1.2475,1.2847,0,0
MFO_PB,D,20160111,000000,1.2847,1.2847,1.2847,1.2847,0,0
MFO_PB,D,20160112,000000,1.2847,1.2847,1.2847,1.2847,0,0
MFO_PB,D,20160113,000000,1.2847,1.2847,1.2475,1.2475,0,0
MFO_PB,D,20160114,000000,1.2009,1.2475,1.1916,1.2475,0,0
MFO_PB,D,20160118,000000,1.1916,1.2475,1.1916,1.2475,0,0
MFO_PB,D,20160119,000000,1.2475,1.2475,1.2475,1.2475,0,0
MFO_PB,D,20160120,000000,1.1916,1.2289,1.1916,1.2289,0,0
MFO_PB,D,20160121,000000,1.2289,1.2289,1.2289,1.2289,0,0
MFO_PB,D,20160122,000000,1.173,1.2847,1.173,1.2847,0,0
MFO_PB,D,20160125,000000,1.173,1.173,1.173,1.173,0,0
MFO_PB,D,20160126,000000,1.173,1.173,1.1637,1.1637,0,0
MFO_PB,D,20160127,000000,1.2289,1.2289,1.2289,1.2289,0,0
MFO_PB,D,20160128,000000,1.2195,1.2195,1.2195,1.2195,0,0
MFO_PB,D,20160129,000000,1.2475,1.2475,1.1637,1.2475,0,0
MFO_PB,D,20160204,000000,1.2475,1.2475,1.2475,1.2475,0,0
MFO_PB,D,20160205,000000,1.1637,1.2475,1.1637,1.2475,0,0
MFO_PB,D,20160208,000000,1.2475,1.2475,1.2103,1.2195,0,0
MFO_PB,D,20160209,000000,1.2475,1.2475,1.2475,1.2475,0,0
MFO_PB,D,20160210,000000,1.2753,1.2753,1.2753,1.2753,0,0
MFO_PB,D,20160215,000000,1.2661,1.2661,1.2661,1.2661,0,0
MFO_PB,D,20160216,000000,1.2568,1.2568,1.2103,1.2103,0,0
MFO_PB,D,20160217,000000,1.2103,1.2103,1.1916,1.1916,0,0
MFO_PB,D,20160218,000000,1.1916,1.1916,1.1916,1.1916,0,0
MFO_PB,D,20160219,000000,1.2009,1.2009,1.2009,1.2009,0,0
MFO_PB,D,20160222,000000,1.2103,1.2103,1.2103,1.2103,0,0
MFO_PB,D,20160223,000000,1.2103,1.2661,1.2103,1.2661,0,0
MFO_PB,D,20160226,000000,1.2289,1.2289,1.173,1.173,0,0
MFO_PB,D,20160229,000000,1.1823,1.2475,1.1823,1.2475,0,0
MFO_PB,D,20160302,000000,1.2475,1.2475,1.2475,1.2475,0,0
MFO_PB,D,20160303,000000,1.2661,1.2661,1.2661,1.2661,0,0
MFO_PB,D,20160304,000000,1.2475,1.2475,1.2475,1.2475,0,0
MFO_PB,D,20160307,000000,1.2475,1.2475,1.2475,1.2475,0,0
MFO_PB,D,20160308,000000,1.2381,1.2661,1.2381,1.2661,0,0
MFO_PB,D,20160309,000000,1.2661,1.2661,1.2661,1.2661,0,0
MFO_PB,D,20160310,000000,1.2661,1.2661,1.2661,1.2661,0,0
MFO_PB,D,20160311,000000,1.2661,1.2661,1.2661,1.2661,0,0
MFO_PB,D,20160314,000000,1.2661,1.2661,1.2661,1.2661,0,0
MFO_PB,D,20160315,000000,1.2661,1.2661,1.2195,1.2195,0,0
MFO_PB,D,20160316,000000,1.2661,1.2661,1.2661,1.2661,0,0
MFO_PB,D,20160317,000000,1.2661,1.2661,1.2289,1.2661,0,0
MFO_PB,D,20160318,000000,1.2939,1.3498,1.2939,1.3498,0,0
MFO_PB,D,20160321,000000,1.3405,1.3405,1.1357,1.1357,0,0
MFO_PB,D,20160322,000000,1.1357,1.1543,1.1357,1.1543,0,0
MFO_PB,D,20160323,000000,1.1543,1.2009,1.1264,1.2009,0,0
MFO_PB,D,20160324,000000,1.1357,1.2009,1.1357,1.2009,0,0
MFO_PB,D,20160329,000000,1.1916,1.1916,1.1916,1.1916,0,0
MFO_PB,D,20160330,000000,1.1916,1.1916,1.1916,1.1916,0,0
MFO_PB,D,20160331,000000,1.1916,1.1916,1.1916,1.1916,0,0
MFO_PB,D,20160401,000000,1.1916,1.2103,1.1916,1.2103,0,0
MFO_PB,D,20160404,000000,1.2103,1.2381,1.2103,1.2381,0,0
MFO_PB,D,20160405,000000,1.2103,1.2381,1.2103,1.2103,0,0
MFO_PB,D,20160406,000000,1.2009,1.2289,1.2009,1.2289,0,0
MFO_PB,D,20160407,000000,1.2195,1.2195,1.2195,1.2195,0,0
MFO_PB,D,20160408,000000,1.2195,1.2289,1.2195,1.2289,0,0
MFO_PB,D,20160411,000000,1.2195,1.2195,1.2195,1.2195,0,0
MFO_PB,D,20160412,000000,1.2103,1.2103,1.2103,1.2103,0,0
MFO_PB,D,20160413,000000,1.173,1.173,1.1543,1.173,0,0
MFO_PB,D,20160414,000000,1.173,1.1823,1.173,1.1823,0,0
MFO_PB,D,20160415,000000,1.1823,1.1823,1.173,1.173,0,0
MFO_PB,D,20160418,000000,1.173,1.173,1.173,1.173,0,0
MFO_PB,D,20160419,000000,1.173,1.173,1.173,1.173,0,0
MFO_PB,D,20160420,000000,1.1637,1.1637,1.1264,1.1357,0,0
MFO_PB,D,20160421,000000,1.2103,1.2103,1.0892,1.1823,0,0
MFO_PB,D,20160422,000000,1.1823,1.1823,1.1823,1.1823,0,0
MFO_PB,D,20160425,000000,1.1823,1.1823,1.1823,1.1823,0,0
MFO_PB,D,20160426,000000,1.1823,1.1823,1.1823,1.1823,0,0
MFO_PB,D,20160427,000000,1.1916,1.2381,1.1916,1.2195,0,0
MFO_PB,D,20160428,000000,1.2195,1.2381,1.2195,1.2381,0,0
MFO_PB,D,20160429,000000,1.2475,1.2847,1.2475,1.2847,0,0
MFO_PB,D,20160502,000000,1.2568,1.3219,1.2568,1.3219,0,0
MFO_PB,D,20160504,000000,1.3219,1.4523,1.3033,1.415,0,0
MFO_PB,D,20160505,000000,1.415,1.4336,1.3964,1.4057,0,0
MFO_PB,D,20160506,000000,1.4057,1.4057,1.4057,1.4057,0,0
MFO_PB,D,20160509,000000,1.3964,1.3964,1.3498,1.3684,0,0
MFO_PB,D,20160510,000000,1.3405,1.3684,1.3405,1.3684,0,0
MFO_PB,D,20160511,000000,1.3405,1.3405,1.3405,1.3405,0,0
MFO_PB,D,20160512,000000,1.3591,1.3591,1.3312,1.3591,0,0
MFO_PB,D,20160513,000000,1.3684,1.3684,1.2753,1.2753,0,0
MFO_PB,D,20160516,000000,1.2661,1.2753,1.2661,1.2661,0,0
MFO_PB,D,20160517,000000,1.2568,1.2753,1.2568,1.2568,0,0
MFO_PB,D,20160518,000000,1.2753,1.2753,1.2753,1.2753,0,0
MFO_PB,D,20160519,000000,1.2568,1.2568,1.2475,1.2568,0,0
MFO_PB,D,20160520,000000,1.2568,1.2753,1.2568,1.2753,0,0
MFO_PB,D,20160523,000000,1.2753,1.2753,1.2753,1.2753,0,0
MFO_PB,D,20160524,000000,1.2661,1.2661,1.2661,1.2661,0,0
MFO_PB,D,20160525,000000,1.2195,1.2661,1.2195,1.2661,0,0
MFO_PB,D,20160527,000000,1.2661,1.3033,1.2661,1.3033,0,0
MFO_PB,D,20160530,000000,1.2661,1.2939,1.2661,1.2939,0,0
MFO_PB,D,20160531,000000,1.2939,1.2939,1.2568,1.2939,0,0
MFO_PB,D,20160601,000000,1.2381,1.2939,1.2381,1.2939,0,0
MFO_PB,D,20160602,000000,1.2939,1.2939,1.2753,1.2753,0,0
MFO_PB,D,20160603,000000,1.2939,1.2939,1.2939,1.2939,0,0
MFO_PB,D,20160606,000000,1.2939,1.2939,1.2939,1.2939,0,0
MFO_PB,D,20160607,000000,1.2939,1.2939,1.2939,1.2939,0,0
MFO_PB,D,20160608,000000,1.2939,1.2939,1.2939,1.2939,0,0
MFO_PB,D,20160609,000000,1.2939,1.2939,1.2753,1.2939,0,0
MFO_PB,D,20160613,000000,1.2568,1.2568,1.173,1.2568,0,0
MFO_PB,D,20160615,000000,1.2195,1.2195,1.2195,1.2195,0,0
MFO_PB,D,20160616,000000,1.1916,1.1916,1.1637,1.173,0,0
MFO_PB,D,20160617,000000,1.173,1.173,1.173,1.173,0,0
MFO_PB,D,20160620,000000,1.1357,1.173,1.1357,1.173,0,0
MFO_PB,D,20160621,000000,1.173,1.2195,1.173,1.2195,0,0
MFO_PB,D,20160622,000000,1.2195,1.2195,1.2195,1.2195,0,0
MFO_PB,D,20160623,000000,1.2195,1.2289,1.2195,1.2289,0,0
MFO_PB,D,20160624,000000,1.1078,1.1916,1.1078,1.1916,0,0
MFO_PB,D,20160627,000000,1.1637,1.2753,1.1637,1.2753,0,0
MFO_PB,D,20160628,000000,1.2753,1.3125,1.2753,1.3033,0,0
MFO_PB,D,20160629,000000,1.3219,1.3498,1.3219,1.3498,0,0
MFO_PB,D,20160630,000000,1.3498,1.387,1.3498,1.3591,0,0
MFO_PB,D,20160701,000000,1.3591,1.3591,1.3498,1.3591,0,0
MFO_PB,D,20160704,000000,1.3591,1.387,1.3591,1.387,0,0
MFO_PB,D,20160705,000000,1.3778,1.4057,1.3778,1.3964,0,0
MFO_PB,D,20160706,000000,1.3964,1.4523,1.3778,1.4244,0,0
MFO_PB,D,20160707,000000,1.508,1.508,1.4523,1.4709,0,0
MFO_PB,D,20160708,000000,1.4709,1.4709,1.443,1.4523,0,0
MFO_PB,D,20160711,000000,1.4523,1.4616,1.4336,1.4616,0,0
MFO_PB,D,20160712,000000,1.4616,1.4616,1.443,1.4616,0,0
MFO_PB,D,20160713,000000,1.443,1.4616,1.443,1.4616,0,0
MFO_PB,D,20160714,000000,1.4336,1.4616,1.4336,1.4523,0,0
MFO_PB,D,20160715,000000,1.4336,1.4336,1.387,1.387,0,0
MFO_PB,D,20160718,000000,1.387,1.4057,1.3778,1.4057,0,0
MFO_PB,D,20160719,000000,1.387,1.4336,1.387,1.4336,0,0
MFO_PB,D,20160720,000000,1.4057,1.4336,1.4057,1.4057,0,0
MFO_PB,D,20160721,000000,1.4057,1.5546,1.4057,1.5546,0,0
MFO_PB,D,20160722,000000,1.5733,1.6198,1.5733,1.6198,0,0
MFO_PB,D,20160725,000000,1.6198,1.6198,1.5733,1.5919,0,0
MFO_PB,D,20160726,000000,1.6011,1.6477,1.5825,1.6477,0,0
MFO_PB,D,20160727,000000,1.685,1.685,1.6477,1.6477,0,0
MFO_PB,D,20160728,000000,1.6384,1.6384,1.5733,1.6384,0,0
MFO_PB,D,20160729,000000,1.5825,1.6198,1.5733,1.6198,0,0
MFO_PB,D,20160801,000000,1.6198,1.6198,1.4989,1.5733,0,0
MFO_PB,D,20160802,000000,1.508,1.5546,1.4895,1.4989,0,0
MFO_PB,D,20160803,000000,1.5733,1.5733,1.5733,1.5733,0,0
MFO_PB,D,20160804,000000,1.5639,1.5639,1.5639,1.5639,0,0
MFO_PB,D,20160805,000000,1.5733,1.5733,1.536,1.5733,0,0
MFO_PB,D,20160808,000000,1.5546,1.5639,1.5546,1.5639,0,0
MFO_PB,D,20160809,000000,1.536,1.5639,1.536,1.5639,0,0
MFO_PB,D,20160810,000000,1.5546,1.5546,1.5546,1.5546,0,0
MFO_PB,D,20160811,000000,1.5546,1.6198,1.5546,1.6198,0,0
MFO_PB,D,20160812,000000,1.6011,1.6571,1.5919,1.6571,0,0
MFO_PB,D,20160816,000000,1.6477,1.6571,1.6477,1.6571,0,0
MFO_PB,D,20160817,000000,1.6477,1.6571,1.6477,1.6571,0,0
MFO_PB,D,20160818,000000,1.6571,1.6571,1.6571,1.6571,0,0
MFO_PB,D,20160819,000000,1.6291,1.6477,1.6291,1.6477,0,0
MFO_PB,D,20160822,000000,1.6477,1.6944,1.6477,1.6944,0,0
MFO_PB,D,20160823,000000,1.685,1.685,1.6477,1.6757,0,0
MFO_PB,D,20160824,000000,1.685,1.7036,1.6571,1.7036,0,0
MFO_PB,D,20160825,000000,1.7036,1.7036,1.7036,1.7036,0,0
MFO_PB,D,20160826,000000,1.6944,1.7036,1.6944,1.7036,0,0
MFO_PB,D,20160829,000000,1.713,1.7594,1.7036,1.7036,0,0
MFO_PB,D,20160830,000000,1.7222,1.7316,1.7036,1.7036,0,0
MFO_PB,D,20160831,000000,1.7222,1.7316,1.7036,1.7316,0,0
MFO_PB,D,20160901,000000,1.7501,1.7874,1.713,1.713,0,0
MFO_PB,D,20160902,000000,1.7501,1.806,1.713,1.806,0,0
MFO_PB,D,20160905,000000,1.806,1.806,1.6571,1.6571,0,0
MFO_PB,D,20160906,000000,1.6291,1.6477,1.6291,1.6477,0,0
MFO_PB,D,20160907,000000,1.6477,1.6477,1.5919,1.6384,0,0
MFO_PB,D,20160908,000000,1.6477,1.6571,1.6384,1.6571,0,0
MFO_PB,D,20160909,000000,1.6477,1.6477,1.5733,1.6384,0,0
MFO_PB,D,20160912,000000,1.6198,1.7316,1.6198,1.6944,0,0
MFO_PB,D,20160913,000000,1.6944,1.6944,1.6571,1.6571,0,0
MFO_PB,D,20160914,000000,1.6384,1.6384,1.6384,1.6384,0,0
MFO_PB,D,20160915,000000,1.6105,1.6384,1.6105,1.6384,0,0
MFO_PB,D,20160916,000000,1.6198,1.6198,1.6198,1.6198,0,0
MFO_PB,D,20160919,000000,1.6198,1.6384,1.6198,1.6384,0,0
MFO_PB,D,20160920,000000,1.6198,1.6198,1.6198,1.6198,0,0
MFO_PB,D,20160921,000000,1.6198,1.6198,1.5733,1.5733,0,0
MFO_PB,D,20160922,000000,1.6011,1.6105,1.6011,1.6105,0,0
MFO_PB,D,20160923,000000,1.6571,1.6571,1.6105,1.6105,0,0
MFO_PB,D,20160926,000000,1.5919,1.6105,1.5825,1.6105,0,0
MFO_PB,D,20160927,000000,1.6105,1.6105,1.5825,1.6011,0,0
MFO_PB,D,20160928,000000,1.6105,1.6105,1.6105,1.6105,0,0
MFO_PB,D,20160929,000000,1.5825,1.6105,1.5825,1.6105,0,0
MFO_PB,D,20160930,000000,1.6571,1.6571,1.5825,1.6105,0,0
MFO_PB,D,20161003,000000,1.6571,1.6571,1.6198,1.6198,0,0
MFO_PB,D,20161004,000000,1.6105,1.6571,1.6105,1.6105,0,0
MFO_PB,D,20161005,000000,1.6105,1.6105,1.5919,1.6011,0,0
MFO_PB,D,20161006,000000,1.6011,1.6105,1.6011,1.6105,0,0
MFO_PB,D,20161007,000000,1.6105,1.6105,1.6011,1.6011,0,0
MFO_PB,D,20161010,000000,1.6105,1.6105,1.5733,1.6011,0,0
MFO_PB,D,20161011,000000,1.5733,1.6011,1.5733,1.6011,0,0
MFO_PB,D,20161012,000000,1.6105,1.6105,1.4709,1.536,0,0
MFO_PB,D,20161013,000000,1.536,1.6011,1.536,1.5825,0,0
MFO_PB,D,20161014,000000,1.5825,1.6011,1.5825,1.5919,0,0
MFO_PB,D,20161017,000000,1.5453,1.5919,1.5453,1.5919,0,0
MFO_PB,D,20161018,000000,1.5733,1.5919,1.5733,1.5825,0,0
MFO_PB,D,20161019,000000,1.5825,1.6477,1.5825,1.6477,0,0
MFO_PB,D,20161020,000000,1.6384,1.7222,1.6384,1.6757,0,0
MFO_PB,D,20161021,000000,1.6757,1.713,1.6757,1.713,0,0
MFO_PB,D,20161024,000000,1.713,1.7222,1.713,1.7222,0,0
MFO_PB,D,20161025,000000,1.7222,1.7316,1.7222,1.7316,0,0
MFO_PB,D,20161026,000000,1.7222,1.7222,1.6571,1.7222,0,0
MFO_PB,D,20161027,000000,1.7222,1.7222,1.7036,1.7036,0,0
MFO_PB,D,20161028,000000,1.7036,1.7036,1.7036,1.7036,0,0
MFO_PB,D,20161031,000000,1.7036,1.7036,1.6944,1.6944,0,0
MFO_PB,D,20161102,000000,1.5825,1.6944,1.5825,1.6291,0,0
MFO_PB,D,20161103,000000,1.6757,1.685,1.5919,1.685,0,0
MFO_PB,D,20161104,000000,1.6198,1.6757,1.5919,1.6757,0,0
MFO_PB,D,20161107,000000,1.6198,1.6664,1.5919,1.6664,0,0
MFO_PB,D,20161108,000000,1.6664,1.6757,1.6571,1.6571,0,0
MFO_PB,D,20161109,000000,1.6198,1.6571,1.6198,1.6571,0,0
MFO_PB,D,20161110,000000,1.6571,1.6944,1.6571,1.6944,0,0
MFO_PB,D,20161114,000000,1.7316,1.806,1.6944,1.806,0,0
MFO_PB,D,20161115,000000,1.7966,1.7966,1.7874,1.7874,0,0
MFO_PB,D,20161116,000000,1.7874,1.7966,1.7316,1.778,0,0
MFO_PB,D,20161117,000000,1.778,1.778,1.685,1.685,0,0
MFO_PB,D,20161118,000000,1.685,1.685,1.6198,1.6757,0,0
MFO_PB,D,20161121,000000,1.6757,1.6944,1.6664,1.6664,0,0
MFO_PB,D,20161122,000000,1.6757,1.6944,1.6664,1.685,0,0
MFO_PB,D,20161123,000000,1.685,1.685,1.685,1.685,0,0
MFO_PB,D,20161124,000000,1.685,1.6944,1.6664,1.6944,0,0
MFO_PB,D,20161125,000000,1.6944,1.6944,1.6757,1.685,0,0
MFO_PB,D,20161128,000000,1.6944,1.6944,1.6664,1.685,0,0
MFO_PB,D,20161129,000000,1.685,1.685,1.6571,1.685,0,0
MFO_PB,D,20161130,000000,1.685,1.685,1.6757,1.685,0,0
MFO_PB,D,20161201,000000,1.6664,1.6757,1.6571,1.6757,0,0
MFO_PB,D,20161202,000000,1.685,1.685,1.685,1.685,0,0
MFO_PB,D,20161205,000000,1.685,1.6944,1.6664,1.685,0,0
MFO_PB,D,20161206,000000,1.6944,1.6944,1.685,1.6944,0,0
MFO_PB,D,20161207,000000,1.6944,1.778,1.6944,1.7222,0,0
MFO_PB,D,20161208,000000,1.7222,1.7501,1.7036,1.713,0,0
MFO_PB,D,20161209,000000,1.7594,1.7594,1.7036,1.7316,0,0
MFO_PB,D,20161212,000000,1.7687,1.7874,1.7222,1.7687,0,0
MFO_PB,D,20161213,000000,1.7687,1.7874,1.7687,1.778,0,0
MFO_PB,D,20161214,000000,1.778,1.778,1.7501,1.778,0,0
MFO_PB,D,20161215,000000,1.778,1.778,1.7594,1.7594,0,0
MFO_PB,D,20161216,000000,1.7501,1.7874,1.7501,1.7874,0,0
MFO_PB,D,20161219,000000,1.7408,1.9085,1.7408,1.8619,0,0
MFO_PB,D,20161220,000000,1.8619,1.8991,1.8619,1.8991,0,0
MFO_PB,D,20161221,000000,1.9085,1.9085,1.8712,1.8805,0,0
MFO_PB,D,20161222,000000,1.8805,1.8805,1.8712,1.8805,0,0
MFO_PB,D,20161223,000000,1.8805,1.8805,1.8805,1.8805,0,0
MFO_PB,D,20161227,000000,1.8619,1.8805,1.8525,1.8805,0,0
MFO_PB,D,20161228,000000,1.8619,1.8991,1.8619,1.8805,0,0
MFO_PB,D,20161229,000000,1.9085,1.9643,1.9085,1.9643,0,0
MFO_PB,D,20161230,000000,1.9643,1.9643,1.9363,1.9643,0,0
MFO_PB,D,20170102,000000,1.9643,1.9921,1.9363,1.9921,0,0
MFO_PB,D,20170103,000000,1.9921,1.9921,1.9271,1.9921,0,0
MFO_PB,D,20170104,000000,1.9921,1.9921,1.9643,1.9829,0,0
MFO_PB,D,20170105,000000,1.9829,1.9829,1.9177,1.9735,0,0
MFO_PB,D,20170109,000000,1.9735,1.9735,1.9643,1.9643,0,0
MFO_PB,D,20170110,000000,1.9643,1.9735,1.9643,1.9643,0,0
MFO_PB,D,20170111,000000,1.9643,1.9643,1.8805,1.9177,0,0
MFO_PB,D,20170112,000000,1.9177,1.9271,1.9177,1.9271,0,0
MFO_PB,D,20170113,000000,1.8898,1.8991,1.8805,1.8991,0,0
MFO_PB,D,20170116,000000,1.955,1.9735,1.9457,1.9735,0,0
MFO_PB,D,20170117,000000,1.9735,1.9735,1.9457,1.9643,0,0
MFO_PB,D,20170118,000000,1.9643,1.9735,1.9643,1.9643,0,0
MFO_PB,D,20170119,000000,1.9643,2.0294,1.9643,2.0294,0,0
MFO_PB,D,20170120,000000,2.0387,2.076,2.0387,2.076,0,0
MFO_PB,D,20170123,000000,2.0666,2.1877,2.0666,2.1598,0,0
MFO_PB,D,20170124,000000,2.1784,2.1784,2.1226,2.1784,0,0
MFO_PB,D,20170125,000000,2.1691,2.2807,2.1691,2.2715,0,0
MFO_PB,D,20170126,000000,2.2993,2.2993,2.197,2.2807,0,0
MFO_PB,D,20170127,000000,2.2901,2.3087,2.2621,2.2807,0,0
MFO_PB,D,20170130,000000,2.3087,2.3273,2.2807,2.318,0,0
MFO_PB,D,20170131,000000,2.3459,2.3739,2.2715,2.3739,0,0
MFO_PB,D,20170201,000000,2.3739,2.3832,2.3273,2.3739,0,0
MFO_PB,D,20170202,000000,2.3646,2.3739,2.2342,2.3739,0,0
MFO_PB,D,20170203,000000,2.3273,2.4112,2.318,2.3925,0,0
MFO_PB,D,20170206,000000,2.4112,2.4762,2.3925,2.4762,0,0
MFO_PB,D,20170207,000000,2.4948,2.4948,2.4762,2.4762,0,0
MFO_PB,D,20170208,000000,2.4762,2.5321,2.4576,2.5321,0,0
MFO_PB,D,20170209,000000,2.5321,2.588,2.4576,2.4576,0,0
MFO_PB,D,20170210,000000,2.5601,2.5601,2.4762,2.5228,0,0
MFO_PB,D,20170213,000000,2.5134,2.5507,2.4018,2.5321,0,0
MFO_PB,D,20170214,000000,2.5414,2.5414,2.5321,2.5321,0,0
MFO_PB,D,20170215,000000,2.4948,2.5321,2.4948,2.5134,0,0
MFO_PB,D,20170216,000000,2.5134,2.5321,2.4856,2.5228,0,0
MFO_PB,D,20170217,000000,2.4856,2.4856,2.3646,2.4483,0,0
MFO_PB,D,20170220,000000,2.4483,2.5228,2.4483,2.5228,0,0
MFO_PB,D,20170221,000000,2.5228,2.5228,2.5042,2.5228,0,0
MFO_PB,D,20170222,000000,2.5228,2.5228,2.4669,2.4762,0,0
MFO_PB,D,20170223,000000,2.4762,2.4762,2.4762,2.4762,0,0
MFO_PB,D,20170224,000000,2.4669,2.4669,2.4483,2.4576,0,0
MFO_PB,D,20170227,000000,2.3366,2.4576,2.3366,2.4576,0,0
MFO_PB,D,20170228,000000,2.3832,2.4576,2.3832,2.4576,0,0
MFO_PB,D,20170301,000000,2.4576,2.4576,2.3925,2.4018,0,0
MFO_PB,D,20170302,000000,2.4018,2.4576,2.3459,2.3832,0,0
MFO_PB,D,20170303,000000,2.4483,2.4483,2.3832,2.4204,0,0
MFO_PB,D,20170306,000000,2.3832,2.3832,2.3832,2.3832,0,0
MFO_PB,D,20170307,000000,2.3459,2.4576,2.3273,2.3273,0,0
MFO_PB,D,20170308,000000,2.2901,2.3087,2.2248,2.2621,0,0
MFO_PB,D,20170309,000000,2.2621,2.2621,2.2062,2.2621,0,0
MFO_PB,D,20170310,000000,2.3087,2.3087,2.2528,2.2528,0,0
MFO_PB,D,20170313,000000,2.2528,2.2528,2.2156,2.2528,0,0
MFO_PB,D,20170314,000000,2.2901,2.439,2.2901,2.439,0,0
MFO_PB,D,20170315,000000,2.4204,2.4762,2.3366,2.4112,0,0
MFO_PB,D,20170316,000000,2.4297,2.4297,2.2435,2.3087,0,0
MFO_PB,D,20170317,000000,2.318,2.4018,2.318,2.4018,0,0
MFO_PB,D,20170320,000000,2.2993,2.3739,2.2435,2.2435,0,0
MFO_PB,D,20170321,000000,2.2528,2.2621,2.2156,2.2435,0,0
MFO_PB,D,20170322,000000,2.2156,2.4483,2.2156,2.4483,0,0
MFO_PB,D,20170323,000000,2.4204,2.4204,2.318,2.3925,0,0
MFO_PB,D,20170324,000000,2.3925,2.3925,2.3832,2.3832,0,0
MFO_PB,D,20170327,000000,2.4018,2.4018,2.2993,2.2993,0,0
MFO_PB,D,20170328,000000,2.3459,2.3459,2.2993,2.318,0,0
MFO_PB,D,20170329,000000,2.318,2.318,2.2901,2.318,0,0
MFO_PB,D,20170330,000000,2.2993,2.2993,2.2528,2.2807,0,0
MFO_PB,D,20170331,000000,2.2807,2.2807,2.2621,2.2715,0,0
MFO_PB,D,20170403,000000,2.1039,2.2528,2.1039,2.2528,0,0
MFO_PB,D,20170404,000000,2.1784,2.2528,2.1784,2.2528,0,0
MFO_PB,D,20170405,000000,2.2528,2.2715,2.2528,2.2715,0,0
MFO_PB,D,20170407,000000,2.2621,2.318,2.2621,2.318,0,0
MFO_PB,D,20170410,000000,2.2621,2.2715,2.2528,2.2528,0,0
MFO_PB,D,20170411,000000,2.2435,2.2621,2.2435,2.2621,0,0
MFO_PB,D,20170412,000000,2.2901,2.3273,2.1784,2.318,0,0
MFO_PB,D,20170413,000000,2.318,2.318,2.2156,2.2435,0,0
MFO_PB,D,20170418,000000,2.2807,2.2807,2.2156,2.2528,0,0
MFO_PB,D,20170419,000000,2.2435,2.2435,2.197,2.197,0,0
MFO_PB,D,20170420,000000,2.1784,2.2528,2.1784,2.2156,0,0
MFO_PB,D,20170421,000000,2.2807,2.2807,2.197,2.2807,0,0
MFO_PB,D,20170424,000000,2.2807,2.2807,2.2807,2.2807,0,0
MFO_PB,D,20170425,000000,2.2807,2.2993,2.2807,2.2993,0,0
MFO_PB,D,20170426,000000,2.1877,2.2807,2.1877,2.2621,0,0
MFO_PB,D,20170427,000000,2.2993,2.318,2.2993,2.318,0,0
MFO_PB,D,20170428,000000,2.3739,2.3925,2.3739,2.3925,0,0
MFO_PB,D,20170502,000000,2.3925,2.4576,2.3925,2.4483,0,0
MFO_PB,D,20170504,000000,2.4576,2.4576,2.4483,2.4483,0,0
MFO_PB,D,20170505,000000,2.4112,2.6345,2.4112,2.6345,0,0
MFO_PB,D,20170508,000000,2.6717,2.9138,2.6717,2.7928,0,0
MFO_PB,D,20170509,000000,2.9603,3.0255,2.7369,2.7369,0,0
MFO_PB,D,20170510,000000,2.6717,2.8766,2.6717,2.7742,0,0
MFO_PB,D,20170511,000000,2.8766,2.8859,2.7742,2.8114,0,0
MFO_PB,D,20170512,000000,2.8114,2.923,2.8021,2.9138,0,0
MFO_PB,D,20170515,000000,2.9324,3.221,2.9324,3.1372,0,0
MFO_PB,D,20170516,000000,3.1372,3.1372,2.951,3.0721,0,0
MFO_PB,D,20170517,000000,3.1651,3.1651,2.7742,2.7742,0,0
MFO_PB,D,20170518,000000,2.7276,2.8487,2.6624,2.6624,0,0
MFO_PB,D,20170519,000000,2.681,2.9417,2.681,2.9417,0,0
MFO_PB,D,20170522,000000,2.9417,2.9789,2.8766,2.9789,0,0
MFO_PB,D,20170523,000000,2.9789,2.9789,2.7742,2.9138,0,0
MFO_PB,D,20170524,000000,2.9138,2.9417,2.8859,2.9324,0,0
MFO_PB,D,20170525,000000,2.8859,2.9324,2.8859,2.9324,0,0
MFO_PB,D,20170526,000000,2.9324,2.9324,2.9138,2.9324,0,0
MFO_PB,D,20170529,000000,2.9138,2.9324,2.9138,2.9324,0,0
MFO_PB,D,20170530,000000,2.9324,2.9324,2.923,2.923,0,0
MFO_PB,D,20170531,000000,2.9324,2.9789,2.858,2.9789,0,0
MFO_PB,D,20170601,000000,2.9789,2.9789,2.8021,2.858,0,0
MFO_PB,D,20170602,000000,2.8859,2.9138,2.858,2.9138,0,0
MFO_PB,D,20170605,000000,2.9417,2.9417,2.9138,2.923,0,0
MFO_PB,D,20170606,000000,2.923,2.9417,2.9138,2.9417,0,0
MFO_PB,D,20170607,000000,2.9417,2.9417,2.923,2.9417,0,0
MFO_PB,D,20170608,000000,2.9417,2.9417,2.8394,2.9324,0,0
MFO_PB,D,20170609,000000,2.9324,2.9324,2.9324,2.9324,0,0
MFO_PB,D,20170612,000000,2.9324,2.9324,2.8859,2.9044,0,0
MFO_PB,D,20170613,000000,2.9138,2.9138,2.8859,2.8859,0,0
MFO_PB,D,20170614,000000,2.9138,2.9138,2.6253,2.6253,0,0
MFO_PB,D,20170616,000000,2.6253,2.6253,2.5321,2.6253,0,0
MFO_PB,D,20170619,000000,2.6253,2.6253,2.5042,2.5042,0,0
MFO_PB,D,20170620,000000,2.5042,2.6532,2.5042,2.6532,0,0
MFO_PB,D,20170621,000000,2.7183,2.7183,2.7183,2.7183,0,0
MFO_PB,D,20170622,000000,2.7183,2.7183,2.6067,2.7089,0,0
MFO_PB,D,20170623,000000,2.7183,2.7183,2.7183,2.7183,0,0
MFO_PB,D,20170626,000000,2.7183,2.7183,2.6624,2.7183,0,0
MFO_PB,D,20170627,000000,2.7183,2.7183,2.6253,2.7183,0,0
MFO_PB,D,20170628,000000,2.7183,2.7183,2.6345,2.7089,0,0
MFO_PB,D,20170629,000000,2.6715,2.7566,2.6715,2.7566,0,0
MFO_PB,D,20170630,000000,2.7566,2.7566,2.7566,2.7566,0,0
MFO_PB,D,20170703,000000,2.8226,2.8226,2.6904,2.7754,0,0
MFO_PB,D,20170704,000000,2.7754,2.7754,2.5961,2.6338,0,0
MFO_PB,D,20170705,000000,2.7566,2.7566,2.5677,2.6338,0,0
MFO_PB,D,20170706,000000,2.7566,2.7566,2.5961,2.7566,0,0
MFO_PB,D,20170707,000000,2.7566,2.7566,2.6149,2.7377,0,0
MFO_PB,D,20170710,000000,2.7566,2.7566,2.6433,2.7377,0,0
MFO_PB,D,20170711,000000,2.6999,2.6999,2.6433,2.6433,0,0
MFO_PB,D,20170712,000000,2.6904,2.6904,2.5866,2.6433,0,0
MFO_PB,D,20170713,000000,2.6999,2.6999,2.53,2.5866,0,0
MFO_PB,D,20170714,000000,2.5866,2.6904,2.5866,2.6904,0,0
MFO_PB,D,20170717,000000,2.5583,2.6055,2.5206,2.6055,0,0
MFO_PB,D,20170718,000000,2.6055,2.6055,2.53,2.53,0,0
MFO_PB,D,20170719,000000,2.4733,2.5677,2.3695,2.4639,0,0
MFO_PB,D,20170720,000000,2.4639,2.4639,2.2939,2.2939,0,0
MFO_PB,D,20170721,000000,2.2939,2.3695,2.2939,2.3601,0,0
MFO_PB,D,20170724,000000,2.3601,2.3601,2.3034,2.3223,0,0
MFO_PB,D,20170725,000000,2.3601,2.3601,2.3223,2.3601,0,0
MFO_PB,D,20170726,000000,2.3128,2.4261,2.3034,2.4072,0,0
MFO_PB,D,20170727,000000,2.445,2.5206,2.445,2.5206,0,0
MFO_PB,D,20170728,000000,2.5488,2.5488,2.4733,2.53,0,0
MFO_PB,D,20170731,000000,2.53,2.53,2.4828,2.5111,0,0
MFO_PB,D,20170801,000000,2.53,2.53,2.4733,2.5017,0,0
MFO_PB,D,20170802,000000,2.5206,2.5206,2.3317,2.3317,0,0
MFO_PB,D,20170803,000000,2.3884,2.3884,2.3695,2.3884,0,0
MFO_PB,D,20170804,000000,2.3884,2.4639,2.3884,2.4639,0,0
MFO_PB,D,20170807,000000,2.4544,2.4544,2.4356,2.4544,0,0
MFO_PB,D,20170808,000000,2.4544,2.4544,2.4356,2.4544,0,0
MFO_PB,D,20170809,000000,2.4356,2.4356,2.4356,2.4356,0,0
MFO_PB,D,20170810,000000,2.4072,2.4072,2.3412,2.3978,0,0
MFO_PB,D,20170811,000000,2.4072,2.4072,2.4072,2.4072,0,0
MFO_PB,D,20170814,000000,2.4072,2.4072,2.3695,2.3978,0,0
MFO_PB,D,20170816,000000,2.3978,2.4261,2.2656,2.4261,0,0
MFO_PB,D,20170817,000000,2.379,2.4261,2.3034,2.3034,0,0
MFO_PB,D,20170818,000000,2.3034,2.4167,2.2374,2.4167,0,0
MFO_PB,D,20170821,000000,2.4167,2.4639,2.4167,2.4639,0,0
MFO_PB,D,20170822,000000,2.4733,2.4733,2.4733,2.4733,0,0
MFO_PB,D,20170823,000000,2.4733,2.4733,2.4639,2.4639,0,0
MFO_PB,D,20170824,000000,2.4544,2.4544,2.3695,2.3978,0,0
MFO_PB,D,20170825,000000,2.3978,2.3978,2.3978,2.3978,0,0
MFO_PB,D,20170828,000000,2.3978,2.3978,2.2845,2.3223,0,0
MFO_PB,D,20170829,000000,2.3223,2.3223,2.1523,2.3223,0,0
MFO_PB,D,20170830,000000,2.3223,2.3223,2.2279,2.3223,0,0
MFO_PB,D,20170831,000000,2.3506,2.3506,2.2563,2.3506,0,0
MFO_PB,D,20170901,000000,2.3506,2.3506,2.2845,2.3223,0,0
MFO_PB,D,20170904,000000,2.2374,2.2374,2.1618,2.1712,0,0
MFO_PB,D,20170905,000000,2.1712,2.2374,2.1712,2.2374,0,0
MFO_PB,D,20170906,000000,2.2374,2.2374,2.2185,2.2374,0,0
MFO_PB,D,20170907,000000,2.2374,2.2374,2.1618,2.2185,0,0
MFO_PB,D,20170908,000000,2.1618,2.1901,2.1618,2.1901,0,0
MFO_PB,D,20170911,000000,2.1901,2.1901,2.124,2.124,0,0
MFO_PB,D,20170912,000000,2.1523,2.1523,1.9636,1.9918,0,0
MFO_PB,D,20170913,000000,1.9825,2.0958,1.8786,2.0958,0,0
MFO_PB,D,20170914,000000,2.1523,2.1523,2.124,2.1523,0,0
MFO_PB,D,20170915,000000,2.1523,2.1523,2.0769,2.1523,0,0
MFO_PB,D,20170918,000000,2.1334,2.1334,2.058,2.058,0,0
MFO_PB,D,20170919,000000,2.058,2.058,2.058,2.058,0,0
MFO_PB,D,20170920,000000,2.058,2.058,2.0296,2.058,0,0
MFO_PB,D,20170921,000000,2.058,2.058,2.0296,2.058,0,0
MFO_PB,D,20170922,000000,2.058,2.1334,2.0296,2.1334,0,0
MFO_PB,D,20170925,000000,2.1334,2.1901,2.1334,2.1901,0,0
MFO_PB,D,20170926,000000,2.1901,2.3695,2.1901,2.3695,0,0
MFO_PB,D,20170927,000000,2.3695,2.5677,2.3695,2.4828,0,0
MFO_PB,D,20170928,000000,2.4828,2.4828,2.4828,2.4828,0,0
MFO_PB,D,20170929,000000,2.5111,2.5111,2.5111,2.5111,0,0
MFO_PB,D,20171002,000000,2.5111,2.5111,2.3506,2.5111,0,0
MFO_PB,D,20171003,000000,2.5111,2.5111,2.4828,2.4828,0,0
MFO_PB,D,20171004,000000,2.5111,2.5111,2.4167,2.4544,0,0
MFO_PB,D,20171005,000000,2.4828,2.4828,2.4828,2.4828,0,0
MFO_PB,D,20171006,000000,2.4828,2.4828,2.4828,2.4828,0,0
MFO_PB,D,20171009,000000,2.4828,2.4828,2.4167,2.4544,0,0
MFO_PB,D,20171010,000000,2.4828,2.4828,2.4828,2.4828,0,0
MFO_PB,D,20171011,000000,2.4828,2.4828,2.4733,2.4733,0,0
MFO_PB,D,20171012,000000,2.4828,2.4828,2.4828,2.4828,0,0
MFO_PB,D,20171013,000000,2.4828,2.4828,2.4072,2.4544,0,0
MFO_PB,D,20171016,000000,2.4544,2.4828,2.4167,2.4828,0,0
MFO_PB,D,20171017,000000,2.4828,2.4828,2.4544,2.4733,0,0
MFO_PB,D,20171018,000000,2.4828,2.4828,2.4167,2.4544,0,0
MFO_PB,D,20171019,000000,2.4828,2.4828,2.3978,2.4544,0,0
MFO_PB,D,20171020,000000,2.4639,2.4639,2.3412,2.3978,0,0
MFO_PB,D,20171023,000000,2.3978,2.3978,2.3506,2.3978,0,0
MFO_PB,D,20171024,000000,2.4639,2.4639,2.2185,2.2185,0,0
MFO_PB,D,20171025,000000,2.1807,2.3884,2.1429,2.3884,0,0
MFO_PB,D,20171026,000000,2.3034,2.3884,2.3034,2.379,0,0
MFO_PB,D,20171027,000000,2.4356,2.4356,2.3412,2.4072,0,0
MFO_PB,D,20171030,000000,2.3412,2.4072,2.3412,2.379,0,0
MFO_PB,D,20171031,000000,2.3412,2.379,2.2656,2.3695,0,0
MFO_PB,D,20171102,000000,2.3695,2.3695,2.1334,2.1334,0,0
MFO_PB,D,20171103,000000,2.1334,2.3317,2.1334,2.3317,0,0
MFO_PB,D,20171106,000000,2.3317,2.3695,2.1334,2.1901,0,0
MFO_PB,D,20171107,000000,2.1901,2.2374,2.1429,2.2374,0,0
MFO_PB,D,20171108,000000,2.2468,2.2468,2.1523,2.1901,0,0
MFO_PB,D,20171109,000000,2.2656,2.2656,2.1429,2.2185,0,0
MFO_PB,D,20171110,000000,2.2185,2.2185,2.1429,2.1901,0,0
MFO_PB,D,20171113,000000,2.3317,2.3317,1.7464,1.7464,0,0
MFO_PB,D,20171114,000000,1.7464,1.7464,1.7275,1.7464,0,0
MFO_PB,D,20171115,000000,1.7464,1.7464,1.7181,1.7181,0,0
MFO_PB,D,20171116,000000,1.7653,1.7653,1.7464,1.7559,0,0
MFO_PB,D,20171117,000000,1.7748,1.7748,1.7559,1.7748,0,0
MFO_PB,D,20171120,000000,1.7748,1.8031,1.7464,1.8031,0,0
MFO_PB,D,20171121,000000,1.8597,1.8597,1.7748,1.8409,0,0
MFO_PB,D,20171122,000000,1.8597,2.0296,1.8031,2.0296,0,0
MFO_PB,D,20171123,000000,2.0296,2.0296,1.973,1.973,0,0
MFO_PB,D,20171124,000000,1.973,2.0296,1.973,2.0296,0,0
MFO_PB,D,20171127,000000,2.0296,2.0296,1.973,2.0202,0,0
MFO_PB,D,20171128,000000,2.0296,2.0296,1.9636,1.9636,0,0
MFO_PB,D,20171129,000000,1.973,1.973,1.973,1.973,0,0
MFO_PB,D,20171130,000000,2.0296,2.0296,1.9636,1.973,0,0
MFO_PB,D,20171201,000000,2.0202,2.0202,1.8975,1.8975,0,0
MFO_PB,D,20171204,000000,1.973,1.973,1.8975,1.8975,0,0
MFO_PB,D,20171205,000000,2.0202,2.0202,1.9164,1.973,0,0
MFO_PB,D,20171206,000000,1.973,1.973,1.9353,1.973,0,0
MFO_PB,D,20171207,000000,1.973,1.973,1.9164,1.9447,0,0
MFO_PB,D,20171208,000000,1.9447,1.9447,1.8786,1.9447,0,0
MFO_PB,D,20171211,000000,1.9636,1.9636,1.9447,1.9447,0,0
MFO_PB,D,20171212,000000,1.9164,1.9258,1.8786,1.9258,0,0
MFO_PB,D,20171213,000000,1.9258,1.9258,1.8597,1.8597,0,0
MFO_PB,D,20171214,000000,1.9164,1.9164,1.8031,1.9164,0,0
MFO_PB,D,20171215,000000,1.9258,2.0296,1.8597,2.0013,0,0
MFO_PB,D,20171218,000000,2.0202,2.0202,1.9164,1.9164,0,0
MFO_PB,D,20171219,000000,1.9825,1.9825,1.9164,1.9353,0,0
MFO_PB,D,20171220,000000,2.0202,2.0202,1.8691,1.8691,0,0
MFO_PB,D,20171221,000000,1.9069,1.9918,1.9069,1.9918,0,0
MFO_PB,D,20171222,000000,1.9918,2.0202,1.9636,1.9918,0,0
MFO_PB,D,20171227,000000,2.0202,2.0202,1.9164,1.9164,0,0
MFO_PB,D,20171228,000000,1.9636,1.9636,1.9164,1.9636,0,0
MFO_PB,D,20171229,000000,1.9636,1.9636,1.9164,1.9164,0,0
MFO_PB,D,20180103,000000,1.9164,2.0296,1.9164,2.0296,0,0
MFO_PB,D,20180104,000000,2.0391,2.0391,1.9825,1.9825,0,0
MFO_PB,D,20180105,000000,1.9825,1.9825,1.973,1.9825,0,0
MFO_PB,D,20180108,000000,1.9825,1.9825,1.9069,1.9069,0,0
MFO_PB,D,20180109,000000,1.9069,1.9069,1.8502,1.8502,0,0
MFO_PB,D,20180110,000000,1.8597,1.8691,1.8597,1.8691,0,0
MFO_PB,D,20180111,000000,1.9069,1.9069,1.8786,1.8786,0,0
MFO_PB,D,20180112,000000,1.9069,1.9069,1.9069,1.9069,0,0
MFO_PB,D,20180115,000000,1.9069,1.9069,1.8502,1.888,0,0
MFO_PB,D,20180116,000000,1.9069,1.9447,1.9069,1.9447,0,0
MFO_PB,D,20180117,000000,1.9918,1.9918,1.9353,1.9918,0,0
MFO_PB,D,20180118,000000,1.9447,1.9636,1.8975,1.9636,0,0
MFO_PB,D,20180119,000000,1.9918,1.9918,1.9918,1.9918,0,0
MFO_PB,D,20180122,000000,1.9447,1.9447,1.8786,1.9353,0,0
MFO_PB,D,20180123,000000,1.9353,1.9353,1.8691,1.9258,0,0
MFO_PB,D,20180124,000000,1.9258,1.9258,1.9258,1.9258,0,0
MFO_PB,D,20180125,000000,1.9258,1.9258,1.8502,1.8502,0,0
MFO_PB,D,20180126,000000,1.8691,1.9069,1.8125,1.8975,0,0
MFO_PB,D,20180129,000000,1.8975,1.9164,1.8975,1.9164,0,0
MFO_PB,D,20180130,000000,1.9164,1.9164,1.9164,1.9164,0,0
MFO_PB,D,20180131,000000,1.9164,1.9164,1.9164,1.9164,0,0
MFO_PB,D,20180201,000000,1.9164,1.9164,1.8975,1.8975,0,0
MFO_PB,D,20180202,000000,1.9069,1.9069,1.8031,1.8502,0,0
MFO_PB,D,20180205,000000,1.8125,1.8409,1.8125,1.8409,0,0
MFO_PB,D,20180206,000000,1.7559,1.8314,1.7464,1.8314,0,0
MFO_PB,D,20180207,000000,1.8786,1.8786,1.8409,1.8786,0,0
MFO_PB,D,20180208,000000,1.8786,1.8786,1.8786,1.8786,0,0
MFO_PB,D,20180209,000000,1.8125,1.8786,1.8125,1.8597,0,0
MFO_PB,D,20180212,000000,1.8691,1.8691,1.8125,1.8125,0,0
MFO_PB,D,20180213,000000,1.8597,1.8597,1.8597,1.8597,0,0
MFO_PB,D,20180214,000000,1.8409,1.888,1.8409,1.888,0,0
MFO_PB,D,20180215,000000,1.8975,1.9069,1.888,1.8975,0,0
MFO_PB,D,20180216,000000,1.973,1.973,1.8502,1.8502,0,0
MFO_PB,D,20180219,000000,1.9069,1.9069,1.9069,1.9069,0,0
MFO_PB,D,20180220,000000,1.9447,1.9447,1.9069,1.9069,0,0
MFO_PB,D,20180221,000000,1.973,1.973,1.9069,1.9164,0,0
MFO_PB,D,20180222,000000,1.9636,1.9636,1.888,1.9069,0,0
MFO_PB,D,20180223,000000,1.9069,1.9069,1.9069,1.9069,0,0
MFO_PB,D,20180226,000000,1.9069,1.9069,1.8975,1.9069,0,0
MFO_PB,D,20180227,000000,1.9069,1.9069,1.9069,1.9069,0,0
MFO_PB,D,20180228,000000,1.9069,1.9069,1.8502,1.8597,0,0
MFO_PB,D,20180301,000000,1.8975,1.8975,1.8975,1.8975,0,0
MFO_PB,D,20180302,000000,1.8975,1.8975,1.8314,1.888,0,0
MFO_PB,D,20180305,000000,1.888,1.888,1.8314,1.8691,0,0
MFO_PB,D,20180306,000000,1.888,1.888,1.8691,1.888,0,0
MFO_PB,D,20180307,000000,1.8597,1.888,1.7559,1.8031,0,0
MFO_PB,D,20180308,000000,1.7842,1.8031,1.7842,1.7842,0,0
MFO_PB,D,20180309,000000,1.7653,1.7748,1.7653,1.7748,0,0
MFO_PB,D,20180312,000000,1.7748,1.7748,1.7748,1.7748,0,0
MFO_PB,D,20180313,000000,1.7653,1.7842,1.7653,1.7842,0,0
MFO_PB,D,20180314,000000,1.8502,1.8502,1.737,1.737,0,0
MFO_PB,D,20180315,000000,1.7181,1.7464,1.7181,1.7464,0,0
MFO_PB,D,20180316,000000,1.7842,1.7936,1.7842,1.7936,0,0
MFO_PB,D,20180319,000000,1.8031,1.8031,1.7275,1.7275,0,0
MFO_PB,D,20180320,000000,1.7275,1.7748,1.7275,1.7748,0,0
MFO_PB,D,20180321,000000,1.8031,1.8031,1.8031,1.8031,0,0
MFO_PB,D,20180322,000000,1.822,1.8502,1.8125,1.8502,0,0
MFO_PB,D,20180323,000000,1.8314,1.8502,1.7748,1.8314,0,0
MFO_PB,D,20180326,000000,1.8314,1.8314,1.8314,1.8314,0,0
MFO_PB,D,20180327,000000,1.8314,1.8314,1.8031,1.822,0,0
MFO_PB,D,20180328,000000,1.8314,1.8314,1.7464,1.8031,0,0
MFO_PB,D,20180329,000000,1.7464,1.7464,1.6804,1.6804,0,0
MFO_PB,D,20180403,000000,1.737,1.737,1.6804,1.6804,0,0
MFO_PB,D,20180404,000000,1.737,1.737,1.6331,1.6331,0,0
MFO_PB,D,20180405,000000,1.6426,1.6898,1.6426,1.6898,0,0
MFO_PB,D,20180406,000000,1.737,1.737,1.6615,1.6804,0,0
MFO_PB,D,20180409,000000,1.737,1.737,1.6898,1.6898,0,0
MFO_PB,D,20180410,000000,1.6898,1.7559,1.6898,1.7464,0,0
MFO_PB,D,20180411,000000,1.7559,1.7559,1.6709,1.6804,0,0
MFO_PB,D,20180412,000000,1.6804,1.6804,1.6804,1.6804,0,0
MFO_PB,D,20180413,000000,1.6804,1.7842,1.6804,1.7842,0,0
MFO_PB,D,20180416,000000,1.7559,1.7842,1.7559,1.7842,0,0
MFO_PB,D,20180417,000000,1.7842,1.7842,1.7464,1.7559,0,0
MFO_PB,D,20180418,000000,1.7559,1.7559,1.6898,1.737,0,0
MFO_PB,D,20180419,000000,1.737,1.7464,1.652,1.7464,0,0
MFO_PB,D,20180420,000000,1.7464,1.7464,1.652,1.6804,0,0
MFO_PB,D,20180423,000000,1.6804,1.6804,1.6237,1.6804,0,0
MFO_PB,D,20180424,000000,1.6804,1.6804,1.5293,1.6426,0,0
MFO_PB,D,20180425,000000,1.6426,1.6426,1.6143,1.6143,0,0
MFO_PB,D,20180426,000000,1.6143,1.6143,1.6143,1.6143,0,0
MFO_PB,D,20180427,000000,1.6143,1.6143,1.6143,1.6143,0,0
MFO_PB,D,20180430,000000,1.6143,1.6143,1.6048,1.6143,0,0
MFO_PB,D,20180502,000000,1.6709,1.6709,1.5954,1.5954,0,0
MFO_PB,D,20180504,000000,1.5954,1.5954,1.5482,1.5954,0,0
MFO_PB,D,20180507,000000,1.5293,1.7559,1.5199,1.7464,0,0
MFO_PB,D,20180508,000000,1.7464,1.7559,1.7464,1.7559,0,0
MFO_PB,D,20180509,000000,1.7559,1.7559,1.737,1.7464,0,0
MFO_PB,D,20180510,000000,1.7464,1.7842,1.7464,1.7559,0,0
MFO_PB,D,20180511,000000,1.822,1.822,1.7559,1.7559,0,0
MFO_PB,D,20180514,000000,1.7275,1.7842,1.7275,1.7653,0,0
MFO_PB,D,20180515,000000,1.8125,1.8125,1.7559,1.8125,0,0
MFO_PB,D,20180516,000000,1.8125,1.8125,1.8125,1.8125,0,0
MFO_PB,D,20180517,000000,1.7842,1.7842,1.7653,1.7842,0,0
MFO_PB,D,20180518,000000,1.7842,1.7842,1.652,1.6804,0,0
MFO_PB,D,20180521,000000,1.737,1.7748,1.6804,1.7748,0,0
MFO_PB,D,20180522,000000,1.7842,1.7842,1.7842,1.7842,0,0
MFO_PB,D,20180523,000000,1.7275,1.8031,1.6331,1.6331,0,0
MFO_PB,D,20180524,000000,1.6237,1.6331,1.6237,1.6331,0,0
MFO_PB,D,20180525,000000,1.6331,1.6331,1.6331,1.6331,0,0
MFO_PB,D,20180528,000000,1.6331,1.6331,1.6143,1.6331,0,0
MFO_PB,D,20180529,000000,1.6331,1.6331,1.6331,1.6331,0,0
MFO_PB,D,20180530,000000,1.6331,1.6331,1.5388,1.5671,0,0
MFO_PB,D,20180601,000000,1.5765,1.5765,1.5293,1.5293,0,0
MFO_PB,D,20180604,000000,1.501,1.5388,1.501,1.5388,0,0
MFO_PB,D,20180605,000000,1.5388,1.5388,1.5388,1.5388,0,0
MFO_PB,D,20180606,000000,1.5577,1.6331,1.5199,1.6237,0,0
MFO_PB,D,20180607,000000,1.6237,1.6237,1.5388,1.5577,0,0
MFO_PB,D,20180608,000000,1.6143,1.6143,1.5577,1.5577,0,0
MFO_PB,D,20180611,000000,1.5577,1.5577,1.5577,1.5577,0,0
MFO_PB,D,20180612,000000,1.5104,1.5482,1.501,1.5482,0,0
MFO_PB,D,20180613,000000,1.5199,1.5293,1.5199,1.5293,0,0
MFO_PB,D,20180614,000000,1.5293,1.5293,1.5293,1.5293,0,0
MFO_PB,D,20180615,000000,1.5293,1.5293,1.5199,1.5199,0,0
MFO_PB,D,20180618,000000,1.5293,1.5293,1.5293,1.5293,0,0
MFO_PB,D,20180619,000000,1.5293,1.5293,1.4443,1.4443,0,0
MFO_PB,D,20180620,000000,1.4749,1.5231,1.4652,1.5231,0,0
MFO_PB,D,20180621,000000,1.5134,1.5134,1.4749,1.4749,0,0
MFO_PB,D,20180622,000000,1.4363,1.4749,1.4267,1.4749,0,0
MFO_PB,D,20180625,000000,1.4556,1.4556,1.417,1.4459,0,0
MFO_PB,D,20180626,000000,1.417,1.4459,1.417,1.4459,0,0
MFO_PB,D,20180627,000000,1.4459,1.4459,1.4459,1.4459,0,0
MFO_PB,D,20180628,000000,1.4267,1.4363,1.3977,1.4363,0,0
MFO_PB,D,20180629,000000,1.4749,1.4749,1.4749,1.4749,0,0
MFO_PB,D,20180702,000000,1.4749,1.4749,1.417,1.4652,0,0
MFO_PB,D,20180703,000000,1.4749,1.4749,1.4749,1.4749,0,0
MFO_PB,D,20180704,000000,1.4749,1.4749,1.4749,1.4749,0,0
MFO_PB,D,20180705,000000,1.4749,1.4749,1.4267,1.4749,0,0
MFO_PB,D,20180706,000000,1.4749,1.4749,1.4363,1.4749,0,0
MFO_PB,D,20180709,000000,1.4749,1.4749,1.4749,1.4749,0,0
MFO_PB,D,20180710,000000,1.4749,1.4749,1.417,1.4459,0,0
MFO_PB,D,20180711,000000,1.4749,1.4749,1.3977,1.417,0,0
MFO_PB,D,20180712,000000,1.417,1.417,1.3592,1.3881,0,0
MFO_PB,D,20180713,000000,1.4749,1.4749,1.3303,1.417,0,0
MFO_PB,D,20180716,000000,1.4749,1.4749,1.3592,1.3881,0,0
MFO_PB,D,20180717,000000,1.3881,1.3881,1.3495,1.3495,0,0
MFO_PB,D,20180718,000000,1.3592,1.3688,1.2821,1.3592,0,0
MFO_PB,D,20180719,000000,1.3303,1.3785,1.3303,1.3785,0,0
MFO_PB,D,20180720,000000,1.3785,1.3785,1.3785,1.3785,0,0
MFO_PB,D,20180723,000000,1.3785,1.3785,1.3688,1.3688,0,0
MFO_PB,D,20180724,000000,1.3785,1.3785,1.3688,1.3688,0,0
MFO_PB,D,20180725,000000,1.3688,1.3688,1.3688,1.3688,0,0
MFO_PB,D,20180726,000000,1.3785,1.3785,1.3785,1.3785,0,0
MFO_PB,D,20180727,000000,1.3688,1.3785,1.3592,1.3688,0,0
MFO_PB,D,20180730,000000,1.3303,1.3688,1.2917,1.3303,0,0
MFO_PB,D,20180731,000000,1.3592,1.3592,1.2628,1.3495,0,0
MFO_PB,D,20180801,000000,1.3206,1.3592,1.3206,1.3495,0,0
MFO_PB,D,20180802,000000,1.3592,1.3592,1.3399,1.3592,0,0
MFO_PB,D,20180803,000000,1.3688,1.3688,1.3206,1.3399,0,0
MFO_PB,D,20180806,000000,1.3399,1.3399,1.3399,1.3399,0,0
MFO_PB,D,20180807,000000,1.3399,1.3399,1.3206,1.3399,0,0
MFO_PB,D,20180808,000000,1.3399,1.417,1.3303,1.417,0,0
MFO_PB,D,20180809,000000,1.4459,1.4749,1.4267,1.4749,0,0
MFO_PB,D,20180810,000000,1.4749,1.4749,1.417,1.417,0,0
MFO_PB,D,20180813,000000,1.4556,1.4556,1.417,1.4556,0,0
MFO_PB,D,20180814,000000,1.4556,1.4749,1.4267,1.4749,0,0
MFO_PB,D,20180816,000000,1.4749,1.4749,1.4267,1.4267,0,0
MFO_PB,D,20180817,000000,1.4749,1.4749,1.4749,1.4749,0,0
MFO_PB,D,20180820,000000,1.4749,1.4749,1.4749,1.4749,0,0
MFO_PB,D,20180821,000000,1.4749,1.4749,1.4749,1.4749,0,0
MFO_PB,D,20180822,000000,1.4749,1.4749,1.4749,1.4749,0,0
MFO_PB,D,20180823,000000,1.4749,1.4749,1.4749,1.4749,0,0
MFO_PB,D,20180824,000000,1.4749,1.4749,1.4749,1.4749,0,0
MFO_PB,D,20180827,000000,1.4749,1.6195,1.4749,1.552,0,0
MFO_PB,D,20180828,000000,1.552,1.7062,1.552,1.6195,0,0
MFO_PB,D,20180829,000000,1.6677,1.6677,1.5231,1.5327,0,0
MFO_PB,D,20180830,000000,1.6195,1.6195,1.5134,1.552,0,0
MFO_PB,D,20180831,000000,1.5713,1.6098,1.5231,1.6098,0,0
MFO_PB,D,20180903,000000,1.6484,1.6484,1.5905,1.5905,0,0
MFO_PB,D,20180904,000000,1.6195,1.6195,1.5423,1.5905,0,0
MFO_PB,D,20180905,000000,1.6195,1.6195,1.4941,1.5423,0,0
MFO_PB,D,20180906,000000,1.6195,1.6195,1.5231,1.5231,0,0
MFO_PB,D,20180907,000000,1.6195,1.6195,1.4749,1.4749,0,0
MFO_PB,D,20180910,000000,1.4941,1.4941,1.4941,1.4941,0,0
MFO_PB,D,20180912,000000,1.5713,1.5713,1.417,1.4363,0,0
MFO_PB,D,20180913,000000,1.4074,1.4363,1.4074,1.417,0,0
MFO_PB,D,20180914,000000,1.4074,1.4267,1.3881,1.3881,0,0
MFO_PB,D,20180917,000000,1.4556,1.4556,1.3881,1.3881,0,0
MFO_PB,D,20180918,000000,1.4556,1.4556,1.4267,1.4267,0,0
MFO_PB,D,20180919,000000,1.4267,1.4363,1.3592,1.3592,0,0
MFO_PB,D,20180920,000000,1.3592,1.3592,1.3206,1.3592,0,0
MFO_PB,D,20180921,000000,1.3399,1.3399,1.3206,1.3399,0,0
MFO_PB,D,20180924,000000,1.3399,1.3399,1.3206,1.3303,0,0
MFO_PB,D,20180925,000000,1.3303,1.3303,1.3303,1.3303,0,0
MFO_PB,D,20180926,000000,1.3303,1.3303,1.2628,1.3206,0,0
MFO_PB,D,20180927,000000,1.3688,1.3688,1.2724,1.2917,0,0
MFO_PB,D,20180928,000000,1.3206,1.3399,1.2917,1.3399,0,0
MFO_PB,D,20181001,000000,1.3592,1.3592,1.311,1.311,0,0
MFO_PB,D,20181002,000000,1.3495,1.3495,1.3495,1.3495,0,0
MFO_PB,D,20181003,000000,1.3399,1.3688,1.3014,1.3014,0,0
MFO_PB,D,20181004,000000,1.311,1.3303,1.3014,1.3303,0,0
MFO_PB,D,20181005,000000,1.3303,1.3495,1.3303,1.3495,0,0
MFO_PB,D,20181008,000000,1.3495,1.3495,1.3206,1.3495,0,0
MFO_PB,D,20181009,000000,1.3495,1.3495,1.3495,1.3495,0,0
MFO_PB,D,20181010,000000,1.3495,1.3688,1.3495,1.3688,0,0
MFO_PB,D,20181011,000000,1.3592,1.3592,1.3592,1.3592,0,0
MFO_PB,D,20181012,000000,1.3592,1.3592,1.3206,1.3592,0,0
MFO_PB,D,20181015,000000,1.3592,1.3592,1.3303,1.3592,0,0
MFO_PB,D,20181016,000000,1.3592,1.3592,1.3303,1.3592,0,0
MFO_PB,D,20181017,000000,1.3592,1.3592,1.3495,1.3495,0,0
MFO_PB,D,20181018,000000,1.3014,1.3399,1.3014,1.3399,0,0
MFO_PB,D,20181019,000000,1.3495,1.3592,1.3495,1.3592,0,0
MFO_PB,D,20181022,000000,1.3592,1.3592,1.3592,1.3592,0,0
MFO_PB,D,20181023,000000,1.3592,1.3592,1.3592,1.3592,0,0
MFO_PB,D,20181024,000000,1.3592,1.3592,1.3592,1.3592,0,0
MFO_PB,D,20181025,000000,1.3592,1.3592,1.3206,1.3206,0,0
MFO_PB,D,20181026,000000,1.3495,1.3495,1.2917,1.3206,0,0
MFO_PB,D,20181029,000000,1.3399,1.3399,1.2821,1.311,0,0
MFO_PB,D,20181030,000000,1.3303,1.3303,1.2917,1.2917,0,0
MFO_PB,D,20181031,000000,1.3014,1.311,1.2917,1.311,0,0
MFO_PB,D,20181102,000000,1.3399,1.3399,1.2724,1.311,0,0
MFO_PB,D,20181105,000000,1.3399,1.3399,1.2724,1.311,0,0
MFO_PB,D,20181106,000000,1.3399,1.3399,1.2435,1.2435,0,0
MFO_PB,D,20181107,000000,1.2435,1.2435,1.2242,1.2242,0,0
MFO_PB,D,20181108,000000,1.2435,1.2435,1.1664,1.1857,0,0
MFO_PB,D,20181109,000000,1.176,1.176,1.07,1.1278,0,0
MFO_PB,D,20181113,000000,1.1182,1.1182,1.0507,1.07,0,0
MFO_PB,D,20181114,000000,1.07,1.07,1.0025,1.0025,0,0
MFO_PB,D,20181115,000000,1.0507,1.1086,1.0507,1.1086,0,0
MFO_PB,D,20181116,000000,1.1086,1.2339,1.1086,1.2339,0,0
MFO_PB,D,20181119,000000,1.2339,1.2339,1.1857,1.1857,0,0
MFO_PB,D,20181120,000000,1.2435,1.2435,1.1375,1.1568,0,0
MFO_PB,D,20181121,000000,1.1568,1.1568,1.1278,1.1471,0,0
MFO_PB,D,20181122,000000,1.1471,1.1471,1.0796,1.0893,0,0
MFO_PB,D,20181123,000000,1.0893,1.0893,1.0893,1.0893,0,0
MFO_PB,D,20181126,000000,1.0893,1.0893,1.0218,1.0411,0,0
MFO_PB,D,20181127,000000,1.0411,1.0411,1.0411,1.0411,0,0
MFO_PB,D,20181128,000000,1.0411,1.0411,1.0122,1.0122,0,0
MFO_PB,D,20181129,000000,1.0122,1.0122,0.9832,0.9832,0,0
MFO_PB,D,20181130,000000,0.9929,0.9929,0.9543,0.9929,0,0
MFO_PB,D,20181203,000000,1.0314,1.0314,0.9543,0.9543,0,0
MFO_PB,D,20181204,000000,0.9543,0.9832,0.9254,0.964,0,0
MFO_PB,D,20181205,000000,0.9736,0.9736,0.9447,0.9447,0,0
MFO_PB,D,20181206,000000,0.9832,0.9832,0.9061,0.9254,0,0
MFO_PB,D,20181207,000000,0.9254,0.9254,0.9254,0.9254,0,0
MFO_PB,D,20181210,000000,0.9254,0.9254,0.9061,0.9254,0,0
MFO_PB,D,20181211,000000,0.9254,0.9929,0.9254,0.9929,0,0
MFO_PB,D,20181212,000000,1.0314,1.0796,1.0025,1.0796,0,0
MFO_PB,D,20181213,000000,1.0893,1.1471,0.9929,0.9929,0,0
MFO_PB,D,20181214,000000,1.0411,1.0411,1.0025,1.0411,0,0
MFO_PB,D,20181217,000000,1.0604,1.1278,1.0314,1.1278,0,0
MFO_PB,D,20181218,000000,1.1182,1.1182,1.0796,1.0796,0,0
MFO_PB,D,20181219,000000,1.1182,1.1182,1.0507,1.0893,0,0
MFO_PB,D,20181220,000000,1.1182,1.1182,1.1182,1.1182,0,0
MFO_PB,D,20181221,000000,1.1182,1.1182,1.1182,1.1182,0,0
MFO_PB,D,20181227,000000,1.1182,1.1182,1.0507,1.0893,0,0
MFO_PB,D,20181228,000000,1.1278,1.1278,1.0218,1.1182,0,0
MFO_PB,D,20190102,000000,1.1375,1.1375,1.1086,1.1086,0,0
MFO_PB,D,20190103,000000,1.1182,1.1182,1.0507,1.0507,0,0
MFO_PB,D,20190104,000000,1.0893,1.0893,1.0507,1.0604,0,0
MFO_PB,D,20190107,000000,1.0893,1.0893,1.0507,1.0893,0,0
MFO_PB,D,20190108,000000,1.0796,1.0796,1.0796,1.0796,0,0
MFO_PB,D,20190109,000000,1.0796,1.0796,1.07,1.07,0,0
MFO_PB,D,20190110,000000,1.07,1.07,1.0411,1.07,0,0
MFO_PB,D,20190111,000000,1.1086,1.1086,1.0314,1.07,0,0
MFO_PB,D,20190114,000000,1.0411,1.0796,1.0411,1.0796,0,0
MFO_PB,D,20190115,000000,1.0989,1.0989,1.0411,1.07,0,0
MFO_PB,D,20190116,000000,1.0989,1.1375,1.0507,1.1182,0,0
MFO_PB,D,20190117,000000,1.1664,1.1664,1.1182,1.1182,0,0
MFO_PB,D,20190118,000000,1.1375,1.1375,1.0893,1.1375,0,0
MFO_PB,D,20190121,000000,1.1375,1.1375,1.1375,1.1375,0,0
MFO_PB,D,20190122,000000,1.1375,1.1375,1.1278,1.1278,0,0
MFO_PB,D,20190123,000000,1.1278,1.1278,1.0989,1.1182,0,0
MFO_PB,D,20190124,000000,1.1182,1.1182,1.0893,1.0893,0,0
MFO_PB,D,20190125,000000,1.0893,1.1278,1.0411,1.1278,0,0
MFO_PB,D,20190128,000000,1.1375,1.1375,1.1375,1.1375,0,0
MFO_PB,D,20190129,000000,1.1375,1.1375,1.1375,1.1375,0,0
MFO_PB,D,20190130,000000,1.1375,1.1375,1.1375,1.1375,0,0
MFO_PB,D,20190131,000000,1.1664,1.176,1.1664,1.176,0,0
MFO_PB,D,20190201,000000,1.176,1.176,1.176,1.176,0,0
MFO_PB,D,20190204,000000,1.176,1.176,1.176,1.176,0,0
MFO_PB,D,20190205,000000,1.176,1.176,1.176,1.176,0,0
MFO_PB,D,20190206,000000,1.176,1.176,1.176,1.176,0,0
MFO_PB,D,20190207,000000,1.176,1.176,1.1375,1.1664,0,0
MFO_PB,D,20190208,000000,1.1664,1.1664,1.1182,1.1375,0,0
MFO_PB,D,20190211,000000,1.1664,1.1664,1.0893,1.1568,0,0
MFO_PB,D,20190212,000000,1.1568,1.1568,1.1375,1.1375,0,0
MFO_PB,D,20190213,000000,1.1375,1.1375,1.1375,1.1375,0,0
MFO_PB,D,20190214,000000,1.1375,1.1375,1.1375,1.1375,0,0
MFO_PB,D,20190215,000000,1.1375,1.1375,1.1375,1.1375,0,0
MFO_PB,D,20190218,000000,1.1375,1.1375,1.0893,1.1375,0,0
MFO_PB,D,20190219,000000,1.1278,1.1278,1.0893,1.0989,0,0
MFO_PB,D,20190220,000000,1.1086,1.1086,1.07,1.07,0,0
MFO_PB,D,20190221,000000,1.07,1.0893,1.07,1.0893,0,0
MFO_PB,D,20190222,000000,1.1375,1.1375,1.1375,1.1375,0,0
MFO_PB,D,20190225,000000,1.1375,1.1375,1.0893,1.0893,0,0
MFO_PB,D,20190226,000000,1.1375,1.1375,1.1375,1.1375,0,0
MFO_PB,D,20190227,000000,1.1375,1.1375,1.1375,1.1375,0,0
MFO_PB,D,20190228,000000,1.1375,1.1375,1.1375,1.1375,0,0
MFO_PB,D,20190301,000000,1.1664,1.1664,1.1664,1.1664,0,0
MFO_PB,D,20190304,000000,1.1568,1.1568,1.1568,1.1568,0,0
MFO_PB,D,20190305,000000,1.1664,1.1664,1.1664,1.1664,0,0
MFO_PB,D,20190306,000000,1.1278,1.1278,1.07,1.0989,0,0
MFO_PB,D,20190307,000000,1.0989,1.0989,1.0507,1.0507,0,0
MFO_PB,D,20190308,000000,1.0796,1.0796,1.0604,1.0604,0,0
MFO_PB,D,20190311,000000,1.0893,1.0893,1.0893,1.0893,0,0
MFO_PB,D,20190312,000000,1.0893,1.0893,1.0893,1.0893,0,0
MFO_PB,D,20190313,000000,1.0893,1.0893,1.0507,1.0507,0,0
MFO_PB,D,20190314,000000,1.0893,1.0893,1.0893,1.0893,0,0
MFO_PB,D,20190315,000000,1.0796,1.0796,1.0796,1.0796,0,0
MFO_PB,D,20190318,000000,1.0796,1.0796,1.07,1.07,0,0
MFO_PB,D,20190319,000000,1.0796,1.1857,1.0604,1.176,0,0
MFO_PB,D,20190320,000000,1.1857,1.1857,1.1278,1.1278,0,0
MFO_PB,D,20190321,000000,1.176,1.205,1.176,1.205,0,0
MFO_PB,D,20190322,000000,1.205,1.205,1.1375,1.1375,0,0
MFO_PB,D,20190325,000000,1.1375,1.1375,1.1375,1.1375,0,0
MFO_PB,D,20190326,000000,1.1568,1.1568,1.1568,1.1568,0,0
MFO_PB,D,20190327,000000,1.1664,1.1664,1.1664,1.1664,0,0
MFO_PB,D,20190328,000000,1.1664,1.2339,1.1664,1.176,0,0
MFO_PB,D,20190329,000000,1.1857,1.1857,1.1278,1.1375,0,0
MFO_PB,D,20190401,000000,1.1375,1.1375,1.1375,1.1375,0,0
MFO_PB,D,20190402,000000,1.1375,1.1375,1.0989,1.1375,0,0
MFO_PB,D,20190403,000000,1.1471,1.1471,1.1471,1.1471,0,0
MFO_PB,D,20190404,000000,1.1471,1.1471,1.1471,1.1471,0,0
MFO_PB,D,20190405,000000,1.1568,1.1568,1.1568,1.1568,0,0
MFO_PB,D,20190408,000000,1.1568,1.1568,1.1568,1.1568,0,0
MFO_PB,D,20190409,000000,1.1664,1.1664,1.0989,1.0989,0,0
MFO_PB,D,20190410,000000,1.0989,1.1664,1.0989,1.1568,0,0
MFO_PB,D,20190411,000000,1.1664,1.1664,1.1664,1.1664,0,0
MFO_PB,D,20190412,000000,1.1664,1.1664,1.1664,1.1664,0,0
MFO_PB,D,20190415,000000,1.176,1.176,1.176,1.176,0,0
MFO_PB,D,20190416,000000,1.1664,1.1664,1.1664,1.1664,0,0
MFO_PB,D,20190417,000000,1.176,1.176,1.176,1.176,0,0
MFO_PB,D,20190418,000000,1.1664,1.1664,1.1375,1.1375,0,0
MFO_PB,D,20190423,000000,1.176,1.176,1.176,1.176,0,0
MFO_PB,D,20190424,000000,1.176,1.176,1.1278,1.1278,0,0
MFO_PB,D,20190425,000000,1.1568,1.1568,1.1278,1.1278,0,0
MFO_PB,D,20190426,000000,1.1568,1.1568,1.1278,1.1278,0,0
MFO_PB,D,20190429,000000,1.0989,1.0989,1.0989,1.0989,0,0
MFO_PB,D,20190430,000000,1.1568,1.1568,1.1278,1.1278,0,0
MFO_PB,D,20190502,000000,1.1568,1.1568,1.0796,1.0893,0,0
MFO_PB,D,20190506,000000,1.1278,1.1278,1.0989,1.0989,0,0
MFO_PB,D,20190507,000000,1.1182,1.1182,1.07,1.07,0,0
MFO_PB,D,20190508,000000,1.07,1.07,1.0604,1.0604,0,0
MFO_PB,D,20190509,000000,1.07,1.07,1.0411,1.0411,0,0
MFO_PB,D,20190510,000000,1.0411,1.0411,1.0411,1.0411,0,0
MFO_PB,D,20190513,000000,1.07,1.07,1.0314,1.0314,0,0
MFO_PB,D,20190514,000000,1.0507,1.0507,1.0314,1.0314,0,0
MFO_PB,D,20190515,000000,1.0507,1.0507,0.9736,0.9832,0,0
MFO_PB,D,20190516,000000,0.9832,0.9832,0.9254,0.9736,0,0
MFO_PB,D,20190517,000000,0.9736,0.9736,0.9447,0.9447,0,0
MFO_PB,D,20190520,000000,0.9543,0.9832,0.9158,0.9158,0,0
MFO_PB,D,20190521,000000,0.9158,0.9543,0.9158,0.9254,0,0
MFO_PB,D,20190522,000000,0.9447,0.9543,0.935,0.935,0,0
MFO_PB,D,20190523,000000,0.9543,0.964,0.9447,0.964,0,0
MFO_PB,D,20190524,000000,0.964,0.964,0.9061,0.9061,0,0
MFO_PB,D,20190527,000000,0.8965,0.8965,0.8965,0.8965,0,0
MFO_PB,D,20190528,000000,0.8965,0.9061,0.8868,0.9061,0,0
MFO_PB,D,20190529,000000,0.8965,0.9832,0.8965,0.9061,0,0
MFO_PB,D,20190530,000000,0.8965,0.9929,0.8965,0.9929,0,0
MFO_PB,D,20190531,000000,0.9929,0.9929,0.9929,0.9929,0,0
MFO_PB,D,20190603,000000,0.9832,0.9929,0.964,0.964,0,0
MFO_PB,D,20190604,000000,0.9929,0.9929,0.9447,0.9447,0,0
MFO_PB,D,20190605,000000,0.964,0.964,0.8965,0.9158,0,0
MFO_PB,D,20190606,000000,0.9158,0.9158,0.9158,0.9158,0,0
MFO_PB,D,20190607,000000,0.9736,0.9736,0.9158,0.9447,0,0
MFO_PB,D,20190610,000000,0.964,0.964,0.935,0.935,0,0
MFO_PB,D,20190611,000000,0.964,0.964,0.964,0.964,0,0
MFO_PB,D,20190612,000000,0.964,0.964,0.9254,0.9447,0,0
MFO_PB,D,20190613,000000,0.964,0.964,0.964,0.964,0,0
MFO_PB,D,20190614,000000,0.964,0.964,0.964,0.964,0,0
MFO_PB,D,20190617,000000,0.9447,0.9447,0.9158,0.935,0,0
MFO_PB,D,20190618,000000,0.9543,0.9543,0.9447,0.9543,0,0
MFO_PB,D,20190619,000000,0.98,0.98,0.95,0.95,0,0
MFO_PB,D,20190621,000000,0.95,0.95,0.95,0.95,0,0
MFO_PB,D,20190624,000000,0.98,0.98,0.98,0.98,0,0
MFO_PB,D,20190625,000000,0.97,0.97,0.95,0.95,0,0
MFO_PB,D,20190626,000000,0.98,0.98,0.93,0.97,0,0
MFO_PB,D,20190627,000000,0.98,0.98,0.98,0.98,0,0
MFO_PB,D,20190628,000000,0.98,0.99,0.98,0.99,0,0
MFO_PB,D,20190701,000000,1.03,1.03,0.98,0.98,0,0
MFO_PB,D,20190702,000000,1.02,1.02,1.02,1.02,0,0
MFO_PB,D,20190703,000000,0.98,0.98,0.98,0.98,0,0
MFO_PB,D,20190704,000000,0.98,0.98,0.98,0.98,0,0
MFO_PB,D,20190705,000000,0.98,0.98,0.94,0.94,0,0
MFO_PB,D,20190708,000000,0.97,0.97,0.97,0.97,0,0
MFO_PB,D,20190709,000000,0.98,0.98,0.98,0.98,0,0
MFO_PB,D,20190710,000000,0.97,0.97,0.97,0.97,0,0
MFO_PB,D,20190711,000000,0.97,0.97,0.92,0.97,0,0
MFO_PB,D,20190712,000000,0.97,0.97,0.97,0.97,0,0
MFO_PB,D,20190715,000000,0.97,0.97,0.97,0.97,0,0
MFO_PB,D,20190716,000000,0.97,0.97,0.95,0.95,0,0
MFO_PB,D,20190717,000000,0.97,0.97,0.94,0.95,0,0
MFO_PB,D,20190718,000000,0.97,0.98,0.93,0.98,0,0
MFO_PB,D,20190719,000000,0.98,0.98,0.98,0.98,0,0
MFO_PB,D,20190722,000000,0.98,0.98,0.98,0.98,0,0
MFO_PB,D,20190723,000000,0.98,0.98,0.93,0.97,0,0
MFO_PB,D,20190724,000000,0.98,0.98,0.92,0.92,0,0
MFO_PB,D,20190725,000000,0.97,0.97,0.96,0.96,0,0
MFO_PB,D,20190726,000000,0.96,0.96,0.93,0.93,0,0
MFO_PB,D,20190729,000000,0.96,0.96,0.93,0.93,0,0
MFO_PB,D,20190730,000000,0.96,0.96,0.96,0.96,0,0
MFO_PB,D,20190731,000000,0.96,0.96,0.91,0.93,0,0
MFO_PB,D,20190801,000000,0.97,0.97,0.88,0.88,0,0
MFO_PB,D,20190802,000000,0.88,0.88,0.85,0.87,0,0
MFO_PB,D,20190805,000000,0.87,0.87,0.8,0.83,0,0
MFO_PB,D,20190806,000000,0.84,0.84,0.8,0.83,0,0
MFO_PB,D,20190807,000000,0.87,0.87,0.83,0.86,0,0
MFO_PB,D,20190808,000000,0.87,0.87,0.83,0.83,0,0
MFO_PB,D,20190809,000000,0.86,0.86,0.83,0.83,0,0
MFO_PB,D,20190812,000000,0.87,0.87,0.83,0.86,0,0
MFO_PB,D,20190813,000000,0.87,0.87,0.87,0.87,0,0
MFO_PB,D,20190814,000000,0.89,0.9,0.89,0.89,0,0
MFO_PB,D,20190816,000000,0.89,0.89,0.86,0.86,0,0
MFO_PB,D,20190819,000000,0.89,0.89,0.89,0.89,0,0
MFO_PB,D,20190820,000000,0.89,0.89,0.89,0.89,0,0
MFO_PB,D,20190821,000000,0.89,0.89,0.89,0.89,0,0
MFO_PB,D,20190822,000000,0.89,0.89,0.89,0.89,0,0
MFO_PB,D,20190823,000000,0.89,0.89,0.86,0.89,0,0
MFO_PB,D,20190826,000000,0.88,0.88,0.88,0.88,0,0
MFO_PB,D,20190827,000000,0.89,0.89,0.89,0.89,0,0
MFO_PB,D,20190828,000000,0.89,0.89,0.85,0.85,0,0
MFO_PB,D,20190829,000000,0.88,0.88,0.85,0.85,0,0
MFO_PB,D,20190830,000000,0.85,0.88,0.85,0.88,0,0
MFO_PB,D,20190902,000000,0.88,0.88,0.85,0.85,0,0
MFO_PB,D,20190903,000000,0.88,0.88,0.85,0.85,0,0
MFO_PB,D,20190904,000000,0.87,0.87,0.87,0.87,0,0
MFO_PB,D,20190905,000000,0.87,0.87,0.87,0.87,0,0
MFO_PB,D,20190906,000000,0.87,0.87,0.84,0.84,0,0
MFO_PB,D,20190909,000000,0.84,0.87,0.84,0.87,0,0
MFO_PB,D,20190910,000000,0.87,0.87,0.87,0.87,0,0
MFO_PB,D,20190911,000000,0.87,0.87,0.79,0.87,0,0
MFO_PB,D,20190912,000000,0.85,0.87,0.85,0.86,0,0
MFO_PB,D,20190913,000000,0.87,0.87,0.87,0.87,0,0
MFO_PB,D,20190916,000000,0.87,0.87,0.83,0.83,0,0
MFO_PB,D,20190917,000000,0.87,0.87,0.87,0.87,0,0
MFO_PB,D,20190918,000000,0.85,0.85,0.85,0.85,0,0
MFO_PB,D,20190919,000000,0.86,0.86,0.8,0.82,0,0
MFO_PB,D,20190920,000000,0.85,0.85,0.82,0.82,0,0
MFO_PB,D,20190923,000000,0.85,0.85,0.85,0.85,0,0
MFO_PB,D,20190924,000000,0.83,0.88,0.83,0.88,0,0
MFO_PB,D,20190925,000000,0.88,0.88,0.88,0.88,0,0
MFO_PB,D,20190926,000000,0.82,0.82,0.82,0.82,0,0
MFO_PB,D,20190927,000000,0.85,0.85,0.82,0.82,0,0
MFO_PB,D,20190930,000000,0.84,0.84,0.84,0.84,0,0
MFO_PB,D,20191001,000000,0.85,0.85,0.82,0.82,0,0
MFO_PB,D,20191002,000000,0.82,0.82,0.82,0.82,0,0
MFO_PB,D,20191003,000000,0.82,0.82,0.82,0.82,0,0
MFO_PB,D,20191004,000000,0.82,0.82,0.8,0.8,0,0
MFO_PB,D,20191007,000000,0.8,0.8,0.8,0.8,0,0
MFO_PB,D,20191008,000000,0.82,0.82,0.82,0.82,0,0
MFO_PB,D,20191009,000000,0.82,0.82,0.82,0.82,0,0
MFO_PB,D,20191010,000000,0.82,0.82,0.82,0.82,0,0
MFO_PB,D,20191011,000000,0.82,0.82,0.82,0.82,0,0
MFO_PB,D,20191015,000000,0.82,0.82,0.8,0.8,0,0
MFO_PB,D,20191016,000000,0.82,0.82,0.82,0.82,0,0
MFO_PB,D,20191017,000000,0.82,0.82,0.82,0.82,0,0
MFO_PB,D,20191018,000000,0.82,0.82,0.82,0.82,0,0
MFO_PB,D,20191021,000000,0.82,0.88,0.82,0.88,0,0
MFO_PB,D,20191022,000000,0.87,0.88,0.84,0.88,0,0
MFO_PB,D,20191023,000000,0.88,0.94,0.88,0.88,0,0
MFO_PB,D,20191024,000000,0.89,0.89,0.88,0.89,0,0
MFO_PB,D,20191025,000000,0.88,0.88,0.84,0.84,0,0
MFO_PB,D,20191028,000000,0.85,0.88,0.84,0.84,0,0
MFO_PB,D,20191029,000000,0.85,0.85,0.81,0.83,0,0
MFO_PB,D,20191030,000000,0.84,0.84,0.81,0.81,0,0
MFO_PB,D,20191031,000000,0.84,0.84,0.83,0.83,0,0
MFO_PB,D,20191104,000000,0.81,0.87,0.81,0.87,0,0
MFO_PB,D,20191105,000000,0.86,0.86,0.86,0.86,0,0
MFO_PB,D,20191106,000000,0.86,0.86,0.83,0.83,0,0
MFO_PB,D,20191107,000000,0.83,0.85,0.82,0.82,0,0
MFO_PB,D,20191108,000000,0.82,0.85,0.82,0.85,0,0
MFO_PB,D,20191112,000000,0.84,0.84,0.82,0.82,0,0
MFO_PB,D,20191113,000000,0.82,0.82,0.82,0.82,0,0
MFO_PB,D,20191114,000000,0.84,0.84,0.84,0.84,0,0
MFO_PB,D,20191115,000000,0.84,0.84,0.84,0.84,0,0
MFO_PB,D,20191118,000000,0.84,0.84,0.82,0.82,0,0
MFO_PB,D,20191119,000000,0.84,0.84,0.84,0.84,0,0
MFO_PB,D,20191120,000000,0.84,0.84,0.84,0.84,0,0
MFO_PB,D,20191121,000000,0.84,0.84,0.83,0.83,0,0
MFO_PB,D,20191122,000000,0.84,0.84,0.84,0.84,0,0
MFO_PB,D,20191125,000000,0.84,0.84,0.84,0.84,0,0
MFO_PB,D,20191126,000000,0.84,0.86,0.83,0.86,0,0
MFO_PB,D,20191128,000000,0.88,1.04,0.86,0.98,0,0
MFO_PB,D,20191129,000000,0.98,1.05,0.93,0.98,0,0
MFO_PB,D,20191202,000000,0.98,1.04,0.95,1.04,0,0
MFO_PB,D,20191203,000000,1.03,1.03,1,1,0,0
MFO_PB,D,20191204,000000,1.02,1.02,1.01,1.01,0,0
MFO_PB,D,20191205,000000,1.01,1.01,0.98,0.98,0,0
MFO_PB,D,20191206,000000,0.98,1.01,0.98,1.01,0,0
MFO_PB,D,20191209,000000,1.01,1.04,1.01,1.04,0,0
MFO_PB,D,20191210,000000,1.05,1.05,1.04,1.04,0,0
MFO_PB,D,20191211,000000,1.05,1.05,1.02,1.04,0,0
MFO_PB,D,20191212,000000,1.05,1.05,1.01,1.04,0,0
MFO_PB,D,20191213,000000,1.05,1.07,1.01,1.07,0,0
MFO_PB,D,20191216,000000,1.09,1.13,1.06,1.12,0,0
MFO_PB,D,20191217,000000,1.12,1.12,1.09,1.12,0,0
MFO_PB,D,20191218,000000,1.12,1.12,1.07,1.09,0,0
MFO_PB,D,20191219,000000,1.1,1.14,1.1,1.14,0,0
MFO_PB,D,20191220,000000,1.14,1.14,1.09,1.09,0,0
MFO_PB,D,20191223,000000,1.1,1.1,1.06,1.09,0,0
MFO_PB,D,20191227,000000,1.06,1.06,1.04,1.06,0,0
MFO_PB,D,20191230,000000,1.07,1.07,1.06,1.06,0,0
MFO_PB,D,20200102,000000,1.07,1.11,1.07,1.08,0,0
MFO_PB,D,20200103,000000,1.1,1.1,1.09,1.09,0,0
MFO_PB,D,20200107,000000,1.1,1.12,1.1,1.12,0,0
MFO_PB,D,20200108,000000,1.12,1.12,1.12,1.12,0,0
MFO_PB,D,20200109,000000,1.11,1.12,1.1,1.12,0,0
MFO_PB,D,20200110,000000,1.12,1.21,1.12,1.15,0,0
MFO_PB,D,20200113,000000,1.15,1.17,1.11,1.17,0,0
MFO_PB,D,20200114,000000,1.19,1.19,1.17,1.17,0,0
MFO_PB,D,20200115,000000,1.17,1.17,1.15,1.17,0,0
MFO_PB,D,20200116,000000,1.17,1.17,1.17,1.17,0,0
MFO_PB,D,20200117,000000,1.17,1.17,1.12,1.17,0,0
MFO_PB,D,20200120,000000,1.17,1.17,1.13,1.16,0,0
MFO_PB,D,20200121,000000,1.16,1.16,1.16,1.16,0,0
MFO_PB,D,20200122,000000,1.16,1.16,1.12,1.15,0,0
MFO_PB,D,20200123,000000,1.15,1.15,1.12,1.12,0,0
MFO_PB,D,20200124,000000,1.12,1.12,1.11,1.12,0,0
MFO_PB,D,20200127,000000,1.1,1.13,1.08,1.13,0,0
MFO_PB,D,20200128,000000,1.13,1.13,1.12,1.12,0,0
MFO_PB,D,20200129,000000,1.12,1.17,1.12,1.17,0,0
MFO_PB,D,20200130,000000,1.13,1.14,1.13,1.14,0,0
MFO_PB,D,20200131,000000,1.17,1.17,1.13,1.13,0,0
MFO_PB,D,20200203,000000,1.14,1.14,1.14,1.14,0,0
MFO_PB,D,20200204,000000,1.13,1.15,1.12,1.15,0,0
MFO_PB,D,20200205,000000,1.18,1.18,1.15,1.17,0,0
MFO_PB,D,20200206,000000,1.18,1.18,1.14,1.15,0,0
MFO_PB,D,20200207,000000,1.18,1.18,1.17,1.17,0,0
MFO_PB,D,20200210,000000,1.18,1.18,1.15,1.15,0,0
MFO_PB,D,20200211,000000,1.15,1.17,1.15,1.17,0,0
MFO_PB,D,20200212,000000,1.17,1.17,1.16,1.16,0,0
MFO_PB,D,20200213,000000,1.16,1.16,1.14,1.14,0,0
MFO_PB,D,20200214,000000,1.14,1.16,1.14,1.16,0,0
MFO_PB,D,20200217,000000,1.16,1.17,1.16,1.17,0,0
MFO_PB,D,20200218,000000,1.17,1.17,1.17,1.17,0,0
MFO_PB,D,20200219,000000,1.17,1.17,1.14,1.14,0,0
MFO_PB,D,20200220,000000,1.16,1.16,1.15,1.15,0,0
MFO_PB,D,20200221,000000,1.16,1.16,1.16,1.16,0,0
MFO_PB,D,20200224,000000,1.1,1.1,1.07,1.08,0,0
MFO_PB,D,20200225,000000,1.08,1.08,1.02,1.04,0,0
MFO_PB,D,20200226,000000,1.08,1.08,1.01,1.02,0,0
MFO_PB,D,20200227,000000,1.05,1.05,0.92,0.93,0,0
MFO_PB,D,20200228,000000,0.93,0.95,0.91,0.95,0,0
MFO_PB,D,20200302,000000,0.95,0.95,0.89,0.91,0,0
MFO_PB,D,20200303,000000,0.95,1.05,0.9,1.05,0,0
MFO_PB,D,20200304,000000,1.04,1.09,1.02,1.03,0,0
MFO_PB,D,20200305,000000,1.07,1.07,0.93,0.94,0,0
MFO_PB,D,20200306,000000,0.94,0.94,0.9,0.93,0,0
MFO_PB,D,20200309,000000,0.87,0.87,0.79,0.79,0,0
MFO_PB,D,20200310,000000,0.79,0.81,0.79,0.81,0,0
MFO_PB,D,20200311,000000,0.8,0.8,0.68,0.68,0,0
MFO_PB,D,20200312,000000,0.64,0.69,0.6,0.6,0,0
MFO_PB,D,20200313,000000,0.58,0.64,0.53,0.53,0,0
MFO_PB,D,20200316,000000,0.58,0.58,0.52,0.54,0,0
MFO_PB,D,20200317,000000,0.55,0.57,0.55,0.56,0,0
MFO_PB,D,20200318,000000,0.61,0.64,0.6,0.61,0,0
MFO_PB,D,20200319,000000,0.58,0.61,0.57,0.58,0,0
MFO_PB,D,20200320,000000,0.59,0.63,0.58,0.6,0,0
MFO_PB,D,20200323,000000,0.59,0.59,0.53,0.56,0,0
MFO_PB,D,20200324,000000,0.55,0.6,0.55,0.57,0,0
MFO_PB,D,20200325,000000,0.59,0.59,0.55,0.57,0,0
MFO_PB,D,20200326,000000,0.57,0.59,0.53,0.59,0,0
MFO_PB,D,20200327,000000,0.59,0.63,0.59,0.61,0,0
MFO_PB,D,20200330,000000,0.62,0.67,0.6,0.63,0,0
MFO_PB,D,20200331,000000,0.63,0.67,0.6,0.67,0,0
MFO_PB,D,20200401,000000,0.67,0.67,0.66,0.66,0,0
MFO_PB,D,20200402,000000,0.66,0.72,0.66,0.68,0,0
MFO_PB,D,20200403,000000,0.72,0.72,0.64,0.64,0,0
MFO_PB,D,20200406,000000,0.64,0.69,0.64,0.68,0,0
MFO_PB,D,20200407,000000,0.68,0.73,0.66,0.7,0,0
MFO_PB,D,20200408,000000,0.73,0.73,0.68,0.68,0,0
MFO_PB,D,20200409,000000,0.69,0.7,0.69,0.7,0,0
MFO_PB,D,20200414,000000,0.69,0.79,0.69,0.79,0,0
MFO_PB,D,20200415,000000,0.8,0.8,0.75,0.75,0,0
MFO_PB,D,20200416,000000,0.78,0.8,0.75,0.75,0,0
MFO_PB,D,20200417,000000,0.77,0.77,0.77,0.77,0,0
MFO_PB,D,20200420,000000,0.77,0.77,0.74,0.75,0,0
MFO_PB,D,20200421,000000,0.75,0.75,0.68,0.68,0,0
MFO_PB,D,20200422,000000,0.68,0.7,0.68,0.69,0,0
MFO_PB,D,20200423,000000,0.69,0.74,0.69,0.74,0,0
MFO_PB,D,20200424,000000,0.74,0.74,0.74,0.74,0,0
MFO_PB,D,20200427,000000,0.74,0.74,0.71,0.74,0,0
MFO_PB,D,20200428,000000,0.74,0.8,0.74,0.8,0,0
MFO_PB,D,20200429,000000,0.82,0.82,0.75,0.76,0,0
MFO_PB,D,20200430,000000,0.76,0.76,0.72,0.73,0,0
MFO_PB,D,20200504,000000,0.7,0.7,0.69,0.7,0,0
MFO_PB,D,20200505,000000,0.71,0.71,0.71,0.71,0,0
MFO_PB,D,20200506,000000,0.71,0.76,0.71,0.74,0,0
MFO_PB,D,20200507,000000,0.76,0.82,0.76,0.78,0,0
MFO_PB,D,20200508,000000,0.82,0.82,0.78,0.78,0,0
MFO_PB,D,20200511,000000,0.82,0.82,0.78,0.81,0,0
MFO_PB,D,20200512,000000,0.82,0.83,0.81,0.81,0,0
MFO_PB,D,20200513,000000,0.81,0.81,0.8,0.8,0,0
MFO_PB,D,20200514,000000,0.8,0.8,0.74,0.76,0,0
MFO_PB,D,20200515,000000,0.79,0.79,0.79,0.79,0,0
MFO_PB,D,20200518,000000,0.8,0.82,0.8,0.8,0,0
MFO_PB,D,20200519,000000,0.82,0.82,0.77,0.77,0,0
MFO_PB,D,20200520,000000,0.77,0.78,0.76,0.78,0,0
MFO_PB,D,20200521,000000,0.82,0.82,0.77,0.77,0,0
MFO_PB,D,20200522,000000,0.77,0.77,0.71,0.71,0,0
MFO_PB,D,20200525,000000,0.71,0.72,0.71,0.72,0,0
MFO_PB,D,20200526,000000,0.74,0.75,0.72,0.75,0,0
MFO_PB,D,20200527,000000,0.77,0.78,0.77,0.78,0,0
MFO_PB,D,20200528,000000,0.78,0.78,0.76,0.76,0,0
MFO_PB,D,20200529,000000,0.78,0.78,0.77,0.77,0,0
MFO_PB,D,20200601,000000,0.78,0.78,0.78,0.78,0,0
MFO_PB,D,20200602,000000,0.77,0.78,0.77,0.78,0,0
MFO_PB,D,20200603,000000,0.78,0.82,0.78,0.82,0,0
MFO_PB,D,20200604,000000,0.85,0.85,0.82,0.85,0,0
MFO_PB,D,20200605,000000,0.86,0.89,0.85,0.85,0,0
MFO_PB,D,20200608,000000,0.89,0.89,0.81,0.84,0,0
MFO_PB,D,20200609,000000,0.88,0.88,0.83,0.83,0,0
MFO_PB,D,20200610,000000,0.82,0.82,0.8,0.81,0,0
MFO_PB,D,20200612,000000,0.81,0.81,0.78,0.78,0,0
MFO_PB,D,20200615,000000,0.79,0.79,0.78,0.79,0,0
MFO_PB,D,20200616,000000,0.82,0.82,0.81,0.81,0,0
MFO_PB,D,20200617,000000,0.81,0.82,0.79,0.79,0,0
MFO_PB,D,20200618,000000,0.8,0.8,0.8,0.8,0,0
MFO_PB,D,20200619,000000,0.84,0.84,0.76,0.77,0,0
MFO_PB,D,20200622,000000,0.79,0.79,0.79,0.79,0,0
MFO_PB,D,20200623,000000,0.77,0.77,0.76,0.77,0,0
MFO_PB,D,20200624,000000,0.79,0.82,0.76,0.76,0,0
MFO_PB,D,20200625,000000,0.82,0.82,0.74,0.74,0,0
MFO_PB,D,20200626,000000,0.78,0.78,0.74,0.77,0,0
MFO_PB,D,20200629,000000,0.74,0.81,0.74,0.81,0,0
MFO_PB,D,20200630,000000,0.81,0.83,0.75,0.83,0,0
MFO_PB,D,20200701,000000,0.87,0.87,0.82,0.82,0,0
MFO_PB,D,20200702,000000,0.85,0.85,0.82,0.85,0,0
MFO_PB,D,20200703,000000,0.85,0.85,0.84,0.85,0,0
MFO_PB,D,20200706,000000,0.85,0.85,0.81,0.81,0,0
MFO_PB,D,20200707,000000,0.8,0.81,0.8,0.8,0,0
MFO_PB,D,20200708,000000,0.8,0.82,0.78,0.82,0,0
MFO_PB,D,20200709,000000,0.85,0.85,0.82,0.85,0,0
MFO_PB,D,20200710,000000,0.86,0.86,0.82,0.82,0,0
MFO_PB,D,20200713,000000,0.81,0.82,0.81,0.81,0,0
MFO_PB,D,20200714,000000,0.81,0.81,0.81,0.81,0,0
MFO_PB,D,20200715,000000,0.83,0.86,0.83,0.86,0,0
MFO_PB,D,20200716,000000,0.87,0.89,0.87,0.89,0,0
MFO_PB,D,20200717,000000,0.89,0.89,0.89,0.89,0,0
MFO_PB,D,20200720,000000,0.89,0.89,0.86,0.86,0,0
MFO_PB,D,20200721,000000,0.94,0.94,0.94,0.94,0,0
MFO_PB,D,20200722,000000,0.93,0.95,0.89,0.89,0,0
MFO_PB,D,20200723,000000,0.94,0.94,0.85,0.85,0,0
MFO_PB,D,20200724,000000,0.88,0.88,0.85,0.85,0,0
MFO_PB,D,20200727,000000,0.82,0.86,0.82,0.86,0,0
MFO_PB,D,20200728,000000,0.9,0.9,0.88,0.88,0,0
MFO_PB,D,20200729,000000,0.89,0.89,0.85,0.88,0,0
MFO_PB,D,20200730,000000,0.89,0.89,0.86,0.86,0,0
MFO_PB,D,20200731,000000,0.86,0.86,0.81,0.82,0,0
MFO_PB,D,20200803,000000,0.81,0.81,0.81,0.81,0,0
MFO_PB,D,20200804,000000,0.81,0.81,0.81,0.81,0,0
MFO_PB,D,20200805,000000,0.81,0.84,0.81,0.84,0,0
MFO_PB,D,20200806,000000,0.86,0.86,0.85,0.85,0,0
MFO_PB,D,20200807,000000,0.85,0.85,0.84,0.84,0,0
MFO_PB,D,20200810,000000,0.84,0.84,0.81,0.81,0,0
MFO_PB,D,20200811,000000,0.84,0.85,0.82,0.85,0,0
MFO_PB,D,20200812,000000,0.88,0.88,0.88,0.88,0,0
MFO_PB,D,20200813,000000,0.88,0.88,0.86,0.86,0,0
MFO_PB,D,20200814,000000,0.88,0.88,0.88,0.88,0,0
MFO_PB,D,20200817,000000,0.88,0.9,0.88,0.89,0,0
MFO_PB,D,20200818,000000,0.9,0.94,0.9,0.91,0,0
MFO_PB,D,20200819,000000,0.94,0.94,0.9,0.9,0,0
MFO_PB,D,20200820,000000,0.89,0.89,0.86,0.86,0,0
MFO_PB,D,20200821,000000,0.86,0.86,0.82,0.82,0,0
MFO_PB,D,20200824,000000,0.85,0.85,0.8,0.8,0,0
MFO_PB,D,20200825,000000,0.82,0.82,0.76,0.76,0,0
MFO_PB,D,20200826,000000,0.75,0.79,0.73,0.78,0,0
MFO_PB,D,20200827,000000,0.82,0.82,0.78,0.78,0,0
MFO_PB,D,20200828,000000,0.82,0.82,0.78,0.78,0,0
MFO_PB,D,20200831,000000,0.8,0.85,0.8,0.83,0,0
MFO_PB,D,20200901,000000,0.85,0.9,0.85,0.9,0,0
MFO_PB,D,20200902,000000,0.9,0.9,0.85,0.85,0,0
MFO_PB,D,20200903,000000,0.89,0.89,0.85,0.85,0,0
MFO_PB,D,20200904,000000,0.85,0.85,0.85,0.85,0,0
MFO_PB,D,20200907,000000,0.85,0.85,0.82,0.82,0,0
MFO_PB,D,20200908,000000,0.82,0.82,0.76,0.76,0,0
MFO_PB,D,20200909,000000,0.76,0.78,0.76,0.78,0,0
MFO_PB,D,20200911,000000,0.78,0.78,0.78,0.78,0,0
MFO_PB,D,20200914,000000,0.78,0.81,0.78,0.79,0,0
MFO_PB,D,20200915,000000,0.78,0.78,0.78,0.78,0,0
MFO_PB,D,20200917,000000,0.77,0.77,0.75,0.75,0,0
MFO_PB,D,20200918,000000,0.74,0.74,0.74,0.74,0,0
MFO_PB,D,20200921,000000,0.74,0.75,0.74,0.74,0,0
MFO_PB,D,20200922,000000,0.76,0.8,0.76,0.79,0,0
MFO_PB,D,20200923,000000,0.82,0.82,0.82,0.82,0,0
MFO_PB,D,20200924,000000,0.82,0.82,0.77,0.77,0,0
MFO_PB,D,20200925,000000,0.77,0.77,0.77,0.77,0,0
MFO_PB,D,20200928,000000,0.77,0.77,0.77,0.77,0,0
MFO_PB,D,20200929,000000,0.78,0.83,0.78,0.79,0,0
MFO_PB,D,20200930,000000,0.78,0.79,0.78,0.78,0,0
MFO_PB,D,20201001,000000,0.78,0.78,0.78,0.78,0,0
MFO_PB,D,20201002,000000,0.78,0.78,0.76,0.76,0,0
MFO_PB,D,20201005,000000,0.76,0.76,0.74,0.74,0,0
MFO_PB,D,20201006,000000,0.75,0.75,0.74,0.74,0,0
MFO_PB,D,20201007,000000,0.73,0.77,0.73,0.76,0,0
MFO_PB,D,20201008,000000,0.8,0.8,0.76,0.76,0,0
MFO_PB,D,20201009,000000,0.76,0.76,0.74,0.75,0,0
MFO_PB,D,20201012,000000,0.76,0.76,0.76,0.76,0,0
MFO_PB,D,20201013,000000,0.76,0.78,0.74,0.78,0,0
MFO_PB,D,20201014,000000,0.78,0.86,0.75,0.75,0,0
MFO_PB,D,20201015,000000,0.78,0.78,0.78,0.78,0,0
MFO_PB,D,20201016,000000,0.78,0.78,0.74,0.74,0,0
