<TICKER>,<PER>,<DATE>,<TIME>,<OPEN>,<HIGH>,<LOW>,<CLOSE>,<VOL>,<OPENINT>
MZA_PE,D,20080303,000000,13.8,13.8,13.8,13.8,0,0
MZA_PE,D,20080304,000000,14,14.3,13.2,13.8,0,0
MZA_PE,D,20080305,000000,13.8,13.9,13.5,13.9,0,0
MZA_PE,D,20080306,000000,13.3,13.8,13.3,13.5,0,0
MZA_PE,D,20080307,000000,13.9,14.1,13.4,13.8,0,0
MZA_PE,D,20080310,000000,13.8,13.8,13.8,13.8,0,0
MZA_PE,D,20080311,000000,13.3,14.4,13.3,14.2,0,0
MZA_PE,D,20080312,000000,14.5,14.5,13.8,14.2,0,0
MZA_PE,D,20080313,000000,13.8,14.2,13.4,14.1,0,0
MZA_PE,D,20080314,000000,14.1,14.6,14.1,14.5,0,0
MZA_PE,D,20080317,000000,14.5,14.5,13.6,14.1,0,0
MZA_PE,D,20080318,000000,14.4,14.4,13.6,14,0,0
MZA_PE,D,20080319,000000,14,14,13.7,13.9,0,0
MZA_PE,D,20080320,000000,13.9,13.9,13.6,13.6,0,0
MZA_PE,D,20080325,000000,13.6,14.5,13.4,13.5,0,0
MZA_PE,D,20080326,000000,13.6,13.9,13.5,13.8,0,0
MZA_PE,D,20080327,000000,13.8,14,13.8,14,0,0
MZA_PE,D,20080328,000000,14,14,13.5,13.5,0,0
MZA_PE,D,20080331,000000,14,14,14,14,0,0
MZA_PE,D,20080401,000000,14,14.1,13.5,14.1,0,0
MZA_PE,D,20080402,000000,14.1,14.1,14.1,14.1,0,0
MZA_PE,D,20080403,000000,13.6,14.1,13.6,14.1,0,0
MZA_PE,D,20080404,000000,13.9,13.9,13.9,13.9,0,0
MZA_PE,D,20080407,000000,13.4,13.9,13.4,13.7,0,0
MZA_PE,D,20080408,000000,13.7,13.7,13.7,13.7,0,0
MZA_PE,D,20080409,000000,13.7,13.7,13,13.4,0,0
MZA_PE,D,20080410,000000,13.3,13.5,13.1,13.1,0,0
MZA_PE,D,20080411,000000,13.5,13.5,12.9,13.1,0,0
MZA_PE,D,20080414,000000,12.9,13.2,12.9,13.2,0,0
MZA_PE,D,20080415,000000,13.2,13.2,13.2,13.2,0,0
MZA_PE,D,20080416,000000,13.2,13.4,12.9,13.4,0,0
MZA_PE,D,20080417,000000,13.1,13.1,12.9,13.1,0,0
MZA_PE,D,20080418,000000,13.3,13.3,12.8,13,0,0
MZA_PE,D,20080421,000000,12.4,12.4,12,12.2,0,0
MZA_PE,D,20080422,000000,12.2,12.6,11.8,12.4,0,0
MZA_PE,D,20080423,000000,11.6,11.6,11.4,11.4,0,0
MZA_PE,D,20080424,000000,11.4,12,11.4,12,0,0
MZA_PE,D,20080425,000000,12,12.6,12,12.6,0,0
MZA_PE,D,20080428,000000,12.6,12.6,12.6,12.6,0,0
MZA_PE,D,20080429,000000,12.6,13,11.7,11.7,0,0
MZA_PE,D,20080430,000000,11.7,12.4,11.7,12.4,0,0
MZA_PE,D,20080505,000000,12.4,13.1,12.4,13,0,0
MZA_PE,D,20080506,000000,12.4,13,12.4,13,0,0
MZA_PE,D,20080507,000000,13,13,13,13,0,0
MZA_PE,D,20080508,000000,12.3,13.3,12.3,13.2,0,0
MZA_PE,D,20080509,000000,13.2,13.8,13.2,13.5,0,0
MZA_PE,D,20080512,000000,12.6,13.7,12.6,13.7,0,0
MZA_PE,D,20080513,000000,13.7,13.7,13.7,13.7,0,0
MZA_PE,D,20080514,000000,13.7,13.8,13.7,13.7,0,0
MZA_PE,D,20080515,000000,13.2,13.7,13.1,13.7,0,0
MZA_PE,D,20080516,000000,13,13.5,13,13.4,0,0
MZA_PE,D,20080519,000000,12.9,13,12.7,12.7,0,0
MZA_PE,D,20080818,000000,9.5,9.5,9.5,9.5,0,0
MZA_PE,D,20080819,000000,9.5,9.5,9.5,9.5,0,0
MZA_PE,D,20080820,000000,9.4,9.5,9.4,9.5,0,0
MZA_PE,D,20080822,000000,9.4,9.4,9.4,9.4,0,0
MZA_PE,D,20080825,000000,9.7,9.7,9.7,9.7,0,0
MZA_PE,D,20080826,000000,9.6,10.2,9.6,9.9,0,0
MZA_PE,D,20080827,000000,9.9,10.1,9.8,10.1,0,0
MZA_PE,D,20080828,000000,10.1,11.4,10.1,11.3,0,0
MZA_PE,D,20080829,000000,11.1,11.7,11.1,11.7,0,0
MZA_PE,D,20080901,000000,11.8,11.8,11,11.7,0,0
MZA_PE,D,20080902,000000,11.6,11.7,11.6,11.6,0,0
MZA_PE,D,20080903,000000,11.6,12.3,11.6,12.1,0,0
MZA_PE,D,20080904,000000,12.4,12.6,11.8,12.3,0,0
MZA_PE,D,20080905,000000,12,12,11.4,11.6,0,0
MZA_PE,D,20080908,000000,11.7,12,11.2,11.3,0,0
MZA_PE,D,20080909,000000,11.8,11.8,11,11,0,0
MZA_PE,D,20080910,000000,11,11.4,10.9,10.9,0,0
MZA_PE,D,20080911,000000,10.9,11.1,10.4,10.7,0,0
MZA_PE,D,20080912,000000,10.3,10.7,10.3,10.6,0,0
MZA_PE,D,20080915,000000,11.1,11.1,10.4,10.7,0,0
MZA_PE,D,20080916,000000,10.2,10.7,10.2,10.7,0,0
MZA_PE,D,20080917,000000,10.8,10.8,10.2,10.4,0,0
MZA_PE,D,20080918,000000,9.7,10.5,9.7,10.5,0,0
MZA_PE,D,20080919,000000,10,10.7,10,10.4,0,0
MZA_PE,D,20080922,000000,10.8,10.8,10.3,10.6,0,0
MZA_PE,D,20080923,000000,10.4,10.7,10.4,10.5,0,0
MZA_PE,D,20080924,000000,10.3,10.5,10.3,10.5,0,0
MZA_PE,D,20080925,000000,10.6,10.6,10.3,10.6,0,0
MZA_PE,D,20080926,000000,10.6,10.7,10.6,10.7,0,0
MZA_PE,D,20080929,000000,10.7,10.7,10.6,10.6,0,0
MZA_PE,D,20080930,000000,10.6,11.1,10.4,10.4,0,0
MZA_PE,D,20081001,000000,10.8,10.8,10.3,10.7,0,0
MZA_PE,D,20081002,000000,10.8,11.1,10.7,11.1,0,0
MZA_PE,D,20081003,000000,11.1,11.4,11.1,11.3,0,0
MZA_PE,D,20081006,000000,11,11,10.6,10.9,0,0
MZA_PE,D,20081007,000000,11,11,10.4,10.8,0,0
MZA_PE,D,20081008,000000,10.2,10.8,9.9,10.5,0,0
MZA_PE,D,20081009,000000,11.1,11.1,10.4,10.9,0,0
MZA_PE,D,20081010,000000,10.8,10.8,10.4,10.7,0,0
MZA_PE,D,20081013,000000,9.9,10.7,9.9,10.5,0,0
MZA_PE,D,20081014,000000,11,11,10.3,10.7,0,0
MZA_PE,D,20081015,000000,10.6,10.6,9.8,9.9,0,0
MZA_PE,D,20081016,000000,10.8,10.8,9.9,10.4,0,0
MZA_PE,D,20081017,000000,9.7,10.5,9.6,9.6,0,0
MZA_PE,D,20081020,000000,10.5,10.5,9.6,10,0,0
MZA_PE,D,20081021,000000,9.7,10.6,9.7,10.1,0,0
MZA_PE,D,20081022,000000,9.7,11.1,9.7,11,0,0
MZA_PE,D,20081024,000000,10,10.5,9.6,10.5,0,0
MZA_PE,D,20081027,000000,9.7,10.2,9.7,10,0,0
MZA_PE,D,20081028,000000,10,10.7,10,10.7,0,0
MZA_PE,D,20081029,000000,10.2,10.6,10.2,10.2,0,0
MZA_PE,D,20081030,000000,10.8,10.8,10.7,10.7,0,0
MZA_PE,D,20081031,000000,9.9,10.3,9.9,10,0,0
MZA_PE,D,20081103,000000,9.9,10.2,9.7,10.1,0,0
MZA_PE,D,20081104,000000,10.1,10.2,10.1,10.1,0,0
MZA_PE,D,20081105,000000,10.1,10.7,9.9,10.7,0,0
MZA_PE,D,20081106,000000,10.1,10.7,10.1,10.7,0,0
MZA_PE,D,20081107,000000,10.2,10.7,9.7,10,0,0
MZA_PE,D,20081110,000000,10.6,10.6,9.8,10.1,0,0
MZA_PE,D,20081112,000000,9.7,10.1,9.5,10.1,0,0
MZA_PE,D,20081113,000000,10.1,10.1,9.8,9.8,0,0
MZA_PE,D,20081114,000000,9.7,9.9,9.6,9.9,0,0
MZA_PE,D,20081117,000000,9.7,14.1,9.5,14.1,0,0
MZA_PE,D,20081118,000000,14.1,14.3,13.3,14.2,0,0
MZA_PE,D,20081119,000000,13.7,14,12.9,13.8,0,0
MZA_PE,D,20081120,000000,12.7,13,12.7,12.7,0,0
MZA_PE,D,20081121,000000,12.4,13.6,12.3,12.3,0,0
MZA_PE,D,20081124,000000,13.5,13.5,12.3,12.4,0,0
MZA_PE,D,20081125,000000,12.4,13.4,12.4,12.4,0,0
MZA_PE,D,20081126,000000,12.9,13.4,12.9,13.4,0,0
MZA_PE,D,20081127,000000,12.7,13.4,12.7,12.7,0,0
MZA_PE,D,20081128,000000,13.6,13.9,13.6,13.6,0,0
MZA_PE,D,20081201,000000,13.8,13.8,13.4,13.8,0,0
MZA_PE,D,20081202,000000,12.5,13.8,12.5,13.7,0,0
MZA_PE,D,20081203,000000,12.7,13.8,12.7,13.7,0,0
MZA_PE,D,20081204,000000,13.6,13.6,13,13.4,0,0
MZA_PE,D,20081205,000000,13.3,13.7,13.3,13.7,0,0
MZA_PE,D,20081208,000000,13.7,13.8,13.2,13.6,0,0
MZA_PE,D,20081209,000000,13.6,13.6,12.9,13.1,0,0
MZA_PE,D,20081210,000000,12.9,13.1,12.7,13.1,0,0
MZA_PE,D,20081211,000000,12.6,13.1,12.6,13.1,0,0
MZA_PE,D,20081212,000000,12.6,13.1,12.6,13.1,0,0
MZA_PE,D,20081215,000000,13.1,13.1,12.7,13.1,0,0
MZA_PE,D,20081216,000000,13.1,13.1,13,13,0,0
MZA_PE,D,20081217,000000,12.9,13.1,12.7,13.1,0,0
MZA_PE,D,20081218,000000,12.7,13.1,12.7,13,0,0
MZA_PE,D,20081219,000000,12.8,13.1,12.8,13.1,0,0
MZA_PE,D,20081222,000000,12.3,13.8,12.3,13.8,0,0
MZA_PE,D,20081223,000000,12.9,13.6,12.9,13.5,0,0
MZA_PE,D,20081229,000000,12.9,13.4,12.9,13.4,0,0
MZA_PE,D,20081230,000000,13,13.4,12.7,13.3,0,0
MZA_PE,D,20081231,000000,12.7,13.2,12.7,13.2,0,0
MZA_PE,D,20090105,000000,12.9,13.2,12.5,12.8,0,0
MZA_PE,D,20090106,000000,12.5,12.8,12.5,12.8,0,0
MZA_PE,D,20090107,000000,13.1,13.1,12.6,13.1,0,0
MZA_PE,D,20090108,000000,13.1,13.4,13.1,13.3,0,0
MZA_PE,D,20090109,000000,12.8,13.3,12.8,13.3,0,0
MZA_PE,D,20090112,000000,13.1,13.3,13.1,13.3,0,0
MZA_PE,D,20090113,000000,13.5,13.5,13,13.5,0,0
MZA_PE,D,20090114,000000,13,13.7,13,13.7,0,0
MZA_PE,D,20090115,000000,13.7,13.7,13.7,13.7,0,0
MZA_PE,D,20090116,000000,13.4,13.7,13.4,13.7,0,0
MZA_PE,D,20090119,000000,13.4,13.7,13.2,13.7,0,0
MZA_PE,D,20090120,000000,13,15.2,13,15.2,0,0
MZA_PE,D,20090121,000000,15.2,15.2,15.2,15.2,0,0
MZA_PE,D,20090122,000000,15.6,15.6,15.6,15.6,0,0
MZA_PE,D,20090123,000000,14.2,15.4,14.2,15.3,0,0
MZA_PE,D,20090126,000000,15.4,15.4,15,15.4,0,0
MZA_PE,D,20090127,000000,15.2,15.4,14.1,15.3,0,0
MZA_PE,D,20090128,000000,13.9,15.3,13.9,15,0,0
MZA_PE,D,20090129,000000,14.1,14.8,14,14.8,0,0
MZA_PE,D,20090130,000000,13.9,14.7,13.9,14.7,0,0
MZA_PE,D,20090202,000000,14.1,14.3,13.4,13.4,0,0
MZA_PE,D,20090203,000000,13,15,13,15,0,0
MZA_PE,D,20090204,000000,14.3,15,14.1,14.5,0,0
MZA_PE,D,20090205,000000,14.5,15.8,14.5,15.8,0,0
MZA_PE,D,20090206,000000,15.8,15.8,14.6,14.6,0,0
MZA_PE,D,20090209,000000,13.9,14.3,13.9,14.3,0,0
MZA_PE,D,20090210,000000,15.7,15.7,14.1,14.1,0,0
MZA_PE,D,20090211,000000,14.3,15.3,14.1,15.3,0,0
MZA_PE,D,20090212,000000,15.1,15.1,15.1,15.1,0,0
MZA_PE,D,20090213,000000,15.3,15.3,15.1,15.3,0,0
MZA_PE,D,20090216,000000,15.2,15.2,14.1,14.9,0,0
MZA_PE,D,20090217,000000,15.1,15.1,14.1,14.8,0,0
MZA_PE,D,20090218,000000,14.8,15,13.4,14.9,0,0
MZA_PE,D,20090220,000000,14,14.1,14,14.1,0,0
MZA_PE,D,20090223,000000,13.9,14.1,13.9,13.9,0,0
MZA_PE,D,20090224,000000,14.6,14.6,13.3,13.4,0,0
MZA_PE,D,20090225,000000,14.4,14.4,13.2,14.2,0,0
MZA_PE,D,20090227,000000,14.3,14.4,14.3,14.4,0,0
MZA_PE,D,20090302,000000,14.5,14.5,14,14.5,0,0
MZA_PE,D,20090304,000000,14,14.1,6.7,6.7,0,0
MZA_PE,D,20090305,000000,6.4,6.7,6.4,6.7,0,0
MZA_PE,D,20090306,000000,6.6,6.7,6.4,6.7,0,0
MZA_PE,D,20090309,000000,6.6,6.7,6.6,6.7,0,0
MZA_PE,D,20090310,000000,6.4,6.4,5.2,5.2,0,0
MZA_PE,D,20090311,000000,5.2,5.5,5.2,5.5,0,0
MZA_PE,D,20090312,000000,5.3,5.5,5.2,5.5,0,0
MZA_PE,D,20090313,000000,5.3,5.4,5.1,5.2,0,0
MZA_PE,D,20090316,000000,5.2,5.3,5.1,5.2,0,0
MZA_PE,D,20090317,000000,5.1,5.2,5,5.2,0,0
MZA_PE,D,20090318,000000,5.2,5.2,5.1,5.1,0,0
MZA_PE,D,20090319,000000,5.1,5.5,4.8,5.5,0,0
MZA_PE,D,20090320,000000,5.3,5.6,5.3,5.3,0,0
MZA_PE,D,20090323,000000,5.1,5.7,5.1,5.2,0,0
MZA_PE,D,20090324,000000,5.5,5.5,5.2,5.3,0,0
MZA_PE,D,20090325,000000,5.3,5.8,5.2,5.8,0,0
MZA_PE,D,20090326,000000,5.3,5.8,5.3,5.5,0,0
MZA_PE,D,20090327,000000,5.5,5.5,5.4,5.5,0,0
MZA_PE,D,20090330,000000,5.3,5.6,5.3,5.6,0,0
MZA_PE,D,20090331,000000,5.7,5.7,5.3,5.6,0,0
MZA_PE,D,20090401,000000,5.4,5.7,5.3,5.7,0,0
MZA_PE,D,20090402,000000,5.9,5.9,5.9,5.9,0,0
MZA_PE,D,20090403,000000,5.9,5.9,5.7,5.8,0,0
MZA_PE,D,20090406,000000,5.7,5.7,5.4,5.6,0,0
MZA_PE,D,20090407,000000,5.6,5.7,5.5,5.5,0,0
MZA_PE,D,20090408,000000,5.5,5.8,5.5,5.8,0,0
MZA_PE,D,20090409,000000,5.7,5.9,5.6,5.6,0,0
MZA_PE,D,20090414,000000,5.6,5.8,5.6,5.8,0,0
MZA_PE,D,20090415,000000,5.7,6,5.6,6,0,0
MZA_PE,D,20090416,000000,5.7,6,5.7,5.7,0,0
MZA_PE,D,20090417,000000,5.7,5.7,5.6,5.6,0,0
MZA_PE,D,20090420,000000,5.6,5.6,5.5,5.5,0,0
MZA_PE,D,20090421,000000,5.5,5.5,5.5,5.5,0,0
MZA_PE,D,20090422,000000,5.5,5.7,5.5,5.7,0,0
MZA_PE,D,20090423,000000,5.7,5.7,5.7,5.7,0,0
MZA_PE,D,20090424,000000,5.6,5.7,5.6,5.7,0,0
MZA_PE,D,20090427,000000,5.5,5.9,5.5,5.9,0,0
MZA_PE,D,20090428,000000,6,6,6,6,0,0
MZA_PE,D,20090429,000000,5.8,5.8,5.8,5.8,0,0
MZA_PE,D,20090430,000000,5.6,5.7,5.5,5.7,0,0
MZA_PE,D,20090504,000000,5.6,5.6,5.5,5.5,0,0
MZA_PE,D,20090505,000000,5.6,5.6,5.5,5.5,0,0
MZA_PE,D,20090506,000000,5.5,5.6,5.5,5.6,0,0
MZA_PE,D,20090508,000000,5.6,5.6,5.6,5.6,0,0
MZA_PE,D,20090511,000000,5.5,5.5,5.5,5.5,0,0
MZA_PE,D,20090512,000000,5.5,5.5,5.2,5.4,0,0
MZA_PE,D,20090513,000000,5.4,5.4,5.2,5.3,0,0
MZA_PE,D,20090514,000000,5.3,5.3,5.2,5.2,0,0
MZA_PE,D,20090515,000000,5.2,5.3,5.2,5.3,0,0
MZA_PE,D,20090518,000000,5.4,5.9,5.4,5.9,0,0
MZA_PE,D,20090519,000000,5.9,6.3,5.6,6.3,0,0
MZA_PE,D,20090520,000000,6.3,6.3,6.3,6.3,0,0
MZA_PE,D,20090521,000000,6.3,6.9,6.3,6.9,0,0
MZA_PE,D,20090522,000000,6.8,6.8,6.8,6.8,0,0
MZA_PE,D,20090526,000000,6.3,6.3,6.3,6.3,0,0
MZA_PE,D,20090527,000000,6.3,6.4,6.3,6.3,0,0
MZA_PE,D,20090528,000000,6.2,6.2,6.1,6.2,0,0
MZA_PE,D,20090529,000000,6.5,6.5,6.5,6.5,0,0
MZA_PE,D,20090601,000000,6.5,6.6,6.5,6.5,0,0
MZA_PE,D,20090602,000000,6.5,6.5,6.2,6.3,0,0
MZA_PE,D,20090604,000000,6.5,6.5,6.3,6.5,0,0
MZA_PE,D,20090605,000000,6.3,6.5,6.3,6.5,0,0
MZA_PE,D,20090608,000000,6.4,6.4,6.3,6.3,0,0
MZA_PE,D,20090609,000000,6.3,6.4,6.2,6.3,0,0
MZA_PE,D,20090610,000000,6.5,6.5,6.3,6.5,0,0
MZA_PE,D,20090612,000000,6.6,6.6,6.5,6.5,0,0
MZA_PE,D,20090615,000000,6.5,6.9,6.5,6.9,0,0
MZA_PE,D,20090616,000000,6.4,6.6,6.4,6.4,0,0
MZA_PE,D,20090617,000000,6.6,6.6,6.4,6.4,0,0
MZA_PE,D,20090618,000000,6.4,6.4,6.4,6.4,0,0
MZA_PE,D,20090622,000000,6.6,6.6,6.6,6.6,0,0
MZA_PE,D,20090623,000000,6.2,6.5,6.2,6.5,0,0
MZA_PE,D,20090626,000000,6.5,6.7,6.4,6.4,0,0
MZA_PE,D,20090629,000000,6.6,6.7,6.6,6.7,0,0
MZA_PE,D,20090630,000000,6.7,6.7,6.7,6.7,0,0
MZA_PE,D,20090701,000000,6.7,6.7,6.7,6.7,0,0
MZA_PE,D,20090702,000000,6.7,6.7,6.7,6.7,0,0
MZA_PE,D,20090703,000000,6.7,6.7,6.4,6.4,0,0
MZA_PE,D,20090706,000000,6.6,6.6,6.6,6.6,0,0
MZA_PE,D,20090707,000000,6,6.6,6,6.6,0,0
MZA_PE,D,20090708,000000,6.6,6.6,6.6,6.6,0,0
MZA_PE,D,20090709,000000,6.6,6.6,6.3,6.4,0,0
MZA_PE,D,20090710,000000,6.6,6.6,6.6,6.6,0,0
MZA_PE,D,20090713,000000,6.6,6.6,6.6,6.6,0,0
MZA_PE,D,20090714,000000,6.6,6.6,6.6,6.6,0,0
MZA_PE,D,20090715,000000,6.6,6.7,6.4,6.7,0,0
MZA_PE,D,20090716,000000,6.7,6.7,6.7,6.7,0,0
MZA_PE,D,20090717,000000,6.4,6.4,6.4,6.4,0,0
MZA_PE,D,20090720,000000,6.4,6.4,6.4,6.4,0,0
MZA_PE,D,20090721,000000,6.4,6.4,6.4,6.4,0,0
MZA_PE,D,20090724,000000,6.6,6.6,6.6,6.6,0,0
MZA_PE,D,20090727,000000,6.1,6.5,6.1,6.5,0,0
MZA_PE,D,20090728,000000,6.3,6.4,6.2,6.3,0,0
MZA_PE,D,20090729,000000,6.2,6.3,5.9,6.3,0,0
MZA_PE,D,20090730,000000,6.2,6.6,6.2,6.6,0,0
MZA_PE,D,20090731,000000,6.3,6.7,6.3,6.6,0,0
MZA_PE,D,20090803,000000,6.4,6.4,6.3,6.4,0,0
MZA_PE,D,20090804,000000,6.5,6.5,6.3,6.5,0,0
MZA_PE,D,20090805,000000,6.5,6.5,6.4,6.5,0,0
MZA_PE,D,20090807,000000,6.4,6.5,6.3,6.5,0,0
MZA_PE,D,20090810,000000,6.4,6.5,6.3,6.5,0,0
MZA_PE,D,20090812,000000,6.5,6.5,6.5,6.5,0,0
MZA_PE,D,20090814,000000,6.5,6.5,6.1,6.1,0,0
MZA_PE,D,20090817,000000,6.4,6.4,6.3,6.3,0,0
MZA_PE,D,20090818,000000,6.4,6.4,6.3,6.4,0,0
MZA_PE,D,20090819,000000,6.5,6.5,6.1,6.4,0,0
MZA_PE,D,20090820,000000,6.4,6.4,6.4,6.4,0,0
MZA_PE,D,20090821,000000,6.4,6.5,6.2,6.5,0,0
MZA_PE,D,20090824,000000,6.5,6.5,6.5,6.5,0,0
MZA_PE,D,20090826,000000,6.3,6.3,6.2,6.2,0,0
MZA_PE,D,20090827,000000,6.2,6.3,6.2,6.3,0,0
MZA_PE,D,20090828,000000,6.3,6.4,6.2,6.4,0,0
MZA_PE,D,20090831,000000,6.4,6.4,6.4,6.4,0,0
MZA_PE,D,20090901,000000,6.3,6.4,6.3,6.4,0,0
MZA_PE,D,20090902,000000,6.2,6.4,6.2,6.2,0,0
MZA_PE,D,20090903,000000,6.4,6.4,6.4,6.4,0,0
MZA_PE,D,20090904,000000,6.4,23.9,6.3,23.9,0,0
MZA_PE,D,20090907,000000,24.4,24.4,24.4,24.4,0,0
MZA_PE,D,20090909,000000,24.2,24.3,24.2,24.3,0,0
MZA_PE,D,20090910,000000,23.3,23.3,23.3,23.3,0,0
MZA_PE,D,20090911,000000,24.2,24.2,24.2,24.2,0,0
MZA_PE,D,20090914,000000,22.7,24,22.5,24,0,0
MZA_PE,D,20090915,000000,22.5,24,22.5,22.6,0,0
MZA_PE,D,20090916,000000,22.7,22.8,22.7,22.7,0,0
MZA_PE,D,20090917,000000,23.1,23.6,22.7,23.6,0,0
MZA_PE,D,20090918,000000,23.6,23.6,23.6,23.6,0,0
MZA_PE,D,20090921,000000,23.6,23.7,23.6,23.6,0,0
MZA_PE,D,20090922,000000,22.8,23.6,22.8,23.6,0,0
MZA_PE,D,20090923,000000,23.5,23.9,23.5,23.9,0,0
MZA_PE,D,20090924,000000,23.5,23.5,23.5,23.5,0,0
MZA_PE,D,20090925,000000,23.7,24.3,23.7,24.3,0,0
MZA_PE,D,20090928,000000,24.3,24.3,24.3,24.3,0,0
MZA_PE,D,20090929,000000,24.3,24.3,24.3,24.3,0,0
MZA_PE,D,20090930,000000,24.3,24.3,24.2,24.2,0,0
MZA_PE,D,20091001,000000,24.1,24.2,24.1,24.2,0,0
MZA_PE,D,20091002,000000,24.2,24.2,24.2,24.2,0,0
MZA_PE,D,20091005,000000,24.2,24.2,24.1,24.1,0,0
MZA_PE,D,20091006,000000,23.8,24.1,23.8,23.9,0,0
MZA_PE,D,20091007,000000,24.2,24.2,23.8,23.8,0,0
MZA_PE,D,20091008,000000,23.8,23.8,23,23.8,0,0
MZA_PE,D,20091009,000000,23.8,23.8,23.1,23.6,0,0
MZA_PE,D,20091012,000000,23.8,23.8,23.6,23.6,0,0
MZA_PE,D,20091013,000000,23.8,23.8,23.1,23.7,0,0
MZA_PE,D,20091014,000000,23.8,23.8,23.7,23.7,0,0
MZA_PE,D,20091015,000000,23.8,23.9,23,23.9,0,0
MZA_PE,D,20091016,000000,23.9,23.9,23.8,23.8,0,0
MZA_PE,D,20091019,000000,23.8,23.8,23.7,23.7,0,0
MZA_PE,D,20091020,000000,23.8,23.8,23,23.7,0,0
MZA_PE,D,20091021,000000,22.7,23.6,22.4,23.6,0,0
MZA_PE,D,20091022,000000,23.6,23.6,22.4,22.4,0,0
MZA_PE,D,20091023,000000,23.4,23.4,23.4,23.4,0,0
MZA_PE,D,20091026,000000,22.2,23.4,22.2,23.4,0,0
MZA_PE,D,20091027,000000,23.4,23.4,23.4,23.4,0,0
MZA_PE,D,20091028,000000,22.9,23.4,22.9,23.3,0,0
MZA_PE,D,20091029,000000,23.3,23.3,23.2,23.3,0,0
MZA_PE,D,20091030,000000,22.2,23.4,22.2,23.3,0,0
MZA_PE,D,20091102,000000,23.4,23.4,23.3,23.3,0,0
MZA_PE,D,20091103,000000,23.3,23.3,22.9,23,0,0
MZA_PE,D,20091104,000000,23,23,23,23,0,0
MZA_PE,D,20091105,000000,23,23,23,23,0,0
MZA_PE,D,20091106,000000,23,23,22.9,22.9,0,0
MZA_PE,D,20091109,000000,22.2,23.2,22.2,23.2,0,0
MZA_PE,D,20091110,000000,22.2,23.1,22.1,23.1,0,0
MZA_PE,D,20091112,000000,23.2,23.3,22.4,23.3,0,0
MZA_PE,D,20091113,000000,23.2,23.2,23.1,23.1,0,0
MZA_PE,D,20091116,000000,22.1,23.1,21.9,22.1,0,0
MZA_PE,D,20091117,000000,23,23,23,23,0,0
MZA_PE,D,20091118,000000,21.9,27.6,21.9,27.6,0,0
MZA_PE,D,20091119,000000,27.6,27.7,27.6,27.7,0,0
MZA_PE,D,20091120,000000,25.3,27.6,25.3,27.6,0,0
MZA_PE,D,20091123,000000,27.6,27.6,25.8,27.5,0,0
MZA_PE,D,20091124,000000,27.6,27.7,27.6,27.7,0,0
MZA_PE,D,20091125,000000,27.9,27.9,27.9,27.9,0,0
MZA_PE,D,20091126,000000,26.1,27.7,26.1,27.7,0,0
MZA_PE,D,20091127,000000,28,28,27.7,27.7,0,0
MZA_PE,D,20091130,000000,25.8,27.7,25.8,27.7,0,0
MZA_PE,D,20091201,000000,27.7,27.7,26.1,27.3,0,0
MZA_PE,D,20091202,000000,27.3,27.3,26.3,26.3,0,0
MZA_PE,D,20091203,000000,26.3,26.9,26.2,26.9,0,0
MZA_PE,D,20091204,000000,26.6,26.9,26.6,26.9,0,0
MZA_PE,D,20091207,000000,27,27.5,26.2,27.5,0,0
MZA_PE,D,20091208,000000,27.5,27.5,26.3,26.3,0,0
MZA_PE,D,20091209,000000,26.4,27.4,26.4,27.3,0,0
MZA_PE,D,20091210,000000,27.3,27.3,27.3,27.3,0,0
MZA_PE,D,20091211,000000,27.3,27.3,27.3,27.3,0,0
MZA_PE,D,20091214,000000,27.3,27.3,27.2,27.3,0,0
MZA_PE,D,20091215,000000,27.3,27.3,27.2,27.2,0,0
MZA_PE,D,20091216,000000,27.3,27.3,26.1,27,0,0
MZA_PE,D,20091217,000000,27.5,27.5,26.2,26.3,0,0
MZA_PE,D,20091218,000000,26.3,27.6,26.3,27,0,0
MZA_PE,D,20091221,000000,27.5,27.5,27,27,0,0
MZA_PE,D,20091222,000000,27.5,27.5,26.2,26.3,0,0
MZA_PE,D,20091223,000000,27,27,26.3,27,0,0
MZA_PE,D,20091228,000000,27,27,27,27,0,0
MZA_PE,D,20091229,000000,26.2,27,26.2,26.8,0,0
MZA_PE,D,20091230,000000,27,28.7,27,28.7,0,0
MZA_PE,D,20091231,000000,28.4,28.4,28.4,28.4,0,0
MZA_PE,D,20100104,000000,28.4,28.4,20.1,20.1,0,0
MZA_PE,D,20100105,000000,20.1,21.1,19.8,20.2,0,0
MZA_PE,D,20100106,000000,20.5,20.5,20.5,20.5,0,0
MZA_PE,D,20100107,000000,19.4,20.4,19.4,20.4,0,0
MZA_PE,D,20100108,000000,19.1,20.3,19.1,20.3,0,0
MZA_PE,D,20100111,000000,20.3,20.3,20.3,20.3,0,0
MZA_PE,D,20100112,000000,20.5,20.5,19.6,20.4,0,0
MZA_PE,D,20100113,000000,20.3,20.3,20.2,20.2,0,0
MZA_PE,D,20100114,000000,20.4,20.5,20.4,20.5,0,0
MZA_PE,D,20100115,000000,20.4,20.4,20.4,20.4,0,0
MZA_PE,D,20100118,000000,19,20.4,19,20,0,0
MZA_PE,D,20100119,000000,20.2,20.2,20,20.2,0,0
MZA_PE,D,20100120,000000,20.2,20.2,19.1,20.2,0,0
MZA_PE,D,20100121,000000,20.2,20.2,20.2,20.2,0,0
MZA_PE,D,20100122,000000,20.2,20.2,20.2,20.2,0,0
MZA_PE,D,20100126,000000,19.1,19.9,18.7,19.8,0,0
MZA_PE,D,20100127,000000,19,19.8,19,19.8,0,0
MZA_PE,D,20100128,000000,19.1,19.7,18.8,19,0,0
MZA_PE,D,20100129,000000,19.6,19.6,19,19,0,0
MZA_PE,D,20100201,000000,19.9,19.9,19.9,19.9,0,0
MZA_PE,D,20100202,000000,19.9,20.2,18.7,20.2,0,0
MZA_PE,D,20100203,000000,20.2,20.3,20.2,20.3,0,0
MZA_PE,D,20100204,000000,20.3,20.3,20.3,20.3,0,0
MZA_PE,D,20100205,000000,18.8,20.3,18.8,19,0,0
MZA_PE,D,20100208,000000,20.4,20.4,20.4,20.4,0,0
MZA_PE,D,20100209,000000,20.4,20.4,20.4,20.4,0,0
MZA_PE,D,20100210,000000,20.4,20.4,20.4,20.4,0,0
MZA_PE,D,20100211,000000,19.2,20.2,19.2,20.2,0,0
MZA_PE,D,20100212,000000,19.1,19.3,19.1,19.3,0,0
MZA_PE,D,20100215,000000,19.3,19.6,19.1,19.1,0,0
MZA_PE,D,20100216,000000,19.1,19.2,19.1,19.2,0,0
MZA_PE,D,20100217,000000,20.2,20.2,20.1,20.1,0,0
MZA_PE,D,20100219,000000,20.1,20.1,20.1,20.1,0,0
MZA_PE,D,20100222,000000,19.5,19.5,19.1,19.1,0,0
MZA_PE,D,20100223,000000,19.3,19.3,19.1,19.2,0,0
MZA_PE,D,20100224,000000,19.2,19.8,19.2,19.8,0,0
MZA_PE,D,20100225,000000,19.1,19.8,19.1,19.8,0,0
MZA_PE,D,20100301,000000,19.7,19.7,19.7,19.7,0,0
MZA_PE,D,20100302,000000,19.7,19.7,19.7,19.7,0,0
MZA_PE,D,20100303,000000,19.7,50.9,18.7,50.9,0,0
MZA_PE,D,20100304,000000,49.1,50.9,49.1,50.9,0,0
MZA_PE,D,20100305,000000,50.7,50.7,50.7,50.7,0,0
MZA_PE,D,20100308,000000,48.5,50.7,48.4,48.4,0,0
MZA_PE,D,20100309,000000,49.7,50.3,47.6,50.3,0,0
MZA_PE,D,20100310,000000,49.2,50.3,47.5,50.3,0,0
MZA_PE,D,20100311,000000,50.2,50.2,50.2,50.2,0,0
MZA_PE,D,20100315,000000,50.1,50.1,50,50,0,0
MZA_PE,D,20100316,000000,50.1,50.1,47.7,49.8,0,0
MZA_PE,D,20100317,000000,49.8,49.8,48.2,49.6,0,0
MZA_PE,D,20100318,000000,47.8,48.8,47.8,48.7,0,0
MZA_PE,D,20100319,000000,48.4,48.4,47.3,48.2,0,0
MZA_PE,D,20100322,000000,47.3,48.2,46.4,48.2,0,0
MZA_PE,D,20100323,000000,48.5,48.5,48.4,48.4,0,0
MZA_PE,D,20100324,000000,46.8,48.4,46.8,48.4,0,0
MZA_PE,D,20100325,000000,48.4,48.5,48.4,48.5,0,0
MZA_PE,D,20100326,000000,47.2,48.5,47.2,48.5,0,0
MZA_PE,D,20100329,000000,47.6,48.2,47.5,48.2,0,0
MZA_PE,D,20100330,000000,47.4,48.7,47.3,48.7,0,0
MZA_PE,D,20100331,000000,48.8,49.4,48.7,49.4,0,0
MZA_PE,D,20100401,000000,49.4,49.4,49.4,49.4,0,0
MZA_PE,D,20100406,000000,47.3,49.6,47.3,49.6,0,0
MZA_PE,D,20100407,000000,47.5,48.2,46,48.2,0,0
MZA_PE,D,20100408,000000,48.9,48.9,46,48.2,0,0
MZA_PE,D,20100409,000000,48.9,48.9,48.8,48.8,0,0
MZA_PE,D,20100412,000000,49.1,49.2,49.1,49.2,0,0
MZA_PE,D,20100413,000000,47.3,47.4,47.3,47.4,0,0
MZA_PE,D,20100414,000000,47.4,49.2,47.4,49.2,0,0
MZA_PE,D,20100416,000000,49.1,49.1,49,49,0,0
MZA_PE,D,20100419,000000,49,49,49,49,0,0
MZA_PE,D,20100420,000000,46.9,48.7,46.9,47.1,0,0
MZA_PE,D,20100421,000000,49.1,49.1,49,49,0,0
MZA_PE,D,20100426,000000,46,49,46,49,0,0
MZA_PE,D,20100427,000000,48.9,49.3,48.9,49.3,0,0
MZA_PE,D,20100428,000000,49.3,49.4,49.3,49.4,0,0
MZA_PE,D,20100429,000000,46.2,47.6,46.2,46.9,0,0
MZA_PE,D,20100430,000000,49.2,49.2,47.5,47.5,0,0
MZA_PE,D,20100504,000000,49.4,49.5,49.1,49.1,0,0
MZA_PE,D,20100506,000000,50.3,50.3,50.2,50.2,0,0
MZA_PE,D,20100507,000000,47,48.1,45.6,48.1,0,0
MZA_PE,D,20100510,000000,49.8,49.8,49.8,49.8,0,0
MZA_PE,D,20100511,000000,47.1,47.1,47.1,47.1,0,0
MZA_PE,D,20100512,000000,49.8,49.8,47.4,48.4,0,0
MZA_PE,D,20100513,000000,48.9,48.9,47.8,48.9,0,0
MZA_PE,D,20100514,000000,49,49,49,49,0,0
MZA_PE,D,20100517,000000,49.6,49.6,49.6,49.6,0,0
MZA_PE,D,20100518,000000,48.1,49.6,48.1,49.2,0,0
MZA_PE,D,20100519,000000,46.6,47.4,45.8,45.8,0,0
MZA_PE,D,20110303,000000,21.9,21.9,21.9,21.9,0,0
MZA_PE,D,20110304,000000,21.9,23,21.9,22.3,0,0
MZA_PE,D,20110307,000000,22.3,22.4,21.7,21.8,0,0
MZA_PE,D,20110308,000000,21.5,22.1,21.5,22,0,0
MZA_PE,D,20110309,000000,21.6,22.2,21.6,21.9,0,0
MZA_PE,D,20110310,000000,21.9,22,21.7,22,0,0
MZA_PE,D,20110311,000000,21.7,22,21.5,21.7,0,0
MZA_PE,D,20110314,000000,21.2,21.2,20.9,20.9,0,0
MZA_PE,D,20110315,000000,20.9,20.9,20.1,20.3,0,0
MZA_PE,D,20110316,000000,20.4,21,20.4,20.8,0,0
MZA_PE,D,20110317,000000,20.8,21.4,20.8,21,0,0
MZA_PE,D,20110318,000000,21,21,20.9,20.9,0,0
MZA_PE,D,20110321,000000,21.2,21.2,20.6,21,0,0
MZA_PE,D,20110322,000000,21.2,21.2,20.9,20.9,0,0
MZA_PE,D,20110323,000000,20.9,20.9,20.6,20.6,0,0
MZA_PE,D,20110324,000000,20.5,20.9,20.5,20.5,0,0
MZA_PE,D,20110325,000000,20.5,20.9,20.4,20.8,0,0
MZA_PE,D,20110328,000000,21,21,20.5,20.8,0,0
MZA_PE,D,20110329,000000,20.7,20.9,20.6,20.6,0,0
MZA_PE,D,20110330,000000,20.6,21.1,20.6,20.6,0,0
MZA_PE,D,20110331,000000,20.6,21,20.6,21,0,0
MZA_PE,D,20110401,000000,21.1,21.1,20.6,21,0,0
MZA_PE,D,20110404,000000,20.7,20.9,20.7,20.7,0,0
MZA_PE,D,20110405,000000,20.6,21,20.6,20.7,0,0
MZA_PE,D,20110406,000000,20.7,21,20.7,20.8,0,0
MZA_PE,D,20110407,000000,20.9,21.9,20.8,21.1,0,0
MZA_PE,D,20110408,000000,21.2,21.5,20.9,21,0,0
MZA_PE,D,20110411,000000,21.1,21.1,20.8,20.8,0,0
MZA_PE,D,20110412,000000,21.1,21.2,20.8,20.8,0,0
MZA_PE,D,20110413,000000,20.9,21.4,20.7,21.3,0,0
MZA_PE,D,20110414,000000,21,21.3,20.6,20.8,0,0
MZA_PE,D,20110415,000000,20.8,21,20.7,20.8,0,0
MZA_PE,D,20110418,000000,20.8,20.8,20.6,20.6,0,0
MZA_PE,D,20110419,000000,20.7,20.7,20.5,20.5,0,0
MZA_PE,D,20110420,000000,20.8,20.8,20.5,20.5,0,0
MZA_PE,D,20110421,000000,20.6,20.7,20.4,20.7,0,0
MZA_PE,D,20110426,000000,20.6,20.9,20.5,20.5,0,0
MZA_PE,D,20110427,000000,20.9,20.9,20.5,20.5,0,0
MZA_PE,D,20110428,000000,20.5,20.8,20.3,20.6,0,0
MZA_PE,D,20110429,000000,20.7,20.8,20.4,20.8,0,0
MZA_PE,D,20110502,000000,20.9,20.9,20.5,20.5,0,0
MZA_PE,D,20110504,000000,20.5,20.6,20.3,20.4,0,0
MZA_PE,D,20110505,000000,20.2,20.4,20.2,20.3,0,0
MZA_PE,D,20110506,000000,20.3,20.3,20,20.3,0,0
MZA_PE,D,20110509,000000,20.2,20.6,20.1,20.6,0,0
MZA_PE,D,20110510,000000,20.5,20.5,20,20.2,0,0
MZA_PE,D,20110511,000000,20.2,20.5,20.1,20.2,0,0
MZA_PE,D,20110512,000000,20.3,20.3,19.5,19.8,0,0
MZA_PE,D,20110513,000000,19.8,19.8,19.3,19.4,0,0
MZA_PE,D,20110516,000000,19.4,19.5,18.4,18.6,0,0
MZA_PE,D,20110517,000000,18.5,18.8,17.9,18.2,0,0
MZA_PE,D,20110602,000000,9.5,9.5,9.5,9.5,0,0
MZA_PE,D,20110603,000000,9.4,9.5,9.2,9.4,0,0
MZA_PE,D,20110606,000000,9.2,9.5,9.1,9.1,0,0
MZA_PE,D,20110607,000000,9.3,9.5,9.3,9.5,0,0
MZA_PE,D,20110608,000000,9.3,9.3,9.3,9.3,0,0
MZA_PE,D,20110609,000000,9.3,9.3,9.2,9.3,0,0
MZA_PE,D,20110610,000000,9.3,9.3,8.9,9.3,0,0
MZA_PE,D,20110613,000000,9.3,9.3,9.1,9.3,0,0
MZA_PE,D,20110614,000000,9.1,9.3,9.1,9.3,0,0
MZA_PE,D,20110615,000000,9,9.3,9,9,0,0
MZA_PE,D,20110616,000000,8.9,9.3,8.8,9.2,0,0
MZA_PE,D,20110617,000000,9,9.2,8.9,9.1,0,0
MZA_PE,D,20110620,000000,8.9,9.1,8.7,8.8,0,0
MZA_PE,D,20110621,000000,8.9,8.9,8.7,8.7,0,0
MZA_PE,D,20110622,000000,8.7,8.9,8.5,8.8,0,0
MZA_PE,D,20110624,000000,8.7,8.7,8.5,8.7,0,0
MZA_PE,D,20110627,000000,8.5,8.7,8.2,8.6,0,0
MZA_PE,D,20110628,000000,8.3,8.6,8.3,8.4,0,0
MZA_PE,D,20110629,000000,8.3,8.6,8.2,8.3,0,0
MZA_PE,D,20110630,000000,8.5,8.5,8.3,8.5,0,0
MZA_PE,D,20110701,000000,8.5,8.6,8.3,8.3,0,0
MZA_PE,D,20110704,000000,8.4,8.6,8.4,8.6,0,0
MZA_PE,D,20110705,000000,8.6,8.6,8.4,8.4,0,0
MZA_PE,D,20110706,000000,8.5,8.5,8.3,8.3,0,0
MZA_PE,D,20110707,000000,8.4,8.5,8.2,8.5,0,0
MZA_PE,D,20110708,000000,8.3,8.4,8.3,8.4,0,0
MZA_PE,D,20110711,000000,8.4,8.4,7.7,8.3,0,0
MZA_PE,D,20110712,000000,8.2,8.2,7.7,8.1,0,0
MZA_PE,D,20110713,000000,7.8,8.3,7.8,8.2,0,0
MZA_PE,D,20110714,000000,8.2,9,8.1,8.9,0,0
MZA_PE,D,20110715,000000,9,9.1,8.6,8.7,0,0
MZA_PE,D,20110718,000000,8.7,8.7,8.2,8.2,0,0
MZA_PE,D,20110719,000000,8.2,8.2,7.9,8.2,0,0
MZA_PE,D,20110720,000000,8.3,8.7,8.3,8.4,0,0
MZA_PE,D,20110721,000000,8.6,8.6,8.2,8.6,0,0
MZA_PE,D,20110722,000000,8.3,8.6,8.2,8.5,0,0
MZA_PE,D,20110725,000000,8.5,8.5,8.3,8.4,0,0
MZA_PE,D,20110726,000000,8.3,8.4,8.3,8.3,0,0
MZA_PE,D,20110727,000000,8.5,8.5,8.2,8.2,0,0
MZA_PE,D,20110728,000000,8.2,8.2,7.6,7.9,0,0
MZA_PE,D,20110729,000000,7.9,8.3,7.9,8.3,0,0
MZA_PE,D,20110801,000000,8.3,8.5,8.2,8.4,0,0
MZA_PE,D,20110802,000000,8.4,8.4,8.1,8.2,0,0
MZA_PE,D,20110803,000000,8,8.2,7.5,7.7,0,0
MZA_PE,D,20110804,000000,7.4,7.8,6.9,7.4,0,0
MZA_PE,D,20110805,000000,6.2,7.4,6.2,7.1,0,0
MZA_PE,D,20110808,000000,6.5,7.1,6.5,6.8,0,0
MZA_PE,D,20110809,000000,6.8,6.8,5.8,6.7,0,0
MZA_PE,D,20110810,000000,6.7,7,6.6,6.7,0,0
MZA_PE,D,20110811,000000,6.7,7,6.6,7,0,0
MZA_PE,D,20110812,000000,7,7.3,6.8,7.2,0,0
MZA_PE,D,20110816,000000,7.4,7.6,7.3,7.6,0,0
MZA_PE,D,20110817,000000,7.7,7.9,7.6,7.9,0,0
MZA_PE,D,20110818,000000,7.9,8,7.1,7.5,0,0
MZA_PE,D,20110819,000000,7.2,7.6,7.2,7.5,0,0
MZA_PE,D,20110822,000000,7.6,8,7.6,7.9,0,0
MZA_PE,D,20110823,000000,7.8,8.1,7.8,8.1,0,0
MZA_PE,D,20110824,000000,8.1,8.1,8,8.1,0,0
MZA_PE,D,20110825,000000,8.2,8.2,7.4,8.2,0,0
MZA_PE,D,20110826,000000,8.1,8.4,8,8.4,0,0
MZA_PE,D,20110829,000000,8.4,8.4,8.4,8.4,0,0
MZA_PE,D,20110830,000000,8.4,8.4,8.2,8.2,0,0
MZA_PE,D,20110831,000000,8.2,8.4,8.2,8.4,0,0
MZA_PE,D,20110901,000000,8.4,8.4,8.3,8.4,0,0
MZA_PE,D,20110902,000000,8.3,10.3,8.1,10.3,0,0
MZA_PE,D,20110905,000000,10.1,10.3,9.4,10.1,0,0
MZA_PE,D,20110906,000000,9.7,10,9.7,10,0,0
MZA_PE,D,20110907,000000,10.1,10.3,9.7,10.1,0,0
MZA_PE,D,20110908,000000,10.1,10.4,9.9,10.3,0,0
MZA_PE,D,20110909,000000,10.2,10.3,10.1,10.2,0,0
MZA_PE,D,20110912,000000,10.2,10.2,9.3,10,0,0
MZA_PE,D,20110913,000000,10.1,10.3,9.7,10.1,0,0
MZA_PE,D,20110914,000000,10.1,10.2,10,10.1,0,0
MZA_PE,D,20110915,000000,10.1,10.1,10,10,0,0
MZA_PE,D,20110916,000000,10,10.2,10,10.1,0,0
MZA_PE,D,20110919,000000,10,10,9.4,9.7,0,0
MZA_PE,D,20110920,000000,10,10,9.6,9.7,0,0
MZA_PE,D,20110921,000000,9.7,10,9.7,10,0,0
MZA_PE,D,20110922,000000,10,10,9.5,9.5,0,0
MZA_PE,D,20110923,000000,9.5,9.5,8.8,9.1,0,0
MZA_PE,D,20110926,000000,9.1,9.1,8.8,9.1,0,0
MZA_PE,D,20110927,000000,9.3,9.3,9.1,9.3,0,0
MZA_PE,D,20110928,000000,8.9,9.3,8.9,9.3,0,0
MZA_PE,D,20110929,000000,9.3,9.3,8.9,9,0,0
MZA_PE,D,20110930,000000,9,9,9,9,0,0
MZA_PE,D,20111003,000000,8.9,8.9,8.7,8.9,0,0
MZA_PE,D,20111004,000000,8.6,8.9,8.3,8.3,0,0
MZA_PE,D,20111005,000000,8.3,8.4,8.2,8.4,0,0
MZA_PE,D,20111006,000000,8.6,8.9,8.4,8.9,0,0
MZA_PE,D,20111010,000000,8.9,9,8.5,9,0,0
MZA_PE,D,20111011,000000,8.6,8.8,8.6,8.8,0,0
MZA_PE,D,20111012,000000,8.7,8.7,8.7,8.7,0,0
MZA_PE,D,20111013,000000,8.5,8.7,8.5,8.7,0,0
MZA_PE,D,20111014,000000,8.5,8.7,8.5,8.7,0,0
MZA_PE,D,20111017,000000,8.7,8.7,8.6,8.6,0,0
MZA_PE,D,20111018,000000,8.5,8.6,8.5,8.6,0,0
MZA_PE,D,20111019,000000,8.6,8.6,8.5,8.6,0,0
MZA_PE,D,20111020,000000,8.6,8.6,8.5,8.5,0,0
MZA_PE,D,20111021,000000,8.6,8.6,8.6,8.6,0,0
MZA_PE,D,20111024,000000,8.4,8.5,8.4,8.5,0,0
MZA_PE,D,20111025,000000,8.3,8.4,8.2,8.4,0,0
MZA_PE,D,20111026,000000,8.4,8.4,8.2,8.3,0,0
MZA_PE,D,20111027,000000,8.1,8.6,8,8.6,0,0
MZA_PE,D,20111028,000000,8.5,8.7,8.5,8.7,0,0
MZA_PE,D,20111031,000000,8.6,9.5,8.6,8.9,0,0
MZA_PE,D,20111102,000000,8.7,9.2,8.4,8.6,0,0
MZA_PE,D,20111103,000000,8.6,8.6,8.4,8.6,0,0
MZA_PE,D,20111104,000000,8.4,8.6,8.4,8.4,0,0
MZA_PE,D,20111107,000000,8.4,8.5,8.4,8.4,0,0
MZA_PE,D,20111108,000000,8.6,8.8,8.3,8.5,0,0
MZA_PE,D,20111109,000000,8.4,8.6,8.4,8.5,0,0
MZA_PE,D,20111110,000000,8.4,8.6,8.4,8.6,0,0
MZA_PE,D,20111114,000000,8.7,8.7,8.6,8.6,0,0
MZA_PE,D,20111115,000000,8.4,8.6,8.2,8.2,0,0
MZA_PE,D,20111116,000000,8.2,8.2,8.2,8.2,0,0
MZA_PE,D,20111117,000000,8.2,8.2,8.1,8.1,0,0
MZA_PE,D,20111118,000000,8.1,8.1,8,8,0,0
MZA_PE,D,20111121,000000,8,8,7.9,7.9,0,0
MZA_PE,D,20111122,000000,7.9,7.9,7.5,7.8,0,0
MZA_PE,D,20111123,000000,7.8,8,7.8,7.9,0,0
MZA_PE,D,20111124,000000,7.9,7.9,7.8,7.8,0,0
MZA_PE,D,20111125,000000,7.8,7.8,7.7,7.7,0,0
MZA_PE,D,20111128,000000,7.8,8,7.8,7.9,0,0
MZA_PE,D,20111129,000000,7.9,7.9,7.5,7.8,0,0
MZA_PE,D,20111130,000000,7.8,8.1,7.8,7.9,0,0
MZA_PE,D,20111201,000000,7.9,8,7.9,8,0,0
MZA_PE,D,20111202,000000,7.7,8,7.7,7.9,0,0
MZA_PE,D,20111205,000000,7.9,8,7.9,8,0,0
MZA_PE,D,20111206,000000,7.8,8,7.8,8,0,0
MZA_PE,D,20111207,000000,8,8,7.9,7.9,0,0
MZA_PE,D,20111208,000000,7.9,7.9,7.9,7.9,0,0
MZA_PE,D,20111209,000000,7.9,8,7.9,7.9,0,0
MZA_PE,D,20111212,000000,7.8,7.8,7.8,7.8,0,0
MZA_PE,D,20111213,000000,7.8,7.8,7.8,7.8,0,0
MZA_PE,D,20111214,000000,7.8,7.8,7.7,7.7,0,0
MZA_PE,D,20111215,000000,7.7,8,7.7,8,0,0
MZA_PE,D,20111216,000000,7.9,8,7.7,7.7,0,0
MZA_PE,D,20111219,000000,7.7,7.9,7.7,7.9,0,0
MZA_PE,D,20111220,000000,7.8,7.8,7.7,7.7,0,0
MZA_PE,D,20111221,000000,7.5,7.8,7.5,7.7,0,0
MZA_PE,D,20111222,000000,7.7,7.7,7.6,7.6,0,0
MZA_PE,D,20111223,000000,7.5,7.8,7.5,7.8,0,0
MZA_PE,D,20111227,000000,7.6,7.8,7.1,7.5,0,0
MZA_PE,D,20111228,000000,7.7,7.7,7.4,7.6,0,0
MZA_PE,D,20111229,000000,7.6,7.6,7.5,7.5,0,0
MZA_PE,D,20111230,000000,7.5,7.6,7.4,7.6,0,0
MZA_PE,D,20120102,000000,7.7,7.8,7.6,7.8,0,0
MZA_PE,D,20120103,000000,7.4,7.8,7.2,7.7,0,0
MZA_PE,D,20120104,000000,7.7,7.7,7.3,7.7,0,0
MZA_PE,D,20120105,000000,7.7,7.7,7.3,7.3,0,0
MZA_PE,D,20120109,000000,7.4,7.5,7.3,7.3,0,0
MZA_PE,D,20120110,000000,7.3,7.4,7.3,7.3,0,0
MZA_PE,D,20120111,000000,7.3,7.3,7.3,7.3,0,0
MZA_PE,D,20120112,000000,7.3,7.8,7.3,7.6,0,0
MZA_PE,D,20120113,000000,7.6,7.8,7.6,7.8,0,0
MZA_PE,D,20120116,000000,7.8,8.2,7.8,8.2,0,0
MZA_PE,D,20120117,000000,8.2,8.7,7.9,8.3,0,0
MZA_PE,D,20120118,000000,8.4,8.4,8.1,8.3,0,0
MZA_PE,D,20120119,000000,8.3,8.3,8.1,8.2,0,0
MZA_PE,D,20120120,000000,8.4,8.5,8.2,8.4,0,0
MZA_PE,D,20120123,000000,8.4,8.5,8.4,8.4,0,0
MZA_PE,D,20120124,000000,8.4,8.5,8.4,8.4,0,0
MZA_PE,D,20120125,000000,8.4,8.6,8.3,8.6,0,0
MZA_PE,D,20120126,000000,8.6,8.7,8.6,8.7,0,0
MZA_PE,D,20120127,000000,8.7,9,8.7,9,0,0
MZA_PE,D,20120130,000000,9.2,9.2,8.8,8.8,0,0
MZA_PE,D,20120131,000000,8.8,9,8.8,9,0,0
MZA_PE,D,20120201,000000,9,9,8.6,9,0,0
MZA_PE,D,20120202,000000,9,9,8.8,8.8,0,0
MZA_PE,D,20120203,000000,8.8,8.8,8.6,8.7,0,0
MZA_PE,D,20120206,000000,8.9,8.9,8.3,8.8,0,0
MZA_PE,D,20120207,000000,8.8,8.8,8.3,8.3,0,0
MZA_PE,D,20120208,000000,8.4,8.4,8.1,8.4,0,0
MZA_PE,D,20120209,000000,8.4,8.4,8.2,8.2,0,0
MZA_PE,D,20120210,000000,8.2,8.2,8.1,8.1,0,0
MZA_PE,D,20120213,000000,8.2,8.3,8.2,8.3,0,0
MZA_PE,D,20120214,000000,8.3,8.3,8.1,8.1,0,0
MZA_PE,D,20120215,000000,8.1,8.3,8.1,8.3,0,0
MZA_PE,D,20120216,000000,8.3,8.3,8.1,8.3,0,0
MZA_PE,D,20120217,000000,8.3,8.5,8.1,8.5,0,0
MZA_PE,D,20120220,000000,8.6,8.6,8.2,8.2,0,0
MZA_PE,D,20120221,000000,8.5,8.5,8.3,8.3,0,0
MZA_PE,D,20120222,000000,8.3,8.4,8.2,8.4,0,0
MZA_PE,D,20120223,000000,8.4,8.4,8,8.1,0,0
MZA_PE,D,20120224,000000,8.1,8.3,8.1,8.3,0,0
MZA_PE,D,20120227,000000,8.3,8.3,8,8.3,0,0
MZA_PE,D,20120228,000000,8.3,8.4,8,8.3,0,0
MZA_PE,D,20120229,000000,8.5,8.5,8.4,8.5,0,0
MZA_PE,D,20120302,000000,8.4,8.4,8.2,8.2,0,0
MZA_PE,D,20120904,000000,3,3,3,3,0,0
MZA_PE,D,20120905,000000,3.1,3.2,3,3.2,0,0
MZA_PE,D,20120906,000000,3.2,3.2,3.2,3.2,0,0
MZA_PE,D,20120907,000000,3.1,8.4,3.1,8.4,0,0
MZA_PE,D,20120910,000000,8.4,8.4,7.9,8.1,0,0
MZA_PE,D,20120911,000000,8.1,8.1,8.1,8.1,0,0
MZA_PE,D,20120912,000000,8.4,8.4,8.1,8.4,0,0
MZA_PE,D,20120913,000000,8.4,8.4,8.2,8.2,0,0
MZA_PE,D,20120914,000000,8.4,8.4,7.9,8.4,0,0
MZA_PE,D,20120917,000000,8.4,8.4,8,8.2,0,0
MZA_PE,D,20120918,000000,8.4,8.4,8.2,8.4,0,0
MZA_PE,D,20120919,000000,7.9,8.1,7.8,8.1,0,0
MZA_PE,D,20120920,000000,8.1,8.3,8.1,8.1,0,0
MZA_PE,D,20120921,000000,7.9,8.3,7.9,8,0,0
MZA_PE,D,20120924,000000,8.2,8.2,7.8,8.2,0,0
MZA_PE,D,20120925,000000,8.2,8.2,7.8,8.1,0,0
MZA_PE,D,20120926,000000,8.1,8.2,8.1,8.2,0,0
MZA_PE,D,20120927,000000,8.2,8.2,8.2,8.2,0,0
MZA_PE,D,20120928,000000,7.7,8.2,7.5,8,0,0
MZA_PE,D,20121001,000000,8,8,7.6,7.9,0,0
MZA_PE,D,20121002,000000,7.9,7.9,7.9,7.9,0,0
MZA_PE,D,20121003,000000,8,8,7.9,8,0,0
MZA_PE,D,20121004,000000,8.1,8.2,7.6,8.2,0,0
MZA_PE,D,20121005,000000,8.1,8.1,8.1,8.1,0,0
MZA_PE,D,20121008,000000,8.1,8.1,8.1,8.1,0,0
MZA_PE,D,20121009,000000,8.1,8.1,8.1,8.1,0,0
MZA_PE,D,20121010,000000,8,8,8,8,0,0
MZA_PE,D,20121011,000000,8,8.4,7.9,7.9,0,0
MZA_PE,D,20121012,000000,8.2,8.2,7.9,8.2,0,0
MZA_PE,D,20121015,000000,7.7,8.2,7.7,7.9,0,0
MZA_PE,D,20121016,000000,8,8,7.6,7.9,0,0
MZA_PE,D,20121017,000000,7.9,7.9,7.6,7.9,0,0
MZA_PE,D,20121018,000000,7.7,7.9,7.6,7.8,0,0
MZA_PE,D,20121019,000000,7.8,7.8,7.6,7.8,0,0
MZA_PE,D,20121022,000000,7.8,7.8,7.4,7.7,0,0
MZA_PE,D,20121023,000000,7.7,7.7,7,7.7,0,0
MZA_PE,D,20121024,000000,7.7,7.7,7.6,7.6,0,0
MZA_PE,D,20121025,000000,7.6,7.6,7.6,7.6,0,0
MZA_PE,D,20121026,000000,7.6,7.6,7.6,7.6,0,0
MZA_PE,D,20121029,000000,7.8,7.8,7.2,7.8,0,0
MZA_PE,D,20121030,000000,7.7,7.7,7.7,7.7,0,0
MZA_PE,D,20121031,000000,7.9,7.9,7.1,7.8,0,0
MZA_PE,D,20121102,000000,7.8,7.8,7.8,7.8,0,0
MZA_PE,D,20121105,000000,7.8,7.8,7.8,7.8,0,0
MZA_PE,D,20121106,000000,7.8,7.8,7.8,7.8,0,0
MZA_PE,D,20121107,000000,7.8,7.8,7.7,7.7,0,0
MZA_PE,D,20121108,000000,7.5,7.7,7.5,7.7,0,0
MZA_PE,D,20121109,000000,7.6,7.6,7.6,7.6,0,0
MZA_PE,D,20121112,000000,7.6,7.6,7.2,7.4,0,0
MZA_PE,D,20121113,000000,7.4,7.4,7.4,7.4,0,0
MZA_PE,D,20121114,000000,7.4,7.4,7,7.3,0,0
MZA_PE,D,20121115,000000,7,45.9,7,45.9,0,0
MZA_PE,D,20121116,000000,45.9,47.1,45.9,46.3,0,0
MZA_PE,D,20121119,000000,44.8,47.2,44.8,47.2,0,0
MZA_PE,D,20121120,000000,47.2,48.7,47.2,48.6,0,0
MZA_PE,D,20121121,000000,48.7,48.7,45.4,48.3,0,0
MZA_PE,D,20121122,000000,48.6,50.1,48.6,50.1,0,0
MZA_PE,D,20121123,000000,48.7,50.4,48.7,50.4,0,0
MZA_PE,D,20121126,000000,50.4,50.4,48.7,50.2,0,0
MZA_PE,D,20121127,000000,50.2,50.2,48.7,50.1,0,0
MZA_PE,D,20121128,000000,50.1,50.1,50.1,50.1,0,0
MZA_PE,D,20121129,000000,50.1,50.2,45.9,50.2,0,0
MZA_PE,D,20121130,000000,50.2,51.5,48.8,51.5,0,0
MZA_PE,D,20121203,000000,51.5,51.5,48.7,51.3,0,0
MZA_PE,D,20121204,000000,51.3,51.3,51.2,51.2,0,0
MZA_PE,D,20121205,000000,51.2,51.2,51.2,51.2,0,0
MZA_PE,D,20121206,000000,51.2,51.2,47.6,50.1,0,0
MZA_PE,D,20121207,000000,50.2,50.2,50.2,50.2,0,0
MZA_PE,D,20121211,000000,47.3,49.8,47.3,48.7,0,0
MZA_PE,D,20121212,000000,49.9,49.9,49.9,49.9,0,0
MZA_PE,D,20121213,000000,47.6,49.9,47.6,49.2,0,0
MZA_PE,D,20121214,000000,49.3,50.8,48.6,50.1,0,0
MZA_PE,D,20121217,000000,50.8,50.8,48.1,50.1,0,0
MZA_PE,D,20121218,000000,50.8,50.8,50.8,50.8,0,0
MZA_PE,D,20121219,000000,50.1,50.8,50.1,50.8,0,0
MZA_PE,D,20121220,000000,50.8,51.2,47.8,49.2,0,0
MZA_PE,D,20121221,000000,49.2,49.6,47.5,48.6,0,0
MZA_PE,D,20121227,000000,48.6,48.6,46.1,48.6,0,0
MZA_PE,D,20121228,000000,48.6,48.6,46,48.4,0,0
MZA_PE,D,20130102,000000,52,52,52,52,0,0
MZA_PE,D,20130103,000000,49.7,49.7,49.2,49.2,0,0
MZA_PE,D,20130104,000000,50.6,50.6,49.2,49.5,0,0
MZA_PE,D,20130107,000000,50.6,50.8,49.9,49.9,0,0
MZA_PE,D,20130108,000000,50.3,50.3,48.7,48.7,0,0
MZA_PE,D,20130109,000000,48.7,48.7,47.3,48.7,0,0
MZA_PE,D,20130110,000000,48.7,48.7,46.7,48.7,0,0
MZA_PE,D,20130111,000000,48.3,48.3,48.3,48.3,0,0
MZA_PE,D,20130114,000000,48.3,50.4,47.4,48.7,0,0
MZA_PE,D,20130115,000000,49.8,52.7,49.8,52.7,0,0
MZA_PE,D,20130116,000000,52.2,52.2,52.2,52.2,0,0
MZA_PE,D,20130117,000000,52.2,52.2,47.4,48.7,0,0
MZA_PE,D,20130118,000000,50.9,50.9,48.3,49.5,0,0
MZA_PE,D,20130121,000000,50.5,50.5,48.7,49.2,0,0
MZA_PE,D,20130122,000000,49.2,49.2,49.2,49.2,0,0
MZA_PE,D,20130123,000000,49.2,49.4,48.6,49.4,0,0
MZA_PE,D,20130124,000000,49.9,49.9,49.9,49.9,0,0
MZA_PE,D,20130125,000000,50.6,51.3,48.3,49,0,0
MZA_PE,D,20130128,000000,48.3,48.7,47.5,48.7,0,0
MZA_PE,D,20130129,000000,48.8,49.8,47.6,48.7,0,0
MZA_PE,D,20130130,000000,48.7,49.5,47.3,49.5,0,0
MZA_PE,D,20130131,000000,48.4,50.4,48.4,50.4,0,0
MZA_PE,D,20130201,000000,50.6,50.6,50.4,50.5,0,0
MZA_PE,D,20130204,000000,50.3,51.3,49,49,0,0
MZA_PE,D,20130205,000000,49,49,49,49,0,0
MZA_PE,D,20130206,000000,49,50.8,49,50.8,0,0
MZA_PE,D,20130207,000000,50.8,50.8,50.8,50.8,0,0
MZA_PE,D,20130208,000000,50.8,50.8,47.8,50.4,0,0
MZA_PE,D,20130211,000000,50.4,50.8,48.2,49.5,0,0
MZA_PE,D,20130212,000000,50.2,50.2,49.2,49.2,0,0
MZA_PE,D,20130213,000000,48.8,50.6,48.8,50.6,0,0
MZA_PE,D,20130214,000000,48.7,49.4,47.6,49.2,0,0
MZA_PE,D,20130215,000000,49.9,49.9,47.9,49.2,0,0
MZA_PE,D,20130218,000000,49.4,49.4,47.5,49.4,0,0
MZA_PE,D,20130219,000000,49.2,49.2,47.6,48.7,0,0
MZA_PE,D,20130220,000000,49.4,49.7,48.7,49.7,0,0
MZA_PE,D,20130221,000000,49.7,49.7,49.7,49.7,0,0
MZA_PE,D,20130222,000000,48.7,49.2,47.8,48.7,0,0
MZA_PE,D,20130225,000000,48.8,49.7,47.7,49.7,0,0
MZA_PE,D,20130226,000000,49.4,49.4,49.4,49.4,0,0
MZA_PE,D,20130227,000000,49.7,49.7,48.7,49.2,0,0
MZA_PE,D,20130228,000000,49.2,49.2,47.5,49.1,0,0
MZA_PE,D,20130301,000000,48.5,49.1,48.5,48.6,0,0
MZA_PE,D,20130304,000000,46.7,49.2,46.7,47.4,0,0
MZA_PE,D,20140304,000000,63,63,63,63,0,0
MZA_PE,D,20140305,000000,62.9,62.9,62.8,62.8,0,0
MZA_PE,D,20140306,000000,62.9,64.7,62.9,64.6,0,0
MZA_PE,D,20140307,000000,64.8,64.8,59.5,63.5,0,0
MZA_PE,D,20140310,000000,64.5,64.6,61.9,64.6,0,0
MZA_PE,D,20140312,000000,64.6,64.6,64.6,64.6,0,0
MZA_PE,D,20140313,000000,61.1,64.4,59,64.4,0,0
MZA_PE,D,20140314,000000,63.9,64.1,62.1,62.1,0,0
MZA_PE,D,20140317,000000,58.6,61.7,58.6,59.7,0,0
MZA_PE,D,20140318,000000,59.7,60.9,59.1,59.1,0,0
MZA_PE,D,20140319,000000,59.1,60.1,59.1,60,0,0
MZA_PE,D,20140320,000000,58.7,60,58.7,59.8,0,0
MZA_PE,D,20140321,000000,58.6,59.5,58.6,59.5,0,0
MZA_PE,D,20140324,000000,59.5,59.5,59.5,59.5,0,0
MZA_PE,D,20140325,000000,59.5,59.5,59.5,59.5,0,0
MZA_PE,D,20140327,000000,57.8,59.4,57.8,58.6,0,0
MZA_PE,D,20140328,000000,59.3,59.3,59.3,59.3,0,0
MZA_PE,D,20140331,000000,59.3,59.3,59.3,59.3,0,0
MZA_PE,D,20140401,000000,59.3,59.5,59.3,59.5,0,0
MZA_PE,D,20140402,000000,59.5,59.5,59.5,59.5,0,0
MZA_PE,D,20140403,000000,59.5,73.4,59.5,73.3,0,0
MZA_PE,D,20140404,000000,73.3,76.9,67.1,74.9,0,0
MZA_PE,D,20140407,000000,77.1,81.3,72,74.9,0,0
MZA_PE,D,20140408,000000,76.2,82.1,70.1,75.8,0,0
MZA_PE,D,20140409,000000,75.8,76.5,72.1,72.1,0,0
MZA_PE,D,20140410,000000,74.8,81.6,72.5,74.2,0,0
MZA_PE,D,20140411,000000,76.5,76.5,69,69.8,0,0
MZA_PE,D,20140414,000000,69.9,69.9,63.5,66.8,0,0
MZA_PE,D,20140415,000000,66.8,66.8,60.5,61.1,0,0
MZA_PE,D,20140416,000000,60.4,64.4,59.5,60.4,0,0
MZA_PE,D,20140417,000000,59.5,59.5,59.3,59.3,0,0
MZA_PE,D,20140422,000000,60.5,63,60.5,63,0,0
MZA_PE,D,20140423,000000,61.6,63,61.6,63,0,0
MZA_PE,D,20140424,000000,63,63,63,63,0,0
MZA_PE,D,20140425,000000,58.8,63,58.8,63,0,0
MZA_PE,D,20140428,000000,62.1,64.5,56.9,56.9,0,0
MZA_PE,D,20140429,000000,59.5,59.5,56.6,58.8,0,0
MZA_PE,D,20140430,000000,59.2,59.2,58.8,59.1,0,0
MZA_PE,D,20140502,000000,59.1,61.2,59.1,61.2,0,0
MZA_PE,D,20140505,000000,61.2,61.2,61.2,61.2,0,0
MZA_PE,D,20140506,000000,60.3,61.2,48.3,48.3,0,0
MZA_PE,D,20140507,000000,48.9,48.9,48.1,48.7,0,0
MZA_PE,D,20140508,000000,48.7,48.7,48.7,48.7,0,0
MZA_PE,D,20140509,000000,48.7,48.7,46.6,48.7,0,0
MZA_PE,D,20140516,000000,47.3,50.1,47.3,50.1,0,0
MZA_PE,D,20140521,000000,46.3,47.3,46,47.3,0,0
MZA_PE,D,20140522,000000,49.2,49.2,49.2,49.2,0,0
MZA_PE,D,20140523,000000,48.3,48.5,46.4,46.5,0,0
MZA_PE,D,20140526,000000,48.5,48.5,46.4,46.9,0,0
MZA_PE,D,20140527,000000,46.9,46.9,5,5,0,0
MZA_PE,D,20140528,000000,5,5.1,4.9,5.1,0,0
MZA_PE,D,20140529,000000,5.1,5.4,5.1,5.3,0,0
MZA_PE,D,20140530,000000,5.3,5.3,5.3,5.3,0,0
MZA_PE,D,20140602,000000,5.3,5.3,5.1,5.1,0,0
MZA_PE,D,20140603,000000,4.9,5.3,4.9,5.1,0,0
MZA_PE,D,20140604,000000,5.3,5.3,4.9,5.3,0,0
MZA_PE,D,20140605,000000,5.3,5.3,4.9,5,0,0
MZA_PE,D,20140606,000000,5.3,5.3,5,5.3,0,0
MZA_PE,D,20140609,000000,5.3,5.4,5.3,5.4,0,0
MZA_PE,D,20140611,000000,5,5.4,5,5.3,0,0
MZA_PE,D,20140612,000000,5.3,5.3,5.3,5.3,0,0
MZA_PE,D,20140616,000000,4.9,5.3,4.9,5.3,0,0
MZA_PE,D,20140617,000000,5.3,5.3,5.3,5.3,0,0
MZA_PE,D,20140620,000000,5.3,5.3,5,5.3,0,0
MZA_PE,D,20140623,000000,5.3,5.3,4.9,5.3,0,0
MZA_PE,D,20140624,000000,5.3,5.3,5,5,0,0
MZA_PE,D,20140625,000000,5.3,5.3,5.3,5.3,0,0
MZA_PE,D,20140627,000000,5,5.2,5,5.2,0,0
MZA_PE,D,20140630,000000,5.2,5.3,5,5.2,0,0
MZA_PE,D,20140701,000000,5.2,5.3,4.9,5.2,0,0
MZA_PE,D,20140702,000000,5.2,5.3,5.2,5.3,0,0
MZA_PE,D,20140703,000000,5,5.2,5,5.2,0,0
MZA_PE,D,20140704,000000,5.2,5.3,5.2,5.3,0,0
MZA_PE,D,20140707,000000,5.3,5.3,5,5.2,0,0
MZA_PE,D,20140708,000000,4.9,5.2,4.9,5,0,0
MZA_PE,D,20140709,000000,5.1,5.1,5,5,0,0
MZA_PE,D,20140710,000000,5.1,5.1,4.9,5.1,0,0
MZA_PE,D,20140711,000000,5.1,5.1,5.1,5.1,0,0
MZA_PE,D,20140715,000000,4.9,5,4.9,5,0,0
MZA_PE,D,20140716,000000,5,5.1,5,5.1,0,0
MZA_PE,D,20140717,000000,5.1,5.1,4.8,5.1,0,0
MZA_PE,D,20140718,000000,5.1,5.1,5.1,5.1,0,0
MZA_PE,D,20140724,000000,4.9,5.1,4.8,4.8,0,0
MZA_PE,D,20140725,000000,5.1,5.2,4.8,4.8,0,0
MZA_PE,D,20140728,000000,5.1,5.1,4.8,5,0,0
MZA_PE,D,20140730,000000,5.1,5.1,5.1,5.1,0,0
MZA_PE,D,20140731,000000,5.1,5.1,5.1,5.1,0,0
MZA_PE,D,20140801,000000,4.8,4.9,4.8,4.9,0,0
MZA_PE,D,20140804,000000,5.1,5.1,4.8,4.9,0,0
MZA_PE,D,20140805,000000,4.9,4.9,4.9,4.9,0,0
MZA_PE,D,20140806,000000,5,5,5,5,0,0
MZA_PE,D,20140812,000000,4.6,4.7,4.6,4.7,0,0
MZA_PE,D,20140813,000000,4.7,4.7,4.7,4.7,0,0
MZA_PE,D,20140814,000000,4.7,4.7,4.6,4.7,0,0
MZA_PE,D,20140818,000000,4.7,4.7,4.7,4.7,0,0
MZA_PE,D,20140819,000000,4.7,4.8,4.7,4.8,0,0
MZA_PE,D,20140820,000000,4.8,4.8,4.8,4.8,0,0
MZA_PE,D,20140821,000000,4.8,4.8,4.8,4.8,0,0
MZA_PE,D,20140822,000000,4.8,4.8,4.8,4.8,0,0
MZA_PE,D,20140825,000000,4.7,4.8,4.6,4.8,0,0
MZA_PE,D,20140826,000000,4.6,4.7,4.6,4.7,0,0
MZA_PE,D,20140827,000000,4.8,4.8,4.8,4.8,0,0
MZA_PE,D,20140829,000000,4.6,5.9,4.4,5.9,0,0
MZA_PE,D,20140901,000000,5.9,5.9,5.9,5.9,0,0
MZA_PE,D,20140902,000000,5.9,5.9,5.6,5.7,0,0
MZA_PE,D,20140903,000000,5.4,5.7,5.4,5.7,0,0
MZA_PE,D,20140904,000000,5.7,5.7,5.7,5.7,0,0
MZA_PE,D,20140905,000000,5.7,5.7,5.3,5.7,0,0
MZA_PE,D,20140908,000000,5.7,5.8,5.4,5.7,0,0
MZA_PE,D,20140909,000000,5.8,5.8,5.7,5.8,0,0
MZA_PE,D,20140910,000000,5.8,5.8,5.8,5.8,0,0
MZA_PE,D,20140911,000000,5.8,5.8,5.8,5.8,0,0
MZA_PE,D,20140912,000000,5.4,5.7,5.2,5.4,0,0
MZA_PE,D,20140915,000000,5.7,5.7,5.7,5.7,0,0
MZA_PE,D,20140916,000000,5.7,5.7,5.7,5.7,0,0
MZA_PE,D,20140917,000000,5.7,5.8,5.7,5.8,0,0
MZA_PE,D,20140918,000000,5.8,5.9,5.8,5.9,0,0
MZA_PE,D,20140919,000000,5.9,5.9,5.9,5.9,0,0
MZA_PE,D,20140922,000000,5.9,6,5.9,6,0,0
MZA_PE,D,20140923,000000,6,6.3,5.9,6.3,0,0
MZA_PE,D,20140924,000000,6,6.3,6,6.2,0,0
MZA_PE,D,20140925,000000,6.2,6.2,6.2,6.2,0,0
MZA_PE,D,20140926,000000,6.3,6.3,6.2,6.2,0,0
MZA_PE,D,20140929,000000,6.3,6.3,6.3,6.3,0,0
MZA_PE,D,20140930,000000,6,6.2,6,6.2,0,0
MZA_PE,D,20141001,000000,6,6.2,5.9,6.1,0,0
MZA_PE,D,20141002,000000,6.1,6.2,6.1,6.2,0,0
MZA_PE,D,20141003,000000,5.9,6.3,5.9,6.3,0,0
MZA_PE,D,20141006,000000,6.3,6.3,6.2,6.2,0,0
MZA_PE,D,20141007,000000,6.2,6.2,6.2,6.2,0,0
MZA_PE,D,20141008,000000,6.3,6.5,6.3,6.5,0,0
MZA_PE,D,20141009,000000,6.5,6.6,6.5,6.6,0,0
MZA_PE,D,20141010,000000,6.6,6.6,6.6,6.6,0,0
MZA_PE,D,20141013,000000,6.7,6.7,6.7,6.7,0,0
MZA_PE,D,20141014,000000,6.7,6.7,6.7,6.7,0,0
MZA_PE,D,20141016,000000,6.7,6.7,6.7,6.7,0,0
MZA_PE,D,20141021,000000,6.7,6.7,6.7,6.7,0,0
MZA_PE,D,20141022,000000,6.5,6.7,6.5,6.7,0,0
MZA_PE,D,20141023,000000,6.7,6.7,6.1,6.6,0,0
MZA_PE,D,20141027,000000,6.6,6.6,6.3,6.3,0,0
MZA_PE,D,20141028,000000,6.3,6.3,6.1,6.3,0,0
MZA_PE,D,20141029,000000,6.1,6.3,6.1,6.3,0,0
MZA_PE,D,20141030,000000,6.3,6.3,5.9,5.9,0,0
MZA_PE,D,20141031,000000,6.1,6.1,6.1,6.1,0,0
MZA_PE,D,20141103,000000,6.1,6.2,6.1,6.2,0,0
MZA_PE,D,20141104,000000,6.2,6.2,6.1,6.2,0,0
MZA_PE,D,20141105,000000,6.2,6.2,6.2,6.2,0,0
MZA_PE,D,20141106,000000,6.2,6.2,6.1,6.1,0,0
MZA_PE,D,20141107,000000,6.1,6.1,5.9,6.1,0,0
MZA_PE,D,20141110,000000,6.1,6.1,6.1,6.1,0,0
MZA_PE,D,20141112,000000,6.1,6.1,5.9,6.1,0,0
MZA_PE,D,20141113,000000,6.1,6.1,5.9,6.1,0,0
MZA_PE,D,20141114,000000,6.1,6.1,5.9,6.1,0,0
MZA_PE,D,20141117,000000,6.1,6.1,6.1,6.1,0,0
MZA_PE,D,20141118,000000,6.1,6.1,6,6,0,0
MZA_PE,D,20141119,000000,6,6,6,6,0,0
MZA_PE,D,20141120,000000,6,6,6,6,0,0
MZA_PE,D,20141121,000000,6,6,5.8,6,0,0
MZA_PE,D,20141124,000000,5.6,5.9,5.6,5.7,0,0
MZA_PE,D,20141125,000000,5.9,6,4.8,4.8,0,0
MZA_PE,D,20141126,000000,4.6,4.6,4.6,4.6,0,0
MZA_PE,D,20141127,000000,4.6,4.8,4.5,4.8,0,0
MZA_PE,D,20141128,000000,4.8,4.8,4.8,4.8,0,0
MZA_PE,D,20141201,000000,4.6,4.8,4.6,4.8,0,0
MZA_PE,D,20141202,000000,4.8,4.8,4.8,4.8,0,0
MZA_PE,D,20141203,000000,4.8,4.8,4.8,4.8,0,0
MZA_PE,D,20141204,000000,4.8,4.9,4.8,4.9,0,0
MZA_PE,D,20141205,000000,4.9,4.9,4.9,4.9,0,0
MZA_PE,D,20141208,000000,4.9,4.9,4.9,4.9,0,0
MZA_PE,D,20141209,000000,4.9,4.9,4.6,4.9,0,0
MZA_PE,D,20141210,000000,4.9,4.9,4.9,4.9,0,0
MZA_PE,D,20141211,000000,4.9,4.9,4.6,4.9,0,0
MZA_PE,D,20141215,000000,4.8,4.9,4.8,4.9,0,0
MZA_PE,D,20141216,000000,4.9,4.9,4.9,4.9,0,0
MZA_PE,D,20141217,000000,4.9,4.9,4.9,4.9,0,0
MZA_PE,D,20141218,000000,4.9,4.9,4.6,4.6,0,0
MZA_PE,D,20141219,000000,4.6,4.8,4.6,4.8,0,0
MZA_PE,D,20141222,000000,4.8,4.8,4.4,4.8,0,0
MZA_PE,D,20141229,000000,4.7,4.7,4.4,4.7,0,0
MZA_PE,D,20141230,000000,4.4,4.8,4.4,4.8,0,0
MZA_PE,D,20150102,000000,4.8,4.8,4.8,4.8,0,0
MZA_PE,D,20150105,000000,4.8,4.8,4.4,4.8,0,0
MZA_PE,D,20150107,000000,4.8,4.9,4.7,4.9,0,0
MZA_PE,D,20150108,000000,4.9,5.3,4.9,5.3,0,0
MZA_PE,D,20150109,000000,5.3,5.3,5.1,5.3,0,0
MZA_PE,D,20150112,000000,5.4,5.4,5.4,5.4,0,0
MZA_PE,D,20150114,000000,5.3,5.3,4.7,4.7,0,0
MZA_PE,D,20150115,000000,4.9,5.1,4.9,5,0,0
MZA_PE,D,20150119,000000,4.9,5.3,4.9,5.3,0,0
MZA_PE,D,20150120,000000,5.3,5.3,5.3,5.3,0,0
MZA_PE,D,20150121,000000,5.3,5.4,4.8,4.8,0,0
MZA_PE,D,20150122,000000,5.3,5.3,5.3,5.3,0,0
MZA_PE,D,20150123,000000,5.3,5.3,5.3,5.3,0,0
MZA_PE,D,20150126,000000,5.3,5.3,5.3,5.3,0,0
MZA_PE,D,20150127,000000,5.3,5.3,5.3,5.3,0,0
MZA_PE,D,20150128,000000,5.3,5.4,5.3,5.4,0,0
MZA_PE,D,20150129,000000,5.4,5.4,4.9,5.4,0,0
MZA_PE,D,20150130,000000,5.4,5.4,5.4,5.4,0,0
MZA_PE,D,20150202,000000,5.4,5.4,5.4,5.4,0,0
MZA_PE,D,20150205,000000,5.3,5.7,5.3,5.6,0,0
MZA_PE,D,20150209,000000,5.5,5.5,5.4,5.4,0,0
MZA_PE,D,20150210,000000,5.4,5.5,5.3,5.5,0,0
MZA_PE,D,20150211,000000,5.5,5.5,5.1,5.4,0,0
MZA_PE,D,20150212,000000,5.4,5.6,5.4,5.5,0,0
MZA_PE,D,20150213,000000,5.1,5.3,5.1,5.3,0,0
MZA_PE,D,20150216,000000,5.5,5.5,5.4,5.4,0,0
MZA_PE,D,20150217,000000,5.4,5.4,5,5.4,0,0
MZA_PE,D,20150219,000000,5.1,5.2,5.1,5.2,0,0
MZA_PE,D,20150220,000000,5.3,5.3,4.8,5.2,0,0
MZA_PE,D,20150223,000000,5.2,5.2,5.2,5.2,0,0
MZA_PE,D,20150226,000000,5.2,5.2,5.2,5.2,0,0
MZA_PE,D,20150227,000000,5.1,5.2,5.1,5.2,0,0
MZA_PE,D,20150302,000000,5.2,8.1,5.1,8.1,0,0
MZA_PE,D,20150303,000000,8.1,8.1,7.6,8,0,0
MZA_PE,D,20150304,000000,8,8,8,8,0,0
MZA_PE,D,20150305,000000,7.9,7.9,7.5,7.5,0,0
MZA_PE,D,20150306,000000,7.5,7.6,7.3,7.6,0,0
MZA_PE,D,20150309,000000,7.6,7.6,7.6,7.6,0,0
MZA_PE,D,20150310,000000,7.6,7.6,7.3,7.5,0,0
MZA_PE,D,20150312,000000,7.3,7.4,7.3,7.4,0,0
MZA_PE,D,20150313,000000,7.4,7.4,7.4,7.4,0,0
MZA_PE,D,20150316,000000,7.4,7.4,7.1,7.4,0,0
MZA_PE,D,20150317,000000,7.4,7.4,7.3,7.4,0,0
MZA_PE,D,20150318,000000,7.4,7.7,7.4,7.7,0,0
MZA_PE,D,20150319,000000,7.4,7.7,7.4,7.7,0,0
MZA_PE,D,20150320,000000,7.7,7.7,7.3,7.7,0,0
MZA_PE,D,20150331,000000,7.4,7.4,7.4,7.4,0,0
MZA_PE,D,20150401,000000,7.4,7.4,7.4,7.4,0,0
MZA_PE,D,20150402,000000,7.4,7.4,7.1,7.2,0,0
MZA_PE,D,20150407,000000,7.3,7.5,7.3,7.4,0,0
MZA_PE,D,20150408,000000,7.4,7.4,7.4,7.4,0,0
MZA_PE,D,20150409,000000,7.4,7.4,7.3,7.4,0,0
MZA_PE,D,20150410,000000,7.1,7.4,7.1,7.4,0,0
MZA_PE,D,20150413,000000,7.4,7.4,7.4,7.4,0,0
MZA_PE,D,20150414,000000,7.4,7.4,7.3,7.4,0,0
MZA_PE,D,20150415,000000,7.4,7.4,7.1,7.1,0,0
MZA_PE,D,20150416,000000,7.4,7.4,7.4,7.4,0,0
MZA_PE,D,20150417,000000,7.4,7.4,7.1,7.1,0,0
MZA_PE,D,20150420,000000,7.4,7.4,7.1,7.1,0,0
MZA_PE,D,20150421,000000,7.1,7.5,7.1,7.5,0,0
MZA_PE,D,20150422,000000,7.5,7.5,7.4,7.4,0,0
MZA_PE,D,20150423,000000,7.5,7.7,7.5,7.7,0,0
MZA_PE,D,20150424,000000,7.7,8.5,7.7,8.5,0,0
MZA_PE,D,20150427,000000,8.6,8.9,8.5,8.7,0,0
MZA_PE,D,20150428,000000,8.5,8.7,8.5,8.7,0,0
MZA_PE,D,20150429,000000,8.8,8.8,8.8,8.8,0,0
MZA_PE,D,20150430,000000,8.5,8.8,8.5,8.8,0,0
MZA_PE,D,20150504,000000,8.7,9,8.7,9,0,0
MZA_PE,D,20150505,000000,9,9.2,9,9.2,0,0
MZA_PE,D,20150506,000000,9.3,9.3,9.3,9.3,0,0
MZA_PE,D,20150507,000000,9.3,9.3,9.2,9.2,0,0
MZA_PE,D,20150508,000000,9.2,9.3,9.2,9.3,0,0
MZA_PE,D,20150511,000000,9.3,9.3,8.7,9.3,0,0
MZA_PE,D,20150512,000000,9.3,9.3,9.3,9.3,0,0
MZA_PE,D,20150513,000000,9.3,9.3,9.3,9.3,0,0
MZA_PE,D,20150514,000000,9.3,9.3,9.3,9.3,0,0
MZA_PE,D,20150515,000000,9.3,9.3,9.3,9.3,0,0
MZA_PE,D,20150518,000000,9.3,9.3,9.3,9.3,0,0
MZA_PE,D,20150525,000000,22.2,22.2,22.2,22.2,0,0
MZA_PE,D,20150526,000000,22.1,23.1,22.1,23.1,0,0
MZA_PE,D,20150528,000000,23.1,23.1,23.1,23.1,0,0
MZA_PE,D,20150529,000000,23.1,23.1,22.2,23.1,0,0
MZA_PE,D,20150601,000000,22.2,22.7,22.2,22.7,0,0
MZA_PE,D,20150602,000000,22.7,22.7,22.7,22.7,0,0
MZA_PE,D,20150603,000000,22.7,22.7,22.1,22.4,0,0
MZA_PE,D,20150605,000000,22.4,22.4,22.4,22.4,0,0
MZA_PE,D,20150608,000000,22.4,22.4,22.3,22.4,0,0
MZA_PE,D,20150609,000000,22.4,22.4,22.3,22.3,0,0
MZA_PE,D,20150610,000000,22.3,22.3,22,22,0,0
MZA_PE,D,20150611,000000,22.3,22.3,20.4,20.4,0,0
MZA_PE,D,20150612,000000,22.1,22.1,22.1,22.1,0,0
MZA_PE,D,20150615,000000,22.1,22.1,22.1,22.1,0,0
MZA_PE,D,20150616,000000,22.1,22.1,22.1,22.1,0,0
MZA_PE,D,20150617,000000,22.1,22.1,22.1,22.1,0,0
MZA_PE,D,20150618,000000,22.1,22.1,22.1,22.1,0,0
MZA_PE,D,20150619,000000,22.1,22.1,22.1,22.1,0,0
MZA_PE,D,20150622,000000,22.2,22.2,20.2,20.2,0,0
MZA_PE,D,20150623,000000,22.2,22.2,22.1,22.1,0,0
MZA_PE,D,20150624,000000,22.1,22.1,22.1,22.1,0,0
MZA_PE,D,20150625,000000,22.1,22.1,22.1,22.1,0,0
MZA_PE,D,20150629,000000,22.1,22.1,22.1,22.1,0,0
MZA_PE,D,20150630,000000,20.5,21.4,20.1,20.1,0,0
MZA_PE,D,20150701,000000,21.4,21.4,21.4,21.4,0,0
MZA_PE,D,20150702,000000,21.4,21.4,21.4,21.4,0,0
MZA_PE,D,20150703,000000,21.3,21.3,21.3,21.3,0,0
MZA_PE,D,20150706,000000,21.3,22.7,20.1,22.7,0,0
MZA_PE,D,20150707,000000,22.7,22.7,22.7,22.7,0,0
MZA_PE,D,20150709,000000,22.7,22.7,22.7,22.7,0,0
MZA_PE,D,20150710,000000,22.7,22.7,22.7,22.7,0,0
MZA_PE,D,20150714,000000,20.9,20.9,20.9,20.9,0,0
MZA_PE,D,20150715,000000,21.5,21.5,20.3,20.9,0,0
MZA_PE,D,20150716,000000,21.5,21.5,21.4,21.4,0,0
MZA_PE,D,20150720,000000,22.1,22.1,22.1,22.1,0,0
MZA_PE,D,20150721,000000,22.1,22.1,21.4,22.1,0,0
MZA_PE,D,20150722,000000,22.1,22.1,22.1,22.1,0,0
MZA_PE,D,20150723,000000,22.1,22.1,22.1,22.1,0,0
MZA_PE,D,20150727,000000,20.9,20.9,20.9,20.9,0,0
MZA_PE,D,20150728,000000,21.2,21.2,21.2,21.2,0,0
MZA_PE,D,20150729,000000,21.2,21.2,21.2,21.2,0,0
MZA_PE,D,20150730,000000,21.2,21.2,21.2,21.2,0,0
MZA_PE,D,20150731,000000,21.2,21.2,21.2,21.2,0,0
MZA_PE,D,20150803,000000,21.2,21.2,21.2,21.2,0,0
MZA_PE,D,20150805,000000,19.5,21.1,19.5,21.1,0,0
MZA_PE,D,20150806,000000,19.3,20.4,19.3,19.4,0,0
MZA_PE,D,20150807,000000,20.4,20.4,20.4,20.4,0,0
MZA_PE,D,20150810,000000,21.1,21.1,19.4,21,0,0
MZA_PE,D,20150811,000000,21,21,21,21,0,0
MZA_PE,D,20150812,000000,21,21,21,21,0,0
MZA_PE,D,20150813,000000,21,21,19.3,21,0,0
MZA_PE,D,20150817,000000,19.3,20.8,19.3,20.8,0,0
MZA_PE,D,20150818,000000,21.2,21.2,21.2,21.2,0,0
MZA_PE,D,20150819,000000,19.5,20.8,19.5,20.8,0,0
MZA_PE,D,20150820,000000,20.8,20.8,19.4,19.6,0,0
MZA_PE,D,20150821,000000,19.7,19.7,19.3,19.6,0,0
MZA_PE,D,20150824,000000,19.6,19.6,18.4,19.6,0,0
MZA_PE,D,20150825,000000,19.6,19.6,19.6,19.6,0,0
MZA_PE,D,20150826,000000,19.6,19.6,19.6,19.6,0,0
MZA_PE,D,20150827,000000,19.6,19.6,19.6,19.6,0,0
MZA_PE,D,20150828,000000,19.6,21.1,9.9,9.9,0,0
MZA_PE,D,20150908,000000,9.9,9.9,9.9,9.9,0,0
MZA_PE,D,20150915,000000,8.5,9.4,8.5,9.4,0,0
MZA_PE,D,20150916,000000,10,10,9.9,9.9,0,0
MZA_PE,D,20150922,000000,9.5,9.8,9.5,9.8,0,0
MZA_PE,D,20150923,000000,8.8,9.4,8.8,9.3,0,0
MZA_PE,D,20150924,000000,9.3,9.3,8.7,9.2,0,0
MZA_PE,D,20150925,000000,9.2,9.2,9.2,9.2,0,0
MZA_PE,D,20150928,000000,9.2,9.2,8.6,9.2,0,0
MZA_PE,D,20150929,000000,9.2,9.2,9.2,9.2,0,0
MZA_PE,D,20151005,000000,8.6,9.1,8.6,9.1,0,0
MZA_PE,D,20151006,000000,9.1,9.1,9.1,9.1,0,0
MZA_PE,D,20151007,000000,9.1,9.1,9.1,9.1,0,0
MZA_PE,D,20151008,000000,9.2,9.2,9.2,9.2,0,0
MZA_PE,D,20151009,000000,9.2,9.2,8.5,9.2,0,0
MZA_PE,D,20151012,000000,9.2,9.2,9.2,9.2,0,0
MZA_PE,D,20151013,000000,9.2,9.2,8.5,8.5,0,0
MZA_PE,D,20151014,000000,9.2,9.2,8.1,9.1,0,0
MZA_PE,D,20151015,000000,9.2,9.2,8.8,9.2,0,0
MZA_PE,D,20151016,000000,9.2,9.2,9.2,9.2,0,0
MZA_PE,D,20151019,000000,9.2,9.2,9.2,9.2,0,0
MZA_PE,D,20151020,000000,9.2,9.2,9.2,9.2,0,0
MZA_PE,D,20151021,000000,9.2,9.2,9.2,9.2,0,0
MZA_PE,D,20151023,000000,8.3,9.1,8.3,9.1,0,0
MZA_PE,D,20151026,000000,9.1,9.1,9.1,9.1,0,0
MZA_PE,D,20151028,000000,9.1,9.1,9.1,9.1,0,0
MZA_PE,D,20151103,000000,9.2,9.2,9,9.1,0,0
MZA_PE,D,20151104,000000,8.3,9.1,8.3,9.1,0,0
MZA_PE,D,20151105,000000,9.1,9.1,9.1,9.1,0,0
MZA_PE,D,20151106,000000,9.1,9.1,9.1,9.1,0,0
MZA_PE,D,20151109,000000,9.1,9.1,9.1,9.1,0,0
MZA_PE,D,20151110,000000,9.1,9.1,9.1,9.1,0,0
MZA_PE,D,20151117,000000,8.4,9,8.4,8.6,0,0
MZA_PE,D,20151118,000000,8.6,8.6,8.6,8.6,0,0
MZA_PE,D,20151119,000000,8.6,8.6,8.6,8.6,0,0
MZA_PE,D,20151120,000000,8.6,8.6,8.3,8.3,0,0
MZA_PE,D,20151123,000000,8.3,8.3,8.3,8.3,0,0
MZA_PE,D,20151124,000000,8.3,8.3,8.3,8.3,0,0
MZA_PE,D,20151125,000000,8.3,8.3,8.3,8.3,0,0
MZA_PE,D,20151127,000000,7.9,8.3,7.9,8.3,0,0
MZA_PE,D,20151130,000000,8.3,8.3,8.3,8.3,0,0
MZA_PE,D,20151201,000000,8.3,8.4,7.9,8.3,0,0
MZA_PE,D,20151202,000000,8.3,8.3,8.3,8.3,0,0
MZA_PE,D,20151209,000000,7.7,8.2,7.7,7.8,0,0
MZA_PE,D,20151210,000000,7.9,7.9,7.8,7.9,0,0
MZA_PE,D,20151211,000000,8,8,8,8,0,0
MZA_PE,D,20151214,000000,8.1,8.1,8.1,8.1,0,0
MZA_PE,D,20151215,000000,8,8,7.8,8,0,0
MZA_PE,D,20151216,000000,7.4,7.9,7.4,7.4,0,0
MZA_PE,D,20151217,000000,8,8,7.5,7.8,0,0
MZA_PE,D,20151218,000000,7.9,7.9,6.9,6.9,0,0
MZA_PE,D,20151221,000000,7.3,7.8,7.3,7.3,0,0
MZA_PE,D,20151222,000000,7.5,7.6,7.5,7.6,0,0
MZA_PE,D,20151223,000000,7.6,7.6,7.1,7.6,0,0
MZA_PE,D,20151228,000000,7.1,7.8,7.1,7.2,0,0
MZA_PE,D,20151229,000000,7.9,7.9,7.8,7.8,0,0
MZA_PE,D,20151230,000000,8.3,8.3,7.9,7.9,0,0
MZA_PE,D,20160107,000000,7.6,7.9,7.2,7.9,0,0
MZA_PE,D,20160111,000000,8,8,8,8,0,0
MZA_PE,D,20160112,000000,7.6,8,7.6,8,0,0
MZA_PE,D,20160113,000000,8,8,8,8,0,0
MZA_PE,D,20160114,000000,8,8,7.8,7.8,0,0
MZA_PE,D,20160115,000000,7.9,7.9,7.2,7.3,0,0
MZA_PE,D,20160118,000000,7.2,7.5,6.7,7.5,0,0
MZA_PE,D,20160119,000000,7.9,8,7.9,8,0,0
MZA_PE,D,20160120,000000,7.6,7.9,7.6,7.9,0,0
MZA_PE,D,20160121,000000,7.9,8.4,7.9,8.4,0,0
MZA_PE,D,20160122,000000,8.4,8.4,8,8.4,0,0
MZA_PE,D,20160125,000000,8.4,8.4,8.4,8.4,0,0
MZA_PE,D,20160126,000000,8.5,9.2,8.1,9.1,0,0
MZA_PE,D,20160127,000000,9.4,10.2,9.4,10,0,0
MZA_PE,D,20160128,000000,10,10.8,10,10.8,0,0
MZA_PE,D,20160129,000000,11.1,11.2,10.8,10.9,0,0
MZA_PE,D,20160201,000000,10.9,11.1,10.8,10.8,0,0
MZA_PE,D,20160202,000000,10.8,10.8,9.7,10.5,0,0
MZA_PE,D,20160203,000000,10.5,10.5,10.5,10.5,0,0
MZA_PE,D,20160204,000000,10.5,10.5,10.5,10.5,0,0
MZA_PE,D,20160205,000000,10.5,10.5,10.5,10.5,0,0
MZA_PE,D,20160208,000000,9.5,10.5,9.5,10.5,0,0
MZA_PE,D,20160209,000000,10.5,10.5,10.3,10.5,0,0
MZA_PE,D,20160210,000000,10.5,11.1,10.5,11.1,0,0
MZA_PE,D,20160211,000000,11.2,11.8,11.2,11.4,0,0
MZA_PE,D,20160212,000000,11.4,11.6,11.4,11.6,0,0
MZA_PE,D,20160215,000000,11.6,11.9,11.6,11.9,0,0
MZA_PE,D,20160217,000000,12.1,12.1,12.1,12.1,0,0
MZA_PE,D,20160218,000000,11.6,11.9,11,11.6,0,0
MZA_PE,D,20160219,000000,11.1,12.2,11.1,12.1,0,0
MZA_PE,D,20160222,000000,12.3,12.3,12.3,12.3,0,0
MZA_PE,D,20160223,000000,12.3,12.3,12.3,12.3,0,0
MZA_PE,D,20160224,000000,12.3,12.3,11.9,12.2,0,0
MZA_PE,D,20160225,000000,12.1,12.5,12.1,12.5,0,0
MZA_PE,D,20160226,000000,12.6,12.6,12.6,12.6,0,0
MZA_PE,D,20160229,000000,12.6,12.6,12.1,12.3,0,0
MZA_PE,D,20160301,000000,11.7,15.3,10.8,15.3,0,0
MZA_PE,D,20160302,000000,15.5,15.7,15.5,15.6,0,0
MZA_PE,D,20160303,000000,16.4,16.4,16.4,16.4,0,0
MZA_PE,D,20160304,000000,15.6,16.4,15.6,16.3,0,0
MZA_PE,D,20160307,000000,16.3,16.3,16.3,16.3,0,0
MZA_PE,D,20160308,000000,16.3,16.3,16.3,16.3,0,0
MZA_PE,D,20160310,000000,16.3,16.3,16.3,16.3,0,0
MZA_PE,D,20160311,000000,15.6,16.2,15.6,16.2,0,0
MZA_PE,D,20160314,000000,16.3,16.3,15.7,16.2,0,0
MZA_PE,D,20160315,000000,16.2,17.1,16.2,17,0,0
MZA_PE,D,20160316,000000,16.5,16.5,16.5,16.5,0,0
MZA_PE,D,20160321,000000,15.7,16.3,15.7,16.3,0,0
MZA_PE,D,20160322,000000,16.3,16.3,16.3,16.3,0,0
MZA_PE,D,20160323,000000,16.3,16.3,15.6,16.3,0,0
MZA_PE,D,20160329,000000,15.6,16.3,15.6,16.3,0,0
MZA_PE,D,20160330,000000,16.3,16.3,16.3,16.3,0,0
MZA_PE,D,20160404,000000,15.8,16.5,15.8,16.5,0,0
MZA_PE,D,20160405,000000,16.5,16.5,16.2,16.2,0,0
MZA_PE,D,20160406,000000,16.2,16.2,15.5,16.2,0,0
MZA_PE,D,20160408,000000,16.2,16.2,16.2,16.2,0,0
MZA_PE,D,20160411,000000,16.2,16.2,15.5,15.8,0,0
MZA_PE,D,20160412,000000,15.1,16.2,15.1,16.2,0,0
MZA_PE,D,20160413,000000,16,16.2,16,16.1,0,0
MZA_PE,D,20160414,000000,16.1,16.2,16.1,16.2,0,0
MZA_PE,D,20160415,000000,16.6,16.6,16.5,16.5,0,0
MZA_PE,D,20160418,000000,16.5,16.5,15.8,16.1,0,0
MZA_PE,D,20160419,000000,16.1,16.1,16.1,16.1,0,0
MZA_PE,D,20160420,000000,16.1,16.1,16.1,16.1,0,0
MZA_PE,D,20160422,000000,15.3,15.8,14.5,14.5,0,0
MZA_PE,D,20160425,000000,15,15,14.4,14.9,0,0
MZA_PE,D,20160426,000000,15,15,14.9,14.9,0,0
MZA_PE,D,20160427,000000,15,15,15,15,0,0
MZA_PE,D,20160502,000000,14.3,15,14.3,15,0,0
MZA_PE,D,20160504,000000,15.3,15.3,15.3,15.3,0,0
MZA_PE,D,20160505,000000,15.3,15.3,14.6,15.3,0,0
MZA_PE,D,20160506,000000,15.3,15.3,15.3,15.3,0,0
MZA_PE,D,20160509,000000,15.3,15.3,15.3,15.3,0,0
MZA_PE,D,20160510,000000,15.3,15.3,14.6,14.6,0,0
MZA_PE,D,20160511,000000,14,14.5,13.9,14.5,0,0
MZA_PE,D,20160517,000000,9.1,9.6,9.1,9.6,0,0
MZA_PE,D,20160518,000000,8.7,8.7,8.7,8.7,0,0
MZA_PE,D,20160519,000000,8.6,8.6,8.6,8.6,0,0
MZA_PE,D,20160520,000000,8.6,8.6,8.6,8.6,0,0
MZA_PE,D,20160523,000000,8.6,8.6,8.4,8.4,0,0
MZA_PE,D,20160524,000000,8.6,8.6,8.2,8.5,0,0
MZA_PE,D,20160525,000000,8.6,8.6,8.6,8.6,0,0
MZA_PE,D,20160527,000000,8.6,8.6,8.6,8.6,0,0
MZA_PE,D,20160530,000000,8.6,9.4,8.6,9.2,0,0
MZA_PE,D,20160531,000000,10.1,10.1,10.1,10.1,0,0
MZA_PE,D,20160601,000000,10.1,10.1,10.1,10.1,0,0
MZA_PE,D,20160602,000000,10.1,10.1,9.1,9.6,0,0
MZA_PE,D,20160603,000000,10,10.1,10,10.1,0,0
MZA_PE,D,20160606,000000,10.2,10.2,10.2,10.2,0,0
MZA_PE,D,20160607,000000,10.3,10.5,10.3,10.5,0,0
MZA_PE,D,20160608,000000,10.4,10.4,10.4,10.4,0,0
MZA_PE,D,20160609,000000,10.4,10.4,10.4,10.4,0,0
MZA_PE,D,20160610,000000,10.5,10.5,10,10,0,0
MZA_PE,D,20160613,000000,10.1,10.1,10,10,0,0
MZA_PE,D,20160614,000000,10.4,10.4,9.7,10.4,0,0
MZA_PE,D,20160615,000000,10.4,10.4,10.4,10.4,0,0
MZA_PE,D,20160620,000000,10.4,10.4,9.7,10.4,0,0
MZA_PE,D,20160621,000000,9.6,10,9.6,9.6,0,0
MZA_PE,D,20160622,000000,10,10,9.6,9.7,0,0
MZA_PE,D,20160627,000000,9.4,9.7,9.4,9.7,0,0
MZA_PE,D,20160701,000000,9.6,9.7,9.6,9.7,0,0
MZA_PE,D,20160704,000000,9,9.1,8.7,8.7,0,0
MZA_PE,D,20160705,000000,9,9.7,9,9.7,0,0
MZA_PE,D,20160718,000000,9.6,9.7,8.8,9.3,0,0
MZA_PE,D,20160720,000000,9.5,10.2,8.9,10,0,0
MZA_PE,D,20160721,000000,10.3,10.5,10.1,10.1,0,0
MZA_PE,D,20160722,000000,10.4,10.4,9.5,10.4,0,0
MZA_PE,D,20160726,000000,10.2,10.2,10.2,10.2,0,0
MZA_PE,D,20160727,000000,10.2,10.2,10.2,10.2,0,0
MZA_PE,D,20160728,000000,10.1,10.1,10.1,10.1,0,0
MZA_PE,D,20160729,000000,9.9,10.5,9.9,10.1,0,0
MZA_PE,D,20160801,000000,10.5,10.5,10.1,10.5,0,0
MZA_PE,D,20160802,000000,10.5,10.5,10.5,10.5,0,0
MZA_PE,D,20160803,000000,10.6,10.6,10.6,10.6,0,0
MZA_PE,D,20160804,000000,10.5,11.5,10.5,11.4,0,0
MZA_PE,D,20160808,000000,11.2,11.2,11.2,11.2,0,0
MZA_PE,D,20160809,000000,11.4,11.4,11,11,0,0
MZA_PE,D,20160810,000000,11,11,11,11,0,0
MZA_PE,D,20160811,000000,10.9,11,10.9,11,0,0
MZA_PE,D,20160812,000000,11,11,9.5,10.2,0,0
MZA_PE,D,20160816,000000,10.2,10.7,10.2,10.7,0,0
MZA_PE,D,20160823,000000,10.5,11.4,10.5,11.4,0,0
MZA_PE,D,20160824,000000,10.6,11.1,10.6,10.6,0,0
MZA_PE,D,20160825,000000,11.2,11.4,11.2,11.4,0,0
MZA_PE,D,20160831,000000,10.7,11,10.7,10.8,0,0
MZA_PE,D,20160901,000000,10.6,10.8,10.4,10.4,0,0
MZA_PE,D,20160902,000000,10.7,10.7,10.6,10.6,0,0
MZA_PE,D,20160905,000000,10.3,11,10.3,11,0,0
MZA_PE,D,20160906,000000,11.1,11.1,10.9,10.9,0,0
MZA_PE,D,20160907,000000,10.5,11,10.5,11,0,0
MZA_PE,D,20160908,000000,11,11,10.3,10.8,0,0
MZA_PE,D,20160912,000000,41.5,41.5,41.2,41.2,0,0
MZA_PE,D,20160913,000000,39.2,40.4,39.2,40.3,0,0
MZA_PE,D,20160914,000000,41,41,40.9,40.9,0,0
MZA_PE,D,20160915,000000,39.1,39.1,39,39,0,0
MZA_PE,D,20160916,000000,39.9,39.9,39.9,39.9,0,0
MZA_PE,D,20160919,000000,38.5,38.5,38.4,38.4,0,0
MZA_PE,D,20160920,000000,40.9,40.9,40.6,40.7,0,0
MZA_PE,D,20160921,000000,40.2,40.3,40.2,40.3,0,0
MZA_PE,D,20160922,000000,40.5,40.5,40.3,40.3,0,0
MZA_PE,D,20160923,000000,40.5,40.5,40,40.5,0,0
MZA_PE,D,20160926,000000,40.7,40.7,39.7,40.2,0,0
MZA_PE,D,20160927,000000,39,40.2,38.9,40.2,0,0
MZA_PE,D,20160928,000000,39,39.8,38,39.8,0,0
MZA_PE,D,20160929,000000,39,39.7,39,39.6,0,0
MZA_PE,D,20160930,000000,39.6,39.6,39.5,39.5,0,0
MZA_PE,D,20161003,000000,40.4,40.4,39,40.4,0,0
MZA_PE,D,20161004,000000,40.7,40.7,39,39,0,0
MZA_PE,D,20161005,000000,39.4,39.4,39.3,39.3,0,0
MZA_PE,D,20161006,000000,39.4,39.4,39.4,39.4,0,0
MZA_PE,D,20161010,000000,39.2,39.2,39.2,39.2,0,0
MZA_PE,D,20161011,000000,37.5,38.8,37.5,38.8,0,0
MZA_PE,D,20161012,000000,40.1,40.1,39.9,39.9,0,0
MZA_PE,D,20161013,000000,39.9,39.9,39.9,39.9,0,0
MZA_PE,D,20161018,000000,39.4,39.4,38.2,38.3,0,0
MZA_PE,D,20161019,000000,38.3,39.1,37.6,39,0,0
MZA_PE,D,20161020,000000,39.8,39.8,39.8,39.8,0,0
MZA_PE,D,20161021,000000,39,39,39,39,0,0
MZA_PE,D,20161025,000000,38,38.9,38,38.9,0,0
MZA_PE,D,20161026,000000,38.9,40.4,38.1,38.2,0,0
MZA_PE,D,20161027,000000,40,40,38.1,38.1,0,0
MZA_PE,D,20161028,000000,38.9,38.9,38.1,38.1,0,0
MZA_PE,D,20161031,000000,38.4,38.4,38.3,38.3,0,0
MZA_PE,D,20161102,000000,38.2,38.3,38.2,38.3,0,0
MZA_PE,D,20161103,000000,38.4,38.4,38.3,38.3,0,0
MZA_PE,D,20161104,000000,38.8,38.8,37.5,37.6,0,0
MZA_PE,D,20161107,000000,37.9,37.9,37.9,37.9,0,0
MZA_PE,D,20161108,000000,38.6,38.6,37,37,0,0
MZA_PE,D,20161109,000000,38.6,38.6,36.8,38.1,0,0
MZA_PE,D,20161115,000000,36.3,38,36.3,38,0,0
MZA_PE,D,20161116,000000,38,38,38,38,0,0
MZA_PE,D,20161117,000000,37.1,38,37.1,38,0,0
MZA_PE,D,20161122,000000,828.3,845.7,828.3,838,0,0
MZA_PE,D,20161124,000000,828.3,845.7,828.3,838,0,0
MZA_PE,D,20161206,000000,828.3,828.3,801.4,801.4,0,0
MZA_PE,D,20161212,000000,778.3,810.9,778.3,801.4,0,0
MZA_PE,D,20161213,000000,778.3,787,777.7,777.7,0,0
MZA_PE,D,20161216,000000,784.8,784.8,777.7,777.7,0,0
MZA_PE,D,20161219,000000,782.6,782.6,775.6,775.6,0,0
MZA_PE,D,20161220,000000,780.4,780.4,773.4,773.4,0,0
MZA_PE,D,20161222,000000,750,771.7,750,764.8,0,0
MZA_PE,D,20161223,000000,750,771.7,750,764.8,0,0
MZA_PE,D,20161227,000000,741.3,760.9,741.3,754,0,0
MZA_PE,D,20161228,000000,730.4,758.7,730.4,751.9,0,0
MZA_PE,D,20161230,000000,732.6,758.7,732.6,758.7,0,0
MZA_PE,D,20170103,000000,758.7,758.7,751.9,751.9,0,0
MZA_PE,D,20170104,000000,763,763,756.2,756.2,0,0
MZA_PE,D,20170105,000000,763,763,728.3,756.2,0,0
MZA_PE,D,20170109,000000,728.3,734.8,728.2,728.2,0,0
MZA_PE,D,20170110,000000,741.3,741.3,734.6,734.6,0,0
MZA_PE,D,20170111,000000,739.1,739.1,732.5,732.5,0,0
MZA_PE,D,20170112,000000,721.7,730.4,706.5,723.8,0,0
MZA_PE,D,20170116,000000,728.3,728.3,721.7,721.7,0,0
MZA_PE,D,20170117,000000,708.7,723.9,708.7,717.4,0,0
MZA_PE,D,20170118,000000,726.1,726.1,717.4,717.4,0,0
MZA_PE,D,20170119,000000,726.1,741.3,726.1,734.6,0,0
MZA_PE,D,20170120,000000,760.9,919.6,760.9,911.3,0,0
MZA_PE,D,20170123,000000,902.2,967.4,879,879,0,0
MZA_PE,D,20170124,000000,847.8,847.8,840.2,840.2,0,0
MZA_PE,D,20170125,000000,847.8,847.8,845.7,847.8,0,0
MZA_PE,D,20170126,000000,832.6,871.7,830.4,863.9,0,0
MZA_PE,D,20170127,000000,860.9,865.2,835.9,835.9,0,0
MZA_PE,D,20170130,000000,845.7,854.3,845.7,846.6,0,0
MZA_PE,D,20170201,000000,865.2,867.4,859.6,859.6,0,0
MZA_PE,D,20170202,000000,869.6,889.1,869.6,879,0,0
MZA_PE,D,20170206,000000,889.1,897.8,889.1,897.8,0,0
MZA_PE,D,20170207,000000,897.8,897.8,889.7,889.7,0,0
MZA_PE,D,20170215,000000,856.5,880.4,856.5,872.5,0,0
MZA_PE,D,20170216,000000,856.5,880.4,856.5,872.5,0,0
MZA_PE,D,20170217,000000,869.6,869.6,856.5,861.7,0,0
MZA_PE,D,20170220,000000,850,850,842.3,842.3,0,0
MZA_PE,D,20170221,000000,854.3,854.3,805.7,805.7,0,0
MZA_PE,D,20170222,000000,821.7,821.7,775.6,775.6,0,0
MZA_PE,D,20170223,000000,784.8,834.8,784.8,827.3,0,0
MZA_PE,D,20170224,000000,834.8,834.8,804.3,827.3,0,0
MZA_PE,D,20170228,000000,834.8,834.8,804.3,807.9,0,0
MZA_PE,D,20170301,000000,837,891.3,9.3,9.3,0,0
MZA_PE,D,20170302,000000,9.4,9.4,9.4,9.4,0,0
MZA_PE,D,20170303,000000,9.6,10,9.6,10,0,0
MZA_PE,D,20170306,000000,9.8,9.8,9.8,9.8,0,0
MZA_PE,D,20170307,000000,9.8,10.1,9.6,9.8,0,0
MZA_PE,D,20170308,000000,9.7,9.8,9.5,9.5,0,0
MZA_PE,D,20170309,000000,9.7,9.7,9.6,9.6,0,0
MZA_PE,D,20170310,000000,9.3,9.7,9.3,9.7,0,0
MZA_PE,D,20170313,000000,9.9,9.9,9.5,9.8,0,0
MZA_PE,D,20170314,000000,9.9,9.9,9.1,9.6,0,0
MZA_PE,D,20170315,000000,9.6,9.6,9.6,9.6,0,0
MZA_PE,D,20170316,000000,9.6,9.9,9.1,9.1,0,0
MZA_PE,D,20170317,000000,9.5,9.5,9.4,9.4,0,0
MZA_PE,D,20170320,000000,9.4,9.4,9.4,9.4,0,0
MZA_PE,D,20170321,000000,9.4,9.4,9.1,9.4,0,0
MZA_PE,D,20170322,000000,9.4,9.4,9.4,9.4,0,0
MZA_PE,D,20170323,000000,9.5,9.5,9.4,9.4,0,0
MZA_PE,D,20170324,000000,9.4,9.4,9.4,9.4,0,0
MZA_PE,D,20170327,000000,9.1,9.4,9.1,9.4,0,0
MZA_PE,D,20170329,000000,9.4,9.4,9.4,9.4,0,0
MZA_PE,D,20170330,000000,9,9.4,9,9.4,0,0
MZA_PE,D,20170403,000000,9,9.4,9,9.4,0,0
MZA_PE,D,20170407,000000,9,9.4,9,9.4,0,0
MZA_PE,D,20170413,000000,9,9.4,9,9.3,0,0
MZA_PE,D,20170419,000000,9,9.2,9,9.2,0,0
MZA_PE,D,20170420,000000,8.8,9.2,8.8,9.2,0,0
MZA_PE,D,20170425,000000,8.8,9.4,8.8,9,0,0
MZA_PE,D,20170426,000000,9.2,9.3,9.2,9.3,0,0
MZA_PE,D,20170427,000000,9,9.3,9,9.3,0,0
MZA_PE,D,20170509,000000,9.1,9.1,9,9.1,0,0
MZA_PE,D,20170511,000000,8.9,9.1,8.9,9.1,0,0
MZA_PE,D,20170512,000000,8.7,9.1,8.7,9.1,0,0
MZA_PE,D,20170515,000000,9.1,10.6,8.7,10.6,0,0
MZA_PE,D,20170522,000000,10.4,10.5,10.4,10.5,0,0
MZA_PE,D,20170523,000000,10.2,10.2,9.9,10.2,0,0
MZA_PE,D,20170529,000000,9.8,10.1,9.3,10.1,0,0
MZA_PE,D,20170530,000000,9.8,9.8,9.6,9.7,0,0
MZA_PE,D,20170602,000000,9.7,9.7,9.7,9.7,0,0
MZA_PE,D,20170605,000000,9.7,9.7,9.7,9.7,0,0
MZA_PE,D,20170606,000000,9.7,9.7,9.7,9.7,0,0
MZA_PE,D,20170607,000000,9.2,9.6,9.2,9.6,0,0
MZA_PE,D,20170609,000000,9.6,9.6,9.6,9.6,0,0
MZA_PE,D,20170612,000000,9.9,9.9,9,9.3,0,0
MZA_PE,D,20170613,000000,9.3,9.4,9,9.4,0,0
MZA_PE,D,20170614,000000,9.4,9.7,9.4,9.6,0,0
MZA_PE,D,20170616,000000,9.2,9.8,9.2,9.8,0,0
MZA_PE,D,20170619,000000,9.8,9.9,9.4,9.5,0,0
MZA_PE,D,20170620,000000,9.7,9.7,9.7,9.7,0,0
MZA_PE,D,20170622,000000,10.2,10.2,9.3,10.2,0,0
MZA_PE,D,20170630,000000,9.3,9.3,9.3,9.3,0,0
MZA_PE,D,20170704,000000,10,10,10,10,0,0
MZA_PE,D,20170706,000000,9.3,9.3,9.2,9.2,0,0
MZA_PE,D,20170713,000000,9.3,9.3,9.3,9.3,0,0
MZA_PE,D,20170714,000000,9.3,9.3,8.9,8.9,0,0
MZA_PE,D,20170717,000000,9.3,9.3,9.3,9.3,0,0
MZA_PE,D,20170718,000000,9.3,9.3,9.3,9.3,0,0
MZA_PE,D,20170719,000000,9.8,9.8,9.8,9.8,0,0
MZA_PE,D,20170720,000000,9.7,9.7,9.7,9.7,0,0
MZA_PE,D,20170721,000000,9.4,9.4,9.3,9.3,0,0
MZA_PE,D,20170724,000000,9.3,9.3,9.3,9.3,0,0
MZA_PE,D,20170727,000000,9.3,10.2,9.3,10.2,0,0
MZA_PE,D,20170728,000000,10,10,9.8,9.8,0,0
MZA_PE,D,20170731,000000,9.4,9.4,9.4,9.4,0,0
MZA_PE,D,20170801,000000,9.4,9.4,9.4,9.4,0,0
MZA_PE,D,20170802,000000,9.8,9.8,9.8,9.8,0,0
MZA_PE,D,20170808,000000,9.4,9.4,9.4,9.4,0,0
MZA_PE,D,20170811,000000,9.8,9.8,9.6,9.6,0,0
MZA_PE,D,20170823,000000,9.6,11,9.6,10.8,0,0
MZA_PE,D,20170824,000000,11,11,9.8,9.8,0,0
MZA_PE,D,20170825,000000,9.9,9.9,9.9,9.9,0,0
MZA_PE,D,20170829,000000,9.7,9.7,9.6,9.6,0,0
MZA_PE,D,20170831,000000,9.4,14.7,9.4,14.7,0,0
MZA_PE,D,20170901,000000,14.7,14.9,14.7,14.9,0,0
MZA_PE,D,20170904,000000,14.4,14.4,14.4,14.4,0,0
MZA_PE,D,20170905,000000,14.4,14.7,14.4,14.7,0,0
MZA_PE,D,20170906,000000,14.7,14.7,14.7,14.7,0,0
MZA_PE,D,20170907,000000,14.7,14.7,14.7,14.7,0,0
MZA_PE,D,20170911,000000,15.1,15.1,15,15,0,0
MZA_PE,D,20170912,000000,14.9,14.9,14.9,14.9,0,0
MZA_PE,D,20170913,000000,14.9,14.9,14.1,14.1,0,0
MZA_PE,D,20170915,000000,14.1,14.1,14.1,14.1,0,0
MZA_PE,D,20170922,000000,14.1,14.1,14.1,14.1,0,0
MZA_PE,D,20170928,000000,14.1,14.1,14.1,14.1,0,0
MZA_PE,D,20170929,000000,14.6,14.6,14.6,14.6,0,0
MZA_PE,D,20171003,000000,14.6,14.6,14.6,14.6,0,0
MZA_PE,D,20171005,000000,14.6,14.6,14.6,14.6,0,0
MZA_PE,D,20171009,000000,15.3,15.3,15.3,15.3,0,0
MZA_PE,D,20171013,000000,14.6,14.7,14.6,14.7,0,0
MZA_PE,D,20171016,000000,14.7,14.8,14.7,14.8,0,0
MZA_PE,D,20171018,000000,15.3,16.9,15.3,16,0,0
MZA_PE,D,20171020,000000,15.8,16.9,15.8,16.2,0,0
MZA_PE,D,20171023,000000,16.5,16.8,16.5,16.8,0,0
MZA_PE,D,20171031,000000,16.9,16.9,16.8,16.8,0,0
MZA_PE,D,20171103,000000,16.6,16.6,16.1,16.1,0,0
MZA_PE,D,20171107,000000,15.7,15.8,15.7,15.8,0,0
MZA_PE,D,20171108,000000,16.2,16.2,15.8,16.1,0,0
MZA_PE,D,20171109,000000,16.1,16.4,16.1,16.4,0,0
MZA_PE,D,20171110,000000,16.2,16.2,16.2,16.2,0,0
MZA_PE,D,20171120,000000,16,16.2,13.3,13.3,0,0
MZA_PE,D,20171121,000000,13.3,13.3,13.3,13.3,0,0
MZA_PE,D,20171122,000000,13.3,13.3,12.8,12.8,0,0
MZA_PE,D,20171123,000000,12.8,12.8,12.8,12.8,0,0
MZA_PE,D,20171128,000000,12.8,12.8,12.8,12.8,0,0
MZA_PE,D,20171201,000000,12.8,12.8,12.8,12.8,0,0
MZA_PE,D,20171204,000000,12.8,12.8,12.7,12.7,0,0
MZA_PE,D,20171205,000000,12.9,13,12.9,13,0,0
MZA_PE,D,20171207,000000,13,13,12.8,12.8,0,0
MZA_PE,D,20171211,000000,12.6,12.8,12.6,12.6,0,0
MZA_PE,D,20171218,000000,12.6,12.6,12.6,12.6,0,0
MZA_PE,D,20171220,000000,12.6,12.6,12.6,12.6,0,0
MZA_PE,D,20171221,000000,12.6,12.6,12.4,12.4,0,0
MZA_PE,D,20171222,000000,12.4,12.4,12.4,12.4,0,0
MZA_PE,D,20171227,000000,12.4,12.4,12.4,12.4,0,0
MZA_PE,D,20171228,000000,12.6,13.2,12.6,13.1,0,0
MZA_PE,D,20180103,000000,13.1,13.1,13.1,13.1,0,0
MZA_PE,D,20180104,000000,13.1,13.1,13.1,13.1,0,0
MZA_PE,D,20180105,000000,13.1,13.1,13.1,13.1,0,0
MZA_PE,D,20180108,000000,13.1,13.1,13.1,13.1,0,0
MZA_PE,D,20180111,000000,13.1,13.1,13.1,13.1,0,0
MZA_PE,D,20180115,000000,13.1,13.1,13.1,13.1,0,0
MZA_PE,D,20180116,000000,13.2,13.2,12.7,12.7,0,0
MZA_PE,D,20180118,000000,12.7,12.7,12.6,12.6,0,0
MZA_PE,D,20180119,000000,12.6,12.6,12.6,12.6,0,0
MZA_PE,D,20180122,000000,12.6,12.6,12.6,12.6,0,0
MZA_PE,D,20180125,000000,12.6,12.6,12.6,12.6,0,0
MZA_PE,D,20180126,000000,12.6,12.6,12.6,12.6,0,0
MZA_PE,D,20180129,000000,12.6,12.6,12.2,12.3,0,0
MZA_PE,D,20180130,000000,12.3,12.3,12.3,12.3,0,0
MZA_PE,D,20180131,000000,12.6,12.6,12.6,12.6,0,0
MZA_PE,D,20180205,000000,12.2,12.2,12.1,12.1,0,0
MZA_PE,D,20180206,000000,11.9,11.9,11.9,11.9,0,0
MZA_PE,D,20180208,000000,12,12.6,12,12,0,0
MZA_PE,D,20180209,000000,12.5,12.6,12,12.6,0,0
MZA_PE,D,20180213,000000,12.5,12.6,12.5,12.6,0,0
MZA_PE,D,20180216,000000,13.2,13.5,13.2,13.4,0,0
MZA_PE,D,20180219,000000,13.4,13.4,13.4,13.4,0,0
MZA_PE,D,20180221,000000,13.4,14.7,13.4,14.5,0,0
MZA_PE,D,20180222,000000,14.5,14.5,14.5,14.5,0,0
MZA_PE,D,20180226,000000,14,14,14,14,0,0
MZA_PE,D,20180228,000000,14.1,14.1,14,14,0,0
MZA_PE,D,20180301,000000,14,14,13.9,13.9,0,0
MZA_PE,D,20180302,000000,13.9,17.4,13.9,17.4,0,0
MZA_PE,D,20180306,000000,17.2,17.4,16.5,16.5,0,0
MZA_PE,D,20180308,000000,16.7,17.1,16.5,17.1,0,0
MZA_PE,D,20180314,000000,17.1,17.1,17.1,17.1,0,0
MZA_PE,D,20180315,000000,17.1,17.9,16.5,17.9,0,0
MZA_PE,D,20180316,000000,17.5,17.5,17.4,17.4,0,0
MZA_PE,D,20180320,000000,17.3,17.3,16.7,16.7,0,0
MZA_PE,D,20180322,000000,16.7,16.7,16.7,16.7,0,0
MZA_PE,D,20180323,000000,16.7,16.7,16.1,16.1,0,0
MZA_PE,D,20180326,000000,16.1,16.1,15.9,16,0,0
MZA_PE,D,20180327,000000,15.9,16.1,15.9,16.1,0,0
MZA_PE,D,20180328,000000,16.1,16.1,16.1,16.1,0,0
MZA_PE,D,20180329,000000,15.6,15.6,15.6,15.6,0,0
MZA_PE,D,20180403,000000,15.6,15.6,15.6,15.6,0,0
MZA_PE,D,20180406,000000,15.3,15.3,15.3,15.3,0,0
MZA_PE,D,20180411,000000,15.8,15.9,15.8,15.9,0,0
MZA_PE,D,20180416,000000,15.2,15.2,15.2,15.2,0,0
MZA_PE,D,20180417,000000,15.2,15.9,15.2,15.9,0,0
MZA_PE,D,20180425,000000,15.5,15.5,15.5,15.5,0,0
MZA_PE,D,20180426,000000,14.9,14.9,14.9,14.9,0,0
MZA_PE,D,20180430,000000,14.9,80.6,14.8,80.6,0,0
MZA_PE,D,20180508,000000,78.6,81.1,78.6,81.1,0,0
MZA_PE,D,20180509,000000,83,83,83,83,0,0
MZA_PE,D,20180515,000000,85.5,85.5,85.5,85.5,0,0
MZA_PE,D,20180516,000000,82.1,82.1,82.1,82.1,0,0
MZA_PE,D,20180517,000000,82.1,82.1,82.1,82.1,0,0
MZA_PE,D,20180831,000000,17.5,17.5,17.5,17.5,0,0
MZA_PE,D,20180903,000000,17.2,17.5,17.2,17.5,0,0
MZA_PE,D,20180904,000000,17.5,17.5,17.5,17.5,0,0
MZA_PE,D,20180905,000000,17.4,17.4,17.4,17.4,0,0
MZA_PE,D,20180906,000000,17.3,17.3,16.9,16.9,0,0
MZA_PE,D,20180907,000000,16.9,16.9,16.9,16.9,0,0
MZA_PE,D,20180910,000000,16.8,16.8,16.6,16.6,0,0
MZA_PE,D,20180911,000000,16.2,16.2,16.1,16.1,0,0
MZA_PE,D,20180912,000000,16.1,16.1,16.1,16.1,0,0
MZA_PE,D,20180918,000000,16.1,16.1,16.1,16.1,0,0
MZA_PE,D,20180919,000000,16.1,16.1,16.1,16.1,0,0
MZA_PE,D,20180920,000000,16.1,16.1,16.1,16.1,0,0
MZA_PE,D,20180921,000000,16.1,16.1,15.4,15.4,0,0
MZA_PE,D,20181002,000000,15.4,15.4,15.4,15.4,0,0
MZA_PE,D,20181008,000000,15.4,15.4,15.4,15.4,0,0
MZA_PE,D,20181012,000000,15.6,15.6,15.6,15.6,0,0
MZA_PE,D,20181024,000000,15.4,15.4,15.4,15.4,0,0
MZA_PE,D,20181025,000000,15.4,15.4,15.4,15.4,0,0
MZA_PE,D,20181026,000000,15.4,15.4,15.4,15.4,0,0
MZA_PE,D,20181105,000000,15.4,15.4,15.4,15.4,0,0
MZA_PE,D,20181109,000000,15.4,15.4,15.4,15.4,0,0
MZA_PE,D,20181114,000000,15.1,15.1,14.6,14.6,0,0
MZA_PE,D,20181119,000000,14.9,18.2,14.6,18.2,0,0
MZA_PE,D,20181121,000000,18.2,18.2,18.2,18.2,0,0
MZA_PE,D,20181126,000000,18.2,18.2,18.2,18.2,0,0
MZA_PE,D,20181127,000000,18.2,18.2,18.2,18.2,0,0
MZA_PE,D,20181128,000000,18.2,18.2,18.2,18.2,0,0
MZA_PE,D,20181129,000000,18.2,18.2,18.2,18.2,0,0
MZA_PE,D,20181130,000000,18.2,18.2,18.1,18.1,0,0
MZA_PE,D,20181204,000000,18.1,18.1,18.1,18.1,0,0
MZA_PE,D,20181210,000000,18.1,18.1,18.1,18.1,0,0
MZA_PE,D,20181211,000000,18.4,18.4,18.3,18.3,0,0
MZA_PE,D,20181212,000000,18.3,18.3,18.3,18.3,0,0
MZA_PE,D,20181213,000000,18.3,18.3,18.3,18.3,0,0
MZA_PE,D,20181214,000000,18.3,18.3,18.3,18.3,0,0
MZA_PE,D,20181217,000000,17.6,17.7,17.6,17.7,0,0
MZA_PE,D,20181218,000000,17.7,17.7,17.7,17.7,0,0
MZA_PE,D,20181219,000000,17.7,17.7,17.7,17.7,0,0
MZA_PE,D,20181221,000000,17.7,17.7,17.4,17.4,0,0
MZA_PE,D,20190103,000000,18.2,18.2,18.2,18.2,0,0
MZA_PE,D,20190104,000000,19,19,19,19,0,0
MZA_PE,D,20190107,000000,19.4,19.4,19.4,19.4,0,0
MZA_PE,D,20190108,000000,19.4,19.4,19.4,19.4,0,0
MZA_PE,D,20190109,000000,19.4,19.4,19.4,19.4,0,0
MZA_PE,D,20190110,000000,19.4,19.4,19.4,19.4,0,0
MZA_PE,D,20190111,000000,19.4,19.7,19.4,19.6,0,0
MZA_PE,D,20190114,000000,19.6,19.6,19.6,19.6,0,0
MZA_PE,D,20190115,000000,19.6,19.8,19.6,19.8,0,0
MZA_PE,D,20190116,000000,19.8,19.8,19,19,0,0
MZA_PE,D,20190117,000000,19.8,19.8,18.8,18.8,0,0
MZA_PE,D,20190118,000000,18.9,18.9,18.8,18.8,0,0
MZA_PE,D,20190121,000000,18.8,18.8,18.7,18.7,0,0
MZA_PE,D,20190124,000000,18.8,18.8,18.4,18.5,0,0
MZA_PE,D,20190125,000000,18.5,18.5,18.5,18.5,0,0
MZA_PE,D,20190128,000000,18.4,19.8,18.3,18.3,0,0
MZA_PE,D,20190129,000000,18.3,18.4,18.2,18.2,0,0
MZA_PE,D,20190131,000000,18.3,18.3,18.3,18.3,0,0
MZA_PE,D,20190201,000000,18.3,18.3,18.3,18.3,0,0
MZA_PE,D,20190205,000000,18.3,18.6,18.2,18.6,0,0
MZA_PE,D,20190206,000000,18.6,18.6,18.6,18.6,0,0
MZA_PE,D,20190207,000000,18.6,18.6,18.6,18.6,0,0
MZA_PE,D,20190211,000000,18.6,18.6,18.6,18.6,0,0
MZA_PE,D,20190213,000000,18.6,18.6,18.6,18.6,0,0
MZA_PE,D,20190214,000000,18.6,18.6,18.6,18.6,0,0
MZA_PE,D,20190225,000000,18.6,18.6,18.5,18.5,0,0
MZA_PE,D,20190306,000000,18.5,19.3,18.5,19.2,0,0
MZA_PE,D,20190307,000000,19.2,19.2,19.2,19.2,0,0
MZA_PE,D,20190308,000000,19.2,19.2,19.2,19.2,0,0
MZA_PE,D,20190311,000000,19.2,19.2,19.2,19.2,0,0
MZA_PE,D,20190312,000000,19.2,19.2,19.2,19.2,0,0
MZA_PE,D,20190313,000000,19.2,19.2,19.2,19.2,0,0
MZA_PE,D,20190314,000000,18.7,18.7,18.4,18.5,0,0
MZA_PE,D,20190319,000000,18.5,18.5,18.5,18.5,0,0
MZA_PE,D,20190325,000000,18.5,18.5,18.5,18.5,0,0
MZA_PE,D,20190404,000000,18.5,18.5,18.3,18.3,0,0
MZA_PE,D,20190405,000000,18.4,18.5,18.4,18.5,0,0
MZA_PE,D,20190409,000000,17.7,17.7,17.7,17.7,0,0
MZA_PE,D,20190411,000000,17.6,17.6,17.5,17.5,0,0
MZA_PE,D,20190412,000000,17.5,17.5,17.2,17.3,0,0
MZA_PE,D,20190416,000000,18.1,18.1,18.1,18.1,0,0
MZA_PE,D,20190417,000000,18.1,18.1,18.1,18.1,0,0
MZA_PE,D,20190424,000000,17.3,17.3,17.3,17.3,0,0
MZA_PE,D,20190425,000000,18.1,18.1,18.1,18.1,0,0
MZA_PE,D,20190426,000000,18.1,18.1,18.1,18.1,0,0
MZA_PE,D,20200430,000000,9.4,9.4,9.4,9.4,0,0
MZA_PE,D,20200504,000000,9.4,9.4,9.1,9.1,0,0
MZA_PE,D,20200506,000000,8.9,9,8.9,9,0,0
MZA_PE,D,20200507,000000,9.2,9.4,9.2,9.4,0,0
MZA_PE,D,20200512,000000,9.4,9.4,9.3,9.3,0,0
MZA_PE,D,20200515,000000,9.1,9.1,9.1,9.1,0,0
MZA_PE,D,20200518,000000,9.1,9.1,9.1,9.1,0,0
MZA_PE,D,20200520,000000,9.3,9.4,9.3,9.4,0,0
MZA_PE,D,20200525,000000,9.8,9.8,9.8,9.8,0,0
MZA_PE,D,20200526,000000,9.9,10.2,9.7,9.7,0,0
MZA_PE,D,20200528,000000,10.1,10.1,10.1,10.1,0,0
MZA_PE,D,20200601,000000,9.7,10.3,9.7,10.3,0,0
MZA_PE,D,20200930,000000,3.3,3.3,3.3,3.3,0,0
MZA_PE,D,20201002,000000,3.3,3.3,3.3,3.3,0,0
MZA_PE,D,20201005,000000,3.3,3.3,3.3,3.3,0,0
MZA_PE,D,20201006,000000,3.3,3.3,3.3,3.3,0,0
MZA_PE,D,20201009,000000,3.2,3.2,3.1,3.1,0,0
MZA_PE,D,20201012,000000,3.1,3.1,3.1,3.1,0,0
MZA_PE,D,20201016,000000,3.1,3.1,3.1,3.1,0,0
