<TICKER>,<PER>,<DATE>,<TIME>,<OPEN>,<HIGH>,<LOW>,<CLOSE>,<VOL>,<OPENINT>
PBX_PB,D,20150708,000000,1.4356,1.4356,1.4356,1.4356,0,0
PBX_PB,D,20150709,000000,1.4356,1.4356,1.4356,1.4356,0,0
PBX_PB,D,20150710,000000,1.4723,1.4813,1.4539,1.4539,0,0
PBX_PB,D,20150713,000000,1.4539,1.4905,1.4539,1.4905,0,0
PBX_PB,D,20150714,000000,1.5089,1.5271,1.4905,1.518,0,0
PBX_PB,D,20150715,000000,1.5271,1.5271,1.5271,1.5271,0,0
PBX_PB,D,20150716,000000,1.5362,1.5545,1.5362,1.5545,0,0
PBX_PB,D,20150717,000000,1.5545,1.5637,1.5545,1.5545,0,0
PBX_PB,D,20150720,000000,1.5637,1.5821,1.5637,1.5821,0,0
PBX_PB,D,20150721,000000,1.5821,1.5821,1.5637,1.5637,0,0
PBX_PB,D,20150722,000000,1.5271,1.5271,1.5271,1.5271,0,0
PBX_PB,D,20150723,000000,1.5362,1.5362,1.5362,1.5362,0,0
PBX_PB,D,20150724,000000,1.5089,1.5089,1.5089,1.5089,0,0
PBX_PB,D,20150728,000000,1.5362,1.5362,1.518,1.518,0,0
PBX_PB,D,20150729,000000,1.518,1.5545,1.4813,1.5362,0,0
PBX_PB,D,20150730,000000,1.5362,1.5362,1.5362,1.5362,0,0
PBX_PB,D,20150731,000000,1.5545,1.5545,1.4813,1.4813,0,0
PBX_PB,D,20150803,000000,1.5089,1.5089,1.5089,1.5089,0,0
PBX_PB,D,20150804,000000,1.5362,1.5362,1.5362,1.5362,0,0
PBX_PB,D,20150805,000000,1.4996,1.5089,1.4996,1.5089,0,0
PBX_PB,D,20150806,000000,1.5089,1.5089,1.5089,1.5089,0,0
PBX_PB,D,20150807,000000,1.5271,1.5362,1.5271,1.5362,0,0
PBX_PB,D,20150810,000000,1.5454,1.5454,1.5362,1.5362,0,0
PBX_PB,D,20150811,000000,1.5271,1.5271,1.5271,1.5271,0,0
PBX_PB,D,20150812,000000,1.5271,1.5271,1.5089,1.5089,0,0
PBX_PB,D,20150813,000000,1.5271,1.5454,1.5271,1.5454,0,0
PBX_PB,D,20150818,000000,1.5362,1.7556,1.5362,1.7556,0,0
PBX_PB,D,20150819,000000,1.7413,1.7874,1.7413,1.7413,0,0
PBX_PB,D,20150820,000000,1.7413,1.7413,1.7413,1.7413,0,0
PBX_PB,D,20150824,000000,1.6583,1.7413,1.649,1.7228,0,0
PBX_PB,D,20150825,000000,1.7228,1.7228,1.7136,1.7228,0,0
PBX_PB,D,20150828,000000,1.7228,1.7413,1.7228,1.7413,0,0
PBX_PB,D,20150831,000000,1.7413,1.7597,1.7413,1.7597,0,0
PBX_PB,D,20150901,000000,1.7597,1.7597,1.6676,1.6676,0,0
PBX_PB,D,20150902,000000,1.6768,1.6768,1.6768,1.6768,0,0
PBX_PB,D,20150903,000000,1.6676,1.6768,1.6676,1.6768,0,0
PBX_PB,D,20150904,000000,1.6583,1.6583,1.6583,1.6583,0,0
PBX_PB,D,20150907,000000,1.6031,1.6768,1.5938,1.6676,0,0
PBX_PB,D,20150908,000000,1.6399,1.649,1.6031,1.649,0,0
PBX_PB,D,20150910,000000,1.6399,1.6399,1.6399,1.6399,0,0
PBX_PB,D,20150911,000000,1.6399,1.6676,1.6399,1.6676,0,0
PBX_PB,D,20150914,000000,1.6676,1.6676,1.6216,1.6583,0,0
PBX_PB,D,20150915,000000,1.6676,1.6676,1.6583,1.6583,0,0
PBX_PB,D,20150916,000000,1.6583,1.6583,1.649,1.649,0,0
PBX_PB,D,20150917,000000,1.649,1.649,1.6399,1.6399,0,0
PBX_PB,D,20150918,000000,1.6399,1.6399,1.6399,1.6399,0,0
PBX_PB,D,20150921,000000,1.6399,1.6399,1.6308,1.6308,0,0
PBX_PB,D,20150922,000000,1.6308,1.6399,1.6308,1.6399,0,0
PBX_PB,D,20150923,000000,1.6399,1.6399,1.6399,1.6399,0,0
PBX_PB,D,20150924,000000,1.649,1.6676,1.6308,1.6676,0,0
PBX_PB,D,20150925,000000,1.6308,1.6399,1.6308,1.6399,0,0
PBX_PB,D,20150928,000000,1.6583,1.6583,1.649,1.649,0,0
PBX_PB,D,20150929,000000,1.6583,1.6583,1.6583,1.6583,0,0
PBX_PB,D,20150930,000000,1.649,1.6583,1.649,1.6583,0,0
PBX_PB,D,20151001,000000,1.649,1.6676,1.649,1.6583,0,0
PBX_PB,D,20151002,000000,1.6676,1.6676,1.6583,1.6583,0,0
PBX_PB,D,20151005,000000,1.6583,1.6676,1.649,1.6583,0,0
PBX_PB,D,20151006,000000,1.6583,1.7044,1.6308,1.6952,0,0
PBX_PB,D,20151007,000000,1.6952,1.6952,1.686,1.6952,0,0
PBX_PB,D,20151008,000000,1.6952,1.6952,1.686,1.686,0,0
PBX_PB,D,20151009,000000,1.6952,1.6952,1.6676,1.6952,0,0
PBX_PB,D,20151012,000000,1.6952,1.7228,1.6952,1.7228,0,0
PBX_PB,D,20151013,000000,1.7136,1.8057,1.7136,1.8057,0,0
PBX_PB,D,20151015,000000,1.7781,1.7781,1.7781,1.7781,0,0
PBX_PB,D,20151016,000000,1.7504,1.8057,1.7504,1.8057,0,0
PBX_PB,D,20151019,000000,1.815,1.8794,1.815,1.8794,0,0
PBX_PB,D,20151020,000000,1.8794,1.8794,1.8057,1.8057,0,0
PBX_PB,D,20151021,000000,1.8057,1.8057,1.7597,1.7966,0,0
PBX_PB,D,20151022,000000,1.7781,1.815,1.7781,1.815,0,0
PBX_PB,D,20151023,000000,1.815,1.8334,1.815,1.8334,0,0
PBX_PB,D,20151026,000000,1.7504,1.8334,1.7504,1.8334,0,0
PBX_PB,D,20151027,000000,1.8242,1.8794,1.8242,1.8702,0,0
PBX_PB,D,20151028,000000,1.7781,1.8609,1.7781,1.8609,0,0
PBX_PB,D,20151029,000000,1.8609,1.8609,1.8242,1.8609,0,0
PBX_PB,D,20151030,000000,1.8609,1.8609,1.815,1.8609,0,0
PBX_PB,D,20151102,000000,1.8519,1.8702,1.8519,1.8702,0,0
PBX_PB,D,20151103,000000,1.8609,1.8609,1.7781,1.8609,0,0
PBX_PB,D,20151104,000000,1.8609,1.8609,1.7781,1.8609,0,0
PBX_PB,D,20151105,000000,1.8519,1.8609,1.815,1.8609,0,0
PBX_PB,D,20151106,000000,1.7874,1.8519,1.7874,1.8519,0,0
PBX_PB,D,20151109,000000,1.8519,1.8519,1.8519,1.8519,0,0
PBX_PB,D,20151110,000000,1.7874,1.8519,1.7874,1.8519,0,0
PBX_PB,D,20151113,000000,1.815,1.8427,1.7781,1.8427,0,0
PBX_PB,D,20151116,000000,1.8057,1.8334,1.4926,1.4926,0,0
PBX_PB,D,20151117,000000,1.4741,1.5017,1.4741,1.5017,0,0
PBX_PB,D,20151118,000000,1.4926,1.5017,1.4926,1.5017,0,0
PBX_PB,D,20151119,000000,1.5017,1.5109,1.5017,1.5109,0,0
PBX_PB,D,20151120,000000,1.5109,1.5109,1.5109,1.5109,0,0
PBX_PB,D,20151124,000000,1.4556,1.4926,1.4556,1.4926,0,0
PBX_PB,D,20151125,000000,1.5017,1.5017,1.5017,1.5017,0,0
PBX_PB,D,20151126,000000,1.4741,1.5109,1.4556,1.5017,0,0
PBX_PB,D,20151127,000000,1.4464,1.4649,1.4464,1.4649,0,0
PBX_PB,D,20151130,000000,1.4926,1.4926,1.4372,1.4926,0,0
PBX_PB,D,20151201,000000,1.5109,1.5109,1.4926,1.4926,0,0
PBX_PB,D,20151203,000000,1.4188,1.4741,1.4188,1.4741,0,0
PBX_PB,D,20151204,000000,1.4464,1.4833,1.4464,1.4833,0,0
PBX_PB,D,20151207,000000,1.4926,1.4926,1.4279,1.4926,0,0
PBX_PB,D,20151208,000000,1.5017,1.5017,1.5017,1.5017,0,0
PBX_PB,D,20151209,000000,1.4741,1.5017,1.4372,1.5017,0,0
PBX_PB,D,20151210,000000,1.5109,1.5109,1.4372,1.4741,0,0
PBX_PB,D,20151211,000000,1.5109,1.5109,1.4279,1.4741,0,0
PBX_PB,D,20151214,000000,1.4833,1.4833,1.4188,1.4556,0,0
PBX_PB,D,20151215,000000,1.4741,1.4741,1.4004,1.4741,0,0
PBX_PB,D,20151216,000000,1.4741,1.4926,1.4741,1.4833,0,0
PBX_PB,D,20151217,000000,1.4833,1.4926,1.4833,1.4926,0,0
PBX_PB,D,20151218,000000,1.4279,1.4556,1.382,1.4556,0,0
PBX_PB,D,20151221,000000,1.4741,1.4741,1.4097,1.4097,0,0
PBX_PB,D,20151222,000000,1.4649,1.4649,1.4004,1.4097,0,0
PBX_PB,D,20151223,000000,1.4556,1.4556,1.4004,1.4464,0,0
PBX_PB,D,20151228,000000,1.4464,1.4556,1.4097,1.4556,0,0
PBX_PB,D,20151229,000000,1.4556,1.4556,1.4556,1.4556,0,0
PBX_PB,D,20151230,000000,1.4649,1.4649,1.3727,1.4372,0,0
PBX_PB,D,20160104,000000,1.4926,1.4926,1.4188,1.4464,0,0
PBX_PB,D,20160105,000000,1.3912,1.4464,1.3912,1.4372,0,0
PBX_PB,D,20160111,000000,1.3912,1.3912,1.2622,1.3452,0,0
PBX_PB,D,20160112,000000,1.4097,1.4097,1.3174,1.3174,0,0
PBX_PB,D,20160113,000000,1.3727,1.3727,1.2899,1.3267,0,0
PBX_PB,D,20160114,000000,1.2991,1.2991,1.2991,1.2991,0,0
PBX_PB,D,20160115,000000,1.3082,1.3635,1.2805,1.3635,0,0
PBX_PB,D,20160118,000000,1.3544,1.3544,1.3082,1.3452,0,0
PBX_PB,D,20160119,000000,1.3452,1.3452,1.3452,1.3452,0,0
PBX_PB,D,20160120,000000,1.3452,1.3452,1.3452,1.3452,0,0
PBX_PB,D,20160121,000000,1.2805,1.3267,1.2805,1.3267,0,0
PBX_PB,D,20160122,000000,1.3452,1.3452,1.2805,1.2805,0,0
PBX_PB,D,20160125,000000,1.3452,1.3452,1.2899,1.3359,0,0
PBX_PB,D,20160126,000000,1.3359,1.3359,1.2714,1.2991,0,0
PBX_PB,D,20160127,000000,1.2346,1.3082,1.2346,1.2991,0,0
PBX_PB,D,20160128,000000,1.2991,1.2991,1.216,1.2805,0,0
PBX_PB,D,20160129,000000,1.216,1.2991,1.216,1.2805,0,0
PBX_PB,D,20160201,000000,1.216,1.2714,1.1609,1.1794,0,0
PBX_PB,D,20160202,000000,1.1794,1.2622,1.1701,1.2529,0,0
PBX_PB,D,20160203,000000,1.2714,1.2714,1.1701,1.2529,0,0
PBX_PB,D,20160204,000000,1.1609,1.2529,1.1609,1.2529,0,0
PBX_PB,D,20160205,000000,1.2438,1.2529,1.216,1.2529,0,0
PBX_PB,D,20160208,000000,1.2529,1.2529,1.1794,1.2438,0,0
PBX_PB,D,20160209,000000,1.2438,1.2529,1.2253,1.2253,0,0
PBX_PB,D,20160210,000000,1.2253,1.2438,1.2253,1.2438,0,0
PBX_PB,D,20160211,000000,1.2346,1.2529,1.2068,1.2529,0,0
PBX_PB,D,20160212,000000,1.2068,1.2622,1.2068,1.2622,0,0
PBX_PB,D,20160215,000000,1.2622,1.3174,1.2622,1.3082,0,0
PBX_PB,D,20160216,000000,1.2805,1.3082,1.1977,1.2805,0,0
PBX_PB,D,20160217,000000,1.2622,1.2805,1.2438,1.2622,0,0
PBX_PB,D,20160218,000000,1.2899,1.2991,1.2805,1.2805,0,0
PBX_PB,D,20160219,000000,1.2805,1.2991,1.2805,1.2991,0,0
PBX_PB,D,20160222,000000,1.3174,1.3174,1.2805,1.2991,0,0
PBX_PB,D,20160223,000000,1.2991,1.2991,1.2346,1.2991,0,0
PBX_PB,D,20160224,000000,1.2991,1.2991,1.2529,1.2991,0,0
PBX_PB,D,20160225,000000,1.2529,1.2805,1.2438,1.2805,0,0
PBX_PB,D,20160226,000000,1.2714,1.2991,1.2714,1.2991,0,0
PBX_PB,D,20160229,000000,1.2991,1.2991,1.2438,1.2714,0,0
PBX_PB,D,20160301,000000,1.3082,1.3082,1.2805,1.2805,0,0
PBX_PB,D,20160302,000000,1.2805,1.2991,1.216,1.2991,0,0
PBX_PB,D,20160303,000000,1.2899,1.2899,1.2622,1.2805,0,0
PBX_PB,D,20160304,000000,1.2805,1.2805,1.2346,1.2714,0,0
PBX_PB,D,20160307,000000,1.2899,1.2899,1.2622,1.2899,0,0
PBX_PB,D,20160308,000000,1.2805,1.2899,1.2622,1.2899,0,0
PBX_PB,D,20160309,000000,1.2622,1.2899,1.2622,1.2805,0,0
PBX_PB,D,20160310,000000,1.2899,1.3359,1.2714,1.3359,0,0
PBX_PB,D,20160311,000000,1.3359,1.3727,1.3359,1.3727,0,0
PBX_PB,D,20160314,000000,1.3727,1.382,1.3544,1.3544,0,0
PBX_PB,D,20160315,000000,1.3544,1.4004,1.3359,1.4004,0,0
PBX_PB,D,20160316,000000,1.4004,1.4188,1.382,1.3912,0,0
PBX_PB,D,20160317,000000,1.4004,1.4372,1.4004,1.4372,0,0
PBX_PB,D,20160318,000000,1.4004,1.4372,1.4004,1.4279,0,0
PBX_PB,D,20160321,000000,1.4279,1.4372,1.4279,1.4372,0,0
PBX_PB,D,20160322,000000,1.4372,1.4372,1.2991,1.4188,0,0
PBX_PB,D,20160323,000000,1.4372,1.4372,1.4188,1.4188,0,0
PBX_PB,D,20160324,000000,1.4097,1.4188,1.4097,1.4188,0,0
PBX_PB,D,20160329,000000,1.4188,1.4372,1.382,1.4372,0,0
PBX_PB,D,20160330,000000,1.4372,1.4741,1.4372,1.4741,0,0
PBX_PB,D,20160331,000000,1.4741,1.4833,1.4372,1.4741,0,0
PBX_PB,D,20160401,000000,1.4556,1.5109,1.4556,1.5109,0,0
PBX_PB,D,20160404,000000,1.5109,1.5109,1.5109,1.5109,0,0
PBX_PB,D,20160405,000000,1.4833,1.4833,1.4833,1.4833,0,0
PBX_PB,D,20160406,000000,1.4097,1.4464,1.4097,1.4464,0,0
PBX_PB,D,20160407,000000,1.4464,1.4833,1.4464,1.4649,0,0
PBX_PB,D,20160408,000000,1.4741,1.4741,1.4649,1.4649,0,0
PBX_PB,D,20160411,000000,1.4649,1.4649,1.4464,1.4464,0,0
PBX_PB,D,20160412,000000,1.4464,1.5478,1.4464,1.5109,0,0
PBX_PB,D,20160414,000000,1.4926,1.5386,1.4926,1.5386,0,0
PBX_PB,D,20160415,000000,1.5386,1.5386,1.5109,1.5109,0,0
PBX_PB,D,20160418,000000,1.5293,1.5293,1.5109,1.5109,0,0
PBX_PB,D,20160419,000000,1.5109,1.5293,1.4833,1.4833,0,0
PBX_PB,D,20160420,000000,1.4833,1.4926,1.4833,1.4926,0,0
PBX_PB,D,20160421,000000,1.5017,1.5109,1.5017,1.5109,0,0
PBX_PB,D,20160422,000000,1.5293,1.5386,1.5109,1.5386,0,0
PBX_PB,D,20160425,000000,1.5386,1.5386,1.5386,1.5386,0,0
PBX_PB,D,20160426,000000,1.5386,1.5478,1.5386,1.5478,0,0
PBX_PB,D,20160427,000000,1.5017,1.5938,1.5017,1.5478,0,0
PBX_PB,D,20160429,000000,1.5478,1.5478,1.5478,1.5478,0,0
PBX_PB,D,20160502,000000,1.5478,1.5478,1.5478,1.5478,0,0
PBX_PB,D,20160504,000000,1.5846,1.5846,1.5293,1.5293,0,0
PBX_PB,D,20160505,000000,1.3912,1.3912,1.3912,1.3912,0,0
PBX_PB,D,20160506,000000,1.3912,1.5293,1.3912,1.4556,0,0
PBX_PB,D,20160509,000000,1.4833,1.4833,1.4833,1.4833,0,0
PBX_PB,D,20160511,000000,1.4004,1.4649,1.4004,1.4649,0,0
PBX_PB,D,20160512,000000,1.4372,1.4372,1.382,1.4004,0,0
PBX_PB,D,20160513,000000,1.3452,1.4372,1.3452,1.4372,0,0
PBX_PB,D,20160517,000000,1.4372,1.4649,1.4372,1.4372,0,0
PBX_PB,D,20160518,000000,1.4741,1.4741,1.4279,1.4741,0,0
PBX_PB,D,20160519,000000,1.4833,1.4833,1.4556,1.4556,0,0
PBX_PB,D,20160520,000000,1.4926,1.4926,1.4279,1.4926,0,0
PBX_PB,D,20160523,000000,1.4926,1.5293,1.4279,1.4279,0,0
PBX_PB,D,20160524,000000,1.3727,1.4372,1.3727,1.4372,0,0
PBX_PB,D,20160525,000000,1.4097,1.4188,1.4097,1.4188,0,0
PBX_PB,D,20160527,000000,1.3727,1.3727,1.3727,1.3727,0,0
PBX_PB,D,20160530,000000,1.4279,1.4279,1.4279,1.4279,0,0
PBX_PB,D,20160531,000000,1.4279,1.4649,1.4279,1.4649,0,0
PBX_PB,D,20160601,000000,1.4097,1.4279,1.382,1.4279,0,0
PBX_PB,D,20160602,000000,1.4004,1.4188,1.3635,1.4188,0,0
PBX_PB,D,20160603,000000,1.4279,1.4279,1.4279,1.4279,0,0
PBX_PB,D,20160607,000000,1.4097,1.4464,1.382,1.382,0,0
PBX_PB,D,20160608,000000,1.382,1.382,1.382,1.382,0,0
PBX_PB,D,20160609,000000,1.382,1.382,1.3635,1.3635,0,0
PBX_PB,D,20160614,000000,1.3452,1.382,1.3174,1.382,0,0
PBX_PB,D,20160615,000000,1.4372,1.4372,1.4372,1.4372,0,0
PBX_PB,D,20160616,000000,1.4097,1.4097,1.3544,1.4097,0,0
PBX_PB,D,20160617,000000,1.4097,1.4097,1.4097,1.4097,0,0
PBX_PB,D,20160621,000000,1.3635,1.4004,1.3359,1.3635,0,0
PBX_PB,D,20160622,000000,1.3544,1.382,1.3544,1.382,0,0
PBX_PB,D,20160623,000000,1.3544,1.382,1.3452,1.382,0,0
PBX_PB,D,20160624,000000,1.2899,1.382,1.2899,1.382,0,0
PBX_PB,D,20160627,000000,1.3544,1.3544,1.2899,1.3544,0,0
PBX_PB,D,20160628,000000,1.3174,1.3174,1.2991,1.3174,0,0
PBX_PB,D,20160629,000000,1.3544,1.4188,1.2991,1.382,0,0
PBX_PB,D,20160630,000000,1.4004,1.4097,1.4004,1.4097,0,0
PBX_PB,D,20160701,000000,1.3727,1.4279,1.3727,1.4279,0,0
PBX_PB,D,20160704,000000,1.3727,1.4464,1.3727,1.4464,0,0
PBX_PB,D,20160706,000000,1.382,1.4372,1.382,1.4372,0,0
PBX_PB,D,20160707,000000,1.382,1.4464,1.382,1.4464,0,0
PBX_PB,D,20160708,000000,1.4556,1.4556,1.4556,1.4556,0,0
PBX_PB,D,20160712,000000,1.4556,1.4649,1.4556,1.4649,0,0
PBX_PB,D,20160713,000000,1.4097,1.4741,1.4097,1.4741,0,0
PBX_PB,D,20160718,000000,1.4372,1.4926,1.4372,1.4926,0,0
PBX_PB,D,20160721,000000,1.4372,1.5293,1.4372,1.5293,0,0
PBX_PB,D,20160722,000000,1.5293,1.5293,1.5293,1.5293,0,0
PBX_PB,D,20160725,000000,1.5109,1.5478,1.5109,1.5293,0,0
PBX_PB,D,20160726,000000,1.5386,1.5478,1.5293,1.5478,0,0
PBX_PB,D,20160727,000000,1.4833,1.5478,1.4833,1.5478,0,0
PBX_PB,D,20160729,000000,1.5293,1.5293,1.5293,1.5293,0,0
PBX_PB,D,20160801,000000,1.5109,1.5109,1.5109,1.5109,0,0
PBX_PB,D,20160808,000000,1.4833,1.5109,1.4833,1.5109,0,0
PBX_PB,D,20160809,000000,1.5293,1.5293,1.5201,1.5293,0,0
PBX_PB,D,20160810,000000,1.5478,1.5478,1.5478,1.5478,0,0
PBX_PB,D,20160812,000000,1.5584,1.6512,1.5491,1.5584,0,0
PBX_PB,D,20160816,000000,1.5584,1.5584,1.5584,1.5584,0,0
PBX_PB,D,20160818,000000,1.5584,1.5584,1.5584,1.5584,0,0
PBX_PB,D,20160822,000000,1.5028,1.5399,1.5028,1.5399,0,0
PBX_PB,D,20160825,000000,1.5399,1.5399,1.5399,1.5399,0,0
PBX_PB,D,20160829,000000,1.5399,1.5399,1.5399,1.5399,0,0
PBX_PB,D,20160830,000000,1.5121,1.5121,1.5121,1.5121,0,0
PBX_PB,D,20160831,000000,1.5121,1.5121,1.5121,1.5121,0,0
PBX_PB,D,20160906,000000,1.4656,1.4656,1.4564,1.4564,0,0
PBX_PB,D,20160907,000000,1.4564,1.4935,1.4564,1.4935,0,0
PBX_PB,D,20160909,000000,1.4935,1.4935,1.4935,1.4935,0,0
PBX_PB,D,20160912,000000,1.4378,1.4843,1.4378,1.4843,0,0
PBX_PB,D,20160915,000000,1.5028,1.5028,1.5028,1.5028,0,0
PBX_PB,D,20160919,000000,1.5028,1.5028,1.5028,1.5028,0,0
PBX_PB,D,20160921,000000,1.5028,1.5028,1.5028,1.5028,0,0
PBX_PB,D,20160923,000000,1.4656,1.4935,1.4656,1.4935,0,0
PBX_PB,D,20160927,000000,1.4935,1.4935,1.4935,1.4935,0,0
PBX_PB,D,20160928,000000,1.5028,1.5121,1.5028,1.5121,0,0
PBX_PB,D,20161003,000000,1.4935,1.4935,1.4935,1.4935,0,0
PBX_PB,D,20161005,000000,1.4935,1.4935,1.4843,1.4935,0,0
PBX_PB,D,20161006,000000,1.4843,1.4843,1.4378,1.4378,0,0
PBX_PB,D,20161012,000000,1.4378,1.4378,1.4378,1.4378,0,0
PBX_PB,D,20161013,000000,1.4378,1.4378,1.4378,1.4378,0,0
PBX_PB,D,20161017,000000,1.4843,1.4843,1.4843,1.4843,0,0
PBX_PB,D,20161020,000000,1.4843,1.4843,1.4843,1.4843,0,0
PBX_PB,D,20161021,000000,1.4843,1.4843,1.4843,1.4843,0,0
PBX_PB,D,20161024,000000,1.4843,1.4843,1.4285,1.4564,0,0
PBX_PB,D,20161025,000000,1.4471,1.4564,1.3915,1.4192,0,0
PBX_PB,D,20161026,000000,1.4192,1.4192,1.3822,1.4007,0,0
PBX_PB,D,20161027,000000,1.4378,1.4378,1.3822,1.4378,0,0
PBX_PB,D,20161028,000000,1.4378,1.4843,1.4378,1.4843,0,0
PBX_PB,D,20161031,000000,1.4843,1.4843,1.4749,1.4749,0,0
PBX_PB,D,20161102,000000,1.4471,1.4749,1.4471,1.4749,0,0
PBX_PB,D,20161103,000000,1.4843,1.4843,1.4843,1.4843,0,0
PBX_PB,D,20161107,000000,1.4843,1.4843,1.4843,1.4843,0,0
PBX_PB,D,20161108,000000,1.4471,1.4564,1.3544,1.4564,0,0
PBX_PB,D,20161110,000000,1.41,1.41,1.3544,1.4007,0,0
PBX_PB,D,20161114,000000,1.4007,1.4007,1.4007,1.4007,0,0
PBX_PB,D,20161115,000000,1.3915,1.3915,1.3544,1.3822,0,0
PBX_PB,D,20161116,000000,1.3452,1.3729,1.3452,1.3729,0,0
PBX_PB,D,20161117,000000,1.3172,1.3265,1.1967,1.2431,0,0
PBX_PB,D,20161118,000000,1.3544,1.3544,1.2615,1.3172,0,0
PBX_PB,D,20161121,000000,1.3172,1.3172,1.2708,1.3172,0,0
PBX_PB,D,20161122,000000,1.2615,1.2615,1.2615,1.2615,0,0
PBX_PB,D,20161123,000000,1.3358,1.3358,1.3358,1.3358,0,0
PBX_PB,D,20161124,000000,1.3544,1.3544,1.3544,1.3544,0,0
PBX_PB,D,20161125,000000,1.3544,1.3544,1.3265,1.3265,0,0
PBX_PB,D,20161129,000000,1.3265,1.3265,1.2338,1.2338,0,0
PBX_PB,D,20161130,000000,1.2059,1.2338,1.1967,1.1967,0,0
PBX_PB,D,20161201,000000,1.1967,1.1967,1.1967,1.1967,0,0
PBX_PB,D,20161205,000000,1.2245,1.2245,1.1967,1.1967,0,0
PBX_PB,D,20161207,000000,1.2615,1.2615,1.1595,1.1781,0,0
PBX_PB,D,20161209,000000,1.1781,1.2152,1.1781,1.1781,0,0
PBX_PB,D,20161212,000000,1.1781,1.1781,1.1781,1.1781,0,0
PBX_PB,D,20161213,000000,1.1781,1.1781,1.1781,1.1781,0,0
PBX_PB,D,20161214,000000,1.1967,1.1967,1.1781,1.1781,0,0
PBX_PB,D,20161215,000000,1.2338,1.2338,1.2338,1.2338,0,0
PBX_PB,D,20161216,000000,1.1688,1.1688,1.1688,1.1688,0,0
PBX_PB,D,20161219,000000,1.1688,1.1688,1.1688,1.1688,0,0
PBX_PB,D,20161221,000000,1.2338,1.2338,1.1224,1.2152,0,0
PBX_PB,D,20161222,000000,1.2152,1.2152,1.2152,1.2152,0,0
PBX_PB,D,20161227,000000,1.2431,1.2431,1.2431,1.2431,0,0
PBX_PB,D,20161228,000000,1.2431,1.2431,1.1781,1.2338,0,0
PBX_PB,D,20161229,000000,1.2338,1.2338,1.2338,1.2338,0,0
PBX_PB,D,20170104,000000,1.1781,1.2338,1.1781,1.2338,0,0
PBX_PB,D,20170105,000000,1.1781,1.2152,1.1781,1.2152,0,0
PBX_PB,D,20170109,000000,1.2059,1.2059,1.2059,1.2059,0,0
PBX_PB,D,20170110,000000,1.2059,1.2059,1.2059,1.2059,0,0
PBX_PB,D,20170111,000000,1.1688,1.2152,1.1688,1.2059,0,0
PBX_PB,D,20170112,000000,1.1595,1.1595,1.1595,1.1595,0,0
PBX_PB,D,20170113,000000,1.2245,1.2245,1.1781,1.2152,0,0
PBX_PB,D,20170116,000000,1.1317,1.2152,1.1317,1.2152,0,0
PBX_PB,D,20170118,000000,1.2059,1.2338,1.1874,1.2338,0,0
PBX_PB,D,20170119,000000,1.2338,1.2338,1.2338,1.2338,0,0
PBX_PB,D,20170120,000000,1.2338,1.2338,1.2338,1.2338,0,0
PBX_PB,D,20170123,000000,1.2431,1.2615,1.2431,1.2522,0,0
PBX_PB,D,20170124,000000,1.2522,1.2708,1.2522,1.2708,0,0
PBX_PB,D,20170125,000000,1.2708,1.2802,1.2615,1.2615,0,0
PBX_PB,D,20170126,000000,1.2431,1.2987,1.1874,1.2338,0,0
PBX_PB,D,20170127,000000,1.2338,1.2987,1.2245,1.2802,0,0
PBX_PB,D,20170130,000000,1.2431,1.2987,1.2431,1.2615,0,0
PBX_PB,D,20170131,000000,1.2615,1.2894,1.2615,1.2615,0,0
PBX_PB,D,20170201,000000,1.2615,1.2615,1.2338,1.2615,0,0
PBX_PB,D,20170202,000000,1.2615,1.2802,1.2338,1.2802,0,0
PBX_PB,D,20170203,000000,1.1967,1.2615,1.1967,1.2615,0,0
PBX_PB,D,20170207,000000,1.2338,1.2615,1.2338,1.2615,0,0
PBX_PB,D,20170208,000000,1.2338,1.2522,1.2338,1.2522,0,0
PBX_PB,D,20170209,000000,1.2431,1.2431,1.2431,1.2431,0,0
PBX_PB,D,20170210,000000,1.2338,1.2338,1.2338,1.2338,0,0
PBX_PB,D,20170213,000000,1.2338,1.2338,1.2338,1.2338,0,0
PBX_PB,D,20170214,000000,1.2338,1.2338,1.2245,1.2338,0,0
PBX_PB,D,20170216,000000,1.2338,1.2338,1.2338,1.2338,0,0
PBX_PB,D,20170217,000000,1.2338,1.2338,1.2245,1.2245,0,0
PBX_PB,D,20170220,000000,1.2152,1.2152,1.2152,1.2152,0,0
PBX_PB,D,20170221,000000,1.2338,1.2338,1.1781,1.2059,0,0
PBX_PB,D,20170222,000000,1.2059,1.2059,1.0854,1.1781,0,0
PBX_PB,D,20170223,000000,1.1781,1.1781,1.1411,1.1595,0,0
PBX_PB,D,20170224,000000,1.1595,1.1595,1.1595,1.1595,0,0
PBX_PB,D,20170227,000000,1.2245,1.2245,1.2245,1.2245,0,0
PBX_PB,D,20170228,000000,1.2338,1.2338,1.2338,1.2338,0,0
PBX_PB,D,20170301,000000,1.2338,1.2615,1.2338,1.2615,0,0
PBX_PB,D,20170302,000000,1.2522,1.2522,1.2152,1.2152,0,0
PBX_PB,D,20170306,000000,1.1781,1.2338,1.1781,1.2338,0,0
PBX_PB,D,20170308,000000,1.2338,1.2338,1.2338,1.2338,0,0
PBX_PB,D,20170309,000000,1.2245,1.2615,1.1781,1.2615,0,0
PBX_PB,D,20170310,000000,1.1874,1.2615,1.1874,1.2615,0,0
PBX_PB,D,20170313,000000,1.1781,1.2615,1.1781,1.2615,0,0
PBX_PB,D,20170315,000000,1.1781,1.2152,1.1781,1.1874,0,0
PBX_PB,D,20170316,000000,1.2615,1.2615,1.2615,1.2615,0,0
PBX_PB,D,20170320,000000,1.1874,1.2152,1.1874,1.2152,0,0
PBX_PB,D,20170321,000000,1.2152,1.2152,1.1502,1.1502,0,0
PBX_PB,D,20170322,000000,1.1502,1.1502,1.1502,1.1502,0,0
PBX_PB,D,20170324,000000,1.2245,1.2245,1.2245,1.2245,0,0
PBX_PB,D,20170329,000000,1.2059,1.2338,1.2059,1.2338,0,0
PBX_PB,D,20170330,000000,1.1224,1.1967,1.1224,1.1502,0,0
PBX_PB,D,20170331,000000,1.1502,1.1502,1.1131,1.1502,0,0
PBX_PB,D,20170403,000000,1.2059,1.2059,1.2059,1.2059,0,0
PBX_PB,D,20170404,000000,1.2245,1.2245,1.1038,1.1224,0,0
PBX_PB,D,20170405,000000,1.1967,1.2059,1.1967,1.2059,0,0
PBX_PB,D,20170406,000000,1.2245,1.2245,1.1874,1.2059,0,0
PBX_PB,D,20170407,000000,1.1967,1.2245,1.1967,1.2152,0,0
PBX_PB,D,20170411,000000,1.2152,1.2152,1.2152,1.2152,0,0
PBX_PB,D,20170412,000000,1.2245,1.2245,1.2245,1.2245,0,0
PBX_PB,D,20170419,000000,1.2245,1.2245,1.2245,1.2245,0,0
PBX_PB,D,20170420,000000,1.1131,1.2059,1.1131,1.2059,0,0
PBX_PB,D,20170425,000000,1.1781,1.1967,1.1781,1.1967,0,0
PBX_PB,D,20170426,000000,1.2338,1.2338,1.2338,1.2338,0,0
PBX_PB,D,20170428,000000,1.2338,1.2338,1.1781,1.2059,0,0
PBX_PB,D,20170502,000000,1.2338,1.2522,1.2245,1.2245,0,0
PBX_PB,D,20170504,000000,1.1874,1.2338,1.1595,1.1688,0,0
PBX_PB,D,20170505,000000,1.1781,1.1781,1.1595,1.1595,0,0
PBX_PB,D,20170508,000000,1.1595,1.1595,1.1411,1.1411,0,0
PBX_PB,D,20170509,000000,1.0575,1.1411,1.0575,1.1411,0,0
PBX_PB,D,20170510,000000,1.1502,1.1502,1.1502,1.1502,0,0
PBX_PB,D,20170512,000000,1.1411,1.1411,1.1038,1.1411,0,0
PBX_PB,D,20170515,000000,1.1038,1.1411,1.1038,1.1411,0,0
PBX_PB,D,20170518,000000,1.0946,1.0946,1.0946,1.0946,0,0
PBX_PB,D,20170519,000000,1.0575,1.0575,1.0575,1.0575,0,0
PBX_PB,D,20170522,000000,1.1411,1.1411,1.0297,1.0575,0,0
PBX_PB,D,20170523,000000,1.1038,1.1038,1.0389,1.0575,0,0
PBX_PB,D,20170524,000000,1.0111,1.1038,1.0111,1.1038,0,0
PBX_PB,D,20170525,000000,1.0389,1.1038,1.0389,1.0854,0,0
PBX_PB,D,20170526,000000,1.0389,1.0389,1.0297,1.0389,0,0
PBX_PB,D,20170530,000000,1.0946,1.0946,1.0946,1.0946,0,0
PBX_PB,D,20170531,000000,1.0389,1.0389,1.0389,1.0389,0,0
PBX_PB,D,20170601,000000,1.0389,1.0389,1.0389,1.0389,0,0
PBX_PB,D,20170602,000000,1.0946,1.0946,1.0389,1.0389,0,0
PBX_PB,D,20170606,000000,1.0297,1.0297,1.0297,1.0297,0,0
PBX_PB,D,20170608,000000,1.0389,1.0389,1.0297,1.0389,0,0
PBX_PB,D,20170609,000000,1.0389,1.0946,1.0389,1.0946,0,0
PBX_PB,D,20170612,000000,1.0389,1.0389,1.0389,1.0389,0,0
PBX_PB,D,20170613,000000,1.0297,1.0297,1.0297,1.0297,0,0
PBX_PB,D,20170614,000000,1.0297,1.0297,1.0297,1.0297,0,0
PBX_PB,D,20170616,000000,1.0297,1.0297,1.0297,1.0297,0,0
PBX_PB,D,20170619,000000,1.0297,1.0297,1.0297,1.0297,0,0
PBX_PB,D,20170620,000000,1.0389,1.0389,1.0389,1.0389,0,0
PBX_PB,D,20170621,000000,1.0389,1.0389,1.0389,1.0389,0,0
PBX_PB,D,20170623,000000,1.0297,1.0297,1.0297,1.0297,0,0
PBX_PB,D,20170626,000000,1.0204,1.0204,1.0204,1.0204,0,0
PBX_PB,D,20170628,000000,1.0204,1.0204,1.0111,1.0111,0,0
PBX_PB,D,20170629,000000,1.0204,1.0297,1.0204,1.0204,0,0
PBX_PB,D,20170630,000000,1.0111,1.0111,1.0111,1.0111,0,0
PBX_PB,D,20170703,000000,1.0111,1.0111,1.0111,1.0111,0,0
PBX_PB,D,20170704,000000,1.0039,1.0039,1.0039,1.0039,0,0
PBX_PB,D,20170705,000000,0.9946,1.032,0.9946,1.032,0,0
PBX_PB,D,20170706,000000,1.0227,1.0227,1.0133,1.0133,0,0
PBX_PB,D,20170710,000000,1.0415,1.0509,1.0415,1.0509,0,0
PBX_PB,D,20170711,000000,1.0509,1.0509,1.0039,1.032,0,0
PBX_PB,D,20170712,000000,1.0133,1.0415,0.9946,1.0415,0,0
PBX_PB,D,20170714,000000,1.032,1.032,0.9946,1.032,0,0
PBX_PB,D,20170718,000000,1.032,1.032,1.032,1.032,0,0
PBX_PB,D,20170719,000000,0.9946,0.9946,0.9946,0.9946,0,0
PBX_PB,D,20170720,000000,0.9946,0.9946,0.9946,0.9946,0,0
PBX_PB,D,20170721,000000,1.0133,1.0133,1.0133,1.0133,0,0
PBX_PB,D,20170724,000000,0.9852,0.9852,0.9852,0.9852,0,0
PBX_PB,D,20170725,000000,0.9852,0.9852,0.9665,0.9665,0,0
PBX_PB,D,20170726,000000,0.9758,0.9758,0.9758,0.9758,0,0
PBX_PB,D,20170728,000000,1.0133,1.0133,1.0133,1.0133,0,0
PBX_PB,D,20170731,000000,1.0133,1.0133,0.9665,0.9665,0,0
PBX_PB,D,20170801,000000,0.9946,0.9946,0.9571,0.9946,0,0
PBX_PB,D,20170802,000000,0.9946,1.0039,0.9758,1.0039,0,0
PBX_PB,D,20170803,000000,1.0039,1.0039,1.0039,1.0039,0,0
PBX_PB,D,20170804,000000,0.9571,1.0039,0.9571,1.0039,0,0
PBX_PB,D,20170807,000000,0.9946,0.9946,0.9946,0.9946,0,0
PBX_PB,D,20170809,000000,1.0039,1.0039,0.9571,0.9571,0,0
PBX_PB,D,20170810,000000,0.9946,0.9946,0.9946,0.9946,0,0
PBX_PB,D,20170814,000000,0.9758,0.9758,0.9571,0.9571,0,0
PBX_PB,D,20170816,000000,0.9571,0.9571,0.9382,0.9476,0,0
PBX_PB,D,20170817,000000,0.9382,0.9382,0.9382,0.9382,0,0
PBX_PB,D,20170818,000000,0.9946,0.9946,0.9008,0.9476,0,0
PBX_PB,D,20170821,000000,0.9852,0.9852,0.9101,0.9852,0,0
PBX_PB,D,20170823,000000,0.9852,0.9852,0.9852,0.9852,0,0
PBX_PB,D,20170828,000000,0.9665,0.9852,0.9665,0.9852,0,0
PBX_PB,D,20170831,000000,0.9852,0.9946,0.9852,0.9946,0,0
PBX_PB,D,20170908,000000,0.9852,0.9852,0.9852,0.9852,0,0
PBX_PB,D,20170914,000000,0.9665,0.9665,0.9665,0.9665,0,0
PBX_PB,D,20170915,000000,0.9382,0.9382,0.9382,0.9382,0,0
PBX_PB,D,20170918,000000,0.9665,0.9665,0.9665,0.9665,0,0
PBX_PB,D,20170920,000000,0.9665,0.9665,0.9665,0.9665,0,0
PBX_PB,D,20170922,000000,0.9665,0.9665,0.9101,0.9665,0,0
PBX_PB,D,20170926,000000,0.9665,0.9665,0.9665,0.9665,0,0
PBX_PB,D,20171003,000000,0.9101,0.9101,0.9101,0.9101,0,0
PBX_PB,D,20171004,000000,0.9288,0.9288,0.9288,0.9288,0,0
PBX_PB,D,20171009,000000,0.9195,0.9382,0.9195,0.9382,0,0
PBX_PB,D,20171011,000000,0.9382,0.9382,0.9288,0.9288,0,0
PBX_PB,D,20171016,000000,0.9288,0.9288,0.9288,0.9288,0,0
PBX_PB,D,20171018,000000,0.9101,0.9288,0.9101,0.9288,0,0
PBX_PB,D,20171023,000000,0.9288,0.9288,0.9288,0.9288,0,0
PBX_PB,D,20171024,000000,0.9288,0.9288,0.9288,0.9288,0,0
PBX_PB,D,20171026,000000,0.9101,0.9195,0.9101,0.9195,0,0
PBX_PB,D,20171027,000000,0.9101,0.9288,0.9101,0.9288,0,0
PBX_PB,D,20171030,000000,0.8727,0.9288,0.8727,0.9288,0,0
PBX_PB,D,20171106,000000,0.9382,0.9382,0.9382,0.9382,0,0
PBX_PB,D,20171107,000000,0.9382,0.9571,0.9288,0.9571,0,0
PBX_PB,D,20171108,000000,0.9571,0.9571,0.9571,0.9571,0,0
PBX_PB,D,20171113,000000,0.9571,0.9571,0.9571,0.9571,0,0
PBX_PB,D,20171116,000000,0.9571,0.9571,0.9571,0.9571,0,0
PBX_PB,D,20171120,000000,0.9665,1.0133,0.9288,0.9571,0,0
PBX_PB,D,20171121,000000,0.9852,0.9852,0.9571,0.9852,0,0
PBX_PB,D,20171123,000000,0.9946,1.079,0.9946,1.0509,0,0
PBX_PB,D,20171124,000000,1.032,1.0697,1.032,1.0697,0,0
PBX_PB,D,20171127,000000,1.0697,1.0697,1.032,1.032,0,0
PBX_PB,D,20171128,000000,1.0039,1.0039,0.9665,0.9665,0,0
PBX_PB,D,20171129,000000,1.0415,1.0415,0.9946,0.9946,0,0
PBX_PB,D,20171130,000000,0.9946,0.9946,0.9758,0.9758,0,0
PBX_PB,D,20171204,000000,0.9852,1.0227,0.9852,1.0227,0,0
PBX_PB,D,20171205,000000,0.9946,0.9946,0.9946,0.9946,0,0
PBX_PB,D,20171207,000000,0.9852,1.0227,0.9758,1.0227,0,0
PBX_PB,D,20171208,000000,0.9852,1.0227,0.9852,0.9852,0,0
PBX_PB,D,20171212,000000,0.9476,0.9946,0.9476,0.9946,0,0
PBX_PB,D,20171214,000000,0.9946,0.9946,0.9946,0.9946,0,0
PBX_PB,D,20171218,000000,0.9665,0.9946,0.9665,0.9665,0,0
PBX_PB,D,20171219,000000,0.9665,0.9665,0.9665,0.9665,0,0
PBX_PB,D,20171220,000000,0.9476,0.9665,0.9382,0.9665,0,0
PBX_PB,D,20171221,000000,0.9382,0.9758,0.9382,0.9758,0,0
PBX_PB,D,20171222,000000,0.9665,0.9758,0.9665,0.9665,0,0
PBX_PB,D,20171227,000000,0.9476,0.9476,0.9476,0.9476,0,0
PBX_PB,D,20171228,000000,0.9758,0.9758,0.9665,0.9665,0,0
PBX_PB,D,20171229,000000,0.9758,0.9946,0.9758,0.9946,0,0
PBX_PB,D,20180103,000000,0.9946,1.0133,0.9946,1.0039,0,0
PBX_PB,D,20180104,000000,1.0133,1.0133,1.0133,1.0133,0,0
PBX_PB,D,20180105,000000,1.0133,1.0133,1.0133,1.0133,0,0
PBX_PB,D,20180108,000000,1.0133,1.0133,1.0133,1.0133,0,0
PBX_PB,D,20180109,000000,1.0133,1.0227,0.9946,1.0227,0,0
PBX_PB,D,20180110,000000,1.0039,1.0227,1.0039,1.0227,0,0
PBX_PB,D,20180112,000000,1.0227,1.0227,1.0227,1.0227,0,0
PBX_PB,D,20180115,000000,1.0227,1.0227,0.9946,0.9946,0,0
PBX_PB,D,20180116,000000,0.9946,1.0039,0.9946,1.0039,0,0
PBX_PB,D,20180117,000000,1.0227,1.0227,1.0227,1.0227,0,0
PBX_PB,D,20180118,000000,1.0227,1.0227,1.0133,1.0227,0,0
PBX_PB,D,20180119,000000,1.0133,1.0227,1.0133,1.0227,0,0
PBX_PB,D,20180122,000000,1.0227,1.0227,1.0133,1.0227,0,0
PBX_PB,D,20180123,000000,0.9946,0.9946,0.9946,0.9946,0,0
PBX_PB,D,20180125,000000,0.9946,0.9946,0.9758,0.9758,0,0
PBX_PB,D,20180129,000000,1.0039,1.0227,1.0039,1.0039,0,0
PBX_PB,D,20180130,000000,1.0039,1.0133,0.9852,1.0133,0,0
PBX_PB,D,20180131,000000,1.0133,1.0133,1.0133,1.0133,0,0
PBX_PB,D,20180201,000000,1.0039,1.0039,1.0039,1.0039,0,0
PBX_PB,D,20180202,000000,1.0039,1.0133,0.9946,1.0039,0,0
PBX_PB,D,20180206,000000,0.9852,0.9852,0.9758,0.9852,0,0
PBX_PB,D,20180207,000000,0.9852,0.9852,0.9852,0.9852,0,0
PBX_PB,D,20180208,000000,0.9852,0.9852,0.9665,0.9852,0,0
PBX_PB,D,20180209,000000,0.9758,0.9852,0.9758,0.9758,0,0
PBX_PB,D,20180212,000000,0.9946,1.0039,0.9946,1.0039,0,0
PBX_PB,D,20180213,000000,1.0039,1.0039,0.9758,0.9946,0,0
PBX_PB,D,20180214,000000,1.0039,1.0039,1.0039,1.0039,0,0
PBX_PB,D,20180215,000000,1.0133,1.0133,1.0133,1.0133,0,0
PBX_PB,D,20180216,000000,1.0133,1.0133,1.0133,1.0133,0,0
PBX_PB,D,20180221,000000,1.0133,1.0133,1.0133,1.0133,0,0
PBX_PB,D,20180222,000000,1.0133,1.0133,1.0133,1.0133,0,0
PBX_PB,D,20180223,000000,1.0133,1.0133,1.0133,1.0133,0,0
PBX_PB,D,20180226,000000,1.0133,1.0509,1.0133,1.0509,0,0
PBX_PB,D,20180302,000000,1.0039,1.0133,1.0039,1.0133,0,0
PBX_PB,D,20180305,000000,1.032,1.032,0.9852,0.9852,0,0
PBX_PB,D,20180306,000000,0.9665,1.0133,0.9665,1.0133,0,0
PBX_PB,D,20180308,000000,0.9758,1.0509,0.9758,1.0509,0,0
PBX_PB,D,20180309,000000,1.0509,1.0509,1.0509,1.0509,0,0
PBX_PB,D,20180312,000000,1.0133,1.0509,1.0133,1.0509,0,0
PBX_PB,D,20180314,000000,1.0509,1.0697,1.0509,1.0697,0,0
PBX_PB,D,20180315,000000,1.0697,1.079,1.0697,1.0697,0,0
PBX_PB,D,20180319,000000,1.0697,1.0697,1.0697,1.0697,0,0
PBX_PB,D,20180320,000000,1.0697,1.1635,1.0697,1.1635,0,0
PBX_PB,D,20180321,000000,1.1165,1.1353,1.1165,1.1353,0,0
PBX_PB,D,20180322,000000,1.0978,1.1541,1.032,1.1541,0,0
PBX_PB,D,20180323,000000,1.0603,1.1541,1.0603,1.079,0,0
PBX_PB,D,20180326,000000,1.1447,1.1447,1.0133,1.0133,0,0
PBX_PB,D,20180327,000000,1.0133,1.0133,1.0133,1.0133,0,0
PBX_PB,D,20180328,000000,1.032,1.079,1.032,1.079,0,0
PBX_PB,D,20180329,000000,1.079,1.079,1.079,1.079,0,0
PBX_PB,D,20180403,000000,1.079,1.079,1.0697,1.0697,0,0
PBX_PB,D,20180404,000000,1.079,1.079,1.0697,1.079,0,0
PBX_PB,D,20180406,000000,1.079,1.079,1.0227,1.079,0,0
PBX_PB,D,20180409,000000,1.079,1.0884,1.079,1.0884,0,0
PBX_PB,D,20180416,000000,1.079,1.079,1.079,1.079,0,0
PBX_PB,D,20180417,000000,1.0133,1.0227,1.0133,1.0133,0,0
PBX_PB,D,20180418,000000,1.032,1.032,1.032,1.032,0,0
PBX_PB,D,20180419,000000,1.0603,1.0603,1.0603,1.0603,0,0
PBX_PB,D,20180420,000000,1.0603,1.0603,0.9946,1.0509,0,0
PBX_PB,D,20180423,000000,1.0227,1.0603,1.0227,1.0603,0,0
PBX_PB,D,20180426,000000,1.032,1.0603,0.9946,1.0039,0,0
PBX_PB,D,20180427,000000,0.9571,0.9946,0.9476,0.9946,0,0
PBX_PB,D,20180430,000000,1.0039,1.032,1.0039,1.032,0,0
PBX_PB,D,20180502,000000,0.9758,0.9946,0.9665,0.9946,0,0
PBX_PB,D,20180504,000000,1.032,1.032,1.032,1.032,0,0
PBX_PB,D,20180507,000000,1.0227,1.0227,1.0227,1.0227,0,0
PBX_PB,D,20180508,000000,0.9758,1.0227,0.9758,1.0227,0,0
PBX_PB,D,20180510,000000,0.9571,1.0415,0.9571,1.032,0,0
PBX_PB,D,20180511,000000,1.032,1.032,1.032,1.032,0,0
PBX_PB,D,20180517,000000,1.032,1.0603,1.032,1.0509,0,0
PBX_PB,D,20180518,000000,1.0884,1.0884,1.0603,1.0603,0,0
PBX_PB,D,20180521,000000,1.0697,1.0697,1.0415,1.0697,0,0
PBX_PB,D,20180522,000000,1.0227,1.0509,1.0227,1.0509,0,0
PBX_PB,D,20180524,000000,1.0133,1.0227,0.9758,0.9852,0,0
PBX_PB,D,20180525,000000,0.9852,0.9852,0.9852,0.9852,0,0
PBX_PB,D,20180528,000000,1.0415,1.0697,0.9852,1.032,0,0
PBX_PB,D,20180529,000000,1.032,1.032,0.9852,0.9852,0,0
PBX_PB,D,20180530,000000,1.0133,1.032,1.0133,1.032,0,0
PBX_PB,D,20180601,000000,1.0133,1.0133,1.0133,1.0133,0,0
PBX_PB,D,20180604,000000,1.0133,1.0133,1.0133,1.0133,0,0
PBX_PB,D,20180606,000000,1.032,1.032,1.032,1.032,0,0
PBX_PB,D,20180607,000000,1.032,1.032,0.9852,1.032,0,0
PBX_PB,D,20180611,000000,1.0133,1.032,1.0133,1.032,0,0
PBX_PB,D,20180612,000000,1.032,1.032,1.032,1.032,0,0
PBX_PB,D,20180613,000000,1.032,1.032,1.032,1.032,0,0
PBX_PB,D,20180614,000000,1.032,1.032,1.032,1.032,0,0
PBX_PB,D,20180615,000000,1.032,1.032,1.032,1.032,0,0
PBX_PB,D,20180619,000000,1.0133,1.0133,1.0133,1.0133,0,0
PBX_PB,D,20180620,000000,1.0415,1.0415,1.0415,1.0415,0,0
PBX_PB,D,20180621,000000,1.0509,1.0509,1.0415,1.0415,0,0
PBX_PB,D,20180622,000000,1.0509,1.0509,1.0133,1.0133,0,0
PBX_PB,D,20180626,000000,0.9946,1.0039,0.9852,0.9852,0,0
PBX_PB,D,20180627,000000,0.9946,0.9946,0.9758,0.9758,0,0
PBX_PB,D,20180628,000000,0.9758,0.9758,0.9476,0.9758,0,0
PBX_PB,D,20180629,000000,0.8914,0.9758,0.8914,0.9758,0,0
PBX_PB,D,20180706,000000,0.9382,0.9665,0.9382,0.9665,0,0
PBX_PB,D,20180710,000000,0.9665,0.9665,0.9665,0.9665,0,0
PBX_PB,D,20180711,000000,0.9665,0.9758,0.9665,0.9758,0,0
PBX_PB,D,20180713,000000,0.9665,0.9665,0.9665,0.9665,0,0
PBX_PB,D,20180716,000000,0.9571,0.9571,0.9571,0.9571,0,0
PBX_PB,D,20180717,000000,0.9571,0.9665,0.9571,0.9665,0,0
PBX_PB,D,20180718,000000,0.9571,0.9852,0.9476,0.9852,0,0
PBX_PB,D,20180719,000000,1.0328,1.0328,1.0328,1.0328,0,0
PBX_PB,D,20180724,000000,1.0041,1.0041,1.0041,1.0041,0,0
PBX_PB,D,20180727,000000,0.985,1.0041,0.985,1.0041,0,0
PBX_PB,D,20180730,000000,0.9755,1.0041,0.9755,1.0041,0,0
PBX_PB,D,20180731,000000,1.0041,1.0041,1.0041,1.0041,0,0
PBX_PB,D,20180801,000000,0.9755,1.0041,0.9755,1.0041,0,0
PBX_PB,D,20180802,000000,1.0041,1.0041,1.0041,1.0041,0,0
PBX_PB,D,20180807,000000,0.985,0.985,0.9755,0.9755,0,0
PBX_PB,D,20180808,000000,0.9755,0.9755,0.9755,0.9755,0,0
PBX_PB,D,20180809,000000,0.9755,0.9755,0.9755,0.9755,0,0
PBX_PB,D,20180810,000000,0.9659,0.9659,0.9659,0.9659,0,0
PBX_PB,D,20180813,000000,1.0041,1.0041,0.9659,1.0041,0,0
PBX_PB,D,20180816,000000,0.9659,0.9659,0.9659,0.9659,0,0
PBX_PB,D,20180817,000000,0.9659,0.9659,0.9659,0.9659,0,0
PBX_PB,D,20180820,000000,1.0041,1.0041,1.0041,1.0041,0,0
PBX_PB,D,20180821,000000,0.9755,0.9755,0.9755,0.9755,0,0
PBX_PB,D,20180822,000000,0.9755,0.9755,0.9372,0.9659,0,0
PBX_PB,D,20180824,000000,0.9755,0.9755,0.9755,0.9755,0,0
PBX_PB,D,20180827,000000,0.9755,0.9755,0.9755,0.9755,0,0
PBX_PB,D,20180828,000000,0.9563,0.9563,0.9277,0.9277,0,0
PBX_PB,D,20180829,000000,0.9563,0.9659,0.9563,0.9659,0,0
PBX_PB,D,20180831,000000,0.9563,0.9563,0.9085,0.9085,0,0
PBX_PB,D,20180903,000000,0.8989,0.8989,0.8989,0.8989,0,0
PBX_PB,D,20180904,000000,0.9085,0.9085,0.9085,0.9085,0,0
PBX_PB,D,20180905,000000,0.9085,0.9085,0.8989,0.8989,0,0
PBX_PB,D,20180906,000000,0.8989,0.8989,0.8989,0.8989,0,0
PBX_PB,D,20180907,000000,0.8989,0.8989,0.8989,0.8989,0,0
PBX_PB,D,20180910,000000,0.9277,0.9563,0.8893,0.8893,0,0
PBX_PB,D,20180911,000000,0.8893,0.9085,0.8893,0.8893,0,0
PBX_PB,D,20180912,000000,0.8893,0.8893,0.8893,0.8893,0,0
PBX_PB,D,20180913,000000,0.8893,0.8893,0.8703,0.8703,0,0
PBX_PB,D,20180914,000000,0.8893,0.8893,0.8893,0.8893,0,0
PBX_PB,D,20180917,000000,0.9372,0.9372,0.8798,0.8893,0,0
PBX_PB,D,20180918,000000,0.8893,0.9085,0.8893,0.9085,0,0
PBX_PB,D,20180920,000000,0.8893,0.8893,0.8893,0.8893,0,0
PBX_PB,D,20180921,000000,0.9085,0.9085,0.8989,0.8989,0,0
PBX_PB,D,20180925,000000,0.9277,0.9277,0.9277,0.9277,0,0
PBX_PB,D,20180927,000000,0.9085,0.9085,0.9085,0.9085,0,0
PBX_PB,D,20180928,000000,0.9085,0.9085,0.8989,0.8989,0,0
PBX_PB,D,20181001,000000,0.9277,0.9277,0.8893,0.9085,0,0
PBX_PB,D,20181002,000000,0.8893,0.8893,0.8893,0.8893,0,0
PBX_PB,D,20181003,000000,0.8893,0.9372,0.8893,0.9372,0,0
PBX_PB,D,20181004,000000,0.9372,1.0041,0.9372,0.985,0,0
PBX_PB,D,20181005,000000,0.9659,1.0041,0.9659,1.0041,0,0
PBX_PB,D,20181008,000000,1.0041,1.0041,1.0041,1.0041,0,0
PBX_PB,D,20181009,000000,1.0041,1.0041,1.0041,1.0041,0,0
PBX_PB,D,20181010,000000,1.0137,1.0232,1.0041,1.0232,0,0
PBX_PB,D,20181011,000000,0.9946,1.0328,0.9946,1.0328,0,0
PBX_PB,D,20181012,000000,1.0424,1.052,1.0232,1.0424,0,0
PBX_PB,D,20181015,000000,1.052,1.052,1.0232,1.052,0,0
PBX_PB,D,20181016,000000,1.071,1.0998,1.071,1.0998,0,0
PBX_PB,D,20181017,000000,1.1189,1.1189,1.0902,1.0902,0,0
PBX_PB,D,20181018,000000,1.0902,1.1094,1.0902,1.1094,0,0
PBX_PB,D,20181019,000000,1.0806,1.1284,1.0806,1.0902,0,0
PBX_PB,D,20181022,000000,1.1284,1.1284,1.0806,1.0902,0,0
PBX_PB,D,20181023,000000,1.0806,1.0902,1.0615,1.0902,0,0
PBX_PB,D,20181024,000000,1.0902,1.0902,1.0902,1.0902,0,0
PBX_PB,D,20181025,000000,1.052,1.071,1.0328,1.071,0,0
PBX_PB,D,20181026,000000,1.0615,1.071,1.0137,1.071,0,0
PBX_PB,D,20181029,000000,1.0615,1.071,1.0615,1.071,0,0
PBX_PB,D,20181030,000000,1.052,1.052,1.052,1.052,0,0
PBX_PB,D,20181031,000000,1.0232,1.052,1.0041,1.052,0,0
PBX_PB,D,20181102,000000,1.071,1.0806,1.052,1.0806,0,0
PBX_PB,D,20181105,000000,1.0806,1.0806,1.052,1.052,0,0
PBX_PB,D,20181107,000000,1.052,1.052,1.052,1.052,0,0
PBX_PB,D,20181108,000000,1.052,1.052,1.052,1.052,0,0
PBX_PB,D,20181113,000000,1.052,1.052,1.052,1.052,0,0
PBX_PB,D,20181114,000000,1.0232,1.0232,1.0232,1.0232,0,0
PBX_PB,D,20181116,000000,1.0041,1.0232,1.0041,1.0232,0,0
PBX_PB,D,20181120,000000,1.0328,1.0328,1.0328,1.0328,0,0
PBX_PB,D,20181121,000000,1.0232,1.0232,1.0041,1.0041,0,0
PBX_PB,D,20181122,000000,0.9946,1.0328,0.9946,1.0328,0,0
PBX_PB,D,20181123,000000,1.0424,1.0424,1.0424,1.0424,0,0
PBX_PB,D,20181126,000000,1.052,1.0806,0.985,0.985,0,0
PBX_PB,D,20181127,000000,0.9946,1.071,0.9755,1.052,0,0
PBX_PB,D,20181128,000000,1.0806,1.0998,1.071,1.0806,0,0
PBX_PB,D,20181129,000000,1.0998,1.1284,1.071,1.071,0,0
PBX_PB,D,20181130,000000,1.0806,1.0998,1.0615,1.0902,0,0
PBX_PB,D,20181203,000000,1.0998,1.138,1.0902,1.138,0,0
PBX_PB,D,20181204,000000,1.1572,1.1572,1.0998,1.138,0,0
PBX_PB,D,20181205,000000,1.1284,1.1284,1.0998,1.1189,0,0
PBX_PB,D,20181206,000000,1.0998,1.1094,1.0806,1.0998,0,0
PBX_PB,D,20181207,000000,1.0998,1.0998,1.0615,1.0998,0,0
PBX_PB,D,20181210,000000,1.0998,1.0998,1.0902,1.0902,0,0
PBX_PB,D,20181211,000000,1.0902,1.0902,1.0615,1.0806,0,0
PBX_PB,D,20181212,000000,1.0615,1.1094,1.0615,1.1094,0,0
PBX_PB,D,20181213,000000,1.1284,1.1476,1.0998,1.0998,0,0
PBX_PB,D,20181214,000000,1.0998,1.1284,1.0998,1.1189,0,0
PBX_PB,D,20181217,000000,1.1189,1.1189,1.0998,1.0998,0,0
PBX_PB,D,20181218,000000,1.0998,1.1094,1.0902,1.1094,0,0
PBX_PB,D,20181220,000000,1.0902,1.0998,1.052,1.052,0,0
PBX_PB,D,20181221,000000,1.071,1.071,1.0424,1.0424,0,0
PBX_PB,D,20181227,000000,1.052,1.0806,1.052,1.0806,0,0
PBX_PB,D,20181228,000000,1.0902,1.0998,1.0615,1.0998,0,0
PBX_PB,D,20190102,000000,1.1094,1.1284,1.0806,1.1094,0,0
PBX_PB,D,20190103,000000,1.1094,1.1094,1.0615,1.0902,0,0
PBX_PB,D,20190104,000000,1.0902,1.0998,1.0902,1.0902,0,0
PBX_PB,D,20190107,000000,1.0902,1.1189,1.0902,1.1094,0,0
PBX_PB,D,20190108,000000,1.0806,1.0806,1.0328,1.052,0,0
PBX_PB,D,20190109,000000,1.0424,1.071,1.0232,1.0328,0,0
PBX_PB,D,20190110,000000,1.0902,1.0902,1.0328,1.0328,0,0
PBX_PB,D,20190111,000000,1.052,1.071,1.0328,1.0615,0,0
PBX_PB,D,20190114,000000,1.0615,1.0615,1.0424,1.0424,0,0
PBX_PB,D,20190115,000000,1.0615,1.071,1.0328,1.0615,0,0
PBX_PB,D,20190116,000000,1.052,1.0615,1.052,1.0615,0,0
PBX_PB,D,20190117,000000,1.0615,1.071,1.052,1.071,0,0
PBX_PB,D,20190118,000000,1.071,1.071,1.0328,1.0328,0,0
PBX_PB,D,20190121,000000,1.0328,1.0328,0.9755,0.9755,0,0
PBX_PB,D,20190122,000000,0.985,0.9946,0.9467,0.9755,0,0
PBX_PB,D,20190123,000000,0.9755,0.9755,0.9372,0.9467,0,0
PBX_PB,D,20190124,000000,0.985,0.985,0.9659,0.9755,0,0
PBX_PB,D,20190125,000000,0.9563,0.9946,0.9467,0.9946,0,0
PBX_PB,D,20190128,000000,0.9946,1.0041,0.9563,1.0041,0,0
PBX_PB,D,20190129,000000,0.9946,1.0041,0.9755,1.0041,0,0
PBX_PB,D,20190130,000000,0.9946,0.9946,0.9659,0.985,0,0
PBX_PB,D,20190131,000000,1.0041,1.0041,0.9659,1.0041,0,0
PBX_PB,D,20190201,000000,1.0041,1.0232,0.985,1.0137,0,0
PBX_PB,D,20190204,000000,1.0041,1.0041,0.9755,1.0041,0,0
PBX_PB,D,20190205,000000,1.0041,1.0137,0.9755,1.0137,0,0
PBX_PB,D,20190206,000000,0.9755,0.9946,0.9755,0.9946,0,0
PBX_PB,D,20190207,000000,0.9946,0.9946,0.9755,0.9755,0,0
PBX_PB,D,20190208,000000,0.9659,0.9946,0.9659,0.9946,0,0
PBX_PB,D,20190211,000000,0.9946,0.9946,0.9372,0.9659,0,0
PBX_PB,D,20190212,000000,0.985,0.985,0.985,0.985,0,0
PBX_PB,D,20190213,000000,0.985,0.985,0.9563,0.985,0,0
PBX_PB,D,20190214,000000,0.985,0.985,0.985,0.985,0,0
PBX_PB,D,20190215,000000,0.985,0.9946,0.9563,0.9563,0,0
PBX_PB,D,20190218,000000,0.9755,0.9755,0.9755,0.9755,0,0
PBX_PB,D,20190219,000000,0.985,1.0041,0.985,1.0041,0,0
PBX_PB,D,20190220,000000,0.985,1.0041,0.985,1.0041,0,0
PBX_PB,D,20190221,000000,0.9946,0.9946,0.9946,0.9946,0,0
PBX_PB,D,20190222,000000,0.9946,0.9946,0.9755,0.9755,0,0
PBX_PB,D,20190225,000000,0.9755,0.9755,0.9659,0.9659,0,0
PBX_PB,D,20190226,000000,0.9946,1.0041,0.9946,1.0041,0,0
PBX_PB,D,20190227,000000,1.0041,1.0328,1.0041,1.0328,0,0
PBX_PB,D,20190228,000000,1.0232,1.0424,1.0137,1.0137,0,0
PBX_PB,D,20190301,000000,1.0424,1.0615,1.0424,1.0615,0,0
PBX_PB,D,20190304,000000,1.0615,1.071,1.0615,1.071,0,0
PBX_PB,D,20190305,000000,1.0424,1.071,1.0424,1.052,0,0
PBX_PB,D,20190306,000000,1.0424,1.0424,1.0424,1.0424,0,0
PBX_PB,D,20190307,000000,1.0424,1.0424,1.0328,1.0328,0,0
PBX_PB,D,20190308,000000,1.0232,1.0232,1.0041,1.0232,0,0
PBX_PB,D,20190311,000000,1.0328,1.0328,1.0041,1.0232,0,0
PBX_PB,D,20190312,000000,1.0232,1.0328,1.0137,1.0232,0,0
PBX_PB,D,20190313,000000,1.0232,1.0232,1.0232,1.0232,0,0
PBX_PB,D,20190315,000000,1.0232,1.0232,1.0232,1.0232,0,0
PBX_PB,D,20190318,000000,1.0232,1.0232,1.0232,1.0232,0,0
PBX_PB,D,20190319,000000,1.0041,1.0232,0.9946,0.9946,0,0
PBX_PB,D,20190321,000000,0.9946,0.9946,0.9755,0.9946,0,0
PBX_PB,D,20190322,000000,0.9946,0.9946,0.9659,0.9659,0,0
PBX_PB,D,20190325,000000,0.9659,0.9755,0.9563,0.9563,0,0
PBX_PB,D,20190326,000000,0.9563,0.9659,0.9372,0.9372,0,0
PBX_PB,D,20190327,000000,0.9563,0.9563,0.9372,0.9372,0,0
PBX_PB,D,20190328,000000,0.9277,0.9755,0.9277,0.9755,0,0
PBX_PB,D,20190329,000000,0.9467,1.0041,0.9467,1.0041,0,0
PBX_PB,D,20190401,000000,1.0041,1.0041,0.9946,0.9946,0,0
PBX_PB,D,20190402,000000,0.9946,0.9946,0.9372,0.985,0,0
PBX_PB,D,20190403,000000,0.9946,0.9946,0.9372,0.9755,0,0
PBX_PB,D,20190404,000000,0.9755,0.9755,0.9755,0.9755,0,0
PBX_PB,D,20190405,000000,0.9755,0.9755,0.9755,0.9755,0,0
PBX_PB,D,20190408,000000,0.985,1.0137,0.9755,0.985,0,0
PBX_PB,D,20190409,000000,0.985,0.985,0.985,0.985,0,0
PBX_PB,D,20190410,000000,0.9659,0.9659,0.9659,0.9659,0,0
PBX_PB,D,20190411,000000,1.0041,1.0041,0.9659,0.9659,0,0
PBX_PB,D,20190412,000000,0.9659,0.9659,0.9467,0.9563,0,0
PBX_PB,D,20190415,000000,0.9467,0.9467,0.9467,0.9467,0,0
PBX_PB,D,20190416,000000,0.9467,0.9563,0.9277,0.9563,0,0
PBX_PB,D,20190417,000000,0.9563,0.9563,0.9372,0.9467,0,0
PBX_PB,D,20190418,000000,0.9467,0.9467,0.8129,0.8129,0,0
PBX_PB,D,20190423,000000,0.8415,0.8511,0.8224,0.832,0,0
PBX_PB,D,20190424,000000,0.8224,0.8224,0.8129,0.8129,0,0
PBX_PB,D,20190425,000000,0.8129,0.8129,0.8129,0.8129,0,0
PBX_PB,D,20190426,000000,0.8129,0.8129,0.8129,0.8129,0,0
PBX_PB,D,20190429,000000,0.8415,0.8511,0.8129,0.8129,0,0
PBX_PB,D,20190430,000000,0.8129,0.8129,0.8129,0.8129,0,0
PBX_PB,D,20190502,000000,0.8129,0.8415,0.8129,0.8129,0,0
PBX_PB,D,20190506,000000,0.8129,0.832,0.8129,0.8129,0,0
PBX_PB,D,20190507,000000,0.8129,0.8129,0.8129,0.8129,0,0
PBX_PB,D,20190508,000000,0.8129,0.8129,0.7938,0.8129,0,0
PBX_PB,D,20190509,000000,0.8033,0.8129,0.8033,0.8129,0,0
PBX_PB,D,20190510,000000,0.8129,0.8129,0.7938,0.8129,0,0
PBX_PB,D,20190513,000000,0.7938,0.7938,0.7938,0.7938,0,0
PBX_PB,D,20190514,000000,0.7938,0.7938,0.7842,0.7842,0,0
PBX_PB,D,20190515,000000,0.7842,0.7842,0.7555,0.7746,0,0
PBX_PB,D,20190516,000000,0.765,0.765,0.7555,0.7555,0,0
PBX_PB,D,20190517,000000,0.765,0.765,0.7555,0.765,0,0
PBX_PB,D,20190520,000000,0.765,0.7842,0.765,0.7746,0,0
PBX_PB,D,20190521,000000,0.765,0.765,0.7555,0.7555,0,0
PBX_PB,D,20190522,000000,0.7555,0.7555,0.7555,0.7555,0,0
PBX_PB,D,20190523,000000,0.7555,0.7555,0.7555,0.7555,0,0
PBX_PB,D,20190524,000000,0.7555,0.7555,0.746,0.746,0,0
PBX_PB,D,20190527,000000,0.7746,0.7746,0.746,0.746,0,0
PBX_PB,D,20190528,000000,0.7364,0.746,0.7364,0.746,0,0
PBX_PB,D,20190529,000000,0.7364,0.746,0.7364,0.746,0,0
PBX_PB,D,20190530,000000,0.746,0.746,0.746,0.746,0,0
PBX_PB,D,20190531,000000,0.746,0.746,0.746,0.746,0,0
PBX_PB,D,20190603,000000,0.746,0.746,0.746,0.746,0,0
PBX_PB,D,20190605,000000,0.746,0.7842,0.746,0.7842,0,0
PBX_PB,D,20190606,000000,0.7938,0.8129,0.7938,0.8129,0,0
PBX_PB,D,20190607,000000,0.8033,0.8224,0.8033,0.8224,0,0
PBX_PB,D,20190610,000000,0.8033,0.8033,0.8033,0.8033,0,0
PBX_PB,D,20190611,000000,0.7938,0.7938,0.7842,0.7938,0,0
PBX_PB,D,20190612,000000,0.7746,0.7938,0.765,0.7938,0,0
PBX_PB,D,20190613,000000,0.7938,0.8033,0.7938,0.8033,0,0
PBX_PB,D,20190614,000000,0.8033,0.8033,0.8033,0.8033,0,0
PBX_PB,D,20190617,000000,0.8033,0.8129,0.8033,0.8129,0,0
PBX_PB,D,20190618,000000,0.8033,0.8033,0.8033,0.8033,0,0
PBX_PB,D,20190619,000000,0.8033,0.8224,0.8033,0.8224,0,0
PBX_PB,D,20190621,000000,0.8033,0.8033,0.8033,0.8033,0,0
PBX_PB,D,20190624,000000,0.8033,0.8033,0.8033,0.8033,0,0
PBX_PB,D,20190625,000000,0.7938,0.8033,0.7938,0.8033,0,0
PBX_PB,D,20190626,000000,0.7842,0.7842,0.7746,0.7746,0,0
PBX_PB,D,20190627,000000,0.7746,0.7746,0.765,0.765,0,0
PBX_PB,D,20190628,000000,0.7801,0.8295,0.7801,0.8295,0,0
PBX_PB,D,20190701,000000,0.8098,0.8295,0.8098,0.8196,0,0
PBX_PB,D,20190702,000000,0.8295,0.8591,0.8295,0.8394,0,0
PBX_PB,D,20190703,000000,0.8295,0.8394,0.8295,0.8394,0,0
PBX_PB,D,20190704,000000,0.8394,0.8591,0.8394,0.8591,0,0
PBX_PB,D,20190705,000000,0.8493,0.8591,0.8394,0.8591,0,0
PBX_PB,D,20190708,000000,0.8591,0.869,0.8591,0.8591,0,0
PBX_PB,D,20190709,000000,0.8591,0.8591,0.8591,0.8591,0,0
PBX_PB,D,20190710,000000,0.8591,0.8591,0.8493,0.8493,0,0
PBX_PB,D,20190711,000000,0.8493,0.8493,0.8493,0.8493,0,0
PBX_PB,D,20190712,000000,0.8493,0.8493,0.8295,0.8295,0,0
PBX_PB,D,20190715,000000,0.8295,0.8295,0.7801,0.7801,0,0
PBX_PB,D,20190716,000000,0.8196,0.8196,0.8196,0.8196,0,0
PBX_PB,D,20190717,000000,0.7999,0.7999,0.7604,0.79,0,0
PBX_PB,D,20190718,000000,0.79,0.8098,0.79,0.8098,0,0
PBX_PB,D,20190722,000000,0.8098,0.8098,0.7801,0.7999,0,0
PBX_PB,D,20190724,000000,0.79,0.79,0.7801,0.7801,0,0
PBX_PB,D,20190726,000000,0.7999,0.8196,0.7801,0.8196,0,0
PBX_PB,D,20190729,000000,0.7999,0.8098,0.7999,0.8098,0,0
PBX_PB,D,20190730,000000,0.7999,0.8098,0.7999,0.8098,0,0
PBX_PB,D,20190731,000000,0.8098,0.8196,0.8098,0.8196,0,0
PBX_PB,D,20190801,000000,0.8196,0.8196,0.8196,0.8196,0,0
PBX_PB,D,20190805,000000,0.8196,0.8295,0.8196,0.8196,0,0
PBX_PB,D,20190806,000000,0.7999,0.7999,0.7999,0.7999,0,0
PBX_PB,D,20190807,000000,0.79,0.79,0.79,0.79,0,0
PBX_PB,D,20190808,000000,0.8196,0.8196,0.8196,0.8196,0,0
PBX_PB,D,20190809,000000,0.8196,0.8196,0.8196,0.8196,0,0
PBX_PB,D,20190812,000000,0.7999,0.8196,0.79,0.79,0,0
PBX_PB,D,20190814,000000,0.79,0.7999,0.79,0.7999,0,0
PBX_PB,D,20190819,000000,0.8098,0.8196,0.79,0.79,0,0
PBX_PB,D,20190820,000000,0.8098,0.8098,0.7703,0.7703,0,0
PBX_PB,D,20190821,000000,0.7801,0.7801,0.7308,0.7308,0,0
PBX_PB,D,20190822,000000,0.7308,0.7308,0.7011,0.7011,0,0
PBX_PB,D,20190823,000000,0.7011,0.7011,0.6814,0.7011,0,0
PBX_PB,D,20190826,000000,0.6814,0.6814,0.6814,0.6814,0,0
PBX_PB,D,20190827,000000,0.6814,0.6814,0.6518,0.6616,0,0
PBX_PB,D,20190828,000000,0.6419,0.6814,0.6419,0.6814,0,0
PBX_PB,D,20190829,000000,0.6913,0.6913,0.6715,0.6715,0,0
PBX_PB,D,20190830,000000,0.6913,0.6913,0.6518,0.6814,0,0
PBX_PB,D,20190902,000000,0.6913,0.6913,0.6715,0.6715,0,0
PBX_PB,D,20190903,000000,0.6715,0.6715,0.6518,0.6616,0,0
PBX_PB,D,20190904,000000,0.6616,0.6616,0.6616,0.6616,0,0
PBX_PB,D,20190905,000000,0.6715,0.6715,0.6616,0.6616,0,0
PBX_PB,D,20190906,000000,0.6419,0.7011,0.6419,0.7011,0,0
PBX_PB,D,20190909,000000,0.7011,0.7011,0.6616,0.6616,0,0
PBX_PB,D,20190910,000000,0.6715,0.6715,0.6419,0.6518,0,0
PBX_PB,D,20190911,000000,0.6518,0.6814,0.6518,0.6616,0,0
PBX_PB,D,20190912,000000,0.6518,0.6616,0.6419,0.6419,0,0
PBX_PB,D,20190913,000000,0.6616,0.6616,0.632,0.6419,0,0
PBX_PB,D,20190916,000000,0.6419,0.6419,0.632,0.6419,0,0
PBX_PB,D,20190917,000000,0.6419,0.6419,0.632,0.632,0,0
PBX_PB,D,20190918,000000,0.632,0.632,0.632,0.632,0,0
PBX_PB,D,20190919,000000,0.632,0.632,0.6123,0.6221,0,0
PBX_PB,D,20190920,000000,0.632,0.632,0.6123,0.632,0,0
PBX_PB,D,20190923,000000,0.632,0.632,0.6221,0.632,0,0
PBX_PB,D,20190925,000000,0.632,0.632,0.6221,0.632,0,0
PBX_PB,D,20190926,000000,0.632,0.6518,0.632,0.6518,0,0
PBX_PB,D,20190927,000000,0.6616,0.6616,0.632,0.632,0,0
PBX_PB,D,20190930,000000,0.6616,0.6616,0.6221,0.632,0,0
PBX_PB,D,20191001,000000,0.6419,0.6518,0.6419,0.6419,0,0
PBX_PB,D,20191002,000000,0.6518,0.6616,0.6518,0.6616,0,0
PBX_PB,D,20191003,000000,0.6616,0.6616,0.6616,0.6616,0,0
PBX_PB,D,20191004,000000,0.6616,0.7011,0.6616,0.7011,0,0
PBX_PB,D,20191007,000000,0.7011,0.7011,0.6913,0.6913,0,0
PBX_PB,D,20191009,000000,0.6814,0.6913,0.6814,0.6814,0,0
PBX_PB,D,20191010,000000,0.6913,0.6913,0.6715,0.6715,0,0
PBX_PB,D,20191011,000000,0.6814,0.6913,0.6814,0.6814,0,0
PBX_PB,D,20191015,000000,0.6913,0.6913,0.6814,0.6814,0,0
PBX_PB,D,20191016,000000,0.6814,0.6814,0.6814,0.6814,0,0
PBX_PB,D,20191017,000000,0.6814,0.6913,0.6814,0.6913,0,0
PBX_PB,D,20191018,000000,0.6913,0.6913,0.6913,0.6913,0,0
PBX_PB,D,20191021,000000,0.6814,0.6814,0.6814,0.6814,0,0
PBX_PB,D,20191024,000000,0.6913,0.6913,0.6814,0.6814,0,0
PBX_PB,D,20191025,000000,0.6913,0.6913,0.6715,0.6814,0,0
PBX_PB,D,20191028,000000,0.6913,0.6913,0.6814,0.6913,0,0
PBX_PB,D,20191029,000000,0.6715,0.6715,0.6715,0.6715,0,0
PBX_PB,D,20191030,000000,0.6814,0.6814,0.6814,0.6814,0,0
PBX_PB,D,20191031,000000,0.6814,0.6913,0.6715,0.6715,0,0
PBX_PB,D,20191104,000000,0.6814,0.6814,0.6616,0.6814,0,0
PBX_PB,D,20191105,000000,0.6913,0.6913,0.6814,0.6814,0,0
PBX_PB,D,20191106,000000,0.6814,0.6814,0.6814,0.6814,0,0
PBX_PB,D,20191107,000000,0.6814,0.6814,0.6616,0.6814,0,0
PBX_PB,D,20191108,000000,0.6814,0.6814,0.6715,0.6715,0,0
PBX_PB,D,20191112,000000,0.6715,0.6715,0.6616,0.6616,0,0
PBX_PB,D,20191113,000000,0.6616,0.6715,0.6518,0.6715,0,0
PBX_PB,D,20191114,000000,0.6814,0.6814,0.6814,0.6814,0,0
PBX_PB,D,20191115,000000,0.6814,0.6814,0.6814,0.6814,0,0
PBX_PB,D,20191118,000000,0.6814,0.6913,0.6814,0.6913,0,0
PBX_PB,D,20191119,000000,0.6913,0.711,0.6913,0.7011,0,0
PBX_PB,D,20191120,000000,0.711,0.711,0.7011,0.711,0,0
PBX_PB,D,20191121,000000,0.711,0.711,0.6814,0.6814,0,0
PBX_PB,D,20191122,000000,0.7308,0.7406,0.7011,0.7209,0,0
PBX_PB,D,20191125,000000,0.7308,0.7308,0.7011,0.711,0,0
PBX_PB,D,20191126,000000,0.711,0.7209,0.711,0.7209,0,0
PBX_PB,D,20191127,000000,0.7011,0.711,0.7011,0.711,0,0
PBX_PB,D,20191128,000000,0.711,0.7209,0.7011,0.7209,0,0
PBX_PB,D,20191129,000000,0.711,0.7308,0.711,0.7308,0,0
PBX_PB,D,20191202,000000,0.7308,0.7308,0.7209,0.7209,0,0
PBX_PB,D,20191203,000000,0.7308,0.7505,0.7308,0.7406,0,0
PBX_PB,D,20191204,000000,0.7406,0.7505,0.7406,0.7505,0,0
PBX_PB,D,20191205,000000,0.7604,0.7604,0.7604,0.7604,0,0
PBX_PB,D,20191206,000000,0.7505,0.7505,0.7406,0.7406,0,0
PBX_PB,D,20191209,000000,0.7505,0.7604,0.7406,0.7604,0,0
PBX_PB,D,20191210,000000,0.7406,0.7406,0.7406,0.7406,0,0
PBX_PB,D,20191211,000000,0.7406,0.7406,0.7406,0.7406,0,0
PBX_PB,D,20191212,000000,0.7308,0.7406,0.7308,0.7406,0,0
PBX_PB,D,20191213,000000,0.7505,0.7604,0.7406,0.7604,0,0
PBX_PB,D,20191216,000000,0.7505,0.7604,0.7505,0.7604,0,0
PBX_PB,D,20191217,000000,0.7604,0.7703,0.7505,0.7703,0,0
PBX_PB,D,20191218,000000,0.7703,0.79,0.7505,0.7604,0,0
PBX_PB,D,20191219,000000,0.7604,0.7801,0.7604,0.7604,0,0
PBX_PB,D,20191220,000000,0.7505,0.7703,0.7505,0.7604,0,0
PBX_PB,D,20191223,000000,0.7604,0.7604,0.7406,0.7406,0,0
PBX_PB,D,20191227,000000,0.7505,0.7505,0.7505,0.7505,0,0
PBX_PB,D,20191230,000000,0.7505,0.7703,0.7505,0.7604,0,0
PBX_PB,D,20200102,000000,0.7801,0.8098,0.7801,0.8098,0,0
PBX_PB,D,20200103,000000,0.7999,0.7999,0.7505,0.7801,0,0
PBX_PB,D,20200107,000000,0.7801,0.8098,0.7703,0.79,0,0
PBX_PB,D,20200108,000000,0.79,0.79,0.7703,0.7801,0,0
PBX_PB,D,20200109,000000,0.7801,0.79,0.7703,0.79,0,0
PBX_PB,D,20200110,000000,0.79,0.79,0.7801,0.7801,0,0
PBX_PB,D,20200113,000000,0.7801,0.8196,0.7801,0.79,0,0
PBX_PB,D,20200114,000000,0.7999,0.8196,0.7999,0.8196,0,0
PBX_PB,D,20200115,000000,0.8196,0.8394,0.8196,0.8394,0,0
PBX_PB,D,20200116,000000,0.8394,0.8789,0.8394,0.8394,0,0
PBX_PB,D,20200117,000000,0.8493,0.9184,0.8493,0.9184,0,0
PBX_PB,D,20200120,000000,0.9283,0.9381,0.9184,0.9283,0,0
PBX_PB,D,20200121,000000,0.9184,0.9283,0.9184,0.9283,0,0
PBX_PB,D,20200122,000000,0.9184,0.9184,0.8888,0.9184,0,0
PBX_PB,D,20200123,000000,0.9184,0.9184,0.9085,0.9085,0,0
PBX_PB,D,20200124,000000,0.9085,0.9875,0.9085,0.9579,0,0
PBX_PB,D,20200127,000000,0.9381,0.9381,0.8986,0.9184,0,0
PBX_PB,D,20200128,000000,0.9381,0.9678,0.9381,0.9678,0,0
PBX_PB,D,20200129,000000,0.9678,0.9776,0.9678,0.9678,0,0
PBX_PB,D,20200130,000000,0.9381,0.9678,0.9381,0.9579,0,0
PBX_PB,D,20200131,000000,0.9381,0.9579,0.9381,0.948,0,0
PBX_PB,D,20200203,000000,0.9579,0.9678,0.9579,0.9678,0,0
PBX_PB,D,20200204,000000,0.9579,0.9678,0.9381,0.948,0,0
PBX_PB,D,20200205,000000,0.9579,0.9776,0.9381,0.9678,0,0
PBX_PB,D,20200206,000000,0.948,0.9579,0.9283,0.9579,0,0
PBX_PB,D,20200207,000000,0.948,0.9875,0.948,0.9678,0,0
PBX_PB,D,20200210,000000,0.9579,0.9776,0.9283,0.9381,0,0
PBX_PB,D,20200211,000000,0.9283,0.9283,0.8888,0.9283,0,0
PBX_PB,D,20200212,000000,0.8986,0.9381,0.8986,0.9381,0,0
PBX_PB,D,20200213,000000,0.9184,0.9579,0.9184,0.9579,0,0
PBX_PB,D,20200214,000000,0.9381,0.9381,0.9184,0.9381,0,0
PBX_PB,D,20200217,000000,0.9381,0.9381,0.9085,0.9085,0,0
PBX_PB,D,20200218,000000,0.9283,0.9283,0.9184,0.9184,0,0
PBX_PB,D,20200219,000000,0.9283,0.9283,0.8888,0.8888,0,0
PBX_PB,D,20200220,000000,0.9283,0.9283,0.8888,0.9085,0,0
PBX_PB,D,20200221,000000,0.8986,0.9085,0.8986,0.9085,0,0
PBX_PB,D,20200224,000000,0.8888,0.8888,0.7999,0.869,0,0
PBX_PB,D,20200225,000000,0.869,0.8986,0.8591,0.869,0,0
PBX_PB,D,20200226,000000,0.8394,0.8888,0.8098,0.8888,0,0
PBX_PB,D,20200227,000000,0.8295,0.8591,0.7999,0.7999,0,0
PBX_PB,D,20200228,000000,0.79,0.8098,0.7604,0.8098,0,0
PBX_PB,D,20200302,000000,0.8098,0.8196,0.7406,0.7999,0,0
PBX_PB,D,20200303,000000,0.79,0.8196,0.79,0.8196,0,0
PBX_PB,D,20200304,000000,0.79,0.8196,0.79,0.8196,0,0
PBX_PB,D,20200305,000000,0.7999,0.7999,0.7999,0.7999,0,0
PBX_PB,D,20200306,000000,0.7703,0.8196,0.7703,0.8196,0,0
PBX_PB,D,20200309,000000,0.7505,0.7703,0.7406,0.7604,0,0
PBX_PB,D,20200310,000000,0.7703,0.79,0.7703,0.79,0,0
PBX_PB,D,20200311,000000,0.7604,0.7604,0.7406,0.7505,0,0
PBX_PB,D,20200312,000000,0.6616,0.6913,0.6123,0.6913,0,0
PBX_PB,D,20200313,000000,0.6518,0.7011,0.6518,0.6913,0,0
PBX_PB,D,20200316,000000,0.6123,0.6715,0.6123,0.6616,0,0
PBX_PB,D,20200317,000000,0.6518,0.6913,0.6419,0.6814,0,0
PBX_PB,D,20200318,000000,0.6814,0.6913,0.6518,0.6518,0,0
PBX_PB,D,20200319,000000,0.6715,0.6814,0.6123,0.6221,0,0
PBX_PB,D,20200320,000000,0.6518,0.6518,0.5728,0.5728,0,0
PBX_PB,D,20200323,000000,0.5925,0.5925,0.5333,0.5728,0,0
PBX_PB,D,20200324,000000,0.6123,0.6123,0.5728,0.5925,0,0
PBX_PB,D,20200325,000000,0.6123,0.6123,0.553,0.553,0,0
PBX_PB,D,20200326,000000,0.5925,0.6123,0.5728,0.6123,0,0
PBX_PB,D,20200327,000000,0.6024,0.6024,0.5728,0.5826,0,0
PBX_PB,D,20200330,000000,0.5925,0.5925,0.553,0.5826,0,0
PBX_PB,D,20200331,000000,0.5925,0.6024,0.5826,0.6024,0,0
PBX_PB,D,20200401,000000,0.5925,0.5925,0.5728,0.5728,0,0
PBX_PB,D,20200402,000000,0.5728,0.5728,0.5728,0.5728,0,0
PBX_PB,D,20200403,000000,0.5728,0.5826,0.553,0.5728,0,0
PBX_PB,D,20200406,000000,0.5728,0.5925,0.5629,0.5728,0,0
PBX_PB,D,20200407,000000,0.5728,0.6221,0.5728,0.5925,0,0
PBX_PB,D,20200408,000000,0.6123,0.6123,0.5826,0.5925,0,0
PBX_PB,D,20200409,000000,0.6123,0.6221,0.6024,0.6123,0,0
PBX_PB,D,20200414,000000,0.6123,0.6715,0.6123,0.6518,0,0
PBX_PB,D,20200415,000000,0.6616,0.6616,0.632,0.6419,0,0
PBX_PB,D,20200416,000000,0.6518,0.6913,0.6518,0.6913,0,0
PBX_PB,D,20200417,000000,0.6616,0.6913,0.6518,0.6518,0,0
PBX_PB,D,20200420,000000,0.6616,0.6814,0.6616,0.6814,0,0
PBX_PB,D,20200421,000000,0.6913,0.6913,0.6221,0.6518,0,0
PBX_PB,D,20200422,000000,0.6419,0.6616,0.632,0.6616,0,0
PBX_PB,D,20200423,000000,0.6419,0.6715,0.632,0.6616,0,0
PBX_PB,D,20200424,000000,0.6616,0.7505,0.6616,0.7406,0,0
PBX_PB,D,20200427,000000,0.7505,0.7801,0.711,0.7801,0,0
PBX_PB,D,20200428,000000,0.7604,0.7703,0.7308,0.7406,0,0
PBX_PB,D,20200429,000000,0.7406,0.7505,0.711,0.7209,0,0
PBX_PB,D,20200430,000000,0.7209,0.7505,0.7209,0.7505,0,0
PBX_PB,D,20200504,000000,0.7703,0.7703,0.7406,0.7505,0,0
PBX_PB,D,20200505,000000,0.7505,0.7505,0.7406,0.7406,0,0
PBX_PB,D,20200506,000000,0.7406,0.7406,0.7209,0.7406,0,0
PBX_PB,D,20200507,000000,0.711,0.7801,0.711,0.7703,0,0
PBX_PB,D,20200508,000000,0.7703,0.7703,0.7406,0.7406,0,0
PBX_PB,D,20200511,000000,0.7604,0.7604,0.711,0.7308,0,0
PBX_PB,D,20200512,000000,0.7406,0.7801,0.7406,0.7801,0,0
PBX_PB,D,20200513,000000,0.7505,0.7801,0.7505,0.7801,0,0
PBX_PB,D,20200514,000000,0.7505,0.7505,0.7505,0.7505,0,0
PBX_PB,D,20200515,000000,0.7505,0.7703,0.7308,0.7604,0,0
PBX_PB,D,20200518,000000,0.7308,0.7703,0.7308,0.7604,0,0
PBX_PB,D,20200519,000000,0.7703,0.7703,0.7406,0.7406,0,0
PBX_PB,D,20200520,000000,0.7406,0.7505,0.7406,0.7505,0,0
PBX_PB,D,20200521,000000,0.7703,0.7703,0.7505,0.7703,0,0
PBX_PB,D,20200522,000000,0.8098,0.8295,0.7801,0.79,0,0
PBX_PB,D,20200525,000000,0.7999,0.8098,0.7604,0.8098,0,0
PBX_PB,D,20200526,000000,0.7999,0.8098,0.7801,0.8098,0,0
PBX_PB,D,20200527,000000,0.8098,0.8196,0.79,0.8098,0,0
PBX_PB,D,20200528,000000,0.7999,0.8295,0.7999,0.8196,0,0
PBX_PB,D,20200529,000000,0.8196,0.8196,0.8196,0.8196,0,0
PBX_PB,D,20200601,000000,0.8196,0.8196,0.79,0.79,0,0
PBX_PB,D,20200602,000000,0.79,0.8196,0.7703,0.79,0,0
PBX_PB,D,20200603,000000,0.79,0.8098,0.79,0.79,0,0
PBX_PB,D,20200604,000000,0.79,0.8394,0.79,0.8295,0,0
PBX_PB,D,20200605,000000,0.8394,0.8789,0.8295,0.869,0,0
PBX_PB,D,20200608,000000,0.869,0.9184,0.8196,0.9184,0,0
PBX_PB,D,20200609,000000,0.9184,0.948,0.9184,0.9381,0,0
PBX_PB,D,20200610,000000,0.8986,0.9283,0.8493,0.9283,0,0
PBX_PB,D,20200612,000000,0.8591,0.8888,0.8591,0.869,0,0
PBX_PB,D,20200615,000000,0.8789,0.8789,0.8493,0.8789,0,0
PBX_PB,D,20200616,000000,0.8986,0.9085,0.869,0.9085,0,0
PBX_PB,D,20200617,000000,0.8888,0.9085,0.8888,0.8986,0,0
PBX_PB,D,20200618,000000,0.869,0.9085,0.869,0.9085,0,0
PBX_PB,D,20200619,000000,0.8789,0.9085,0.8789,0.8789,0,0
PBX_PB,D,20200622,000000,0.8789,0.8888,0.8789,0.8789,0,0
PBX_PB,D,20200623,000000,0.8789,0.8986,0.869,0.8986,0,0
PBX_PB,D,20200624,000000,0.8986,0.8986,0.8789,0.8789,0,0
PBX_PB,D,20200625,000000,0.869,0.8986,0.869,0.8986,0,0
PBX_PB,D,20200626,000000,0.8789,0.9085,0.8789,0.8986,0,0
PBX_PB,D,20200629,000000,0.8789,0.8789,0.869,0.8789,0,0
PBX_PB,D,20200630,000000,0.8789,0.8789,0.8789,0.8789,0,0
PBX_PB,D,20200701,000000,0.8789,0.8789,0.8789,0.8789,0,0
PBX_PB,D,20200702,000000,0.8789,0.8789,0.869,0.8789,0,0
PBX_PB,D,20200703,000000,0.8789,0.8789,0.8591,0.869,0,0
PBX_PB,D,20200706,000000,0.869,0.8888,0.869,0.8888,0,0
PBX_PB,D,20200707,000000,0.8789,0.8789,0.869,0.8789,0,0
PBX_PB,D,20200708,000000,0.869,0.9085,0.869,0.9085,0,0
PBX_PB,D,20200709,000000,0.9085,0.9184,0.8888,0.9184,0,0
PBX_PB,D,20200710,000000,0.9283,0.9283,0.9184,0.9283,0,0
PBX_PB,D,20200713,000000,0.9283,0.9283,0.9085,0.9085,0,0
PBX_PB,D,20200714,000000,0.8986,0.9283,0.8888,0.9283,0,0
PBX_PB,D,20200715,000000,0.9184,0.9283,0.9184,0.9184,0,0
PBX_PB,D,20200716,000000,0.9184,0.9381,0.8986,0.9381,0,0
PBX_PB,D,20200717,000000,0.9184,0.9283,0.9184,0.9283,0,0
PBX_PB,D,20200720,000000,0.9184,0.9283,0.9184,0.9283,0,0
PBX_PB,D,20200721,000000,0.9283,0.9381,0.9184,0.9184,0,0
PBX_PB,D,20200722,000000,0.9283,0.9776,0.9184,0.9283,0,0
PBX_PB,D,20200723,000000,0.948,0.9579,0.948,0.9579,0,0
PBX_PB,D,20200724,000000,0.948,0.948,0.9085,0.9184,0,0
PBX_PB,D,20200727,000000,0.93,0.93,0.89,0.91,0,0
PBX_PB,D,20200728,000000,0.91,0.93,0.89,0.91,0,0
PBX_PB,D,20200729,000000,0.89,0.91,0.89,0.91,0,0
PBX_PB,D,20200730,000000,0.89,0.92,0.85,0.87,0,0
PBX_PB,D,20200731,000000,0.88,0.91,0.88,0.91,0,0
PBX_PB,D,20200803,000000,0.92,0.93,0.91,0.93,0,0
PBX_PB,D,20200804,000000,0.91,0.93,0.91,0.91,0,0
PBX_PB,D,20200805,000000,0.91,0.93,0.9,0.92,0,0
PBX_PB,D,20200806,000000,0.91,0.92,0.91,0.91,0,0
PBX_PB,D,20200807,000000,0.9,0.92,0.9,0.92,0,0
PBX_PB,D,20200810,000000,0.92,0.95,0.92,0.95,0,0
PBX_PB,D,20200811,000000,0.96,1,0.95,0.96,0,0
PBX_PB,D,20200812,000000,0.96,0.96,0.9,0.93,0,0
PBX_PB,D,20200813,000000,0.93,0.93,0.92,0.93,0,0
PBX_PB,D,20200814,000000,0.91,0.93,0.89,0.93,0,0
PBX_PB,D,20200817,000000,0.91,0.92,0.91,0.91,0,0
PBX_PB,D,20200818,000000,0.91,0.91,0.9,0.9,0,0
PBX_PB,D,20200819,000000,0.9,0.92,0.9,0.9,0,0
PBX_PB,D,20200820,000000,0.91,0.94,0.9,0.94,0,0
PBX_PB,D,20200821,000000,0.94,0.96,0.94,0.94,0,0
PBX_PB,D,20200824,000000,0.94,0.98,0.94,0.98,0,0
PBX_PB,D,20200825,000000,0.98,1.08,0.98,1.04,0,0
PBX_PB,D,20200826,000000,1.04,1.08,1.02,1.04,0,0
PBX_PB,D,20200827,000000,1.04,1.05,1.01,1.01,0,0
PBX_PB,D,20200828,000000,1.01,1.03,0.98,1.03,0,0
PBX_PB,D,20200831,000000,1.03,1.03,0.96,1,0,0
PBX_PB,D,20200901,000000,0.99,1.01,0.98,1,0,0
PBX_PB,D,20200902,000000,1,1.05,1,1.05,0,0
PBX_PB,D,20200903,000000,1.05,1.08,0.99,0.99,0,0
PBX_PB,D,20200904,000000,1.06,1.13,1.04,1.04,0,0
PBX_PB,D,20200907,000000,1.08,1.08,1.03,1.04,0,0
PBX_PB,D,20200908,000000,1.03,1.06,0.98,1.02,0,0
PBX_PB,D,20200909,000000,0.99,1.04,0.98,1.03,0,0
PBX_PB,D,20200910,000000,1.02,1.03,0.99,1.03,0,0
PBX_PB,D,20200911,000000,1.03,1.07,1,1.07,0,0
PBX_PB,D,20200914,000000,1.05,1.1,1.04,1.04,0,0
PBX_PB,D,20200915,000000,1.04,1.08,1.02,1.02,0,0
PBX_PB,D,20200916,000000,1.06,1.06,1.02,1.03,0,0
PBX_PB,D,20200917,000000,1.04,1.04,1,1,0,0
PBX_PB,D,20200918,000000,1.02,1.09,1.02,1.07,0,0
PBX_PB,D,20200921,000000,1.09,1.09,1.05,1.05,0,0
PBX_PB,D,20200922,000000,1.04,1.07,1.03,1.03,0,0
PBX_PB,D,20200923,000000,1.05,1.05,1.03,1.03,0,0
PBX_PB,D,20200924,000000,1.02,1.03,1.01,1.03,0,0
PBX_PB,D,20200925,000000,1.02,1.03,1.01,1.01,0,0
PBX_PB,D,20200928,000000,1.02,1.03,1.02,1.02,0,0
PBX_PB,D,20200929,000000,1.03,1.03,1.02,1.02,0,0
PBX_PB,D,20200930,000000,1.03,1.03,1.02,1.02,0,0
PBX_PB,D,20201001,000000,1.01,1.02,1.01,1.02,0,0
PBX_PB,D,20201002,000000,1.02,1.02,0.99,1.01,0,0
PBX_PB,D,20201005,000000,1.02,1.02,0.97,1.01,0,0
PBX_PB,D,20201006,000000,1.01,1.06,0.99,1.06,0,0
PBX_PB,D,20201007,000000,1.05,1.05,1.03,1.03,0,0
PBX_PB,D,20201008,000000,1.04,1.06,1.04,1.05,0,0
PBX_PB,D,20201009,000000,1.04,1.05,1.01,1.05,0,0
PBX_PB,D,20201012,000000,1.05,1.05,1.02,1.03,0,0
PBX_PB,D,20201013,000000,1.03,1.05,1.03,1.05,0,0
PBX_PB,D,20201014,000000,1.05,1.06,1.03,1.04,0,0
PBX_PB,D,20201015,000000,1.04,1.04,0.96,1,0,0
PBX_PB,D,20201016,000000,0.96,1,0.96,1,0,0
