<TICKER>,<PER>,<DATE>,<TIME>,<OPEN>,<HIGH>,<LOW>,<CLOSE>,<VOL>,<OPENINT>
PEM_PB,D,20150409,000000,5.1969,5.1969,5.1969,5.1969,0,0
PEM_PB,D,20150410,000000,5.2316,5.3978,5.1554,5.3911,0,0
PEM_PB,D,20150413,000000,5.3841,5.3841,5.2732,5.2732,0,0
PEM_PB,D,20150414,000000,5.2939,5.4118,5.2732,5.4118,0,0
PEM_PB,D,20150415,000000,5.3911,5.4118,5.3355,5.3911,0,0
PEM_PB,D,20150416,000000,5.3701,5.3701,5.2732,5.2939,0,0
PEM_PB,D,20150417,000000,5.2802,5.2871,5.2385,5.2662,0,0
PEM_PB,D,20150420,000000,5.2385,5.3425,5.1208,5.3425,0,0
PEM_PB,D,20150421,000000,5.1831,5.3563,5.1831,5.2385,0,0
PEM_PB,D,20150422,000000,5.1969,5.2385,5.1969,5.2385,0,0
PEM_PB,D,20150423,000000,5.2385,5.3148,5.2385,5.2455,0,0
PEM_PB,D,20150424,000000,5.2524,5.2524,5.1484,5.2385,0,0
PEM_PB,D,20150427,000000,5.1416,5.3148,5.1416,5.3148,0,0
PEM_PB,D,20150428,000000,5.3148,5.3911,5.2108,5.2385,0,0
PEM_PB,D,20150429,000000,5.2455,5.3563,5.2455,5.3425,0,0
PEM_PB,D,20150430,000000,5.3494,5.4256,5.3494,5.4256,0,0
PEM_PB,D,20150504,000000,5.4326,5.5849,5.4326,5.5504,0,0
PEM_PB,D,20150505,000000,5.5227,5.6681,4.2685,4.2685,0,0
PEM_PB,D,20150506,000000,4.2685,4.2962,4.213,4.2962,0,0
PEM_PB,D,20150507,000000,4.2061,4.22,4.2061,4.2061,0,0
PEM_PB,D,20150508,000000,4.2061,4.2962,4.2061,4.2962,0,0
PEM_PB,D,20150511,000000,4.2754,4.2754,4.2754,4.2754,0,0
PEM_PB,D,20150512,000000,4.2962,4.3308,4.2962,4.3031,0,0
PEM_PB,D,20150513,000000,4.317,4.3446,4.31,4.3308,0,0
PEM_PB,D,20150514,000000,4.3654,4.3654,4.3516,4.3654,0,0
PEM_PB,D,20150515,000000,4.4555,4.608,4.3654,4.3654,0,0
PEM_PB,D,20150518,000000,4.3031,4.3654,4.3031,4.3585,0,0
PEM_PB,D,20150519,000000,4.3585,4.4486,4.31,4.3931,0,0
PEM_PB,D,20150520,000000,4.3308,4.3931,4.3308,4.3446,0,0
PEM_PB,D,20150521,000000,4.3446,4.3446,4.31,4.3308,0,0
PEM_PB,D,20150522,000000,4.3308,4.3931,4.3031,4.3931,0,0
PEM_PB,D,20150525,000000,4.3794,4.5388,3.5131,3.5131,0,0
PEM_PB,D,20150526,000000,3.5408,3.6378,3.5408,3.6378,0,0
PEM_PB,D,20150527,000000,3.6378,3.6378,3.6101,3.631,0,0
PEM_PB,D,20150528,000000,3.5616,3.6101,3.5408,3.5894,0,0
PEM_PB,D,20150529,000000,3.5547,3.6101,3.5547,3.5894,0,0
PEM_PB,D,20150601,000000,3.5894,3.6033,3.5894,3.6033,0,0
PEM_PB,D,20150602,000000,3.6033,3.617,3.5894,3.5894,0,0
PEM_PB,D,20150603,000000,3.5894,3.5894,3.5894,3.5894,0,0
PEM_PB,D,20150605,000000,3.5825,3.5825,3.4023,3.4716,0,0
PEM_PB,D,20150608,000000,3.4716,3.5408,3.4716,3.5408,0,0
PEM_PB,D,20150609,000000,3.5339,3.5339,3.5339,3.5339,0,0
PEM_PB,D,20150610,000000,3.4231,3.5201,3.4231,3.4924,0,0
PEM_PB,D,20150611,000000,3.5201,3.5201,3.3884,3.5201,0,0
PEM_PB,D,20150615,000000,3.4716,3.5616,3.4716,3.5616,0,0
PEM_PB,D,20150616,000000,3.5408,3.5616,3.4924,3.5616,0,0
PEM_PB,D,20150617,000000,3.4784,3.5616,3.4716,3.5408,0,0
PEM_PB,D,20150618,000000,3.5408,3.5408,3.5408,3.5408,0,0
PEM_PB,D,20150619,000000,3.5408,3.5408,3.4716,3.4784,0,0
PEM_PB,D,20150622,000000,3.5062,3.5062,3.5062,3.5062,0,0
PEM_PB,D,20150623,000000,3.5062,3.5062,3.4091,3.4924,0,0
PEM_PB,D,20150624,000000,3.4924,3.5062,3.4023,3.4993,0,0
PEM_PB,D,20150625,000000,3.4924,3.4924,3.4924,3.4924,0,0
PEM_PB,D,20150626,000000,3.4023,3.4716,3.4023,3.4716,0,0
PEM_PB,D,20150629,000000,3.3954,3.4716,3.3884,3.4716,0,0
PEM_PB,D,20150630,000000,3.2845,3.4647,3.2845,3.4439,0,0
PEM_PB,D,20150701,000000,3.4716,3.4716,3.4716,3.4716,0,0
PEM_PB,D,20150702,000000,3.4716,3.4716,3.3745,3.4716,0,0
PEM_PB,D,20150703,000000,3.4716,3.4716,3.4439,3.4439,0,0
PEM_PB,D,20150706,000000,3.4439,3.4716,3.4369,3.4369,0,0
PEM_PB,D,20150707,000000,3.4716,3.4716,3.4508,3.4647,0,0
PEM_PB,D,20150708,000000,3.4647,3.4716,3.4439,3.4439,0,0
PEM_PB,D,20150709,000000,3.5217,3.5217,3.4234,3.4763,0,0
PEM_PB,D,20150710,000000,3.4763,3.4763,3.4386,3.4763,0,0
PEM_PB,D,20150713,000000,3.4234,3.4234,3.3781,3.4159,0,0
PEM_PB,D,20150714,000000,3.3781,3.3932,3.2648,3.3856,0,0
PEM_PB,D,20150715,000000,3.295,3.3781,3.2421,3.295,0,0
PEM_PB,D,20150716,000000,3.2799,3.3856,3.2799,3.3856,0,0
PEM_PB,D,20150717,000000,3.3252,3.431,3.3177,3.431,0,0
PEM_PB,D,20150720,000000,3.431,3.4763,3.431,3.4763,0,0
PEM_PB,D,20150721,000000,3.4234,3.4461,3.4234,3.4461,0,0
PEM_PB,D,20150722,000000,3.4461,3.4461,3.4461,3.4461,0,0
PEM_PB,D,20150723,000000,3.4461,3.4688,3.4234,3.4688,0,0
PEM_PB,D,20150724,000000,3.4763,3.4763,3.4009,3.4613,0,0
PEM_PB,D,20150727,000000,3.3706,3.3706,3.3025,3.3403,0,0
PEM_PB,D,20150728,000000,3.295,3.3706,3.295,3.3403,0,0
PEM_PB,D,20150729,000000,3.3403,3.3403,3.3101,3.3101,0,0
PEM_PB,D,20150730,000000,3.3555,3.3555,3.3177,3.3177,0,0
PEM_PB,D,20150731,000000,3.3403,3.3555,3.295,3.3403,0,0
PEM_PB,D,20150803,000000,3.3403,3.3403,3.295,3.295,0,0
PEM_PB,D,20150804,000000,3.295,3.3403,3.2648,3.3403,0,0
PEM_PB,D,20150805,000000,3.295,3.3403,3.295,3.3403,0,0
PEM_PB,D,20150806,000000,3.295,3.3403,3.295,3.3403,0,0
PEM_PB,D,20150810,000000,3.3177,3.3932,3.3177,3.3932,0,0
PEM_PB,D,20150811,000000,3.3932,3.4159,3.3177,3.4159,0,0
PEM_PB,D,20150812,000000,3.4084,3.4234,3.4084,3.4234,0,0
PEM_PB,D,20150814,000000,3.4159,3.4234,3.4159,3.4234,0,0
PEM_PB,D,20150817,000000,3.4234,3.4234,3.4234,3.4234,0,0
PEM_PB,D,20150818,000000,3.4461,3.5065,3.4461,3.4613,0,0
PEM_PB,D,20150819,000000,3.4613,3.5065,3.4613,3.5065,0,0
PEM_PB,D,20150820,000000,3.4234,4.1792,3.4234,4.1792,0,0
PEM_PB,D,20150821,000000,4.1037,4.1943,4.1037,4.1943,0,0
PEM_PB,D,20150824,000000,4.1868,4.1868,3.6351,3.8693,0,0
PEM_PB,D,20150825,000000,3.62,3.8693,3.484,3.8693,0,0
PEM_PB,D,20150826,000000,3.8391,3.8693,3.7333,3.8693,0,0
PEM_PB,D,20150827,000000,3.8542,3.8542,3.8165,3.8165,0,0
PEM_PB,D,20150828,000000,3.7333,3.8996,3.7333,3.8996,0,0
PEM_PB,D,20150831,000000,3.8845,3.8845,3.8845,3.8845,0,0
PEM_PB,D,20150901,000000,3.824,3.8845,3.824,3.8845,0,0
PEM_PB,D,20150902,000000,3.8845,3.8845,3.7938,3.8542,0,0
PEM_PB,D,20150903,000000,3.8845,3.8845,3.7636,3.7636,0,0
PEM_PB,D,20150904,000000,3.7636,3.7938,3.7636,3.7938,0,0
PEM_PB,D,20150907,000000,3.7636,3.7636,3.6048,3.7408,0,0
PEM_PB,D,20150908,000000,3.6124,3.7333,3.6048,3.7333,0,0
PEM_PB,D,20150909,000000,3.6124,3.6653,3.6124,3.6653,0,0
PEM_PB,D,20150910,000000,3.6653,3.6653,3.6653,3.6653,0,0
PEM_PB,D,20150911,000000,3.6653,3.7408,3.6048,3.6653,0,0
PEM_PB,D,20150914,000000,3.8769,3.8769,3.8769,3.8769,0,0
PEM_PB,D,20150915,000000,3.8542,3.8542,3.7636,3.8542,0,0
PEM_PB,D,20150916,000000,3.8542,3.8542,3.7636,3.8542,0,0
PEM_PB,D,20150917,000000,3.8542,3.8542,3.8542,3.8542,0,0
PEM_PB,D,20150918,000000,3.7938,3.8769,3.7485,3.8769,0,0
PEM_PB,D,20150921,000000,3.9299,3.9299,3.8542,3.8542,0,0
PEM_PB,D,20150922,000000,3.8542,3.8542,3.8542,3.8542,0,0
PEM_PB,D,20150923,000000,3.9146,3.9146,3.9146,3.9146,0,0
PEM_PB,D,20150924,000000,3.9299,3.9299,3.9299,3.9299,0,0
PEM_PB,D,20150925,000000,3.8467,3.8467,3.8467,3.8467,0,0
PEM_PB,D,20150928,000000,3.8542,3.8542,3.8542,3.8542,0,0
PEM_PB,D,20150929,000000,3.9299,3.9299,3.7107,3.8089,0,0
PEM_PB,D,20150930,000000,3.8089,3.8089,3.8089,3.8089,0,0
PEM_PB,D,20151001,000000,3.8089,3.9146,3.8089,3.9146,0,0
PEM_PB,D,20151002,000000,3.8845,3.9146,3.8845,3.9146,0,0
PEM_PB,D,20151005,000000,3.8542,3.9223,3.8542,3.8542,0,0
PEM_PB,D,20151007,000000,3.9299,3.9299,3.9299,3.9299,0,0
PEM_PB,D,20151008,000000,3.9299,3.9299,3.9299,3.9299,0,0
PEM_PB,D,20151009,000000,3.9299,3.9299,3.9299,3.9299,0,0
PEM_PB,D,20151012,000000,3.8618,3.9449,3.8618,3.9449,0,0
PEM_PB,D,20151013,000000,3.8693,3.8693,3.8618,3.8618,0,0
PEM_PB,D,20151014,000000,3.8542,3.9449,3.8542,3.9449,0,0
PEM_PB,D,20151015,000000,3.8845,3.9903,3.824,3.9903,0,0
PEM_PB,D,20151016,000000,3.9903,4.1187,3.9751,4.1187,0,0
PEM_PB,D,20151021,000000,3.9525,4.1037,3.9525,4.1037,0,0
PEM_PB,D,20151022,000000,4.1037,4.1037,3.9525,3.9525,0,0
PEM_PB,D,20151023,000000,4.0053,4.1566,4.0053,4.1566,0,0
PEM_PB,D,20151026,000000,4.149,4.1566,4.0053,4.149,0,0
PEM_PB,D,20151027,000000,4.1338,4.1338,4.1338,4.1338,0,0
PEM_PB,D,20151028,000000,4.1338,4.1338,4.1338,4.1338,0,0
PEM_PB,D,20151029,000000,4.0053,4.0659,4.0053,4.0659,0,0
PEM_PB,D,20151030,000000,3.9146,4.0659,3.9146,4.0659,0,0
PEM_PB,D,20151102,000000,4.1338,4.1338,4.1338,4.1338,0,0
PEM_PB,D,20151103,000000,4.1338,4.1338,4.1338,4.1338,0,0
PEM_PB,D,20151104,000000,4.1263,4.1566,4.1263,4.1566,0,0
PEM_PB,D,20151105,000000,4.0659,4.1037,4.0659,4.1037,0,0
PEM_PB,D,20151106,000000,4.0356,4.0356,3.9374,3.9374,0,0
PEM_PB,D,20151109,000000,3.9146,3.9146,3.9146,3.9146,0,0
PEM_PB,D,20151110,000000,4.0053,4.0053,4.0053,4.0053,0,0
PEM_PB,D,20151112,000000,4.0053,4.0659,4.0053,4.0659,0,0
PEM_PB,D,20151113,000000,4.0659,4.0659,3.9751,4.0356,0,0
PEM_PB,D,20151116,000000,4.0356,4.1414,3.8996,3.8996,0,0
PEM_PB,D,20151117,000000,3.7711,3.892,3.7711,3.892,0,0
PEM_PB,D,20151118,000000,3.892,3.892,3.892,3.892,0,0
PEM_PB,D,20151119,000000,3.8845,3.8845,3.8845,3.8845,0,0
PEM_PB,D,20151123,000000,3.8693,3.8693,3.8693,3.8693,0,0
PEM_PB,D,20151124,000000,3.8693,3.8693,3.7408,3.7408,0,0
PEM_PB,D,20151125,000000,3.8542,3.8542,3.7711,3.8542,0,0
PEM_PB,D,20151126,000000,3.7862,3.8542,3.7408,3.8542,0,0
PEM_PB,D,20151127,000000,3.824,3.824,3.824,3.824,0,0
PEM_PB,D,20151130,000000,3.824,3.824,3.7938,3.7938,0,0
PEM_PB,D,20151201,000000,3.824,3.824,3.824,3.824,0,0
PEM_PB,D,20151202,000000,3.8013,3.8013,3.7408,3.7408,0,0
PEM_PB,D,20151203,000000,3.7408,3.7408,3.7408,3.7408,0,0
PEM_PB,D,20151204,000000,3.7408,3.7408,3.6804,3.7408,0,0
PEM_PB,D,20151207,000000,3.688,3.688,3.688,3.688,0,0
PEM_PB,D,20151208,000000,3.7408,3.7408,3.6804,3.6804,0,0
PEM_PB,D,20151209,000000,3.7408,3.7408,3.5671,3.5671,0,0
PEM_PB,D,20151210,000000,3.5671,3.5671,3.5671,3.5671,0,0
PEM_PB,D,20151214,000000,3.5671,3.5671,3.3025,3.4538,0,0
PEM_PB,D,20151215,000000,3.4538,3.4538,3.3328,3.363,0,0
PEM_PB,D,20151216,000000,3.4234,3.4234,3.3328,3.363,0,0
PEM_PB,D,20151217,000000,3.3932,3.3932,3.2724,3.3328,0,0
PEM_PB,D,20151218,000000,3.3328,3.3328,3.2571,3.2875,0,0
PEM_PB,D,20151221,000000,3.4084,3.4084,3.2875,3.3101,0,0
PEM_PB,D,20151222,000000,3.3101,3.3101,3.2194,3.2875,0,0
PEM_PB,D,20151223,000000,3.2875,3.3328,3.2875,3.3328,0,0
PEM_PB,D,20151228,000000,3.3328,3.4461,3.3328,3.4234,0,0
PEM_PB,D,20151229,000000,3.4461,3.4461,3.4234,3.4234,0,0
PEM_PB,D,20151230,000000,3.4234,3.4613,3.363,3.4461,0,0
PEM_PB,D,20160104,000000,3.4763,3.4763,3.4763,3.4763,0,0
PEM_PB,D,20160105,000000,3.363,3.4159,3.3025,3.4159,0,0
PEM_PB,D,20160107,000000,3.363,3.363,3.363,3.363,0,0
PEM_PB,D,20160108,000000,3.4159,3.4461,3.295,3.4234,0,0
PEM_PB,D,20160111,000000,3.4234,3.4234,3.2875,3.3328,0,0
PEM_PB,D,20160112,000000,3.2875,3.363,3.2875,3.3328,0,0
PEM_PB,D,20160113,000000,3.363,3.363,3.3025,3.363,0,0
PEM_PB,D,20160114,000000,3.3932,3.4234,3.3932,3.4234,0,0
PEM_PB,D,20160115,000000,3.4159,3.4159,3.4159,3.4159,0,0
PEM_PB,D,20160118,000000,3.3328,3.4159,3.3328,3.4159,0,0
PEM_PB,D,20160119,000000,3.3328,3.4159,3.3328,3.4159,0,0
PEM_PB,D,20160120,000000,3.363,3.3781,3.3328,3.3781,0,0
PEM_PB,D,20160121,000000,3.3781,3.3781,3.363,3.3781,0,0
PEM_PB,D,20160122,000000,3.363,3.4084,3.363,3.4084,0,0
PEM_PB,D,20160125,000000,3.4084,3.4159,3.363,3.363,0,0
PEM_PB,D,20160126,000000,3.3328,3.4159,3.3328,3.4159,0,0
PEM_PB,D,20160127,000000,3.3101,3.3555,3.3101,3.3555,0,0
PEM_PB,D,20160128,000000,3.4009,3.4009,3.4009,3.4009,0,0
PEM_PB,D,20160129,000000,3.3101,3.4159,3.3101,3.4159,0,0
PEM_PB,D,20160201,000000,3.4159,3.4159,3.363,3.363,0,0
PEM_PB,D,20160202,000000,3.4159,3.4159,3.4159,3.4159,0,0
PEM_PB,D,20160203,000000,3.4159,3.4159,3.4159,3.4159,0,0
PEM_PB,D,20160204,000000,3.4159,3.4159,3.4159,3.4159,0,0
PEM_PB,D,20160208,000000,3.4159,3.4461,3.4159,3.4461,0,0
PEM_PB,D,20160209,000000,3.4461,3.4461,3.4461,3.4461,0,0
PEM_PB,D,20160210,000000,3.4461,3.4461,3.4461,3.4461,0,0
PEM_PB,D,20160211,000000,3.4461,3.4461,3.4461,3.4461,0,0
PEM_PB,D,20160212,000000,3.4461,3.4461,3.4461,3.4461,0,0
PEM_PB,D,20160215,000000,3.4613,3.4688,3.4613,3.4688,0,0
PEM_PB,D,20160216,000000,3.4688,3.4763,3.4688,3.4763,0,0
PEM_PB,D,20160217,000000,3.4763,3.5142,3.4763,3.5142,0,0
PEM_PB,D,20160218,000000,3.5594,3.5594,3.5594,3.5594,0,0
PEM_PB,D,20160219,000000,3.5594,3.62,3.5594,3.62,0,0
PEM_PB,D,20160222,000000,3.6502,3.6502,3.62,3.62,0,0
PEM_PB,D,20160223,000000,3.62,3.62,3.62,3.62,0,0
PEM_PB,D,20160224,000000,3.62,3.62,3.5369,3.5973,0,0
PEM_PB,D,20160225,000000,3.5973,3.5973,3.5142,3.5897,0,0
PEM_PB,D,20160226,000000,3.5897,3.5897,3.5065,3.5065,0,0
PEM_PB,D,20160229,000000,3.499,3.499,3.4234,3.4386,0,0
PEM_PB,D,20160302,000000,3.4386,3.5217,3.4386,3.5217,0,0
PEM_PB,D,20160303,000000,3.5065,3.5897,3.5065,3.5897,0,0
PEM_PB,D,20160304,000000,3.5897,3.5897,3.5897,3.5897,0,0
PEM_PB,D,20160307,000000,3.5897,3.62,3.5671,3.62,0,0
PEM_PB,D,20160308,000000,3.62,3.62,3.62,3.62,0,0
PEM_PB,D,20160309,000000,3.62,3.62,3.62,3.62,0,0
PEM_PB,D,20160310,000000,3.6351,3.756,3.4159,3.4159,0,0
PEM_PB,D,20160311,000000,3.4159,3.5142,3.4084,3.5142,0,0
PEM_PB,D,20160314,000000,3.5594,3.5594,3.4763,3.5142,0,0
PEM_PB,D,20160315,000000,3.5369,3.5369,3.4915,3.5293,0,0
PEM_PB,D,20160316,000000,3.5293,3.5369,3.5293,3.5369,0,0
PEM_PB,D,20160317,000000,3.5369,3.5369,3.4915,3.5142,0,0
PEM_PB,D,20160318,000000,3.5369,3.5369,3.4688,3.4688,0,0
PEM_PB,D,20160321,000000,3.5142,3.5369,3.5142,3.5142,0,0
PEM_PB,D,20160322,000000,3.5142,3.5142,3.4915,3.4915,0,0
PEM_PB,D,20160323,000000,3.4763,3.4915,3.4763,3.4915,0,0
PEM_PB,D,20160324,000000,3.4386,3.4386,3.3328,3.3328,0,0
PEM_PB,D,20160329,000000,3.4084,3.5369,3.2724,3.3555,0,0
PEM_PB,D,20160330,000000,3.363,3.3706,3.295,3.3252,0,0
PEM_PB,D,20160331,000000,3.3328,3.3328,3.295,3.3025,0,0
PEM_PB,D,20160401,000000,3.3177,3.3177,3.3025,3.3025,0,0
PEM_PB,D,20160404,000000,3.295,3.4386,3.2799,3.2799,0,0
PEM_PB,D,20160405,000000,3.3025,3.3025,3.3025,3.3025,0,0
PEM_PB,D,20160406,000000,3.3025,3.3025,3.2799,3.2799,0,0
PEM_PB,D,20160407,000000,3.3706,3.3706,3.2496,3.2875,0,0
PEM_PB,D,20160408,000000,3.3328,3.3328,3.2799,3.3025,0,0
PEM_PB,D,20160411,000000,3.3328,3.3328,3.1363,3.1665,0,0
PEM_PB,D,20160412,000000,3.174,3.174,3.1136,3.1212,0,0
PEM_PB,D,20160413,000000,3.2194,3.2194,3.1665,3.174,0,0
PEM_PB,D,20160414,000000,3.174,3.174,3.1665,3.174,0,0
PEM_PB,D,20160415,000000,3.174,3.174,3.1438,3.1665,0,0
PEM_PB,D,20160418,000000,3.174,3.174,3.174,3.174,0,0
PEM_PB,D,20160419,000000,3.174,3.1967,3.174,3.1892,0,0
PEM_PB,D,20160420,000000,3.1892,3.1892,3.1892,3.1892,0,0
PEM_PB,D,20160421,000000,3.1892,3.1892,3.174,3.174,0,0
PEM_PB,D,20160422,000000,3.174,3.174,3.1665,3.1665,0,0
PEM_PB,D,20160425,000000,3.1665,3.174,3.159,3.159,0,0
PEM_PB,D,20160426,000000,3.159,3.1665,3.159,3.1665,0,0
PEM_PB,D,20160427,000000,3.1665,3.1665,3.159,3.1665,0,0
PEM_PB,D,20160428,000000,3.1665,3.1665,3.1665,3.1665,0,0
PEM_PB,D,20160429,000000,3.159,3.1665,3.1438,3.1665,0,0
PEM_PB,D,20160502,000000,3.1665,3.1665,3.1665,3.1665,0,0
PEM_PB,D,20160504,000000,3.1665,3.1665,3.1514,3.1514,0,0
PEM_PB,D,20160505,000000,3.1514,3.1514,3.1438,3.1438,0,0
PEM_PB,D,20160506,000000,3.1438,3.1438,3.1287,3.1287,0,0
PEM_PB,D,20160509,000000,3.1287,3.1665,3.1287,3.1665,0,0
PEM_PB,D,20160510,000000,3.1287,3.1287,2.8415,2.8415,0,0
PEM_PB,D,20160511,000000,2.8415,2.8415,2.8265,2.834,0,0
PEM_PB,D,20160512,000000,2.8566,2.8566,2.8415,2.8415,0,0
PEM_PB,D,20160513,000000,2.834,2.8415,2.8189,2.834,0,0
PEM_PB,D,20160516,000000,2.8189,2.8415,2.8189,2.8415,0,0
PEM_PB,D,20160517,000000,2.8566,2.8566,2.8566,2.8566,0,0
PEM_PB,D,20160518,000000,2.8566,2.8566,2.8415,2.8566,0,0
PEM_PB,D,20160519,000000,2.8566,2.8566,2.834,2.834,0,0
PEM_PB,D,20160520,000000,2.8566,2.8566,2.834,2.834,0,0
PEM_PB,D,20160523,000000,2.834,2.8566,2.8189,2.8189,0,0
PEM_PB,D,20160524,000000,2.8415,2.9095,2.834,2.9095,0,0
PEM_PB,D,20160525,000000,2.902,2.9095,2.8944,2.9095,0,0
PEM_PB,D,20160527,000000,2.9095,2.9095,2.8944,2.8944,0,0
PEM_PB,D,20160530,000000,2.8794,2.9095,2.8794,2.8794,0,0
PEM_PB,D,20160531,000000,2.8794,2.8794,2.834,2.834,0,0
PEM_PB,D,20160601,000000,2.834,2.8491,2.834,2.834,0,0
PEM_PB,D,20160602,000000,2.8415,2.8566,2.8265,2.8265,0,0
PEM_PB,D,20160603,000000,2.8718,2.8718,2.8265,2.8566,0,0
PEM_PB,D,20160606,000000,2.8566,2.8718,2.834,2.8642,0,0
PEM_PB,D,20160607,000000,2.9095,2.9095,2.8491,2.902,0,0
PEM_PB,D,20160608,000000,2.8718,2.9095,2.8718,2.9095,0,0
PEM_PB,D,20160609,000000,2.902,2.902,2.8794,2.8794,0,0
PEM_PB,D,20160610,000000,2.902,2.902,2.8794,2.8794,0,0
PEM_PB,D,20160613,000000,2.8944,2.8944,2.8566,2.8566,0,0
PEM_PB,D,20160614,000000,2.8794,2.8794,2.834,2.834,0,0
PEM_PB,D,20160615,000000,2.834,2.8794,2.834,2.8794,0,0
PEM_PB,D,20160616,000000,2.834,2.834,2.6375,2.6375,0,0
PEM_PB,D,20160617,000000,2.7056,2.7434,2.7056,2.7056,0,0
PEM_PB,D,20160620,000000,2.7509,2.8113,2.7509,2.8113,0,0
PEM_PB,D,20160621,000000,2.834,2.8566,2.834,2.8566,0,0
PEM_PB,D,20160622,000000,2.8491,2.902,2.8491,2.902,0,0
PEM_PB,D,20160623,000000,2.902,2.9247,2.8869,2.9171,0,0
PEM_PB,D,20160624,000000,2.8566,2.8642,2.645,2.8566,0,0
PEM_PB,D,20160627,000000,2.8566,2.8794,2.7434,2.8038,0,0
PEM_PB,D,20160628,000000,2.8016,2.9491,2.7323,2.7323,0,0
PEM_PB,D,20160629,000000,2.8623,2.871,2.6976,2.793,0,0
PEM_PB,D,20160630,000000,2.7235,2.8364,2.7235,2.8364,0,0
PEM_PB,D,20160701,000000,2.8364,2.8364,2.8016,2.8103,0,0
PEM_PB,D,20160704,000000,2.8016,2.8016,2.7669,2.7669,0,0
PEM_PB,D,20160705,000000,2.7583,2.7756,2.7496,2.7496,0,0
PEM_PB,D,20160706,000000,2.7496,2.7756,2.7496,2.7756,0,0
PEM_PB,D,20160707,000000,2.7756,2.7756,2.7496,2.7669,0,0
PEM_PB,D,20160708,000000,2.7669,2.7669,2.7669,2.7669,0,0
PEM_PB,D,20160711,000000,2.7669,2.7669,2.7496,2.7669,0,0
PEM_PB,D,20160712,000000,2.7669,2.7669,2.7496,2.7496,0,0
PEM_PB,D,20160713,000000,2.7496,2.7496,2.7496,2.7496,0,0
PEM_PB,D,20160714,000000,2.7496,2.7496,2.7149,2.7496,0,0
PEM_PB,D,20160715,000000,2.7496,2.7496,2.7149,2.7496,0,0
PEM_PB,D,20160718,000000,2.7496,2.7583,2.7496,2.7583,0,0
PEM_PB,D,20160719,000000,2.7669,2.8103,2.7669,2.8103,0,0
PEM_PB,D,20160720,000000,2.8103,2.871,2.8103,2.871,0,0
PEM_PB,D,20160721,000000,2.871,2.9491,2.871,2.8971,0,0
PEM_PB,D,20160722,000000,2.9405,2.9405,2.8884,2.9317,0,0
PEM_PB,D,20160725,000000,2.9317,3.5562,2.871,3.5562,0,0
PEM_PB,D,20160726,000000,3.4001,3.5389,3.2526,3.2526,0,0
PEM_PB,D,20160727,000000,3.2526,3.3221,3.0792,3.3047,0,0
PEM_PB,D,20160728,000000,3.3047,3.3221,3.2093,3.3221,0,0
PEM_PB,D,20160729,000000,3.2006,3.244,3.1573,3.1573,0,0
PEM_PB,D,20160801,000000,3.244,3.244,3.244,3.244,0,0
PEM_PB,D,20160802,000000,3.244,3.244,3.1573,3.244,0,0
PEM_PB,D,20160803,000000,3.218,3.218,3.218,3.218,0,0
PEM_PB,D,20160804,000000,3.218,3.218,3.1746,3.1746,0,0
PEM_PB,D,20160805,000000,3.1746,3.1746,3.0965,3.0965,0,0
PEM_PB,D,20160808,000000,3.1746,3.1746,3.1312,3.1746,0,0
PEM_PB,D,20160809,000000,3.1919,3.1919,3.1746,3.1746,0,0
PEM_PB,D,20160810,000000,3.1312,3.1746,3.1053,3.1746,0,0
PEM_PB,D,20160811,000000,3.1746,3.1746,3.1312,3.1746,0,0
PEM_PB,D,20160812,000000,3.1399,3.166,3.1399,3.166,0,0
PEM_PB,D,20160816,000000,3.1746,3.1746,3.1312,3.1746,0,0
PEM_PB,D,20160817,000000,3.1573,3.1573,3.1399,3.1399,0,0
PEM_PB,D,20160818,000000,3.1399,3.1399,2.8797,2.923,0,0
PEM_PB,D,20160819,000000,2.923,2.923,2.871,2.871,0,0
PEM_PB,D,20160822,000000,2.8971,2.9144,2.8623,2.8623,0,0
PEM_PB,D,20160823,000000,2.8537,2.8884,2.8537,2.8884,0,0
PEM_PB,D,20160824,000000,2.8884,2.9491,2.8884,2.9057,0,0
PEM_PB,D,20160825,000000,2.8971,2.9057,2.8797,2.9057,0,0
PEM_PB,D,20160826,000000,2.8537,2.8623,2.8537,2.8623,0,0
PEM_PB,D,20160829,000000,2.8364,2.8623,2.8364,2.8364,0,0
PEM_PB,D,20160830,000000,2.8623,2.8971,2.8623,2.8971,0,0
PEM_PB,D,20160831,000000,2.8971,2.8971,2.8364,2.8364,0,0
PEM_PB,D,20160901,000000,2.8364,2.8364,2.793,2.793,0,0
PEM_PB,D,20160902,000000,2.8623,2.8623,2.8623,2.8623,0,0
PEM_PB,D,20160905,000000,2.8103,7.5809,2.7756,7.5809,0,0
PEM_PB,D,20160906,000000,7.5288,7.5288,7.4422,7.4422,0,0
PEM_PB,D,20160907,000000,7.4508,7.4508,7.3727,7.3727,0,0
PEM_PB,D,20160908,000000,7.3814,7.3814,7.3727,7.3727,0,0
PEM_PB,D,20160909,000000,7.3554,7.3814,7.3467,7.3467,0,0
PEM_PB,D,20160912,000000,7.3467,7.3467,7.0865,7.1299,0,0
PEM_PB,D,20160913,000000,7.1038,7.3033,6.7915,7.1038,0,0
PEM_PB,D,20160914,000000,6.8783,6.8783,6.8697,6.8697,0,0
PEM_PB,D,20160915,000000,6.7915,6.7915,6.4013,6.4272,0,0
PEM_PB,D,20160916,000000,6.4706,6.4706,6.3926,6.3926,0,0
PEM_PB,D,20160919,000000,6.3926,6.3926,6.0283,6.0283,0,0
PEM_PB,D,20160920,000000,6.2278,6.2885,6.0022,6.2799,0,0
PEM_PB,D,20160921,000000,6.3145,6.5487,6.3145,6.5487,0,0
PEM_PB,D,20160922,000000,6.3926,6.3926,5.9936,5.9936,0,0
PEM_PB,D,20160923,000000,5.9242,6.0022,5.7247,6.0022,0,0
PEM_PB,D,20160926,000000,5.9242,5.9849,5.5252,5.7333,0,0
PEM_PB,D,20160927,000000,5.6033,5.6033,5.4472,5.4472,0,0
PEM_PB,D,20160928,000000,5.5252,5.5339,5.5252,5.5339,0,0
PEM_PB,D,20160929,000000,5.5252,5.7247,5.5252,5.6813,0,0
PEM_PB,D,20160930,000000,5.6813,6.0543,5.6813,5.8115,0,0
PEM_PB,D,20161003,000000,5.9676,6.037,5.7681,6.037,0,0
PEM_PB,D,20161004,000000,5.9242,6.0543,5.9242,5.9589,0,0
PEM_PB,D,20161005,000000,6.0543,6.0543,6.0022,6.0022,0,0
PEM_PB,D,20161006,000000,5.9676,6.0543,5.9676,6.0543,0,0
PEM_PB,D,20161007,000000,6.0543,6.0543,6.037,6.037,0,0
PEM_PB,D,20161010,000000,5.9589,5.9589,5.8548,5.9242,0,0
PEM_PB,D,20161011,000000,5.9502,5.9502,5.9502,5.9502,0,0
PEM_PB,D,20161012,000000,5.8808,5.9415,5.8548,5.8548,0,0
PEM_PB,D,20161013,000000,5.9415,5.9415,5.9415,5.9415,0,0
PEM_PB,D,20161017,000000,5.7854,5.7941,5.5686,5.7941,0,0
PEM_PB,D,20161018,000000,5.7941,5.7941,5.7941,5.7941,0,0
PEM_PB,D,20161019,000000,5.586,5.586,5.291,5.4472,0,0
PEM_PB,D,20161020,000000,5.5946,5.7681,5.5946,5.7681,0,0
PEM_PB,D,20161021,000000,5.7594,5.7594,5.1783,5.5252,0,0
PEM_PB,D,20161024,000000,5.5252,5.6033,5.5252,5.6033,0,0
PEM_PB,D,20161025,000000,5.5252,5.6813,5.5252,5.6813,0,0
PEM_PB,D,20161026,000000,5.6726,5.6726,5.5252,5.5252,0,0
PEM_PB,D,20161027,000000,5.638,5.6467,5.4558,5.6033,0,0
PEM_PB,D,20161028,000000,5.6033,5.6033,5.6033,5.6033,0,0
PEM_PB,D,20161031,000000,5.7074,5.7074,5.5252,5.5252,0,0
PEM_PB,D,20161102,000000,5.5512,5.5512,5.5512,5.5512,0,0
PEM_PB,D,20161103,000000,5.5252,5.5252,5.5252,5.5252,0,0
PEM_PB,D,20161104,000000,5.5252,5.5252,4.8313,4.8313,0,0
PEM_PB,D,20161107,000000,4.9007,4.9007,4.6492,4.6492,0,0
PEM_PB,D,20161108,000000,4.6144,4.6492,4.493,4.6492,0,0
PEM_PB,D,20161109,000000,4.5104,4.5798,4.5104,4.5798,0,0
PEM_PB,D,20161110,000000,4.5451,4.5798,4.5104,4.5104,0,0
PEM_PB,D,20161114,000000,4.5971,4.6405,4.5798,4.5798,0,0
PEM_PB,D,20161115,000000,4.5798,4.6318,4.5798,4.6144,0,0
PEM_PB,D,20161116,000000,4.6144,4.6144,4.4237,4.4844,0,0
PEM_PB,D,20161117,000000,4.441,4.5451,4.441,4.5451,0,0
PEM_PB,D,20161118,000000,4.5451,4.5451,4.5104,4.5104,0,0
PEM_PB,D,20161121,000000,4.5104,4.5104,4.1981,4.1981,0,0
PEM_PB,D,20161122,000000,4.3369,4.3369,4.0594,4.1635,0,0
PEM_PB,D,20161123,000000,4.1635,4.3282,4.1635,4.3282,0,0
PEM_PB,D,20161125,000000,4.2588,4.2588,4.2588,4.2588,0,0
PEM_PB,D,20161128,000000,4.3542,4.3542,4.2242,4.2242,0,0
PEM_PB,D,20161129,000000,4.1894,4.1894,4.1547,4.1547,0,0
PEM_PB,D,20161130,000000,4.1635,4.1635,4.094,4.094,0,0
PEM_PB,D,20161201,000000,4.1547,4.1547,4.0507,4.0507,0,0
PEM_PB,D,20161202,000000,4.0507,4.0507,4.042,4.0507,0,0
PEM_PB,D,20161205,000000,4.0507,4.0853,4.0507,4.0507,0,0
PEM_PB,D,20161206,000000,4.0507,4.0853,4.0507,4.0594,0,0
PEM_PB,D,20161207,000000,4.0853,4.0853,3.9205,4.0246,0,0
PEM_PB,D,20161208,000000,4.0853,4.0853,4.0853,4.0853,0,0
PEM_PB,D,20161209,000000,4.146,4.146,4.0853,4.0853,0,0
PEM_PB,D,20161212,000000,4.0853,4.2242,4.068,4.1635,0,0
PEM_PB,D,20161213,000000,4.3108,4.3108,4.2242,4.2242,0,0
PEM_PB,D,20161214,000000,4.2935,4.2935,4.2242,4.2675,0,0
PEM_PB,D,20161215,000000,4.3282,4.3456,4.2501,4.2935,0,0
PEM_PB,D,20161216,000000,4.3282,4.3282,4.2242,4.3282,0,0
PEM_PB,D,20161219,000000,4.3108,4.3108,4.2501,4.2501,0,0
PEM_PB,D,20161220,000000,4.2501,4.3456,4.2501,4.3369,0,0
PEM_PB,D,20161221,000000,4.3369,4.3369,4.2762,4.2762,0,0
PEM_PB,D,20161222,000000,4.2849,4.3282,4.2849,4.3282,0,0
PEM_PB,D,20161223,000000,4.2935,4.3629,4.2588,4.3629,0,0
PEM_PB,D,20161227,000000,4.3629,4.3629,4.2501,4.2675,0,0
PEM_PB,D,20161228,000000,4.2675,4.3282,4.2675,4.2762,0,0
PEM_PB,D,20161229,000000,4.2762,4.2762,4.2762,4.2762,0,0
PEM_PB,D,20161230,000000,4.2762,4.2935,4.2501,4.2935,0,0
PEM_PB,D,20170102,000000,4.2588,4.3542,4.2588,4.2675,0,0
PEM_PB,D,20170103,000000,4.3456,4.3542,4.2588,4.2588,0,0
PEM_PB,D,20170104,000000,4.3369,4.3369,4.2242,4.2242,0,0
PEM_PB,D,20170105,000000,4.2415,4.2415,4.2155,4.2155,0,0
PEM_PB,D,20170109,000000,4.2155,4.2155,4.1981,4.1981,0,0
PEM_PB,D,20170110,000000,4.2242,4.2935,4.2068,4.2935,0,0
PEM_PB,D,20170111,000000,4.3716,4.3716,4.2242,4.3542,0,0
PEM_PB,D,20170112,000000,4.3282,4.3282,4.1981,4.1981,0,0
PEM_PB,D,20170113,000000,4.1981,4.1981,3.9292,3.9292,0,0
PEM_PB,D,20170116,000000,4.0594,4.0594,3.9553,3.9553,0,0
PEM_PB,D,20170117,000000,4.1287,4.1287,4.1287,4.1287,0,0
PEM_PB,D,20170118,000000,4.1287,4.1287,4.1287,4.1287,0,0
PEM_PB,D,20170119,000000,4.1374,4.1374,4.0073,4.1374,0,0
PEM_PB,D,20170120,000000,4.1374,4.1374,4.1374,4.1374,0,0
PEM_PB,D,20170123,000000,4.1374,4.1374,4.0853,4.0853,0,0
PEM_PB,D,20170124,000000,4.0507,4.1547,4.016,4.1547,0,0
PEM_PB,D,20170125,000000,4.0853,4.0853,4.0853,4.0853,0,0
PEM_PB,D,20170126,000000,4.0853,4.0853,4.016,4.016,0,0
PEM_PB,D,20170127,000000,4.0594,4.0594,4.016,4.016,0,0
PEM_PB,D,20170130,000000,4.0507,4.0507,3.8772,4.016,0,0
PEM_PB,D,20170131,000000,4.0507,4.0767,4.0333,4.0767,0,0
PEM_PB,D,20170201,000000,4.0767,4.0767,3.9466,3.9466,0,0
PEM_PB,D,20170202,000000,3.9466,3.9553,3.9466,3.9553,0,0
PEM_PB,D,20170203,000000,3.9553,4.068,3.9466,4.068,0,0
PEM_PB,D,20170206,000000,4.068,4.068,4.016,4.016,0,0
PEM_PB,D,20170207,000000,4.016,4.016,4.016,4.016,0,0
PEM_PB,D,20170208,000000,3.9466,3.9466,3.9292,3.9292,0,0
PEM_PB,D,20170209,000000,3.9292,4.016,3.9292,3.9292,0,0
PEM_PB,D,20170210,000000,3.9379,3.9379,3.8858,3.8858,0,0
PEM_PB,D,20170213,000000,3.8772,3.8772,3.7731,3.7731,0,0
PEM_PB,D,20170214,000000,3.8078,3.8078,3.7731,3.7731,0,0
PEM_PB,D,20170215,000000,3.7384,3.7991,3.7124,3.7991,0,0
PEM_PB,D,20170216,000000,3.7905,3.7905,3.7384,3.7905,0,0
PEM_PB,D,20170217,000000,3.7384,3.7905,3.6603,3.6603,0,0
PEM_PB,D,20170220,000000,3.669,3.7471,3.5216,3.6603,0,0
PEM_PB,D,20170221,000000,3.6517,3.6603,3.5649,3.6603,0,0
PEM_PB,D,20170222,000000,3.6603,3.6603,3.591,3.591,0,0
PEM_PB,D,20170223,000000,3.5996,3.6603,3.591,3.6603,0,0
PEM_PB,D,20170224,000000,3.6603,3.6603,3.591,3.6344,0,0
PEM_PB,D,20170227,000000,3.6603,3.6603,3.6256,3.6256,0,0
PEM_PB,D,20170228,000000,3.6344,3.6344,3.591,3.591,0,0
PEM_PB,D,20170301,000000,3.591,3.591,3.5216,3.591,0,0
PEM_PB,D,20170302,000000,3.591,3.591,3.5823,3.5823,0,0
PEM_PB,D,20170303,000000,3.5476,3.5476,3.5216,3.5216,0,0
PEM_PB,D,20170306,000000,3.5303,3.5303,3.5216,3.5216,0,0
PEM_PB,D,20170307,000000,3.5216,3.591,3.5216,3.591,0,0
PEM_PB,D,20170308,000000,3.5216,3.591,3.4955,3.5823,0,0
PEM_PB,D,20170309,000000,3.5216,3.5216,3.4955,3.5216,0,0
PEM_PB,D,20170310,000000,3.5736,3.5736,3.4869,3.4869,0,0
PEM_PB,D,20170313,000000,3.4782,3.5562,3.4782,3.4869,0,0
PEM_PB,D,20170314,000000,3.4955,3.5562,3.4521,3.4521,0,0
PEM_PB,D,20170315,000000,3.4348,3.5562,3.4348,3.5216,0,0
PEM_PB,D,20170316,000000,3.4869,3.5216,3.4869,3.4869,0,0
PEM_PB,D,20170317,000000,3.5562,3.5562,3.4608,3.5562,0,0
PEM_PB,D,20170320,000000,3.5562,3.7991,3.5562,3.7644,0,0
PEM_PB,D,20170321,000000,3.7644,4.0073,3.7384,3.9899,0,0
PEM_PB,D,20170322,000000,3.8858,3.9899,3.8512,3.9899,0,0
PEM_PB,D,20170323,000000,3.9466,3.9466,3.8772,3.9379,0,0
PEM_PB,D,20170324,000000,3.8685,3.9899,3.8685,3.9899,0,0
PEM_PB,D,20170327,000000,3.9899,4.2242,3.9899,4.1114,0,0
PEM_PB,D,20170328,000000,4.1114,4.1374,3.9553,4.0507,0,0
PEM_PB,D,20170329,000000,3.9119,4.016,3.5649,3.5649,0,0
PEM_PB,D,20170330,000000,3.5649,3.5649,3.4696,3.4696,0,0
PEM_PB,D,20170331,000000,3.4696,3.5649,3.4262,3.4262,0,0
PEM_PB,D,20170403,000000,3.4696,3.4696,3.3655,3.3655,0,0
PEM_PB,D,20170404,000000,3.3655,3.5389,3.3655,3.4088,0,0
PEM_PB,D,20170405,000000,3.4869,3.4869,3.4869,3.4869,0,0
PEM_PB,D,20170406,000000,3.4869,3.5216,3.3741,3.5216,0,0
PEM_PB,D,20170407,000000,3.5216,3.5216,3.5216,3.5216,0,0
PEM_PB,D,20170410,000000,3.5042,3.5216,3.4175,3.5042,0,0
PEM_PB,D,20170411,000000,3.4782,3.4782,3.3655,3.3655,0,0
PEM_PB,D,20170412,000000,3.4608,3.5042,3.4608,3.4955,0,0
PEM_PB,D,20170413,000000,3.4955,3.4955,3.4696,3.4696,0,0
PEM_PB,D,20170418,000000,3.4955,3.5128,3.4435,3.5128,0,0
PEM_PB,D,20170419,000000,3.5128,3.5128,3.5128,3.5128,0,0
PEM_PB,D,20170420,000000,3.4869,3.4869,3.4869,3.4869,0,0
PEM_PB,D,20170421,000000,3.5042,3.5042,3.4696,3.4696,0,0
PEM_PB,D,20170424,000000,3.5042,3.5042,3.4088,3.4088,0,0
PEM_PB,D,20170425,000000,3.4696,3.4696,3.4696,3.4696,0,0
PEM_PB,D,20170426,000000,3.4696,3.4696,3.4088,3.4696,0,0
PEM_PB,D,20170427,000000,3.4696,3.4869,3.4696,3.4696,0,0
PEM_PB,D,20170428,000000,3.4696,3.4696,3.4696,3.4696,0,0
PEM_PB,D,20170502,000000,3.4696,3.5042,3.4696,3.5042,0,0
PEM_PB,D,20170504,000000,3.5042,3.5042,3.5042,3.5042,0,0
PEM_PB,D,20170505,000000,3.4435,3.4696,3.4435,3.4696,0,0
PEM_PB,D,20170508,000000,3.4696,3.4869,3.4696,3.4782,0,0
PEM_PB,D,20170509,000000,3.4782,3.4782,3.4435,3.4435,0,0
PEM_PB,D,20170510,000000,3.5042,3.5042,3.5042,3.5042,0,0
PEM_PB,D,20170511,000000,3.4435,3.4521,3.4435,3.4521,0,0
PEM_PB,D,20170512,000000,3.5042,3.6951,3.1833,3.1833,0,0
PEM_PB,D,20170515,000000,3.0965,3.2006,3.0965,3.2006,0,0
PEM_PB,D,20170516,000000,3.2006,3.2006,3.0358,3.0358,0,0
PEM_PB,D,20170517,000000,3.0271,3.0271,2.9405,3.0185,0,0
PEM_PB,D,20170519,000000,2.9925,2.9925,2.8364,2.9925,0,0
PEM_PB,D,20170522,000000,2.9144,2.9144,2.9144,2.9144,0,0
PEM_PB,D,20170523,000000,2.9925,2.9925,2.9144,2.9144,0,0
PEM_PB,D,20170524,000000,3.0185,3.0185,2.9925,2.9925,0,0
PEM_PB,D,20170525,000000,2.9925,3.0185,2.9144,3.0185,0,0
PEM_PB,D,20170526,000000,2.9491,2.9925,2.9491,2.9925,0,0
PEM_PB,D,20170529,000000,2.9925,2.9925,2.8884,2.9925,0,0
PEM_PB,D,20170530,000000,2.9925,3.0358,2.9925,3.0358,0,0
PEM_PB,D,20170531,000000,2.9925,2.9925,2.9925,2.9925,0,0
PEM_PB,D,20170601,000000,3.0271,3.1573,2.7756,2.8103,0,0
PEM_PB,D,20170602,000000,2.8103,2.8797,2.7843,2.8276,0,0
PEM_PB,D,20170605,000000,2.8276,2.8797,2.8276,2.8797,0,0
PEM_PB,D,20170606,000000,2.8797,2.8797,2.8797,2.8797,0,0
PEM_PB,D,20170607,000000,2.8276,2.8884,2.8276,2.8884,0,0
PEM_PB,D,20170608,000000,2.8884,2.8884,2.8103,2.8103,0,0
PEM_PB,D,20170609,000000,2.8103,2.8797,2.8103,2.8797,0,0
PEM_PB,D,20170612,000000,2.819,2.819,2.8103,2.819,0,0
PEM_PB,D,20170613,000000,2.8103,2.8103,2.8016,2.8016,0,0
PEM_PB,D,20170614,000000,2.8103,2.8103,2.8016,2.8016,0,0
PEM_PB,D,20170616,000000,2.8276,2.8797,2.7843,2.8537,0,0
PEM_PB,D,20170619,000000,2.8537,2.8797,2.7756,2.7756,0,0
PEM_PB,D,20170620,000000,2.8537,2.8537,2.8537,2.8537,0,0
PEM_PB,D,20170621,000000,2.8537,2.8623,2.8537,2.8623,0,0
PEM_PB,D,20170622,000000,2.8623,2.8623,2.7756,2.8623,0,0
PEM_PB,D,20170623,000000,2.8623,2.8623,2.8623,2.8623,0,0
PEM_PB,D,20170626,000000,2.8623,2.8623,2.7756,2.8276,0,0
PEM_PB,D,20170627,000000,2.8623,2.8623,2.8276,2.8276,0,0
PEM_PB,D,20170628,000000,2.8537,2.8537,2.7843,2.8276,0,0
PEM_PB,D,20170629,000000,2.8276,2.8537,2.8276,2.8537,0,0
PEM_PB,D,20170630,000000,2.8537,2.871,2.8016,2.8016,0,0
PEM_PB,D,20170703,000000,2.8797,2.8884,2.8103,2.8884,0,0
PEM_PB,D,20170704,000000,2.8884,2.8884,2.8537,2.8797,0,0
PEM_PB,D,20170705,000000,2.8797,2.8884,2.8537,2.8797,0,0
PEM_PB,D,20170706,000000,2.8797,2.8884,2.8537,2.8884,0,0
PEM_PB,D,20170707,000000,2.8884,2.8884,2.8537,2.8884,0,0
PEM_PB,D,20170710,000000,2.8884,2.8884,2.8537,2.8537,0,0
PEM_PB,D,20170711,000000,2.8537,2.8537,2.8276,2.8537,0,0
PEM_PB,D,20170712,000000,2.8884,2.8884,2.819,2.8884,0,0
PEM_PB,D,20170713,000000,2.8797,2.8884,2.819,2.8884,0,0
PEM_PB,D,20170714,000000,2.8884,2.8884,2.8797,2.8797,0,0
PEM_PB,D,20170717,000000,2.8797,2.8797,2.819,2.8797,0,0
PEM_PB,D,20170718,000000,2.8797,2.8884,2.8797,2.8884,0,0
PEM_PB,D,20170719,000000,2.8884,2.8884,2.8884,2.8884,0,0
PEM_PB,D,20170720,000000,2.8884,2.8884,2.8016,2.8797,0,0
PEM_PB,D,20170721,000000,2.8797,2.8797,2.871,2.8797,0,0
PEM_PB,D,20170724,000000,2.8797,2.8797,2.8537,2.8797,0,0
PEM_PB,D,20170725,000000,2.8797,2.8797,2.8364,2.8537,0,0
PEM_PB,D,20170726,000000,2.8537,2.8537,2.8537,2.8537,0,0
PEM_PB,D,20170727,000000,2.8537,2.8537,2.8537,2.8537,0,0
PEM_PB,D,20170728,000000,2.8537,2.8537,2.793,2.793,0,0
PEM_PB,D,20170731,000000,2.8537,2.871,2.8537,2.871,0,0
PEM_PB,D,20170801,000000,2.8623,2.871,2.8623,2.871,0,0
PEM_PB,D,20170802,000000,2.871,2.871,2.8276,2.871,0,0
PEM_PB,D,20170803,000000,2.871,2.871,2.871,2.871,0,0
PEM_PB,D,20170804,000000,2.871,2.871,2.8623,2.8623,0,0
PEM_PB,D,20170807,000000,2.8884,2.8884,2.8623,2.8884,0,0
PEM_PB,D,20170808,000000,2.8884,2.8884,2.8276,2.8537,0,0
PEM_PB,D,20170809,000000,2.8884,2.8884,2.7756,2.8276,0,0
PEM_PB,D,20170810,000000,2.8276,2.871,2.8276,2.871,0,0
PEM_PB,D,20170811,000000,2.871,2.8797,2.871,2.8797,0,0
PEM_PB,D,20170814,000000,2.8797,2.8884,2.8797,2.8884,0,0
PEM_PB,D,20170816,000000,2.8884,2.8884,2.8623,2.8884,0,0
PEM_PB,D,20170817,000000,2.8884,2.8884,2.8884,2.8884,0,0
PEM_PB,D,20170818,000000,2.8884,2.8884,2.8623,2.8884,0,0
PEM_PB,D,20170821,000000,2.8884,2.8884,2.8623,2.8884,0,0
PEM_PB,D,20170822,000000,2.8884,2.8884,2.8884,2.8884,0,0
PEM_PB,D,20170823,000000,2.8884,2.8884,2.8884,2.8884,0,0
PEM_PB,D,20170824,000000,2.8884,2.9057,2.8884,2.9057,0,0
PEM_PB,D,20170825,000000,2.9144,2.9144,2.8884,2.9144,0,0
PEM_PB,D,20170828,000000,2.9405,2.9578,2.9405,2.9578,0,0
PEM_PB,D,20170829,000000,2.9578,3.3655,2.9317,3.3655,0,0
PEM_PB,D,20170830,000000,3.4001,3.4001,3.296,3.3655,0,0
PEM_PB,D,20170831,000000,3.3655,3.3655,3.3134,3.3134,0,0
PEM_PB,D,20170901,000000,3.3134,3.3394,3.296,3.3394,0,0
PEM_PB,D,20170904,000000,3.3394,3.3914,3.3047,3.3741,0,0
PEM_PB,D,20170905,000000,3.3741,3.3741,3.3221,3.3741,0,0
PEM_PB,D,20170906,000000,3.3394,3.4521,3.3394,3.4348,0,0
PEM_PB,D,20170907,000000,3.4301,3.4668,3.3292,3.4668,0,0
PEM_PB,D,20170908,000000,3.4668,3.4668,3.3659,3.4576,0,0
PEM_PB,D,20170911,000000,3.4301,3.4301,3.3659,3.4301,0,0
PEM_PB,D,20170912,000000,3.4301,3.4301,3.3659,3.4118,0,0
PEM_PB,D,20170913,000000,3.4118,3.4118,3.3659,3.4026,0,0
PEM_PB,D,20170914,000000,3.4026,3.4026,3.3292,3.4026,0,0
PEM_PB,D,20170915,000000,3.3659,3.3659,3.265,3.265,0,0
PEM_PB,D,20170918,000000,3.3017,3.3017,3.265,3.265,0,0
PEM_PB,D,20170919,000000,3.2834,3.2834,3.21,3.265,0,0
PEM_PB,D,20170920,000000,3.265,3.265,3.2008,3.2283,0,0
PEM_PB,D,20170921,000000,3.2283,3.2283,3.0357,3.0633,0,0
PEM_PB,D,20170922,000000,3.0724,3.1641,3.0724,3.1641,0,0
PEM_PB,D,20170925,000000,3.1917,3.1917,3.1641,3.1641,0,0
PEM_PB,D,20170926,000000,3.1641,3.1825,3.0724,3.0724,0,0
PEM_PB,D,20170927,000000,3.0724,3.1825,3.0633,3.1825,0,0
PEM_PB,D,20170928,000000,3.1825,3.1825,3.1825,3.1825,0,0
PEM_PB,D,20170929,000000,3.2008,3.2008,3.2008,3.2008,0,0
PEM_PB,D,20171002,000000,3.2008,3.2008,3.2008,3.2008,0,0
PEM_PB,D,20171003,000000,3.2008,3.2008,3.0633,3.1275,0,0
PEM_PB,D,20171004,000000,3.1275,3.1275,3.1275,3.1275,0,0
PEM_PB,D,20171005,000000,3.1275,3.1275,3.0266,3.0999,0,0
PEM_PB,D,20171006,000000,3.0999,3.1275,3.0266,3.1275,0,0
PEM_PB,D,20171009,000000,3.1275,3.1275,3.1275,3.1275,0,0
PEM_PB,D,20171010,000000,3.1275,3.1275,3.0999,3.0999,0,0
PEM_PB,D,20171011,000000,3.1275,3.1275,2.9899,3.0266,0,0
PEM_PB,D,20171012,000000,3.0541,3.0541,2.9349,2.9899,0,0
PEM_PB,D,20171013,000000,2.9899,2.9899,2.7973,2.8798,0,0
PEM_PB,D,20171016,000000,2.7973,2.8523,2.7514,2.8065,0,0
PEM_PB,D,20171017,000000,2.8065,2.8065,2.8065,2.8065,0,0
PEM_PB,D,20171018,000000,2.8248,2.8248,2.7331,2.8156,0,0
PEM_PB,D,20171019,000000,2.8156,2.8156,2.7423,2.7973,0,0
PEM_PB,D,20171020,000000,2.7973,2.7973,2.7239,2.7881,0,0
PEM_PB,D,20171023,000000,2.7881,2.7881,2.7606,2.7789,0,0
PEM_PB,D,20171024,000000,2.7789,2.8248,2.7239,2.8156,0,0
PEM_PB,D,20171025,000000,2.8156,2.8156,2.7331,2.8156,0,0
PEM_PB,D,20171026,000000,2.8156,2.8156,2.7239,2.7239,0,0
PEM_PB,D,20171027,000000,2.7331,2.7331,2.6964,2.6964,0,0
PEM_PB,D,20171030,000000,2.7606,2.7606,2.623,2.6414,0,0
PEM_PB,D,20171031,000000,2.6505,2.6505,2.5588,2.5588,0,0
PEM_PB,D,20171102,000000,2.5588,2.568,2.5497,2.568,0,0
PEM_PB,D,20171103,000000,2.5772,2.5772,2.4579,2.4946,0,0
PEM_PB,D,20171106,000000,2.4855,2.4946,2.4304,2.4304,0,0
PEM_PB,D,20171107,000000,2.4579,2.5588,2.4488,2.4488,0,0
PEM_PB,D,20171108,000000,2.4946,2.5588,2.4488,2.4946,0,0
PEM_PB,D,20171109,000000,2.5221,2.7331,2.4946,2.7331,0,0
PEM_PB,D,20171110,000000,2.7514,2.8615,2.7514,2.8523,0,0
PEM_PB,D,20171113,000000,2.8523,2.9715,2.8523,2.8982,0,0
PEM_PB,D,20171114,000000,2.8982,2.9624,2.8707,2.9349,0,0
PEM_PB,D,20171115,000000,2.9532,2.9624,2.8798,2.9624,0,0
PEM_PB,D,20171116,000000,2.9624,2.9624,2.9073,2.9624,0,0
PEM_PB,D,20171117,000000,2.9624,3.1091,2.9624,3.0908,0,0
PEM_PB,D,20171120,000000,3.1183,3.1183,3.0724,3.1183,0,0
PEM_PB,D,20171121,000000,3.1183,3.1275,3.1183,3.1275,0,0
PEM_PB,D,20171122,000000,3.1458,3.1458,3.1091,3.1366,0,0
PEM_PB,D,20171123,000000,3.1458,3.1458,3.1091,3.1366,0,0
PEM_PB,D,20171124,000000,3.1458,3.1458,3.0816,3.0816,0,0
PEM_PB,D,20171127,000000,3.1275,3.1275,3.1183,3.1183,0,0
PEM_PB,D,20171128,000000,3.1183,3.1183,3.0999,3.0999,0,0
PEM_PB,D,20171129,000000,3.0999,3.0999,2.9165,2.9532,0,0
PEM_PB,D,20171130,000000,2.9624,2.9624,2.8156,2.8156,0,0
PEM_PB,D,20171201,000000,2.7973,2.8248,2.7514,2.8156,0,0
PEM_PB,D,20171204,000000,2.8248,2.8615,2.8156,2.8615,0,0
PEM_PB,D,20171205,000000,2.8615,2.8982,2.8615,2.8982,0,0
PEM_PB,D,20171206,000000,2.8982,2.9257,2.8248,2.9257,0,0
PEM_PB,D,20171207,000000,2.9624,2.9624,2.834,2.889,0,0
PEM_PB,D,20171208,000000,2.889,2.944,2.889,2.944,0,0
PEM_PB,D,20171211,000000,2.944,2.944,2.8248,2.9349,0,0
PEM_PB,D,20171212,000000,2.9349,2.9349,2.8248,2.834,0,0
PEM_PB,D,20171213,000000,2.889,2.889,2.834,2.889,0,0
PEM_PB,D,20171214,000000,2.889,2.889,2.834,2.889,0,0
PEM_PB,D,20171215,000000,2.889,2.889,2.834,2.8707,0,0
PEM_PB,D,20171218,000000,2.8707,2.889,2.8707,2.889,0,0
PEM_PB,D,20171219,000000,2.889,2.889,2.8065,2.8615,0,0
PEM_PB,D,20171220,000000,2.8615,2.8615,2.7973,2.8523,0,0
PEM_PB,D,20171221,000000,2.8523,2.8523,2.7973,2.8431,0,0
PEM_PB,D,20171222,000000,2.8431,2.8431,2.7698,2.8248,0,0
PEM_PB,D,20171227,000000,2.8156,2.8523,2.7698,2.8523,0,0
PEM_PB,D,20171228,000000,2.8248,2.9624,2.8248,2.9624,0,0
PEM_PB,D,20171229,000000,2.9715,3.1275,2.9715,3.0357,0,0
PEM_PB,D,20180103,000000,3.1458,3.1458,3.0357,3.0357,0,0
PEM_PB,D,20180104,000000,3.1366,3.1366,2.9991,3.1183,0,0
PEM_PB,D,20180105,000000,3.1183,3.1366,3.0357,3.1366,0,0
PEM_PB,D,20180108,000000,3.1366,3.1733,3.1366,3.1733,0,0
PEM_PB,D,20180109,000000,3.1917,3.1917,3.1183,3.1183,0,0
PEM_PB,D,20180110,000000,3.1917,3.1917,3.1917,3.1917,0,0
PEM_PB,D,20180111,000000,3.1917,3.1917,3.1917,3.1917,0,0
PEM_PB,D,20180112,000000,3.1917,3.1917,3.1458,3.1917,0,0
PEM_PB,D,20180115,000000,3.1917,3.1917,3.0541,3.1825,0,0
PEM_PB,D,20180116,000000,3.1825,3.1825,3.1825,3.1825,0,0
PEM_PB,D,20180117,000000,3.1091,3.1825,3.1091,3.1825,0,0
PEM_PB,D,20180118,000000,3.1825,3.1825,3.1825,3.1825,0,0
PEM_PB,D,20180119,000000,3.1825,3.1825,3.0266,3.0357,0,0
PEM_PB,D,20180122,000000,3.0357,3.0357,3.0357,3.0357,0,0
PEM_PB,D,20180123,000000,3.0357,3.155,3.0357,3.155,0,0
PEM_PB,D,20180124,000000,3.1733,3.1733,3.1733,3.1733,0,0
PEM_PB,D,20180125,000000,3.1733,3.1733,3.155,3.155,0,0
PEM_PB,D,20180126,000000,3.1825,3.1825,3.155,3.155,0,0
PEM_PB,D,20180129,000000,3.1825,3.1825,3.0449,3.1641,0,0
PEM_PB,D,20180130,000000,3.1641,3.1641,3.155,3.155,0,0
PEM_PB,D,20180131,000000,3.1458,3.155,3.1458,3.155,0,0
PEM_PB,D,20180201,000000,3.1641,3.1733,3.1091,3.1733,0,0
PEM_PB,D,20180202,000000,3.1733,3.1733,3.0724,3.0724,0,0
PEM_PB,D,20180205,000000,3.1733,3.1733,3.0816,3.155,0,0
PEM_PB,D,20180206,000000,3.1275,3.1275,2.9715,3.0541,0,0
PEM_PB,D,20180207,000000,3.0541,3.0908,2.9991,3.0908,0,0
PEM_PB,D,20180208,000000,3.1183,3.1183,3.0816,3.0816,0,0
PEM_PB,D,20180209,000000,3.0357,3.0816,2.9991,2.9991,0,0
PEM_PB,D,20180212,000000,3.0633,3.0633,2.9532,3.0541,0,0
PEM_PB,D,20180213,000000,3.0633,3.0724,3.0633,3.0724,0,0
PEM_PB,D,20180214,000000,3.0724,3.0724,2.9991,3.0724,0,0
PEM_PB,D,20180215,000000,3.0724,3.0724,3.0357,3.0724,0,0
PEM_PB,D,20180216,000000,3.0724,3.0908,3.0724,3.0908,0,0
PEM_PB,D,20180219,000000,3.0908,3.0908,3.0357,3.0357,0,0
PEM_PB,D,20180220,000000,3.0908,3.0908,3.0357,3.0357,0,0
PEM_PB,D,20180221,000000,3.0357,3.0357,2.9807,2.9807,0,0
PEM_PB,D,20180222,000000,3.0357,3.0357,2.8982,2.9991,0,0
PEM_PB,D,20180223,000000,2.9991,2.9991,2.9991,2.9991,0,0
PEM_PB,D,20180226,000000,2.9991,2.9991,2.9991,2.9991,0,0
PEM_PB,D,20180227,000000,2.9807,2.9991,2.9807,2.9807,0,0
PEM_PB,D,20180228,000000,2.9807,2.9991,2.9807,2.9991,0,0
PEM_PB,D,20180301,000000,2.9899,2.9899,2.9899,2.9899,0,0
PEM_PB,D,20180302,000000,2.9899,2.9899,2.9899,2.9899,0,0
PEM_PB,D,20180305,000000,2.9899,2.9899,2.9899,2.9899,0,0
PEM_PB,D,20180306,000000,2.9991,2.9991,2.9715,2.9991,0,0
PEM_PB,D,20180307,000000,2.9991,2.9991,2.9715,2.9715,0,0
PEM_PB,D,20180308,000000,2.9715,2.9715,2.9532,2.9715,0,0
PEM_PB,D,20180309,000000,2.9715,2.9715,2.8798,2.9715,0,0
PEM_PB,D,20180312,000000,2.9715,2.9715,2.9073,2.9715,0,0
PEM_PB,D,20180313,000000,2.9715,2.9715,2.889,2.9715,0,0
PEM_PB,D,20180314,000000,2.9715,2.9715,2.8615,2.9165,0,0
PEM_PB,D,20180315,000000,2.9165,2.9165,2.8248,2.9165,0,0
PEM_PB,D,20180316,000000,2.9165,2.9165,2.9165,2.9165,0,0
PEM_PB,D,20180319,000000,2.9165,2.9349,2.9165,2.9349,0,0
PEM_PB,D,20180320,000000,2.9349,2.9349,2.8615,2.9257,0,0
PEM_PB,D,20180321,000000,2.9165,2.9257,2.9165,2.9257,0,0
PEM_PB,D,20180322,000000,2.9257,2.9257,2.9257,2.9257,0,0
PEM_PB,D,20180323,000000,2.9349,2.9349,2.8065,2.8523,0,0
PEM_PB,D,20180326,000000,2.8523,2.8523,2.834,2.8523,0,0
PEM_PB,D,20180327,000000,2.8523,2.8523,2.7514,2.7698,0,0
PEM_PB,D,20180328,000000,2.6505,2.9349,2.6505,2.9349,0,0
PEM_PB,D,20180329,000000,2.9257,2.9624,2.9257,2.9624,0,0
PEM_PB,D,20180403,000000,2.9165,2.9165,2.8707,2.9165,0,0
PEM_PB,D,20180404,000000,2.9165,2.9165,2.8707,2.9073,0,0
PEM_PB,D,20180405,000000,2.9073,2.9165,2.9073,2.9165,0,0
PEM_PB,D,20180406,000000,2.9165,3.0449,2.8982,3.0449,0,0
PEM_PB,D,20180409,000000,3.0633,3.0633,3.0633,3.0633,0,0
PEM_PB,D,20180410,000000,3.0633,3.0633,2.9715,3.0633,0,0
PEM_PB,D,20180411,000000,3.0633,3.0633,3.0633,3.0633,0,0
PEM_PB,D,20180412,000000,3.0357,3.0357,3.0357,3.0357,0,0
PEM_PB,D,20180413,000000,3.0357,3.0633,2.9532,3.0633,0,0
PEM_PB,D,20180416,000000,3.0633,3.1458,3.0633,3.1458,0,0
PEM_PB,D,20180417,000000,3.1458,3.1825,3.1458,3.1458,0,0
PEM_PB,D,20180418,000000,3.2008,3.2008,3.1458,3.1458,0,0
PEM_PB,D,20180419,000000,3.1825,3.1825,3.0082,3.0724,0,0
PEM_PB,D,20180420,000000,3.1825,3.1825,2.8065,2.8982,0,0
PEM_PB,D,20180423,000000,2.944,2.944,2.6505,2.7147,0,0
PEM_PB,D,20180424,000000,2.6597,2.7514,2.6597,2.7514,0,0
PEM_PB,D,20180425,000000,2.7514,2.7514,2.7056,2.7514,0,0
PEM_PB,D,20180426,000000,2.7514,2.7514,2.6597,2.7423,0,0
PEM_PB,D,20180427,000000,2.7514,2.7514,2.7423,2.7423,0,0
PEM_PB,D,20180430,000000,2.7423,2.7423,2.6597,2.7423,0,0
PEM_PB,D,20180502,000000,2.7514,2.7514,2.7514,2.7514,0,0
PEM_PB,D,20180504,000000,2.7514,2.7514,2.6964,2.7331,0,0
PEM_PB,D,20180507,000000,2.7331,2.7331,2.623,2.7331,0,0
PEM_PB,D,20180508,000000,2.7331,2.7331,2.6964,2.7331,0,0
PEM_PB,D,20180509,000000,2.7514,2.7789,2.6597,2.6597,0,0
PEM_PB,D,20180510,000000,2.7514,2.7514,2.7423,2.7514,0,0
PEM_PB,D,20180511,000000,2.7514,2.7514,2.568,2.568,0,0
PEM_PB,D,20180514,000000,2.5772,2.5772,2.4946,2.5772,0,0
PEM_PB,D,20180515,000000,2.5221,2.5313,2.5221,2.5313,0,0
PEM_PB,D,20180516,000000,2.5772,2.5772,2.5772,2.5772,0,0
PEM_PB,D,20180517,000000,2.5772,2.5772,2.5313,2.5313,0,0
PEM_PB,D,20180518,000000,2.5313,2.5313,2.5313,2.5313,0,0
PEM_PB,D,20180521,000000,2.5313,2.5313,2.4579,2.5313,0,0
PEM_PB,D,20180522,000000,2.5313,2.5588,2.5313,2.5588,0,0
PEM_PB,D,20180523,000000,2.5588,2.5772,2.4763,2.5772,0,0
PEM_PB,D,20180524,000000,2.5772,2.5772,2.4213,2.4488,0,0
PEM_PB,D,20180525,000000,2.4396,2.4579,2.3846,2.3846,0,0
PEM_PB,D,20180528,000000,2.4579,2.4579,2.3204,2.3571,0,0
PEM_PB,D,20180529,000000,2.3204,2.3204,2.1094,2.1094,0,0
PEM_PB,D,20180530,000000,2.1094,2.1094,1.7609,2.0085,0,0
PEM_PB,D,20180601,000000,2.0727,2.2103,1.9994,2.2103,0,0
PEM_PB,D,20180604,000000,2.2653,2.3204,2.2103,2.2378,0,0
PEM_PB,D,20180605,000000,2.3662,2.3662,2.247,2.3204,0,0
PEM_PB,D,20180606,000000,2.247,2.4213,2.247,2.4213,0,0
PEM_PB,D,20180607,000000,2.4213,2.4488,2.4213,2.4488,0,0
PEM_PB,D,20180608,000000,2.4488,2.4488,2.4488,2.4488,0,0
PEM_PB,D,20180611,000000,2.4579,2.4579,2.4579,2.4579,0,0
PEM_PB,D,20180612,000000,2.4029,2.7056,2.4029,2.7056,0,0
PEM_PB,D,20180613,000000,2.6689,2.6689,2.5955,2.623,0,0
PEM_PB,D,20180614,000000,2.6597,2.6597,2.5772,2.5772,0,0
PEM_PB,D,20180615,000000,2.568,2.568,2.568,2.568,0,0
PEM_PB,D,20180618,000000,2.568,2.568,2.4579,2.4579,0,0
PEM_PB,D,20180619,000000,2.5313,2.6139,2.4579,2.6047,0,0
PEM_PB,D,20180620,000000,2.6047,2.6047,2.513,2.5313,0,0
PEM_PB,D,20180621,000000,2.5863,2.5863,2.5313,2.5313,0,0
PEM_PB,D,20180622,000000,2.5313,2.5313,2.5313,2.5313,0,0
PEM_PB,D,20180625,000000,2.5313,2.5955,2.5313,2.568,0,0
PEM_PB,D,20180626,000000,2.5772,2.5772,2.4946,2.5772,0,0
PEM_PB,D,20180627,000000,2.5772,2.5772,2.4763,2.5313,0,0
PEM_PB,D,20180628,000000,2.568,2.568,2.5313,2.5313,0,0
PEM_PB,D,20180629,000000,2.5497,2.5497,2.4396,2.4396,0,0
PEM_PB,D,20180702,000000,2.4946,2.4946,2.4488,2.4488,0,0
PEM_PB,D,20180703,000000,2.4488,2.4488,2.3295,2.3479,0,0
PEM_PB,D,20180704,000000,2.3479,2.4671,2.3479,2.4671,0,0
PEM_PB,D,20180705,000000,2.4671,2.568,2.4213,2.4579,0,0
PEM_PB,D,20180706,000000,2.53,2.53,2.41,2.51,0,0
PEM_PB,D,20180709,000000,2.51,2.51,2.39,2.39,0,0
PEM_PB,D,20180710,000000,2.45,2.45,2.34,2.41,0,0
PEM_PB,D,20180711,000000,2.41,2.41,2.41,2.41,0,0
PEM_PB,D,20180712,000000,2.4,2.4,2.34,2.4,0,0
PEM_PB,D,20180713,000000,2.38,2.4,2.31,2.38,0,0
PEM_PB,D,20180716,000000,2.48,2.48,2.38,2.38,0,0
PEM_PB,D,20180717,000000,2.45,2.47,2.38,2.41,0,0
PEM_PB,D,20180718,000000,2.45,2.48,2.34,2.38,0,0
PEM_PB,D,20180719,000000,2.38,2.4,2.38,2.38,0,0
PEM_PB,D,20180720,000000,2.42,2.42,2.42,2.42,0,0
PEM_PB,D,20180723,000000,2.42,2.42,2.31,2.31,0,0
PEM_PB,D,20180724,000000,2.31,2.32,2.31,2.32,0,0
PEM_PB,D,20180725,000000,2.32,2.34,2.3,2.3,0,0
PEM_PB,D,20180726,000000,2.32,2.32,2.21,2.21,0,0
PEM_PB,D,20180727,000000,2.22,2.28,2.21,2.21,0,0
PEM_PB,D,20180730,000000,2.24,2.34,2.14,2.21,0,0
PEM_PB,D,20180731,000000,2.32,2.32,2.05,2.06,0,0
PEM_PB,D,20180801,000000,2.17,2.17,2.05,2.05,0,0
PEM_PB,D,20180802,000000,2.17,2.17,2.09,2.11,0,0
PEM_PB,D,20180803,000000,2.11,2.11,2.01,2.11,0,0
PEM_PB,D,20180806,000000,2.11,2.22,2.11,2.21,0,0
PEM_PB,D,20180807,000000,2.23,2.23,2.07,2.13,0,0
PEM_PB,D,20180808,000000,2.13,2.14,2.04,2.06,0,0
PEM_PB,D,20180809,000000,2.11,2.11,1.99,2.05,0,0
PEM_PB,D,20180810,000000,2.05,2.05,1.98,2.03,0,0
PEM_PB,D,20180813,000000,2.04,2.04,2.03,2.04,0,0
PEM_PB,D,20180814,000000,2.04,2.04,2.04,2.04,0,0
PEM_PB,D,20180816,000000,2.08,2.08,2.03,2.06,0,0
PEM_PB,D,20180817,000000,2.08,2.08,2.06,2.07,0,0
PEM_PB,D,20180820,000000,2.08,2.08,1.98,2.02,0,0
PEM_PB,D,20180821,000000,2.08,2.18,2.02,2.18,0,0
PEM_PB,D,20180822,000000,2.18,2.21,2.12,2.18,0,0
PEM_PB,D,20180823,000000,2.18,2.18,2.18,2.18,0,0
PEM_PB,D,20180824,000000,2.18,2.28,2.17,2.21,0,0
PEM_PB,D,20180827,000000,2.21,2.21,2.15,2.21,0,0
PEM_PB,D,20180828,000000,2.12,2.59,2.08,2.59,0,0
PEM_PB,D,20180829,000000,2.59,2.59,2.48,2.52,0,0
PEM_PB,D,20180830,000000,2.52,2.57,2.49,2.55,0,0
PEM_PB,D,20180831,000000,2.55,2.57,2.55,2.57,0,0
PEM_PB,D,20180903,000000,2.57,2.57,2.57,2.57,0,0
PEM_PB,D,20180904,000000,2.57,2.57,2.46,2.46,0,0
PEM_PB,D,20180905,000000,2.47,2.47,2.47,2.47,0,0
PEM_PB,D,20180906,000000,2.46,2.46,2.37,2.45,0,0
PEM_PB,D,20180907,000000,2.45,2.45,2.45,2.45,0,0
PEM_PB,D,20180910,000000,2.45,2.45,2.37,2.37,0,0
PEM_PB,D,20180911,000000,2.46,2.46,2.35,2.35,0,0
PEM_PB,D,20180912,000000,2.35,2.36,2.35,2.36,0,0
PEM_PB,D,20180913,000000,2.36,2.36,2.22,2.26,0,0
PEM_PB,D,20180914,000000,2.26,2.26,2.15,2.16,0,0
PEM_PB,D,20180917,000000,2.15,2.16,2.08,2.16,0,0
PEM_PB,D,20180918,000000,2.17,2.17,2.06,2.13,0,0
PEM_PB,D,20180919,000000,2.13,2.2,2.11,2.2,0,0
PEM_PB,D,20180920,000000,2.25,2.25,2.23,2.25,0,0
PEM_PB,D,20180921,000000,2.25,2.47,2.25,2.37,0,0
PEM_PB,D,20180924,000000,2.43,2.71,2.43,2.71,0,0
PEM_PB,D,20180925,000000,2.81,2.81,2.64,2.65,0,0
PEM_PB,D,20180926,000000,2.72,2.75,2.72,2.75,0,0
PEM_PB,D,20180927,000000,2.75,2.81,2.75,2.81,0,0
PEM_PB,D,20180928,000000,2.9,2.9,2.88,2.88,0,0
PEM_PB,D,20181001,000000,2.92,2.92,2.78,2.9,0,0
PEM_PB,D,20181002,000000,2.9,2.9,2.82,2.89,0,0
PEM_PB,D,20181003,000000,2.83,2.98,2.83,2.98,0,0
PEM_PB,D,20181004,000000,2.99,2.99,2.81,2.81,0,0
PEM_PB,D,20181005,000000,2.89,2.89,2.89,2.89,0,0
PEM_PB,D,20181008,000000,2.89,2.89,2.86,2.86,0,0
PEM_PB,D,20181009,000000,2.86,2.86,2.75,2.86,0,0
PEM_PB,D,20181010,000000,2.86,2.86,2.86,2.86,0,0
PEM_PB,D,20181011,000000,2.81,2.81,2.54,2.56,0,0
PEM_PB,D,20181012,000000,2.63,2.64,2.62,2.62,0,0
PEM_PB,D,20181015,000000,2.64,2.64,2.53,2.57,0,0
PEM_PB,D,20181016,000000,2.57,2.57,2.52,2.52,0,0
PEM_PB,D,20181017,000000,2.64,2.64,2.63,2.63,0,0
PEM_PB,D,20181018,000000,2.62,2.62,2.62,2.62,0,0
PEM_PB,D,20181019,000000,2.62,2.62,2.62,2.62,0,0
PEM_PB,D,20181022,000000,2.61,2.61,2.5,2.5,0,0
PEM_PB,D,20181023,000000,2.6,2.6,2.6,2.6,0,0
PEM_PB,D,20181024,000000,2.58,2.58,2.46,2.47,0,0
PEM_PB,D,20181025,000000,2.43,2.47,2.37,2.47,0,0
PEM_PB,D,20181026,000000,2.47,2.47,2.46,2.46,0,0
PEM_PB,D,20181029,000000,2.46,2.46,2.36,2.43,0,0
PEM_PB,D,20181030,000000,2.45,2.45,2.34,2.43,0,0
PEM_PB,D,20181031,000000,2.43,2.43,2.43,2.43,0,0
PEM_PB,D,20181102,000000,2.43,2.44,2.35,2.43,0,0
PEM_PB,D,20181105,000000,2.43,2.43,2.43,2.43,0,0
PEM_PB,D,20181106,000000,2.43,2.43,2.35,2.43,0,0
PEM_PB,D,20181107,000000,2.43,2.43,2.32,2.42,0,0
PEM_PB,D,20181108,000000,2.42,2.42,2.32,2.32,0,0
PEM_PB,D,20181109,000000,2.41,2.41,2.18,2.22,0,0
PEM_PB,D,20181113,000000,2.22,2.22,2.12,2.18,0,0
PEM_PB,D,20181114,000000,2.18,2.18,2.08,2.18,0,0
PEM_PB,D,20181115,000000,2.21,2.3,2.19,2.29,0,0
PEM_PB,D,20181116,000000,2.43,2.43,2.43,2.43,0,0
PEM_PB,D,20181119,000000,2.34,2.43,2.2,2.2,0,0
PEM_PB,D,20181120,000000,2.25,2.25,2.25,2.25,0,0
PEM_PB,D,20181121,000000,2.25,2.25,2.16,2.24,0,0
PEM_PB,D,20181122,000000,2.23,2.23,2.17,2.23,0,0
PEM_PB,D,20181123,000000,2.23,2.25,2.23,2.25,0,0
PEM_PB,D,20181126,000000,2.25,2.29,2.23,2.29,0,0
PEM_PB,D,20181127,000000,2.21,2.29,2.21,2.29,0,0
PEM_PB,D,20181128,000000,2.29,2.29,2.29,2.29,0,0
PEM_PB,D,20181129,000000,2.29,2.29,2.23,2.28,0,0
PEM_PB,D,20181130,000000,2.24,2.28,2.24,2.27,0,0
PEM_PB,D,20181203,000000,2.19,2.25,2.19,2.25,0,0
PEM_PB,D,20181204,000000,2.25,2.25,2.25,2.25,0,0
PEM_PB,D,20181205,000000,2.19,2.23,2.15,2.19,0,0
PEM_PB,D,20181206,000000,2.22,2.22,2.18,2.18,0,0
PEM_PB,D,20181207,000000,2.22,2.22,2.12,2.16,0,0
PEM_PB,D,20181210,000000,2.22,2.22,2.17,2.22,0,0
PEM_PB,D,20181211,000000,2.22,2.22,2.22,2.22,0,0
PEM_PB,D,20181212,000000,2.22,2.22,2.22,2.22,0,0
PEM_PB,D,20181213,000000,2.21,2.22,2.14,2.22,0,0
PEM_PB,D,20181214,000000,2.22,2.22,2.21,2.21,0,0
PEM_PB,D,20181217,000000,2.22,2.22,2.19,2.22,0,0
PEM_PB,D,20181218,000000,2.22,2.22,2.22,2.22,0,0
PEM_PB,D,20181219,000000,2.19,2.22,2.19,2.22,0,0
PEM_PB,D,20181220,000000,2.22,2.22,2.19,2.22,0,0
PEM_PB,D,20181221,000000,2.14,2.16,2.14,2.14,0,0
PEM_PB,D,20181227,000000,2.2,2.2,2.14,2.16,0,0
PEM_PB,D,20181228,000000,2.21,2.21,2.13,2.14,0,0
PEM_PB,D,20190102,000000,2.21,2.21,2.14,2.16,0,0
PEM_PB,D,20190103,000000,2.16,2.16,2.16,2.16,0,0
PEM_PB,D,20190104,000000,2.16,2.16,2.1,2.14,0,0
PEM_PB,D,20190107,000000,2.14,2.14,2.13,2.14,0,0
PEM_PB,D,20190108,000000,2.12,2.12,2.12,2.12,0,0
PEM_PB,D,20190109,000000,2.12,2.12,2.07,2.12,0,0
PEM_PB,D,20190110,000000,2.12,2.14,2.12,2.14,0,0
PEM_PB,D,20190111,000000,2.14,2.17,2.14,2.17,0,0
PEM_PB,D,20190114,000000,2.17,2.2,2.16,2.17,0,0
PEM_PB,D,20190115,000000,2.17,2.17,2.12,2.16,0,0
PEM_PB,D,20190116,000000,2.16,2.16,2.16,2.16,0,0
PEM_PB,D,20190117,000000,2.16,2.16,2.16,2.16,0,0
PEM_PB,D,20190118,000000,2.16,2.16,2.14,2.16,0,0
PEM_PB,D,20190121,000000,2.16,2.16,2.12,2.15,0,0
PEM_PB,D,20190122,000000,2.15,2.15,2.15,2.15,0,0
PEM_PB,D,20190123,000000,2.15,2.15,2.12,2.15,0,0
PEM_PB,D,20190124,000000,2.15,2.15,2.12,2.14,0,0
PEM_PB,D,20190125,000000,2.15,2.2,2.15,2.2,0,0
PEM_PB,D,20190128,000000,2.2,2.21,2.2,2.21,0,0
PEM_PB,D,20190129,000000,2.21,2.21,2.21,2.21,0,0
PEM_PB,D,20190130,000000,2.21,2.21,2.21,2.21,0,0
PEM_PB,D,20190131,000000,2.21,2.21,2.14,2.21,0,0
PEM_PB,D,20190201,000000,2.21,2.38,2.21,2.29,0,0
PEM_PB,D,20190204,000000,2.36,2.36,2.36,2.36,0,0
PEM_PB,D,20190205,000000,2.49,2.49,2.39,2.49,0,0
PEM_PB,D,20190206,000000,2.49,2.5,2.49,2.5,0,0
PEM_PB,D,20190207,000000,2.5,2.5,2.5,2.5,0,0
PEM_PB,D,20190208,000000,2.5,2.5,2.47,2.47,0,0
PEM_PB,D,20190211,000000,2.5,2.5,2.5,2.5,0,0
PEM_PB,D,20190212,000000,2.5,2.5,2.49,2.5,0,0
PEM_PB,D,20190213,000000,2.48,2.48,2.43,2.48,0,0
PEM_PB,D,20190214,000000,2.48,2.48,2.42,2.48,0,0
PEM_PB,D,20190215,000000,2.48,2.48,2.33,2.33,0,0
PEM_PB,D,20190218,000000,2.36,2.36,2.35,2.36,0,0
PEM_PB,D,20190219,000000,2.39,2.39,2.28,2.28,0,0
PEM_PB,D,20190220,000000,2.25,2.29,2.25,2.29,0,0
PEM_PB,D,20190221,000000,2.23,2.23,2.23,2.23,0,0
PEM_PB,D,20190222,000000,2.27,2.27,2.25,2.25,0,0
PEM_PB,D,20190225,000000,2.27,2.27,2.21,2.21,0,0
PEM_PB,D,20190226,000000,2.26,2.26,2.18,2.18,0,0
PEM_PB,D,20190227,000000,2.24,2.24,2.14,2.19,0,0
PEM_PB,D,20190228,000000,2.19,2.21,2.19,2.21,0,0
PEM_PB,D,20190301,000000,2.14,2.17,2.12,2.13,0,0
PEM_PB,D,20190304,000000,2.11,2.16,2.06,2.16,0,0
PEM_PB,D,20190305,000000,2.15,2.15,2.15,2.15,0,0
PEM_PB,D,20190306,000000,2.15,2.15,2.12,2.15,0,0
PEM_PB,D,20190307,000000,2.15,2.15,2.14,2.14,0,0
PEM_PB,D,20190308,000000,2.14,2.14,2.14,2.14,0,0
PEM_PB,D,20190311,000000,2.14,2.14,2.14,2.14,0,0
PEM_PB,D,20190312,000000,2.14,2.28,2.14,2.28,0,0
PEM_PB,D,20190313,000000,2.28,2.28,2.19,2.21,0,0
PEM_PB,D,20190314,000000,2.21,2.21,2.18,2.21,0,0
PEM_PB,D,20190315,000000,2.21,2.21,2.21,2.21,0,0
PEM_PB,D,20190318,000000,2.21,2.21,2.16,2.16,0,0
PEM_PB,D,20190319,000000,2.2,2.2,2.2,2.2,0,0
PEM_PB,D,20190320,000000,2.2,2.2,2.2,2.2,0,0
PEM_PB,D,20190321,000000,2.2,2.2,2.2,2.2,0,0
PEM_PB,D,20190322,000000,2.2,2.2,2.2,2.2,0,0
PEM_PB,D,20190325,000000,2.2,2.2,2.13,2.13,0,0
PEM_PB,D,20190326,000000,2.19,2.19,2.14,2.14,0,0
PEM_PB,D,20190327,000000,2.19,2.19,2.19,2.19,0,0
PEM_PB,D,20190328,000000,2.18,2.19,2.18,2.19,0,0
PEM_PB,D,20190329,000000,2.19,2.19,2.19,2.19,0,0
PEM_PB,D,20190401,000000,2.18,2.22,2.15,2.15,0,0
PEM_PB,D,20190402,000000,2.18,2.18,2.15,2.15,0,0
PEM_PB,D,20190403,000000,2.15,2.15,2.09,2.12,0,0
PEM_PB,D,20190404,000000,2.12,2.12,1.98,1.98,0,0
PEM_PB,D,20190405,000000,1.98,2.02,1.98,2.02,0,0
PEM_PB,D,20190408,000000,2.03,2.03,2.02,2.03,0,0
PEM_PB,D,20190409,000000,2.03,2.03,2.03,2.03,0,0
PEM_PB,D,20190410,000000,2.06,2.06,2.04,2.04,0,0
PEM_PB,D,20190411,000000,2.06,2.06,2.05,2.05,0,0
PEM_PB,D,20190412,000000,2.05,2.05,2.05,2.05,0,0
PEM_PB,D,20190415,000000,2.03,2.03,1.95,1.98,0,0
PEM_PB,D,20190416,000000,1.99,2.01,1.94,1.94,0,0
PEM_PB,D,20190417,000000,1.96,1.96,1.94,1.94,0,0
PEM_PB,D,20190418,000000,1.93,1.94,1.82,1.82,0,0
PEM_PB,D,20190423,000000,1.79,1.79,1.57,1.58,0,0
PEM_PB,D,20190424,000000,1.59,1.59,1.56,1.56,0,0
PEM_PB,D,20190425,000000,1.57,1.57,1.47,1.47,0,0
PEM_PB,D,20190426,000000,1.52,1.52,1.44,1.48,0,0
PEM_PB,D,20190429,000000,1.49,1.49,1.42,1.43,0,0
PEM_PB,D,20190430,000000,1.43,1.43,1.35,1.37,0,0
PEM_PB,D,20190502,000000,1.37,1.45,1.37,1.45,0,0
PEM_PB,D,20190506,000000,1.45,1.45,1.38,1.42,0,0
PEM_PB,D,20190507,000000,1.45,1.45,1.42,1.42,0,0
PEM_PB,D,20190508,000000,1.45,1.45,1.39,1.39,0,0
PEM_PB,D,20190509,000000,1.45,1.45,1.37,1.38,0,0
PEM_PB,D,20190510,000000,1.4,1.4,1.37,1.37,0,0
PEM_PB,D,20190513,000000,1.38,1.38,1.31,1.31,0,0
PEM_PB,D,20190514,000000,1.31,1.31,1.29,1.29,0,0
PEM_PB,D,20190515,000000,1.31,1.31,1.21,1.25,0,0
PEM_PB,D,20190516,000000,1.25,1.25,1.23,1.23,0,0
PEM_PB,D,20190517,000000,1.2,1.2,1.08,1.15,0,0
PEM_PB,D,20190520,000000,1.17,1.17,1.11,1.16,0,0
PEM_PB,D,20190521,000000,1.2,1.2,1.2,1.2,0,0
PEM_PB,D,20190522,000000,1.2,1.21,1.16,1.2,0,0
PEM_PB,D,20190523,000000,1.2,1.2,1.19,1.2,0,0
PEM_PB,D,20190524,000000,1.2,1.2,1.12,1.12,0,0
PEM_PB,D,20190527,000000,1.16,1.16,1.12,1.12,0,0
PEM_PB,D,20190528,000000,1.17,1.17,1.16,1.16,0,0
PEM_PB,D,20190529,000000,1.17,1.17,1.16,1.16,0,0
PEM_PB,D,20190530,000000,1.17,1.17,1.13,1.13,0,0
PEM_PB,D,20190531,000000,1.15,1.15,1.13,1.13,0,0
PEM_PB,D,20190603,000000,1.12,1.12,1.08,1.11,0,0
PEM_PB,D,20190604,000000,1.08,1.08,0.99,1.02,0,0
PEM_PB,D,20190605,000000,1.03,1.03,1.01,1.03,0,0
PEM_PB,D,20190606,000000,1.03,1.03,1.03,1.03,0,0
PEM_PB,D,20190607,000000,1.03,1.03,1.03,1.03,0,0
PEM_PB,D,20190610,000000,1.03,1.03,1.03,1.03,0,0
PEM_PB,D,20190611,000000,1.03,1.06,1.03,1.06,0,0
PEM_PB,D,20190612,000000,1.06,1.06,1.06,1.06,0,0
PEM_PB,D,20190613,000000,1.06,1.07,1.01,1.07,0,0
PEM_PB,D,20190614,000000,1.07,1.07,1.01,1.01,0,0
PEM_PB,D,20190617,000000,1.03,1.03,0.93,0.94,0,0
PEM_PB,D,20190618,000000,0.97,0.97,0.91,0.93,0,0
PEM_PB,D,20190619,000000,0.93,0.93,0.91,0.91,0,0
PEM_PB,D,20190621,000000,0.91,0.91,0.88,0.88,0,0
PEM_PB,D,20190624,000000,0.9,0.9,0.85,0.86,0,0
PEM_PB,D,20190625,000000,0.88,0.9,0.83,0.83,0,0
PEM_PB,D,20190626,000000,0.82,0.83,0.82,0.83,0,0
PEM_PB,D,20190627,000000,0.84,0.84,0.84,0.84,0,0
PEM_PB,D,20190628,000000,0.86,0.88,0.83,0.83,0,0
PEM_PB,D,20190701,000000,0.84,0.84,0.82,0.82,0,0
PEM_PB,D,20190702,000000,0.84,0.86,0.84,0.86,0,0
PEM_PB,D,20190703,000000,0.87,0.92,0.87,0.89,0,0
PEM_PB,D,20190704,000000,0.9,0.91,0.84,0.84,0,0
PEM_PB,D,20190705,000000,0.84,0.84,0.83,0.84,0,0
PEM_PB,D,20190708,000000,0.85,0.85,0.85,0.85,0,0
PEM_PB,D,20190709,000000,0.85,0.85,0.85,0.85,0,0
PEM_PB,D,20190710,000000,0.85,0.85,0.83,0.83,0,0
PEM_PB,D,20190711,000000,0.83,0.83,0.82,0.82,0,0
PEM_PB,D,20190712,000000,0.82,0.82,0.8,0.81,0,0
PEM_PB,D,20190715,000000,0.81,0.81,0.78,0.79,0,0
PEM_PB,D,20190716,000000,0.79,0.84,0.79,0.8,0,0
PEM_PB,D,20190717,000000,0.8,0.81,0.79,0.79,0,0
PEM_PB,D,20190718,000000,0.81,0.81,0.76,0.79,0,0
PEM_PB,D,20190719,000000,0.8,0.8,0.8,0.8,0,0
PEM_PB,D,20190722,000000,0.81,0.84,0.8,0.8,0,0
PEM_PB,D,20190723,000000,0.81,0.81,0.78,0.79,0,0
PEM_PB,D,20190724,000000,0.79,0.79,0.77,0.77,0,0
PEM_PB,D,20190725,000000,0.76,0.77,0.75,0.75,0,0
PEM_PB,D,20190726,000000,0.76,0.76,0.7,0.73,0,0
PEM_PB,D,20190729,000000,0.72,0.73,0.72,0.72,0,0
PEM_PB,D,20190730,000000,0.73,0.73,0.72,0.72,0,0
PEM_PB,D,20190731,000000,0.73,0.73,0.73,0.73,0,0
PEM_PB,D,20190801,000000,0.72,0.72,0.72,0.72,0,0
PEM_PB,D,20190802,000000,0.72,0.72,0.72,0.72,0,0
PEM_PB,D,20190805,000000,0.72,0.72,0.71,0.71,0,0
PEM_PB,D,20190806,000000,0.72,0.74,0.72,0.72,0,0
PEM_PB,D,20190807,000000,0.75,0.75,0.71,0.71,0,0
PEM_PB,D,20190808,000000,0.72,0.73,0.72,0.73,0,0
PEM_PB,D,20190809,000000,0.74,0.97,0.74,0.97,0,0
PEM_PB,D,20190812,000000,1.01,1.08,0.88,0.88,0,0
PEM_PB,D,20190813,000000,0.9,1.06,0.88,1.06,0,0
PEM_PB,D,20190814,000000,1.06,1.16,1.06,1.1,0,0
PEM_PB,D,20190816,000000,1.11,1.16,1.09,1.1,0,0
PEM_PB,D,20190819,000000,1.09,1.32,1.09,1.17,0,0
PEM_PB,D,20190820,000000,1.19,1.2,1.18,1.18,0,0
PEM_PB,D,20190821,000000,1.21,1.21,1.11,1.17,0,0
PEM_PB,D,20190822,000000,1.18,1.18,1.07,1.08,0,0
PEM_PB,D,20190823,000000,1.08,1.14,1.03,1.14,0,0
PEM_PB,D,20190826,000000,1.14,1.14,1.04,1.09,0,0
PEM_PB,D,20190827,000000,1.09,1.09,0.98,1,0,0
PEM_PB,D,20190828,000000,0.99,1.01,0.95,0.95,0,0
PEM_PB,D,20190829,000000,0.97,0.98,0.92,0.95,0,0
PEM_PB,D,20190830,000000,0.99,0.99,0.95,0.99,0,0
PEM_PB,D,20190902,000000,0.99,1.07,0.97,1.07,0,0
PEM_PB,D,20190903,000000,1.07,1.07,0.99,0.99,0,0
PEM_PB,D,20190904,000000,0.97,1.03,0.97,1.03,0,0
PEM_PB,D,20190905,000000,0.99,1.02,0.99,1.01,0,0
PEM_PB,D,20190906,000000,1.11,1.11,0.96,0.96,0,0
PEM_PB,D,20190909,000000,0.96,0.97,0.95,0.96,0,0
PEM_PB,D,20190910,000000,0.94,0.96,0.92,0.96,0,0
PEM_PB,D,20190911,000000,0.96,1.02,0.96,0.97,0,0
PEM_PB,D,20190912,000000,0.99,0.99,0.99,0.99,0,0
PEM_PB,D,20190913,000000,0.97,0.97,0.95,0.95,0,0
PEM_PB,D,20190916,000000,0.95,0.99,0.95,0.97,0,0
PEM_PB,D,20190917,000000,0.98,0.98,0.97,0.97,0,0
PEM_PB,D,20190918,000000,0.98,0.98,0.94,0.95,0,0
PEM_PB,D,20190919,000000,0.97,0.97,0.95,0.95,0,0
PEM_PB,D,20190920,000000,0.95,0.95,0.93,0.93,0,0
PEM_PB,D,20190923,000000,0.95,0.95,0.91,0.91,0,0
PEM_PB,D,20190924,000000,0.91,0.92,0.82,0.88,0,0
PEM_PB,D,20190925,000000,0.9,0.92,0.88,0.92,0,0
PEM_PB,D,20190926,000000,0.93,0.93,0.92,0.92,0,0
PEM_PB,D,20190927,000000,0.94,0.94,0.91,0.93,0,0
PEM_PB,D,20190930,000000,0.93,0.93,0.84,0.87,0,0
PEM_PB,D,20191001,000000,0.88,0.88,0.86,0.87,0,0
PEM_PB,D,20191002,000000,0.88,0.88,0.82,0.82,0,0
PEM_PB,D,20191003,000000,0.85,0.85,0.82,0.84,0,0
PEM_PB,D,20191004,000000,0.85,0.85,0.84,0.85,0,0
PEM_PB,D,20191007,000000,0.84,0.85,0.81,0.82,0,0
PEM_PB,D,20191008,000000,0.82,0.82,0.79,0.82,0,0
PEM_PB,D,20191009,000000,0.82,0.82,0.79,0.81,0,0
PEM_PB,D,20191010,000000,0.81,0.81,0.81,0.81,0,0
PEM_PB,D,20191011,000000,0.81,0.81,0.81,0.81,0,0
PEM_PB,D,20191014,000000,0.82,0.85,0.81,0.85,0,0
PEM_PB,D,20191015,000000,0.85,0.85,0.82,0.82,0,0
PEM_PB,D,20191016,000000,0.85,0.85,0.85,0.85,0,0
PEM_PB,D,20191017,000000,0.85,0.85,0.8,0.81,0,0
PEM_PB,D,20191018,000000,0.81,0.81,0.78,0.81,0,0
PEM_PB,D,20191021,000000,0.81,0.81,0.77,0.77,0,0
PEM_PB,D,20191022,000000,0.77,0.79,0.75,0.79,0,0
PEM_PB,D,20191023,000000,0.79,0.79,0.75,0.77,0,0
PEM_PB,D,20191024,000000,0.78,0.78,0.77,0.78,0,0
PEM_PB,D,20191025,000000,0.78,0.8,0.78,0.8,0,0
PEM_PB,D,20191028,000000,0.8,0.8,0.77,0.8,0,0
PEM_PB,D,20191029,000000,0.8,0.81,0.8,0.81,0,0
PEM_PB,D,20191030,000000,0.82,0.82,0.78,0.8,0,0
PEM_PB,D,20191031,000000,0.8,0.8,0.78,0.78,0,0
PEM_PB,D,20191104,000000,0.8,0.8,0.79,0.8,0,0
PEM_PB,D,20191105,000000,0.8,0.8,0.8,0.8,0,0
PEM_PB,D,20191106,000000,0.8,0.8,0.76,0.78,0,0
PEM_PB,D,20191107,000000,0.79,0.79,0.79,0.79,0,0
PEM_PB,D,20191108,000000,0.79,0.79,0.79,0.79,0,0
PEM_PB,D,20191112,000000,0.79,0.79,0.79,0.79,0,0
PEM_PB,D,20191113,000000,0.74,0.79,0.74,0.78,0,0
PEM_PB,D,20191114,000000,0.79,0.79,0.74,0.77,0,0
PEM_PB,D,20191115,000000,0.77,0.77,0.75,0.76,0,0
PEM_PB,D,20191118,000000,0.76,0.76,0.75,0.76,0,0
PEM_PB,D,20191119,000000,0.76,0.77,0.75,0.77,0,0
PEM_PB,D,20191120,000000,0.77,0.79,0.77,0.79,0,0
PEM_PB,D,20191121,000000,0.79,0.79,0.76,0.76,0,0
PEM_PB,D,20191122,000000,0.77,0.77,0.76,0.76,0,0
PEM_PB,D,20191125,000000,0.76,0.76,0.75,0.76,0,0
PEM_PB,D,20191126,000000,0.77,0.77,0.7,0.71,0,0
PEM_PB,D,20191127,000000,0.73,0.73,0.73,0.73,0,0
PEM_PB,D,20191128,000000,0.73,0.73,0.71,0.72,0,0
PEM_PB,D,20191129,000000,0.73,0.73,0.72,0.73,0,0
PEM_PB,D,20191202,000000,0.73,0.73,0.71,0.71,0,0
PEM_PB,D,20191203,000000,0.71,0.71,0.71,0.71,0,0
PEM_PB,D,20191204,000000,0.72,0.72,0.72,0.72,0,0
PEM_PB,D,20191205,000000,0.73,0.73,0.73,0.73,0,0
PEM_PB,D,20191206,000000,0.73,0.8,0.73,0.8,0,0
PEM_PB,D,20191209,000000,0.81,0.88,0.76,0.88,0,0
PEM_PB,D,20191210,000000,0.91,0.91,0.87,0.87,0,0
PEM_PB,D,20191211,000000,0.88,0.88,0.82,0.83,0,0
PEM_PB,D,20191212,000000,0.84,0.84,0.81,0.83,0,0
PEM_PB,D,20191213,000000,0.84,0.84,0.82,0.83,0,0
PEM_PB,D,20191216,000000,0.83,0.85,0.83,0.85,0,0
PEM_PB,D,20191217,000000,0.85,0.85,0.81,0.81,0,0
PEM_PB,D,20191218,000000,0.83,0.83,0.75,0.75,0,0
PEM_PB,D,20191219,000000,0.76,0.76,0.75,0.76,0,0
PEM_PB,D,20191220,000000,0.76,0.76,0.74,0.75,0,0
PEM_PB,D,20191223,000000,0.75,0.76,0.72,0.76,0,0
PEM_PB,D,20191227,000000,0.75,0.77,0.75,0.77,0,0
PEM_PB,D,20191230,000000,0.76,0.76,0.74,0.75,0,0
PEM_PB,D,20200102,000000,0.77,0.82,0.75,0.78,0,0
PEM_PB,D,20200103,000000,0.79,0.8,0.76,0.77,0,0
PEM_PB,D,20200107,000000,0.76,0.78,0.76,0.78,0,0
PEM_PB,D,20200108,000000,0.8,0.8,0.76,0.78,0,0
PEM_PB,D,20200109,000000,0.82,0.83,0.79,0.79,0,0
PEM_PB,D,20200110,000000,0.81,0.81,0.78,0.79,0,0
PEM_PB,D,20200113,000000,0.82,0.82,0.78,0.79,0,0
PEM_PB,D,20200114,000000,0.8,0.81,0.79,0.79,0,0
PEM_PB,D,20200115,000000,0.8,0.8,0.79,0.79,0,0
PEM_PB,D,20200116,000000,0.8,0.8,0.79,0.8,0,0
PEM_PB,D,20200117,000000,0.8,0.83,0.79,0.79,0,0
PEM_PB,D,20200120,000000,0.82,0.9,0.82,0.9,0,0
PEM_PB,D,20200121,000000,0.91,0.93,0.87,0.89,0,0
PEM_PB,D,20200122,000000,0.9,0.93,0.88,0.91,0,0
PEM_PB,D,20200123,000000,0.91,0.91,0.87,0.9,0,0
PEM_PB,D,20200124,000000,0.91,0.91,0.84,0.84,0,0
PEM_PB,D,20200127,000000,0.86,0.86,0.82,0.84,0,0
PEM_PB,D,20200128,000000,0.84,0.84,0.82,0.84,0,0
PEM_PB,D,20200129,000000,0.85,0.85,0.84,0.85,0,0
PEM_PB,D,20200130,000000,0.85,0.85,0.84,0.84,0,0
PEM_PB,D,20200131,000000,0.84,0.84,0.84,0.84,0,0
PEM_PB,D,20200203,000000,0.83,0.83,0.82,0.83,0,0
PEM_PB,D,20200204,000000,0.83,0.85,0.82,0.82,0,0
PEM_PB,D,20200205,000000,0.85,0.9,0.82,0.88,0,0
PEM_PB,D,20200206,000000,0.9,0.9,0.86,0.86,0,0
PEM_PB,D,20200207,000000,0.88,0.88,0.85,0.85,0,0
PEM_PB,D,20200210,000000,0.85,0.85,0.83,0.84,0,0
PEM_PB,D,20200211,000000,0.85,0.85,0.81,0.81,0,0
PEM_PB,D,20200212,000000,0.84,0.84,0.77,0.79,0,0
PEM_PB,D,20200213,000000,0.8,0.8,0.76,0.76,0,0
PEM_PB,D,20200214,000000,0.76,0.8,0.76,0.79,0,0
PEM_PB,D,20200217,000000,0.8,0.81,0.78,0.78,0,0
PEM_PB,D,20200218,000000,0.81,0.81,0.81,0.81,0,0
PEM_PB,D,20200219,000000,0.81,0.81,0.78,0.81,0,0
PEM_PB,D,20200220,000000,0.81,0.81,0.81,0.81,0,0
PEM_PB,D,20200221,000000,0.81,0.82,0.78,0.82,0,0
PEM_PB,D,20200224,000000,0.82,0.82,0.79,0.82,0,0
PEM_PB,D,20200225,000000,0.82,0.82,0.78,0.78,0,0
PEM_PB,D,20200226,000000,0.82,0.83,0.78,0.83,0,0
PEM_PB,D,20200227,000000,0.85,0.85,0.78,0.81,0,0
PEM_PB,D,20200228,000000,0.78,0.8,0.7,0.75,0,0
PEM_PB,D,20200302,000000,0.73,0.74,0.73,0.74,0,0
PEM_PB,D,20200303,000000,0.75,0.77,0.75,0.77,0,0
PEM_PB,D,20200304,000000,0.79,0.79,0.75,0.79,0,0
PEM_PB,D,20200305,000000,0.8,0.8,0.75,0.79,0,0
PEM_PB,D,20200306,000000,0.8,0.8,0.73,0.73,0,0
PEM_PB,D,20200309,000000,0.74,0.74,0.68,0.69,0,0
PEM_PB,D,20200310,000000,0.7,0.72,0.69,0.69,0,0
PEM_PB,D,20200311,000000,0.72,0.72,0.68,0.68,0,0
PEM_PB,D,20200312,000000,0.63,0.65,0.57,0.58,0,0
PEM_PB,D,20200313,000000,0.54,0.6,0.54,0.6,0,0
PEM_PB,D,20200316,000000,0.6,0.6,0.57,0.59,0,0
PEM_PB,D,20200317,000000,0.61,0.61,0.55,0.57,0,0
PEM_PB,D,20200318,000000,0.57,0.57,0.56,0.56,0,0
PEM_PB,D,20200319,000000,0.56,0.56,0.5,0.53,0,0
PEM_PB,D,20200320,000000,0.53,0.54,0.52,0.54,0,0
PEM_PB,D,20200323,000000,0.53,0.53,0.52,0.53,0,0
PEM_PB,D,20200324,000000,0.53,0.54,0.46,0.46,0,0
PEM_PB,D,20200325,000000,0.5,0.52,0.46,0.52,0,0
PEM_PB,D,20200326,000000,0.53,0.57,0.48,0.57,0,0
PEM_PB,D,20200327,000000,0.59,0.59,0.56,0.56,0,0
PEM_PB,D,20200330,000000,0.68,0.68,0.56,0.62,0,0
PEM_PB,D,20200331,000000,0.68,0.68,0.62,0.68,0,0
PEM_PB,D,20200401,000000,0.69,0.69,0.69,0.69,0,0
PEM_PB,D,20200402,000000,0.68,0.69,0.68,0.69,0,0
PEM_PB,D,20200403,000000,0.68,0.68,0.62,0.68,0,0
PEM_PB,D,20200406,000000,0.68,0.68,0.63,0.63,0,0
PEM_PB,D,20200407,000000,0.67,0.68,0.65,0.66,0,0
PEM_PB,D,20200408,000000,0.68,0.68,0.63,0.63,0,0
PEM_PB,D,20200409,000000,0.63,0.67,0.61,0.61,0,0
PEM_PB,D,20200414,000000,0.63,0.66,0.63,0.66,0,0
PEM_PB,D,20200415,000000,0.68,0.74,0.65,0.7,0,0
PEM_PB,D,20200416,000000,0.74,0.74,0.69,0.72,0,0
PEM_PB,D,20200417,000000,0.71,0.71,0.67,0.71,0,0
PEM_PB,D,20200420,000000,0.71,0.71,0.71,0.71,0,0
PEM_PB,D,20200421,000000,0.71,0.71,0.64,0.69,0,0
PEM_PB,D,20200422,000000,0.69,0.69,0.69,0.69,0,0
PEM_PB,D,20200423,000000,0.69,0.69,0.64,0.68,0,0
PEM_PB,D,20200424,000000,0.68,0.68,0.64,0.64,0,0
PEM_PB,D,20200427,000000,0.64,0.64,0.62,0.64,0,0
PEM_PB,D,20200428,000000,0.65,0.69,0.6,0.6,0,0
PEM_PB,D,20200429,000000,0.6,0.6,0.57,0.6,0,0
PEM_PB,D,20200430,000000,0.6,0.6,0.57,0.6,0,0
PEM_PB,D,20200504,000000,0.61,0.61,0.58,0.58,0,0
PEM_PB,D,20200505,000000,0.57,0.61,0.57,0.61,0,0
PEM_PB,D,20200506,000000,0.6,0.6,0.6,0.6,0,0
PEM_PB,D,20200507,000000,0.6,0.6,0.58,0.58,0,0
PEM_PB,D,20200508,000000,0.6,0.6,0.6,0.6,0,0
PEM_PB,D,20200511,000000,0.6,0.6,0.57,0.57,0,0
PEM_PB,D,20200512,000000,0.59,0.59,0.57,0.57,0,0
PEM_PB,D,20200513,000000,0.57,0.57,0.57,0.57,0,0
PEM_PB,D,20200514,000000,0.57,0.59,0.56,0.57,0,0
PEM_PB,D,20200515,000000,0.57,0.6,0.55,0.6,0,0
PEM_PB,D,20200518,000000,0.6,0.6,0.56,0.6,0,0
PEM_PB,D,20200519,000000,0.6,0.67,0.6,0.67,0,0
PEM_PB,D,20200520,000000,0.67,0.67,0.61,0.67,0,0
PEM_PB,D,20200521,000000,0.67,0.67,0.62,0.67,0,0
PEM_PB,D,20200522,000000,0.67,0.67,0.63,0.64,0,0
PEM_PB,D,20200525,000000,0.67,0.67,0.67,0.67,0,0
PEM_PB,D,20200526,000000,0.67,0.69,0.64,0.65,0,0
PEM_PB,D,20200527,000000,0.69,0.69,0.65,0.69,0,0
PEM_PB,D,20200528,000000,0.7,0.73,0.65,0.73,0,0
PEM_PB,D,20200529,000000,0.73,0.73,0.7,0.73,0,0
PEM_PB,D,20200601,000000,0.73,0.73,0.73,0.73,0,0
PEM_PB,D,20200602,000000,0.73,0.73,0.73,0.73,0,0
PEM_PB,D,20200603,000000,0.73,0.76,0.69,0.76,0,0
PEM_PB,D,20200604,000000,0.78,0.78,0.66,0.69,0,0
PEM_PB,D,20200605,000000,0.78,0.78,0.7,0.71,0,0
PEM_PB,D,20200608,000000,0.71,0.71,0.66,0.66,0,0
PEM_PB,D,20200609,000000,0.71,0.78,0.71,0.74,0,0
PEM_PB,D,20200610,000000,0.74,0.75,0.73,0.75,0,0
PEM_PB,D,20200612,000000,0.73,0.74,0.73,0.74,0,0
PEM_PB,D,20200615,000000,0.75,0.75,0.75,0.75,0,0
PEM_PB,D,20200616,000000,0.75,0.75,0.69,0.73,0,0
PEM_PB,D,20200617,000000,0.74,0.74,0.73,0.73,0,0
PEM_PB,D,20200618,000000,0.74,0.74,0.69,0.69,0,0
PEM_PB,D,20200619,000000,0.74,0.74,0.71,0.74,0,0
PEM_PB,D,20200622,000000,0.74,0.74,0.72,0.73,0,0
PEM_PB,D,20200623,000000,0.73,0.8,0.73,0.74,0,0
PEM_PB,D,20200624,000000,0.79,0.79,0.79,0.79,0,0
PEM_PB,D,20200625,000000,0.75,0.82,0.75,0.82,0,0
PEM_PB,D,20200626,000000,0.81,0.83,0.75,0.83,0,0
PEM_PB,D,20200629,000000,0.83,0.83,0.81,0.83,0,0
PEM_PB,D,20200630,000000,0.83,0.89,0.83,0.89,0,0
PEM_PB,D,20200701,000000,0.9,0.96,0.9,0.93,0,0
PEM_PB,D,20200702,000000,0.93,0.93,0.88,0.92,0,0
PEM_PB,D,20200703,000000,0.93,0.93,0.8,0.8,0,0
PEM_PB,D,20200706,000000,0.73,0.78,0.73,0.75,0,0
PEM_PB,D,20200707,000000,0.73,0.78,0.73,0.78,0,0
PEM_PB,D,20200708,000000,0.79,0.8,0.79,0.8,0,0
PEM_PB,D,20200709,000000,0.83,0.83,0.83,0.83,0,0
PEM_PB,D,20200710,000000,0.86,0.9,0.86,0.9,0,0
PEM_PB,D,20200713,000000,0.91,0.96,0.87,0.96,0,0
PEM_PB,D,20200714,000000,0.95,0.96,0.93,0.96,0,0
PEM_PB,D,20200715,000000,0.96,0.96,0.93,0.93,0,0
PEM_PB,D,20200716,000000,0.96,0.96,0.89,0.9,0,0
PEM_PB,D,20200717,000000,0.89,0.89,0.89,0.89,0,0
PEM_PB,D,20200720,000000,0.91,0.91,0.91,0.91,0,0
PEM_PB,D,20200721,000000,0.89,0.92,0.89,0.89,0,0
PEM_PB,D,20200722,000000,0.91,0.93,0.9,0.93,0,0
PEM_PB,D,20200723,000000,0.95,1.04,0.95,1,0,0
PEM_PB,D,20200724,000000,0.99,0.99,0.96,0.99,0,0
PEM_PB,D,20200727,000000,0.99,0.99,0.92,0.97,0,0
PEM_PB,D,20200728,000000,0.97,0.97,0.93,0.93,0,0
PEM_PB,D,20200729,000000,0.96,0.96,0.89,0.92,0,0
PEM_PB,D,20200730,000000,0.92,0.92,0.84,0.87,0,0
PEM_PB,D,20200731,000000,0.87,0.87,0.82,0.82,0,0
PEM_PB,D,20200803,000000,0.81,0.87,0.81,0.87,0,0
PEM_PB,D,20200804,000000,0.87,0.87,0.82,0.82,0,0
PEM_PB,D,20200805,000000,0.85,0.87,0.83,0.83,0,0
PEM_PB,D,20200806,000000,0.85,0.88,0.84,0.87,0,0
PEM_PB,D,20200807,000000,0.87,0.87,0.84,0.85,0,0
PEM_PB,D,20200810,000000,0.87,0.87,0.87,0.87,0,0
PEM_PB,D,20200811,000000,0.87,0.87,0.84,0.86,0,0
PEM_PB,D,20200812,000000,0.88,0.88,0.84,0.84,0,0
PEM_PB,D,20200813,000000,0.84,0.84,0.83,0.83,0,0
PEM_PB,D,20200814,000000,0.86,0.86,0.82,0.82,0,0
PEM_PB,D,20200817,000000,0.83,0.83,0.8,0.8,0,0
PEM_PB,D,20200818,000000,0.83,0.83,0.79,0.79,0,0
PEM_PB,D,20200819,000000,0.83,0.83,0.76,0.79,0,0
PEM_PB,D,20200820,000000,0.83,0.83,0.77,0.77,0,0
PEM_PB,D,20200821,000000,0.82,0.82,0.82,0.82,0,0
PEM_PB,D,20200824,000000,0.82,0.82,0.82,0.82,0,0
PEM_PB,D,20200825,000000,0.82,0.82,0.78,0.78,0,0
PEM_PB,D,20200826,000000,0.82,0.82,0.77,0.81,0,0
PEM_PB,D,20200827,000000,0.82,0.82,0.82,0.82,0,0
PEM_PB,D,20200828,000000,0.82,0.82,0.8,0.82,0,0
PEM_PB,D,20200831,000000,0.81,0.81,0.81,0.81,0,0
PEM_PB,D,20200901,000000,0.81,0.81,0.79,0.81,0,0
PEM_PB,D,20200902,000000,0.81,0.81,0.81,0.81,0,0
PEM_PB,D,20200903,000000,0.81,0.81,0.81,0.81,0,0
PEM_PB,D,20200904,000000,0.8,0.83,0.8,0.83,0,0
PEM_PB,D,20200907,000000,0.83,0.83,0.83,0.83,0,0
PEM_PB,D,20200908,000000,0.83,0.83,0.77,0.77,0,0
PEM_PB,D,20200909,000000,0.77,0.83,0.77,0.83,0,0
PEM_PB,D,20200910,000000,0.83,0.83,0.81,0.82,0,0
PEM_PB,D,20200911,000000,0.79,0.79,0.72,0.73,0,0
PEM_PB,D,20200914,000000,0.73,0.77,0.73,0.77,0,0
PEM_PB,D,20200915,000000,0.77,0.77,0.73,0.77,0,0
PEM_PB,D,20200916,000000,0.77,0.77,0.77,0.77,0,0
PEM_PB,D,20200917,000000,0.77,0.77,0.73,0.75,0,0
PEM_PB,D,20200918,000000,0.75,0.75,0.75,0.75,0,0
PEM_PB,D,20200921,000000,0.77,0.77,0.7,0.7,0,0
PEM_PB,D,20200922,000000,0.7,0.7,0.7,0.7,0,0
PEM_PB,D,20200923,000000,0.71,0.71,0.69,0.71,0,0
PEM_PB,D,20200924,000000,0.71,0.71,0.67,0.7,0,0
PEM_PB,D,20200925,000000,0.71,0.71,0.67,0.7,0,0
PEM_PB,D,20200928,000000,0.71,0.71,0.67,0.67,0,0
PEM_PB,D,20200929,000000,0.71,0.71,0.65,0.69,0,0
PEM_PB,D,20200930,000000,0.71,0.71,0.69,0.69,0,0
PEM_PB,D,20201001,000000,0.69,0.69,0.65,0.65,0,0
PEM_PB,D,20201002,000000,0.65,0.66,0.64,0.66,0,0
PEM_PB,D,20201005,000000,0.67,0.68,0.64,0.65,0,0
PEM_PB,D,20201006,000000,0.68,0.68,0.65,0.65,0,0
PEM_PB,D,20201007,000000,0.68,0.7,0.67,0.67,0,0
PEM_PB,D,20201008,000000,0.68,0.71,0.68,0.71,0,0
PEM_PB,D,20201009,000000,0.7,0.72,0.67,0.72,0,0
PEM_PB,D,20201012,000000,0.71,0.71,0.64,0.65,0,0
PEM_PB,D,20201013,000000,0.65,0.73,0.65,0.69,0,0
PEM_PB,D,20201014,000000,0.66,0.76,0.66,0.7,0,0
PEM_PB,D,20201015,000000,0.7,0.7,0.68,0.7,0,0
PEM_PB,D,20201016,000000,0.7,0.74,0.7,0.74,0,0
