<TICKER>,<PER>,<DATE>,<TIME>,<OPEN>,<HIGH>,<LOW>,<CLOSE>,<VOL>,<OPENINT>
PLW_PB,D,20161019,000000,17.317,17.317,17.317,17.317,0,0
PLW_PB,D,20161020,000000,17.25,17.317,16.643,17.317,0,0
PLW_PB,D,20161021,000000,17.003,17.317,16.994,17.297,0,0
PLW_PB,D,20161024,000000,17.317,18.351,17.297,18.161,0,0
PLW_PB,D,20161025,000000,18.18,18.18,17.753,18.075,0,0
PLW_PB,D,20161026,000000,18.009,18.009,17.487,17.487,0,0
PLW_PB,D,20161027,000000,17.658,17.658,17.145,17.658,0,0
PLW_PB,D,20161028,000000,17.354,17.591,17.354,17.591,0,0
PLW_PB,D,20161031,000000,17.317,18,17.317,18,0,0
PLW_PB,D,20161102,000000,18,18.009,17.611,17.972,0,0
PLW_PB,D,20161103,000000,17.972,17.972,17.611,17.839,0,0
PLW_PB,D,20161104,000000,17.8,17.8,17.402,17.658,0,0
PLW_PB,D,20161107,000000,17.658,17.658,17.487,17.648,0,0
PLW_PB,D,20161108,000000,17.648,17.648,17.412,17.526,0,0
PLW_PB,D,20161109,000000,17.631,17.658,17.421,17.658,0,0
PLW_PB,D,20161110,000000,17.658,17.658,17.25,17.554,0,0
PLW_PB,D,20161114,000000,17.658,17.658,17.631,17.631,0,0
PLW_PB,D,20161115,000000,17.621,17.621,17.25,17.487,0,0
PLW_PB,D,20161116,000000,17.487,17.487,16.975,17.487,0,0
PLW_PB,D,20161117,000000,17.631,17.631,16.9,16.9,0,0
PLW_PB,D,20161118,000000,16.966,16.966,16.282,16.282,0,0
PLW_PB,D,20161121,000000,16.245,16.245,15.637,15.922,0,0
PLW_PB,D,20161122,000000,15.637,17.222,15.637,17.222,0,0
PLW_PB,D,20161123,000000,17.222,17.222,17.127,17.202,0,0
PLW_PB,D,20161124,000000,17.222,17.222,15.998,16.947,0,0
PLW_PB,D,20161125,000000,17.222,17.905,17.222,17.895,0,0
PLW_PB,D,20161128,000000,17.895,17.895,16.159,16.159,0,0
PLW_PB,D,20161129,000000,16.168,16.785,15.855,16.719,0,0
PLW_PB,D,20161130,000000,16.719,17.24,16.367,17.231,0,0
PLW_PB,D,20161201,000000,17.231,17.231,16.472,17.231,0,0
PLW_PB,D,20161202,000000,17.231,17.231,16.681,17.212,0,0
PLW_PB,D,20161205,000000,17.212,17.212,16.738,16.738,0,0
PLW_PB,D,20161206,000000,17.222,17.222,16.662,17.108,0,0
PLW_PB,D,20161207,000000,17.108,17.108,16.681,17.089,0,0
PLW_PB,D,20161208,000000,16.681,17.06,16.681,17.06,0,0
PLW_PB,D,20161209,000000,17.089,17.089,16.671,17.06,0,0
PLW_PB,D,20161212,000000,17.06,17.079,16.671,16.671,0,0
PLW_PB,D,20161213,000000,16.671,17.222,16.671,17.06,0,0
PLW_PB,D,20161214,000000,17.127,17.127,16.89,16.89,0,0
PLW_PB,D,20161215,000000,16.89,16.89,16.681,16.89,0,0
PLW_PB,D,20161216,000000,16.89,16.89,16.302,16.548,0,0
PLW_PB,D,20161219,000000,15.96,16.814,15.941,16.681,0,0
PLW_PB,D,20161220,000000,16.168,16.719,16.168,16.539,0,0
PLW_PB,D,20161221,000000,16.539,16.539,15.893,15.893,0,0
PLW_PB,D,20161222,000000,16.367,16.367,15.865,15.865,0,0
PLW_PB,D,20161223,000000,16.026,16.026,15.855,15.941,0,0
PLW_PB,D,20161227,000000,15.96,16.292,15.732,16.292,0,0
PLW_PB,D,20161228,000000,16.197,16.197,15.732,15.988,0,0
PLW_PB,D,20161229,000000,16.263,16.89,16.197,16.719,0,0
PLW_PB,D,20161230,000000,16.548,17.108,16.548,17.108,0,0
PLW_PB,D,20170102,000000,17.155,17.155,16.424,17.051,0,0
PLW_PB,D,20170103,000000,17.155,17.155,16.197,16.197,0,0
PLW_PB,D,20170104,000000,16.539,16.539,16.197,16.197,0,0
PLW_PB,D,20170105,000000,16.197,16.491,15.855,15.855,0,0
PLW_PB,D,20170109,000000,15.855,16.026,15.855,15.865,0,0
PLW_PB,D,20170110,000000,15.865,15.884,15.647,15.855,0,0
PLW_PB,D,20170111,000000,15.855,15.855,15.647,15.675,0,0
PLW_PB,D,20170112,000000,15.818,15.818,15.334,15.608,0,0
PLW_PB,D,20170113,000000,15.818,15.818,15.343,15.514,0,0
PLW_PB,D,20170116,000000,15.343,15.485,15.163,15.343,0,0
PLW_PB,D,20170117,000000,15.352,15.352,15.058,15.078,0,0
PLW_PB,D,20170118,000000,15.078,15.135,15.03,15.135,0,0
PLW_PB,D,20170119,000000,15.163,15.163,14.821,15.078,0,0
PLW_PB,D,20170120,000000,15.163,15.163,14.821,15.125,0,0
PLW_PB,D,20170123,000000,15.163,15.163,14.821,15.125,0,0
PLW_PB,D,20170124,000000,15.182,15.182,14.821,14.992,0,0
PLW_PB,D,20170125,000000,14.831,14.992,14.831,14.859,0,0
PLW_PB,D,20170126,000000,15.2,15.334,14.869,15.334,0,0
PLW_PB,D,20170127,000000,15.334,15.334,14.926,15.048,0,0
PLW_PB,D,20170130,000000,14.869,15.447,14.869,15.438,0,0
PLW_PB,D,20170131,000000,15.438,16.851,15.438,16.216,0,0
PLW_PB,D,20170201,000000,16.197,16.539,16.197,16.529,0,0
PLW_PB,D,20170202,000000,16.548,16.643,16.406,16.548,0,0
PLW_PB,D,20170203,000000,16.548,16.548,16.367,16.367,0,0
PLW_PB,D,20170206,000000,16.367,16.539,16.367,16.539,0,0
PLW_PB,D,20170207,000000,16.539,16.539,16.491,16.491,0,0
PLW_PB,D,20170208,000000,16.539,16.539,16.454,16.519,0,0
PLW_PB,D,20170209,000000,16.529,16.851,16.339,16.785,0,0
PLW_PB,D,20170210,000000,16.548,16.785,16.548,16.548,0,0
PLW_PB,D,20170213,000000,16.548,16.918,16.548,16.89,0,0
PLW_PB,D,20170214,000000,17.013,17.013,16.615,16.748,0,0
PLW_PB,D,20170215,000000,16.89,16.966,16.558,16.966,0,0
PLW_PB,D,20170216,000000,16.966,16.966,16.586,16.918,0,0
PLW_PB,D,20170217,000000,16.89,16.89,16.558,16.586,0,0
PLW_PB,D,20170220,000000,16.956,17.013,16.89,17.013,0,0
PLW_PB,D,20170221,000000,17.013,17.402,16.719,17.288,0,0
PLW_PB,D,20170222,000000,17.288,17.459,17.06,17.27,0,0
PLW_PB,D,20170223,000000,17.402,17.402,17.165,17.231,0,0
PLW_PB,D,20170224,000000,17.231,17.231,16.994,17.231,0,0
PLW_PB,D,20170227,000000,17.631,18.265,17.631,17.942,0,0
PLW_PB,D,20170228,000000,18.123,19.736,17.924,19.3,0,0
PLW_PB,D,20170301,000000,19.822,20.258,19.509,19.727,0,0
PLW_PB,D,20170302,000000,19.992,21.605,19.992,21.301,0,0
PLW_PB,D,20170303,000000,21.89,23.094,21.406,22.269,0,0
PLW_PB,D,20170306,000000,22.336,22.336,21.605,22.214,0,0
PLW_PB,D,20170307,000000,21.301,21.492,20.03,20.333,0,0
PLW_PB,D,20170308,000000,20.315,21.027,19.47,19.641,0,0
PLW_PB,D,20170309,000000,19.992,20.505,19.47,20.325,0,0
PLW_PB,D,20170310,000000,20.638,21.368,20.069,21.301,0,0
PLW_PB,D,20170313,000000,21.605,21.71,21.577,21.701,0,0
PLW_PB,D,20170314,000000,21.605,21.728,21.301,21.672,0,0
PLW_PB,D,20170315,000000,21.605,21.785,21.198,21.785,0,0
PLW_PB,D,20170316,000000,21.785,21.785,21.558,21.71,0,0
PLW_PB,D,20170317,000000,21.539,22.062,21.539,21.71,0,0
PLW_PB,D,20170320,000000,22.013,22.365,21.919,22.127,0,0
PLW_PB,D,20170321,000000,22.221,22.573,22.165,22.269,0,0
PLW_PB,D,20170322,000000,22.365,22.516,21.71,22.231,0,0
PLW_PB,D,20170323,000000,22.44,22.488,21.89,22.231,0,0
PLW_PB,D,20170324,000000,22.403,22.412,21.643,22.062,0,0
PLW_PB,D,20170327,000000,22.062,22.062,21.198,22.052,0,0
PLW_PB,D,20170328,000000,22.062,22.062,20.855,21.985,0,0
PLW_PB,D,20170329,000000,21.957,21.957,20.855,21.331,0,0
PLW_PB,D,20170330,000000,21.331,21.331,20.703,21.264,0,0
PLW_PB,D,20170331,000000,21.738,21.738,20.713,21.084,0,0
PLW_PB,D,20170403,000000,21.71,21.71,20.333,20.333,0,0
PLW_PB,D,20170404,000000,20.647,20.676,20.333,20.666,0,0
PLW_PB,D,20170405,000000,20.505,20.676,20.164,20.676,0,0
PLW_PB,D,20170406,000000,20.686,21.017,20.514,20.989,0,0
PLW_PB,D,20170407,000000,20.98,20.98,20.571,20.676,0,0
PLW_PB,D,20170410,000000,20.686,20.686,20.097,20.676,0,0
PLW_PB,D,20170411,000000,20.164,20.666,7.5339,7.5339,0,0
PLW_PB,D,20170412,000000,7.477,7.6004,7.477,7.6004,0,0
PLW_PB,D,20170413,000000,7.6004,7.6004,7.3252,7.477,0,0
PLW_PB,D,20170418,000000,7.4106,7.5245,7.4106,7.5245,0,0
PLW_PB,D,20170419,000000,7.5339,7.5339,7.4201,7.4959,0,0
PLW_PB,D,20170420,000000,7.5339,7.9799,7.5339,7.9039,0,0
PLW_PB,D,20170421,000000,7.9039,7.9229,7.7522,7.9229,0,0
PLW_PB,D,20170424,000000,7.9229,7.9229,7.7996,7.9229,0,0
PLW_PB,D,20170425,000000,7.866,7.866,7.6857,7.8091,0,0
PLW_PB,D,20170426,000000,7.7996,7.7996,7.3441,7.4581,0,0
PLW_PB,D,20170427,000000,7.5339,7.7901,7.5339,7.7427,0,0
PLW_PB,D,20170428,000000,7.7427,7.7427,7.6004,7.7427,0,0
PLW_PB,D,20170502,000000,7.7617,7.7617,7.6004,7.7141,0,0
PLW_PB,D,20170504,000000,7.7236,7.7236,7.4106,7.6004,0,0
PLW_PB,D,20170505,000000,7.6004,7.6004,7.4106,7.4106,0,0
PLW_PB,D,20170508,000000,7.4106,7.477,7.3725,7.3725,0,0
PLW_PB,D,20170509,000000,7.3725,7.3725,6.9361,7.2113,0,0
PLW_PB,D,20170510,000000,7.0215,7.4581,7.0215,7.3441,0,0
PLW_PB,D,20170511,000000,7.3441,7.3441,7.2683,7.3441,0,0
PLW_PB,D,20170512,000000,7.3441,7.3441,6.9647,7.3441,0,0
PLW_PB,D,20170515,000000,7.2777,7.2777,7.1449,7.2683,0,0
PLW_PB,D,20170516,000000,7.2683,7.2683,6.9551,6.9551,0,0
PLW_PB,D,20170517,000000,7.1449,7.1449,6.4996,6.7559,0,0
PLW_PB,D,20170518,000000,6.8602,6.8887,6.6894,6.6894,0,0
PLW_PB,D,20170519,000000,6.6894,7.1449,6.6894,7.1449,0,0
PLW_PB,D,20170522,000000,7.1449,7.1449,7.0215,7.1449,0,0
PLW_PB,D,20170523,000000,7.1449,7.1449,7.0215,7.1449,0,0
PLW_PB,D,20170524,000000,7.1449,7.1449,7.1449,7.1449,0,0
PLW_PB,D,20170525,000000,7.1449,7.3536,7.1449,7.3536,0,0
PLW_PB,D,20170526,000000,7.3821,7.3821,6.8507,6.8507,0,0
PLW_PB,D,20170529,000000,7.107,7.1543,6.8791,7.1543,0,0
PLW_PB,D,20170530,000000,7.1543,7.3062,6.8412,7.3062,0,0
PLW_PB,D,20170531,000000,7.3062,7.4106,7.1259,7.1259,0,0
PLW_PB,D,20170601,000000,7.1259,7.4201,7.1259,7.3441,0,0
PLW_PB,D,20170602,000000,7.3821,7.3821,7.2207,7.2398,0,0
PLW_PB,D,20170605,000000,7.3441,7.477,7.3441,7.3821,0,0
PLW_PB,D,20170606,000000,7.4865,7.4865,7.2588,7.477,0,0
PLW_PB,D,20170607,000000,7.4865,7.4865,7.2588,7.4581,0,0
PLW_PB,D,20170608,000000,7.4865,7.4865,7.4675,7.4675,0,0
PLW_PB,D,20170609,000000,7.4865,7.4865,7.4865,7.4865,0,0
PLW_PB,D,20170612,000000,7.3631,7.3821,7.2207,7.2398,0,0
PLW_PB,D,20170613,000000,7.2588,7.5054,7.2588,7.3821,0,0
PLW_PB,D,20170614,000000,7.3821,7.5814,7.3062,7.5529,0,0
PLW_PB,D,20170616,000000,7.5054,7.6193,7.5054,7.5718,0,0
PLW_PB,D,20170619,000000,7.5149,7.5529,7.5054,7.5529,0,0
PLW_PB,D,20170620,000000,7.6288,7.6288,7.1923,7.1923,0,0
PLW_PB,D,20170621,000000,7.2588,7.2588,7.1923,7.2398,0,0
PLW_PB,D,20170622,000000,7.3821,7.5718,7.3157,7.439,0,0
PLW_PB,D,20170623,000000,7.5054,7.5054,7.3821,7.5054,0,0
PLW_PB,D,20170626,000000,7.5054,7.5054,7.3157,7.5054,0,0
PLW_PB,D,20170627,000000,7.5054,7.5054,7.3821,7.3821,0,0
PLW_PB,D,20170628,000000,7.439,7.5054,7.3821,7.4106,0,0
PLW_PB,D,20170629,000000,7.439,7.5054,7.3821,7.5054,0,0
PLW_PB,D,20170630,000000,7.5054,7.6288,7.439,7.6288,0,0
PLW_PB,D,20170703,000000,7.6288,7.7522,7.6288,7.7236,0,0
PLW_PB,D,20170704,000000,7.7332,7.7522,7.6383,7.7141,0,0
PLW_PB,D,20170705,000000,7.7141,7.7141,7.439,7.439,0,0
PLW_PB,D,20170706,000000,7.5718,7.5718,7.3916,7.4959,0,0
PLW_PB,D,20170707,000000,7.4959,7.6668,7.4959,7.6668,0,0
PLW_PB,D,20170710,000000,7.8186,7.8186,7.7522,7.7522,0,0
PLW_PB,D,20170711,000000,7.7522,7.7996,7.5054,7.5149,0,0
PLW_PB,D,20170712,000000,7.6288,7.6288,7.5718,7.5718,0,0
PLW_PB,D,20170713,000000,7.6288,7.6288,7.5054,7.6288,0,0
PLW_PB,D,20170714,000000,7.6288,7.6288,7.439,7.6193,0,0
PLW_PB,D,20170717,000000,7.6193,7.6288,7.4485,7.6288,0,0
PLW_PB,D,20170718,000000,7.6952,7.6952,7.5054,7.5054,0,0
PLW_PB,D,20170719,000000,7.6288,7.6668,7.5054,7.6288,0,0
PLW_PB,D,20170720,000000,7.6478,7.6478,7.6288,7.6288,0,0
PLW_PB,D,20170721,000000,7.6478,7.6668,7.3157,7.5054,0,0
PLW_PB,D,20170724,000000,7.4959,7.4959,6.7559,7.0785,0,0
PLW_PB,D,20170725,000000,7.2303,7.439,7.2207,7.3631,0,0
PLW_PB,D,20170726,000000,7.3631,7.4296,7.3157,7.3821,0,0
PLW_PB,D,20170727,000000,7.0405,7.477,7.0405,7.477,0,0
PLW_PB,D,20170728,000000,7.5909,7.5909,7.2588,7.5054,0,0
PLW_PB,D,20170731,000000,7.6288,7.6952,7.5909,7.6288,0,0
PLW_PB,D,20170801,000000,7.6572,7.6572,7.4581,7.5718,0,0
PLW_PB,D,20170802,000000,7.6952,7.6952,7.5054,7.6288,0,0
PLW_PB,D,20170803,000000,7.6288,7.6288,7.4296,7.5339,0,0
PLW_PB,D,20170804,000000,7.5529,7.5529,7.2777,7.4959,0,0
PLW_PB,D,20170807,000000,7.4959,7.4959,7.2588,7.4959,0,0
PLW_PB,D,20170808,000000,7.4959,7.4959,7.3441,7.3821,0,0
PLW_PB,D,20170809,000000,7.4865,7.4865,7.1259,7.1923,0,0
PLW_PB,D,20170810,000000,7.439,7.439,7.0785,7.2588,0,0
PLW_PB,D,20170811,000000,7.4201,7.4201,7.0025,7.2588,0,0
PLW_PB,D,20170814,000000,7.3821,7.3821,7.1259,7.2588,0,0
PLW_PB,D,20170816,000000,7.2588,7.2588,7.0025,7.2588,0,0
PLW_PB,D,20170817,000000,7.2588,7.2588,7.0215,7.1259,0,0
PLW_PB,D,20170818,000000,7.0405,7.0785,6.8791,7.0215,0,0
PLW_PB,D,20170821,000000,7.2493,7.4865,7.2398,7.3157,0,0
PLW_PB,D,20170822,000000,7.3347,7.439,7.3347,7.439,0,0
PLW_PB,D,20170823,000000,7.4865,7.4959,7.3821,7.439,0,0
PLW_PB,D,20170824,000000,7.439,7.439,7.3821,7.4201,0,0
PLW_PB,D,20170825,000000,7.439,7.439,7.4106,7.4106,0,0
PLW_PB,D,20170828,000000,7.5054,7.5054,7.3821,7.3821,0,0
PLW_PB,D,20170829,000000,7.5054,7.5054,7.439,7.4675,0,0
PLW_PB,D,20170830,000000,7.439,7.6952,7.4296,7.6952,0,0
PLW_PB,D,20170831,000000,7.7522,7.8186,7.6288,7.7522,0,0
PLW_PB,D,20170901,000000,7.7522,7.9134,7.7522,7.9134,0,0
PLW_PB,D,20170904,000000,7.8755,7.9894,7.8755,7.9799,0,0
PLW_PB,D,20170905,000000,7.9799,8.0083,7.9229,7.9894,0,0
PLW_PB,D,20170906,000000,7.9799,7.9799,7.9229,7.9229,0,0
PLW_PB,D,20170907,000000,7.942,7.942,7.7522,7.7522,0,0
PLW_PB,D,20170908,000000,7.7522,7.9324,7.7522,7.9229,0,0
PLW_PB,D,20170911,000000,7.9894,8.2835,7.9799,8.2835,0,0
PLW_PB,D,20170912,000000,8.3689,8.6061,8.3689,8.5302,0,0
PLW_PB,D,20170913,000000,8.5302,8.6061,8.5113,8.6061,0,0
PLW_PB,D,20170914,000000,8.5492,8.5492,8.255,8.5208,0,0
PLW_PB,D,20170915,000000,8.5113,8.5113,8.3215,8.4448,0,0
PLW_PB,D,20170918,000000,8.4448,9.09,8.4448,8.9477,0,0
PLW_PB,D,20170919,000000,8.8813,9.0711,8.5586,8.7105,0,0
PLW_PB,D,20170920,000000,8.8149,8.8149,8.5586,8.5586,0,0
PLW_PB,D,20170921,000000,8.6156,8.6346,8.3499,8.5018,0,0
PLW_PB,D,20170922,000000,8.5018,8.5018,8.255,8.4163,0,0
PLW_PB,D,20170925,000000,8.3595,8.3595,7.7617,7.7617,0,0
PLW_PB,D,20170926,000000,7.8755,7.8755,7.4485,7.6952,0,0
PLW_PB,D,20170927,000000,7.6383,8.1033,7.5149,7.9799,0,0
PLW_PB,D,20170928,000000,7.9799,7.9799,7.9799,7.9799,0,0
PLW_PB,D,20170929,000000,8.1222,8.1222,8.1222,8.1222,0,0
PLW_PB,D,20171002,000000,8.1222,8.1222,7.7522,7.866,0,0
PLW_PB,D,20171003,000000,7.8755,8.3026,7.8755,8.3026,0,0
PLW_PB,D,20171004,000000,8.3879,8.3879,8.1507,8.2266,0,0
PLW_PB,D,20171005,000000,8.1886,8.2361,7.9988,8.2266,0,0
PLW_PB,D,20171006,000000,8.2266,8.274,7.9515,8.2361,0,0
PLW_PB,D,20171009,000000,8.3595,8.3595,7.9704,7.9704,0,0
PLW_PB,D,20171010,000000,8.1222,8.3595,7.885,8.2076,0,0
PLW_PB,D,20171011,000000,8.2076,8.3404,8.1792,8.1792,0,0
PLW_PB,D,20171012,000000,8.1792,8.2361,7.9039,8.2361,0,0
PLW_PB,D,20171013,000000,8.2361,8.2361,8.0083,8.1222,0,0
PLW_PB,D,20171016,000000,8.2361,8.331,7.942,8.3026,0,0
PLW_PB,D,20171017,000000,8.3595,8.3595,8.1412,8.3026,0,0
PLW_PB,D,20171018,000000,8.3026,8.3026,7.942,7.9988,0,0
PLW_PB,D,20171019,000000,8.1222,8.1222,7.9324,7.9988,0,0
PLW_PB,D,20171020,000000,8.0937,8.0937,7.7901,7.9704,0,0
PLW_PB,D,20171023,000000,7.866,7.866,7.4865,7.4865,0,0
PLW_PB,D,20171024,000000,7.6478,7.6478,7.1449,7.2207,0,0
PLW_PB,D,20171025,000000,7.2398,7.4296,6.9647,7.4296,0,0
PLW_PB,D,20171026,000000,7.4296,7.5529,7.4296,7.5529,0,0
PLW_PB,D,20171027,000000,7.6288,7.6288,7.5149,7.5339,0,0
PLW_PB,D,20171030,000000,7.5149,7.5529,7.4296,7.5529,0,0
PLW_PB,D,20171031,000000,7.6668,7.7806,7.5529,7.7522,0,0
PLW_PB,D,20171102,000000,7.7806,7.7806,7.6004,7.6004,0,0
PLW_PB,D,20171103,000000,7.6099,7.6952,7.6099,7.6952,0,0
PLW_PB,D,20171106,000000,7.6952,7.6952,7.5149,7.6857,0,0
PLW_PB,D,20171107,000000,7.6383,7.6383,7.4675,7.6383,0,0
PLW_PB,D,20171108,000000,7.4675,7.6383,7.4675,7.5149,0,0
PLW_PB,D,20171109,000000,7.6193,7.6193,7.3157,7.4485,0,0
PLW_PB,D,20171110,000000,7.2683,7.5718,7.2683,7.5718,0,0
PLW_PB,D,20171113,000000,7.5149,7.5718,7.4011,7.5718,0,0
PLW_PB,D,20171114,000000,7.5718,7.5718,7.3916,7.4485,0,0
PLW_PB,D,20171115,000000,7.3916,7.5623,7.3916,7.5623,0,0
PLW_PB,D,20171116,000000,7.4581,7.5814,7.4201,7.5814,0,0
PLW_PB,D,20171117,000000,7.6383,7.8186,7.5814,7.8186,0,0
PLW_PB,D,20171120,000000,7.8755,7.8755,7.6383,7.847,0,0
PLW_PB,D,20171121,000000,7.847,7.9988,7.7522,7.9988,0,0
PLW_PB,D,20171122,000000,7.9988,8.0273,7.8755,7.9988,0,0
PLW_PB,D,20171123,000000,7.9988,8.1128,7.8755,8.1128,0,0
PLW_PB,D,20171124,000000,8.1507,8.1507,8.1222,8.1222,0,0
PLW_PB,D,20171127,000000,8.2361,8.2361,6.9647,6.9647,0,0
PLW_PB,D,20171128,000000,7.0595,7.0595,6.7559,6.9077,0,0
PLW_PB,D,20171129,000000,6.9647,6.9647,6.6704,6.7843,0,0
PLW_PB,D,20171130,000000,6.7843,6.7843,6.4996,6.6325,0,0
PLW_PB,D,20171201,000000,6.7464,6.7464,6.5281,6.5945,0,0
PLW_PB,D,20171204,000000,6.5945,6.604,6.5281,6.604,0,0
PLW_PB,D,20171205,000000,6.5945,6.6325,6.5376,6.6325,0,0
PLW_PB,D,20171206,000000,6.7369,6.7369,6.4996,6.623,0,0
PLW_PB,D,20171207,000000,6.623,6.6325,6.5472,6.623,0,0
PLW_PB,D,20171208,000000,6.623,6.6325,6.5186,6.6325,0,0
PLW_PB,D,20171211,000000,6.604,6.7274,6.604,6.6704,0,0
PLW_PB,D,20171212,000000,6.6704,6.6704,6.5756,6.6515,0,0
PLW_PB,D,20171213,000000,6.6515,6.6515,6.4522,6.4522,0,0
PLW_PB,D,20171214,000000,6.5472,6.6325,6.4617,6.5472,0,0
PLW_PB,D,20171215,000000,6.5472,6.5472,6.2909,6.2909,0,0
PLW_PB,D,20171218,000000,6.4333,6.4333,6.234,6.3478,0,0
PLW_PB,D,20171219,000000,6.3478,6.604,6.3478,6.5472,0,0
PLW_PB,D,20171220,000000,6.7085,6.7085,6.5472,6.5472,0,0
PLW_PB,D,20171221,000000,6.5472,6.5472,6.5376,6.5472,0,0
PLW_PB,D,20171222,000000,6.4996,6.5472,6.4522,6.4996,0,0
PLW_PB,D,20171227,000000,6.5472,6.8887,6.5472,6.8602,0,0
PLW_PB,D,20171228,000000,6.9551,6.9551,6.7559,6.8507,0,0
PLW_PB,D,20171229,000000,6.7654,6.8602,6.7085,6.7559,0,0
PLW_PB,D,20180103,000000,6.5756,6.6515,6.5756,6.6515,0,0
PLW_PB,D,20180104,000000,6.6515,6.6515,6.5945,6.6515,0,0
PLW_PB,D,20180105,000000,6.7559,6.7559,6.6515,6.7369,0,0
PLW_PB,D,20180108,000000,6.7369,7.012,6.7369,6.8412,0,0
PLW_PB,D,20180109,000000,6.9647,7.031,6.9647,7.031,0,0
PLW_PB,D,20180110,000000,7.069,7.1543,6.9267,7.069,0,0
PLW_PB,D,20180111,000000,7.1165,7.1354,7.031,7.031,0,0
PLW_PB,D,20180112,000000,7.1734,7.2398,7.031,7.1354,0,0
PLW_PB,D,20180115,000000,7.1354,7.2398,7.012,7.012,0,0
PLW_PB,D,20180116,000000,7.05,7.1543,7.05,7.1543,0,0
PLW_PB,D,20180117,000000,7.1543,7.1543,7.069,7.088,0,0
PLW_PB,D,20180118,000000,7.1543,7.4675,7.1543,7.4675,0,0
PLW_PB,D,20180119,000000,7.4865,7.7617,7.4865,7.6952,0,0
PLW_PB,D,20180122,000000,7.7617,8.5302,7.7617,8.5302,0,0
PLW_PB,D,20180123,000000,8.8624,9.3552,8.8433,8.9477,0,0
PLW_PB,D,20180124,000000,8.9477,9.0521,8.4828,8.6346,0,0
PLW_PB,D,20180125,000000,8.6346,8.8813,8.6346,8.7959,0,0
PLW_PB,D,20180126,000000,8.7959,8.9477,8.7959,8.9193,0,0
PLW_PB,D,20180129,000000,8.9477,9.0236,8.739,8.9477,0,0
PLW_PB,D,20180130,000000,8.9477,8.9477,8.8433,8.8433,0,0
PLW_PB,D,20180131,000000,8.7105,8.8433,8.7105,8.8433,0,0
PLW_PB,D,20180201,000000,8.739,8.9193,8.255,8.5302,0,0
PLW_PB,D,20180202,000000,8.5113,8.5302,8.3215,8.3595,0,0
PLW_PB,D,20180205,000000,8.3215,8.6346,7.942,8.6346,0,0
PLW_PB,D,20180206,000000,8.1128,8.3215,7.9704,8.1128,0,0
PLW_PB,D,20180207,000000,8.274,8.9002,8.274,8.739,0,0
PLW_PB,D,20180208,000000,8.9002,8.9193,8.7105,8.7105,0,0
PLW_PB,D,20180209,000000,8.5681,8.739,8.4828,8.7105,0,0
PLW_PB,D,20180212,000000,8.7105,8.8149,8.7105,8.7959,0,0
PLW_PB,D,20180213,000000,8.8433,9.0236,8.8433,8.9477,0,0
PLW_PB,D,20180214,000000,9.0047,9.09,8.9477,8.9477,0,0
PLW_PB,D,20180215,000000,8.9857,9.0521,8.7105,8.8149,0,0
PLW_PB,D,20180216,000000,8.8433,9.0521,8.739,8.9666,0,0
PLW_PB,D,20180219,000000,8.9002,8.9477,8.6536,8.9193,0,0
PLW_PB,D,20180220,000000,8.9002,9.2133,8.9002,9.147,0,0
PLW_PB,D,20180221,000000,9.147,9.2327,9.0521,9.147,0,0
PLW_PB,D,20180222,000000,9.147,9.2327,9.109,9.194,0,0
PLW_PB,D,20180223,000000,9.2133,9.688,9.2133,9.565,0,0
PLW_PB,D,20180226,000000,9.584,9.669,9.4032,9.4601,0,0
PLW_PB,D,20180227,000000,9.3552,9.4601,9.251,9.251,0,0
PLW_PB,D,20180228,000000,9.2985,9.4405,9.251,9.3846,0,0
PLW_PB,D,20180301,000000,9.565,9.565,9.147,9.251,0,0
PLW_PB,D,20180302,000000,9.2985,9.2985,9.0521,9.0521,0,0
PLW_PB,D,20180305,000000,9.0521,9.251,9.0521,9.128,0,0
PLW_PB,D,20180306,000000,9.1755,9.4405,9.128,9.251,0,0
PLW_PB,D,20180307,000000,9.4032,9.527,9.251,9.4886,0,0
PLW_PB,D,20180308,000000,9.545,9.545,9.3552,9.527,0,0
PLW_PB,D,20180309,000000,9.3846,9.754,9.3375,9.669,0,0
PLW_PB,D,20180312,000000,9.877,10.153,9.821,9.821,0,0
PLW_PB,D,20180313,000000,9.821,9.963,9.669,9.944,0,0
PLW_PB,D,20180314,000000,9.982,10.362,9.963,10.362,0,0
PLW_PB,D,20180315,000000,10.333,10.608,10.086,10.608,0,0
PLW_PB,D,20180316,000000,10.608,10.608,10.276,10.295,0,0
PLW_PB,D,20180319,000000,10.362,10.447,10.171,10.4,0,0
PLW_PB,D,20180320,000000,10.191,10.362,10.153,10.153,0,0
PLW_PB,D,20180321,000000,10.153,10.257,9.897,10.171,0,0
PLW_PB,D,20180322,000000,10.191,10.257,10.049,10.191,0,0
PLW_PB,D,20180323,000000,10.105,10.276,10.086,10.257,0,0
PLW_PB,D,20180326,000000,10.029,10.21,9.925,9.925,0,0
PLW_PB,D,20180327,000000,10.068,10.105,9.982,9.982,0,0
PLW_PB,D,20180328,000000,9.982,9.982,9.527,9.669,0,0
PLW_PB,D,20180329,000000,9.982,10.124,9.612,10.124,0,0
PLW_PB,D,20180403,000000,10.153,10.153,9.944,10.068,0,0
PLW_PB,D,20180404,000000,10.086,10.086,9.84,9.897,0,0
PLW_PB,D,20180405,000000,9.897,10.086,9.147,9.4032,0,0
PLW_PB,D,20180406,000000,9.507,10.4,9.4601,10.4,0,0
PLW_PB,D,20180409,000000,11.443,11.443,10.921,11.386,0,0
PLW_PB,D,20180410,000000,11.642,12.06,11.642,11.956,0,0
PLW_PB,D,20180411,000000,11.956,12.117,11.49,11.595,0,0
PLW_PB,D,20180412,000000,11.339,11.49,11.13,11.386,0,0
PLW_PB,D,20180413,000000,11.49,11.49,11.235,11.235,0,0
PLW_PB,D,20180416,000000,11.547,11.547,10.921,11.025,0,0
PLW_PB,D,20180417,000000,11.025,11.073,10.656,10.816,0,0
PLW_PB,D,20180418,000000,10.968,10.968,10.656,10.816,0,0
PLW_PB,D,20180419,000000,10.656,10.656,10.086,10.257,0,0
PLW_PB,D,20180420,000000,10.713,10.713,10.295,10.4,0,0
PLW_PB,D,20180423,000000,10.76,10.76,9.622,9.622,0,0
PLW_PB,D,20180424,000000,9.679,9.679,9.507,9.527,0,0
PLW_PB,D,20180425,000000,9.4886,9.602,9.2133,9.527,0,0
PLW_PB,D,20180426,000000,9.4699,10.02,9.4699,9.679,0,0
PLW_PB,D,20180427,000000,9.973,9.973,9.545,9.602,0,0
PLW_PB,D,20180430,000000,9.868,10.305,9.868,10.162,0,0
PLW_PB,D,20180502,000000,10.741,10.988,10.409,10.457,0,0
PLW_PB,D,20180504,000000,10.694,10.893,10.647,10.789,0,0
PLW_PB,D,20180507,000000,10.846,11.083,10.694,10.741,0,0
PLW_PB,D,20180508,000000,10.846,10.846,10.257,10.647,0,0
PLW_PB,D,20180509,000000,10.647,10.941,10.457,10.893,0,0
PLW_PB,D,20180510,000000,10.941,12.393,10.941,12.393,0,0
PLW_PB,D,20180511,000000,12.971,14.612,12.923,14.423,0,0
PLW_PB,D,20180514,000000,14.764,15.39,13.36,14.175,0,0
PLW_PB,D,20180515,000000,14.327,14.327,13.55,13.986,0,0
PLW_PB,D,20180516,000000,14.033,16.748,14.033,16.359,0,0
PLW_PB,D,20180517,000000,16.653,16.653,13.644,13.749,0,0
PLW_PB,D,20180518,000000,15.048,15.048,13.455,14.128,0,0
PLW_PB,D,20180521,000000,15.969,15.969,15.095,15.438,0,0
PLW_PB,D,20180522,000000,15.826,16.653,15.826,16.653,0,0
PLW_PB,D,20180523,000000,16.596,17.516,16.596,17.231,0,0
PLW_PB,D,20180524,000000,17.231,17.421,16.548,17.136,0,0
PLW_PB,D,20180525,000000,17.136,17.136,16.748,16.937,0,0
PLW_PB,D,20180528,000000,17.421,17.516,16.653,16.748,0,0
PLW_PB,D,20180529,000000,17.327,17.327,14.47,14.612,0,0
PLW_PB,D,20180530,000000,11.614,12.971,9.3081,9.3081,0,0
PLW_PB,D,20180601,000000,9.4699,9.4699,7.961,8.7579,0,0
PLW_PB,D,20180604,000000,8.9572,10.741,8.9572,10.741,0,0
PLW_PB,D,20180605,000000,11.225,11.5,11.101,11.225,0,0
PLW_PB,D,20180606,000000,10.902,11.025,10.191,10.741,0,0
PLW_PB,D,20180607,000000,10.826,10.826,10.39,10.627,0,0
PLW_PB,D,20180608,000000,10.465,10.465,9.745,9.792,0,0
PLW_PB,D,20180611,000000,9.792,10.105,9.0331,10.105,0,0
PLW_PB,D,20180612,000000,10.191,10.39,9.745,9.868,0,0
PLW_PB,D,20180613,000000,10.029,10.029,9.593,9.707,0,0
PLW_PB,D,20180614,000000,9.669,10.826,9.593,10.741,0,0
PLW_PB,D,20180615,000000,10.978,10.978,10.505,10.505,0,0
PLW_PB,D,20180618,000000,10.664,10.779,10.305,10.343,0,0
PLW_PB,D,20180619,000000,10.191,10.191,9.868,10.029,0,0
PLW_PB,D,20180620,000000,9.944,10.191,9.792,10.191,0,0
PLW_PB,D,20180621,000000,10.144,10.266,9.792,9.906,0,0
PLW_PB,D,20180622,000000,9.944,9.944,9.507,9.669,0,0
PLW_PB,D,20180625,000000,9.707,9.707,9.3934,9.507,0,0
PLW_PB,D,20180626,000000,9.507,9.507,9.1565,9.1565,0,0
PLW_PB,D,20180627,000000,8.9952,9.1565,8.6346,9.1565,0,0
PLW_PB,D,20180628,000000,9.1565,10.343,9.1565,9.944,0,0
PLW_PB,D,20180629,000000,10.105,10.465,10.105,10.343,0,0
PLW_PB,D,20180702,000000,10.266,10.428,9.944,10.029,0,0
PLW_PB,D,20180703,000000,10.144,10.144,9.868,10.105,0,0
PLW_PB,D,20180704,000000,10.228,10.627,10.105,10.465,0,0
PLW_PB,D,20180705,000000,10.465,10.664,10.39,10.505,0,0
PLW_PB,D,20180706,000000,10.826,10.865,10.228,10.228,0,0
PLW_PB,D,20180709,000000,10.393,10.393,9.938,10.142,0,0
PLW_PB,D,20180710,000000,10.306,10.306,9.86,10.142,0,0
PLW_PB,D,20180711,000000,10.142,10.142,9.783,10.025,0,0
PLW_PB,D,20180712,000000,9.987,10.142,9.938,10.064,0,0
PLW_PB,D,20180713,000000,10.064,10.103,9.822,9.899,0,0
PLW_PB,D,20180716,000000,9.938,10.025,9.822,9.899,0,0
PLW_PB,D,20180717,000000,9.899,11.244,9.899,11.196,0,0
PLW_PB,D,20180718,000000,11.158,11.158,10.228,10.228,0,0
PLW_PB,D,20180719,000000,10.345,10.751,10.306,10.548,0,0
PLW_PB,D,20180720,000000,10.673,10.876,10.432,10.47,0,0
PLW_PB,D,20180723,000000,11.119,11.283,10.954,11.283,0,0
PLW_PB,D,20180724,000000,11.448,12.58,11.448,12.096,0,0
PLW_PB,D,20180725,000000,12.135,12.542,12.135,12.542,0,0
PLW_PB,D,20180726,000000,12.745,12.745,12.174,12.338,0,0
PLW_PB,D,20180727,000000,12.251,13.267,12.251,13.228,0,0
PLW_PB,D,20180730,000000,13.393,14.119,13.393,13.964,0,0
PLW_PB,D,20180731,000000,14.002,14.041,13.354,13.354,0,0
PLW_PB,D,20180801,000000,13.025,13.47,12.822,13.315,0,0
PLW_PB,D,20180802,000000,13.354,13.509,13.151,13.509,0,0
PLW_PB,D,20180803,000000,13.47,13.47,12.948,13.063,0,0
PLW_PB,D,20180806,000000,12.909,13.47,12.909,13.393,0,0
PLW_PB,D,20180807,000000,13.431,13.964,13.431,13.799,0,0
PLW_PB,D,20180808,000000,13.799,13.964,13.509,13.558,0,0
PLW_PB,D,20180809,000000,13.876,13.964,13.635,13.964,0,0
PLW_PB,D,20180810,000000,13.799,13.799,13.431,13.509,0,0
PLW_PB,D,20180813,000000,13.431,13.876,13.431,13.876,0,0
PLW_PB,D,20180814,000000,13.916,13.916,13.267,13.315,0,0
PLW_PB,D,20180816,000000,12.502,13.151,12.454,13.025,0,0
PLW_PB,D,20180817,000000,13.025,13.19,12.657,13.19,0,0
PLW_PB,D,20180820,000000,13.19,13.19,12.86,12.86,0,0
PLW_PB,D,20180821,000000,13.063,13.063,12.745,13.063,0,0
PLW_PB,D,20180822,000000,13.063,13.063,12.745,12.86,0,0
PLW_PB,D,20180823,000000,12.909,12.909,12.657,12.745,0,0
PLW_PB,D,20180824,000000,12.783,12.822,12.657,12.745,0,0
PLW_PB,D,20180827,000000,12.745,12.986,12.338,12.338,0,0
PLW_PB,D,20180828,000000,12.174,12.338,12.096,12.212,0,0
PLW_PB,D,20180829,000000,12.174,12.174,11.854,12.057,0,0
PLW_PB,D,20180830,000000,11.97,12.454,11.892,12.454,0,0
PLW_PB,D,20180831,000000,12.415,12.502,11.97,12.338,0,0
PLW_PB,D,20180903,000000,12.135,12.338,11.244,11.283,0,0
PLW_PB,D,20180904,000000,11.196,11.767,11.196,11.602,0,0
PLW_PB,D,20180905,000000,11.602,11.689,11.283,11.448,0,0
PLW_PB,D,20180906,000000,11.448,11.448,11.196,11.322,0,0
PLW_PB,D,20180907,000000,11.283,12.057,11.08,11.448,0,0
PLW_PB,D,20180910,000000,11.448,11.564,11.196,11.361,0,0
PLW_PB,D,20180911,000000,11.448,11.448,11.158,11.283,0,0
PLW_PB,D,20180912,000000,11.196,11.244,10.916,11.119,0,0
PLW_PB,D,20180913,000000,11.119,11.196,10.954,11.119,0,0
PLW_PB,D,20180914,000000,10.954,11.361,10.954,11.322,0,0
PLW_PB,D,20180917,000000,11.361,12.338,11.361,12.338,0,0
PLW_PB,D,20180918,000000,12.251,12.948,12.251,12.909,0,0
PLW_PB,D,20180919,000000,12.986,12.986,12.251,12.502,0,0
PLW_PB,D,20180920,000000,12.542,12.986,12.542,12.822,0,0
PLW_PB,D,20180921,000000,12.86,12.86,12.58,12.745,0,0
PLW_PB,D,20180924,000000,12.948,13.025,12.135,12.154,0,0
PLW_PB,D,20180925,000000,12.192,12.192,11.796,12.038,0,0
PLW_PB,D,20180926,000000,12.077,12.319,12.077,12.154,0,0
PLW_PB,D,20180927,000000,12.077,12.077,11.796,11.796,0,0
PLW_PB,D,20180928,000000,11.834,11.834,11.389,11.516,0,0
PLW_PB,D,20181001,000000,11.516,11.757,11.351,11.554,0,0
PLW_PB,D,20181002,000000,11.593,12.077,11.593,11.999,0,0
PLW_PB,D,20181003,000000,12.077,12.357,12.077,12.28,0,0
PLW_PB,D,20181004,000000,12.28,12.28,11.719,11.757,0,0
PLW_PB,D,20181005,000000,11.757,11.874,11.593,11.834,0,0
PLW_PB,D,20181008,000000,11.834,12.038,11.312,11.428,0,0
PLW_PB,D,20181009,000000,11.389,11.516,11.109,11.351,0,0
PLW_PB,D,20181010,000000,11.516,11.593,10.422,10.51,0,0
PLW_PB,D,20181011,000000,9.86,10.142,9.657,9.822,0,0
PLW_PB,D,20181012,000000,10.103,10.548,10.103,10.306,0,0
PLW_PB,D,20181015,000000,10.548,10.548,9.822,9.987,0,0
PLW_PB,D,20181016,000000,10.025,10.586,10.025,10.422,0,0
PLW_PB,D,20181017,000000,10.713,10.828,10.422,10.422,0,0
PLW_PB,D,20181018,000000,10.422,10.548,10.267,10.345,0,0
PLW_PB,D,20181019,000000,10.306,10.383,10.142,10.267,0,0
PLW_PB,D,20181022,000000,10.306,10.306,9.899,10.025,0,0
PLW_PB,D,20181023,000000,9.86,9.86,9.3768,9.3768,0,0
PLW_PB,D,20181024,000000,9.416,9.822,9.416,9.542,0,0
PLW_PB,D,20181025,000000,9.2607,9.899,9.2607,9.899,0,0
PLW_PB,D,20181026,000000,9.899,9.899,9.3768,9.416,0,0
PLW_PB,D,20181029,000000,9.416,9.657,9.2995,9.502,0,0
PLW_PB,D,20181030,000000,9.464,9.745,9.416,9.619,0,0
PLW_PB,D,20181031,000000,9.86,9.86,9.58,9.619,0,0
PLW_PB,D,20181102,000000,9.86,10.064,9.58,9.745,0,0
PLW_PB,D,20181105,000000,9.745,9.899,9.542,9.745,0,0
PLW_PB,D,20181106,000000,9.745,9.899,9.619,9.783,0,0
PLW_PB,D,20181107,000000,9.745,10.548,9.745,10.548,0,0
PLW_PB,D,20181108,000000,10.751,11.109,10.751,11.07,0,0
PLW_PB,D,20181109,000000,11.07,11.07,10.586,10.625,0,0
PLW_PB,D,20181113,000000,11.351,11.477,11.07,11.109,0,0
PLW_PB,D,20181114,000000,11.186,11.186,10.586,10.945,0,0
PLW_PB,D,20181115,000000,11.031,11.031,10.383,10.51,0,0
PLW_PB,D,20181116,000000,10.548,10.751,9.86,10.751,0,0
PLW_PB,D,20181119,000000,10.625,10.79,10.345,10.586,0,0
PLW_PB,D,20181120,000000,10.383,10.47,9.987,10.064,0,0
PLW_PB,D,20181121,000000,10.142,10.422,10.064,10.142,0,0
PLW_PB,D,20181122,000000,10.228,10.586,10.025,10.306,0,0
PLW_PB,D,20181123,000000,10.47,10.663,10.306,10.586,0,0
PLW_PB,D,20181126,000000,10.945,11.235,10.315,10.315,0,0
PLW_PB,D,20181127,000000,10.132,10.132,9.793,10.054,0,0
PLW_PB,D,20181128,000000,10.054,10.2,10.015,10.132,0,0
PLW_PB,D,20181129,000000,10.315,10.5,10.277,10.5,0,0
PLW_PB,D,20181130,000000,10.5,10.538,10.277,10.46,0,0
PLW_PB,D,20181203,000000,10.538,10.945,10.5,10.828,0,0
PLW_PB,D,20181204,000000,10.867,10.867,10.5,10.751,0,0
PLW_PB,D,20181205,000000,10.5,10.538,10.345,10.5,0,0
PLW_PB,D,20181206,000000,10.5,10.751,10.46,10.606,0,0
PLW_PB,D,20181207,000000,10.645,10.828,10.567,10.567,0,0
PLW_PB,D,20181210,000000,10.383,10.46,9.938,9.938,0,0
PLW_PB,D,20181211,000000,10.277,10.277,10.015,10.054,0,0
PLW_PB,D,20181212,000000,10.2,10.2,9.938,10.2,0,0
PLW_PB,D,20181213,000000,10.277,10.277,10.054,10.093,0,0
PLW_PB,D,20181214,000000,10.015,10.132,9.977,10.054,0,0
PLW_PB,D,20181217,000000,10.015,10.093,9.532,9.647,0,0
PLW_PB,D,20181218,000000,9.464,9.609,9.3189,9.609,0,0
PLW_PB,D,20181219,000000,9.725,9.938,9.647,9.938,0,0
PLW_PB,D,20181220,000000,9.754,9.909,9.647,9.687,0,0
PLW_PB,D,20181221,000000,9.687,9.87,9.532,9.532,0,0
PLW_PB,D,20181227,000000,9.909,9.938,9.687,9.938,0,0
PLW_PB,D,20181228,000000,9.909,9.977,9.832,9.977,0,0
PLW_PB,D,20190102,000000,10.093,10.46,9.909,10.345,0,0
PLW_PB,D,20190103,000000,10.345,10.46,10.054,10.093,0,0
PLW_PB,D,20190104,000000,10.238,10.5,10.093,10.5,0,0
PLW_PB,D,20190107,000000,10.722,11.158,10.722,11.158,0,0
PLW_PB,D,20190108,000000,11.235,11.235,11.013,11.128,0,0
PLW_PB,D,20190109,000000,11.235,11.534,11.196,11.38,0,0
PLW_PB,D,20190110,000000,11.351,11.38,11.158,11.273,0,0
PLW_PB,D,20190111,000000,11.496,11.496,11.235,11.312,0,0
PLW_PB,D,20190114,000000,11.351,11.351,11.128,11.273,0,0
PLW_PB,D,20190115,000000,11.312,11.38,11.235,11.312,0,0
PLW_PB,D,20190116,000000,11.312,11.825,11.312,11.825,0,0
PLW_PB,D,20190117,000000,11.825,12.192,11.564,11.825,0,0
PLW_PB,D,20190118,000000,11.864,12.087,11.864,11.98,0,0
PLW_PB,D,20190121,000000,11.98,12.192,11.98,11.98,0,0
PLW_PB,D,20190122,000000,12.009,12.047,11.641,11.68,0,0
PLW_PB,D,20190123,000000,11.602,12.27,11.564,12.125,0,0
PLW_PB,D,20190124,000000,12.125,12.232,11.902,12.009,0,0
PLW_PB,D,20190125,000000,12.087,12.087,11.864,12.009,0,0
PLW_PB,D,20190128,000000,12.047,12.087,11.602,11.757,0,0
PLW_PB,D,20190129,000000,11.602,12.192,11.602,11.98,0,0
PLW_PB,D,20190130,000000,12.009,12.047,11.825,11.864,0,0
PLW_PB,D,20190131,000000,12.047,12.164,11.902,11.902,0,0
PLW_PB,D,20190201,000000,11.941,11.941,11.757,11.825,0,0
PLW_PB,D,20190204,000000,11.825,12.125,11.825,12.047,0,0
PLW_PB,D,20190205,000000,12.125,12.164,12.047,12.125,0,0
PLW_PB,D,20190206,000000,12.047,12.047,11.68,11.68,0,0
PLW_PB,D,20190207,000000,11.68,11.68,11.235,11.534,0,0
PLW_PB,D,20190208,000000,11.312,11.38,11.09,11.235,0,0
PLW_PB,D,20190211,000000,11.235,11.235,11.051,11.196,0,0
PLW_PB,D,20190212,000000,11.196,11.496,11.196,11.419,0,0
PLW_PB,D,20190213,000000,11.534,11.534,11.235,11.38,0,0
PLW_PB,D,20190214,000000,11.273,11.534,11.273,11.457,0,0
PLW_PB,D,20190215,000000,11.38,11.864,11.235,11.602,0,0
PLW_PB,D,20190218,000000,11.719,11.786,11.496,11.602,0,0
PLW_PB,D,20190219,000000,11.564,11.68,11.534,11.602,0,0
PLW_PB,D,20190220,000000,11.68,11.68,11.38,11.457,0,0
PLW_PB,D,20190221,000000,11.496,11.534,11.38,11.457,0,0
PLW_PB,D,20190222,000000,11.419,11.496,11.312,11.457,0,0
PLW_PB,D,20190225,000000,11.534,11.534,11.196,11.457,0,0
PLW_PB,D,20190226,000000,11.496,11.496,11.312,11.351,0,0
PLW_PB,D,20190227,000000,11.419,11.68,11.419,11.496,0,0
PLW_PB,D,20190228,000000,11.564,11.825,11.564,11.757,0,0
PLW_PB,D,20190301,000000,11.786,11.941,11.757,11.757,0,0
PLW_PB,D,20190304,000000,11.902,12.125,11.902,11.98,0,0
PLW_PB,D,20190305,000000,12.047,12.047,11.757,11.902,0,0
PLW_PB,D,20190306,000000,11.902,12.009,11.786,11.902,0,0
PLW_PB,D,20190307,000000,11.902,11.902,11.719,11.825,0,0
PLW_PB,D,20190308,000000,11.719,11.825,11.496,11.825,0,0
PLW_PB,D,20190311,000000,11.98,11.98,11.825,11.825,0,0
PLW_PB,D,20190312,000000,11.902,11.98,11.825,11.941,0,0
PLW_PB,D,20190313,000000,11.941,12.415,11.864,12.347,0,0
PLW_PB,D,20190314,000000,12.599,12.86,12.57,12.599,0,0
PLW_PB,D,20190315,000000,12.57,12.599,12.415,12.415,0,0
PLW_PB,D,20190318,000000,12.57,12.977,12.57,12.822,0,0
PLW_PB,D,20190319,000000,12.9,13.16,12.9,12.938,0,0
PLW_PB,D,20190320,000000,12.938,13.228,12.822,12.822,0,0
PLW_PB,D,20190321,000000,12.822,12.822,12.532,12.715,0,0
PLW_PB,D,20190322,000000,12.86,12.977,12.347,12.415,0,0
PLW_PB,D,20190325,000000,12.493,12.57,12.192,12.57,0,0
PLW_PB,D,20190326,000000,12.715,12.9,12.715,12.86,0,0
PLW_PB,D,20190327,000000,12.938,12.938,12.754,12.86,0,0
PLW_PB,D,20190328,000000,12.938,13.528,12.9,13.451,0,0
PLW_PB,D,20190329,000000,13.49,13.789,13.2,13.345,0,0
PLW_PB,D,20190401,000000,13.509,13.664,13.228,13.635,0,0
PLW_PB,D,20190402,000000,13.673,14.041,13.673,13.867,0,0
PLW_PB,D,20190403,000000,14.147,14.254,13.944,14.119,0,0
PLW_PB,D,20190404,000000,14.196,14.264,13.615,13.896,0,0
PLW_PB,D,20190405,000000,13.973,13.973,13.421,13.586,0,0
PLW_PB,D,20190408,000000,13.606,14.012,13.606,14.002,0,0
PLW_PB,D,20190409,000000,14.012,14.031,13.838,13.886,0,0
PLW_PB,D,20190410,000000,13.886,13.886,13.664,13.664,0,0
PLW_PB,D,20190411,000000,13.896,14.147,13.751,13.944,0,0
PLW_PB,D,20190412,000000,14.041,14.196,13.973,14.109,0,0
PLW_PB,D,20190415,000000,14.119,14.419,14.119,14.419,0,0
PLW_PB,D,20190416,000000,14.457,14.854,14.399,14.419,0,0
PLW_PB,D,20190417,000000,14.419,14.564,14.119,14.196,0,0
PLW_PB,D,20190418,000000,14.196,14.457,14.196,14.399,0,0
PLW_PB,D,20190423,000000,14.399,14.892,14.37,14.786,0,0
PLW_PB,D,20190424,000000,14.757,14.825,14.429,14.429,0,0
PLW_PB,D,20190425,000000,14.429,14.534,14.225,14.534,0,0
PLW_PB,D,20190426,000000,14.737,14.737,12.802,12.802,0,0
PLW_PB,D,20190429,000000,12.851,12.87,12.725,12.725,0,0
PLW_PB,D,20190430,000000,12.783,12.88,12.59,12.725,0,0
PLW_PB,D,20190502,000000,13.18,13.18,12.918,13.112,0,0
PLW_PB,D,20190506,000000,13.218,13.218,12.918,13.055,0,0
PLW_PB,D,20190507,000000,13.055,13.055,12.542,12.609,0,0
PLW_PB,D,20190508,000000,12.474,12.474,12.115,12.435,0,0
PLW_PB,D,20190509,000000,12.444,12.444,12.077,12.135,0,0
PLW_PB,D,20190510,000000,12.135,12.647,12.135,12.522,0,0
PLW_PB,D,20190513,000000,12.464,12.502,11.97,11.97,0,0
PLW_PB,D,20190514,000000,11.999,12.192,11.999,12.106,0,0
PLW_PB,D,20190515,000000,12.184,12.192,12.038,12.192,0,0
PLW_PB,D,20190516,000000,12.154,12.192,11.989,12.067,0,0
PLW_PB,D,20190517,000000,12.251,12.251,11.932,12.038,0,0
PLW_PB,D,20190520,000000,12.067,12.067,11.516,11.651,0,0
PLW_PB,D,20190521,000000,11.409,11.477,11.244,11.244,0,0
PLW_PB,D,20190522,000000,10.954,11.399,10.693,11.283,0,0
PLW_PB,D,20190523,000000,11.331,11.331,10.751,10.79,0,0
PLW_PB,D,20190524,000000,10.673,11.158,10.673,11.08,0,0
PLW_PB,D,20190527,000000,11.138,11.138,10.964,11.041,0,0
PLW_PB,D,20190528,000000,11.099,11.138,11.021,11.021,0,0
PLW_PB,D,20190529,000000,10.973,10.973,10.548,10.548,0,0
PLW_PB,D,20190530,000000,11.806,11.912,10.355,10.355,0,0
PLW_PB,D,20190531,000000,10.306,10.306,10.025,10.2,0,0
PLW_PB,D,20190603,000000,10.277,10.277,9.715,9.715,0,0
PLW_PB,D,20190604,000000,9.735,9.909,9.609,9.832,0,0
PLW_PB,D,20190605,000000,9.987,10.219,9.987,10.2,0,0
PLW_PB,D,20190606,000000,10.257,10.257,10.074,10.16,0,0
PLW_PB,D,20190607,000000,10.306,10.983,10.18,10.77,0,0
PLW_PB,D,20190610,000000,10.973,10.973,10.422,10.49,0,0
PLW_PB,D,20190611,000000,10.538,10.538,10.228,10.422,0,0
PLW_PB,D,20190612,000000,10.364,10.364,9.86,9.919,0,0
PLW_PB,D,20190613,000000,10.015,10.277,9.957,10.228,0,0
PLW_PB,D,20190614,000000,10.219,10.267,9.967,9.967,0,0
PLW_PB,D,20190617,000000,9.909,10.074,9.735,10.025,0,0
PLW_PB,D,20190618,000000,10.093,10.228,9.86,10.16,0,0
PLW_PB,D,20190619,000000,10.074,10.142,9.929,9.957,0,0
PLW_PB,D,20190621,000000,9.977,10.074,9.764,9.764,0,0
PLW_PB,D,20190624,000000,9.783,10.015,9.783,9.987,0,0
PLW_PB,D,20190625,000000,9.987,10.015,9.899,9.957,0,0
PLW_PB,D,20190626,000000,9.957,9.957,9.774,9.832,0,0
PLW_PB,D,20190627,000000,9.802,10.025,9.793,10.015,0,0
PLW_PB,D,20190628,000000,9.987,10.18,9.987,10.025,0,0
PLW_PB,D,20190701,000000,10.142,10.238,10.142,10.142,0,0
PLW_PB,D,20190702,000000,10.18,10.209,10.045,10.18,0,0
PLW_PB,D,20190703,000000,10.2,10.306,10.2,10.306,0,0
PLW_PB,D,20190704,000000,10.306,10.538,10.306,10.518,0,0
PLW_PB,D,20190705,000000,10.46,10.722,10.46,10.606,0,0
PLW_PB,D,20190708,000000,10.655,10.886,10.655,10.828,0,0
PLW_PB,D,20190709,000000,10.858,10.858,10.606,10.635,0,0
PLW_PB,D,20190710,000000,10.635,10.78,10.606,10.673,0,0
PLW_PB,D,20190711,000000,10.606,10.635,10.325,10.383,0,0
PLW_PB,D,20190712,000000,10.325,10.364,10.17,10.364,0,0
PLW_PB,D,20190715,000000,10.393,10.49,10.296,10.49,0,0
PLW_PB,D,20190716,000000,10.51,10.51,10.412,10.46,0,0
PLW_PB,D,20190717,000000,10.47,10.47,10.209,10.335,0,0
PLW_PB,D,20190718,000000,10.357,10.504,10.357,10.504,0,0
PLW_PB,D,20190719,000000,10.523,10.67,10.523,10.621,0,0
PLW_PB,D,20190722,000000,10.68,10.739,10.621,10.661,0,0
PLW_PB,D,20190723,000000,10.651,10.651,10.562,10.562,0,0
PLW_PB,D,20190724,000000,10.562,10.661,10.533,10.631,0,0
PLW_PB,D,20190725,000000,10.631,10.739,10.631,10.68,0,0
PLW_PB,D,20190726,000000,10.68,10.69,10.631,10.68,0,0
PLW_PB,D,20190729,000000,10.68,10.798,10.68,10.798,0,0
PLW_PB,D,20190730,000000,10.739,10.798,10.71,10.749,0,0
PLW_PB,D,20190731,000000,10.71,10.729,10.474,10.602,0,0
PLW_PB,D,20190801,000000,10.543,10.719,10.376,10.504,0,0
PLW_PB,D,20190802,000000,10.504,10.504,10.278,10.464,0,0
PLW_PB,D,20190805,000000,10.415,10.435,10.278,10.288,0,0
PLW_PB,D,20190806,000000,10.219,10.288,10.16,10.288,0,0
PLW_PB,D,20190807,000000,10.219,10.396,10.219,10.337,0,0
PLW_PB,D,20190808,000000,10.278,10.337,10.111,10.278,0,0
PLW_PB,D,20190809,000000,10.317,10.317,10.023,10.023,0,0
PLW_PB,D,20190812,000000,10.003,10.19,10.003,10.141,0,0
PLW_PB,D,20190813,000000,10.141,10.229,9.954,10.229,0,0
PLW_PB,D,20190814,000000,10.229,10.278,9.935,9.954,0,0
PLW_PB,D,20190816,000000,9.954,10.082,9.935,9.935,0,0
PLW_PB,D,20190819,000000,9.984,9.984,9.847,9.866,0,0
PLW_PB,D,20190820,000000,9.866,10.023,9.866,9.984,0,0
PLW_PB,D,20190821,000000,9.866,10.023,9.866,10.023,0,0
PLW_PB,D,20190822,000000,10.102,10.376,10.102,10.376,0,0
PLW_PB,D,20190823,000000,10.445,10.504,10.278,10.504,0,0
PLW_PB,D,20190826,000000,10.219,10.435,10.219,10.337,0,0
PLW_PB,D,20190827,000000,10.347,10.415,10.298,10.347,0,0
PLW_PB,D,20190828,000000,10.366,10.366,10.209,10.209,0,0
PLW_PB,D,20190829,000000,10.209,10.347,10.082,10.347,0,0
PLW_PB,D,20190830,000000,10.435,10.631,10.337,10.376,0,0
PLW_PB,D,20190902,000000,10.415,10.504,10.307,10.464,0,0
PLW_PB,D,20190903,000000,10.562,10.562,10.347,10.347,0,0
PLW_PB,D,20190904,000000,10.337,10.445,10.278,10.435,0,0
PLW_PB,D,20190905,000000,10.445,10.445,10.278,10.337,0,0
PLW_PB,D,20190906,000000,10.288,10.337,10.268,10.337,0,0
PLW_PB,D,20190909,000000,10.337,10.425,10.307,10.415,0,0
PLW_PB,D,20190910,000000,10.415,10.415,10.307,10.307,0,0
PLW_PB,D,20190911,000000,10.357,10.543,10.288,10.543,0,0
PLW_PB,D,20190912,000000,10.504,10.562,10.415,10.474,0,0
PLW_PB,D,20190913,000000,10.543,10.68,10.474,10.661,0,0
PLW_PB,D,20190916,000000,10.661,11.171,10.602,11.171,0,0
PLW_PB,D,20190917,000000,11.18,11.376,10.906,10.906,0,0
PLW_PB,D,20190918,000000,10.906,10.974,10.817,10.906,0,0
PLW_PB,D,20190919,000000,10.886,11.033,10.886,11.033,0,0
PLW_PB,D,20190920,000000,11.033,11.121,10.68,10.68,0,0
PLW_PB,D,20190923,000000,10.788,11.121,10.788,10.965,0,0
PLW_PB,D,20190924,000000,10.916,11.102,10.857,11.092,0,0
PLW_PB,D,20190925,000000,11.033,11.151,10.916,11.131,0,0
PLW_PB,D,20190926,000000,11.131,11.298,11.033,11.229,0,0
PLW_PB,D,20190927,000000,11.229,11.259,11.043,11.121,0,0
PLW_PB,D,20190930,000000,11.121,11.131,10.729,10.935,0,0
PLW_PB,D,20191001,000000,11.033,11.033,9.4346,9.4346,0,0
PLW_PB,D,20191002,000000,9.3071,9.3071,8.9835,8.9835,0,0
PLW_PB,D,20191003,000000,8.9345,9.0816,8.8266,8.9541,0,0
PLW_PB,D,20191004,000000,8.9835,9.2385,8.9541,9.2385,0,0
PLW_PB,D,20191007,000000,9.2973,9.4739,9.2385,9.4739,0,0
PLW_PB,D,20191008,000000,9.4935,9.641,9.4837,9.582,0,0
PLW_PB,D,20191009,000000,9.621,9.621,9.415,9.533,0,0
PLW_PB,D,20191010,000000,9.533,9.552,9.4052,9.4444,0,0
PLW_PB,D,20191011,000000,9.4837,9.631,9.464,9.533,0,0
PLW_PB,D,20191014,000000,9.4837,9.641,9.4444,9.641,0,0
PLW_PB,D,20191015,000000,9.69,9.69,9.513,9.621,0,0
PLW_PB,D,20191016,000000,9.513,9.69,9.513,9.611,0,0
PLW_PB,D,20191017,000000,9.611,9.631,9.4346,9.631,0,0
PLW_PB,D,20191018,000000,9.611,9.611,9.3464,9.4739,0,0
PLW_PB,D,20191021,000000,9.4739,9.4837,9.415,9.4346,0,0
PLW_PB,D,20191022,000000,9.4346,9.513,9.3366,9.3856,0,0
PLW_PB,D,20191023,000000,9.3267,9.3267,9.16,9.16,0,0
PLW_PB,D,20191024,000000,9.1306,9.2875,9.1306,9.1796,0,0
PLW_PB,D,20191025,000000,9.2875,9.2875,9.0521,9.1796,0,0
PLW_PB,D,20191028,000000,9.1796,9.2091,9.0619,9.1698,0,0
PLW_PB,D,20191029,000000,9.1502,9.2777,9.0521,9.2091,0,0
PLW_PB,D,20191030,000000,9.2091,9.2679,9.0129,9.0129,0,0
PLW_PB,D,20191031,000000,8.9443,9.0129,8.7579,9.0129,0,0
PLW_PB,D,20191104,000000,9.0816,9.1404,8.9148,8.9933,0,0
PLW_PB,D,20191105,000000,9.0816,9.1992,9.0129,9.1306,0,0
PLW_PB,D,20191106,000000,9.1208,9.1306,8.9933,9.0325,0,0
PLW_PB,D,20191107,000000,9.0423,9.0423,8.8756,8.905,0,0
PLW_PB,D,20191108,000000,8.8364,8.905,8.807,8.8658,0,0
PLW_PB,D,20191112,000000,8.8756,8.8756,8.6697,8.6795,0,0
PLW_PB,D,20191113,000000,8.6991,8.9443,8.6795,8.7873,0,0
PLW_PB,D,20191114,000000,8.7873,8.8658,8.7285,8.7873,0,0
PLW_PB,D,20191115,000000,8.807,9.0521,8.807,9.0521,0,0
PLW_PB,D,20191118,000000,9.0816,9.2091,9.0423,9.0423,0,0
PLW_PB,D,20191119,000000,9.0521,9.16,9.0325,9.0423,0,0
PLW_PB,D,20191120,000000,9.0423,9.0423,8.8756,9.0227,0,0
PLW_PB,D,20191121,000000,8.9835,8.9835,8.8364,8.8364,0,0
PLW_PB,D,20191122,000000,8.8462,8.9933,8.7285,8.7285,0,0
PLW_PB,D,20191125,000000,8.7775,8.9639,8.7775,8.9345,0,0
PLW_PB,D,20191126,000000,8.9835,9.0031,8.8854,8.8854,0,0
PLW_PB,D,20191127,000000,8.9246,8.9443,8.8266,8.905,0,0
PLW_PB,D,20191128,000000,8.9737,8.9737,8.8658,8.9737,0,0
PLW_PB,D,20191129,000000,8.9345,9.0325,8.9345,8.9933,0,0
PLW_PB,D,20191202,000000,10.092,10.092,9.1502,9.1502,0,0
PLW_PB,D,20191203,000000,9.1502,9.69,9.111,9.641,0,0
PLW_PB,D,20191204,000000,9.641,10.023,9.572,9.876,0,0
PLW_PB,D,20191205,000000,9.788,9.974,9.572,9.945,0,0
PLW_PB,D,20191206,000000,9.827,9.925,9.719,9.905,0,0
PLW_PB,D,20191209,000000,9.905,9.905,9.67,9.739,0,0
PLW_PB,D,20191210,000000,9.719,10.278,9.719,10.278,0,0
PLW_PB,D,20191211,000000,10.278,10.651,10.278,10.651,0,0
PLW_PB,D,20191212,000000,10.7,11.004,10.7,10.974,0,0
PLW_PB,D,20191213,000000,11.043,11.043,10.788,10.857,0,0
PLW_PB,D,20191216,000000,10.955,10.955,10.464,10.484,0,0
PLW_PB,D,20191217,000000,10.464,10.7,10.131,10.7,0,0
PLW_PB,D,20191218,000000,10.739,10.925,10.739,10.886,0,0
PLW_PB,D,20191219,000000,10.886,10.955,10.7,10.739,0,0
PLW_PB,D,20191220,000000,10.739,10.837,10.533,10.739,0,0
PLW_PB,D,20191223,000000,10.739,10.739,10.582,10.602,0,0
PLW_PB,D,20191227,000000,10.7,10.837,10.7,10.837,0,0
PLW_PB,D,20191230,000000,10.857,11.161,10.857,11.161,0,0
PLW_PB,D,20200102,000000,11.21,11.582,11.21,11.582,0,0
PLW_PB,D,20200103,000000,11.582,11.582,11.376,11.445,0,0
PLW_PB,D,20200107,000000,11.582,11.68,11.465,11.582,0,0
PLW_PB,D,20200108,000000,11.582,11.582,11.327,11.494,0,0
PLW_PB,D,20200109,000000,11.494,12.053,11.494,12.053,0,0
PLW_PB,D,20200110,000000,12.053,12.279,12.053,12.141,0,0
PLW_PB,D,20200113,000000,12.141,12.426,12.141,12.426,0,0
PLW_PB,D,20200114,000000,12.328,13.171,12.328,13.171,0,0
PLW_PB,D,20200115,000000,13.22,13.22,12.475,12.475,0,0
PLW_PB,D,20200116,000000,12.475,12.936,12.475,12.936,0,0
PLW_PB,D,20200117,000000,12.514,12.887,12.475,12.887,0,0
PLW_PB,D,20200120,000000,12.848,13.171,12.749,13.171,0,0
PLW_PB,D,20200121,000000,13.171,13.191,12.936,12.936,0,0
PLW_PB,D,20200122,000000,12.936,12.985,12.7,12.799,0,0
PLW_PB,D,20200123,000000,12.73,12.73,12.445,12.445,0,0
PLW_PB,D,20200124,000000,12.445,12.799,12.396,12.396,0,0
PLW_PB,D,20200127,000000,12.357,12.396,12.024,12.19,0,0
PLW_PB,D,20200128,000000,12.053,12.7,12.053,12.681,0,0
PLW_PB,D,20200129,000000,12.7,13.054,12.7,12.936,0,0
PLW_PB,D,20200130,000000,12.887,12.887,12.7,12.7,0,0
PLW_PB,D,20200131,000000,12.7,12.848,12.544,12.848,0,0
PLW_PB,D,20200203,000000,12.818,13.868,12.749,13.779,0,0
PLW_PB,D,20200204,000000,13.917,14.809,13.917,14.623,0,0
PLW_PB,D,20200205,000000,14.809,15.368,14.623,15.084,0,0
PLW_PB,D,20200206,000000,15.27,15.27,14.711,14.946,0,0
PLW_PB,D,20200207,000000,14.946,14.995,14.829,14.897,0,0
PLW_PB,D,20200210,000000,14.897,16.015,14.848,15.809,0,0
PLW_PB,D,20200211,000000,15.878,17.516,15.878,17.467,0,0
PLW_PB,D,20200212,000000,17.516,17.634,16.77,17.261,0,0
PLW_PB,D,20200213,000000,17.045,17.516,17.045,17.261,0,0
PLW_PB,D,20200214,000000,17.261,17.418,17.143,17.379,0,0
PLW_PB,D,20200217,000000,17.398,17.889,17.398,17.751,0,0
PLW_PB,D,20200218,000000,17.839,18.075,17.839,18.075,0,0
PLW_PB,D,20200219,000000,18.094,18.173,17.839,18.173,0,0
PLW_PB,D,20200220,000000,18.173,18.173,17.535,17.751,0,0
PLW_PB,D,20200221,000000,17.683,18.212,17.634,18.212,0,0
PLW_PB,D,20200224,000000,17.938,17.938,17.231,17.261,0,0
PLW_PB,D,20200225,000000,17.094,17.094,14.927,15.79,0,0
PLW_PB,D,20200226,000000,15.319,16.486,14.544,16.113,0,0
PLW_PB,D,20200227,000000,16.3,16.3,14.662,14.927,0,0
PLW_PB,D,20200228,000000,13.642,14.015,12.279,12.985,0,0
PLW_PB,D,20200302,000000,14.24,14.593,13.407,14.476,0,0
PLW_PB,D,20200303,000000,15.201,15.907,15.201,15.907,0,0
PLW_PB,D,20200304,000000,15.133,15.79,15.133,15.417,0,0
PLW_PB,D,20200305,000000,16.064,16.064,14.505,14.711,0,0
PLW_PB,D,20200306,000000,14.319,14.711,13.613,14.24,0,0
PLW_PB,D,20200309,000000,12.799,13.524,11.769,12.053,0,0
PLW_PB,D,20200310,000000,12.985,13.259,12.053,12.328,0,0
PLW_PB,D,20200311,000000,12.612,12.612,11.278,11.445,0,0
PLW_PB,D,20200312,000000,10.18,10.651,9.16,9.1992,0,0
PLW_PB,D,20200313,000000,9.807,10.621,9.4346,9.856,0,0
PLW_PB,D,20200316,000000,9.572,11.416,9.2973,11.229,0,0
PLW_PB,D,20200317,000000,11.445,12.563,11.19,12.328,0,0
PLW_PB,D,20200318,000000,12.328,13.004,12.308,12.612,0,0
PLW_PB,D,20200319,000000,12.475,13.054,12.475,13.054,0,0
PLW_PB,D,20200320,000000,13.897,14.289,13.054,13.103,0,0
PLW_PB,D,20200323,000000,12.799,13.407,12.612,13.309,0,0
PLW_PB,D,20200324,000000,14.24,14.436,13.917,14.436,0,0
PLW_PB,D,20200325,000000,14.623,15.368,14.201,14.201,0,0
PLW_PB,D,20200326,000000,14.015,14.407,13.848,14.015,0,0
PLW_PB,D,20200327,000000,14.103,14.24,13.593,13.828,0,0
PLW_PB,D,20200330,000000,13.966,14.015,13.544,14.015,0,0
PLW_PB,D,20200331,000000,14.132,14.436,14.132,14.319,0,0
PLW_PB,D,20200401,000000,14.103,14.642,14.103,14.476,0,0
PLW_PB,D,20200402,000000,14.476,14.691,14.24,14.623,0,0
PLW_PB,D,20200403,000000,14.623,14.848,14.574,14.848,0,0
PLW_PB,D,20200406,000000,14.946,16.721,14.946,16.721,0,0
PLW_PB,D,20200407,000000,17.094,17.565,15.388,15.417,0,0
PLW_PB,D,20200408,000000,15.319,15.976,15.27,15.858,0,0
PLW_PB,D,20200409,000000,16.251,16.535,15.907,16.113,0,0
PLW_PB,D,20200414,000000,16.349,17.231,16.349,17.231,0,0
PLW_PB,D,20200415,000000,17.379,17.379,16.721,16.859,0,0
PLW_PB,D,20200416,000000,16.996,17.28,16.839,17.261,0,0
PLW_PB,D,20200417,000000,17.467,18.124,17.467,18.094,0,0
PLW_PB,D,20200420,000000,18.124,19.105,17.938,19.105,0,0
PLW_PB,D,20200421,000000,19.154,19.615,18.026,18.261,0,0
PLW_PB,D,20200422,000000,18.212,19.428,18.212,19.428,0,0
PLW_PB,D,20200423,000000,19.428,19.477,19.056,19.154,0,0
PLW_PB,D,20200424,000000,18.958,19.291,18.82,19.154,0,0
PLW_PB,D,20200427,000000,19.311,20.409,19.311,20.134,0,0
PLW_PB,D,20200428,000000,20.085,21.017,20.085,20.595,0,0
PLW_PB,D,20200429,000000,20.595,21.154,20.595,20.997,0,0
PLW_PB,D,20200430,000000,20.997,20.997,15.721,15.721,0,0
PLW_PB,D,20200504,000000,15.535,16.221,15.201,15.76,0,0
PLW_PB,D,20200505,000000,15.809,16.221,15.77,15.77,0,0
PLW_PB,D,20200506,000000,15.868,15.868,15.76,15.79,0,0
PLW_PB,D,20200507,000000,15.76,15.829,15.388,15.407,0,0
PLW_PB,D,20200508,000000,15.162,15.28,14.946,15.093,0,0
PLW_PB,D,20200511,000000,15.123,15.123,14.76,14.995,0,0
PLW_PB,D,20200512,000000,15.035,15.574,14.868,15.535,0,0
PLW_PB,D,20200513,000000,15.76,16.241,15.574,15.721,0,0
PLW_PB,D,20200514,000000,15.623,15.623,14.789,14.995,0,0
PLW_PB,D,20200515,000000,15.329,15.77,15.329,15.76,0,0
PLW_PB,D,20200518,000000,15.868,16.437,15.741,16.437,0,0
PLW_PB,D,20200519,000000,16.574,16.623,16.457,16.457,0,0
PLW_PB,D,20200520,000000,16.535,16.869,16.221,16.79,0,0
PLW_PB,D,20200521,000000,16.77,16.996,16.721,16.976,0,0
PLW_PB,D,20200522,000000,16.829,17.016,16.829,16.996,0,0
PLW_PB,D,20200525,000000,17.035,17.663,17.035,17.584,0,0
PLW_PB,D,20200526,000000,17.712,18.565,17.712,18.438,0,0
PLW_PB,D,20200527,000000,18.497,18.712,17.251,17.496,0,0
PLW_PB,D,20200528,000000,17.771,18.349,17.369,18.085,0,0
PLW_PB,D,20200529,000000,16.869,17.545,14.966,14.966,0,0
PLW_PB,D,20200601,000000,15.054,15.25,15.035,15.152,0,0
PLW_PB,D,20200602,000000,15.182,15.182,14.809,14.986,0,0
PLW_PB,D,20200603,000000,15.054,15.692,15.054,15.643,0,0
PLW_PB,D,20200604,000000,15.672,15.711,15.447,15.515,0,0
PLW_PB,D,20200605,000000,15.447,15.447,15.113,15.25,0,0
PLW_PB,D,20200608,000000,15.25,15.25,14.348,14.593,0,0
PLW_PB,D,20200609,000000,14.427,15.564,14.427,15.564,0,0
PLW_PB,D,20200610,000000,15.672,15.917,15.574,15.594,0,0
PLW_PB,D,20200612,000000,15.113,15.515,15.113,15.417,0,0
PLW_PB,D,20200615,000000,15.211,15.741,15.162,15.466,0,0
PLW_PB,D,20200616,000000,15.77,16.064,15.77,15.937,0,0
PLW_PB,D,20200617,000000,15.966,16.31,15.868,16.261,0,0
PLW_PB,D,20200618,000000,16.31,16.31,16.133,16.133,0,0
PLW_PB,D,20200619,000000,16.28,16.42,16.18,16.37,0,0
PLW_PB,D,20200622,000000,16.37,16.65,16.33,16.65,0,0
PLW_PB,D,20200623,000000,16.65,16.88,16.48,16.75,0,0
PLW_PB,D,20200624,000000,16.92,16.92,16.42,16.42,0,0
PLW_PB,D,20200625,000000,16.42,16.78,16.17,16.78,0,0
PLW_PB,D,20200626,000000,16.82,16.85,16.37,16.37,0,0
PLW_PB,D,20200629,000000,16.37,16.4,16.08,16.12,0,0
PLW_PB,D,20200630,000000,16.12,16.48,15.75,15.75,0,0
PLW_PB,D,20200701,000000,15.82,16.62,15.82,16.62,0,0
PLW_PB,D,20200702,000000,16.68,16.88,16.42,16.88,0,0
PLW_PB,D,20200703,000000,16.92,16.92,16.68,16.82,0,0
PLW_PB,D,20200706,000000,16.85,18.08,16.85,18.05,0,0
PLW_PB,D,20200707,000000,17.85,18.15,17.85,18.15,0,0
PLW_PB,D,20200708,000000,18.18,18.18,17.62,17.82,0,0
PLW_PB,D,20200709,000000,18.02,18.02,17.85,17.98,0,0
PLW_PB,D,20200710,000000,17.98,18.02,17.68,17.88,0,0
PLW_PB,D,20200713,000000,18.22,19.59,18.22,19.59,0,0
PLW_PB,D,20200714,000000,19.62,19.62,18.42,18.55,0,0
PLW_PB,D,20200715,000000,18.95,19.52,18.95,19.12,0,0
PLW_PB,D,20200716,000000,19.29,19.29,18.62,18.82,0,0
PLW_PB,D,20200717,000000,18.85,18.85,18.35,18.35,0,0
PLW_PB,D,20200720,000000,18.35,18.58,18.15,18.58,0,0
PLW_PB,D,20200721,000000,18.65,18.65,17.68,17.95,0,0
PLW_PB,D,20200722,000000,17.88,17.88,17.05,17.15,0,0
PLW_PB,D,20200723,000000,17.12,17.55,16.58,16.63,0,0
PLW_PB,D,20200724,000000,16.55,16.62,16.08,16.52,0,0
PLW_PB,D,20200727,000000,16.62,17.45,16.35,17.15,0,0
PLW_PB,D,20200728,000000,17.02,17.25,16.82,17.05,0,0
PLW_PB,D,20200729,000000,16.95,17.12,16.78,17.08,0,0
PLW_PB,D,20200730,000000,17.32,17.32,15.67,15.78,0,0
PLW_PB,D,20200731,000000,15.83,16.75,15.83,16.75,0,0
PLW_PB,D,20200803,000000,17.02,17.02,16.53,16.68,0,0
PLW_PB,D,20200804,000000,16.92,16.92,16.45,16.52,0,0
PLW_PB,D,20200805,000000,16.48,16.52,16.1,16.1,0,0
PLW_PB,D,20200806,000000,16.05,16.68,16.05,16.67,0,0
PLW_PB,D,20200807,000000,16.67,16.67,16.2,16.2,0,0
PLW_PB,D,20200810,000000,16.35,16.65,16.35,16.55,0,0
PLW_PB,D,20200811,000000,16.62,16.65,16.25,16.35,0,0
PLW_PB,D,20200812,000000,16.55,16.55,15.9,16.23,0,0
PLW_PB,D,20200813,000000,16.52,16.52,16.27,16.52,0,0
PLW_PB,D,20200814,000000,16.52,16.52,15.98,16.05,0,0
PLW_PB,D,20200817,000000,16.27,16.5,16.1,16.43,0,0
PLW_PB,D,20200818,000000,16.52,16.72,16.08,16.1,0,0
PLW_PB,D,20200819,000000,16.12,16.28,16.08,16.08,0,0
PLW_PB,D,20200820,000000,16.12,16.12,15.88,15.93,0,0
PLW_PB,D,20200821,000000,16.08,16.38,15.88,16.38,0,0
PLW_PB,D,20200824,000000,16.52,16.67,16.12,16.15,0,0
PLW_PB,D,20200825,000000,16.08,16.25,15.93,15.95,0,0
PLW_PB,D,20200826,000000,16.02,16.05,15.87,16.05,0,0
PLW_PB,D,20200827,000000,15.95,16.28,15.95,16.25,0,0
PLW_PB,D,20200828,000000,16.07,16.22,16.07,16.2,0,0
PLW_PB,D,20200831,000000,16.2,16.58,16.2,16.55,0,0
PLW_PB,D,20200901,000000,16.55,16.62,16.3,16.52,0,0
PLW_PB,D,20200902,000000,16.62,17.45,16.45,17.18,0,0
PLW_PB,D,20200903,000000,17.48,17.75,17.05,17.15,0,0
PLW_PB,D,20200904,000000,16.23,16.92,16.22,16.23,0,0
PLW_PB,D,20200907,000000,16.2,16.55,16.2,16.43,0,0
PLW_PB,D,20200908,000000,16.43,16.58,15.87,16.28,0,0
PLW_PB,D,20200909,000000,16.17,16.25,15.97,16.12,0,0
PLW_PB,D,20200910,000000,16.12,16.22,15.75,15.78,0,0
PLW_PB,D,20200911,000000,15.78,15.82,15.41,15.45,0,0
PLW_PB,D,20200914,000000,15.08,15.28,14.8,15.2,0,0
PLW_PB,D,20200915,000000,15.21,15.45,15.08,15.16,0,0
PLW_PB,D,20200916,000000,15.45,15.75,15.3,15.61,0,0
PLW_PB,D,20200917,000000,15.72,15.72,15.21,15.25,0,0
PLW_PB,D,20200918,000000,15.35,15.5,14.9,14.9,0,0
PLW_PB,D,20200921,000000,14.96,15.01,14.2,14.26,0,0
PLW_PB,D,20200922,000000,14.21,14.56,13.83,14.08,0,0
PLW_PB,D,20200923,000000,14.01,14.66,14.01,14.58,0,0
PLW_PB,D,20200924,000000,14.28,14.61,14.28,14.51,0,0
PLW_PB,D,20200925,000000,14.51,15.35,14.51,15.1,0,0
PLW_PB,D,20200928,000000,15.51,16.42,15.5,16.42,0,0
PLW_PB,D,20200929,000000,16.48,16.75,16.13,16.65,0,0
PLW_PB,D,20200930,000000,18.08,19.12,16.65,18.65,0,0
PLW_PB,D,20201001,000000,18.72,18.72,17.55,17.58,0,0
PLW_PB,D,20201002,000000,17.52,18.38,17.18,18.35,0,0
PLW_PB,D,20201005,000000,18.35,18.58,18.18,18.35,0,0
PLW_PB,D,20201006,000000,18.58,18.65,17.85,17.85,0,0
PLW_PB,D,20201007,000000,17.85,17.85,17.25,17.45,0,0
PLW_PB,D,20201008,000000,17.48,18.12,17.48,17.82,0,0
PLW_PB,D,20201009,000000,17.82,17.82,16.88,17.35,0,0
PLW_PB,D,20201012,000000,17.35,17.92,12.86,12.86,0,0
PLW_PB,D,20201013,000000,12.96,13.23,12.76,13.13,0,0
PLW_PB,D,20201014,000000,13.13,13.54,13.13,13.37,0,0
PLW_PB,D,20201015,000000,13.42,13.42,12.79,12.88,0,0
PLW_PB,D,20201016,000000,12.91,13.42,12.88,13.1,0,0
