<TICKER>,<PER>,<DATE>,<TIME>,<OPEN>,<HIGH>,<LOW>,<CLOSE>,<VOL>,<OPENINT>
TEN_MV,D,20180511,000000,434.65,434.65,434.65,434.65,0,0
TEN_MV,D,20180514,000000,476.73,508.27,463.47,467.61,0,0
TEN_MV,D,20180515,000000,466.91,466.91,411.52,434.65,0,0
TEN_MV,D,20180516,000000,445.17,446.79,424.14,446.37,0,0
TEN_MV,D,20180517,000000,447.76,447.76,413.63,413.63,0,0
TEN_MV,D,20180518,000000,413.63,431.86,410.12,413.63,0,0
TEN_MV,D,20180521,000000,420.71,440.97,420.71,426.24,0,0
TEN_MV,D,20180522,000000,438.17,438.17,427.65,433.67,0,0
TEN_MV,D,20180523,000000,434.65,434.65,413.63,427.65,0,0
TEN_MV,D,20180524,000000,427.65,427.65,419.31,427.57,0,0
TEN_MV,D,20180525,000000,427.65,427.65,417.13,424.21,0,0
TEN_MV,D,20180528,000000,426.24,448.68,424.21,448.68,0,0
TEN_MV,D,20180529,000000,490.74,499.86,463.68,472.37,0,0
TEN_MV,D,20180530,000000,455.55,462.35,429.75,438.17,0,0
TEN_MV,D,20180601,000000,438.17,450.44,432.56,448.68,0,0
TEN_MV,D,20180604,000000,455.7,489.26,455.7,488.64,0,0
TEN_MV,D,20180605,000000,501.34,546.76,501.34,546.76,0,0
TEN_MV,D,20180606,000000,559.09,609.93,555.24,555.95,0,0
TEN_MV,D,20180607,000000,570.67,586.65,543.32,581.89,0,0
TEN_MV,D,20180608,000000,578.3,588.82,564.43,580.83,0,0
TEN_MV,D,20180611,000000,592.4,592.4,529.66,556.57,0,0
TEN_MV,D,20180612,000000,564.36,569.26,557.35,563.58,0,0
TEN_MV,D,20180613,000000,566.8,566.8,550.4,555.73,0,0
TEN_MV,D,20180614,000000,546.83,581.89,533.51,578.38,0,0
TEN_MV,D,20180615,000000,579.77,579.77,568.55,574.87,0,0
TEN_MV,D,20180618,000000,574.17,574.17,560.85,566.95,0,0
TEN_MV,D,20180619,000000,561.55,561.55,539.89,550.33,0,0
TEN_MV,D,20180620,000000,546.83,553.14,525.94,539.75,0,0
TEN_MV,D,20180621,000000,539.75,540.66,506.52,511.78,0,0
TEN_MV,D,20180622,000000,508.27,518.79,508.27,511.7,0,0
TEN_MV,D,20180625,000000,513.52,560.78,501.96,544.52,0,0
TEN_MV,D,20180626,000000,545.43,550.68,525.94,539.75,0,0
TEN_MV,D,20180627,000000,534.21,539.75,525.8,526.85,0,0
TEN_MV,D,20180628,000000,523.34,539.82,522.51,539.68,0,0
TEN_MV,D,20180629,000000,526.99,539.61,526.99,532.8,0,0
TEN_MV,D,20180702,000000,532.8,547.53,532.8,546.83,0,0
TEN_MV,D,20180703,000000,546.83,546.83,536.73,542.62,0,0
TEN_MV,D,20180704,000000,545.78,559.73,539.82,543.32,0,0
TEN_MV,D,20180705,000000,544.02,571.29,543.32,564.36,0,0
TEN_MV,D,20180706,000000,567.86,574.87,561,561.12,0,0
TEN_MV,D,20180709,000000,567.09,567.79,550.68,559.45,0,0
TEN_MV,D,20180710,000000,561.12,616.93,558.26,600.11,0,0
TEN_MV,D,20180711,000000,609.93,609.93,595.9,599.41,0,0
TEN_MV,D,20180712,000000,604.32,606.42,595.9,601.3,0,0
TEN_MV,D,20180713,000000,602.21,602.91,595.9,599.41,0,0
TEN_MV,D,20180716,000000,605.72,609.85,598.71,599.49,0,0
TEN_MV,D,20180717,000000,599.61,599.61,583.63,593.79,0,0
TEN_MV,D,20180718,000000,595.7,595.7,579.36,585.38,0,0
TEN_MV,D,20180719,000000,585.38,588.89,574.87,581.89,0,0
TEN_MV,D,20180720,000000,588.89,602.91,581.89,591.63,0,0
TEN_MV,D,20180723,000000,598.63,606.63,595.9,606.63,0,0
TEN_MV,D,20180724,000000,609.93,615.61,592.46,611.67,0,0
TEN_MV,D,20180725,000000,616.93,678.63,609.93,666.01,0,0
TEN_MV,D,20180726,000000,669.51,700.36,669.51,694.05,0,0
TEN_MV,D,20180727,000000,697.55,746.63,680.04,742.42,0,0
TEN_MV,D,20180730,000000,771.17,813.23,738.22,739.62,0,0
TEN_MV,D,20180731,000000,736.11,770.47,708.08,715.08,0,0
TEN_MV,D,20180801,000000,718.58,728.4,710.88,719.15,0,0
TEN_MV,D,20180802,000000,724.2,730.51,719.29,720.69,0,0
TEN_MV,D,20180803,000000,722.1,728.4,711.57,711.57,0,0
TEN_MV,D,20180806,000000,722.1,722.1,687.39,697.55,0,0
TEN_MV,D,20180807,000000,701.06,711.57,687.47,699.67,0,0
TEN_MV,D,20180808,000000,707.38,748.59,697.55,748.59,0,0
TEN_MV,D,20180809,000000,765.56,799.2,743.96,799.2,0,0
TEN_MV,D,20180810,000000,800.61,800.61,774.53,795.7,0,0
TEN_MV,D,20180813,000000,791.5,830.61,788.7,820.25,0,0
TEN_MV,D,20180814,000000,820.25,861.6,816.73,858.8,0,0
TEN_MV,D,20180816,000000,875.48,893.85,851.1,879.82,0,0
TEN_MV,D,20180817,000000,883.34,883.34,851.93,862.31,0,0
TEN_MV,D,20180820,000000,869.32,895.26,841.28,844.78,0,0
TEN_MV,D,20180821,000000,860.91,860.91,827.4,848.29,0,0
TEN_MV,D,20180822,000000,855.29,855.29,831.46,835.11,0,0
TEN_MV,D,20180823,000000,848.29,848.29,816.73,819.54,0,0
TEN_MV,D,20180824,000000,847.58,847.58,821.92,827.25,0,0
TEN_MV,D,20180827,000000,834.26,869.32,834.26,841.28,0,0
TEN_MV,D,20180828,000000,823.75,855.29,741.44,741.44,0,0
TEN_MV,D,20180829,000000,741.3,799.2,694.05,771.17,0,0
TEN_MV,D,20180830,000000,790.79,790.79,736.11,750.14,0,0
TEN_MV,D,20180831,000000,743.13,743.13,701.06,710.17,0,0
TEN_MV,D,20180903,000000,701.21,708.08,595.9,595.9,0,0
TEN_MV,D,20180904,000000,582.58,637.76,582.58,629.41,0,0
TEN_MV,D,20180905,000000,628.15,668.82,628.15,641.47,0,0
TEN_MV,D,20180906,000000,630.25,630.25,602.91,620.44,0,0
TEN_MV,D,20180907,000000,609.93,649.88,609.93,620.44,0,0
TEN_MV,D,20180910,000000,610.06,651.99,595.9,651.99,0,0
TEN_MV,D,20180911,000000,666.01,666.01,612.73,612.73,0,0
TEN_MV,D,20180912,000000,632.36,637.97,599.41,603.06,0,0
TEN_MV,D,20180913,000000,623.66,623.66,609.93,622.05,0,0
TEN_MV,D,20180914,000000,623.95,628.86,616.93,628.86,0,0
TEN_MV,D,20180917,000000,628.15,718.58,628.15,718.58,0,0
TEN_MV,D,20180918,000000,722.1,764.16,715.08,715.08,0,0
TEN_MV,D,20180919,000000,711.57,733.45,676.52,676.52,0,0
TEN_MV,D,20180920,000000,676.59,693.91,676.59,689.85,0,0
TEN_MV,D,20180921,000000,694.05,714.38,691.31,701.06,0,0
TEN_MV,D,20180924,000000,701.06,708.08,651.99,651.99,0,0
TEN_MV,D,20180925,000000,659.7,686.97,659.7,684.58,0,0
TEN_MV,D,20180926,000000,685.64,712.28,677.58,679.89,0,0
TEN_MV,D,20180927,000000,685.64,704.57,685.64,687.04,0,0
TEN_MV,D,20180928,000000,694.05,706.67,666.78,680.04,0,0
TEN_MV,D,20181001,000000,680.04,682.76,656.19,661.24,0,0
TEN_MV,D,20181002,000000,652.69,661.8,641.82,648.48,0,0
TEN_MV,D,20181003,000000,651.91,662.85,623.95,661.8,0,0
TEN_MV,D,20181004,000000,666.01,666.01,641.47,644.98,0,0
TEN_MV,D,20181005,000000,633.76,691.26,633.76,663.21,0,0
TEN_MV,D,20181008,000000,663.06,666.01,630.95,638.66,0,0
TEN_MV,D,20181009,000000,631.66,642.8,623.95,635.17,0,0
TEN_MV,D,20181010,000000,634.46,634.46,598.71,605.72,0,0
TEN_MV,D,20181011,000000,575.57,583.29,533.79,558.74,0,0
TEN_MV,D,20181012,000000,567.86,588.54,552.43,587.41,0,0
TEN_MV,D,20181015,000000,595.9,595.9,570.03,580.83,0,0
TEN_MV,D,20181016,000000,581.89,587.49,577.67,581.89,0,0
TEN_MV,D,20181017,000000,581.89,585.53,561.55,564.36,0,0
TEN_MV,D,20181018,000000,562.26,574.66,553.84,554.54,0,0
TEN_MV,D,20181019,000000,549.63,557.35,541.92,551.11,0,0
TEN_MV,D,20181022,000000,546.83,546.83,510.03,536.31,0,0
TEN_MV,D,20181023,000000,518.79,518.79,487.23,511.84,0,0
TEN_MV,D,20181024,000000,499.22,536.31,499.22,522.43,0,0
TEN_MV,D,20181025,000000,495.02,502.31,487.66,496,0,0
TEN_MV,D,20181026,000000,497.76,518.79,497.76,497.83,0,0
TEN_MV,D,20181029,000000,497.89,511.08,497.83,507.91,0,0
TEN_MV,D,20181030,000000,504.76,508.98,501.47,508.27,0,0
TEN_MV,D,20181031,000000,512.83,539.75,508.27,528.61,0,0
TEN_MV,D,20181102,000000,539.82,574.87,539.82,567.86,0,0
TEN_MV,D,20181105,000000,575.01,659.7,575.01,644.98,0,0
TEN_MV,D,20181106,000000,658.29,680.73,644.98,665.3,0,0
TEN_MV,D,20181107,000000,676.52,676.52,616.93,619.25,0,0
TEN_MV,D,20181108,000000,620.09,644.98,611.32,617.99,0,0
TEN_MV,D,20181109,000000,609.93,609.93,578.38,600.81,0,0
TEN_MV,D,20181113,000000,581.89,581.89,567.86,578.38,0,0
TEN_MV,D,20181114,000000,571.36,613.01,568.07,612.37,0,0
TEN_MV,D,20181115,000000,616.93,622.54,595.9,606.42,0,0
TEN_MV,D,20181116,000000,605.01,609.93,571.36,578.38,0,0
TEN_MV,D,20181119,000000,585.38,595.48,561.55,572.14,0,0
TEN_MV,D,20181120,000000,567.86,571.36,546.83,547.18,0,0
TEN_MV,D,20181121,000000,539.12,539.12,525.72,530.01,0,0
TEN_MV,D,20181122,000000,537.02,588.96,533.51,588.96,0,0
TEN_MV,D,20181123,000000,602.91,612.73,583.99,583.99,0,0
TEN_MV,D,20181126,000000,583.29,599.34,583.29,592.4,0,0
TEN_MV,D,20181127,000000,592.4,595.9,581.89,588.89,0,0
TEN_MV,D,20181128,000000,591.7,609.23,591.7,602.91,0,0
TEN_MV,D,20181129,000000,608.52,620.51,608.52,619.74,0,0
TEN_MV,D,20181130,000000,616.93,624.64,613.42,616.93,0,0
TEN_MV,D,20181203,000000,618.34,618.34,578.38,582.02,0,0
TEN_MV,D,20181204,000000,590.99,590.99,564.36,579.08,0,0
TEN_MV,D,20181205,000000,571.22,571.22,557.35,567.86,0,0
TEN_MV,D,20181206,000000,560.85,560.85,543.32,546.83,0,0
TEN_MV,D,20181207,000000,553.64,575.57,553.64,560.78,0,0
TEN_MV,D,20181210,000000,546.83,553.84,539.82,539.82,0,0
TEN_MV,D,20181211,000000,546.83,546.83,534.56,546.83,0,0
TEN_MV,D,20181212,000000,546.83,551.66,539.82,546.83,0,0
TEN_MV,D,20181213,000000,553.84,599.41,549.97,582.58,0,0
TEN_MV,D,20181214,000000,582.58,590.22,568.15,570.67,0,0
TEN_MV,D,20181217,000000,570.59,570.59,555.24,562.6,0,0
TEN_MV,D,20181218,000000,560.85,560.85,546.83,552.43,0,0
TEN_MV,D,20181219,000000,553.84,569.26,548.37,561.19,0,0
TEN_MV,D,20181220,000000,552.43,557.35,547.25,547.66,0,0
TEN_MV,D,20181221,000000,549.28,555.24,515.21,520.19,0,0
TEN_MV,D,20181227,000000,529.3,541.22,525.8,541.22,0,0
TEN_MV,D,20181228,000000,543.32,560.85,529.37,560.85,0,0
TEN_MV,D,20190102,000000,553.84,560.78,548.24,551.11,0,0
TEN_MV,D,20190103,000000,550.26,551.11,540.59,540.59,0,0
TEN_MV,D,20190104,000000,539.96,580.2,539.96,578.38,0,0
TEN_MV,D,20190107,000000,582.58,591.7,574.87,584.68,0,0
TEN_MV,D,20190108,000000,616.93,635.17,609.93,630.95,0,0
TEN_MV,D,20190109,000000,631.1,637.97,616.93,637.97,0,0
TEN_MV,D,20190110,000000,636.57,636.57,619.11,623.95,0,0
TEN_MV,D,20190111,000000,623.87,637.05,617.64,623.95,0,0
TEN_MV,D,20190114,000000,629.55,629.55,609.93,623.87,0,0
TEN_MV,D,20190115,000000,617,638.66,614.9,638.66,0,0
TEN_MV,D,20190116,000000,641.47,661.8,641.47,659,0,0
TEN_MV,D,20190117,000000,662.51,662.51,648.06,651.29,0,0
TEN_MV,D,20190118,000000,654.1,657.24,641.47,642.88,0,0
TEN_MV,D,20190121,000000,644.98,644.98,638.31,642.52,0,0
TEN_MV,D,20190122,000000,637.97,637.97,623.95,628.15,0,0
TEN_MV,D,20190123,000000,630.95,664.95,628.15,654.15,0,0
TEN_MV,D,20190124,000000,651.99,651.99,640.07,641.47,0,0
TEN_MV,D,20190125,000000,641.47,658.16,596.6,619.74,0,0
TEN_MV,D,20190128,000000,619.74,630.25,614.83,619.32,0,0
TEN_MV,D,20190129,000000,614.55,630.95,614.55,620.44,0,0
TEN_MV,D,20190130,000000,620.44,624.23,609.93,613.5,0,0
TEN_MV,D,20190131,000000,620.44,620.44,602.91,607.12,0,0
TEN_MV,D,20190201,000000,607.9,613.42,602.91,607.12,0,0
TEN_MV,D,20190204,000000,609.93,637.97,609.93,630.25,0,0
TEN_MV,D,20190205,000000,637.97,637.97,625.07,628.15,0,0
TEN_MV,D,20190206,000000,630.95,637.27,611.04,616.93,0,0
TEN_MV,D,20190207,000000,618.75,618.75,590.99,595.9,0,0
TEN_MV,D,20190208,000000,585.38,589.6,579.22,580.48,0,0
TEN_MV,D,20190211,000000,561.69,579.08,561.55,575.57,0,0
TEN_MV,D,20190212,000000,576.97,595.9,576.97,590.37,0,0
TEN_MV,D,20190213,000000,586.79,595.9,586.79,591.7,0,0
TEN_MV,D,20190214,000000,597.3,597.3,581.89,591.63,0,0
TEN_MV,D,20190215,000000,585.38,588.89,581.89,588.89,0,0
TEN_MV,D,20190218,000000,590.37,604.32,590.37,602.91,0,0
TEN_MV,D,20190219,000000,606.42,606.42,594.5,595.27,0,0
TEN_MV,D,20190220,000000,595.2,605.72,595.2,605.72,0,0
TEN_MV,D,20190221,000000,608.52,616.16,602.91,615.33,0,0
TEN_MV,D,20190222,000000,615.33,619.74,614.83,619.74,0,0
TEN_MV,D,20190225,000000,620.09,628.01,616.93,623.95,0,0
TEN_MV,D,20190226,000000,623.95,625.35,619.74,623.59,0,0
TEN_MV,D,20190227,000000,621.14,625.35,616.93,620.72,0,0
TEN_MV,D,20190228,000000,609.93,619.59,609.93,617.21,0,0
TEN_MV,D,20190301,000000,644.83,663.91,644.83,655.49,0,0
TEN_MV,D,20190304,000000,655.49,655.49,635.17,654.8,0,0
TEN_MV,D,20190305,000000,654.8,658.93,647.43,658.86,0,0
TEN_MV,D,20190306,000000,652.69,676.52,652.69,669.51,0,0
TEN_MV,D,20190307,000000,669.51,669.51,659.77,665.3,0,0
TEN_MV,D,20190308,000000,659,665.3,639.36,639.36,0,0
TEN_MV,D,20190311,000000,639.36,651.29,631.79,640.54,0,0
TEN_MV,D,20190312,000000,644.03,680.93,640.96,663.52,0,0
TEN_MV,D,20190313,000000,668.39,671.52,663.52,668.04,0,0
TEN_MV,D,20190314,000000,671.46,689.28,671.46,689.28,0,0
TEN_MV,D,20190315,000000,691.36,709.61,686.77,686.77,0,0
TEN_MV,D,20190318,000000,689.98,696.25,677.44,689.28,0,0
TEN_MV,D,20190319,000000,689.28,713.52,680.44,703.21,0,0
TEN_MV,D,20190320,000000,715.04,729.67,710.16,727.57,0,0
TEN_MV,D,20190321,000000,731.05,733.14,710.16,724.09,0,0
TEN_MV,D,20190322,000000,710.16,717.14,696.25,696.25,0,0
TEN_MV,D,20190325,000000,686.63,686.63,667.07,681.55,0,0
TEN_MV,D,20190326,000000,680.93,685.8,675.36,683.01,0,0
TEN_MV,D,20190327,000000,685.66,708.64,685.66,699.72,0,0
TEN_MV,D,20190328,000000,703.21,710.16,696.25,707.66,0,0
TEN_MV,D,20190329,000000,710.16,710.16,703.21,710.16,0,0
TEN_MV,D,20190401,000000,724.09,751.95,717.14,733.84,0,0
TEN_MV,D,20190402,000000,738.02,797.9,738.02,779.79,0,0
TEN_MV,D,20190403,000000,795.12,821.56,793.72,818.78,0,0
TEN_MV,D,20190404,000000,820.18,820.18,789.54,789.54,0,0
TEN_MV,D,20190405,000000,836.89,849.42,810.42,821.56,0,0
TEN_MV,D,20190408,000000,821.56,828.53,803.47,828.53,0,0
TEN_MV,D,20190409,000000,828.53,828.53,814.61,825.75,0,0
TEN_MV,D,20190410,000000,827.14,827.14,811.82,814.61,0,0
TEN_MV,D,20190411,000000,814.61,814.61,796.5,800.68,0,0
TEN_MV,D,20190412,000000,813.21,817.4,804.86,806.26,0,0
TEN_MV,D,20190415,000000,814.61,814.61,793.72,803.47,0,0
TEN_MV,D,20190416,000000,800.68,800.68,775.62,783.98,0,0
TEN_MV,D,20190417,000000,782.58,785.36,767.26,771.44,0,0
TEN_MV,D,20190418,000000,770.05,797.9,756.12,797.9,0,0
TEN_MV,D,20190423,000000,803.47,835.49,803.47,835.49,0,0
TEN_MV,D,20190424,000000,835.49,849.42,821.56,832.7,0,0
TEN_MV,D,20190425,000000,835.49,849.42,829.92,849.42,0,0
TEN_MV,D,20190426,000000,856.38,881.45,856.38,881.45,0,0
TEN_MV,D,20190429,000000,881.45,882.83,861.95,868.91,0,0
TEN_MV,D,20190430,000000,854.98,870.31,854.98,863.34,0,0
TEN_MV,D,20190502,000000,870.31,896.76,870.31,892.59,0,0
TEN_MV,D,20190506,000000,887.02,887.02,860.56,885.62,0,0
TEN_MV,D,20190507,000000,891.19,891.19,852.2,852.2,0,0
TEN_MV,D,20190508,000000,849.42,913.47,846.63,912.08,0,0
TEN_MV,D,20190509,000000,921.83,988.67,921.83,939.93,0,0
TEN_MV,D,20190510,000000,953.86,959.42,919.04,946.89,0,0
TEN_MV,D,20190513,000000,946.89,946.89,914.87,920.44,0,0
TEN_MV,D,20190514,000000,921.83,939.93,916.25,932.97,0,0
TEN_MV,D,20190515,000000,939.93,987.28,932.97,987.28,0,0
TEN_MV,D,20190516,000000,1001.21,1036.01,1001.21,1020.7,0,0
TEN_MV,D,20190517,000000,1020.7,1020.7,983.09,995.63,0,0
TEN_MV,D,20190520,000000,995.63,995.63,907.9,907.9,0,0
TEN_MV,D,20190521,000000,949.67,949.67,891.19,914.87,0,0
TEN_MV,D,20190522,000000,863.34,926,850.81,912.08,0,0
TEN_MV,D,20190523,000000,931.58,931.58,850.81,853.6,0,0
TEN_MV,D,20190524,000000,849.42,905.11,846.63,895.37,0,0
TEN_MV,D,20190527,000000,896.76,930.18,896.76,927.39,0,0
TEN_MV,D,20190528,000000,931.58,931.58,889.8,926,0,0
TEN_MV,D,20190529,000000,910.69,919.04,898.16,917.65,0,0
TEN_MV,D,20190530,000000,917.65,939.93,898.16,939.93,0,0
TEN_MV,D,20190531,000000,944.11,944.11,916.25,938.53,0,0
TEN_MV,D,20190603,000000,932.97,938.53,916.25,926,0,0
TEN_MV,D,20190604,000000,924.57,927.44,890.17,908.8,0,0
TEN_MV,D,20190605,000000,914.53,917.4,900.2,900.2,0,0
TEN_MV,D,20190606,000000,898.77,901.64,868.66,893.04,0,0
TEN_MV,D,20190607,000000,895.9,938.91,881.57,933.17,0,0
TEN_MV,D,20190610,000000,933.17,933.17,900.2,908.8,0,0
TEN_MV,D,20190611,000000,910.24,910.24,898.77,910.24,0,0
TEN_MV,D,20190612,000000,910.24,910.24,884.44,895.9,0,0
TEN_MV,D,20190613,000000,895.9,895.9,885.87,888.73,0,0
TEN_MV,D,20190614,000000,888.73,888.73,872.97,874.4,0,0
TEN_MV,D,20190617,000000,874.4,881.57,822.79,852.9,0,0
TEN_MV,D,20190618,000000,852.9,852.9,815.63,821.37,0,0
TEN_MV,D,20190619,000000,817.06,841.43,817.06,828.53,0,0
TEN_MV,D,20190621,000000,831.4,883,831.4,867.24,0,0
TEN_MV,D,20190624,000000,881.57,913.11,881.57,910.24,0,0
TEN_MV,D,20190625,000000,904.51,911.67,874.4,887.3,0,0
TEN_MV,D,20190626,000000,875.84,895.9,860.06,884.44,0,0
TEN_MV,D,20190627,000000,884.44,931.74,884.44,930.31,0,0
TEN_MV,D,20190628,000000,931.74,961.84,931.74,946.07,0,0
TEN_MV,D,20190701,000000,971.87,976.18,933.17,933.17,0,0
TEN_MV,D,20190702,000000,927.44,927.44,900.2,900.2,0,0
TEN_MV,D,20190703,000000,915.97,928.87,901.64,928.87,0,0
TEN_MV,D,20190704,000000,931.74,941.78,921.71,923.14,0,0
TEN_MV,D,20190705,000000,931.74,931.74,913.11,914.53,0,0
TEN_MV,D,20190708,000000,910.24,910.24,880.13,885.87,0,0
TEN_MV,D,20190709,000000,885.87,894.47,868.66,885.87,0,0
TEN_MV,D,20190710,000000,885.87,903.07,885.87,903.07,0,0
TEN_MV,D,20190711,000000,903.07,903.07,880.13,885.87,0,0
TEN_MV,D,20190712,000000,878.7,888.73,878.7,887.3,0,0
TEN_MV,D,20190715,000000,888.73,888.73,871.53,871.53,0,0
TEN_MV,D,20190716,000000,872.97,880.13,845.73,852.9,0,0
TEN_MV,D,20190717,000000,857.2,871.53,857.2,864.37,0,0
TEN_MV,D,20190718,000000,864.37,888.73,862.93,878.7,0,0
TEN_MV,D,20190719,000000,878.7,897.33,878.7,890.17,0,0
TEN_MV,D,20190722,000000,890.17,895.9,878.7,883,0,0
TEN_MV,D,20190723,000000,888.73,888.73,880.13,884.44,0,0
TEN_MV,D,20190724,000000,888.73,895.9,884.44,885.87,0,0
TEN_MV,D,20190725,000000,887.3,897.33,881.57,894.47,0,0
TEN_MV,D,20190726,000000,897.33,903.07,893.04,895.9,0,0
TEN_MV,D,20190729,000000,895.9,895.9,885.87,890.17,0,0
TEN_MV,D,20190730,000000,891.6,891.6,872.97,880.13,0,0
TEN_MV,D,20190731,000000,880.13,931.74,880.13,923.14,0,0
TEN_MV,D,20190801,000000,923.14,941.78,901.64,905.93,0,0
TEN_MV,D,20190802,000000,905.93,913.11,881.57,881.57,0,0
TEN_MV,D,20190805,000000,880.13,880.13,852.9,852.9,0,0
TEN_MV,D,20190806,000000,852.9,871.53,852.9,861.5,0,0
TEN_MV,D,20190807,000000,877.27,877.27,835.7,839.01,0,0
TEN_MV,D,20190808,000000,847.63,862,834.7,862,0,0
TEN_MV,D,20190809,000000,876.36,876.36,843.32,843.32,0,0
TEN_MV,D,20190812,000000,844.76,860.56,833.26,834.7,0,0
TEN_MV,D,20190813,000000,847.63,854.82,823.21,847.63,0,0
TEN_MV,D,20190814,000000,844.76,850.5,818.9,824.64,0,0
TEN_MV,D,20190816,000000,826.08,826.08,794.47,811.71,0,0
TEN_MV,D,20190819,000000,818.9,837.58,817.46,828.95,0,0
TEN_MV,D,20190820,000000,826.08,840.45,807.41,807.41,0,0
TEN_MV,D,20190821,000000,810.28,890.73,810.28,889.3,0,0
TEN_MV,D,20190822,000000,879.24,882.11,862,873.5,0,0
TEN_MV,D,20190823,000000,882.11,905.1,874.92,897.92,0,0
TEN_MV,D,20190826,000000,880.68,896.48,870.62,895.04,0,0
TEN_MV,D,20190827,000000,893.6,896.48,869.18,876.36,0,0
TEN_MV,D,20190828,000000,896.48,920.9,882.11,919.46,0,0
TEN_MV,D,20190829,000000,919.46,1002.79,919.46,991.3,0,0
TEN_MV,D,20190830,000000,1001.35,1027.22,991.3,991.3,0,0
TEN_MV,D,20190902,000000,991.3,991.3,948.19,976.93,0,0
TEN_MV,D,20190903,000000,989.86,1012.85,989.86,1011.41,0,0
TEN_MV,D,20190904,000000,1004.23,1020.03,994.17,1005.66,0,0
TEN_MV,D,20190905,000000,1005.66,1024.34,997.04,997.04,0,0
TEN_MV,D,20190906,000000,998.48,1008.54,992.73,998.48,0,0
TEN_MV,D,20190909,000000,998.48,999.92,968.31,989.86,0,0
TEN_MV,D,20190910,000000,986.99,989.86,978.37,989.86,0,0
TEN_MV,D,20190911,000000,979.81,997.04,979.81,989.86,0,0
TEN_MV,D,20190912,000000,992.73,992.73,976.93,986.99,0,0
TEN_MV,D,20190913,000000,984.11,984.11,962.57,972.62,0,0
TEN_MV,D,20190916,000000,961.13,979.81,952.51,976.93,0,0
TEN_MV,D,20190917,000000,965.43,978.37,962.57,975.49,0,0
TEN_MV,D,20190918,000000,975.49,975.49,962.57,962.57,0,0
TEN_MV,D,20190919,000000,962.57,994.17,962.57,994.17,0,0
TEN_MV,D,20190920,000000,994.17,1041.58,994.17,1041.58,0,0
TEN_MV,D,20190923,000000,1041.58,1041.58,1004.23,1008.54,0,0
TEN_MV,D,20190924,000000,1005.66,1012.85,986.99,989.86,0,0
TEN_MV,D,20190925,000000,1004.23,1005.66,984.11,984.11,0,0
TEN_MV,D,20190926,000000,991.3,991.3,974.05,989.86,0,0
TEN_MV,D,20190927,000000,976.93,984.11,975.49,978.37,0,0
TEN_MV,D,20190930,000000,978.37,982.68,962.57,964.01,0,0
TEN_MV,D,20191001,000000,969.75,1005.66,965.43,999.92,0,0
TEN_MV,D,20191002,000000,998.48,998.48,922.34,928.09,0,0
TEN_MV,D,20191003,000000,919.46,952.51,916.59,933.83,0,0
TEN_MV,D,20191004,000000,936.71,948.19,926.65,948.19,0,0
TEN_MV,D,20191007,000000,949.63,951.07,933.83,951.07,0,0
TEN_MV,D,20191008,000000,959.69,1027.22,959.69,1012.85,0,0
TEN_MV,D,20191009,000000,1021.47,1088.99,1012.85,1084.68,0,0
TEN_MV,D,20191010,000000,1087.55,1107.67,1064.56,1066,0,0
TEN_MV,D,20191011,000000,1074.62,1097.61,1064.56,1074.62,0,0
TEN_MV,D,20191014,000000,1078.93,1163.7,1074.62,1163.7,0,0
TEN_MV,D,20191015,000000,1149.33,1169.44,1129.21,1143.59,0,0
TEN_MV,D,20191016,000000,1146.45,1149.33,1134.97,1142.15,0,0
TEN_MV,D,20191017,000000,1155.07,1228.34,1129.21,1180.94,0,0
TEN_MV,D,20191018,000000,1182.37,1198.18,1149.33,1162.26,0,0
TEN_MV,D,20191021,000000,1170.88,1192.43,1165.13,1180.94,0,0
TEN_MV,D,20191022,000000,1180.94,1180.94,1096.17,1106.23,0,0
TEN_MV,D,20191023,000000,1113.41,1113.41,1012.85,1048.76,0,0
TEN_MV,D,20191024,000000,1048.76,1066,1048.76,1054.51,0,0
TEN_MV,D,20191025,000000,1063.13,1088.99,1060.26,1076.06,0,0
TEN_MV,D,20191028,000000,1103.36,1103.36,1076.06,1091.86,0,0
TEN_MV,D,20191029,000000,1087.55,1137.83,1087.55,1127.78,0,0
TEN_MV,D,20191030,000000,1120.59,1140.71,1120.59,1133.53,0,0
TEN_MV,D,20191031,000000,1133.53,1147.89,1124.91,1142.15,0,0
TEN_MV,D,20191104,000000,1150.77,1183.81,1150.77,1183.81,0,0
TEN_MV,D,20191105,000000,1185.25,1235.53,1185.25,1228.34,0,0
TEN_MV,D,20191106,000000,1228.34,1258.52,1186.68,1186.68,0,0
TEN_MV,D,20191107,000000,1185.25,1235.53,1185.25,1219.72,0,0
TEN_MV,D,20191108,000000,1222.6,1242.72,1195.3,1228.34,0,0
TEN_MV,D,20191112,000000,1232.66,1232.66,1202.48,1202.48,0,0
TEN_MV,D,20191113,000000,1213.98,1218.3,1201.05,1202.48,0,0
TEN_MV,D,20191114,000000,1206.8,1215.42,1155.07,1170.88,0,0
TEN_MV,D,20191115,000000,1156.51,1213.98,1156.51,1202.48,0,0
TEN_MV,D,20191118,000000,1211.1,1211.1,1166.57,1192.43,0,0
TEN_MV,D,20191119,000000,1189.56,1201.05,1178.06,1196.74,0,0
TEN_MV,D,20191120,000000,1196.74,1216.86,1188.12,1216.86,0,0
TEN_MV,D,20191121,000000,1221.16,1271.45,1221.16,1271.45,0,0
TEN_MV,D,20191122,000000,1270.01,1270.01,1249.9,1268.57,0,0
TEN_MV,D,20191125,000000,1271.45,1281.51,1265.7,1271.45,0,0
TEN_MV,D,20191126,000000,1277.19,1277.19,1242.72,1249.9,0,0
TEN_MV,D,20191127,000000,1271.45,1271.45,1226.91,1235.53,0,0
TEN_MV,D,20191128,000000,1242.72,1242.72,1201.05,1221.16,0,0
TEN_MV,D,20191129,000000,1221.16,1221.16,1180.94,1199.62,0,0
TEN_MV,D,20191202,000000,1203.92,1261.39,1203.92,1257.08,0,0
TEN_MV,D,20191203,000000,1254.21,1295.87,1251.33,1282.94,0,0
TEN_MV,D,20191204,000000,1292.99,1307.37,1282.94,1294.43,0,0
TEN_MV,D,20191205,000000,1292.99,1292.99,1277.19,1285.81,0,0
TEN_MV,D,20191206,000000,1285.81,1285.81,1272.88,1280.07,0,0
TEN_MV,D,20191209,000000,1275.76,1290.13,1271.45,1277.19,0,0
TEN_MV,D,20191210,000000,1282.94,1318.85,1271.45,1317.42,0,0
TEN_MV,D,20191211,000000,1318.85,1372.02,1318.85,1372.02,0,0
TEN_MV,D,20191212,000000,1382.07,1476.18,1372.02,1476.18,0,0
TEN_MV,D,20191213,000000,1465.39,1465.39,1409.36,1432.35,0,0
TEN_MV,D,20191216,000000,1436.66,1436.66,1413.68,1423.73,0,0
TEN_MV,D,20191217,000000,1420.86,1501.31,1397.88,1501.31,0,0
TEN_MV,D,20191218,000000,1501.31,1551.6,1486.95,1540.82,0,0
TEN_MV,D,20191219,000000,1540.82,1576.73,1540.82,1569.55,0,0
TEN_MV,D,20191220,000000,1569.55,1569.55,1501.31,1501.31,0,0
TEN_MV,D,20191223,000000,1519.27,1565.96,1479.77,1479.77,0,0
TEN_MV,D,20191227,000000,1486.95,1486.95,1422.3,1422.3,0,0
TEN_MV,D,20191230,000000,1422.3,1461.8,1419.42,1422.3,0,0
TEN_MV,D,20200102,000000,1436.66,1490.54,1436.66,1476.18,0,0
TEN_MV,D,20200103,000000,1476.18,1504.9,1472.58,1494.13,0,0
TEN_MV,D,20200107,000000,1501.31,1551.6,1501.31,1537.23,0,0
TEN_MV,D,20200108,000000,1530.05,1630.61,1530.05,1623.43,0,0
TEN_MV,D,20200109,000000,1637.79,1752.73,1637.79,1745.54,0,0
TEN_MV,D,20200110,000000,1738.36,1759.92,1695.26,1695.26,0,0
TEN_MV,D,20200113,000000,1706.04,1745.54,1698.85,1741.95,0,0
TEN_MV,D,20200114,000000,1756.32,1795.83,1716.81,1788.65,0,0
TEN_MV,D,20200115,000000,1795.83,1799.42,1666.53,1666.53,0,0
TEN_MV,D,20200116,000000,1680.89,1759.92,1666.53,1731.18,0,0
TEN_MV,D,20200117,000000,1680.89,1767.1,1680.89,1716.81,0,0
TEN_MV,D,20200120,000000,1713.22,1820.97,1713.22,1810.19,0,0
TEN_MV,D,20200121,000000,1831.75,1831.75,1788.65,1795.83,0,0
TEN_MV,D,20200122,000000,1803.01,1864.07,1803.01,1853.29,0,0
TEN_MV,D,20200123,000000,1853.29,1864.07,1831.75,1838.93,0,0
TEN_MV,D,20200124,000000,1838.93,1957.45,1831.75,1928.72,0,0
TEN_MV,D,20200127,000000,1928.72,1928.72,1838.93,1856.89,0,0
TEN_MV,D,20200128,000000,1853.29,1928.72,1853.29,1856.89,0,0
TEN_MV,D,20200129,000000,1709.63,1792.24,1688.08,1702.45,0,0
TEN_MV,D,20200130,000000,1695.26,1702.45,1659.35,1659.35,0,0
TEN_MV,D,20200131,000000,1659.35,1702.45,1659.35,1662.94,0,0
TEN_MV,D,20200203,000000,1666.53,1781.46,1666.53,1781.46,0,0
TEN_MV,D,20200204,000000,1810.19,1903.58,1810.19,1892.81,0,0
TEN_MV,D,20200205,000000,1917.94,1946.68,1882.03,1896.4,0,0
TEN_MV,D,20200206,000000,1896.4,1907.17,1853.29,1889.21,0,0
TEN_MV,D,20200207,000000,1860.48,1932.31,1860.48,1903.58,0,0
TEN_MV,D,20200210,000000,1903.58,1928.72,1896.4,1910.76,0,0
TEN_MV,D,20200211,000000,1917.94,1996.97,1917.94,1982.59,0,0
TEN_MV,D,20200212,000000,1982.59,1982.59,1939.5,1939.5,0,0
TEN_MV,D,20200213,000000,1964.64,1964.64,1914.35,1928.72,0,0
TEN_MV,D,20200214,000000,1943.09,1943.09,1867.66,1882.03,0,0
TEN_MV,D,20200217,000000,1882.03,1932.31,1882.03,1921.53,0,0
TEN_MV,D,20200218,000000,1921.53,1925.12,1846.11,1860.48,0,0
TEN_MV,D,20200219,000000,1838.93,1964.64,1820.97,1964.64,0,0
TEN_MV,D,20200220,000000,1975.41,1982.59,1882.03,1935.91,0,0
TEN_MV,D,20200221,000000,1975.41,2111.9,1975.41,2111.9,0,0
TEN_MV,D,20200224,000000,2079.57,2079.57,1950.27,2007.74,0,0
TEN_MV,D,20200225,000000,2000.56,2000.56,1831.75,1889.21,0,0
TEN_MV,D,20200226,000000,1846.11,1989.77,1835.34,1917.94,0,0
TEN_MV,D,20200227,000000,1925.12,1968.23,1856.89,1867.66,0,0
TEN_MV,D,20200228,000000,1767.1,1867.66,1673.71,1817.37,0,0
TEN_MV,D,20200302,000000,2011.33,2018.51,1853.29,1935.91,0,0
TEN_MV,D,20200303,000000,2011.33,2190.91,2000.56,2190.91,0,0
TEN_MV,D,20200304,000000,2147.81,2223.24,2111.9,2180.14,0,0
TEN_MV,D,20200305,000000,2248.38,2251.97,2104.71,2180.14,0,0
TEN_MV,D,20200306,000000,2097.52,2180.14,2061.61,2147.81,0,0
TEN_MV,D,20200309,000000,1939.5,2022.1,1824.57,2007.74,0,0
TEN_MV,D,20200310,000000,2036.47,2097.52,1914.35,1968.23,0,0
TEN_MV,D,20200311,000000,1968.23,1968.23,1803.01,1813.78,0,0
TEN_MV,D,20200312,000000,1652.17,1652.17,1338.97,1338.97,0,0
TEN_MV,D,20200313,000000,1472.58,1619.84,1392.12,1476.18,0,0
TEN_MV,D,20200316,000000,1436.66,1709.63,1379.2,1655.76,0,0
TEN_MV,D,20200317,000000,1727.59,1803.01,1702.45,1727.59,0,0
TEN_MV,D,20200318,000000,1727.59,1856.89,1709.63,1724,0,0
TEN_MV,D,20200319,000000,1731.18,1803.01,1724,1795.83,0,0
TEN_MV,D,20200320,000000,1867.66,1939.5,1795.83,1846.11,0,0
TEN_MV,D,20200323,000000,1759.92,1896.4,1759.92,1817.37,0,0
TEN_MV,D,20200324,000000,1989.77,2025.69,1932.31,2011.33,0,0
TEN_MV,D,20200325,000000,2097.52,2097.52,1953.86,1968.23,0,0
TEN_MV,D,20200326,000000,1943.09,1989.77,1932.31,1979,0,0
TEN_MV,D,20200327,000000,1989.77,1993.37,1975.41,1975.41,0,0
TEN_MV,D,20200330,000000,1975.41,2011.33,1946.68,1989.77,0,0
TEN_MV,D,20200331,000000,2025.69,2075.98,2025.69,2032.88,0,0
TEN_MV,D,20200401,000000,1996.97,2183.73,1996.97,2129.85,0,0
TEN_MV,D,20200402,000000,2154.99,2190.91,2129.85,2154.99,0,0
TEN_MV,D,20200403,000000,2158.58,2176.55,2119.08,2154.99,0,0
TEN_MV,D,20200406,000000,2190.91,2348.95,2180.14,2284.3,0,0
TEN_MV,D,20200407,000000,2327.39,2370.49,2169.37,2169.37,0,0
TEN_MV,D,20200408,000000,2154.99,2241.2,2154.99,2234.01,0,0
TEN_MV,D,20200409,000000,2305.84,2305.84,2180.14,2219.64,0,0
TEN_MV,D,20200414,000000,2226.83,2291.48,2226.83,2287.89,0,0
TEN_MV,D,20200415,000000,2302.25,2316.62,2251.97,2287.89,0,0
TEN_MV,D,20200416,000000,2298.66,2359.72,2298.66,2348.95,0,0
TEN_MV,D,20200417,000000,2384.86,2539.3,2384.86,2510.57,0,0
TEN_MV,D,20200420,000000,2517.76,2672.19,2517.76,2672.19,0,0
TEN_MV,D,20200421,000000,2665.01,2665.01,2564.44,2568.04,0,0
TEN_MV,D,20200422,000000,2550.07,2665.01,2514.16,2665.01,0,0
TEN_MV,D,20200423,000000,2679.37,2736.84,2636.28,2733.25,0,0
TEN_MV,D,20200424,000000,2700.93,2758.39,2686.56,2744.03,0,0
TEN_MV,D,20200427,000000,2769.17,2937.98,2769.17,2909.24,0,0
TEN_MV,D,20200428,000000,2923.61,2955.93,2923.61,2952.34,0,0
TEN_MV,D,20200429,000000,2991.85,3117.56,2991.85,3096.01,0,0
TEN_MV,D,20200430,000000,3160.66,3160.66,2955.93,3013.4,0,0
TEN_MV,D,20200504,000000,3189.39,3268.41,3178.62,3232.49,0,0
TEN_MV,D,20200505,000000,3261.23,3390.53,3254.04,3254.04,0,0
TEN_MV,D,20200506,000000,3325.88,3325.88,3167.84,3239.67,0,0
TEN_MV,D,20200507,000000,3243.26,3311.5,3243.26,3268.41,0,0
TEN_MV,D,20200508,000000,3289.96,3289.96,3142.7,3221.72,0,0
TEN_MV,D,20200511,000000,3239.67,3272,3203.76,3218.13,0,0
TEN_MV,D,20200512,000000,3257.63,3282.78,3192.98,3243.26,0,0
TEN_MV,D,20200513,000000,3304.32,3379.75,3304.32,3340.24,0,0
TEN_MV,D,20200514,000000,3347.42,3347.42,3171.43,3232.49,0,0
TEN_MV,D,20200515,000000,3340.24,3351.02,3236.08,3351.02,0,0
TEN_MV,D,20200518,000000,3386.94,3404.89,3318.7,3361.79,0,0
TEN_MV,D,20200519,000000,3397.71,3397.71,3354.61,3354.61,0,0
TEN_MV,D,20200520,000000,3376.16,3552.15,3351.02,3519.82,0,0
TEN_MV,D,20200521,000000,3562.93,3685.04,3544.96,3677.86,0,0
TEN_MV,D,20200522,000000,3656.3,3692.22,3613.21,3685.04,0,0
TEN_MV,D,20200525,000000,3685.04,3900.54,3685.04,3871.81,0,0
TEN_MV,D,20200526,000000,3886.17,3886.17,3713.77,3742.51,0,0
TEN_MV,D,20200527,000000,3756.87,3792.79,3440.81,3591.66,0,0
TEN_MV,D,20200528,000000,3620.62,3678.55,3356.32,3656.83,0,0
TEN_MV,D,20200529,000000,3678.55,3722,3533.73,3678.55,0,0
TEN_MV,D,20200601,000000,3620.62,3794.41,3620.62,3794.41,0,0
TEN_MV,D,20200602,000000,3830.62,3830.62,3620.62,3656.83,0,0
TEN_MV,D,20200603,000000,3685.79,3714.76,3588.04,3598.9,0,0
TEN_MV,D,20200604,000000,3613.38,3627.86,3407.01,3414.25,0,0
TEN_MV,D,20200605,000000,3454.07,3490.28,3454.07,3479.42,0,0
TEN_MV,D,20200608,000000,3512,3512,3247.7,3283.9,0,0
TEN_MV,D,20200609,000000,3276.66,3526.49,3222.35,3526.49,0,0
TEN_MV,D,20200610,000000,3591.66,3693.03,3548.21,3635.1,0,0
TEN_MV,D,20200612,000000,3475.8,3671.31,3475.8,3656.83,0,0
TEN_MV,D,20200615,000000,3613.38,3635.1,3580.8,3620.62,0,0
TEN_MV,D,20200616,000000,3685.79,3743.72,3678.55,3736.48,0,0
TEN_MV,D,20200617,000000,3736.48,3946.48,3729.24,3946.48,0,0
TEN_MV,D,20200618,000000,3982.68,3982.68,3823.38,3823.38,0,0
TEN_MV,D,20200619,000000,3823.38,3939.24,3823.38,3874.07,0,0
TEN_MV,D,20200622,000000,3852.34,4069.58,3852.34,4055.1,0,0
TEN_MV,D,20200623,000000,4076.82,4192.68,4033.37,4062.34,0,0
TEN_MV,D,20200624,000000,4062.34,4105.79,4018.89,4018.89,0,0
TEN_MV,D,20200625,000000,4018.89,4127.51,3939.24,4127.51,0,0
TEN_MV,D,20200626,000000,4192.68,4192.68,3982.68,3989.93,0,0
TEN_MV,D,20200629,000000,3924.75,3982.68,3830.62,3837.86,0,0
TEN_MV,D,20200630,000000,3837.86,4018.89,3736.48,3765.45,0,0
TEN_MV,D,20200701,000000,3765.45,3968.2,3765.45,3968.2,0,0
TEN_MV,D,20200702,000000,3982.68,4033.37,3968.2,3968.2,0,0
TEN_MV,D,20200703,000000,3960.96,4134.75,3960.96,4105.79,0,0
TEN_MV,D,20200706,000000,4141.99,4446.12,4120.27,4359.23,0,0
TEN_MV,D,20200707,000000,4373.71,4431.64,4250.61,4315.78,0,0
TEN_MV,D,20200708,000000,4337.51,4337.51,4279.58,4315.78,0,0
TEN_MV,D,20200709,000000,4323.02,4330.26,4279.58,4308.54,0,0
TEN_MV,D,20200710,000000,4272.33,4272.33,4163.72,4192.68,0,0
TEN_MV,D,20200713,000000,4286.82,4286.82,4199.92,4236.13,0,0
TEN_MV,D,20200714,000000,4236.13,4236.13,4069.58,4127.51,0,0
TEN_MV,D,20200715,000000,4134.75,4286.82,4120.27,4163.72,0,0
TEN_MV,D,20200716,000000,4214.4,4236.13,4127.51,4236.13,0,0
TEN_MV,D,20200717,000000,4207.16,4207.16,4141.99,4170.96,0,0
TEN_MV,D,20200720,000000,4127.51,4127.51,3989.93,4011.65,0,0
TEN_MV,D,20200721,000000,4040.61,4192.68,4018.89,4018.89,0,0
TEN_MV,D,20200722,000000,3982.68,4047.86,3917.51,3917.51,0,0
TEN_MV,D,20200723,000000,3895.79,4011.65,3895.79,3953.72,0,0
TEN_MV,D,20200724,000000,3881.31,3924.75,3808.89,3895.79,0,0
TEN_MV,D,20200727,000000,3874.07,4062.34,3787.17,4062.34,0,0
TEN_MV,D,20200728,000000,4033.37,4033.37,3946.48,3946.48,0,0
TEN_MV,D,20200729,000000,3939.24,4040.61,3888.55,4018.89,0,0
TEN_MV,D,20200730,000000,4018.89,4040.61,3910.27,3953.72,0,0
TEN_MV,D,20200731,000000,3910.27,4033.37,3910.27,3982.68,0,0
TEN_MV,D,20200803,000000,4062.34,4062.34,3946.48,4026.13,0,0
TEN_MV,D,20200804,000000,4062.34,4084.06,3968.2,4018.89,0,0
TEN_MV,D,20200805,000000,4018.89,4018.89,3837.86,3837.86,0,0
TEN_MV,D,20200806,000000,3837.86,3975.44,3779.93,3946.48,0,0
TEN_MV,D,20200807,000000,3924.75,3989.93,3830.62,3960.96,0,0
TEN_MV,D,20200810,000000,3968.2,4026.13,3932,3953.72,0,0
TEN_MV,D,20200811,000000,3975.44,4163.72,3939.24,4163.72,0,0
TEN_MV,D,20200812,000000,4127.51,4127.51,4069.58,4127.51,0,0
TEN_MV,D,20200813,000000,4163.72,4228.89,4127.51,4163.72,0,0
TEN_MV,D,20200814,000000,4134.75,4185.44,4091.3,4113.03,0,0
TEN_MV,D,20200817,000000,4134.75,4214.4,4105.79,4149.23,0,0
TEN_MV,D,20200818,000000,4192.68,4192.68,4120.27,4156.47,0,0
TEN_MV,D,20200819,000000,4185.44,4243.37,4127.51,4127.51,0,0
TEN_MV,D,20200820,000000,4163.72,4178.2,4113.03,4163.72,0,0
TEN_MV,D,20200821,000000,4156.47,4221.65,4156.47,4163.72,0,0
TEN_MV,D,20200824,000000,4221.65,4221.65,4084.06,4091.3,0,0
TEN_MV,D,20200825,000000,4069.58,4069.58,3917.51,3946.48,0,0
TEN_MV,D,20200826,000000,3946.48,4076.82,3866.82,4040.61,0,0
TEN_MV,D,20200827,000000,4098.54,4163.72,4026.13,4062.34,0,0
TEN_MV,D,20200828,000000,4105.79,4105.79,3997.17,4026.13,0,0
TEN_MV,D,20200831,000000,4084.06,4106.03,3939.24,4106.03,0,0
TEN_MV,D,20200901,000000,4091.5,4171.44,3982.49,3982.49,0,0
TEN_MV,D,20200902,000000,4018.82,4142.37,4018.82,4106.03,0,0
TEN_MV,D,20200903,000000,4113.3,4156.9,3938.88,3946.15,0,0
TEN_MV,D,20200904,000000,3924.35,4018.82,3858.94,3888.01,0,0
TEN_MV,D,20200907,000000,3888.01,3997.02,3888.01,3982.49,0,0
TEN_MV,D,20200908,000000,3982.49,4062.43,3880.74,4033.36,0,0
TEN_MV,D,20200909,000000,3960.68,4055.16,3960.68,4033.36,0,0
TEN_MV,D,20200910,000000,4026.09,4047.89,3873.48,3967.95,0,0
TEN_MV,D,20200911,000000,3931.62,3997.02,3924.35,3975.22,0,0
TEN_MV,D,20200914,000000,3924.35,4018.82,3917.08,4018.82,0,0
TEN_MV,D,20200915,000000,3960.68,4004.29,3924.35,3960.68,0,0
TEN_MV,D,20200916,000000,3967.95,4076.96,3967.95,4026.09,0,0
TEN_MV,D,20200917,000000,3997.02,4069.69,3967.95,4069.69,0,0
TEN_MV,D,20200918,000000,4004.29,4185.97,4004.29,4127.83,0,0
TEN_MV,D,20200921,000000,4127.83,4127.83,3938.88,3946.15,0,0
TEN_MV,D,20200922,000000,3938.88,4055.16,3888.01,3997.02,0,0
TEN_MV,D,20200923,000000,3997.02,3997.02,3888.01,3888.01,0,0
TEN_MV,D,20200924,000000,3851.67,3880.74,3815.34,3829.87,0,0
TEN_MV,D,20200925,000000,3822.61,3960.68,3699.06,3917.08,0,0
TEN_MV,D,20200928,000000,3960.68,4055.16,3960.68,4047.89,0,0
TEN_MV,D,20200929,000000,4142.37,4149.63,4084.23,4135.1,0,0
TEN_MV,D,20200930,000000,4106.03,4156.9,4098.76,4156.9,0,0
TEN_MV,D,20201001,000000,4178.7,4185.97,4142.37,4185.97,0,0
TEN_MV,D,20201002,000000,4207.77,4309.52,4207.77,4287.71,0,0
TEN_MV,D,20201005,000000,4287.71,4324.05,4142.37,4215.04,0,0
TEN_MV,D,20201006,000000,4215.04,4215.04,3989.75,4018.82,0,0
TEN_MV,D,20201007,000000,4026.09,4055.16,3909.81,3967.95,0,0
TEN_MV,D,20201008,000000,3997.02,4069.69,3997.02,4047.89,0,0
TEN_MV,D,20201009,000000,3997.02,4098.76,3938.88,4084.23,0,0
TEN_MV,D,20201012,000000,4120.57,4527.53,4120.57,4527.53,0,0
TEN_MV,D,20201013,000000,4513,4781.89,4513,4716.48,0,0
TEN_MV,D,20201014,000000,4716.48,4716.48,4622.01,4651.08,0,0
TEN_MV,D,20201015,000000,4643.81,4651.08,4433.06,4476.66,0,0
TEN_MV,D,20201016,000000,4651.08,4934.5,4651.08,4898.17,0,0
