<TICKER>,<PER>,<DATE>,<TIME>,<OPEN>,<HIGH>,<LOW>,<CLOSE>,<VOL>,<OPENINT>
ULG_MV,D,20180615,000000,38.836,38.836,38.836,38.836,0,0
ULG_MV,D,20180618,000000,37.477,43.69,37.477,38.35,0,0
ULG_MV,D,20180619,000000,38.35,38.35,33.982,35.34,0,0
ULG_MV,D,20180620,000000,34.127,34.127,29.127,29.224,0,0
ULG_MV,D,20180621,000000,30.341,38.788,30.341,37.719,0,0
ULG_MV,D,20180622,000000,39.564,43.447,37.865,38.836,0,0
ULG_MV,D,20180625,000000,39.952,39.952,36.409,36.409,0,0
ULG_MV,D,20180626,000000,37.379,37.865,35.486,37.67,0,0
ULG_MV,D,20180627,000000,36.894,37.67,35.778,37.039,0,0
ULG_MV,D,20180628,000000,36.991,36.991,33.496,35.438,0,0
ULG_MV,D,20180629,000000,35.438,35.438,32.573,33.496,0,0
ULG_MV,D,20180702,000000,33.496,34.467,33.496,33.982,0,0
ULG_MV,D,20180703,000000,33.982,34.758,33.982,34.71,0,0
ULG_MV,D,20180704,000000,34.661,36.409,34.661,35.729,0,0
ULG_MV,D,20180705,000000,36.409,38.01,36.409,37.428,0,0
ULG_MV,D,20180706,000000,38.108,38.108,35.971,37.089,0,0
ULG_MV,D,20180709,000000,36.699,36.699,35.34,35.826,0,0
ULG_MV,D,20180710,000000,36.214,37.622,35.438,36.651,0,0
ULG_MV,D,20180711,000000,37.282,41.263,37.137,38.788,0,0
ULG_MV,D,20180712,000000,39.321,39.564,37.962,38.788,0,0
ULG_MV,D,20180713,000000,38.788,38.836,37.622,38.836,0,0
ULG_MV,D,20180716,000000,40.049,40.049,38.253,38.35,0,0
ULG_MV,D,20180717,000000,38.69,39.369,37.913,39.224,0,0
ULG_MV,D,20180718,000000,38.836,39.321,37.477,39.176,0,0
ULG_MV,D,20180719,000000,39.224,39.418,38.108,39.321,0,0
ULG_MV,D,20180720,000000,39.273,39.321,38.35,38.593,0,0
ULG_MV,D,20180723,000000,39.321,39.321,37.865,39.078,0,0
ULG_MV,D,20180724,000000,38.398,38.593,37.379,38.593,0,0
ULG_MV,D,20180725,000000,37.379,38.738,37.379,38.738,0,0
ULG_MV,D,20180726,000000,37.865,38.981,37.768,38.981,0,0
ULG_MV,D,20180727,000000,38.836,40.244,38.545,40.147,0,0
ULG_MV,D,20180730,000000,42.816,48.545,42.816,47.573,0,0
ULG_MV,D,20180731,000000,48.545,50.972,46.36,48.059,0,0
ULG_MV,D,20180801,000000,48.448,48.448,45.05,45.438,0,0
ULG_MV,D,20180802,000000,44.661,45.389,43.059,45.098,0,0
ULG_MV,D,20180803,000000,44.661,46.554,43.739,45.341,0,0
ULG_MV,D,20180806,000000,45.729,45.729,44.71,45.293,0,0
ULG_MV,D,20180807,000000,45.632,45.632,42.768,44.515,0,0
ULG_MV,D,20180808,000000,44.661,46.117,43.69,45.535,0,0
ULG_MV,D,20180809,000000,45.632,45.632,44.515,45.146,0,0
ULG_MV,D,20180810,000000,45.389,48.059,45.146,46.36,0,0
ULG_MV,D,20180813,000000,48.302,51.069,48.302,50.195,0,0
ULG_MV,D,20180814,000000,50.972,51.749,50.098,50.292,0,0
ULG_MV,D,20180816,000000,51.069,51.069,47.671,49.321,0,0
ULG_MV,D,20180817,000000,49.419,49.71,48.496,49.321,0,0
ULG_MV,D,20180820,000000,51.166,63.108,51.166,63.108,0,0
ULG_MV,D,20180821,000000,62.234,62.817,58.254,60.681,0,0
ULG_MV,D,20180822,000000,59.71,71.361,59.71,62.622,0,0
ULG_MV,D,20180823,000000,65.049,66.02,57.671,57.768,0,0
ULG_MV,D,20180824,000000,57.768,59.03,50.972,51.943,0,0
ULG_MV,D,20180827,000000,58.156,61.166,57.574,60.39,0,0
ULG_MV,D,20180828,000000,61.166,62.429,59.419,60.681,0,0
ULG_MV,D,20180829,000000,61.166,62.332,58.544,60.39,0,0
ULG_MV,D,20180830,000000,60.39,62.137,59.224,60.39,0,0
ULG_MV,D,20180831,000000,53.497,58.739,53.497,56.895,0,0
ULG_MV,D,20180903,000000,56.895,56.895,51.166,51.943,0,0
ULG_MV,D,20180904,000000,50.487,55.244,50.001,51.846,0,0
ULG_MV,D,20180905,000000,50.972,53.982,50.487,52.429,0,0
ULG_MV,D,20180906,000000,51.749,55.341,51.749,54.468,0,0
ULG_MV,D,20180907,000000,55.244,60.681,55.146,60.098,0,0
ULG_MV,D,20180910,000000,60.098,62.525,56.312,58.254,0,0
ULG_MV,D,20180911,000000,58.351,60.002,56.409,57.185,0,0
ULG_MV,D,20180912,000000,57.283,58.739,57.283,58.156,0,0
ULG_MV,D,20180913,000000,58.254,58.254,56.409,56.992,0,0
ULG_MV,D,20180914,000000,57.283,60.002,57.283,58.836,0,0
ULG_MV,D,20180917,000000,57.477,59.224,56.7,57.477,0,0
ULG_MV,D,20180918,000000,56.409,59.224,55.826,58.059,0,0
ULG_MV,D,20180919,000000,58.059,58.059,55.924,57.768,0,0
ULG_MV,D,20180920,000000,57.283,57.963,56.506,57.768,0,0
ULG_MV,D,20180921,000000,57.088,60.293,57.088,58.739,0,0
ULG_MV,D,20180924,000000,59.224,59.224,56.797,58.739,0,0
ULG_MV,D,20180925,000000,59.127,59.127,57.768,58.254,0,0
ULG_MV,D,20180926,000000,57.768,58.254,57.283,58.156,0,0
ULG_MV,D,20180927,000000,58.156,59.516,58.156,59.516,0,0
ULG_MV,D,20180928,000000,59.419,59.419,57.088,58.254,0,0
ULG_MV,D,20181001,000000,57.38,57.865,53.982,53.982,0,0
ULG_MV,D,20181002,000000,54.661,55.826,53.982,54.661,0,0
ULG_MV,D,20181003,000000,54.468,55.438,53.982,55.341,0,0
ULG_MV,D,20181004,000000,55.341,57.574,55.341,57.185,0,0
ULG_MV,D,20181005,000000,57.185,59.516,55.826,59.322,0,0
ULG_MV,D,20181008,000000,59.224,59.613,57.477,58.156,0,0
ULG_MV,D,20181009,000000,58.156,58.156,55.826,55.826,0,0
ULG_MV,D,20181010,000000,55.341,56.506,54.468,55.341,0,0
ULG_MV,D,20181011,000000,53.399,53.399,47.573,48.545,0,0
ULG_MV,D,20181012,000000,48.641,53.399,48.641,53.399,0,0
ULG_MV,D,20181015,000000,53.399,53.399,50.583,51.749,0,0
ULG_MV,D,20181016,000000,50.583,54.953,50.583,54.953,0,0
ULG_MV,D,20181017,000000,55.826,57.185,54.856,55.244,0,0
ULG_MV,D,20181018,000000,55.341,57.671,53.497,56.312,0,0
ULG_MV,D,20181019,000000,54.468,56.797,54.468,55.826,0,0
ULG_MV,D,20181022,000000,57.768,60.195,55.341,58.739,0,0
ULG_MV,D,20181023,000000,59.71,66.991,59.71,62.137,0,0
ULG_MV,D,20181024,000000,63.593,65.924,63.108,65.341,0,0
ULG_MV,D,20181025,000000,63.108,63.4,59.71,61.458,0,0
ULG_MV,D,20181026,000000,62.525,62.525,58.544,58.544,0,0
ULG_MV,D,20181029,000000,58.059,58.739,55.341,58.254,0,0
ULG_MV,D,20181030,000000,58.254,60.681,56.312,60.195,0,0
ULG_MV,D,20181031,000000,60.195,61.166,58.254,60.487,0,0
ULG_MV,D,20181102,000000,60.487,62.137,58.934,61.846,0,0
ULG_MV,D,20181105,000000,61.943,63.593,61.846,62.914,0,0
ULG_MV,D,20181106,000000,62.622,64.953,62.429,64.953,0,0
ULG_MV,D,20181107,000000,65.535,66.991,65.147,66.798,0,0
ULG_MV,D,20181108,000000,67.088,70.293,64.661,70.293,0,0
ULG_MV,D,20181109,000000,70.876,73.691,67.963,68.448,0,0
ULG_MV,D,20181113,000000,67.963,71.264,66.02,69.905,0,0
ULG_MV,D,20181114,000000,72.137,72.525,70.39,71.749,0,0
ULG_MV,D,20181115,000000,70.876,71.361,67.478,70.293,0,0
ULG_MV,D,20181116,000000,69.905,69.905,63.108,69.516,0,0
ULG_MV,D,20181119,000000,68.934,69.905,65.827,66.798,0,0
ULG_MV,D,20181120,000000,67.866,67.866,62.137,63.108,0,0
ULG_MV,D,20181121,000000,61.166,65.049,60.681,63.885,0,0
ULG_MV,D,20181122,000000,63.108,65.049,62.137,65.049,0,0
ULG_MV,D,20181123,000000,63.205,66.991,63.108,65.535,0,0
ULG_MV,D,20181126,000000,65.535,67.963,64.176,66.895,0,0
ULG_MV,D,20181127,000000,66.895,67.186,65.535,66.895,0,0
ULG_MV,D,20181128,000000,66.02,66.798,64.759,66.02,0,0
ULG_MV,D,20181129,000000,66.991,66.991,65.924,66.798,0,0
ULG_MV,D,20181130,000000,66.798,66.798,64.759,64.759,0,0
ULG_MV,D,20181203,000000,65.244,66.991,65.244,66.409,0,0
ULG_MV,D,20181204,000000,66.409,66.409,63.982,64.953,0,0
ULG_MV,D,20181205,000000,63.205,67.478,62.429,67.088,0,0
ULG_MV,D,20181206,000000,66.991,66.991,65.049,66.603,0,0
ULG_MV,D,20181207,000000,66.798,66.798,65.049,66.02,0,0
ULG_MV,D,20181210,000000,66.506,66.506,62.72,62.817,0,0
ULG_MV,D,20181211,000000,63.108,63.108,60.681,62.332,0,0
ULG_MV,D,20181212,000000,62.72,64.371,61.652,63.011,0,0
ULG_MV,D,20181213,000000,61.652,63.011,60.875,60.875,0,0
ULG_MV,D,20181214,000000,59.71,61.652,59.71,60.875,0,0
ULG_MV,D,20181217,000000,60.875,61.166,59.613,59.71,0,0
ULG_MV,D,20181218,000000,59.322,59.322,55.826,56.992,0,0
ULG_MV,D,20181219,000000,57.768,58.059,52.429,53.399,0,0
ULG_MV,D,20181220,000000,53.497,56.895,53.497,54.37,0,0
ULG_MV,D,20181221,000000,54.37,56.312,53.399,55.924,0,0
ULG_MV,D,20181227,000000,60.39,60.39,55.826,56.797,0,0
ULG_MV,D,20181228,000000,56.7,58.156,56.312,58.059,0,0
ULG_MV,D,20190102,000000,60.195,62.04,57.768,60.39,0,0
ULG_MV,D,20190103,000000,60.39,60.875,58.739,59.224,0,0
ULG_MV,D,20190104,000000,61.166,61.166,58.254,59.904,0,0
ULG_MV,D,20190107,000000,60.583,62.137,60.002,62.137,0,0
ULG_MV,D,20190108,000000,62.234,64.759,62.234,64.371,0,0
ULG_MV,D,20190109,000000,64.371,65.244,62.332,64.273,0,0
ULG_MV,D,20190110,000000,63.885,64.856,63.108,64.856,0,0
ULG_MV,D,20190111,000000,64.953,66.215,64.953,65.147,0,0
ULG_MV,D,20190114,000000,65.147,65.827,63.788,65.827,0,0
ULG_MV,D,20190115,000000,66.215,74.274,66.215,71.846,0,0
ULG_MV,D,20190116,000000,71.846,78.642,71.846,78.157,0,0
ULG_MV,D,20190117,000000,78.157,82.526,75.924,76.991,0,0
ULG_MV,D,20190118,000000,77.477,79.808,76.312,77.477,0,0
ULG_MV,D,20190121,000000,80.099,82.235,78.351,82.235,0,0
ULG_MV,D,20190122,000000,82.526,85.438,80.681,81.555,0,0
ULG_MV,D,20190123,000000,80.876,85.438,80.876,82.332,0,0
ULG_MV,D,20190124,000000,82.623,82.623,76.603,77.671,0,0
ULG_MV,D,20190125,000000,78.545,79.03,73.4,75.924,0,0
ULG_MV,D,20190128,000000,76.118,77.089,74.274,74.662,0,0
ULG_MV,D,20190129,000000,75.244,76.312,73.303,73.788,0,0
ULG_MV,D,20190130,000000,76.798,81.943,75.535,80.001,0,0
ULG_MV,D,20190131,000000,79.613,81.069,77.671,78.642,0,0
ULG_MV,D,20190201,000000,82.138,82.138,77.671,77.671,0,0
ULG_MV,D,20190204,000000,79.613,79.613,74.953,76.798,0,0
ULG_MV,D,20190205,000000,76.215,77.089,74.953,75.244,0,0
ULG_MV,D,20190206,000000,76.215,77.574,76.021,76.312,0,0
ULG_MV,D,20190207,000000,77.671,77.671,75.05,76.215,0,0
ULG_MV,D,20190208,000000,75.73,76.215,74.953,76.215,0,0
ULG_MV,D,20190211,000000,76.603,76.603,74.759,75.73,0,0
ULG_MV,D,20190212,000000,74.953,76.41,74.953,75.244,0,0
ULG_MV,D,20190213,000000,75.342,79.128,75.342,79.128,0,0
ULG_MV,D,20190214,000000,81.069,81.361,79.322,80.293,0,0
ULG_MV,D,20190215,000000,81.069,81.069,77.671,79.613,0,0
ULG_MV,D,20190218,000000,79.613,80.876,77.671,80.099,0,0
ULG_MV,D,20190219,000000,79.42,79.905,77.671,79.42,0,0
ULG_MV,D,20190220,000000,79.128,79.225,77.574,79.225,0,0
ULG_MV,D,20190221,000000,79.225,79.905,78.448,79.516,0,0
ULG_MV,D,20190222,000000,79.613,80.099,79.516,80.099,0,0
ULG_MV,D,20190225,000000,81.652,81.652,79.808,80.779,0,0
ULG_MV,D,20190226,000000,80.972,80.972,79.225,80.099,0,0
ULG_MV,D,20190227,000000,80.099,84.953,79.516,84.953,0,0
ULG_MV,D,20190228,000000,85.535,89.323,84.759,88.448,0,0
ULG_MV,D,20190301,000000,89.128,91.75,87.477,90.002,0,0
ULG_MV,D,20190304,000000,89.904,91.264,87.477,90.682,0,0
ULG_MV,D,20190305,000000,90.779,96.701,90.779,94.177,0,0
ULG_MV,D,20190306,000000,94.177,96.021,92.721,93.691,0,0
ULG_MV,D,20190307,000000,93.206,94.468,91.943,92.041,0,0
ULG_MV,D,20190308,000000,91.362,94.662,89.808,92.721,0,0
ULG_MV,D,20190311,000000,94.857,110.92,94.857,99.52,0,0
ULG_MV,D,20190312,000000,102.68,109.47,102.43,102.43,0,0
ULG_MV,D,20190313,000000,102.43,102.43,95.633,99.52,0,0
ULG_MV,D,20190314,000000,98.547,107.28,98.547,106.56,0,0
ULG_MV,D,20190315,000000,106.8,108.98,105.83,107.53,0,0
ULG_MV,D,20190318,000000,108.74,108.98,103.16,104.38,0,0
ULG_MV,D,20190319,000000,103.88,103.88,97.089,101.7,0,0
ULG_MV,D,20190320,000000,101.95,104.6,99.52,104.6,0,0
ULG_MV,D,20190321,000000,104.6,109.68,103.08,108.41,0,0
ULG_MV,D,20190322,000000,109.43,109.94,106.88,108.41,0,0
ULG_MV,D,20190325,000000,106.64,107.14,104.6,105.61,0,0
ULG_MV,D,20190326,000000,106.88,107.39,105.11,107.39,0,0
ULG_MV,D,20190327,000000,107.14,107.14,104.86,104.86,0,0
ULG_MV,D,20190328,000000,105.88,106.64,103.59,106.12,0,0
ULG_MV,D,20190329,000000,106.12,113.24,106.12,112.73,0,0
ULG_MV,D,20190401,000000,111.96,114,110.18,112.47,0,0
ULG_MV,D,20190402,000000,111.46,113.24,110.18,111.72,0,0
ULG_MV,D,20190403,000000,111.96,113.24,110.18,111.2,0,0
ULG_MV,D,20190404,000000,111.2,111.2,109.94,110.95,0,0
ULG_MV,D,20190405,000000,110.69,111.46,108.92,110.44,0,0
ULG_MV,D,20190408,000000,109.68,109.68,103.59,105.11,0,0
ULG_MV,D,20190409,000000,104.86,107.39,97.497,107.39,0,0
ULG_MV,D,20190410,000000,105.88,109.68,105.88,108.41,0,0
ULG_MV,D,20190411,000000,108.16,108.16,106.64,107.14,0,0
ULG_MV,D,20190412,000000,106.88,108.16,104.1,106.12,0,0
ULG_MV,D,20190415,000000,106.64,108.92,106.38,107.66,0,0
ULG_MV,D,20190416,000000,107.66,108.41,106.38,107.39,0,0
ULG_MV,D,20190417,000000,107.39,112.22,106.88,109.68,0,0
ULG_MV,D,20190418,000000,110.69,110.95,107.14,109.18,0,0
ULG_MV,D,20190423,000000,107.9,115.77,107.9,115.77,0,0
ULG_MV,D,20190424,000000,116.79,117.3,114.51,117.3,0,0
ULG_MV,D,20190425,000000,116.03,118.06,115.52,117.54,0,0
ULG_MV,D,20190426,000000,118.31,118.31,114.76,116.54,0,0
ULG_MV,D,20190429,000000,115.26,116.79,112.73,115.77,0,0
ULG_MV,D,20190430,000000,116.29,116.54,113.24,116.54,0,0
ULG_MV,D,20190502,000000,117.3,117.81,115.52,115.52,0,0
ULG_MV,D,20190506,000000,115.77,116.54,114,116.54,0,0
ULG_MV,D,20190507,000000,116.54,117.3,114.25,114.25,0,0
ULG_MV,D,20190508,000000,114.51,115.52,111.2,114.51,0,0
ULG_MV,D,20190509,000000,114.76,115.26,112.47,112.47,0,0
ULG_MV,D,20190510,000000,112.73,114,110.69,110.69,0,0
ULG_MV,D,20190513,000000,111.72,111.72,103.08,106.12,0,0
ULG_MV,D,20190514,000000,106.38,107.9,101.81,105.11,0,0
ULG_MV,D,20190515,000000,105.11,110.18,99.62,110.18,0,0
ULG_MV,D,20190516,000000,113.74,113.74,107.66,110.44,0,0
ULG_MV,D,20190517,000000,108.66,108.92,106.12,108.92,0,0
ULG_MV,D,20190520,000000,107.39,108.41,103.33,104.6,0,0
ULG_MV,D,20190521,000000,101.81,103.59,97.294,100.64,0,0
ULG_MV,D,20190522,000000,96.982,101.35,96.982,101.35,0,0
ULG_MV,D,20190523,000000,99.53,101.05,97.497,98.616,0,0
ULG_MV,D,20190524,000000,96.982,100.44,94.449,99.021,0,0
ULG_MV,D,20190527,000000,100.24,100.24,97.089,98.206,0,0
ULG_MV,D,20190528,000000,98.206,100.03,97.39,100.03,0,0
ULG_MV,D,20190529,000000,100.03,100.03,94.953,97.187,0,0
ULG_MV,D,20190530,000000,96.982,106.38,96.682,104.1,0,0
ULG_MV,D,20190531,000000,104.6,104.6,99.93,100.85,0,0
ULG_MV,D,20190603,000000,99.73,99.73,96.478,97.702,0,0
ULG_MV,D,20190604,000000,95.973,96.886,93.633,96.886,0,0
ULG_MV,D,20190605,000000,96.478,96.478,91.303,92.215,0,0
ULG_MV,D,20190606,000000,91.303,93.332,90.381,93.332,0,0
ULG_MV,D,20190607,000000,94.953,98.715,91.905,98.715,0,0
ULG_MV,D,20190610,000000,98.508,98.508,94.545,96.682,0,0
ULG_MV,D,20190611,000000,97.497,100.85,95.06,100.53,0,0
ULG_MV,D,20190612,000000,101.56,101.56,97.187,98.409,0,0
ULG_MV,D,20190613,000000,99.021,99.83,96.478,99.021,0,0
ULG_MV,D,20190614,000000,99.416,99.53,97.187,98.508,0,0
ULG_MV,D,20190617,000000,98.715,99.021,96.478,98.002,0,0
ULG_MV,D,20190618,000000,98.002,98.3,96.478,97.294,0,0
ULG_MV,D,20190619,000000,97.294,98.616,96.478,98.002,0,0
ULG_MV,D,20190621,000000,97.895,100.85,97.594,98.508,0,0
ULG_MV,D,20190624,000000,98.002,102.58,98.002,100.74,0,0
ULG_MV,D,20190625,000000,100.53,101.46,99.53,101.46,0,0
ULG_MV,D,20190626,000000,102.06,102.06,101.05,101.46,0,0
ULG_MV,D,20190627,000000,101.35,103.84,101.25,103.59,0,0
ULG_MV,D,20190628,000000,105.39,107.46,105.39,107.46,0,0
ULG_MV,D,20190701,000000,110.56,111.08,107.46,108.49,0,0
ULG_MV,D,20190702,000000,109.53,109.53,105.92,108.49,0,0
ULG_MV,D,20190703,000000,106.43,109.27,106.17,107.46,0,0
ULG_MV,D,20190704,000000,107.46,107.46,104.88,106.69,0,0
ULG_MV,D,20190705,000000,105.92,106.69,105.14,106.43,0,0
ULG_MV,D,20190708,000000,106.43,108.49,104.88,106.94,0,0
ULG_MV,D,20190709,000000,107.2,107.2,104.62,105.92,0,0
ULG_MV,D,20190710,000000,105.65,105.65,104.62,105.39,0,0
ULG_MV,D,20190711,000000,104.62,105.65,103.33,105.65,0,0
ULG_MV,D,20190712,000000,105.39,105.39,102.81,103.84,0,0
ULG_MV,D,20190715,000000,102.5,103.33,102.08,102.08,0,0
ULG_MV,D,20190716,000000,101.98,109.01,101.98,104.1,0,0
ULG_MV,D,20190717,000000,106.43,108.24,105.39,107.72,0,0
ULG_MV,D,20190718,000000,108.24,108.24,106.17,107.98,0,0
ULG_MV,D,20190719,000000,107.98,107.98,106.69,107.2,0,0
ULG_MV,D,20190722,000000,109.01,112.62,107.98,108.49,0,0
ULG_MV,D,20190723,000000,109.53,111.34,109.53,110.56,0,0
ULG_MV,D,20190724,000000,110.56,111.6,109.53,111.08,0,0
ULG_MV,D,20190725,000000,112.62,112.62,110.3,111.85,0,0
ULG_MV,D,20190726,000000,112.11,117.79,110.56,117.79,0,0
ULG_MV,D,20190729,000000,120.38,120.89,115.98,119.86,0,0
ULG_MV,D,20190730,000000,122.44,122.44,113.66,113.66,0,0
ULG_MV,D,20190731,000000,110.56,112.37,108.49,112.11,0,0
ULG_MV,D,20190801,000000,112.11,112.11,107.2,109.01,0,0
ULG_MV,D,20190802,000000,107.98,110.3,103.33,109.53,0,0
ULG_MV,D,20190805,000000,108.49,108.49,104.62,105.39,0,0
ULG_MV,D,20190806,000000,105.39,107.46,103.84,107.2,0,0
ULG_MV,D,20190807,000000,107.98,107.98,104.88,107.2,0,0
ULG_MV,D,20190808,000000,104.62,108.24,104.37,106.94,0,0
ULG_MV,D,20190809,000000,106.69,106.69,101.98,104.88,0,0
ULG_MV,D,20190812,000000,103.02,104.88,102.81,104.37,0,0
ULG_MV,D,20190813,000000,105.92,105.92,100.75,101.16,0,0
ULG_MV,D,20190814,000000,101.26,101.78,99.71,99.81,0,0
ULG_MV,D,20190816,000000,100.34,105.39,100.23,105.39,0,0
ULG_MV,D,20190819,000000,104.88,106.17,104.37,105.92,0,0
ULG_MV,D,20190820,000000,105.92,106.43,104.37,106.43,0,0
ULG_MV,D,20190821,000000,107.46,107.46,105.39,106.94,0,0
ULG_MV,D,20190822,000000,106.94,106.94,103.59,106.43,0,0
ULG_MV,D,20190823,000000,106.43,106.43,104.37,106.43,0,0
ULG_MV,D,20190826,000000,105.65,105.92,103.33,105.92,0,0
ULG_MV,D,20190827,000000,105.14,106.17,103.84,104.88,0,0
ULG_MV,D,20190828,000000,104.88,104.88,102.71,104.1,0,0
ULG_MV,D,20190829,000000,104.37,105.14,102.91,104.1,0,0
ULG_MV,D,20190830,000000,103.84,103.84,102.81,103.84,0,0
ULG_MV,D,20190902,000000,102.81,102.81,100.02,101.16,0,0
ULG_MV,D,20190903,000000,100.75,101.26,99.09,100.75,0,0
ULG_MV,D,20190904,000000,101.26,101.26,98.162,100.23,0,0
ULG_MV,D,20190905,000000,100.13,100.75,98.676,100.75,0,0
ULG_MV,D,20190906,000000,103.33,103.33,99.51,99.71,0,0
ULG_MV,D,20190909,000000,101.06,101.06,95.781,97.125,0,0
ULG_MV,D,20190910,000000,97.026,97.54,95.989,96.512,0,0
ULG_MV,D,20190911,000000,97.125,99.199,96.512,99.199,0,0
ULG_MV,D,20190912,000000,100.64,107.2,100.64,106.43,0,0
ULG_MV,D,20190913,000000,105.65,109.01,102.81,105.39,0,0
ULG_MV,D,20190916,000000,105.65,105.65,102.81,104.37,0,0
ULG_MV,D,20190917,000000,105.14,105.14,102.29,103.59,0,0
ULG_MV,D,20190918,000000,103.84,103.84,100.85,100.85,0,0
ULG_MV,D,20190919,000000,98.676,100.23,98.577,100.13,0,0
ULG_MV,D,20190920,000000,100.02,100.64,98.992,100.54,0,0
ULG_MV,D,20190923,000000,100.75,100.75,98.577,98.577,0,0
ULG_MV,D,20190924,000000,99.6,99.6,98.162,99.199,0,0
ULG_MV,D,20190925,000000,99.71,100.23,97.954,99.09,0,0
ULG_MV,D,20190926,000000,99.92,99.92,98.369,99.81,0,0
ULG_MV,D,20190927,000000,100.13,100.23,98.468,99.407,0,0
ULG_MV,D,20190930,000000,98.468,98.992,96.097,98.162,0,0
ULG_MV,D,20191001,000000,98.162,98.162,96.611,97.648,0,0
ULG_MV,D,20191002,000000,100.23,100.23,93.302,93.509,0,0
ULG_MV,D,20191003,000000,92.995,96.305,92.995,94.853,0,0
ULG_MV,D,20191004,000000,97.026,97.026,94.853,96.097,0,0
ULG_MV,D,20191007,000000,96.097,96.611,93.717,93.717,0,0
ULG_MV,D,20191008,000000,94.438,95.169,94.438,94.853,0,0
ULG_MV,D,20191009,000000,95.475,95.89,93.509,95.89,0,0
ULG_MV,D,20191010,000000,95.89,96.196,94.24,95.376,0,0
ULG_MV,D,20191011,000000,96.097,96.097,94.754,95.89,0,0
ULG_MV,D,20191014,000000,94.754,96.611,94.754,96.611,0,0
ULG_MV,D,20191015,000000,95.989,99.09,94.645,98.063,0,0
ULG_MV,D,20191016,000000,98.162,102.71,98.162,102.29,0,0
ULG_MV,D,20191017,000000,102.71,102.71,101.36,102.4,0,0
ULG_MV,D,20191018,000000,102.29,102.29,99.51,100.02,0,0
ULG_MV,D,20191021,000000,100.75,100.75,98.162,99.298,0,0
ULG_MV,D,20191022,000000,99.298,99.298,96.196,97.125,0,0
ULG_MV,D,20191023,000000,96.917,96.917,94.339,95.584,0,0
ULG_MV,D,20191024,000000,94.546,96.097,94.033,95.584,0,0
ULG_MV,D,20191025,000000,95.584,95.584,94.131,95.376,0,0
ULG_MV,D,20191028,000000,94.131,95.475,92.482,93.509,0,0
ULG_MV,D,20191029,000000,92.995,94.438,91.958,93.717,0,0
ULG_MV,D,20191030,000000,93.924,94.24,91.445,92.995,0,0
ULG_MV,D,20191031,000000,93.203,93.203,89.795,92.995,0,0
ULG_MV,D,20191104,000000,94.438,94.438,91.751,93.825,0,0
ULG_MV,D,20191105,000000,94.033,94.033,92.166,92.995,0,0
ULG_MV,D,20191106,000000,92.897,94.131,91.237,92.897,0,0
ULG_MV,D,20191107,000000,92.995,92.995,88.343,88.343,0,0
ULG_MV,D,20191108,000000,91.138,91.138,87.928,90.21,0,0
ULG_MV,D,20191112,000000,91.958,92.897,90.931,91.958,0,0
ULG_MV,D,20191113,000000,92.788,92.788,88.866,89.172,0,0
ULG_MV,D,20191114,000000,90.931,91.237,89.38,90.931,0,0
ULG_MV,D,20191115,000000,90.723,92.373,90.723,91.958,0,0
ULG_MV,D,20191118,000000,91.958,95.06,90.931,94.033,0,0
ULG_MV,D,20191119,000000,94.961,97.026,94.546,95.89,0,0
ULG_MV,D,20191120,000000,96.403,96.403,92.995,93.302,0,0
ULG_MV,D,20191121,000000,94.546,100.13,94.546,99.407,0,0
ULG_MV,D,20191122,000000,100.13,100.13,94.546,94.853,0,0
ULG_MV,D,20191125,000000,96.611,96.611,92.581,94.438,0,0
ULG_MV,D,20191126,000000,94.438,94.438,93.203,93.825,0,0
ULG_MV,D,20191127,000000,94.546,94.546,92.373,93.203,0,0
ULG_MV,D,20191128,000000,93.094,93.924,92.581,93.509,0,0
ULG_MV,D,20191129,000000,94.339,95.06,92.897,94.961,0,0
ULG_MV,D,20191202,000000,95.267,95.267,92.897,94.033,0,0
ULG_MV,D,20191203,000000,94.033,94.033,92.995,93.509,0,0
ULG_MV,D,20191204,000000,93.203,93.509,92.689,93.509,0,0
ULG_MV,D,20191205,000000,93.924,95.376,92.995,93.509,0,0
ULG_MV,D,20191206,000000,94.546,94.546,92.788,94.033,0,0
ULG_MV,D,20191209,000000,94.033,94.033,92.995,93.094,0,0
ULG_MV,D,20191210,000000,93.717,93.717,92.689,93.203,0,0
ULG_MV,D,20191211,000000,93.203,93.825,92.482,92.995,0,0
ULG_MV,D,20191212,000000,92.995,97.125,92.995,97.125,0,0
ULG_MV,D,20191213,000000,98.162,99.407,96.196,97.441,0,0
ULG_MV,D,20191216,000000,98.162,98.468,95.267,96.403,0,0
ULG_MV,D,20191217,000000,96.72,96.72,94.24,96.611,0,0
ULG_MV,D,20191218,000000,97.747,99.199,95.682,98.063,0,0
ULG_MV,D,20191219,000000,98.162,101.26,98.162,100.43,0,0
ULG_MV,D,20191220,000000,100.75,100.75,98.676,100.02,0,0
ULG_MV,D,20191223,000000,100.02,101.26,98.162,98.369,0,0
ULG_MV,D,20191227,000000,98.261,98.261,96.72,97.954,0,0
ULG_MV,D,20191230,000000,97.954,103.33,97.125,100.85,0,0
ULG_MV,D,20200102,000000,102.29,103.59,101.26,103.33,0,0
ULG_MV,D,20200103,000000,103.59,103.59,101.47,102.29,0,0
ULG_MV,D,20200107,000000,102.29,108.49,102.29,106.94,0,0
ULG_MV,D,20200108,000000,106.17,107.46,105.14,106.17,0,0
ULG_MV,D,20200109,000000,107.46,112.62,105.92,112.62,0,0
ULG_MV,D,20200110,000000,112.37,116.76,112.37,116.76,0,0
ULG_MV,D,20200113,000000,117.79,117.79,114.7,116.76,0,0
ULG_MV,D,20200114,000000,116.76,116.76,112.62,114.96,0,0
ULG_MV,D,20200115,000000,113.66,113.66,109.79,110.56,0,0
ULG_MV,D,20200116,000000,109.27,112.37,107.46,111.85,0,0
ULG_MV,D,20200117,000000,111.6,111.6,107.46,108.49,0,0
ULG_MV,D,20200120,000000,108.49,112.11,107.72,110.3,0,0
ULG_MV,D,20200121,000000,110.3,110.3,108.49,110.05,0,0
ULG_MV,D,20200122,000000,114.7,114.7,109.01,111.08,0,0
ULG_MV,D,20200123,000000,111.85,111.85,101.26,103.33,0,0
ULG_MV,D,20200124,000000,103.59,104.62,100.64,104.37,0,0
ULG_MV,D,20200127,000000,103.33,103.33,100.95,101.68,0,0
ULG_MV,D,20200128,000000,101.68,103.12,98.676,99.71,0,0
ULG_MV,D,20200129,000000,99.09,101.26,98.261,100.23,0,0
ULG_MV,D,20200130,000000,100.23,100.64,98.261,98.261,0,0
ULG_MV,D,20200131,000000,98.676,99.81,98.676,99.71,0,0
ULG_MV,D,20200203,000000,99.298,106.69,99.298,106.17,0,0
ULG_MV,D,20200204,000000,106.17,106.17,104.88,105.65,0,0
ULG_MV,D,20200205,000000,105.92,110.82,105.65,110.82,0,0
ULG_MV,D,20200206,000000,111.6,112.62,110.56,111.08,0,0
ULG_MV,D,20200207,000000,111.08,111.6,106.43,107.46,0,0
ULG_MV,D,20200210,000000,107.98,115.21,106.17,112.11,0,0
ULG_MV,D,20200211,000000,114.17,117.28,113.66,115.21,0,0
ULG_MV,D,20200212,000000,115.21,116.51,111.6,113.15,0,0
ULG_MV,D,20200213,000000,112.11,113.66,110.82,112.11,0,0
ULG_MV,D,20200214,000000,113.4,113.4,111.6,112.89,0,0
ULG_MV,D,20200217,000000,111.6,114.17,111.6,112.62,0,0
ULG_MV,D,20200218,000000,112.62,113.4,111.34,113.4,0,0
ULG_MV,D,20200219,000000,111.85,113.15,111.85,112.62,0,0
ULG_MV,D,20200220,000000,112.11,112.62,110.56,111.08,0,0
ULG_MV,D,20200221,000000,110.3,111.08,108.24,110.82,0,0
ULG_MV,D,20200224,000000,108.49,108.49,103.02,106.94,0,0
ULG_MV,D,20200225,000000,104.1,106.43,99.71,102.08,0,0
ULG_MV,D,20200226,000000,98.162,102.61,95.682,101.78,0,0
ULG_MV,D,20200227,000000,101.16,101.16,91.138,92.995,0,0
ULG_MV,D,20200228,000000,83.176,85.972,76.459,82.663,0,0
ULG_MV,D,20200302,000000,87.829,92.482,85.448,88.343,0,0
ULG_MV,D,20200303,000000,92.995,95.89,90.417,92.788,0,0
ULG_MV,D,20200304,000000,91.751,92.689,88.343,92.373,0,0
ULG_MV,D,20200305,000000,94.033,95.06,89.38,92.274,0,0
ULG_MV,D,20200306,000000,88.343,92.274,87.928,90.931,0,0
ULG_MV,D,20200309,000000,79.047,86.584,75.945,79.047,0,0
ULG_MV,D,20200310,000000,79.561,82.149,75.432,75.432,0,0
ULG_MV,D,20200311,000000,76.874,76.874,64.684,67.163,0,0
ULG_MV,D,20200312,000000,58.381,58.381,52.178,52.178,0,0
ULG_MV,D,20200313,000000,56.831,62.511,53.729,55.793,0,0
ULG_MV,D,20200316,000000,56.317,64.269,52.701,64.269,0,0
ULG_MV,D,20200317,000000,64.585,71.293,64.062,71.293,0,0
ULG_MV,D,20200318,000000,71.401,76.983,70.265,71.816,0,0
ULG_MV,D,20200319,000000,69.752,76.459,69.752,76.36,0,0
ULG_MV,D,20200320,000000,76.983,80.084,70.265,71.293,0,0
ULG_MV,D,20200323,000000,67.163,70.265,65.198,66.956,0,0
ULG_MV,D,20200324,000000,72.843,72.843,68.299,72.231,0,0
ULG_MV,D,20200325,000000,74.918,75.945,69.752,70.779,0,0
ULG_MV,D,20200326,000000,69.752,73.258,69.643,72.33,0,0
ULG_MV,D,20200327,000000,72.636,74.296,70.058,72.33,0,0
ULG_MV,D,20200330,000000,72.843,72.843,70.571,72.33,0,0
ULG_MV,D,20200331,000000,75.945,79.047,75.53,77.397,0,0
ULG_MV,D,20200401,000000,75.432,87.523,75.432,82.663,0,0
ULG_MV,D,20200402,000000,85.251,91.445,85.251,90.21,0,0
ULG_MV,D,20200403,000000,95.89,102.08,93.924,101.78,0,0
ULG_MV,D,20200406,000000,111.6,113.92,106.17,111.6,0,0
ULG_MV,D,20200407,000000,112.37,112.62,102.29,102.29,0,0
ULG_MV,D,20200408,000000,99.81,113.15,98.468,112.62,0,0
ULG_MV,D,20200409,000000,113.66,115.21,107.98,111.08,0,0
ULG_MV,D,20200414,000000,111.08,111.08,105.92,110.82,0,0
ULG_MV,D,20200415,000000,110.82,110.82,106.43,107.2,0,0
ULG_MV,D,20200416,000000,106.94,107.98,105.65,106.94,0,0
ULG_MV,D,20200417,000000,108.49,110.3,106.43,110.05,0,0
ULG_MV,D,20200420,000000,110.3,123.74,109.01,123.74,0,0
ULG_MV,D,20200421,000000,126.58,129.67,117.02,124.76,0,0
ULG_MV,D,20200422,000000,125.03,128.65,125.03,128.12,0,0
ULG_MV,D,20200423,000000,132.78,134.33,128.65,133.81,0,0
ULG_MV,D,20200424,000000,133.81,133.81,129.67,133.56,0,0
ULG_MV,D,20200427,000000,134.07,144.4,134.07,144.4,0,0
ULG_MV,D,20200428,000000,147.25,176.7,147.25,161.45,0,0
ULG_MV,D,20200429,000000,163.52,175.66,163.52,170.49,0,0
ULG_MV,D,20200430,000000,175.14,175.14,148.79,154.99,0,0
ULG_MV,D,20200504,000000,154.99,167.65,147.76,160.16,0,0
ULG_MV,D,20200505,000000,162.75,166.1,154.99,158.09,0,0
ULG_MV,D,20200506,000000,157.58,157.84,152.93,154.74,0,0
ULG_MV,D,20200507,000000,152.67,152.67,148.53,152.41,0,0
ULG_MV,D,20200508,000000,150.08,152.41,148.79,150.34,0,0
ULG_MV,D,20200511,000000,149.83,164.29,147.25,164.29,0,0
ULG_MV,D,20200512,000000,165.84,177.72,165.84,175.66,0,0
ULG_MV,D,20200513,000000,175.66,175.66,173.08,174.62,0,0
ULG_MV,D,20200514,000000,170.75,171.26,153.96,165.07,0,0
ULG_MV,D,20200515,000000,170.23,170.23,158.09,161.45,0,0
ULG_MV,D,20200518,000000,171.01,171.01,165.33,167.91,0,0
ULG_MV,D,20200519,000000,169.98,169.98,163.52,166.88,0,0
ULG_MV,D,20200520,000000,167.39,167.91,160.67,166.88,0,0
ULG_MV,D,20200521,000000,167.91,167.91,162.75,165.33,0,0
ULG_MV,D,20200522,000000,166.88,172.04,166.88,170.49,0,0
ULG_MV,D,20200525,000000,172.56,177.21,170.49,176.17,0,0
ULG_MV,D,20200526,000000,176.17,188.58,176.17,185.48,0,0
ULG_MV,D,20200527,000000,188.58,188.84,176.95,179.27,0,0
ULG_MV,D,20200528,000000,180.05,187.54,176.43,182.12,0,0
ULG_MV,D,20200529,000000,182.12,189.09,179.53,187.28,0,0
ULG_MV,D,20200601,000000,189.09,196.32,183.41,189.09,0,0
ULG_MV,D,20200602,000000,190.64,190.9,182.63,182.89,0,0
ULG_MV,D,20200603,000000,184.7,187.28,180.82,182.63,0,0
ULG_MV,D,20200604,000000,184.44,184.44,175.66,176.95,0,0
ULG_MV,D,20200605,000000,177.72,181.86,171.26,181.86,0,0
ULG_MV,D,20200608,000000,183.41,183.41,171.79,175.66,0,0
ULG_MV,D,20200609,000000,174.36,180.31,174.36,180.31,0,0
ULG_MV,D,20200610,000000,180.31,180.82,178.5,180.31,0,0
ULG_MV,D,20200612,000000,170.49,175.4,167.65,172.56,0,0
ULG_MV,D,20200615,000000,168.68,168.68,159.12,166.88,0,0
ULG_MV,D,20200616,000000,178.76,178.76,169.45,169.98,0,0
ULG_MV,D,20200617,000000,172.56,172.56,166.88,169.2,0,0
ULG_MV,D,20200618,000000,170.49,172.04,167.91,171.53,0,0
ULG_MV,D,20200619,000000,171.53,174.11,169.2,172.81,0,0
ULG_MV,D,20200622,000000,175.14,175.66,173.34,174.11,0,0
ULG_MV,D,20200623,000000,174.36,174.36,169.98,170.49,0,0
ULG_MV,D,20200624,000000,169.98,171.79,168.94,171.26,0,0
ULG_MV,D,20200625,000000,171.26,171.26,163.26,169.45,0,0
ULG_MV,D,20200626,000000,169.45,169.45,164.81,165.33,0,0
ULG_MV,D,20200629,000000,167.91,167.91,165.58,167.39,0,0
ULG_MV,D,20200630,000000,167.91,170.49,165.84,167.39,0,0
ULG_MV,D,20200701,000000,166.36,169.98,165.84,169.98,0,0
ULG_MV,D,20200702,000000,173.37,177.04,173.37,175.73,0,0
ULG_MV,D,20200703,000000,171.02,173.9,169.45,173.11,0,0
ULG_MV,D,20200706,000000,174.42,177.3,171.54,177.3,0,0
ULG_MV,D,20200707,000000,179.39,179.39,171.54,173.9,0,0
ULG_MV,D,20200708,000000,175.21,177.04,172.59,176.77,0,0
ULG_MV,D,20200709,000000,177.3,177.3,172.07,172.07,0,0
ULG_MV,D,20200710,000000,172.59,177.04,171.54,176.77,0,0
ULG_MV,D,20200713,000000,176.77,176.77,172.59,173.37,0,0
ULG_MV,D,20200714,000000,175.99,175.99,169.45,173.9,0,0
ULG_MV,D,20200715,000000,173.64,173.64,169.71,171.02,0,0
ULG_MV,D,20200716,000000,168.93,172.59,168.67,172.59,0,0
ULG_MV,D,20200717,000000,172.59,191.42,172.07,188.28,0,0
ULG_MV,D,20200720,000000,188.8,188.8,183.31,186.97,0,0
ULG_MV,D,20200721,000000,188.02,188.8,181.22,184.88,0,0
ULG_MV,D,20200722,000000,184.62,185.67,174.68,174.68,0,0
ULG_MV,D,20200723,000000,169.98,198.74,169.98,186.19,0,0
ULG_MV,D,20200724,000000,190.9,190.9,179.13,186.71,0,0
ULG_MV,D,20200727,000000,190.9,190.9,180.44,184.88,0,0
ULG_MV,D,20200728,000000,184.88,184.88,175.47,175.73,0,0
ULG_MV,D,20200729,000000,173.37,178.6,173.11,173.11,0,0
ULG_MV,D,20200730,000000,174.16,174.16,151.67,154.29,0,0
ULG_MV,D,20200731,000000,156.9,168.67,156.9,167.36,0,0
ULG_MV,D,20200803,000000,167.36,167.62,163.96,167.1,0,0
ULG_MV,D,20200804,000000,168.14,178.6,164.75,173.64,0,0
ULG_MV,D,20200805,000000,177.3,177.3,168.14,172.33,0,0
ULG_MV,D,20200806,000000,172.33,172.33,167.88,170.24,0,0
ULG_MV,D,20200807,000000,169.71,169.71,165.01,165.53,0,0
ULG_MV,D,20200810,000000,167.36,168.41,164.75,166.05,0,0
ULG_MV,D,20200811,000000,169.98,169.98,164.48,165.27,0,0
ULG_MV,D,20200812,000000,164.48,164.48,160.56,161.61,0,0
ULG_MV,D,20200813,000000,161.61,163.96,161.61,162.65,0,0
ULG_MV,D,20200814,000000,161.61,169.45,161.61,166.58,0,0
ULG_MV,D,20200817,000000,167.36,169.19,161.61,165.79,0,0
ULG_MV,D,20200818,000000,166.84,166.84,160.56,160.56,0,0
ULG_MV,D,20200819,000000,160.56,162.65,157.42,160.56,0,0
ULG_MV,D,20200820,000000,160.56,167.36,154.55,162.91,0,0
ULG_MV,D,20200821,000000,162.91,166.31,161.08,162.91,0,0
ULG_MV,D,20200824,000000,164.75,167.88,156.64,167.88,0,0
ULG_MV,D,20200825,000000,167.1,167.1,158.21,158.21,0,0
ULG_MV,D,20200826,000000,160.56,161.61,156.38,157.95,0,0
ULG_MV,D,20200827,000000,156.12,161.08,156.12,158.21,0,0
ULG_MV,D,20200828,000000,156.38,158.21,156.12,158.21,0,0
ULG_MV,D,20200831,000000,159.25,159.25,150.89,153.76,0,0
ULG_MV,D,20200901,000000,150.89,151.67,145.92,149.32,0,0
ULG_MV,D,20200902,000000,150.62,155.59,149.58,155.33,0,0
ULG_MV,D,20200903,000000,155.85,156.9,150.89,151.67,0,0
ULG_MV,D,20200904,000000,143.3,150.62,143.3,146.96,0,0
ULG_MV,D,20200907,000000,144.09,146.44,137.55,138.6,0,0
ULG_MV,D,20200908,000000,140.69,140.69,127.09,138.07,0,0
ULG_MV,D,20200909,000000,132.32,152.72,132.32,148.53,0,0
ULG_MV,D,20200910,000000,151.15,151.15,141.21,149.58,0,0
ULG_MV,D,20200911,000000,143.83,156.38,143.83,156.38,0,0
ULG_MV,D,20200914,000000,162.13,163.96,149.84,154.29,0,0
ULG_MV,D,20200915,000000,151.67,156.38,151.67,153.76,0,0
ULG_MV,D,20200916,000000,155.59,155.59,147.49,147.49,0,0
ULG_MV,D,20200917,000000,150.89,150.89,147.49,150.36,0,0
ULG_MV,D,20200918,000000,153.24,153.24,148.53,151.15,0,0
ULG_MV,D,20200921,000000,150.62,150.62,141.73,145.39,0,0
ULG_MV,D,20200922,000000,145.39,146.18,141.73,143.04,0,0
ULG_MV,D,20200923,000000,144.61,144.61,138.07,139.64,0,0
ULG_MV,D,20200924,000000,138.33,138.33,130.75,134.93,0,0
ULG_MV,D,20200925,000000,134.93,148.27,134.93,147.22,0,0
ULG_MV,D,20200928,000000,147.22,147.22,144.35,146.96,0,0
ULG_MV,D,20200929,000000,147.22,149.58,146.44,148.27,0,0
ULG_MV,D,20200930,000000,150.62,155.33,148.27,153.5,0,0
ULG_MV,D,20201001,000000,154.29,154.29,149.58,149.58,0,0
ULG_MV,D,20201002,000000,149.58,152.72,137.55,152.72,0,0
ULG_MV,D,20201005,000000,155.33,162.13,155.33,161.61,0,0
ULG_MV,D,20201006,000000,166.31,168.67,162.65,165.27,0,0
ULG_MV,D,20201007,000000,164.48,164.48,159.78,163.7,0,0
ULG_MV,D,20201008,000000,164.75,164.75,154.02,154.02,0,0
ULG_MV,D,20201009,000000,154.29,157.68,151.67,156.38,0,0
ULG_MV,D,20201012,000000,159.52,162.13,152.98,160.3,0,0
ULG_MV,D,20201013,000000,160.3,160.3,154.81,156.9,0,0
ULG_MV,D,20201014,000000,157.42,159.78,149.06,154.81,0,0
ULG_MV,D,20201015,000000,154.81,154.81,144.61,149.06,0,0
ULG_MV,D,20201016,000000,143.83,154.81,143.83,149.06,0,0
