<TICKER>,<PER>,<DATE>,<TIME>,<OPEN>,<HIGH>,<LOW>,<CLOSE>,<VOL>,<OPENINT>
VOX_PE,D,20111011,000000,46.445,46.445,46.445,46.445,0,0
VOX_PE,D,20111012,000000,46.445,46.445,43.897,45.765,0,0
VOX_PE,D,20111013,000000,45.765,47.634,45.511,47.634,0,0
VOX_PE,D,20111014,000000,48.143,49.587,47.463,48.058,0,0
VOX_PE,D,20111017,000000,48.058,48.058,44.832,47.124,0,0
VOX_PE,D,20111018,000000,46.954,46.954,41.69,44.917,0,0
VOX_PE,D,20111019,000000,45.257,45.257,44.917,44.917,0,0
VOX_PE,D,20111020,000000,44.917,44.917,44.067,44.067,0,0
VOX_PE,D,20111021,000000,44.067,47.463,43.133,47.463,0,0
VOX_PE,D,20111024,000000,46.445,46.445,46.445,46.445,0,0
VOX_PE,D,20111025,000000,46.445,46.445,46.021,46.445,0,0
VOX_PE,D,20111026,000000,46.445,46.445,46.021,46.021,0,0
VOX_PE,D,20111027,000000,46.021,46.021,45.511,45.511,0,0
VOX_PE,D,20111028,000000,45.511,45.511,44.917,44.917,0,0
VOX_PE,D,20111031,000000,44.917,44.917,44.917,44.917,0,0
VOX_PE,D,20111102,000000,44.067,44.067,41.69,42.114,0,0
VOX_PE,D,20111103,000000,43.218,44.323,43.218,44.238,0,0
VOX_PE,D,20111104,000000,44.408,44.917,44.238,44.238,0,0
VOX_PE,D,20111107,000000,44.238,44.492,44.238,44.492,0,0
VOX_PE,D,20111108,000000,44.577,44.577,42.285,42.285,0,0
VOX_PE,D,20111109,000000,43.218,43.304,43.218,43.304,0,0
VOX_PE,D,20111110,000000,43.304,45.088,43.304,45.002,0,0
VOX_PE,D,20111114,000000,45.002,45.002,44.323,44.323,0,0
VOX_PE,D,20111115,000000,43.897,43.897,43.389,43.473,0,0
VOX_PE,D,20111116,000000,43.473,43.473,43.304,43.304,0,0
VOX_PE,D,20111117,000000,43.304,43.304,32.095,35.238,0,0
VOX_PE,D,20111118,000000,38.379,38.379,31.416,32.095,0,0
VOX_PE,D,20111121,000000,32.095,32.095,32.095,32.095,0,0
VOX_PE,D,20111122,000000,32.011,33.03,32.011,33.03,0,0
VOX_PE,D,20120215,000000,26.577,26.577,26.577,26.577,0,0
VOX_PE,D,20120216,000000,26.577,26.577,25.047,25.217,0,0
VOX_PE,D,20120217,000000,25.217,27.765,25.217,27.765,0,0
VOX_PE,D,20120220,000000,29.123,29.123,26.577,28.953,0,0
VOX_PE,D,20120221,000000,27.68,27.68,27.68,27.68,0,0
VOX_PE,D,20120222,000000,27.765,28.275,27.765,28.106,0,0
VOX_PE,D,20120223,000000,28.021,28.021,27.426,27.51,0,0
VOX_PE,D,20120224,000000,27.68,27.765,25.727,25.727,0,0
VOX_PE,D,20120227,000000,25.727,26.916,25.727,26.916,0,0
VOX_PE,D,20120228,000000,26.916,26.916,26.662,26.916,0,0
VOX_PE,D,20120229,000000,26.916,26.916,24.963,25.217,0,0
VOX_PE,D,20120301,000000,25.643,25.643,24.029,24.455,0,0
VOX_PE,D,20120302,000000,24.455,24.794,23.69,24.029,0,0
VOX_PE,D,20120305,000000,24.029,24.54,24.029,24.54,0,0
VOX_PE,D,20120306,000000,24.368,24.54,24.029,24.029,0,0
VOX_PE,D,20120308,000000,24.029,25.217,24.029,24.709,0,0
VOX_PE,D,20120309,000000,24.709,24.709,24.709,24.709,0,0
VOX_PE,D,20120312,000000,25.047,25.217,25.047,25.132,0,0
VOX_PE,D,20120313,000000,25.132,25.132,24.963,25.132,0,0
VOX_PE,D,20120314,000000,25.132,25.387,25.132,25.132,0,0
VOX_PE,D,20120315,000000,25.217,25.217,25.132,25.217,0,0
VOX_PE,D,20120316,000000,25.217,25.217,24.879,25.132,0,0
VOX_PE,D,20120319,000000,25.217,25.217,25.132,25.132,0,0
VOX_PE,D,20120320,000000,25.132,26.577,25.132,25.812,0,0
VOX_PE,D,20120321,000000,25.897,26.916,25.727,25.812,0,0
VOX_PE,D,20120322,000000,25.727,25.727,24.963,24.963,0,0
VOX_PE,D,20120323,000000,24.963,25.217,24.963,24.963,0,0
VOX_PE,D,20120326,000000,25.387,25.387,24.879,24.879,0,0
VOX_PE,D,20120327,000000,24.879,25.132,24.709,24.879,0,0
VOX_PE,D,20120328,000000,24.879,24.879,24.879,24.879,0,0
VOX_PE,D,20120329,000000,24.709,24.794,24.709,24.794,0,0
VOX_PE,D,20120330,000000,24.709,25.132,24.709,24.879,0,0
VOX_PE,D,20120402,000000,24.879,24.879,24.199,24.199,0,0
VOX_PE,D,20120403,000000,24.199,24.879,24.199,24.709,0,0
VOX_PE,D,20120404,000000,24.709,24.794,24.029,24.029,0,0
VOX_PE,D,20120405,000000,24.029,24.283,24.029,24.199,0,0
VOX_PE,D,20120410,000000,24.199,24.199,22.841,23.775,0,0
VOX_PE,D,20120411,000000,23.86,23.944,23.435,23.944,0,0
VOX_PE,D,20120412,000000,24.029,24.029,24.029,24.029,0,0
VOX_PE,D,20120413,000000,24.029,24.029,24.029,24.029,0,0
VOX_PE,D,20120416,000000,24.029,24.029,23.775,23.775,0,0
VOX_PE,D,20120417,000000,23.69,23.69,23.69,23.69,0,0
VOX_PE,D,20120418,000000,23.86,24.283,23.69,23.69,0,0
VOX_PE,D,20120419,000000,23.69,24.029,23.69,23.944,0,0
VOX_PE,D,20120420,000000,23.944,23.944,23.605,23.69,0,0
VOX_PE,D,20120423,000000,24.029,24.029,23.18,23.18,0,0
VOX_PE,D,20120424,000000,23.35,23.605,23.35,23.605,0,0
VOX_PE,D,20120425,000000,23.605,23.605,23.605,23.605,0,0
VOX_PE,D,20120426,000000,23.605,23.69,23.605,23.605,0,0
VOX_PE,D,20120427,000000,23.605,23.605,23.605,23.605,0,0
VOX_PE,D,20120430,000000,23.69,23.69,23.52,23.52,0,0
VOX_PE,D,20120502,000000,23.52,23.52,23.18,23.52,0,0
VOX_PE,D,20120504,000000,23.52,23.52,23.52,23.52,0,0
VOX_PE,D,20120507,000000,23.52,23.52,23.18,23.18,0,0
VOX_PE,D,20120508,000000,23.095,23.095,22.67,22.67,0,0
VOX_PE,D,20120509,000000,22.67,22.67,22.077,22.246,0,0
VOX_PE,D,20120510,000000,22.246,22.246,21.906,21.906,0,0
VOX_PE,D,20120511,000000,21.906,21.906,21.736,21.82,0,0
VOX_PE,D,20120515,000000,21.991,21.991,21.736,21.736,0,0
VOX_PE,D,20120516,000000,21.82,21.82,21.82,21.82,0,0
VOX_PE,D,20120517,000000,21.82,22.246,21.82,22.246,0,0
VOX_PE,D,20120518,000000,22.246,22.246,22.161,22.161,0,0
VOX_PE,D,20120521,000000,22.246,22.246,22.246,22.246,0,0
VOX_PE,D,20130412,000000,23.69,23.69,23.69,23.69,0,0
VOX_PE,D,20130415,000000,23.35,23.35,23.35,23.35,0,0
VOX_PE,D,20130417,000000,23.35,23.35,22.926,22.926,0,0
VOX_PE,D,20130418,000000,21.566,22.585,21.312,22.585,0,0
VOX_PE,D,20130419,000000,22.077,22.585,22.077,22.585,0,0
VOX_PE,D,20130422,000000,22.585,22.585,21.566,21.566,0,0
VOX_PE,D,20130423,000000,21.566,21.82,21.481,21.481,0,0
VOX_PE,D,20130424,000000,21.566,21.566,21.397,21.397,0,0
VOX_PE,D,20130425,000000,21.397,23.35,21.397,23.095,0,0
VOX_PE,D,20130426,000000,23.18,24.963,23.18,24.963,0,0
VOX_PE,D,20130429,000000,24.963,24.963,24.963,24.963,0,0
VOX_PE,D,20130430,000000,24.963,24.963,24.963,24.963,0,0
VOX_PE,D,20130502,000000,24.963,24.963,24.963,24.963,0,0
VOX_PE,D,20130506,000000,23.775,25.472,23.775,25.472,0,0
VOX_PE,D,20130507,000000,25.557,25.557,25.303,25.303,0,0
VOX_PE,D,20130508,000000,25.303,25.303,25.132,25.132,0,0
VOX_PE,D,20130509,000000,25.132,25.132,25.047,25.047,0,0
VOX_PE,D,20130510,000000,25.047,25.132,25.047,25.132,0,0
VOX_PE,D,20130513,000000,25.132,25.387,25.047,25.387,0,0
VOX_PE,D,20130514,000000,25.387,25.387,25.047,25.132,0,0
VOX_PE,D,20130515,000000,25.047,25.132,24.963,24.963,0,0
VOX_PE,D,20130516,000000,25.047,25.132,25.047,25.132,0,0
VOX_PE,D,20130517,000000,25.132,25.132,24.963,25.132,0,0
VOX_PE,D,20130520,000000,25.132,25.387,25.047,25.132,0,0
VOX_PE,D,20130521,000000,25.217,25.217,25.217,25.217,0,0
VOX_PE,D,20130522,000000,25.217,25.217,25.132,25.132,0,0
VOX_PE,D,20130523,000000,25.132,25.557,22.585,22.585,0,0
VOX_PE,D,20130524,000000,22.5,22.585,22.161,22.585,0,0
VOX_PE,D,20130527,000000,22.5,22.5,22.246,22.246,0,0
VOX_PE,D,20130528,000000,22.246,23.35,22.246,23.35,0,0
VOX_PE,D,20130529,000000,23.35,24.029,23.265,24.029,0,0
VOX_PE,D,20130531,000000,24.029,24.029,23.775,23.775,0,0
VOX_PE,D,20130603,000000,23.775,23.775,23.265,23.52,0,0
VOX_PE,D,20130604,000000,23.52,23.52,23.265,23.265,0,0
VOX_PE,D,20130605,000000,23.265,23.775,23.095,23.775,0,0
VOX_PE,D,20130606,000000,23.605,24.709,23.605,24.54,0,0
VOX_PE,D,20130607,000000,24.54,24.624,24.54,24.624,0,0
VOX_PE,D,20130610,000000,24.624,24.794,24.54,24.794,0,0
VOX_PE,D,20130611,000000,24.794,24.794,24.54,24.794,0,0
VOX_PE,D,20130612,000000,24.794,25.217,24.54,25.132,0,0
VOX_PE,D,20130613,000000,24.963,25.217,24.794,25.217,0,0
VOX_PE,D,20130614,000000,25.132,25.132,23.944,25.047,0,0
VOX_PE,D,20130617,000000,24.963,24.963,24.879,24.963,0,0
VOX_PE,D,20130618,000000,24.963,25.047,24.963,24.963,0,0
VOX_PE,D,20130619,000000,24.879,24.879,24.54,24.879,0,0
VOX_PE,D,20130620,000000,24.879,24.879,24.199,24.368,0,0
VOX_PE,D,20130621,000000,24.368,24.794,24.199,24.368,0,0
VOX_PE,D,20130624,000000,24.368,24.879,24.199,24.455,0,0
VOX_PE,D,20130625,000000,23.86,24.963,23.86,24.963,0,0
VOX_PE,D,20130626,000000,24.963,24.963,24.624,24.624,0,0
VOX_PE,D,20130627,000000,24.624,24.624,24.029,24.029,0,0
VOX_PE,D,20130628,000000,24.54,24.54,24.114,24.114,0,0
VOX_PE,D,20130701,000000,24.455,25.047,24.455,24.455,0,0
VOX_PE,D,20130702,000000,24.455,24.794,24.029,24.794,0,0
VOX_PE,D,20130703,000000,24.794,24.879,24.794,24.879,0,0
VOX_PE,D,20130704,000000,24.709,24.879,24.709,24.879,0,0
VOX_PE,D,20130705,000000,24.879,24.879,24.879,24.879,0,0
VOX_PE,D,20130708,000000,24.794,24.963,24.455,24.455,0,0
VOX_PE,D,20130709,000000,24.368,24.794,24.368,24.794,0,0
VOX_PE,D,20130710,000000,24.794,24.794,24.794,24.794,0,0
VOX_PE,D,20130711,000000,24.794,24.794,24.794,24.794,0,0
VOX_PE,D,20130712,000000,24.794,24.794,24.114,24.54,0,0
VOX_PE,D,20130715,000000,24.199,24.624,24.199,24.624,0,0
VOX_PE,D,20130716,000000,24.624,24.794,24.624,24.709,0,0
VOX_PE,D,20130717,000000,24.709,24.963,24.709,24.879,0,0
VOX_PE,D,20130718,000000,24.879,25.472,24.879,25.303,0,0
VOX_PE,D,20130719,000000,25.303,25.303,25.217,25.303,0,0
VOX_PE,D,20130722,000000,25.303,25.472,25.303,25.303,0,0
VOX_PE,D,20130723,000000,25.303,25.472,25.303,25.472,0,0
VOX_PE,D,20130724,000000,25.472,26.237,25.472,26.237,0,0
VOX_PE,D,20130725,000000,26.237,26.237,25.897,26.066,0,0
VOX_PE,D,20130726,000000,25.982,25.982,25.812,25.812,0,0
VOX_PE,D,20130729,000000,25.812,25.982,25.812,25.812,0,0
VOX_PE,D,20130730,000000,25.897,25.982,25.812,25.982,0,0
VOX_PE,D,20130731,000000,25.982,25.982,25.897,25.982,0,0
VOX_PE,D,20130801,000000,25.982,25.982,25.472,25.472,0,0
VOX_PE,D,20130802,000000,25.727,25.982,25.727,25.982,0,0
VOX_PE,D,20130805,000000,25.982,26.577,25.982,26.237,0,0
VOX_PE,D,20130806,000000,26.237,26.237,25.982,25.982,0,0
VOX_PE,D,20130807,000000,25.982,26.237,25.982,26.066,0,0
VOX_PE,D,20130808,000000,26.152,26.237,26.066,26.152,0,0
VOX_PE,D,20130809,000000,26.152,26.152,25.982,25.982,0,0
VOX_PE,D,20130812,000000,25.982,25.982,25.643,25.812,0,0
VOX_PE,D,20130813,000000,25.812,25.812,24.368,25.812,0,0
VOX_PE,D,20130814,000000,25.812,25.812,25.557,25.727,0,0
VOX_PE,D,20130816,000000,25.727,25.727,25.727,25.727,0,0
VOX_PE,D,20130819,000000,25.727,25.727,24.963,25.217,0,0
VOX_PE,D,20130820,000000,24.963,25.047,24.709,24.879,0,0
VOX_PE,D,20130821,000000,24.879,25.387,24.624,25.132,0,0
VOX_PE,D,20130822,000000,25.132,25.132,24.709,25.132,0,0
VOX_PE,D,20130823,000000,25.132,25.303,24.624,25.047,0,0
VOX_PE,D,20130826,000000,24.879,24.963,24.624,24.963,0,0
VOX_PE,D,20130827,000000,24.709,25.132,24.709,24.963,0,0
VOX_PE,D,20130828,000000,24.963,24.963,24.368,24.368,0,0
VOX_PE,D,20130829,000000,24.368,25.047,24.368,24.963,0,0
VOX_PE,D,20130830,000000,24.963,25.303,24.879,25.217,0,0
VOX_PE,D,20130902,000000,24.963,25.217,24.794,25.217,0,0
VOX_PE,D,20130903,000000,25.217,25.472,24.963,25.303,0,0
VOX_PE,D,20130904,000000,25.217,25.217,24.54,24.709,0,0
VOX_PE,D,20130905,000000,24.879,24.879,20.718,20.718,0,0
VOX_PE,D,20130906,000000,20.888,20.888,20.888,20.888,0,0
VOX_PE,D,20130909,000000,20.973,20.973,20.802,20.973,0,0
VOX_PE,D,20130910,000000,20.973,21.228,20.973,21.059,0,0
VOX_PE,D,20130911,000000,21.059,21.143,20.973,21.059,0,0
VOX_PE,D,20130912,000000,21.143,21.228,20.973,21.059,0,0
VOX_PE,D,20130913,000000,21.059,21.059,20.973,21.059,0,0
VOX_PE,D,20130916,000000,21.059,21.059,20.888,20.888,0,0
VOX_PE,D,20130917,000000,20.888,20.973,20.888,20.888,0,0
VOX_PE,D,20130918,000000,20.888,20.888,20.802,20.802,0,0
VOX_PE,D,20130919,000000,20.973,20.973,20.802,20.802,0,0
VOX_PE,D,20130920,000000,20.888,20.888,20.718,20.718,0,0
VOX_PE,D,20130923,000000,20.802,21.312,20.802,21.059,0,0
VOX_PE,D,20130924,000000,21.059,21.059,20.888,20.888,0,0
VOX_PE,D,20130925,000000,20.718,20.718,20.378,20.548,0,0
VOX_PE,D,20130926,000000,20.548,20.548,20.038,20.038,0,0
VOX_PE,D,20130927,000000,20.038,20.294,20.038,20.038,0,0
VOX_PE,D,20130930,000000,20.294,20.294,20.209,20.294,0,0
VOX_PE,D,20131001,000000,20.378,20.633,20.294,20.378,0,0
VOX_PE,D,20131002,000000,20.463,20.463,20.038,20.038,0,0
VOX_PE,D,20131003,000000,20.973,21.397,20.038,21.143,0,0
VOX_PE,D,20131004,000000,21.228,21.228,20.802,20.888,0,0
VOX_PE,D,20131007,000000,21.143,21.143,20.548,20.633,0,0
VOX_PE,D,20131008,000000,20.633,21.059,20.633,21.059,0,0
VOX_PE,D,20131009,000000,21.059,21.059,20.378,20.548,0,0
VOX_PE,D,20131010,000000,20.888,20.888,20.294,20.294,0,0
VOX_PE,D,20131011,000000,20.209,20.548,20.209,20.548,0,0
VOX_PE,D,20131014,000000,20.633,21.059,20.633,20.718,0,0
VOX_PE,D,20131015,000000,20.718,20.718,20.463,20.548,0,0
VOX_PE,D,20131016,000000,20.633,20.633,20.463,20.548,0,0
VOX_PE,D,20131017,000000,20.463,20.633,20.463,20.548,0,0
VOX_PE,D,20131018,000000,20.548,20.548,20.463,20.548,0,0
VOX_PE,D,20131021,000000,20.548,21.143,20.548,21.143,0,0
VOX_PE,D,20131022,000000,21.059,21.143,21.059,21.059,0,0
VOX_PE,D,20131023,000000,21.059,21.059,20.973,21.059,0,0
VOX_PE,D,20131024,000000,20.973,20.973,20.548,20.888,0,0
VOX_PE,D,20131025,000000,20.888,21.143,20.888,21.143,0,0
VOX_PE,D,20131028,000000,21.059,21.059,20.888,20.888,0,0
VOX_PE,D,20131029,000000,21.059,21.143,20.973,21.059,0,0
VOX_PE,D,20131030,000000,20.802,20.802,19.36,19.614,0,0
VOX_PE,D,20131031,000000,19.699,19.699,19.36,19.699,0,0
VOX_PE,D,20131104,000000,19.614,19.699,19.444,19.614,0,0
VOX_PE,D,20131105,000000,19.529,19.699,19.274,19.274,0,0
VOX_PE,D,20131106,000000,19.274,19.274,19.274,19.274,0,0
VOX_PE,D,20131107,000000,19.274,19.36,19.189,19.274,0,0
VOX_PE,D,20131108,000000,19.189,19.274,18.596,18.596,0,0
VOX_PE,D,20131112,000000,18.596,19.699,18.596,19.36,0,0
VOX_PE,D,20131113,000000,19.36,19.699,19.36,19.699,0,0
VOX_PE,D,20131114,000000,19.699,19.954,19.699,19.954,0,0
VOX_PE,D,20131115,000000,19.954,20.294,18.85,19.614,0,0
VOX_PE,D,20131118,000000,19.529,19.529,15.878,15.878,0,0
VOX_PE,D,20131119,000000,15.878,15.878,15.369,15.369,0,0
VOX_PE,D,20131120,000000,15.369,15.963,15.284,15.963,0,0
VOX_PE,D,20131121,000000,15.963,15.963,15.792,15.878,0,0
VOX_PE,D,20131122,000000,15.878,15.878,15.878,15.878,0,0
VOX_PE,D,20131125,000000,15.878,15.878,15.708,15.708,0,0
VOX_PE,D,20131126,000000,15.708,15.708,15.453,15.623,0,0
VOX_PE,D,20131127,000000,15.623,15.623,15.453,15.453,0,0
VOX_PE,D,20131128,000000,15.453,15.453,15.453,15.453,0,0
VOX_PE,D,20131129,000000,15.453,15.538,15.453,15.538,0,0
VOX_PE,D,20131202,000000,15.538,15.878,15.453,15.878,0,0
VOX_PE,D,20131203,000000,15.708,15.708,15.284,15.284,0,0
VOX_PE,D,20131204,000000,15.199,15.369,15.199,15.284,0,0
VOX_PE,D,20131205,000000,15.284,15.453,15.284,15.453,0,0
VOX_PE,D,20131206,000000,15.538,16.048,15.538,15.963,0,0
VOX_PE,D,20131209,000000,16.048,16.048,15.538,15.538,0,0
VOX_PE,D,20131210,000000,15.538,15.963,15.538,15.963,0,0
VOX_PE,D,20131211,000000,15.963,15.963,15.538,15.538,0,0
VOX_PE,D,20131212,000000,15.623,15.623,15.538,15.538,0,0
VOX_PE,D,20131213,000000,15.538,15.538,15.284,15.284,0,0
VOX_PE,D,20131216,000000,15.284,15.453,15.284,15.453,0,0
VOX_PE,D,20131217,000000,15.453,15.453,15.284,15.284,0,0
VOX_PE,D,20131218,000000,15.199,15.199,15.03,15.199,0,0
VOX_PE,D,20131219,000000,15.114,15.199,14.944,15.114,0,0
VOX_PE,D,20131220,000000,15.03,15.114,14.773,14.773,0,0
VOX_PE,D,20131223,000000,14.689,14.773,14.689,14.773,0,0
VOX_PE,D,20131227,000000,14.858,15.453,14.858,15.453,0,0
VOX_PE,D,20131230,000000,15.623,15.792,15.199,15.369,0,0
VOX_PE,D,20140102,000000,15.369,16.388,15.369,16.218,0,0
VOX_PE,D,20140103,000000,16.218,16.557,16.218,16.473,0,0
VOX_PE,D,20140107,000000,16.303,16.557,16.303,16.303,0,0
VOX_PE,D,20140108,000000,15.792,15.963,15.792,15.963,0,0
VOX_PE,D,20140109,000000,16.048,16.133,16.048,16.133,0,0
VOX_PE,D,20140110,000000,16.048,16.133,15.792,15.792,0,0
VOX_PE,D,20140113,000000,15.878,15.878,15.878,15.878,0,0
VOX_PE,D,20140114,000000,15.878,16.133,15.878,16.048,0,0
VOX_PE,D,20140115,000000,15.963,16.728,15.963,16.388,0,0
VOX_PE,D,20140116,000000,16.557,16.557,16.303,16.303,0,0
VOX_PE,D,20140117,000000,16.303,16.303,16.303,16.303,0,0
VOX_PE,D,20140120,000000,16.303,16.303,15.708,15.708,0,0
VOX_PE,D,20140121,000000,15.792,15.878,15.623,15.623,0,0
VOX_PE,D,20140122,000000,15.538,15.878,15.538,15.792,0,0
VOX_PE,D,20140124,000000,15.792,15.792,15.538,15.538,0,0
VOX_PE,D,20140127,000000,15.538,15.538,14.519,15.538,0,0
VOX_PE,D,20140128,000000,15.623,16.133,14.858,14.858,0,0
VOX_PE,D,20140129,000000,14.858,14.858,14.858,14.858,0,0
VOX_PE,D,20140130,000000,14.858,14.858,14.35,14.35,0,0
VOX_PE,D,20140131,000000,14.35,14.689,14.35,14.35,0,0
VOX_PE,D,20140203,000000,14.35,14.35,13.67,13.67,0,0
VOX_PE,D,20140204,000000,13.756,14.094,13.501,14.094,0,0
VOX_PE,D,20140205,000000,14.094,14.094,13.67,13.925,0,0
VOX_PE,D,20140206,000000,14.009,14.18,13.925,14.094,0,0
VOX_PE,D,20140207,000000,14.094,14.094,14.094,14.094,0,0
VOX_PE,D,20140210,000000,14.094,14.094,13.246,13.501,0,0
VOX_PE,D,20140211,000000,13.586,14.009,13.501,13.925,0,0
VOX_PE,D,20140212,000000,14.009,14.009,13.756,13.84,0,0
VOX_PE,D,20140213,000000,13.925,14.009,13.84,14.009,0,0
VOX_PE,D,20140214,000000,14.009,14.009,13.756,13.756,0,0
VOX_PE,D,20140217,000000,13.67,13.67,13.501,13.586,0,0
VOX_PE,D,20140218,000000,13.586,13.756,13.331,13.756,0,0
VOX_PE,D,20140219,000000,13.84,14.265,13.84,14.265,0,0
VOX_PE,D,20140220,000000,14.265,14.265,14.009,14.265,0,0
VOX_PE,D,20140221,000000,14.265,14.265,14.009,14.094,0,0
VOX_PE,D,20140224,000000,14.094,14.094,14.094,14.094,0,0
VOX_PE,D,20140225,000000,14.094,14.18,14.009,14.18,0,0
VOX_PE,D,20140226,000000,14.094,14.094,13.84,13.925,0,0
VOX_PE,D,20140227,000000,13.925,14.009,13.925,14.009,0,0
VOX_PE,D,20140228,000000,14.009,14.009,13.84,13.925,0,0
VOX_PE,D,20140303,000000,13.67,13.67,13.246,13.416,0,0
VOX_PE,D,20140304,000000,13.416,13.67,13.076,13.161,0,0
VOX_PE,D,20140305,000000,13.161,13.331,13.076,13.246,0,0
VOX_PE,D,20140306,000000,13.586,13.586,13.416,13.501,0,0
VOX_PE,D,20140307,000000,13.416,13.416,12.991,12.991,0,0
VOX_PE,D,20140310,000000,12.991,13.076,12.652,12.822,0,0
VOX_PE,D,20140311,000000,12.822,13.161,12.822,12.822,0,0
VOX_PE,D,20140312,000000,12.822,12.907,11.887,12.141,0,0
VOX_PE,D,20140313,000000,12.141,12.568,12.141,12.226,0,0
VOX_PE,D,20140314,000000,12.396,12.396,12.141,12.226,0,0
VOX_PE,D,20140317,000000,12.226,12.311,12.141,12.141,0,0
VOX_PE,D,20140318,000000,12.226,12.311,12.056,12.141,0,0
VOX_PE,D,20140319,000000,12.056,12.141,11.718,11.803,0,0
VOX_PE,D,20140320,000000,11.803,11.803,11.463,11.463,0,0
VOX_PE,D,20140321,000000,11.547,11.718,11.123,11.207,0,0
VOX_PE,D,20140324,000000,11.123,11.463,10.613,11.378,0,0
VOX_PE,D,20140325,000000,11.547,11.972,11.378,11.378,0,0
VOX_PE,D,20140326,000000,11.718,38.123,11.463,38.123,0,0
VOX_PE,D,20140327,000000,38.123,38.463,38.123,38.379,0,0
VOX_PE,D,20140328,000000,38.548,38.548,38.548,38.548,0,0
VOX_PE,D,20140331,000000,38.379,38.379,37.275,37.701,0,0
VOX_PE,D,20140401,000000,37.869,37.954,37.869,37.954,0,0
VOX_PE,D,20140402,000000,37.869,37.869,36.085,36.085,0,0
VOX_PE,D,20140403,000000,36.34,36.34,36.34,36.34,0,0
VOX_PE,D,20140404,000000,36.34,36.935,35.917,36.935,0,0
VOX_PE,D,20140407,000000,36.935,36.935,36.68,36.68,0,0
VOX_PE,D,20140408,000000,36.596,36.596,36.085,36.085,0,0
VOX_PE,D,20140409,000000,35.747,35.747,34.303,34.303,0,0
VOX_PE,D,20140410,000000,34.303,35.747,34.303,35.747,0,0
VOX_PE,D,20140411,000000,35.747,35.747,34.898,35.492,0,0
VOX_PE,D,20140414,000000,35.153,35.153,34.813,34.813,0,0
VOX_PE,D,20140415,000000,34.303,34.303,34.05,34.134,0,0
VOX_PE,D,20140416,000000,33.794,34.813,33.794,34.557,0,0
VOX_PE,D,20140417,000000,34.813,34.813,33.709,34.303,0,0
VOX_PE,D,20140422,000000,34.557,35.492,34.557,35.492,0,0
VOX_PE,D,20140423,000000,35.747,37.275,35.747,36.17,0,0
VOX_PE,D,20140424,000000,36.17,36.17,35.322,35.322,0,0
VOX_PE,D,20140425,000000,35.492,35.492,34.05,35.322,0,0
VOX_PE,D,20140428,000000,35.662,37.954,35.492,35.492,0,0
VOX_PE,D,20140429,000000,35.662,36.935,35.662,35.832,0,0
VOX_PE,D,20140430,000000,35.917,35.917,34.218,35.492,0,0
VOX_PE,D,20140505,000000,35.492,35.492,35.492,35.492,0,0
VOX_PE,D,20140506,000000,35.153,35.492,34.642,35.153,0,0
VOX_PE,D,20140507,000000,35.407,35.407,34.557,34.557,0,0
VOX_PE,D,20140508,000000,34.813,34.813,33.965,34.05,0,0
VOX_PE,D,20140509,000000,34.05,34.303,33.709,33.709,0,0
VOX_PE,D,20140512,000000,33.454,33.794,33.454,33.539,0,0
VOX_PE,D,20140513,000000,33.794,33.965,33.794,33.965,0,0
VOX_PE,D,20140514,000000,33.965,33.965,33.965,33.965,0,0
VOX_PE,D,20140515,000000,33.965,34.557,33.965,34.134,0,0
VOX_PE,D,20140516,000000,34.134,34.134,34.134,34.134,0,0
VOX_PE,D,20140519,000000,34.134,34.134,33.709,33.965,0,0
VOX_PE,D,20140520,000000,33.965,33.965,32.859,32.859,0,0
VOX_PE,D,20140521,000000,32.859,32.944,32.519,32.859,0,0
VOX_PE,D,20140522,000000,32.859,32.859,32.095,32.774,0,0
VOX_PE,D,20140523,000000,32.434,32.774,32.434,32.774,0,0
VOX_PE,D,20140526,000000,32.689,32.689,32.011,32.181,0,0
VOX_PE,D,20140527,000000,32.011,32.181,32.011,32.095,0,0
VOX_PE,D,20140528,000000,32.266,32.689,32.266,32.604,0,0
VOX_PE,D,20140529,000000,32.774,32.774,32.604,32.774,0,0
VOX_PE,D,20140530,000000,32.774,32.774,32.774,32.774,0,0
VOX_PE,D,20140602,000000,32.774,32.774,32.095,32.774,0,0
VOX_PE,D,20140603,000000,32.774,34.557,32.774,34.557,0,0
VOX_PE,D,20140604,000000,34.303,34.728,32.774,33.369,0,0
VOX_PE,D,20140605,000000,33.369,33.454,33.369,33.454,0,0
VOX_PE,D,20140606,000000,33.454,33.965,32.519,32.859,0,0
VOX_PE,D,20140609,000000,32.859,32.859,32.689,32.774,0,0
VOX_PE,D,20140610,000000,34.134,34.134,34.134,34.134,0,0
VOX_PE,D,20140611,000000,34.134,34.728,34.134,34.728,0,0
VOX_PE,D,20140612,000000,34.728,34.728,34.388,34.388,0,0
VOX_PE,D,20140613,000000,34.728,34.728,34.388,34.728,0,0
VOX_PE,D,20140616,000000,34.728,34.728,34.218,34.388,0,0
VOX_PE,D,20140617,000000,34.728,34.728,34.218,34.303,0,0
VOX_PE,D,20140618,000000,34.303,34.303,34.218,34.218,0,0
VOX_PE,D,20140620,000000,34.134,34.134,33.965,34.134,0,0
VOX_PE,D,20140623,000000,33.965,34.134,33.965,34.134,0,0
VOX_PE,D,20140624,000000,34.134,34.134,33.965,33.965,0,0
VOX_PE,D,20140625,000000,33.965,33.965,33.965,33.965,0,0
VOX_PE,D,20140626,000000,34.303,34.303,33.794,33.794,0,0
VOX_PE,D,20140627,000000,33.965,34.303,33.965,34.303,0,0
VOX_PE,D,20140630,000000,34.303,34.473,34.303,34.388,0,0
VOX_PE,D,20140701,000000,34.388,34.982,34.388,34.982,0,0
VOX_PE,D,20140702,000000,35.067,36.17,35.067,36.085,0,0
VOX_PE,D,20140703,000000,35.917,37.02,35.917,36.765,0,0
VOX_PE,D,20140704,000000,36.765,36.765,36.765,36.765,0,0
VOX_PE,D,20140707,000000,36.765,36.765,36.596,36.596,0,0
VOX_PE,D,20140708,000000,36.765,36.765,36.765,36.765,0,0
VOX_PE,D,20140709,000000,36.765,36.765,35.238,35.238,0,0
VOX_PE,D,20140710,000000,35.067,36.765,34.557,36.68,0,0
VOX_PE,D,20140711,000000,36.511,37.869,36.511,37.785,0,0
VOX_PE,D,20140714,000000,37.869,38.548,37.616,37.701,0,0
VOX_PE,D,20140715,000000,37.701,38.039,37.616,37.616,0,0
VOX_PE,D,20140716,000000,37.701,38.548,37.531,37.531,0,0
VOX_PE,D,20140717,000000,37.445,38.294,37.445,38.209,0,0
VOX_PE,D,20140718,000000,37.954,37.954,37.361,37.445,0,0
VOX_PE,D,20140721,000000,37.531,38.039,37.531,38.039,0,0
VOX_PE,D,20140722,000000,38.039,38.039,37.785,37.785,0,0
VOX_PE,D,20140723,000000,37.954,37.954,37.954,37.954,0,0
VOX_PE,D,20140724,000000,37.954,37.954,37.954,37.954,0,0
VOX_PE,D,20140725,000000,37.954,37.954,37.701,37.701,0,0
VOX_PE,D,20140728,000000,37.701,37.701,37.701,37.701,0,0
VOX_PE,D,20140729,000000,37.616,37.701,37.531,37.531,0,0
VOX_PE,D,20140730,000000,37.531,37.531,35.662,35.662,0,0
VOX_PE,D,20140731,000000,36.085,36.085,36.085,36.085,0,0
VOX_PE,D,20140801,000000,36.085,36.085,35.832,35.917,0,0
VOX_PE,D,20140804,000000,36.085,36.255,35.492,35.747,0,0
VOX_PE,D,20140805,000000,35.577,35.577,35.153,35.153,0,0
VOX_PE,D,20140806,000000,35.153,35.153,35.153,35.153,0,0
VOX_PE,D,20140807,000000,35.153,35.322,35.153,35.322,0,0
VOX_PE,D,20140808,000000,35.322,35.322,35.322,35.322,0,0
VOX_PE,D,20140811,000000,35.322,35.322,35.238,35.322,0,0
VOX_PE,D,20140812,000000,35.322,35.322,35.322,35.322,0,0
VOX_PE,D,20140813,000000,35.238,35.238,34.557,34.557,0,0
VOX_PE,D,20140814,000000,34.898,34.898,34.218,34.557,0,0
VOX_PE,D,20140818,000000,34.473,34.473,33.794,33.965,0,0
VOX_PE,D,20140819,000000,34.05,35.238,34.05,35.238,0,0
VOX_PE,D,20140820,000000,35.238,35.662,35.238,35.662,0,0
VOX_PE,D,20140822,000000,35.492,36.17,35.492,36.085,0,0
VOX_PE,D,20140825,000000,36.426,36.426,36.085,36.085,0,0
VOX_PE,D,20140826,000000,35.747,35.747,33.03,34.303,0,0
VOX_PE,D,20140827,000000,34.134,34.557,34.134,34.557,0,0
VOX_PE,D,20140828,000000,34.303,34.303,33.709,33.965,0,0
VOX_PE,D,20140829,000000,34.303,34.303,33.115,33.115,0,0
VOX_PE,D,20140901,000000,33.03,33.03,31.756,31.756,0,0
VOX_PE,D,20140902,000000,31.416,34.05,30.822,34.05,0,0
VOX_PE,D,20140903,000000,33.965,34.388,33.965,34.05,0,0
VOX_PE,D,20140904,000000,33.624,33.624,33.284,33.369,0,0
VOX_PE,D,20140905,000000,33.539,33.539,32.944,33.199,0,0
VOX_PE,D,20140908,000000,33.199,59.607,31.501,59.607,0,0
VOX_PE,D,20140909,000000,59.776,61.218,59.776,59.776,0,0
VOX_PE,D,20140910,000000,60.54,60.964,60.54,60.964,0,0
VOX_PE,D,20140911,000000,60.879,60.879,59.097,59.521,0,0
VOX_PE,D,20140912,000000,59.182,59.182,59.182,59.182,0,0
VOX_PE,D,20140915,000000,63.257,63.851,58.757,58.757,0,0
VOX_PE,D,20140916,000000,58.757,59.267,58.757,59.182,0,0
VOX_PE,D,20140917,000000,59.182,59.182,59.097,59.182,0,0
VOX_PE,D,20140918,000000,59.182,59.182,59.182,59.182,0,0
VOX_PE,D,20140919,000000,59.182,59.182,58.671,59.097,0,0
VOX_PE,D,20140922,000000,59.436,59.436,58.248,59.182,0,0
VOX_PE,D,20140923,000000,59.182,59.182,59.097,59.097,0,0
VOX_PE,D,20140924,000000,59.182,59.182,58.502,58.502,0,0
VOX_PE,D,20140925,000000,59.182,59.776,59.182,59.776,0,0
VOX_PE,D,20140926,000000,59.776,59.776,59.692,59.692,0,0
VOX_PE,D,20140929,000000,59.692,59.776,59.692,59.692,0,0
VOX_PE,D,20140930,000000,59.182,59.182,59.182,59.182,0,0
VOX_PE,D,20141001,000000,59.182,59.182,57.993,57.993,0,0
VOX_PE,D,20141002,000000,59.182,59.182,55.105,56.295,0,0
VOX_PE,D,20141003,000000,56.295,56.549,56.295,56.379,0,0
VOX_PE,D,20141006,000000,56.295,56.888,55.105,56.888,0,0
VOX_PE,D,20141007,000000,56.549,56.549,56.125,56.464,0,0
VOX_PE,D,20141008,000000,56.295,56.295,55.87,55.87,0,0
VOX_PE,D,20141009,000000,55.87,55.87,55.362,55.447,0,0
VOX_PE,D,20141010,000000,55.447,55.447,51.37,51.37,0,0
VOX_PE,D,20141013,000000,51.37,52.22,51.37,52.22,0,0
VOX_PE,D,20141014,000000,53.068,55.701,52.559,54.512,0,0
VOX_PE,D,20141015,000000,54.512,56.125,54.512,55.105,0,0
VOX_PE,D,20141016,000000,55.105,57.144,55.105,57.144,0,0
VOX_PE,D,20141017,000000,56.804,59.776,55.19,59.776,0,0
VOX_PE,D,20141020,000000,60.625,60.625,59.607,59.607,0,0
VOX_PE,D,20141021,000000,59.776,60.625,59.776,60.37,0,0
VOX_PE,D,20141022,000000,60.625,61.559,60.37,60.37,0,0
VOX_PE,D,20141023,000000,60.964,61.305,60.964,61.305,0,0
VOX_PE,D,20141024,000000,61.305,61.305,61.305,61.305,0,0
VOX_PE,D,20141027,000000,60.54,61.815,60.2,61.815,0,0
VOX_PE,D,20141028,000000,62.154,63.257,61.729,61.729,0,0
VOX_PE,D,20141029,000000,61.729,63.512,61.218,63.002,0,0
VOX_PE,D,20141030,000000,63.427,65.21,62.663,63.851,0,0
VOX_PE,D,20141031,000000,64.7,64.7,63.342,63.851,0,0
VOX_PE,D,20141103,000000,63.342,64.615,63.342,64.36,0,0
VOX_PE,D,20141104,000000,63.766,65.296,63.427,65.296,0,0
VOX_PE,D,20141105,000000,65.296,65.296,65.296,65.296,0,0
VOX_PE,D,20141106,000000,64.871,64.871,63.851,63.851,0,0
VOX_PE,D,20141107,000000,63.851,63.851,62.917,62.917,0,0
VOX_PE,D,20141110,000000,62.663,63.851,62.663,63.851,0,0
VOX_PE,D,20141112,000000,65.04,65.04,62.068,62.068,0,0
VOX_PE,D,20141113,000000,62.663,62.663,61.559,61.644,0,0
VOX_PE,D,20141114,000000,61.133,61.133,60.2,60.2,0,0
VOX_PE,D,20141117,000000,59.182,60.285,57.993,57.993,0,0
VOX_PE,D,20141118,000000,57.993,57.993,54.766,55.105,0,0
VOX_PE,D,20141119,000000,55.19,55.19,55.105,55.105,0,0
VOX_PE,D,20150907,000000,42.879,42.879,42.879,42.879,0,0
VOX_PE,D,20150908,000000,42.879,43.473,42.879,43.473,0,0
VOX_PE,D,20150909,000000,43.473,43.473,42.964,42.964,0,0
VOX_PE,D,20150910,000000,42.964,43.218,42.709,43.218,0,0
VOX_PE,D,20150911,000000,43.389,43.389,43.133,43.133,0,0
VOX_PE,D,20150914,000000,43.389,43.389,42.794,42.879,0,0
VOX_PE,D,20150915,000000,43.049,43.897,43.049,43.897,0,0
VOX_PE,D,20150916,000000,43.982,44.748,43.982,44.238,0,0
VOX_PE,D,20150917,000000,44.577,44.748,44.323,44.663,0,0
VOX_PE,D,20150918,000000,44.663,44.748,44.492,44.748,0,0
VOX_PE,D,20150921,000000,44.748,44.748,44.492,44.492,0,0
VOX_PE,D,20150922,000000,44.492,44.492,43.558,43.558,0,0
VOX_PE,D,20150923,000000,43.473,43.473,43.133,43.133,0,0
VOX_PE,D,20150924,000000,43.473,43.473,42.285,42.964,0,0
VOX_PE,D,20150925,000000,42.964,42.964,42.455,42.54,0,0
VOX_PE,D,20150928,000000,42.285,42.285,42.199,42.285,0,0
VOX_PE,D,20150929,000000,42.794,43.982,42.794,43.473,0,0
VOX_PE,D,20150930,000000,43.473,43.728,42.709,43.473,0,0
VOX_PE,D,20151001,000000,43.473,43.473,42.625,42.625,0,0
VOX_PE,D,20151002,000000,42.709,42.709,42.625,42.625,0,0
VOX_PE,D,20151005,000000,42.625,42.625,40.842,41.011,0,0
VOX_PE,D,20151006,000000,41.267,41.69,39.737,41.011,0,0
VOX_PE,D,20151007,000000,41.011,41.011,41.011,41.011,0,0
VOX_PE,D,20151008,000000,40.927,42.285,40.927,42.285,0,0
VOX_PE,D,20151009,000000,42.285,42.285,41.097,41.606,0,0
VOX_PE,D,20151012,000000,41.182,41.775,40.246,40.331,0,0
VOX_PE,D,20151013,000000,40.331,41.182,39.821,41.182,0,0
VOX_PE,D,20151014,000000,41.182,41.182,40.927,41.011,0,0
VOX_PE,D,20151015,000000,41.182,43.218,41.182,42.964,0,0
VOX_PE,D,20151016,000000,42.709,42.709,41.86,42.285,0,0
VOX_PE,D,20151019,000000,42.625,42.625,42.285,42.285,0,0
VOX_PE,D,20151020,000000,42.369,42.369,41.011,42.199,0,0
VOX_PE,D,20151021,000000,42.199,42.285,42.199,42.285,0,0
VOX_PE,D,20151022,000000,42.625,43.473,42.625,42.625,0,0
VOX_PE,D,20151023,000000,42.964,42.964,42.794,42.964,0,0
VOX_PE,D,20151026,000000,43.473,43.473,42.285,42.285,0,0
VOX_PE,D,20151027,000000,43.389,43.389,43.304,43.304,0,0
VOX_PE,D,20151028,000000,43.304,43.389,43.304,43.389,0,0
VOX_PE,D,20151029,000000,43.389,44.663,43.389,44.323,0,0
VOX_PE,D,20151030,000000,44.492,45.765,44.492,45.511,0,0
VOX_PE,D,20151102,000000,45.511,45.765,45.257,45.765,0,0
VOX_PE,D,20151103,000000,45.765,46.275,45.511,46.021,0,0
VOX_PE,D,20151104,000000,46.275,47.209,19.954,19.954,0,0
VOX_PE,D,20151105,000000,19.869,20.463,19.869,20.463,0,0
VOX_PE,D,20151106,000000,20.378,20.463,20.123,20.294,0,0
VOX_PE,D,20151109,000000,20.294,20.378,20.209,20.294,0,0
VOX_PE,D,20151110,000000,20.294,20.378,20.038,20.038,0,0
VOX_PE,D,20151112,000000,20.038,20.123,20.038,20.123,0,0
VOX_PE,D,20151113,000000,20.123,20.123,19.869,19.869,0,0
VOX_PE,D,20151116,000000,19.784,19.784,18.935,19.444,0,0
VOX_PE,D,20151117,000000,19.614,19.614,19.444,19.444,0,0
VOX_PE,D,20151118,000000,19.444,19.444,19.274,19.36,0,0
VOX_PE,D,20151119,000000,19.274,19.869,19.104,19.869,0,0
VOX_PE,D,20151120,000000,19.869,19.869,19.529,19.529,0,0
VOX_PE,D,20151123,000000,19.529,19.529,19.274,19.444,0,0
VOX_PE,D,20151124,000000,19.444,19.444,19.274,19.36,0,0
VOX_PE,D,20151126,000000,19.444,19.444,19.36,19.36,0,0
VOX_PE,D,20151127,000000,19.36,19.869,19.36,19.614,0,0
VOX_PE,D,20151130,000000,19.614,19.869,19.614,19.869,0,0
VOX_PE,D,20151201,000000,19.869,19.954,19.614,19.869,0,0
VOX_PE,D,20151202,000000,19.869,19.869,19.189,19.274,0,0
VOX_PE,D,20151203,000000,19.444,19.699,19.274,19.274,0,0
VOX_PE,D,20151204,000000,19.274,19.529,19.189,19.529,0,0
VOX_PE,D,20151207,000000,19.699,19.784,19.699,19.699,0,0
VOX_PE,D,20151208,000000,19.614,19.614,19.36,19.614,0,0
VOX_PE,D,20151209,000000,19.614,19.614,19.274,19.614,0,0
VOX_PE,D,20151210,000000,19.614,19.699,19.614,19.699,0,0
VOX_PE,D,20151211,000000,19.444,19.614,19.189,19.189,0,0
VOX_PE,D,20151214,000000,19.189,19.189,19.189,19.189,0,0
VOX_PE,D,20151215,000000,19.189,19.699,19.189,19.699,0,0
VOX_PE,D,20151216,000000,19.189,19.699,19.189,19.36,0,0
VOX_PE,D,20151217,000000,19.529,19.699,19.36,19.614,0,0
VOX_PE,D,20151218,000000,19.699,20.209,19.699,20.209,0,0
VOX_PE,D,20151221,000000,20.294,20.973,20.294,20.888,0,0
VOX_PE,D,20151222,000000,20.888,21.82,20.888,21.566,0,0
VOX_PE,D,20151223,000000,21.566,21.991,21.566,21.991,0,0
VOX_PE,D,20151228,000000,21.736,22.077,21.736,21.736,0,0
VOX_PE,D,20151229,000000,21.82,21.991,21.736,21.991,0,0
VOX_PE,D,20151230,000000,21.991,21.991,21.736,21.991,0,0
VOX_PE,D,20160104,000000,21.991,21.991,21.397,21.397,0,0
VOX_PE,D,20160105,000000,21.481,22.841,21.481,22.756,0,0
VOX_PE,D,20160107,000000,22.161,22.67,22.161,22.416,0,0
VOX_PE,D,20160108,000000,22.416,23.011,22.416,22.841,0,0
VOX_PE,D,20160111,000000,22.841,23.69,22.841,22.841,0,0
VOX_PE,D,20160112,000000,22.841,23.435,22.5,22.841,0,0
VOX_PE,D,20160113,000000,22.926,23.52,22.926,23.52,0,0
VOX_PE,D,20160114,000000,23.52,23.52,22.841,23.18,0,0
VOX_PE,D,20160115,000000,22.926,23.265,22.67,23.265,0,0
VOX_PE,D,20160118,000000,23.18,23.265,23.18,23.265,0,0
VOX_PE,D,20160119,000000,23.18,23.18,23.18,23.18,0,0
VOX_PE,D,20160120,000000,22.841,23.095,22.67,23.095,0,0
VOX_PE,D,20160121,000000,23.095,23.095,22.756,23.095,0,0
VOX_PE,D,20160122,000000,23.095,23.18,22.841,23.095,0,0
VOX_PE,D,20160125,000000,23.18,23.18,23.18,23.18,0,0
VOX_PE,D,20160126,000000,23.18,23.18,22.841,23.095,0,0
VOX_PE,D,20160127,000000,21.651,22.841,21.651,22.585,0,0
VOX_PE,D,20160128,000000,22.585,23.011,22.5,23.011,0,0
VOX_PE,D,20160129,000000,23.011,23.095,22.67,23.095,0,0
VOX_PE,D,20160201,000000,23.095,23.18,23.011,23.095,0,0
VOX_PE,D,20160202,000000,23.095,23.095,22.161,22.5,0,0
VOX_PE,D,20160203,000000,22.416,22.416,21.82,22.161,0,0
VOX_PE,D,20160204,000000,22.161,22.161,21.481,21.566,0,0
VOX_PE,D,20160205,000000,21.397,21.397,19.36,21.312,0,0
VOX_PE,D,20160208,000000,20.802,20.802,19.444,19.444,0,0
VOX_PE,D,20160209,000000,19.444,19.444,18.085,18.765,0,0
VOX_PE,D,20160210,000000,18.17,18.765,18.17,18.339,0,0
VOX_PE,D,20160211,000000,18.425,18.765,17.915,18.765,0,0
VOX_PE,D,20160212,000000,18.85,20.038,18.425,19.529,0,0
VOX_PE,D,20160215,000000,19.784,19.869,19.529,19.869,0,0
VOX_PE,D,20160216,000000,19.869,19.869,19.614,19.614,0,0
VOX_PE,D,20160217,000000,19.784,20.548,18.935,20.294,0,0
VOX_PE,D,20160218,000000,20.463,20.888,20.463,20.802,0,0
VOX_PE,D,20160219,000000,20.888,21.736,20.888,21.651,0,0
VOX_PE,D,20160222,000000,21.566,21.566,20.038,20.038,0,0
VOX_PE,D,20160223,000000,20.038,20.038,19.444,19.614,0,0
VOX_PE,D,20160224,000000,19.529,19.529,18.935,19.019,0,0
VOX_PE,D,20160225,000000,19.189,19.529,19.189,19.444,0,0
VOX_PE,D,20160226,000000,19.614,20.378,19.274,19.869,0,0
VOX_PE,D,20160229,000000,20.123,20.123,19.614,20.123,0,0
VOX_PE,D,20160301,000000,20.123,20.123,18.85,19.189,0,0
VOX_PE,D,20160302,000000,19.529,19.869,19.36,19.36,0,0
VOX_PE,D,20160303,000000,19.36,19.444,19.36,19.444,0,0
VOX_PE,D,20160304,000000,19.444,19.529,19.36,19.529,0,0
VOX_PE,D,20160307,000000,19.529,19.529,19.274,19.444,0,0
VOX_PE,D,20160308,000000,19.444,19.444,19.274,19.36,0,0
VOX_PE,D,20160309,000000,19.36,19.36,18.596,19.274,0,0
VOX_PE,D,20160310,000000,19.274,19.36,18.935,18.935,0,0
VOX_PE,D,20160311,000000,18.935,19.529,18.68,19.36,0,0
VOX_PE,D,20160314,000000,19.36,19.36,18.935,19.189,0,0
VOX_PE,D,20160315,000000,19.189,19.36,18.765,18.935,0,0
VOX_PE,D,20160316,000000,18.935,18.935,18.85,18.935,0,0
VOX_PE,D,20160317,000000,19.019,19.019,18.17,18.85,0,0
VOX_PE,D,20160318,000000,18.85,18.935,18.765,18.935,0,0
VOX_PE,D,20160321,000000,19.019,19.019,18.765,18.935,0,0
VOX_PE,D,20160322,000000,18.935,19.274,18.425,18.935,0,0
VOX_PE,D,20160323,000000,19.104,19.189,18.511,19.189,0,0
VOX_PE,D,20160324,000000,19.019,20.209,19.019,20.209,0,0
VOX_PE,D,20160329,000000,20.209,20.548,20.038,20.209,0,0
VOX_PE,D,20160330,000000,20.123,20.123,11.887,11.887,0,0
VOX_PE,D,20160331,000000,11.803,12.141,11.547,12.141,0,0
VOX_PE,D,20160401,000000,11.887,11.972,11.803,11.887,0,0
VOX_PE,D,20160404,000000,11.803,11.803,11.633,11.718,0,0
VOX_PE,D,20160405,000000,11.633,11.633,11.463,11.547,0,0
VOX_PE,D,20160406,000000,11.547,11.547,11.463,11.463,0,0
VOX_PE,D,20160407,000000,11.463,11.463,11.038,11.378,0,0
VOX_PE,D,20160408,000000,11.378,11.547,11.207,11.463,0,0
VOX_PE,D,20160411,000000,11.463,11.463,11.038,11.123,0,0
VOX_PE,D,20160412,000000,11.207,11.887,11.207,11.887,0,0
VOX_PE,D,20160413,000000,11.887,12.141,11.887,12.141,0,0
VOX_PE,D,20160414,000000,12.226,12.396,11.972,11.972,0,0
VOX_PE,D,20160415,000000,11.972,12.396,11.803,12.141,0,0
VOX_PE,D,20160418,000000,12.056,12.311,11.972,12.226,0,0
VOX_PE,D,20160419,000000,12.226,12.226,12.141,12.226,0,0
VOX_PE,D,20160420,000000,12.226,12.311,12.226,12.226,0,0
VOX_PE,D,20160421,000000,12.311,12.396,12.226,12.396,0,0
VOX_PE,D,20160422,000000,12.482,12.482,12.311,12.396,0,0
VOX_PE,D,20160425,000000,12.311,12.311,12.056,12.141,0,0
VOX_PE,D,20160426,000000,11.887,11.887,11.718,11.803,0,0
VOX_PE,D,20160427,000000,11.803,11.803,11.633,11.718,0,0
VOX_PE,D,20160428,000000,11.718,12.311,11.718,12.311,0,0
VOX_PE,D,20160429,000000,11.972,12.141,11.972,12.141,0,0
VOX_PE,D,20160502,000000,12.141,12.226,12.141,12.141,0,0
VOX_PE,D,20160504,000000,12.141,12.141,11.718,11.972,0,0
VOX_PE,D,20160505,000000,12.141,12.141,11.972,12.056,0,0
VOX_PE,D,20160506,000000,12.056,12.056,12.056,12.056,0,0
VOX_PE,D,20160509,000000,11.887,11.887,11.207,11.463,0,0
VOX_PE,D,20160510,000000,11.292,11.547,11.292,11.463,0,0
VOX_PE,D,20160511,000000,11.463,11.463,11.378,11.463,0,0
VOX_PE,D,20160512,000000,11.292,11.463,11.207,11.378,0,0
VOX_PE,D,20160513,000000,11.463,11.463,11.207,11.292,0,0
VOX_PE,D,20160516,000000,10.953,11.292,10.953,11.207,0,0
VOX_PE,D,20160517,000000,11.292,11.292,11.038,11.207,0,0
VOX_PE,D,20160518,000000,11.207,11.292,11.207,11.207,0,0
VOX_PE,D,20160519,000000,11.207,11.547,11.038,11.123,0,0
VOX_PE,D,20160520,000000,11.123,11.123,10.953,11.123,0,0
VOX_PE,D,20160523,000000,11.123,11.207,11.123,11.123,0,0
VOX_PE,D,20160524,000000,11.123,11.123,11.123,11.123,0,0
VOX_PE,D,20160525,000000,11.123,11.123,11.123,11.123,0,0
VOX_PE,D,20160527,000000,11.123,12.482,11.038,12.482,0,0
VOX_PE,D,20160530,000000,12.482,12.568,12.482,12.568,0,0
VOX_PE,D,20160531,000000,12.482,12.568,12.482,12.568,0,0
VOX_PE,D,20160601,000000,12.568,12.568,12.311,12.482,0,0
VOX_PE,D,20160602,000000,12.482,12.482,12.141,12.141,0,0
VOX_PE,D,20160603,000000,12.396,12.482,12.396,12.482,0,0
VOX_PE,D,20160606,000000,12.482,12.482,12.396,12.396,0,0
VOX_PE,D,20160607,000000,12.396,12.482,12.396,12.482,0,0
VOX_PE,D,20160608,000000,12.226,12.396,12.141,12.396,0,0
VOX_PE,D,20160609,000000,12.396,12.396,12.396,12.396,0,0
VOX_PE,D,20160610,000000,12.396,12.482,11.463,11.547,0,0
VOX_PE,D,20160613,000000,11.547,11.547,11.463,11.463,0,0
VOX_PE,D,20160614,000000,11.463,11.547,11.378,11.378,0,0
VOX_PE,D,20160615,000000,11.378,11.463,11.123,11.207,0,0
VOX_PE,D,20160616,000000,11.123,11.123,10.444,10.953,0,0
VOX_PE,D,20160617,000000,11.038,12.141,10.698,12.141,0,0
VOX_PE,D,20160620,000000,11.887,12.056,11.633,11.972,0,0
VOX_PE,D,20160621,000000,11.972,12.056,11.887,11.887,0,0
VOX_PE,D,20160622,000000,11.887,12.396,11.887,12.226,0,0
VOX_PE,D,20160623,000000,12.226,12.226,12.141,12.141,0,0
VOX_PE,D,20160624,000000,11.207,11.887,11.207,11.803,0,0
VOX_PE,D,20160627,000000,11.718,11.887,11.718,11.887,0,0
VOX_PE,D,20160628,000000,11.887,12.141,11.887,12.141,0,0
VOX_PE,D,20160629,000000,12.141,12.141,12.141,12.141,0,0
VOX_PE,D,20160630,000000,12.141,12.141,12.141,12.141,0,0
VOX_PE,D,20160701,000000,12.141,12.482,12.141,12.482,0,0
VOX_PE,D,20160704,000000,12.482,12.482,12.396,12.396,0,0
VOX_PE,D,20160705,000000,12.396,12.482,12.396,12.482,0,0
VOX_PE,D,20160706,000000,12.482,12.482,12.396,12.396,0,0
VOX_PE,D,20160707,000000,12.396,12.396,12.396,12.396,0,0
VOX_PE,D,20160708,000000,12.396,12.396,12.396,12.396,0,0
VOX_PE,D,20160711,000000,12.396,12.396,12.396,12.396,0,0
VOX_PE,D,20160712,000000,12.396,12.396,12.396,12.396,0,0
VOX_PE,D,20160713,000000,12.396,12.396,12.311,12.311,0,0
VOX_PE,D,20160714,000000,12.396,12.396,12.311,12.396,0,0
VOX_PE,D,20160715,000000,12.396,12.396,12.311,12.396,0,0
VOX_PE,D,20160718,000000,12.396,12.482,12.226,12.482,0,0
VOX_PE,D,20160719,000000,12.482,12.482,12.482,12.482,0,0
VOX_PE,D,20160720,000000,12.141,12.482,12.141,12.482,0,0
VOX_PE,D,20160721,000000,12.482,12.482,12.482,12.482,0,0
VOX_PE,D,20160722,000000,12.396,12.396,12.396,12.396,0,0
VOX_PE,D,20160725,000000,12.396,12.482,12.396,12.482,0,0
VOX_PE,D,20160726,000000,12.482,12.482,12.396,12.396,0,0
VOX_PE,D,20160727,000000,12.396,12.482,12.396,12.482,0,0
VOX_PE,D,20160728,000000,12.482,12.482,12.482,12.482,0,0
VOX_PE,D,20160729,000000,12.482,12.482,12.482,12.482,0,0
VOX_PE,D,20160801,000000,12.482,12.482,12.482,12.482,0,0
VOX_PE,D,20160802,000000,12.482,12.482,12.482,12.482,0,0
VOX_PE,D,20160803,000000,12.482,12.482,12.482,12.482,0,0
VOX_PE,D,20160804,000000,12.482,12.482,12.482,12.482,0,0
VOX_PE,D,20160805,000000,12.482,12.482,12.482,12.482,0,0
VOX_PE,D,20160808,000000,12.482,12.482,12.311,12.396,0,0
VOX_PE,D,20160809,000000,12.396,12.396,12.311,12.396,0,0
VOX_PE,D,20160810,000000,12.396,12.396,12.396,12.396,0,0
VOX_PE,D,20160811,000000,12.311,12.396,12.311,12.396,0,0
VOX_PE,D,20160812,000000,12.311,12.482,12.311,12.396,0,0
VOX_PE,D,20160816,000000,12.396,12.396,12.396,12.396,0,0
VOX_PE,D,20160817,000000,12.396,12.482,12.396,12.482,0,0
VOX_PE,D,20160818,000000,12.482,12.482,12.482,12.482,0,0
VOX_PE,D,20160819,000000,12.482,12.482,12.482,12.482,0,0
VOX_PE,D,20160822,000000,12.482,12.482,12.482,12.482,0,0
VOX_PE,D,20160823,000000,12.141,12.482,12.141,12.482,0,0
VOX_PE,D,20160824,000000,12.482,12.568,12.482,12.482,0,0
VOX_PE,D,20160825,000000,12.482,12.482,12.482,12.482,0,0
VOX_PE,D,20160826,000000,12.482,12.482,12.482,12.482,0,0
VOX_PE,D,20160829,000000,12.482,12.482,12.482,12.482,0,0
VOX_PE,D,20160830,000000,12.482,12.482,12.482,12.482,0,0
VOX_PE,D,20160831,000000,12.396,12.482,12.396,12.482,0,0
VOX_PE,D,20160901,000000,12.482,12.482,12.141,12.141,0,0
VOX_PE,D,20160902,000000,12.141,12.482,12.141,12.482,0,0
VOX_PE,D,20160905,000000,12.482,12.822,12.482,12.822,0,0
VOX_PE,D,20160906,000000,12.822,12.822,12.822,12.822,0,0
VOX_PE,D,20160907,000000,12.822,12.822,12.822,12.822,0,0
VOX_PE,D,20160908,000000,12.822,13.331,12.737,13.076,0,0
VOX_PE,D,20160909,000000,13.076,13.161,12.652,13.161,0,0
VOX_PE,D,20160912,000000,13.161,13.67,13.161,13.586,0,0
VOX_PE,D,20160913,000000,13.67,13.67,13.586,13.67,0,0
VOX_PE,D,20160914,000000,13.586,13.67,13.586,13.586,0,0
VOX_PE,D,20160915,000000,13.416,13.586,13.416,13.586,0,0
VOX_PE,D,20160916,000000,13.47,14.783,13.47,13.558,0,0
VOX_PE,D,20160919,000000,13.558,13.733,13.382,13.733,0,0
VOX_PE,D,20160920,000000,13.733,13.733,13.733,13.733,0,0
VOX_PE,D,20160921,000000,13.733,13.733,13.646,13.646,0,0
VOX_PE,D,20160922,000000,13.733,13.733,13.733,13.733,0,0
VOX_PE,D,20160923,000000,13.733,13.733,13.295,13.295,0,0
VOX_PE,D,20160926,000000,13.295,13.646,13.295,13.558,0,0
VOX_PE,D,20160927,000000,13.47,13.733,13.47,13.733,0,0
VOX_PE,D,20160928,000000,13.558,13.733,13.558,13.733,0,0
VOX_PE,D,20160929,000000,13.733,14.258,13.733,14.258,0,0
VOX_PE,D,20160930,000000,14.258,14.258,13.47,13.646,0,0
VOX_PE,D,20161003,000000,13.646,14.084,13.646,14.084,0,0
VOX_PE,D,20161004,000000,14.084,14.52,14.084,14.52,0,0
VOX_PE,D,20161005,000000,14.52,14.608,14.345,14.608,0,0
VOX_PE,D,20161006,000000,14.345,14.52,14.345,14.432,0,0
VOX_PE,D,20161007,000000,14.432,14.608,14.432,14.608,0,0
VOX_PE,D,20161010,000000,14.608,14.783,14.432,14.783,0,0
VOX_PE,D,20161011,000000,14.783,14.783,14.783,14.783,0,0
VOX_PE,D,20161012,000000,14.783,14.783,14.695,14.695,0,0
VOX_PE,D,20161013,000000,14.783,14.783,14.695,14.783,0,0
VOX_PE,D,20161014,000000,14.695,14.783,14.695,14.783,0,0
VOX_PE,D,20161017,000000,14.783,15.569,14.783,15.395,0,0
VOX_PE,D,20161018,000000,15.132,15.395,15.132,15.395,0,0
VOX_PE,D,20161019,000000,15.219,15.219,15.219,15.219,0,0
VOX_PE,D,20161020,000000,15.132,15.132,15.132,15.132,0,0
VOX_PE,D,20161021,000000,15.132,15.132,15.132,15.132,0,0
VOX_PE,D,20161024,000000,15.219,15.219,15.045,15.045,0,0
VOX_PE,D,20161025,000000,15.219,15.219,14.695,14.783,0,0
VOX_PE,D,20161026,000000,14.695,15.219,14.695,14.783,0,0
VOX_PE,D,20161027,000000,14.695,14.783,14.608,14.608,0,0
VOX_PE,D,20161028,000000,14.695,14.783,14.695,14.783,0,0
VOX_PE,D,20161031,000000,14.783,15.219,14.783,15.219,0,0
VOX_PE,D,20161102,000000,14.783,14.871,14.608,14.695,0,0
VOX_PE,D,20161103,000000,14.695,14.695,14.52,14.52,0,0
VOX_PE,D,20161104,000000,14.432,14.52,14.432,14.52,0,0
VOX_PE,D,20161107,000000,14.783,14.871,14.52,14.52,0,0
VOX_PE,D,20161108,000000,14.783,14.783,14.608,14.783,0,0
VOX_PE,D,20161109,000000,14.871,14.871,14.695,14.695,0,0
VOX_PE,D,20161110,000000,14.608,14.783,14.608,14.695,0,0
VOX_PE,D,20161114,000000,14.695,14.783,14.608,14.608,0,0
VOX_PE,D,20161115,000000,14.52,14.608,14.52,14.52,0,0
VOX_PE,D,20161116,000000,14.52,14.52,14.432,14.52,0,0
VOX_PE,D,20161117,000000,14.52,16.708,14.432,16.708,0,0
VOX_PE,D,20161118,000000,16.62,16.708,16.62,16.708,0,0
VOX_PE,D,20161121,000000,16.708,16.708,16.708,16.708,0,0
VOX_PE,D,20161122,000000,16.708,16.708,16.708,16.708,0,0
VOX_PE,D,20161123,000000,16.708,16.708,16.62,16.62,0,0
VOX_PE,D,20161124,000000,16.62,16.62,16.532,16.532,0,0
VOX_PE,D,20161125,000000,16.62,16.62,16.62,16.62,0,0
VOX_PE,D,20161128,000000,16.62,16.62,16.532,16.62,0,0
VOX_PE,D,20161129,000000,16.708,16.708,16.357,16.62,0,0
VOX_PE,D,20161130,000000,16.62,16.62,16.532,16.532,0,0
VOX_PE,D,20161201,000000,16.532,16.532,16.357,16.532,0,0
VOX_PE,D,20161202,000000,16.445,16.532,16.445,16.445,0,0
VOX_PE,D,20161205,000000,16.62,16.62,16.357,16.62,0,0
VOX_PE,D,20161206,000000,16.445,16.445,16.445,16.445,0,0
VOX_PE,D,20161207,000000,16.357,16.445,16.357,16.357,0,0
VOX_PE,D,20161208,000000,16.357,16.445,16.357,16.357,0,0
VOX_PE,D,20161209,000000,16.357,16.357,16.269,16.357,0,0
VOX_PE,D,20161212,000000,16.357,16.357,16.182,16.182,0,0
VOX_PE,D,20161213,000000,16.182,16.269,16.182,16.269,0,0
VOX_PE,D,20161214,000000,16.269,16.269,16.269,16.269,0,0
VOX_PE,D,20161215,000000,16.269,16.269,16.269,16.269,0,0
VOX_PE,D,20161216,000000,16.269,16.269,16.269,16.269,0,0
VOX_PE,D,20161219,000000,16.269,16.269,16.269,16.269,0,0
VOX_PE,D,20161220,000000,16.269,16.269,16.269,16.269,0,0
VOX_PE,D,20161221,000000,16.269,16.269,16.182,16.182,0,0
VOX_PE,D,20161222,000000,16.182,16.182,15.833,16.182,0,0
VOX_PE,D,20161223,000000,16.182,16.182,16.182,16.182,0,0
VOX_PE,D,20161227,000000,16.182,16.182,16.095,16.095,0,0
VOX_PE,D,20161228,000000,16.095,16.095,15.921,16.095,0,0
VOX_PE,D,20161229,000000,16.182,16.182,16.182,16.182,0,0
VOX_PE,D,20161230,000000,16.182,16.182,16.182,16.182,0,0
VOX_PE,D,20170102,000000,16.532,16.532,16.269,16.532,0,0
VOX_PE,D,20170103,000000,16.532,16.532,16.445,16.532,0,0
VOX_PE,D,20170104,000000,16.269,16.269,16.269,16.269,0,0
VOX_PE,D,20170105,000000,15.833,16.445,15.833,16.445,0,0
VOX_PE,D,20170109,000000,16.007,16.007,15.921,16.007,0,0
VOX_PE,D,20170110,000000,15.921,16.269,15.921,16.269,0,0
VOX_PE,D,20170111,000000,16.095,16.095,15.921,16.095,0,0
VOX_PE,D,20170112,000000,16.095,16.182,15.921,16.182,0,0
VOX_PE,D,20170113,000000,16.532,16.532,16.182,16.182,0,0
VOX_PE,D,20170116,000000,16.182,16.182,15.921,16.007,0,0
VOX_PE,D,20170117,000000,16.095,16.269,15.921,16.095,0,0
VOX_PE,D,20170118,000000,15.921,16.095,15.921,16.095,0,0
VOX_PE,D,20170119,000000,16.095,16.182,15.921,16.007,0,0
VOX_PE,D,20170120,000000,16.095,16.095,16.007,16.007,0,0
VOX_PE,D,20170123,000000,16.007,16.007,15.921,15.921,0,0
VOX_PE,D,20170124,000000,15.921,16.182,15.921,16.095,0,0
VOX_PE,D,20170125,000000,16.182,16.182,16.095,16.095,0,0
VOX_PE,D,20170126,000000,16.182,16.182,16.007,16.095,0,0
VOX_PE,D,20170127,000000,15.921,16.182,15.921,16.095,0,0
VOX_PE,D,20170130,000000,16.095,16.182,16.095,16.182,0,0
VOX_PE,D,20170131,000000,16.182,16.182,16.182,16.182,0,0
VOX_PE,D,20170201,000000,16.182,16.182,16.095,16.095,0,0
VOX_PE,D,20170202,000000,16.182,16.182,16.007,16.095,0,0
VOX_PE,D,20170203,000000,16.182,16.182,16.007,16.095,0,0
VOX_PE,D,20170206,000000,16.095,16.095,16.007,16.095,0,0
VOX_PE,D,20170207,000000,16.182,16.182,16.095,16.095,0,0
VOX_PE,D,20170208,000000,16.007,16.182,16.007,16.095,0,0
VOX_PE,D,20170209,000000,16.182,16.182,15.833,15.833,0,0
VOX_PE,D,20170210,000000,16.182,16.182,15.833,15.833,0,0
VOX_PE,D,20170213,000000,15.921,16.095,15.921,16.007,0,0
VOX_PE,D,20170214,000000,16.095,16.095,15.833,16.095,0,0
VOX_PE,D,20170215,000000,16.095,16.095,16.007,16.007,0,0
VOX_PE,D,20170216,000000,16.095,16.095,16.007,16.095,0,0
VOX_PE,D,20170217,000000,16.095,16.095,15.921,16.007,0,0
VOX_PE,D,20170220,000000,16.007,16.007,16.007,16.007,0,0
VOX_PE,D,20170221,000000,16.007,16.007,16.007,16.007,0,0
VOX_PE,D,20170222,000000,16.007,16.007,16.007,16.007,0,0
VOX_PE,D,20170223,000000,16.007,16.007,15.833,15.833,0,0
VOX_PE,D,20170224,000000,16.007,16.007,15.921,15.921,0,0
VOX_PE,D,20170227,000000,15.745,15.921,15.657,15.833,0,0
VOX_PE,D,20170228,000000,15.921,15.921,15.833,15.833,0,0
VOX_PE,D,20170301,000000,15.921,15.921,15.745,15.745,0,0
VOX_PE,D,20170302,000000,15.833,15.921,15.745,15.833,0,0
VOX_PE,D,20170303,000000,15.833,15.833,15.657,15.745,0,0
VOX_PE,D,20170306,000000,15.833,15.833,15.745,15.745,0,0
VOX_PE,D,20170307,000000,15.745,15.745,15.657,15.657,0,0
VOX_PE,D,20170308,000000,15.482,15.657,15.482,15.657,0,0
VOX_PE,D,20170309,000000,15.657,15.657,15.657,15.657,0,0
VOX_PE,D,20170310,000000,15.657,15.657,15.569,15.657,0,0
VOX_PE,D,20170313,000000,15.482,15.482,15.395,15.395,0,0
VOX_PE,D,20170314,000000,15.395,15.657,15.395,15.657,0,0
VOX_PE,D,20170315,000000,15.657,15.657,15.657,15.657,0,0
VOX_PE,D,20170316,000000,15.657,15.657,15.395,15.395,0,0
VOX_PE,D,20170317,000000,15.569,15.569,15.132,15.395,0,0
VOX_PE,D,20170320,000000,15.132,15.395,15.132,15.395,0,0
VOX_PE,D,20170321,000000,15.395,15.395,15.395,15.395,0,0
VOX_PE,D,20170322,000000,15.395,15.395,15.395,15.395,0,0
VOX_PE,D,20170323,000000,15.307,15.395,15.307,15.307,0,0
VOX_PE,D,20170324,000000,15.395,15.395,15.219,15.395,0,0
VOX_PE,D,20170327,000000,15.395,15.395,15.395,15.395,0,0
VOX_PE,D,20170328,000000,15.395,15.395,14.957,14.957,0,0
VOX_PE,D,20170329,000000,14.871,14.957,14.871,14.957,0,0
VOX_PE,D,20170330,000000,14.957,15.045,14.957,14.957,0,0
VOX_PE,D,20170331,000000,14.957,14.957,14.957,14.957,0,0
VOX_PE,D,20170403,000000,14.871,14.871,14.871,14.871,0,0
VOX_PE,D,20170404,000000,14.871,14.871,14.695,14.783,0,0
VOX_PE,D,20170405,000000,14.871,16.182,14.871,16.095,0,0
VOX_PE,D,20170406,000000,15.132,15.745,15.132,15.745,0,0
VOX_PE,D,20170407,000000,15.482,15.482,15.482,15.482,0,0
VOX_PE,D,20170410,000000,15.482,15.482,15.219,15.482,0,0
VOX_PE,D,20170411,000000,15.395,15.482,15.395,15.395,0,0
VOX_PE,D,20170412,000000,15.307,15.307,15.132,15.307,0,0
VOX_PE,D,20170413,000000,15.219,15.307,15.132,15.307,0,0
VOX_PE,D,20170418,000000,15.307,15.307,15.219,15.219,0,0
VOX_PE,D,20170419,000000,15.045,15.219,15.045,15.219,0,0
VOX_PE,D,20170420,000000,15.219,15.219,15.219,15.219,0,0
VOX_PE,D,20170421,000000,15.219,15.219,15.219,15.219,0,0
VOX_PE,D,20170424,000000,15.219,15.395,15.219,15.395,0,0
VOX_PE,D,20170425,000000,15.307,15.307,15.307,15.307,0,0
VOX_PE,D,20170426,000000,15.307,15.307,15.307,15.307,0,0
VOX_PE,D,20170427,000000,15.307,15.307,15.307,15.307,0,0
VOX_PE,D,20170428,000000,15.307,15.307,15.132,15.132,0,0
VOX_PE,D,20170502,000000,15.045,15.045,14.871,14.957,0,0
VOX_PE,D,20170504,000000,14.957,15.045,14.871,14.871,0,0
VOX_PE,D,20170505,000000,14.871,15.045,14.871,15.045,0,0
VOX_PE,D,20170508,000000,15.045,15.045,15.045,15.045,0,0
VOX_PE,D,20170509,000000,15.045,15.045,15.045,15.045,0,0
VOX_PE,D,20170510,000000,15.045,15.045,15.045,15.045,0,0
VOX_PE,D,20170511,000000,15.045,15.045,14.783,14.957,0,0
VOX_PE,D,20170512,000000,14.957,14.957,14.957,14.957,0,0
VOX_PE,D,20170515,000000,14.957,14.957,14.957,14.957,0,0
VOX_PE,D,20170516,000000,14.957,15.045,12.42,12.42,0,0
VOX_PE,D,20170517,000000,12.334,12.42,12.334,12.334,0,0
VOX_PE,D,20170518,000000,12.334,12.334,12.247,12.334,0,0
VOX_PE,D,20170519,000000,12.334,12.334,12.334,12.334,0,0
VOX_PE,D,20170522,000000,12.334,12.334,12.334,12.334,0,0
VOX_PE,D,20170523,000000,12.334,12.334,12.334,12.334,0,0
VOX_PE,D,20170524,000000,12.334,12.334,12.334,12.334,0,0
VOX_PE,D,20170525,000000,12.247,12.247,12.159,12.159,0,0
VOX_PE,D,20170526,000000,12.159,12.334,12.159,12.334,0,0
VOX_PE,D,20170529,000000,12.159,12.159,12.159,12.159,0,0
VOX_PE,D,20170530,000000,12.159,12.159,12.159,12.159,0,0
VOX_PE,D,20170531,000000,12.159,12.159,11.984,12.159,0,0
VOX_PE,D,20170601,000000,12.159,12.159,12.159,12.159,0,0
VOX_PE,D,20170602,000000,11.984,12.334,11.984,12.334,0,0
VOX_PE,D,20170605,000000,12.334,12.334,12.334,12.334,0,0
VOX_PE,D,20170606,000000,12.334,12.683,12.334,12.683,0,0
VOX_PE,D,20170607,000000,12.683,12.683,12.595,12.595,0,0
VOX_PE,D,20170608,000000,12.595,12.858,12.595,12.771,0,0
VOX_PE,D,20170609,000000,12.771,12.858,12.771,12.858,0,0
VOX_PE,D,20170612,000000,12.683,12.771,12.247,12.683,0,0
VOX_PE,D,20170613,000000,12.334,12.683,12.334,12.508,0,0
VOX_PE,D,20170614,000000,12.42,12.42,12.42,12.42,0,0
VOX_PE,D,20170616,000000,12.247,12.247,12.247,12.247,0,0
VOX_PE,D,20170619,000000,12.247,12.247,12.071,12.159,0,0
VOX_PE,D,20170620,000000,12.071,12.071,12.071,12.071,0,0
VOX_PE,D,20170621,000000,12.071,12.071,12.071,12.071,0,0
VOX_PE,D,20170622,000000,11.984,11.984,11.984,11.984,0,0
VOX_PE,D,20170623,000000,11.984,11.984,11.722,11.808,0,0
VOX_PE,D,20170626,000000,11.984,11.984,11.722,11.722,0,0
VOX_PE,D,20170627,000000,11.896,11.896,11.722,11.808,0,0
VOX_PE,D,20170628,000000,11.896,11.896,11.634,11.808,0,0
VOX_PE,D,20170629,000000,11.808,11.808,11.808,11.808,0,0
VOX_PE,D,20170630,000000,11.722,11.722,11.634,11.722,0,0
VOX_PE,D,20170703,000000,11.722,11.722,11.722,11.722,0,0
VOX_PE,D,20170704,000000,11.722,11.722,11.722,11.722,0,0
VOX_PE,D,20170705,000000,11.196,11.722,11.196,11.196,0,0
VOX_PE,D,20170706,000000,11.108,11.634,11.108,11.546,0,0
VOX_PE,D,20170707,000000,11.546,11.634,11.108,11.108,0,0
VOX_PE,D,20170710,000000,11.634,11.634,11.458,11.458,0,0
VOX_PE,D,20170711,000000,11.458,11.458,11.458,11.458,0,0
VOX_PE,D,20170712,000000,11.371,11.546,11.108,11.371,0,0
VOX_PE,D,20170713,000000,11.458,11.458,11.371,11.371,0,0
VOX_PE,D,20170714,000000,11.371,11.371,11.371,11.371,0,0
VOX_PE,D,20170717,000000,11.371,11.371,11.371,11.371,0,0
VOX_PE,D,20170718,000000,11.371,11.371,11.371,11.371,0,0
VOX_PE,D,20170719,000000,11.371,11.371,11.196,11.371,0,0
VOX_PE,D,20170720,000000,11.371,11.371,11.283,11.371,0,0
VOX_PE,D,20170721,000000,11.764,11.764,11.402,11.764,0,0
VOX_PE,D,20170724,000000,11.855,11.855,11.402,11.764,0,0
VOX_PE,D,20170725,000000,11.764,11.764,11.493,11.764,0,0
VOX_PE,D,20170726,000000,11.493,11.764,11.493,11.764,0,0
VOX_PE,D,20170727,000000,11.764,11.764,11.493,11.764,0,0
VOX_PE,D,20170728,000000,11.764,11.764,11.764,11.764,0,0
VOX_PE,D,20170731,000000,11.764,11.764,11.764,11.764,0,0
VOX_PE,D,20170801,000000,11.764,11.764,11.493,11.673,0,0
VOX_PE,D,20170802,000000,11.493,11.673,11.402,11.673,0,0
VOX_PE,D,20170803,000000,11.673,11.673,11.673,11.673,0,0
VOX_PE,D,20170804,000000,11.673,11.673,11.673,11.673,0,0
VOX_PE,D,20170807,000000,11.493,11.673,11.311,11.673,0,0
VOX_PE,D,20170808,000000,11.673,11.673,11.673,11.673,0,0
VOX_PE,D,20170809,000000,11.673,11.673,11.673,11.673,0,0
VOX_PE,D,20170810,000000,11.673,11.673,11.673,11.673,0,0
VOX_PE,D,20170811,000000,11.673,11.673,11.673,11.673,0,0
VOX_PE,D,20170814,000000,11.402,11.673,11.402,11.402,0,0
VOX_PE,D,20170816,000000,11.583,11.583,11.583,11.583,0,0
VOX_PE,D,20170817,000000,11.583,11.583,11.583,11.583,0,0
VOX_PE,D,20170818,000000,11.583,11.583,11.583,11.583,0,0
VOX_PE,D,20170821,000000,11.673,11.673,11.673,11.673,0,0
VOX_PE,D,20170822,000000,11.673,11.673,11.673,11.673,0,0
VOX_PE,D,20170823,000000,11.673,11.673,11.673,11.673,0,0
VOX_PE,D,20170824,000000,11.673,11.673,11.673,11.673,0,0
VOX_PE,D,20170825,000000,11.673,11.673,11.402,11.673,0,0
VOX_PE,D,20170828,000000,11.673,11.673,11.221,11.583,0,0
VOX_PE,D,20170829,000000,11.583,11.583,11.583,11.583,0,0
VOX_PE,D,20170830,000000,11.583,11.583,11.583,11.583,0,0
VOX_PE,D,20170831,000000,11.583,11.583,11.221,11.402,0,0
VOX_PE,D,20170901,000000,11.673,12.669,11.673,12.669,0,0
VOX_PE,D,20170904,000000,12.669,12.759,12.669,12.759,0,0
VOX_PE,D,20170905,000000,12.759,12.759,12.759,12.759,0,0
VOX_PE,D,20170906,000000,12.307,12.759,12.307,12.396,0,0
VOX_PE,D,20170907,000000,12.396,12.396,12.396,12.396,0,0
VOX_PE,D,20170908,000000,12.396,12.759,12.216,12.216,0,0
VOX_PE,D,20170911,000000,12.216,12.216,12.035,12.035,0,0
VOX_PE,D,20170912,000000,11.945,11.945,11.945,11.945,0,0
VOX_PE,D,20170913,000000,11.945,11.945,11.945,11.945,0,0
VOX_PE,D,20170914,000000,11.945,11.945,11.855,11.855,0,0
VOX_PE,D,20170915,000000,11.764,11.855,11.764,11.855,0,0
VOX_PE,D,20170918,000000,11.855,11.855,11.583,11.583,0,0
VOX_PE,D,20170919,000000,11.583,11.945,11.402,11.945,0,0
VOX_PE,D,20170920,000000,11.945,12.307,11.945,12.307,0,0
VOX_PE,D,20170921,000000,12.307,12.307,11.945,12.035,0,0
VOX_PE,D,20170922,000000,12.035,12.126,12.035,12.126,0,0
VOX_PE,D,20170925,000000,12.126,12.396,12.126,12.396,0,0
VOX_PE,D,20170926,000000,12.396,12.396,12.396,12.396,0,0
VOX_PE,D,20170927,000000,12.396,12.396,12.396,12.396,0,0
VOX_PE,D,20170928,000000,12.396,12.396,12.396,12.396,0,0
VOX_PE,D,20170929,000000,12.396,12.396,12.396,12.396,0,0
VOX_PE,D,20171002,000000,12.396,12.396,12.396,12.396,0,0
VOX_PE,D,20171003,000000,12.396,12.396,12.396,12.396,0,0
VOX_PE,D,20171004,000000,12.396,12.396,12.396,12.396,0,0
VOX_PE,D,20171005,000000,12.396,12.396,12.396,12.396,0,0
VOX_PE,D,20171006,000000,12.396,12.396,12.396,12.396,0,0
VOX_PE,D,20171009,000000,12.396,12.396,12.396,12.396,0,0
VOX_PE,D,20171010,000000,12.396,12.396,12.396,12.396,0,0
VOX_PE,D,20171011,000000,12.396,12.396,12.396,12.396,0,0
VOX_PE,D,20171012,000000,12.396,12.396,12.396,12.396,0,0
VOX_PE,D,20171013,000000,12.396,12.396,12.396,12.396,0,0
VOX_PE,D,20171016,000000,12.396,12.396,12.396,12.396,0,0
VOX_PE,D,20171017,000000,12.396,12.396,12.396,12.396,0,0
VOX_PE,D,20171018,000000,12.396,12.396,12.396,12.396,0,0
VOX_PE,D,20171019,000000,12.396,12.396,12.396,12.396,0,0
VOX_PE,D,20171020,000000,12.396,12.396,12.396,12.396,0,0
VOX_PE,D,20171023,000000,12.396,12.396,12.396,12.396,0,0
VOX_PE,D,20171024,000000,12.396,12.396,12.396,12.396,0,0
VOX_PE,D,20171025,000000,12.396,12.396,12.396,12.396,0,0
VOX_PE,D,20171026,000000,12.396,12.396,12.396,12.396,0,0
VOX_PE,D,20171027,000000,12.396,12.396,12.307,12.396,0,0
VOX_PE,D,20171030,000000,12.396,12.396,12.216,12.396,0,0
VOX_PE,D,20171031,000000,12.396,12.396,12.396,12.396,0,0
VOX_PE,D,20171102,000000,12.307,12.307,12.307,12.307,0,0
VOX_PE,D,20171103,000000,12.307,12.307,11.945,11.945,0,0
VOX_PE,D,20171106,000000,12.216,12.216,12.216,12.216,0,0
VOX_PE,D,20171107,000000,12.216,12.216,12.216,12.216,0,0
VOX_PE,D,20171108,000000,12.216,12.216,12.126,12.126,0,0
VOX_PE,D,20171109,000000,12.126,12.307,12.126,12.307,0,0
VOX_PE,D,20171110,000000,12.307,12.307,12.307,12.307,0,0
VOX_PE,D,20171113,000000,12.307,12.307,12.307,12.307,0,0
VOX_PE,D,20171114,000000,12.307,12.307,12.035,12.307,0,0
VOX_PE,D,20171115,000000,12.307,12.307,11.945,11.945,0,0
VOX_PE,D,20171116,000000,11.945,12.307,11.945,12.307,0,0
VOX_PE,D,20171117,000000,12.307,12.307,10.316,10.316,0,0
VOX_PE,D,20171120,000000,10.316,10.316,10.225,10.225,0,0
VOX_PE,D,20171121,000000,10.316,10.316,9.954,10.045,0,0
VOX_PE,D,20171122,000000,10.045,10.134,10.045,10.134,0,0
VOX_PE,D,20171123,000000,10.045,10.045,10.045,10.045,0,0
VOX_PE,D,20171124,000000,10.045,10.045,10.045,10.045,0,0
VOX_PE,D,20171127,000000,10.045,10.045,10.045,10.045,0,0
VOX_PE,D,20171128,000000,10.045,10.045,10.045,10.045,0,0
VOX_PE,D,20171129,000000,10.045,10.045,10.045,10.045,0,0
VOX_PE,D,20171130,000000,9.863,10.045,9.863,10.045,0,0
VOX_PE,D,20171201,000000,10.134,10.134,10.134,10.134,0,0
VOX_PE,D,20171204,000000,10.134,10.225,10.134,10.225,0,0
VOX_PE,D,20171205,000000,10.225,10.225,9.772,9.863,0,0
VOX_PE,D,20171206,000000,9.954,9.954,9.683,9.954,0,0
VOX_PE,D,20171207,000000,9.954,9.954,9.954,9.954,0,0
VOX_PE,D,20171208,000000,10.045,10.045,9.954,10.045,0,0
VOX_PE,D,20171211,000000,9.772,10.045,9.772,9.772,0,0
VOX_PE,D,20171212,000000,9.954,10.045,9.772,10.045,0,0
VOX_PE,D,20171213,000000,10.045,10.134,10.045,10.134,0,0
VOX_PE,D,20171214,000000,10.045,10.134,10.045,10.134,0,0
VOX_PE,D,20171215,000000,10.134,10.134,10.045,10.134,0,0
VOX_PE,D,20171218,000000,10.134,10.225,10.134,10.225,0,0
VOX_PE,D,20171219,000000,10.225,10.225,10.225,10.225,0,0
VOX_PE,D,20171220,000000,10.225,10.225,10.134,10.134,0,0
VOX_PE,D,20171221,000000,10.225,10.225,10.225,10.225,0,0
VOX_PE,D,20171222,000000,10.225,10.225,10.134,10.225,0,0
VOX_PE,D,20171227,000000,10.225,10.225,10.225,10.225,0,0
VOX_PE,D,20171228,000000,10.225,10.225,10.134,10.225,0,0
VOX_PE,D,20171229,000000,10.225,11.221,10.225,11.221,0,0
VOX_PE,D,20180103,000000,11.221,12.035,10.859,12.035,0,0
VOX_PE,D,20180104,000000,11.673,11.855,11.583,11.855,0,0
VOX_PE,D,20180105,000000,11.855,12.669,11.764,12.035,0,0
VOX_PE,D,20180108,000000,12.216,12.216,11.945,12.126,0,0
VOX_PE,D,20180109,000000,12.216,12.849,12.216,12.487,0,0
VOX_PE,D,20180110,000000,12.307,12.849,12.307,12.759,0,0
VOX_PE,D,20180111,000000,12.759,12.759,12.578,12.759,0,0
VOX_PE,D,20180112,000000,12.759,12.759,12.578,12.669,0,0
VOX_PE,D,20180115,000000,12.669,12.849,12.669,12.849,0,0
VOX_PE,D,20180116,000000,12.849,12.849,12.849,12.849,0,0
VOX_PE,D,20180117,000000,12.849,13.302,12.669,12.94,0,0
VOX_PE,D,20180118,000000,12.94,12.94,12.94,12.94,0,0
VOX_PE,D,20180119,000000,12.94,13.935,12.94,13.573,0,0
VOX_PE,D,20180122,000000,13.935,13.935,13.573,13.845,0,0
VOX_PE,D,20180123,000000,13.755,13.935,13.483,13.483,0,0
VOX_PE,D,20180124,000000,13.211,13.845,13.211,13.755,0,0
VOX_PE,D,20180125,000000,13.755,14.117,13.664,13.755,0,0
VOX_PE,D,20180126,000000,13.845,13.845,12.578,12.578,0,0
VOX_PE,D,20180129,000000,12.578,12.578,12.307,12.487,0,0
VOX_PE,D,20180130,000000,12.487,12.487,11.945,12.216,0,0
VOX_PE,D,20180131,000000,12.035,12.035,11.493,11.855,0,0
VOX_PE,D,20180201,000000,12.035,12.307,11.855,12.307,0,0
VOX_PE,D,20180202,000000,12.396,12.396,12.216,12.216,0,0
VOX_PE,D,20180205,000000,12.126,12.216,12.126,12.216,0,0
VOX_PE,D,20180206,000000,11.493,12.126,11.402,12.035,0,0
VOX_PE,D,20180207,000000,11.764,12.126,11.764,12.035,0,0
VOX_PE,D,20180208,000000,12.126,12.126,11.764,11.855,0,0
VOX_PE,D,20180209,000000,11.855,12.126,11.855,11.855,0,0
VOX_PE,D,20180212,000000,12.035,12.216,11.945,12.126,0,0
VOX_PE,D,20180213,000000,12.126,12.126,12.126,12.126,0,0
VOX_PE,D,20180214,000000,12.126,12.669,12.126,12.578,0,0
VOX_PE,D,20180215,000000,12.578,13.211,12.578,12.94,0,0
VOX_PE,D,20180216,000000,12.849,12.849,12.216,12.487,0,0
VOX_PE,D,20180219,000000,12.487,12.94,12.487,12.94,0,0
VOX_PE,D,20180220,000000,12.759,12.94,12.759,12.94,0,0
VOX_PE,D,20180221,000000,12.94,12.94,12.849,12.849,0,0
VOX_PE,D,20180222,000000,12.849,12.849,12.759,12.849,0,0
VOX_PE,D,20180223,000000,12.94,12.94,12.849,12.849,0,0
VOX_PE,D,20180226,000000,12.849,13.121,12.849,13.031,0,0
VOX_PE,D,20180227,000000,13.121,13.121,12.94,12.94,0,0
VOX_PE,D,20180228,000000,12.94,12.94,12.759,12.849,0,0
VOX_PE,D,20180301,000000,12.94,13.121,12.94,13.031,0,0
VOX_PE,D,20180302,000000,12.849,13.121,12.849,13.031,0,0
VOX_PE,D,20180305,000000,12.849,13.031,12.669,13.031,0,0
VOX_PE,D,20180306,000000,12.669,13.031,12.669,12.94,0,0
VOX_PE,D,20180307,000000,12.94,12.94,12.307,12.307,0,0
VOX_PE,D,20180308,000000,12.216,12.669,12.216,12.307,0,0
VOX_PE,D,20180309,000000,12.578,12.578,12.307,12.578,0,0
VOX_PE,D,20180312,000000,12.669,12.94,12.307,12.669,0,0
VOX_PE,D,20180313,000000,12.307,12.669,12.307,12.669,0,0
VOX_PE,D,20180314,000000,12.396,12.669,12.396,12.669,0,0
VOX_PE,D,20180315,000000,12.578,12.578,12.396,12.396,0,0
VOX_PE,D,20180316,000000,12.307,12.578,12.307,12.578,0,0
VOX_PE,D,20180319,000000,12.396,12.669,12.396,12.669,0,0
VOX_PE,D,20180320,000000,12.669,12.669,12.216,12.669,0,0
VOX_PE,D,20180321,000000,12.669,12.669,12.578,12.578,0,0
VOX_PE,D,20180322,000000,12.578,12.578,12.578,12.578,0,0
VOX_PE,D,20180323,000000,12.578,12.578,12.396,12.578,0,0
VOX_PE,D,20180326,000000,12.669,13.483,9.954,9.954,0,0
VOX_PE,D,20180327,000000,9.683,9.954,9.683,9.863,0,0
VOX_PE,D,20180328,000000,9.863,9.863,9.592,9.592,0,0
VOX_PE,D,20180329,000000,9.772,9.863,9.501,9.592,0,0
VOX_PE,D,20180403,000000,9.592,9.772,9.501,9.592,0,0
VOX_PE,D,20180404,000000,9.772,9.772,9.4103,9.501,0,0
VOX_PE,D,20180405,000000,9.683,9.683,9.2303,9.501,0,0
VOX_PE,D,20180406,000000,9.501,9.501,9.3213,9.4103,0,0
VOX_PE,D,20180409,000000,9.3213,9.4103,9.2303,9.4103,0,0
VOX_PE,D,20180410,000000,9.4103,9.4103,9.0488,9.1395,0,0
VOX_PE,D,20180411,000000,9.4103,9.4103,8.9585,9.3213,0,0
VOX_PE,D,20180412,000000,9.683,10.045,9.683,9.683,0,0
VOX_PE,D,20180413,000000,9.592,9.954,9.592,9.954,0,0
VOX_PE,D,20180416,000000,9.863,10.045,9.863,10.045,0,0
VOX_PE,D,20180417,000000,10.045,10.134,9.863,10.045,0,0
VOX_PE,D,20180418,000000,10.045,10.045,9.772,10.045,0,0
VOX_PE,D,20180419,000000,10.045,10.045,9.772,9.863,0,0
VOX_PE,D,20180420,000000,9.863,9.863,9.592,9.863,0,0
VOX_PE,D,20180423,000000,9.863,9.863,9.592,9.863,0,0
VOX_PE,D,20180424,000000,9.954,9.954,9.592,9.772,0,0
VOX_PE,D,20180425,000000,9.772,9.863,9.501,9.772,0,0
VOX_PE,D,20180426,000000,9.501,9.592,9.4103,9.592,0,0
VOX_PE,D,20180427,000000,9.501,9.772,9.4103,9.772,0,0
VOX_PE,D,20180430,000000,9.954,10.045,9.954,10.045,0,0
VOX_PE,D,20180502,000000,10.134,10.134,9.772,9.863,0,0
VOX_PE,D,20180504,000000,9.683,9.954,9.3213,9.592,0,0
VOX_PE,D,20180507,000000,9.501,9.592,9.3213,9.501,0,0
VOX_PE,D,20180508,000000,9.2303,9.2303,8.9585,9.1395,0,0
VOX_PE,D,20180509,000000,9.3213,9.3213,8.9585,9.2303,0,0
VOX_PE,D,20180510,000000,9.2303,9.863,9.2303,9.772,0,0
VOX_PE,D,20180511,000000,9.683,9.772,9.501,9.683,0,0
VOX_PE,D,20180514,000000,9.772,9.772,9.501,9.683,0,0
VOX_PE,D,20180515,000000,9.501,9.592,9.501,9.592,0,0
VOX_PE,D,20180516,000000,9.501,9.592,9.3213,9.4103,0,0
VOX_PE,D,20180517,000000,9.501,9.501,9.1395,9.3213,0,0
VOX_PE,D,20180518,000000,9.3213,9.501,9.3213,9.4103,0,0
VOX_PE,D,20180521,000000,9.3213,10.045,9.3213,9.592,0,0
VOX_PE,D,20180522,000000,9.772,10.134,9.4103,10.134,0,0
VOX_PE,D,20180523,000000,10.134,10.407,9.772,10.407,0,0
VOX_PE,D,20180524,000000,10.316,11.402,10.316,11.311,0,0
VOX_PE,D,20180525,000000,11.15,11.906,11.15,11.812,0,0
VOX_PE,D,20180528,000000,11.812,11.812,11.339,11.623,0,0
VOX_PE,D,20180529,000000,11.528,12.19,11.339,11.528,0,0
VOX_PE,D,20180530,000000,11.623,12.095,11.623,11.906,0,0
VOX_PE,D,20180601,000000,12.095,12.095,12,12,0,0
VOX_PE,D,20180604,000000,12.19,12.284,11.906,12.284,0,0
VOX_PE,D,20180605,000000,12.095,12.474,12.095,12.379,0,0
VOX_PE,D,20180606,000000,12.19,12.474,12.095,12.284,0,0
VOX_PE,D,20180607,000000,12.379,12.379,12.095,12.379,0,0
VOX_PE,D,20180608,000000,12.474,12.851,12.19,12.756,0,0
VOX_PE,D,20180611,000000,12.851,12.851,12.474,12.756,0,0
VOX_PE,D,20180612,000000,12.568,12.756,12.474,12.756,0,0
VOX_PE,D,20180613,000000,12.756,12.851,12.756,12.756,0,0
VOX_PE,D,20180614,000000,12.663,12.756,12.379,12.756,0,0
VOX_PE,D,20180615,000000,12.663,12.756,12.663,12.756,0,0
VOX_PE,D,20180618,000000,12.851,12.851,12.568,12.756,0,0
VOX_PE,D,20180619,000000,12.568,12.756,12.568,12.756,0,0
VOX_PE,D,20180620,000000,12.756,12.851,12.756,12.756,0,0
VOX_PE,D,20180621,000000,12.756,12.756,12.568,12.663,0,0
VOX_PE,D,20180622,000000,12.568,12.568,11.906,11.906,0,0
VOX_PE,D,20180625,000000,12,12.379,12,12.379,0,0
VOX_PE,D,20180626,000000,12.284,12.756,12.095,12.663,0,0
VOX_PE,D,20180627,000000,12.663,12.756,12.474,12.663,0,0
VOX_PE,D,20180628,000000,12.474,12.474,12.474,12.474,0,0
VOX_PE,D,20180629,000000,12.379,12.756,12.095,12.474,0,0
VOX_PE,D,20180702,000000,12.756,13.324,12.756,13.135,0,0
VOX_PE,D,20180703,000000,12.474,13.04,12.474,13.04,0,0
VOX_PE,D,20180704,000000,12.756,12.946,12.756,12.946,0,0
VOX_PE,D,20180705,000000,12.851,12.946,12.663,12.756,0,0
VOX_PE,D,20180706,000000,12.946,12.946,12.756,12.851,0,0
VOX_PE,D,20180709,000000,12.851,12.946,12.851,12.946,0,0
VOX_PE,D,20180710,000000,12.756,12.851,12.568,12.663,0,0
VOX_PE,D,20180711,000000,12.756,12.756,12.756,12.756,0,0
VOX_PE,D,20180712,000000,12.663,12.663,12.663,12.663,0,0
VOX_PE,D,20180713,000000,12.663,12.663,12.474,12.474,0,0
VOX_PE,D,20180716,000000,12.474,12.663,12.474,12.663,0,0
VOX_PE,D,20180717,000000,12.663,12.851,12.663,12.851,0,0
VOX_PE,D,20180718,000000,12.851,13.512,12.851,13.512,0,0
VOX_PE,D,20180719,000000,13.512,13.512,13.419,13.512,0,0
VOX_PE,D,20180720,000000,13.419,14.08,13.419,13.512,0,0
VOX_PE,D,20180723,000000,13.985,13.985,13.891,13.985,0,0
VOX_PE,D,20180724,000000,13.985,13.985,13.891,13.891,0,0
VOX_PE,D,20180725,000000,13.607,13.796,13.607,13.796,0,0
VOX_PE,D,20180726,000000,13.891,13.891,13.891,13.891,0,0
VOX_PE,D,20180727,000000,13.985,13.985,13.512,13.701,0,0
VOX_PE,D,20180730,000000,13.985,13.985,13.229,13.607,0,0
VOX_PE,D,20180731,000000,13.512,13.701,13.229,13.701,0,0
VOX_PE,D,20180801,000000,13.985,13.985,13.985,13.985,0,0
VOX_PE,D,20180802,000000,13.796,13.796,13.701,13.701,0,0
VOX_PE,D,20180803,000000,13.701,13.701,13.229,13.701,0,0
VOX_PE,D,20180806,000000,13.607,13.796,13.607,13.701,0,0
VOX_PE,D,20180807,000000,13.701,13.985,13.701,13.985,0,0
VOX_PE,D,20180808,000000,13.985,13.985,13.985,13.985,0,0
VOX_PE,D,20180809,000000,13.985,13.985,13.512,13.701,0,0
VOX_PE,D,20180810,000000,13.701,13.985,13.04,13.985,0,0
VOX_PE,D,20180813,000000,13.985,13.985,13.891,13.891,0,0
VOX_PE,D,20180814,000000,13.891,13.891,13.701,13.701,0,0
VOX_PE,D,20180816,000000,13.607,13.701,13.607,13.701,0,0
VOX_PE,D,20180817,000000,13.701,13.701,13.512,13.701,0,0
VOX_PE,D,20180820,000000,13.701,13.985,13.701,13.985,0,0
VOX_PE,D,20180821,000000,13.796,13.796,13.796,13.796,0,0
VOX_PE,D,20180822,000000,13.701,13.701,13.701,13.701,0,0
VOX_PE,D,20180823,000000,13.701,13.701,12.946,13.512,0,0
VOX_PE,D,20180824,000000,13.512,13.512,13.419,13.419,0,0
VOX_PE,D,20180827,000000,13.419,13.419,13.135,13.229,0,0
VOX_PE,D,20180828,000000,13.324,13.324,13.324,13.324,0,0
VOX_PE,D,20180829,000000,13.324,13.701,13.229,13.701,0,0
VOX_PE,D,20180830,000000,13.796,14.457,13.04,14.457,0,0
VOX_PE,D,20180831,000000,14.741,14.836,14.08,14.457,0,0
VOX_PE,D,20180903,000000,14.836,14.836,13.701,14.363,0,0
VOX_PE,D,20180904,000000,13.985,14.08,12.095,12.095,0,0
VOX_PE,D,20180905,000000,12,12,11.528,11.812,0,0
VOX_PE,D,20180906,000000,11.623,11.623,11.15,11.623,0,0
VOX_PE,D,20180907,000000,11.623,11.718,11.623,11.623,0,0
VOX_PE,D,20180910,000000,11.528,12.379,11.528,12.19,0,0
VOX_PE,D,20180911,000000,12,12.284,11.718,11.906,0,0
VOX_PE,D,20180912,000000,12.284,12.568,11.718,12,0,0
VOX_PE,D,20180913,000000,12,12,11.718,11.812,0,0
VOX_PE,D,20180914,000000,12,12,11.623,11.718,0,0
VOX_PE,D,20180917,000000,11.528,12,11.528,12,0,0
VOX_PE,D,20180918,000000,11.906,11.906,11.434,11.906,0,0
VOX_PE,D,20180919,000000,12.474,12.474,12.474,12.474,0,0
VOX_PE,D,20180920,000000,11.718,12,11.718,11.718,0,0
VOX_PE,D,20180921,000000,12,12,11.812,11.906,0,0
VOX_PE,D,20180924,000000,12.095,12.095,12.095,12.095,0,0
VOX_PE,D,20180925,000000,11.623,12,11.623,12,0,0
VOX_PE,D,20180926,000000,11.718,12,11.718,12,0,0
VOX_PE,D,20180927,000000,12,12,12,12,0,0
VOX_PE,D,20180928,000000,12,12,11.15,11.339,0,0
VOX_PE,D,20181001,000000,11.528,11.528,10.773,10.773,0,0
VOX_PE,D,20181002,000000,10.867,10.962,10.867,10.962,0,0
VOX_PE,D,20181003,000000,10.867,10.962,10.678,10.678,0,0
VOX_PE,D,20181004,000000,10.678,11.15,10.678,11.15,0,0
VOX_PE,D,20181005,000000,11.15,11.339,11.15,11.339,0,0
VOX_PE,D,20181008,000000,11.339,11.339,11.339,11.339,0,0
VOX_PE,D,20181009,000000,10.867,11.339,10.867,11.339,0,0
VOX_PE,D,20181010,000000,11.339,11.339,11.245,11.339,0,0
VOX_PE,D,20181011,000000,11.245,11.245,11.245,11.245,0,0
VOX_PE,D,20181012,000000,11.055,11.15,10.962,11.15,0,0
VOX_PE,D,20181015,000000,11.15,11.15,11.15,11.15,0,0
VOX_PE,D,20181016,000000,11.15,11.15,11.055,11.055,0,0
VOX_PE,D,20181017,000000,10.962,11.055,10.773,10.867,0,0
VOX_PE,D,20181018,000000,10.867,10.962,10.867,10.867,0,0
VOX_PE,D,20181019,000000,10.867,10.867,10.867,10.867,0,0
VOX_PE,D,20181022,000000,10.867,11.15,10.867,11.15,0,0
VOX_PE,D,20181023,000000,11.15,11.15,11.15,11.15,0,0
VOX_PE,D,20181024,000000,11.15,11.15,10.773,11.15,0,0
VOX_PE,D,20181025,000000,11.15,11.15,11.15,11.15,0,0
VOX_PE,D,20181026,000000,10.962,11.15,10.867,10.867,0,0
VOX_PE,D,20181029,000000,10.867,11.055,10.867,11.055,0,0
VOX_PE,D,20181030,000000,11.055,11.15,11.055,11.15,0,0
VOX_PE,D,20181031,000000,11.15,11.15,11.15,11.15,0,0
VOX_PE,D,20181102,000000,11.15,11.15,10.867,11.15,0,0
VOX_PE,D,20181105,000000,11.15,11.15,11.15,11.15,0,0
VOX_PE,D,20181107,000000,11.15,11.15,10.678,10.678,0,0
VOX_PE,D,20181108,000000,10.583,11.15,10.111,11.15,0,0
VOX_PE,D,20181109,000000,11.15,11.15,10.962,10.962,0,0
VOX_PE,D,20181113,000000,11.055,11.055,10.962,10.962,0,0
VOX_PE,D,20181114,000000,10.962,10.962,10.678,10.678,0,0
VOX_PE,D,20181115,000000,10.867,10.867,10.678,10.678,0,0
VOX_PE,D,20181116,000000,10.583,10.583,10.583,10.583,0,0
VOX_PE,D,20181119,000000,10.583,10.583,10.3,10.394,0,0
VOX_PE,D,20181120,000000,10.206,10.583,10.206,10.583,0,0
VOX_PE,D,20181121,000000,10.583,10.773,10.583,10.773,0,0
VOX_PE,D,20181122,000000,10.773,11.15,10.206,10.206,0,0
VOX_PE,D,20181123,000000,10.206,10.206,9.922,10.017,0,0
VOX_PE,D,20181126,000000,10.111,10.206,9.827,9.827,0,0
VOX_PE,D,20181127,000000,9.827,9.827,9.827,9.827,0,0
VOX_PE,D,20181128,000000,9.827,9.827,9.827,9.827,0,0
VOX_PE,D,20181129,000000,9.827,9.827,9.544,9.544,0,0
VOX_PE,D,20181130,000000,9.827,9.922,9.638,9.922,0,0
VOX_PE,D,20181203,000000,9.922,10.017,9.922,10.017,0,0
VOX_PE,D,20181204,000000,10.017,10.017,10.017,10.017,0,0
VOX_PE,D,20181205,000000,10.017,10.206,10.017,10.206,0,0
VOX_PE,D,20181206,000000,10.206,10.206,10.206,10.206,0,0
VOX_PE,D,20181207,000000,10.017,10.206,10.017,10.111,0,0
VOX_PE,D,20181210,000000,10.017,10.111,10.017,10.111,0,0
VOX_PE,D,20181211,000000,10.111,10.111,10.111,10.111,0,0
VOX_PE,D,20181212,000000,10.111,10.111,9.827,10.111,0,0
VOX_PE,D,20181213,000000,10.017,10.111,9.827,10.111,0,0
VOX_PE,D,20181214,000000,10.111,10.111,10.017,10.017,0,0
VOX_PE,D,20181217,000000,10.017,10.017,10.017,10.017,0,0
VOX_PE,D,20181218,000000,10.017,10.017,9.827,9.827,0,0
VOX_PE,D,20181219,000000,9.733,9.827,9.733,9.827,0,0
VOX_PE,D,20181220,000000,9.827,9.827,9.638,9.733,0,0
VOX_PE,D,20181221,000000,9.638,9.733,9.4494,9.4494,0,0
VOX_PE,D,20181227,000000,9.4494,9.4494,9.3546,9.4494,0,0
VOX_PE,D,20181228,000000,9.4494,9.4494,9.0715,9.3546,0,0
VOX_PE,D,20190102,000000,9.3546,9.733,9.3546,9.733,0,0
VOX_PE,D,20190103,000000,9.733,10.017,9.733,10.017,0,0
VOX_PE,D,20190104,000000,9.733,9.733,9.166,9.3546,0,0
VOX_PE,D,20190107,000000,9.3546,9.544,9.3546,9.544,0,0
VOX_PE,D,20190108,000000,9.544,9.544,9.4494,9.544,0,0
VOX_PE,D,20190109,000000,9.544,9.733,9.544,9.733,0,0
VOX_PE,D,20190110,000000,9.733,9.733,9.733,9.733,0,0
VOX_PE,D,20190111,000000,9.733,9.733,9.733,9.733,0,0
VOX_PE,D,20190114,000000,9.638,9.733,9.638,9.733,0,0
VOX_PE,D,20190115,000000,9.638,9.733,9.4494,9.4494,0,0
VOX_PE,D,20190116,000000,9.4494,9.4494,9.4494,9.4494,0,0
VOX_PE,D,20190117,000000,9.4494,9.4494,9.3546,9.4494,0,0
VOX_PE,D,20190118,000000,9.3546,9.4494,9.3546,9.3546,0,0
VOX_PE,D,20190121,000000,9.2605,9.2605,8.41,8.8825,0,0
VOX_PE,D,20190122,000000,8.6935,8.6935,8.41,8.41,0,0
VOX_PE,D,20190123,000000,8.3155,8.41,8.1266,8.3155,0,0
VOX_PE,D,20190124,000000,8.221,8.41,8.221,8.221,0,0
VOX_PE,D,20190125,000000,8.5045,8.6935,8.5045,8.6935,0,0
VOX_PE,D,20190128,000000,8.788,8.788,8.599,8.6935,0,0
VOX_PE,D,20190129,000000,8.788,9.166,8.6935,9.166,0,0
VOX_PE,D,20190130,000000,9.166,9.166,9.166,9.166,0,0
VOX_PE,D,20190131,000000,8.977,9.0715,8.977,8.977,0,0
VOX_PE,D,20190201,000000,8.977,9.0715,8.977,9.0715,0,0
VOX_PE,D,20190204,000000,9.0715,9.2605,9.0715,9.2605,0,0
VOX_PE,D,20190205,000000,9.2605,9.4494,9.2605,9.4494,0,0
VOX_PE,D,20190206,000000,9.3546,9.544,9.3546,9.544,0,0
VOX_PE,D,20190207,000000,9.544,9.544,9.544,9.544,0,0
VOX_PE,D,20190208,000000,9.544,9.544,9.544,9.544,0,0
VOX_PE,D,20190211,000000,9.544,9.544,9.4494,9.4494,0,0
VOX_PE,D,20190212,000000,9.4494,9.4494,8.8825,9.4494,0,0
VOX_PE,D,20190213,000000,9.4494,9.4494,9.4494,9.4494,0,0
VOX_PE,D,20190214,000000,9.4494,9.4494,9.4494,9.4494,0,0
VOX_PE,D,20190215,000000,9.4494,9.4494,9.4494,9.4494,0,0
VOX_PE,D,20190218,000000,9.4494,9.4494,8.977,9.0715,0,0
VOX_PE,D,20190219,000000,9.0715,9.166,9.0715,9.166,0,0
VOX_PE,D,20190220,000000,9.166,9.3546,9.166,9.2605,0,0
VOX_PE,D,20190221,000000,9.2605,9.2605,9.2605,9.2605,0,0
VOX_PE,D,20190222,000000,9.2605,9.2605,9.2605,9.2605,0,0
VOX_PE,D,20190225,000000,9.2605,9.3546,9.0715,9.2605,0,0
VOX_PE,D,20190226,000000,9.2605,9.2605,8.977,9.166,0,0
VOX_PE,D,20190227,000000,9.2605,9.2605,8.8825,8.8825,0,0
VOX_PE,D,20190228,000000,8.8825,8.8825,8.8825,8.8825,0,0
VOX_PE,D,20190301,000000,8.8825,8.8825,8.8825,8.8825,0,0
VOX_PE,D,20190304,000000,8.977,9.4494,8.8825,9.2605,0,0
VOX_PE,D,20190305,000000,9.4494,9.638,9.2605,9.638,0,0
VOX_PE,D,20190306,000000,9.827,10.3,9.827,10.017,0,0
VOX_PE,D,20190307,000000,10.111,10.3,10.017,10.206,0,0
VOX_PE,D,20190308,000000,10.111,10.394,9.922,10.3,0,0
VOX_PE,D,20190311,000000,10.3,10.3,10.206,10.206,0,0
VOX_PE,D,20190312,000000,10.206,10.394,10.206,10.3,0,0
VOX_PE,D,20190313,000000,10.3,10.394,10.3,10.394,0,0
VOX_PE,D,20190314,000000,10.394,10.394,10.206,10.394,0,0
VOX_PE,D,20190315,000000,10.3,10.3,10.111,10.206,0,0
VOX_PE,D,20190318,000000,10.206,10.206,10.206,10.206,0,0
VOX_PE,D,20190319,000000,10.206,10.773,10.206,10.773,0,0
VOX_PE,D,20190320,000000,10.678,10.867,10.678,10.867,0,0
VOX_PE,D,20190321,000000,10.678,11.245,10.678,11.055,0,0
VOX_PE,D,20190322,000000,11.055,11.055,10.773,10.962,0,0
VOX_PE,D,20190325,000000,10.962,11.055,10.773,11.055,0,0
VOX_PE,D,20190326,000000,11.055,11.434,11.055,11.434,0,0
VOX_PE,D,20190327,000000,11.434,11.434,11.055,11.434,0,0
VOX_PE,D,20190328,000000,11.245,11.245,10.678,10.773,0,0
VOX_PE,D,20190329,000000,11.055,11.339,11.055,11.055,0,0
VOX_PE,D,20190401,000000,10.867,11.055,10.583,10.867,0,0
VOX_PE,D,20190402,000000,10.962,11.245,10.867,11.245,0,0
VOX_PE,D,20190403,000000,11.245,11.434,11.245,11.434,0,0
VOX_PE,D,20190404,000000,11.434,11.434,11.339,11.339,0,0
VOX_PE,D,20190405,000000,11.339,11.339,11.15,11.339,0,0
VOX_PE,D,20190408,000000,11.718,11.718,11.528,11.528,0,0
VOX_PE,D,20190409,000000,11.528,11.528,11.339,11.339,0,0
VOX_PE,D,20190410,000000,11.339,11.339,10.962,11.339,0,0
VOX_PE,D,20190411,000000,11.339,11.339,11.245,11.339,0,0
VOX_PE,D,20190412,000000,11.339,11.339,11.055,11.339,0,0
VOX_PE,D,20190415,000000,11.434,11.434,11.245,11.339,0,0
VOX_PE,D,20190416,000000,11.055,11.15,10.867,10.962,0,0
VOX_PE,D,20190417,000000,10.867,10.962,10.583,10.678,0,0
VOX_PE,D,20190418,000000,10.962,10.962,10.867,10.867,0,0
VOX_PE,D,20190423,000000,10.867,11.245,10.867,11.245,0,0
VOX_PE,D,20190424,000000,11.245,11.245,11.055,11.15,0,0
VOX_PE,D,20190425,000000,10.962,11.623,10.962,11.623,0,0
VOX_PE,D,20190426,000000,11.623,11.623,11.623,11.623,0,0
VOX_PE,D,20190429,000000,11.528,11.623,11.528,11.623,0,0
VOX_PE,D,20190430,000000,11.528,11.623,11.528,11.528,0,0
VOX_PE,D,20190502,000000,11.528,11.528,11.528,11.528,0,0
VOX_PE,D,20190506,000000,11.528,11.528,11.434,11.434,0,0
VOX_PE,D,20190507,000000,11.528,11.528,11.339,11.434,0,0
VOX_PE,D,20190508,000000,11.339,11.434,11.339,11.434,0,0
VOX_PE,D,20190509,000000,11.434,11.434,11.434,11.434,0,0
VOX_PE,D,20190510,000000,11.434,11.528,11.339,11.434,0,0
VOX_PE,D,20190513,000000,11.434,11.434,11.055,11.245,0,0
VOX_PE,D,20190514,000000,11.339,12.095,11.339,12,0,0
VOX_PE,D,20190515,000000,12,12,11.812,11.906,0,0
VOX_PE,D,20190516,000000,11.906,12,11.906,12,0,0
VOX_PE,D,20190517,000000,11.718,12,11.718,12,0,0
VOX_PE,D,20190520,000000,11.906,11.906,11.906,11.906,0,0
VOX_PE,D,20190521,000000,11.906,12,11.812,11.906,0,0
VOX_PE,D,20190522,000000,11.906,11.906,11.906,11.906,0,0
VOX_PE,D,20190524,000000,11.812,11.906,11.812,11.906,0,0
VOX_PE,D,20190527,000000,12.095,12.568,11.906,11.906,0,0
VOX_PE,D,20190528,000000,11.623,12.095,11.623,12.095,0,0
VOX_PE,D,20190529,000000,12.095,12.095,12,12,0,0
VOX_PE,D,20190530,000000,12,12.095,11.906,12,0,0
VOX_PE,D,20190531,000000,11.906,12,11.15,11.15,0,0
VOX_PE,D,20190603,000000,11.245,11.718,11.245,11.245,0,0
VOX_PE,D,20190604,000000,11.339,11.339,10.773,11.339,0,0
VOX_PE,D,20190605,000000,11.245,11.623,11.245,11.623,0,0
VOX_PE,D,20190606,000000,11.623,11.718,11.339,11.623,0,0
VOX_PE,D,20190607,000000,11.718,11.718,11.528,11.718,0,0
VOX_PE,D,20190610,000000,11.718,11.718,11.434,11.718,0,0
VOX_PE,D,20190611,000000,11.718,12,11.718,12,0,0
VOX_PE,D,20190612,000000,12,12,12,12,0,0
VOX_PE,D,20190613,000000,12,12.095,12,12,0,0
VOX_PE,D,20190614,000000,12,12,12,12,0,0
VOX_PE,D,20190617,000000,11.906,12,11.906,11.906,0,0
VOX_PE,D,20190618,000000,11.812,11.812,11.339,11.339,0,0
VOX_PE,D,20190619,000000,11.339,11.434,10.773,11.339,0,0
VOX_PE,D,20190621,000000,11.339,11.906,11.339,11.906,0,0
VOX_PE,D,20190624,000000,11.906,11.906,11.434,11.812,0,0
VOX_PE,D,20190625,000000,11.623,11.623,11.528,11.528,0,0
VOX_PE,D,20190626,000000,11.623,11.623,11.15,11.245,0,0
VOX_PE,D,20190627,000000,11.528,11.623,11.339,11.623,0,0
VOX_PE,D,20190628,000000,11.528,11.528,11.15,11.15,0,0
VOX_PE,D,20190701,000000,11.15,11.245,11.15,11.15,0,0
VOX_PE,D,20190702,000000,11.15,11.434,11.055,11.434,0,0
VOX_PE,D,20190703,000000,11.245,11.906,11.245,11.812,0,0
VOX_PE,D,20190704,000000,11.528,11.623,11.339,11.339,0,0
VOX_PE,D,20190705,000000,11.434,11.434,11.15,11.15,0,0
VOX_PE,D,20190708,000000,11.15,11.718,11.15,11.718,0,0
VOX_PE,D,20190709,000000,11.15,11.528,11.15,11.528,0,0
VOX_PE,D,20190710,000000,11.528,11.528,11.434,11.528,0,0
VOX_PE,D,20190711,000000,11.528,11.528,11.339,11.339,0,0
VOX_PE,D,20190712,000000,11.15,11.339,11.15,11.245,0,0
VOX_PE,D,20190715,000000,11.339,11.339,11.245,11.339,0,0
VOX_PE,D,20190716,000000,11.339,11.339,11.339,11.339,0,0
VOX_PE,D,20190717,000000,11.339,11.339,11.339,11.339,0,0
VOX_PE,D,20190718,000000,11.339,11.339,11.339,11.339,0,0
VOX_PE,D,20190719,000000,11.339,11.339,11.339,11.339,0,0
VOX_PE,D,20190722,000000,11.339,11.812,11.339,11.812,0,0
VOX_PE,D,20190723,000000,12,12.19,11.906,12,0,0
VOX_PE,D,20190724,000000,12,12,12,12,0,0
VOX_PE,D,20190725,000000,12,12.095,12,12.095,0,0
VOX_PE,D,20190726,000000,12.095,12.095,12,12.095,0,0
VOX_PE,D,20190729,000000,12.095,12.095,12,12,0,0
VOX_PE,D,20190730,000000,12,12,11.718,12,0,0
VOX_PE,D,20190731,000000,11.718,12,11.623,11.623,0,0
VOX_PE,D,20190801,000000,11.718,11.718,11.623,11.718,0,0
VOX_PE,D,20190802,000000,11.718,11.718,11.623,11.623,0,0
VOX_PE,D,20190805,000000,11.528,11.623,11.528,11.623,0,0
VOX_PE,D,20190806,000000,11.528,11.528,11.528,11.528,0,0
VOX_PE,D,20190807,000000,11.528,11.623,11.528,11.623,0,0
VOX_PE,D,20190808,000000,11.623,11.906,11.623,11.906,0,0
VOX_PE,D,20190809,000000,12,12,11.906,12,0,0
VOX_PE,D,20190812,000000,12,12,11.906,12,0,0
VOX_PE,D,20190813,000000,12,12,11.812,11.812,0,0
VOX_PE,D,20190814,000000,11.906,12,11.812,12,0,0
VOX_PE,D,20190816,000000,12.422,12.422,12.422,12.422,0,0
VOX_PE,D,20190819,000000,12.422,12.618,12.422,12.422,0,0
VOX_PE,D,20190820,000000,12.618,12.911,12.422,12.911,0,0
VOX_PE,D,20190821,000000,12.813,12.911,12.618,12.715,0,0
VOX_PE,D,20190822,000000,12.911,12.911,12.031,12.031,0,0
VOX_PE,D,20190823,000000,12.031,12.031,12.031,12.031,0,0
VOX_PE,D,20190826,000000,11.835,12.031,11.835,12.031,0,0
VOX_PE,D,20190827,000000,12.031,12.031,11.933,12.031,0,0
VOX_PE,D,20190828,000000,12.031,12.031,11.835,11.835,0,0
VOX_PE,D,20190829,000000,11.835,12.715,11.835,12.715,0,0
VOX_PE,D,20190830,000000,12.813,12.813,12.128,12.324,0,0
VOX_PE,D,20190902,000000,12.324,12.715,12.324,12.715,0,0
VOX_PE,D,20190903,000000,12.715,12.911,12.715,12.911,0,0
VOX_PE,D,20190904,000000,12.911,12.911,12.813,12.813,0,0
VOX_PE,D,20190905,000000,12.813,13.009,12.813,13.009,0,0
VOX_PE,D,20190906,000000,13.009,13.009,12.911,12.911,0,0
VOX_PE,D,20190909,000000,13.009,13.009,12.813,12.911,0,0
VOX_PE,D,20190910,000000,12.715,12.911,12.715,12.813,0,0
VOX_PE,D,20190911,000000,12.813,12.813,12.813,12.813,0,0
VOX_PE,D,20190912,000000,12.813,13.107,12.813,13.107,0,0
VOX_PE,D,20190913,000000,13.107,13.302,13.009,13.009,0,0
VOX_PE,D,20190916,000000,13.009,13.204,13.009,13.107,0,0
VOX_PE,D,20190917,000000,13.107,13.107,12.911,13.009,0,0
VOX_PE,D,20190918,000000,13.204,13.204,12.715,12.715,0,0
VOX_PE,D,20190919,000000,12.715,12.715,12.52,12.715,0,0
VOX_PE,D,20190920,000000,12.715,12.715,12.715,12.715,0,0
VOX_PE,D,20190923,000000,12.715,12.715,12.52,12.52,0,0
VOX_PE,D,20190924,000000,12.52,12.52,12.52,12.52,0,0
VOX_PE,D,20190925,000000,12.52,12.52,12.422,12.52,0,0
VOX_PE,D,20190926,000000,12.52,12.618,12.52,12.618,0,0
VOX_PE,D,20190927,000000,12.618,12.715,12.618,12.715,0,0
VOX_PE,D,20190930,000000,12.715,12.813,12.715,12.715,0,0
VOX_PE,D,20191001,000000,12.52,12.52,12.031,12.226,0,0
VOX_PE,D,20191002,000000,12.226,12.226,12.031,12.128,0,0
VOX_PE,D,20191003,000000,12.128,12.128,12.128,12.128,0,0
VOX_PE,D,20191004,000000,12.031,12.128,11.248,11.639,0,0
VOX_PE,D,20191007,000000,11.542,11.737,11.542,11.639,0,0
VOX_PE,D,20191008,000000,11.639,12.715,11.542,12.715,0,0
VOX_PE,D,20191009,000000,12.715,12.715,12.422,12.52,0,0
VOX_PE,D,20191010,000000,12.618,12.715,12.422,12.52,0,0
VOX_PE,D,20191011,000000,12.52,12.618,12.422,12.618,0,0
VOX_PE,D,20191014,000000,12.715,12.715,12.618,12.715,0,0
VOX_PE,D,20191015,000000,12.715,12.715,12.422,12.422,0,0
VOX_PE,D,20191016,000000,12.324,12.422,12.128,12.422,0,0
VOX_PE,D,20191017,000000,12.715,12.715,12.128,12.128,0,0
VOX_PE,D,20191018,000000,12.618,12.715,12.128,12.715,0,0
VOX_PE,D,20191021,000000,12.715,12.715,12.618,12.618,0,0
VOX_PE,D,20191022,000000,12.422,12.715,12.422,12.715,0,0
VOX_PE,D,20191023,000000,12.618,12.715,12.422,12.422,0,0
VOX_PE,D,20191024,000000,12.422,12.422,12.422,12.422,0,0
VOX_PE,D,20191025,000000,12.422,12.422,12.324,12.324,0,0
VOX_PE,D,20191028,000000,12.422,12.422,12.031,12.031,0,0
VOX_PE,D,20191029,000000,12.031,12.226,11.835,12.031,0,0
VOX_PE,D,20191030,000000,12.031,12.324,12.031,12.031,0,0
VOX_PE,D,20191031,000000,12.031,12.031,11.835,11.835,0,0
VOX_PE,D,20191104,000000,11.835,11.835,11.737,11.835,0,0
VOX_PE,D,20191105,000000,11.835,12.031,11.835,11.933,0,0
VOX_PE,D,20191106,000000,11.933,12.422,11.933,12.422,0,0
VOX_PE,D,20191107,000000,12.422,12.52,12.422,12.422,0,0
VOX_PE,D,20191108,000000,12.422,12.618,12.422,12.52,0,0
VOX_PE,D,20191112,000000,12.52,12.715,12.52,12.715,0,0
VOX_PE,D,20191113,000000,12.715,12.715,12.52,12.52,0,0
VOX_PE,D,20191114,000000,12.52,12.52,12.52,12.52,0,0
VOX_PE,D,20191115,000000,12.52,13.009,12.52,13.009,0,0
VOX_PE,D,20191118,000000,13.107,13.107,12.911,13.009,0,0
VOX_PE,D,20191119,000000,13.009,13.009,12.715,12.715,0,0
VOX_PE,D,20191120,000000,12.715,12.715,12.715,12.715,0,0
VOX_PE,D,20191121,000000,12.715,13.009,12.715,12.911,0,0
VOX_PE,D,20191122,000000,13.009,13.596,12.911,13.596,0,0
VOX_PE,D,20191125,000000,13.596,13.596,13.4,13.596,0,0
VOX_PE,D,20191126,000000,13.498,13.596,12.813,13.009,0,0
VOX_PE,D,20191127,000000,13.204,13.204,13.204,13.204,0,0
VOX_PE,D,20191128,000000,13.009,13.204,13.009,13.204,0,0
VOX_PE,D,20191129,000000,13.204,13.204,13.009,13.009,0,0
VOX_PE,D,20191202,000000,13.204,13.302,13.107,13.107,0,0
VOX_PE,D,20191203,000000,13.009,13.204,13.009,13.204,0,0
VOX_PE,D,20191204,000000,13.204,13.204,13.107,13.107,0,0
VOX_PE,D,20191205,000000,13.107,13.107,12.618,12.813,0,0
VOX_PE,D,20191206,000000,12.715,12.813,12.618,12.813,0,0
VOX_PE,D,20191209,000000,12.813,12.813,12.618,12.715,0,0
VOX_PE,D,20191210,000000,12.715,12.715,12.715,12.715,0,0
VOX_PE,D,20191211,000000,12.618,12.715,12.422,12.715,0,0
VOX_PE,D,20191212,000000,12.715,12.715,12.52,12.52,0,0
VOX_PE,D,20191213,000000,12.52,12.52,12.324,12.52,0,0
VOX_PE,D,20191216,000000,12.422,12.52,12.324,12.324,0,0
VOX_PE,D,20191217,000000,12.324,12.324,12.226,12.324,0,0
VOX_PE,D,20191218,000000,12.324,12.813,12.324,12.813,0,0
VOX_PE,D,20191219,000000,12.911,12.911,12.813,12.911,0,0
VOX_PE,D,20191220,000000,12.911,12.911,12.715,12.813,0,0
VOX_PE,D,20191223,000000,13.009,13.009,12.813,12.911,0,0
VOX_PE,D,20191227,000000,13.107,13.107,13.107,13.107,0,0
VOX_PE,D,20191230,000000,13.107,13.107,13.009,13.107,0,0
VOX_PE,D,20200102,000000,13.107,13.302,13.107,13.302,0,0
VOX_PE,D,20200103,000000,13.302,13.302,13.204,13.302,0,0
VOX_PE,D,20200107,000000,13.302,13.302,13.302,13.302,0,0
VOX_PE,D,20200108,000000,13.302,13.302,13.009,13.009,0,0
VOX_PE,D,20200109,000000,13.204,13.302,13.204,13.302,0,0
VOX_PE,D,20200110,000000,13.302,13.498,13.302,13.4,0,0
VOX_PE,D,20200113,000000,13.693,13.693,13.204,13.204,0,0
VOX_PE,D,20200114,000000,13.204,13.302,13.204,13.302,0,0
VOX_PE,D,20200115,000000,13.204,13.204,13.009,13.009,0,0
VOX_PE,D,20200116,000000,13.107,13.204,12.813,13.107,0,0
VOX_PE,D,20200117,000000,13.107,13.107,13.009,13.009,0,0
VOX_PE,D,20200120,000000,13.009,13.009,12.813,13.009,0,0
VOX_PE,D,20200121,000000,13.009,13.009,12.911,13.009,0,0
VOX_PE,D,20200122,000000,13.009,13.009,13.009,13.009,0,0
VOX_PE,D,20200123,000000,13.009,13.009,13.009,13.009,0,0
VOX_PE,D,20200124,000000,13.009,13.009,12.911,12.911,0,0
VOX_PE,D,20200127,000000,12.911,13.009,12.911,12.911,0,0
VOX_PE,D,20200128,000000,12.911,12.911,12.715,12.715,0,0
VOX_PE,D,20200129,000000,12.813,12.813,12.715,12.715,0,0
VOX_PE,D,20200130,000000,12.715,12.715,12.618,12.715,0,0
VOX_PE,D,20200131,000000,12.715,12.715,12.618,12.618,0,0
VOX_PE,D,20200203,000000,12.618,12.911,12.618,12.911,0,0
VOX_PE,D,20200204,000000,13.009,13.107,13.009,13.009,0,0
VOX_PE,D,20200205,000000,13.204,13.204,13.009,13.107,0,0
VOX_PE,D,20200206,000000,13.204,13.204,13.107,13.107,0,0
VOX_PE,D,20200207,000000,13.107,13.302,13.107,13.302,0,0
VOX_PE,D,20200210,000000,13.302,13.791,13.302,13.791,0,0
VOX_PE,D,20200211,000000,13.791,13.791,13.693,13.693,0,0
VOX_PE,D,20200212,000000,13.693,13.693,13.693,13.693,0,0
VOX_PE,D,20200213,000000,13.693,13.791,13.693,13.791,0,0
VOX_PE,D,20200214,000000,13.791,13.791,13.693,13.791,0,0
VOX_PE,D,20200217,000000,13.791,13.791,13.498,13.693,0,0
VOX_PE,D,20200218,000000,13.498,13.498,13.498,13.498,0,0
VOX_PE,D,20200219,000000,13.596,13.596,13.498,13.498,0,0
VOX_PE,D,20200220,000000,13.498,13.791,13.498,13.791,0,0
VOX_PE,D,20200221,000000,13.791,14.182,13.791,13.791,0,0
VOX_PE,D,20200224,000000,13.791,13.889,13.596,13.693,0,0
VOX_PE,D,20200225,000000,13.693,13.791,13.693,13.791,0,0
VOX_PE,D,20200226,000000,13.693,13.791,13.498,13.498,0,0
VOX_PE,D,20200227,000000,13.498,13.498,13.009,13.107,0,0
VOX_PE,D,20200228,000000,13.009,13.009,12.128,12.128,0,0
VOX_PE,D,20200302,000000,11.737,12.911,11.737,12.813,0,0
VOX_PE,D,20200303,000000,13.009,13.009,12.52,12.52,0,0
VOX_PE,D,20200304,000000,12.715,12.813,12.715,12.813,0,0
VOX_PE,D,20200305,000000,12.813,12.813,12.813,12.813,0,0
VOX_PE,D,20200306,000000,12.813,12.911,12.715,12.715,0,0
VOX_PE,D,20200309,000000,12.618,12.618,11.542,12.031,0,0
VOX_PE,D,20200310,000000,11.835,12.128,11.835,12.128,0,0
VOX_PE,D,20200311,000000,12.128,12.128,11.542,11.737,0,0
VOX_PE,D,20200312,000000,10.564,11.053,9.879,11.053,0,0
VOX_PE,D,20200313,000000,10.27,11.737,10.27,11.737,0,0
VOX_PE,D,20200316,000000,11.346,11.737,10.955,11.737,0,0
VOX_PE,D,20200317,000000,11.737,11.737,11.053,11.053,0,0
VOX_PE,D,20200318,000000,11.542,11.542,11.15,11.15,0,0
VOX_PE,D,20200319,000000,10.955,11.444,10.955,11.444,0,0
VOX_PE,D,20200320,000000,11.053,11.444,11.053,11.15,0,0
VOX_PE,D,20200323,000000,11.15,11.15,10.955,10.955,0,0
VOX_PE,D,20200324,000000,11.248,12.324,11.15,12.324,0,0
VOX_PE,D,20200325,000000,12.324,12.52,12.128,12.128,0,0
VOX_PE,D,20200326,000000,12.128,12.128,12.031,12.031,0,0
VOX_PE,D,20200327,000000,12.031,12.031,11.639,12.031,0,0
VOX_PE,D,20200330,000000,12.128,12.128,11.835,11.835,0,0
VOX_PE,D,20200331,000000,12.031,12.128,11.933,12.031,0,0
VOX_PE,D,20200401,000000,12.031,12.031,11.639,11.737,0,0
VOX_PE,D,20200402,000000,11.639,11.737,11.639,11.639,0,0
VOX_PE,D,20200403,000000,11.639,11.639,11.248,11.639,0,0
VOX_PE,D,20200406,000000,11.639,12.324,11.444,11.639,0,0
VOX_PE,D,20200407,000000,11.835,12.128,11.639,11.933,0,0
VOX_PE,D,20200408,000000,11.835,11.835,11.737,11.835,0,0
VOX_PE,D,20200409,000000,11.835,12.031,11.835,12.031,0,0
VOX_PE,D,20200414,000000,11.933,12.031,11.835,12.031,0,0
VOX_PE,D,20200415,000000,12.031,12.031,11.933,12.031,0,0
VOX_PE,D,20200416,000000,12.031,12.128,12.031,12.031,0,0
VOX_PE,D,20200417,000000,12.031,12.324,12.031,12.324,0,0
VOX_PE,D,20200420,000000,12.422,12.52,12.324,12.324,0,0
VOX_PE,D,20200421,000000,12.031,12.324,11.835,12.226,0,0
VOX_PE,D,20200422,000000,12.128,12.618,12.128,12.52,0,0
VOX_PE,D,20200423,000000,12.52,12.52,12.031,12.52,0,0
VOX_PE,D,20200424,000000,12.52,12.52,12.324,12.422,0,0
VOX_PE,D,20200427,000000,12.422,12.911,12.422,12.813,0,0
VOX_PE,D,20200428,000000,12.813,12.813,12.715,12.715,0,0
VOX_PE,D,20200429,000000,12.813,13.009,12.52,12.618,0,0
VOX_PE,D,20200430,000000,12.618,12.715,12.618,12.618,0,0
VOX_PE,D,20200504,000000,12.715,12.715,12.324,12.715,0,0
VOX_PE,D,20200505,000000,12.715,12.715,12.422,12.618,0,0
VOX_PE,D,20200506,000000,12.618,12.618,12.52,12.52,0,0
VOX_PE,D,20200507,000000,12.324,12.813,12.324,12.813,0,0
VOX_PE,D,20200508,000000,12.813,12.813,12.715,12.715,0,0
VOX_PE,D,20200511,000000,12.715,12.715,12.422,12.52,0,0
VOX_PE,D,20200512,000000,12.324,12.324,12.226,12.324,0,0
VOX_PE,D,20200513,000000,12.128,12.324,12.128,12.324,0,0
VOX_PE,D,20200514,000000,12.128,12.52,11.835,12.52,0,0
VOX_PE,D,20200515,000000,12.226,12.324,12.226,12.324,0,0
VOX_PE,D,20200518,000000,12.226,12.324,12.031,12.324,0,0
VOX_PE,D,20200519,000000,12.324,12.324,12.031,12.226,0,0
VOX_PE,D,20200520,000000,12.226,12.226,12.128,12.226,0,0
VOX_PE,D,20200521,000000,12.226,12.226,12.128,12.128,0,0
VOX_PE,D,20200522,000000,12.128,12.226,12.128,12.226,0,0
VOX_PE,D,20200525,000000,12.324,12.52,12.226,12.422,0,0
VOX_PE,D,20200526,000000,12.422,12.52,12.422,12.52,0,0
VOX_PE,D,20200527,000000,12.52,12.52,12.324,12.324,0,0
VOX_PE,D,20200528,000000,12.422,12.52,12.324,12.52,0,0
VOX_PE,D,20200529,000000,12.52,12.52,12.52,12.52,0,0
VOX_PE,D,20200601,000000,12.324,12.52,12.128,12.52,0,0
VOX_PE,D,20200602,000000,12.422,12.52,12.128,12.52,0,0
VOX_PE,D,20200603,000000,12.52,12.52,12.422,12.422,0,0
VOX_PE,D,20200604,000000,12.324,12.813,12.324,12.715,0,0
VOX_PE,D,20200605,000000,12.715,12.715,12.226,12.422,0,0
VOX_PE,D,20200608,000000,12.52,12.52,12.128,12.52,0,0
VOX_PE,D,20200609,000000,12.52,13.009,12.422,13.009,0,0
VOX_PE,D,20200610,000000,13.009,13.009,12.715,12.715,0,0
VOX_PE,D,20200612,000000,12.715,12.813,12.715,12.813,0,0
VOX_PE,D,20200615,000000,12.813,12.813,12.715,12.813,0,0
VOX_PE,D,20200616,000000,12.813,13.107,12.813,13.009,0,0
VOX_PE,D,20200617,000000,13.009,13.596,13.009,13.498,0,0
VOX_PE,D,20200618,000000,13.596,13.596,12.911,12.911,0,0
VOX_PE,D,20200619,000000,13.302,13.302,13.009,13.009,0,0
VOX_PE,D,20200622,000000,13.107,13.596,13.009,13.107,0,0
VOX_PE,D,20200623,000000,13.302,13.4,13.107,13.4,0,0
VOX_PE,D,20200624,000000,13.4,13.4,13.302,13.302,0,0
VOX_PE,D,20200625,000000,13.4,13.4,13.302,13.302,0,0
VOX_PE,D,20200626,000000,12.618,13.4,12.52,13.302,0,0
VOX_PE,D,20200629,000000,13.4,13.4,12.813,13.204,0,0
VOX_PE,D,20200630,000000,13.302,13.498,13.302,13.498,0,0
VOX_PE,D,20200701,000000,13.498,14.476,13.498,14.476,0,0
VOX_PE,D,20200702,000000,14.672,14.867,14.28,14.476,0,0
VOX_PE,D,20200703,000000,14.476,14.574,14.28,14.28,0,0
VOX_PE,D,20200706,000000,14.28,14.672,14.28,14.574,0,0
VOX_PE,D,20200707,000000,14.672,15.161,14.574,14.672,0,0
VOX_PE,D,20200708,000000,14.672,14.672,14.574,14.574,0,0
VOX_PE,D,20200709,000000,14.378,15.65,14.378,15.258,0,0
VOX_PE,D,20200710,000000,15.161,15.258,14.769,14.867,0,0
VOX_PE,D,20200713,000000,15.161,15.161,14.476,14.476,0,0
VOX_PE,D,20200714,000000,14.476,14.574,14.182,14.574,0,0
VOX_PE,D,20200715,000000,14.574,14.769,14.574,14.672,0,0
VOX_PE,D,20200716,000000,14.574,14.867,14.476,14.867,0,0
VOX_PE,D,20200717,000000,14.867,14.867,14.28,14.476,0,0
VOX_PE,D,20200720,000000,14.476,15.161,14.28,14.867,0,0
VOX_PE,D,20200721,000000,14.672,15.161,14.476,14.672,0,0
VOX_PE,D,20200722,000000,14.672,15.552,14.574,15.161,0,0
VOX_PE,D,20200723,000000,15.454,16.041,15.454,16.041,0,0
VOX_PE,D,20200724,000000,15.747,16.139,15.65,15.65,0,0
VOX_PE,D,20200727,000000,15.65,17.899,15.65,17.215,0,0
VOX_PE,D,20200728,000000,17.606,17.899,17.41,17.606,0,0
VOX_PE,D,20200729,000000,17.606,18.584,17.41,18.291,0,0
VOX_PE,D,20200730,000000,18.291,18.388,16.628,16.628,0,0
VOX_PE,D,20200731,000000,16.236,17.508,16.236,17.117,0,0
VOX_PE,D,20200803,000000,17.117,17.508,17.019,17.117,0,0
VOX_PE,D,20200804,000000,17.704,18.975,17.215,17.215,0,0
VOX_PE,D,20200805,000000,17.606,19.953,17.606,19.66,0,0
VOX_PE,D,20200806,000000,19.66,19.66,18.682,18.78,0,0
VOX_PE,D,20200807,000000,18.486,18.486,18.193,18.388,0,0
VOX_PE,D,20200810,000000,18.388,19.366,18.388,18.975,0,0
VOX_PE,D,20200811,000000,19.171,19.171,18.291,18.388,0,0
VOX_PE,D,20200812,000000,18.877,18.877,18.291,18.682,0,0
VOX_PE,D,20200813,000000,18.682,18.682,18.388,18.486,0,0
VOX_PE,D,20200814,000000,18.486,18.877,18.388,18.388,0,0
VOX_PE,D,20200817,000000,18.682,18.682,17.606,17.704,0,0
VOX_PE,D,20200818,000000,17.606,17.899,17.606,17.899,0,0
VOX_PE,D,20200819,000000,17.899,17.997,17.704,17.997,0,0
VOX_PE,D,20200820,000000,17.997,19.464,17.997,17.997,0,0
VOX_PE,D,20200821,000000,17.997,30.908,17.606,30.908,0,0
VOX_PE,D,20200824,000000,29.832,29.832,26.898,28.365,0,0
VOX_PE,D,20200825,000000,29.3,30.4,28.9,28.9,0,0
VOX_PE,D,20200826,000000,28.9,30.1,28.6,29.5,0,0
VOX_PE,D,20200827,000000,29.6,30,29.3,29.6,0,0
VOX_PE,D,20200828,000000,29.7,29.7,28.4,29.6,0,0
VOX_PE,D,20200831,000000,29.2,30,28.4,28.4,0,0
VOX_PE,D,20200901,000000,28.8,28.8,27.5,27.8,0,0
VOX_PE,D,20200902,000000,28.1,29,27.9,28.8,0,0
VOX_PE,D,20200903,000000,28.9,29.1,28.9,29,0,0
VOX_PE,D,20200904,000000,29.1,29.2,28.6,28.6,0,0
VOX_PE,D,20200907,000000,28.3,29.9,28.3,29,0,0
VOX_PE,D,20200908,000000,29.6,29.6,26.6,26.6,0,0
VOX_PE,D,20200909,000000,27.4,28.1,26.8,28.1,0,0
VOX_PE,D,20200910,000000,28.2,28.2,27.9,27.9,0,0
VOX_PE,D,20200911,000000,28.1,28.3,27.8,28.3,0,0
VOX_PE,D,20200914,000000,27.9,28.3,27.9,28.3,0,0
VOX_PE,D,20200915,000000,28.2,28.2,27.7,27.8,0,0
VOX_PE,D,20200916,000000,28.1,28.1,27.7,27.7,0,0
VOX_PE,D,20200917,000000,27.7,27.9,27,27.5,0,0
VOX_PE,D,20200918,000000,27,27.5,26.9,27.5,0,0
VOX_PE,D,20200921,000000,27.5,27.6,26.5,26.6,0,0
VOX_PE,D,20200922,000000,26.5,27.7,26.5,26.6,0,0
VOX_PE,D,20200923,000000,27.3,27.3,26.5,26.7,0,0
VOX_PE,D,20200924,000000,26.7,26.8,26.1,26.1,0,0
VOX_PE,D,20200925,000000,26.1,26.1,25.5,25.5,0,0
VOX_PE,D,20200928,000000,25.6,26.4,25.6,26.4,0,0
VOX_PE,D,20200929,000000,26.8,27.8,26.8,27.8,0,0
VOX_PE,D,20200930,000000,27.8,27.8,27.6,27.8,0,0
VOX_PE,D,20201001,000000,27.9,28.9,27.9,28.2,0,0
VOX_PE,D,20201002,000000,28.7,28.9,28.3,28.6,0,0
VOX_PE,D,20201005,000000,28.6,29.3,28.6,28.9,0,0
VOX_PE,D,20201006,000000,28.9,28.9,27.3,27.3,0,0
VOX_PE,D,20201007,000000,27.4,28.7,27.4,28.7,0,0
VOX_PE,D,20201008,000000,28.8,30.7,28.8,30.6,0,0
VOX_PE,D,20201009,000000,30.6,33.6,30.6,32.1,0,0
VOX_PE,D,20201012,000000,33.1,33.2,32.1,32.1,0,0
VOX_PE,D,20201013,000000,32.1,32.1,30.8,31,0,0
VOX_PE,D,20201014,000000,31.6,32.2,30.4,31.2,0,0
VOX_PE,D,20201015,000000,31.2,31.3,30,30.6,0,0
VOX_PE,D,20201016,000000,30.3,32.2,30.3,32.1,0,0
