<TICKER>,<PER>,<DATE>,<TIME>,<OPEN>,<HIGH>,<LOW>,<CLOSE>,<VOL>,<OPENINT>
VTL_MV,D,20140108,000000,163.05,163.05,163.05,163.05,0,0
VTL_MV,D,20140109,000000,163.05,169.7,161.72,168.24,0,0
VTL_MV,D,20140110,000000,168.38,170.37,166.39,167.71,0,0
VTL_MV,D,20140113,000000,176.89,176.89,176.89,176.89,0,0
VTL_MV,D,20140114,000000,173.03,179.02,173.03,177.56,0,0
VTL_MV,D,20140115,000000,176.63,179.69,176.63,178.35,0,0
VTL_MV,D,20140116,000000,178.35,180.22,176.49,179.55,0,0
VTL_MV,D,20140117,000000,179.69,184.61,179.69,183.02,0,0
VTL_MV,D,20140120,000000,185.55,185.55,178.63,184.07,0,0
VTL_MV,D,20140121,000000,184.07,193,183.68,193,0,0
VTL_MV,D,20140122,000000,194.19,198.05,191.67,196.86,0,0
VTL_MV,D,20140123,000000,196.72,203.64,195.39,196.86,0,0
VTL_MV,D,20140124,000000,197.53,199.65,193,197.66,0,0
VTL_MV,D,20140127,000000,197,198.2,189,197.66,0,0
VTL_MV,D,20140128,000000,198.32,199.52,195.79,199.52,0,0
VTL_MV,D,20140129,000000,199.65,202.98,197.79,199.65,0,0
VTL_MV,D,20140130,000000,199.65,199.65,191.94,197.53,0,0
VTL_MV,D,20140131,000000,198.99,198.99,189.14,190.33,0,0
VTL_MV,D,20140203,000000,190.2,197,190.2,196.19,0,0
VTL_MV,D,20140204,000000,196.19,196.19,192.73,195.92,0,0
VTL_MV,D,20140205,000000,195.67,202.85,195.67,202.71,0,0
VTL_MV,D,20140206,000000,204.04,210.17,204.04,207.64,0,0
VTL_MV,D,20140207,000000,210.04,214.29,209.63,214.29,0,0
VTL_MV,D,20140210,000000,218.28,226.28,218.28,223.61,0,0
VTL_MV,D,20140211,000000,228.27,241.19,223.61,236.93,0,0
VTL_MV,D,20140212,000000,238.25,238.25,227.6,232.26,0,0
VTL_MV,D,20140213,000000,232.26,232.26,227.6,230.93,0,0
VTL_MV,D,20140214,000000,229.73,232.26,229.07,232.26,0,0
VTL_MV,D,20140217,000000,236.79,238.25,232.93,238.13,0,0
VTL_MV,D,20140218,000000,242.24,243.45,236.93,237.19,0,0
VTL_MV,D,20140219,000000,237.19,237.19,232.26,234.92,0,0
VTL_MV,D,20140220,000000,232.93,234.26,231.6,234.26,0,0
VTL_MV,D,20140221,000000,237.32,237.46,234.26,237.46,0,0
VTL_MV,D,20140224,000000,236.93,236.93,235.6,236.93,0,0
VTL_MV,D,20140225,000000,235.72,236.93,233.06,236.79,0,0
VTL_MV,D,20140226,000000,236.79,236.79,229.2,232.8,0,0
VTL_MV,D,20140227,000000,230.93,232.26,229.07,232.13,0,0
VTL_MV,D,20140228,000000,232.93,232.93,229.87,231.2,0,0
VTL_MV,D,20140303,000000,221.62,222.01,201.78,208.57,0,0
VTL_MV,D,20140304,000000,208.83,220.96,208.57,218.95,0,0
VTL_MV,D,20140305,000000,226.8,226.8,216.96,218.16,0,0
VTL_MV,D,20140306,000000,218.28,219.62,210.3,219.62,0,0
VTL_MV,D,20140307,000000,218.28,218.28,213.63,218.28,0,0
VTL_MV,D,20140310,000000,212.96,218.28,210.3,213.5,0,0
VTL_MV,D,20140311,000000,214.29,214.29,208.31,208.31,0,0
VTL_MV,D,20140312,000000,204.45,212.84,193.67,200.99,0,0
VTL_MV,D,20140313,000000,199.65,200.99,194.19,196.33,0,0
VTL_MV,D,20140314,000000,187.67,194.73,181.82,191.67,0,0
VTL_MV,D,20140317,000000,188.47,212.96,188.47,210.3,0,0
VTL_MV,D,20140318,000000,211.36,213.63,204.97,213.63,0,0
VTL_MV,D,20140319,000000,212.96,213.63,206.17,206.32,0,0
VTL_MV,D,20140320,000000,210.17,210.17,203.64,203.79,0,0
VTL_MV,D,20140321,000000,207.37,209.63,203.64,206.32,0,0
VTL_MV,D,20140324,000000,219.62,224.28,208.31,216.42,0,0
VTL_MV,D,20140325,000000,217.62,225.74,213.5,224.94,0,0
VTL_MV,D,20140326,000000,224.94,230.93,224.94,228.4,0,0
VTL_MV,D,20140327,000000,228.8,228.93,226.14,228.93,0,0
VTL_MV,D,20140328,000000,228.27,228.27,223.61,226.28,0,0
VTL_MV,D,20140331,000000,227.6,227.6,224.28,224.94,0,0
VTL_MV,D,20140401,000000,227.48,227.48,224.68,224.94,0,0
VTL_MV,D,20140402,000000,224.94,227.48,221.62,227.07,0,0
VTL_MV,D,20140403,000000,226.94,228,220.15,227.6,0,0
VTL_MV,D,20140404,000000,224.94,227.6,224.94,227.48,0,0
VTL_MV,D,20140407,000000,224.81,227.48,220.81,225.61,0,0
VTL_MV,D,20140408,000000,222.28,225.61,219.88,225.61,0,0
VTL_MV,D,20140409,000000,224.94,227.48,220.42,227.48,0,0
VTL_MV,D,20140410,000000,225.61,226.28,225.61,226.28,0,0
VTL_MV,D,20140411,000000,222.28,224.94,220.96,224.94,0,0
VTL_MV,D,20140414,000000,224.94,224.94,212.96,220.81,0,0
VTL_MV,D,20140415,000000,214.56,218.68,213.09,217.36,0,0
VTL_MV,D,20140416,000000,213.09,214.83,210.44,213.5,0,0
VTL_MV,D,20140417,000000,212.96,219.36,212.96,216.69,0,0
VTL_MV,D,20140422,000000,208.97,218.16,208.97,218.16,0,0
VTL_MV,D,20140423,000000,218.28,222.28,217.09,219.48,0,0
VTL_MV,D,20140424,000000,218.56,222.15,208.97,212.7,0,0
VTL_MV,D,20140425,000000,209.63,212.96,209.63,212.7,0,0
VTL_MV,D,20140428,000000,209.11,209.63,208.97,209.63,0,0
VTL_MV,D,20140429,000000,207.91,212.56,207.91,212.56,0,0
VTL_MV,D,20140430,000000,212.56,214.56,209.77,210.3,0,0
VTL_MV,D,20140502,000000,213.89,213.89,209.9,209.9,0,0
VTL_MV,D,20140505,000000,209.9,214.29,208.97,214.29,0,0
VTL_MV,D,20140506,000000,214.16,214.29,208.97,212.96,0,0
VTL_MV,D,20140507,000000,211.64,211.64,199.79,199.79,0,0
VTL_MV,D,20140508,000000,202.44,206.32,202.44,206.32,0,0
VTL_MV,D,20140509,000000,206.32,206.32,199.65,202.31,0,0
VTL_MV,D,20140512,000000,202.31,206.32,201.65,206.32,0,0
VTL_MV,D,20140513,000000,206.32,206.32,203.25,204.97,0,0
VTL_MV,D,20140514,000000,200.32,206.32,200.32,206.32,0,0
VTL_MV,D,20140515,000000,206.32,212.96,204.31,210.3,0,0
VTL_MV,D,20140516,000000,212.84,212.84,204.31,206.71,0,0
VTL_MV,D,20140519,000000,210.04,210.3,199.91,199.91,0,0
VTL_MV,D,20140520,000000,199.91,208.97,199.91,206.04,0,0
VTL_MV,D,20140521,000000,205.91,210.3,205.91,210.3,0,0
VTL_MV,D,20140522,000000,205.78,212.96,204.31,211.64,0,0
VTL_MV,D,20140523,000000,211.64,211.64,207.11,209.63,0,0
VTL_MV,D,20140526,000000,204.97,209.51,204.97,208.17,0,0
VTL_MV,D,20140527,000000,208.97,211.64,204.97,209.77,0,0
VTL_MV,D,20140528,000000,212.3,212.3,207.11,208.83,0,0
VTL_MV,D,20140529,000000,208.83,208.97,206.98,208.31,0,0
VTL_MV,D,20140530,000000,208.31,212.3,208.31,210.7,0,0
VTL_MV,D,20140602,000000,210.84,210.84,205.24,210.3,0,0
VTL_MV,D,20140603,000000,207.24,210.3,207.24,210.17,0,0
VTL_MV,D,20140604,000000,210.3,210.3,204.31,205.64,0,0
VTL_MV,D,20140605,000000,206.17,206.32,205.64,206.32,0,0
VTL_MV,D,20140606,000000,207.11,207.11,205.12,206.32,0,0
VTL_MV,D,20140609,000000,207.64,211.64,207.64,207.64,0,0
VTL_MV,D,20140610,000000,206.32,206.32,206.32,206.32,0,0
VTL_MV,D,20140611,000000,204.58,206.32,201.92,206.32,0,0
VTL_MV,D,20140612,000000,204.97,206.04,201.25,206.04,0,0
VTL_MV,D,20140613,000000,206.32,206.32,204.18,205.51,0,0
VTL_MV,D,20140616,000000,204.31,205.64,201.39,205.64,0,0
VTL_MV,D,20140617,000000,205.64,206.32,201.78,206.32,0,0
VTL_MV,D,20140618,000000,206.32,206.32,204.31,206.32,0,0
VTL_MV,D,20140620,000000,204.97,206.17,204.97,206.17,0,0
VTL_MV,D,20140623,000000,202.59,206.17,201.78,206.17,0,0
VTL_MV,D,20140624,000000,202.44,202.98,201.11,202.98,0,0
VTL_MV,D,20140625,000000,202.05,202.31,199.39,199.39,0,0
VTL_MV,D,20140626,000000,199.65,202.31,195.13,202.31,0,0
VTL_MV,D,20140627,000000,202.31,202.31,199.39,202.18,0,0
VTL_MV,D,20140630,000000,199.65,200.85,197.12,200.72,0,0
VTL_MV,D,20140701,000000,194.99,195.79,194.86,194.99,0,0
VTL_MV,D,20140702,000000,195.67,195.67,187.67,192.07,0,0
VTL_MV,D,20140703,000000,187.41,195.39,186.47,189.94,0,0
VTL_MV,D,20140704,000000,187.67,189.67,186.47,187.27,0,0
VTL_MV,D,20140707,000000,186.61,189,186.47,189,0,0
VTL_MV,D,20140708,000000,189,190.33,189,189,0,0
VTL_MV,D,20140709,000000,189.14,189.14,185.01,186.35,0,0
VTL_MV,D,20140710,000000,185.01,185.01,179.55,185.01,0,0
VTL_MV,D,20140711,000000,186.35,187.01,182.62,182.62,0,0
VTL_MV,D,20140714,000000,186.75,187.01,183.02,183.02,0,0
VTL_MV,D,20140715,000000,183.02,186.21,183.02,185.01,0,0
VTL_MV,D,20140716,000000,183.28,186.35,183.28,184.35,0,0
VTL_MV,D,20140717,000000,183.02,188.87,180.49,184.88,0,0
VTL_MV,D,20140718,000000,182.35,184.35,180.49,184.22,0,0
VTL_MV,D,20140721,000000,184.22,184.22,179.95,180.22,0,0
VTL_MV,D,20140722,000000,180.22,184.88,179.69,184.88,0,0
VTL_MV,D,20140723,000000,193,193,183.68,184.88,0,0
VTL_MV,D,20140724,000000,183.82,183.82,179.69,180.35,0,0
VTL_MV,D,20140725,000000,179.69,179.69,176.22,177.03,0,0
VTL_MV,D,20140728,000000,174.77,176.63,170.77,175.43,0,0
VTL_MV,D,20140729,000000,176.36,178.35,173.03,175.7,0,0
VTL_MV,D,20140730,000000,176.49,176.49,170.51,173.03,0,0
VTL_MV,D,20140731,000000,173.96,175.7,172.37,175.7,0,0
VTL_MV,D,20140801,000000,175.7,180.88,173.03,180.88,0,0
VTL_MV,D,20140804,000000,183.68,184.22,182.35,182.35,0,0
VTL_MV,D,20140805,000000,181.42,181.42,173.7,174.63,0,0
VTL_MV,D,20140806,000000,174.63,177.3,171.43,175.7,0,0
VTL_MV,D,20140807,000000,175.82,175.82,171.43,173.57,0,0
VTL_MV,D,20140808,000000,171.83,171.83,169.04,171.71,0,0
VTL_MV,D,20140811,000000,175.16,175.16,175.16,175.16,0,0
VTL_MV,D,20140812,000000,172.91,176.36,172.91,176.36,0,0
VTL_MV,D,20140813,000000,177.03,181.03,176.36,181.03,0,0
VTL_MV,D,20140814,000000,180.88,186.35,180.88,186.08,0,0
VTL_MV,D,20140818,000000,182.62,182.62,179.83,180.75,0,0
VTL_MV,D,20140819,000000,181.82,186.35,181.82,186.35,0,0
VTL_MV,D,20140820,000000,188.87,190.33,187.41,187.41,0,0
VTL_MV,D,20140821,000000,191.53,191.67,191.53,191.67,0,0
VTL_MV,D,20140822,000000,192.87,193,191.67,193,0,0
VTL_MV,D,20140825,000000,193,197.66,193,197.26,0,0
VTL_MV,D,20140826,000000,198.72,199.65,198.72,199.65,0,0
VTL_MV,D,20140827,000000,198.32,199.65,197.12,199.52,0,0
VTL_MV,D,20140828,000000,207.51,207.51,187.14,199.65,0,0
VTL_MV,D,20140829,000000,199.65,199.65,198.99,199.65,0,0
VTL_MV,D,20140901,000000,194.59,195.67,189.14,190.87,0,0
VTL_MV,D,20140902,000000,190.87,190.87,186.35,187.54,0,0
VTL_MV,D,20140903,000000,188.34,190.33,185.01,189,0,0
VTL_MV,D,20140904,000000,190.33,197.66,190.33,197.66,0,0
VTL_MV,D,20140905,000000,197.66,198.32,193.13,198.2,0,0
VTL_MV,D,20140908,000000,195.79,198.32,195.79,198.05,0,0
VTL_MV,D,20140909,000000,198.05,198.86,195.67,198.86,0,0
VTL_MV,D,20140910,000000,194.33,198.86,194.33,198.86,0,0
VTL_MV,D,20140911,000000,198.59,198.59,194.59,198.2,0,0
VTL_MV,D,20140912,000000,195.26,196.86,192.33,196.72,0,0
VTL_MV,D,20140915,000000,197,198.32,196.72,198.2,0,0
VTL_MV,D,20140916,000000,198.2,198.2,194.59,195.26,0,0
VTL_MV,D,20140917,000000,194.86,198.05,194.33,198.05,0,0
VTL_MV,D,20140918,000000,195.92,195.92,195.67,195.67,0,0
VTL_MV,D,20140919,000000,195.52,195.67,194.33,195.67,0,0
VTL_MV,D,20140922,000000,197,197,194.06,196.19,0,0
VTL_MV,D,20140923,000000,195.67,196.33,195.13,196.33,0,0
VTL_MV,D,20140924,000000,196.6,196.72,196.6,196.72,0,0
VTL_MV,D,20140925,000000,193.27,196.19,193,193,0,0
VTL_MV,D,20140926,000000,193,193.27,190.6,191.8,0,0
VTL_MV,D,20140929,000000,196.19,196.19,187.67,190.08,0,0
VTL_MV,D,20140930,000000,190.48,193,190.33,193,0,0
VTL_MV,D,20141001,000000,189.14,190.33,188.74,188.87,0,0
VTL_MV,D,20141002,000000,188.87,189,186.35,186.61,0,0
VTL_MV,D,20141003,000000,186.35,188.61,186.35,186.61,0,0
VTL_MV,D,20141006,000000,185.01,189.4,185.01,186.35,0,0
VTL_MV,D,20141007,000000,186.35,186.35,186.35,186.35,0,0
VTL_MV,D,20141008,000000,187.01,187.01,181.69,183.68,0,0
VTL_MV,D,20141009,000000,182.08,187.54,182.08,186.08,0,0
VTL_MV,D,20141010,000000,182.48,183.28,179.69,183.15,0,0
VTL_MV,D,20141013,000000,182.89,183.68,182.89,183.68,0,0
VTL_MV,D,20141014,000000,183.68,183.68,181.03,183.41,0,0
VTL_MV,D,20141016,000000,183.56,183.68,179.69,183.56,0,0
VTL_MV,D,20141017,000000,183.56,183.56,182.21,182.35,0,0
VTL_MV,D,20141020,000000,182.35,182.74,178.63,182.35,0,0
VTL_MV,D,20141021,000000,182.21,182.21,180.35,181.95,0,0
VTL_MV,D,20141022,000000,182.48,182.89,180.35,180.35,0,0
VTL_MV,D,20141023,000000,180.35,181.82,179.69,179.69,0,0
VTL_MV,D,20141024,000000,180.22,180.22,178.35,179.69,0,0
VTL_MV,D,20141027,000000,178.49,181.82,177.83,181.82,0,0
VTL_MV,D,20141028,000000,181.82,186.35,179.69,180.88,0,0
VTL_MV,D,20141029,000000,179.95,185.15,179.02,185.15,0,0
VTL_MV,D,20141030,000000,180.09,180.88,180.09,180.49,0,0
VTL_MV,D,20141031,000000,181.03,181.03,179.16,181.03,0,0
VTL_MV,D,20141103,000000,182.08,182.08,179.02,179.69,0,0
VTL_MV,D,20141104,000000,179.69,183.68,178.35,181.03,0,0
VTL_MV,D,20141105,000000,181.03,181.03,179.29,179.29,0,0
VTL_MV,D,20141106,000000,176.49,178.63,173.3,178.63,0,0
VTL_MV,D,20141107,000000,178.63,180.88,178.49,180.88,0,0
VTL_MV,D,20141110,000000,174.1,179.55,174.1,177.03,0,0
VTL_MV,D,20141112,000000,176.76,179.16,174.36,176.89,0,0
VTL_MV,D,20141113,000000,176.36,176.36,175.7,176.36,0,0
VTL_MV,D,20141114,000000,173.83,175.7,173.7,174.5,0,0
VTL_MV,D,20141117,000000,170.37,172.63,166.39,169.7,0,0
VTL_MV,D,20141118,000000,170.37,170.37,160.92,162.38,0,0
VTL_MV,D,20141119,000000,162.38,162.38,158.66,159.72,0,0
VTL_MV,D,20141120,000000,162.25,163.71,159.06,159.72,0,0
VTL_MV,D,20141121,000000,159.72,161.06,156.66,159.72,0,0
VTL_MV,D,20141124,000000,157.73,159.72,157.73,159.06,0,0
VTL_MV,D,20141125,000000,159.59,159.59,155.73,159.06,0,0
VTL_MV,D,20141126,000000,157.07,159.72,156.4,159.72,0,0
VTL_MV,D,20141127,000000,159.86,159.86,157.07,157.86,0,0
VTL_MV,D,20141128,000000,157.86,157.86,153.74,155.59,0,0
VTL_MV,D,20141201,000000,154.54,154.66,151.74,153.34,0,0
VTL_MV,D,20141202,000000,153.34,153.34,149.21,152.4,0,0
VTL_MV,D,20141203,000000,159.72,159.72,152.01,153.07,0,0
VTL_MV,D,20141204,000000,155.73,155.73,146.82,148.94,0,0
VTL_MV,D,20141205,000000,148.94,148.94,138.42,139.76,0,0
VTL_MV,D,20141208,000000,140.42,141.89,136.03,139.76,0,0
VTL_MV,D,20141209,000000,140.42,140.42,131.9,135.09,0,0
VTL_MV,D,20141210,000000,132.97,134.43,131.11,132.97,0,0
VTL_MV,D,20141211,000000,135.76,138.16,130.44,132.18,0,0
VTL_MV,D,20141212,000000,130.44,132.7,127.25,132.7,0,0
VTL_MV,D,20141215,000000,133.1,138.96,132.97,132.97,0,0
VTL_MV,D,20141216,000000,137.76,137.76,126.46,131.78,0,0
VTL_MV,D,20141217,000000,131.78,136.17,130.44,131.78,0,0
VTL_MV,D,20141218,000000,138.96,138.96,129.11,132.3,0,0
VTL_MV,D,20141219,000000,132.18,132.18,126.46,130.44,0,0
VTL_MV,D,20141222,000000,130.44,130.44,123.92,126.18,0,0
VTL_MV,D,20141223,000000,126.05,126.05,115.13,116.6,0,0
VTL_MV,D,20141229,000000,113.27,119.66,107.15,117.93,0,0
VTL_MV,D,20141230,000000,118.46,118.46,111.13,115.13,0,0
VTL_MV,D,20150102,000000,118.59,121.39,115.8,116.6,0,0
VTL_MV,D,20150105,000000,117.26,117.26,113.67,117,0,0
VTL_MV,D,20150107,000000,115.8,118.33,114.47,118.33,0,0
VTL_MV,D,20150108,000000,118.86,124.45,118.86,124.18,0,0
VTL_MV,D,20150109,000000,124.85,131.64,124.85,127.78,0,0
VTL_MV,D,20150112,000000,131.37,131.37,130.98,130.98,0,0
VTL_MV,D,20150113,000000,130.31,132.57,128.45,132.57,0,0
VTL_MV,D,20150114,000000,137.1,137.1,127.78,131.11,0,0
VTL_MV,D,20150115,000000,131.78,132.03,126.58,130.18,0,0
VTL_MV,D,20150116,000000,130.18,130.18,123.78,126.46,0,0
VTL_MV,D,20150119,000000,127.12,127.12,122.45,127.12,0,0
VTL_MV,D,20150120,000000,125.11,125.11,113.93,123.12,0,0
VTL_MV,D,20150121,000000,124.98,124.98,117.14,121.79,0,0
VTL_MV,D,20150122,000000,123.12,123.12,116.47,122.98,0,0
VTL_MV,D,20150123,000000,122.98,127.64,120.59,127.64,0,0
VTL_MV,D,20150126,000000,123.78,129.77,123.78,127.78,0,0
VTL_MV,D,20150127,000000,129.37,129.37,125.65,127.78,0,0
VTL_MV,D,20150128,000000,127.78,127.78,125.77,127.38,0,0
VTL_MV,D,20150129,000000,127.64,127.64,125.11,126.85,0,0
VTL_MV,D,20150130,000000,127.64,127.64,122.73,125.52,0,0
VTL_MV,D,20150202,000000,127.64,136.17,127.64,135.09,0,0
VTL_MV,D,20150203,000000,135.5,135.5,134.43,135.09,0,0
VTL_MV,D,20150204,000000,135.63,136.03,134.43,135.76,0,0
VTL_MV,D,20150205,000000,135.76,135.76,134.57,135.09,0,0
VTL_MV,D,20150206,000000,135.09,135.09,130.44,134.83,0,0
VTL_MV,D,20150209,000000,133.37,134.83,132.44,133.23,0,0
VTL_MV,D,20150210,000000,132.18,133.37,130.44,130.84,0,0
VTL_MV,D,20150211,000000,131.78,133.1,131.78,133.1,0,0
VTL_MV,D,20150212,000000,132.84,132.84,130.58,132.84,0,0
VTL_MV,D,20150213,000000,134.43,134.43,133.1,134.03,0,0
VTL_MV,D,20150216,000000,134.03,134.03,131.78,133.77,0,0
VTL_MV,D,20150217,000000,132.44,133.1,132.18,133.1,0,0
VTL_MV,D,20150218,000000,133.1,133.1,131.78,132.84,0,0
VTL_MV,D,20150219,000000,132.97,133.89,131.78,133.64,0,0
VTL_MV,D,20150220,000000,133.5,133.5,131.78,132.03,0,0
VTL_MV,D,20150223,000000,134.97,136.96,134.03,136.43,0,0
VTL_MV,D,20150224,000000,136.43,139.76,135.09,139.76,0,0
VTL_MV,D,20150225,000000,143.09,145.62,143.09,145.08,0,0
VTL_MV,D,20150226,000000,145.74,151.74,141.76,150.4,0,0
VTL_MV,D,20150227,000000,146.67,152.26,146.67,150.4,0,0
VTL_MV,D,20150302,000000,151.74,151.74,147.48,148.41,0,0
VTL_MV,D,20150303,000000,149.07,149.07,139.49,145.08,0,0
VTL_MV,D,20150304,000000,143.75,146.15,141.09,146.15,0,0
VTL_MV,D,20150305,000000,146.15,146.15,141.09,144.95,0,0
VTL_MV,D,20150306,000000,145.08,145.08,140.42,142.42,0,0
VTL_MV,D,20150309,000000,141.09,143.48,139.49,142.42,0,0
VTL_MV,D,20150310,000000,145.08,145.88,142.15,142.42,0,0
VTL_MV,D,20150311,000000,143.63,143.63,141.76,143.48,0,0
VTL_MV,D,20150312,000000,143.75,143.75,140.02,143.09,0,0
VTL_MV,D,20150313,000000,143.75,143.75,140.42,142.28,0,0
VTL_MV,D,20150316,000000,143.75,143.75,140.02,142.28,0,0
VTL_MV,D,20150317,000000,140.29,142.28,138.7,139.76,0,0
VTL_MV,D,20150318,000000,141.09,141.09,135.76,137.76,0,0
VTL_MV,D,20150319,000000,137.76,137.76,134.03,137.37,0,0
VTL_MV,D,20150320,000000,137.62,137.76,134.7,135.76,0,0
VTL_MV,D,20150323,000000,136.17,141.61,136.17,139.76,0,0
VTL_MV,D,20150324,000000,139.76,143.75,138.42,143.48,0,0
VTL_MV,D,20150325,000000,143.75,144.29,141.09,143.48,0,0
VTL_MV,D,20150326,000000,143.88,143.88,139.9,142.69,0,0
VTL_MV,D,20150327,000000,142.55,142.55,141.09,141.09,0,0
VTL_MV,D,20150330,000000,143.48,143.75,140.02,143.75,0,0
VTL_MV,D,20150331,000000,143.75,151.21,143.75,147.08,0,0
VTL_MV,D,20150401,000000,148.41,151.47,148.41,148.81,0,0
VTL_MV,D,20150402,000000,150.15,150.15,148.94,149.07,0,0
VTL_MV,D,20150407,000000,151.74,153.07,148.14,148.68,0,0
VTL_MV,D,20150408,000000,150.4,150.4,146.42,149.07,0,0
VTL_MV,D,20150409,000000,143.88,149.21,143.75,149.21,0,0
VTL_MV,D,20150410,000000,149.61,149.61,145.74,147.21,0,0
VTL_MV,D,20150413,000000,148.81,149.07,148.41,149.07,0,0
VTL_MV,D,20150414,000000,148.41,157.59,148.41,153.07,0,0
VTL_MV,D,20150415,000000,155.73,159.72,153.07,159.59,0,0
VTL_MV,D,20150416,000000,160.13,164.78,160.13,163.32,0,0
VTL_MV,D,20150417,000000,163.71,165.04,163.32,164.25,0,0
VTL_MV,D,20150420,000000,164.78,164.78,163.05,163.71,0,0
VTL_MV,D,20150421,000000,163.71,164.11,163.32,163.32,0,0
VTL_MV,D,20150422,000000,162.25,168.9,161.99,167.84,0,0
VTL_MV,D,20150423,000000,167.44,169.7,164.91,166.64,0,0
VTL_MV,D,20150424,000000,164.25,168.9,164.25,168.9,0,0
VTL_MV,D,20150427,000000,168.9,175.02,168.77,174.36,0,0
VTL_MV,D,20150428,000000,175.7,178.63,175.7,177.03,0,0
VTL_MV,D,20150429,000000,177.03,178.23,174.36,176.22,0,0
VTL_MV,D,20150430,000000,176.22,178.23,174.36,177.96,0,0
VTL_MV,D,20150504,000000,178.23,178.63,176.36,177.69,0,0
VTL_MV,D,20150505,000000,179.16,179.69,177.3,177.96,0,0
VTL_MV,D,20150506,000000,177.69,177.69,177.03,177.03,0,0
VTL_MV,D,20150507,000000,177.03,177.03,174.36,177.03,0,0
VTL_MV,D,20150508,000000,177.69,177.69,174.36,177.03,0,0
VTL_MV,D,20150511,000000,178.49,178.49,177.03,178.35,0,0
VTL_MV,D,20150512,000000,177.16,183.56,176.63,183.56,0,0
VTL_MV,D,20150513,000000,179.69,184.35,179.69,184.35,0,0
VTL_MV,D,20150514,000000,184.35,184.35,179.69,183.68,0,0
VTL_MV,D,20150515,000000,183.68,183.68,179.69,179.95,0,0
VTL_MV,D,20150518,000000,179.69,184.35,179.69,183.56,0,0
VTL_MV,D,20150519,000000,184.07,184.07,175.02,178.23,0,0
VTL_MV,D,20150520,000000,176.36,176.36,163.71,167.05,0,0
VTL_MV,D,20150521,000000,165.85,169.3,165.85,168.38,0,0
VTL_MV,D,20150522,000000,169.97,169.97,169.58,169.58,0,0
VTL_MV,D,20150525,000000,171.04,174.36,167.71,173.03,0,0
VTL_MV,D,20150526,000000,174.1,174.1,170.37,173.96,0,0
VTL_MV,D,20150527,000000,169.7,173.03,169.7,172.37,0,0
VTL_MV,D,20150528,000000,171.57,174.1,170.37,173.7,0,0
VTL_MV,D,20150529,000000,173.03,174.36,171.71,174.36,0,0
VTL_MV,D,20150601,000000,174.63,174.63,171.71,174.36,0,0
VTL_MV,D,20150603,000000,173.03,177.69,171.83,177.69,0,0
VTL_MV,D,20150605,000000,177.69,177.69,175.7,177.69,0,0
VTL_MV,D,20150608,000000,177.03,177.03,171.71,176.36,0,0
VTL_MV,D,20150609,000000,175.7,177.03,172.77,175.02,0,0
VTL_MV,D,20150610,000000,175.02,175.7,171.71,173.3,0,0
VTL_MV,D,20150611,000000,173.03,173.03,171.04,172.23,0,0
VTL_MV,D,20150612,000000,174.23,174.23,173.96,173.96,0,0
VTL_MV,D,20150615,000000,173.96,173.96,173.96,173.96,0,0
VTL_MV,D,20150616,000000,175.7,175.7,174.36,175.56,0,0
VTL_MV,D,20150617,000000,176.36,176.36,169.97,173.03,0,0
VTL_MV,D,20150618,000000,173.03,173.03,168.38,173.03,0,0
VTL_MV,D,20150619,000000,174.36,174.36,173.03,173.03,0,0
VTL_MV,D,20150622,000000,172.77,175.02,172.77,174.63,0,0
VTL_MV,D,20150623,000000,174.9,174.9,169.04,173.03,0,0
VTL_MV,D,20150624,000000,169.3,172.91,169.3,172.91,0,0
VTL_MV,D,20150625,000000,172.91,173.03,167.71,173.03,0,0
VTL_MV,D,20150626,000000,173.03,173.03,169.04,170.24,0,0
VTL_MV,D,20150629,000000,167.71,167.71,163.05,166.39,0,0
VTL_MV,D,20150630,000000,160.92,166.39,160.92,165.04,0,0
VTL_MV,D,20150701,000000,163.71,164.91,162.38,164.91,0,0
VTL_MV,D,20150702,000000,163.05,164.78,161.06,164.78,0,0
VTL_MV,D,20150703,000000,161.18,164.65,159.06,164.52,0,0
VTL_MV,D,20150706,000000,164.38,164.38,158.27,163.59,0,0
VTL_MV,D,20150707,000000,163.71,163.71,161.06,163.59,0,0
VTL_MV,D,20150708,000000,163.59,163.59,159.72,162.12,0,0
VTL_MV,D,20150709,000000,163.71,163.71,155.86,159.72,0,0
VTL_MV,D,20150710,000000,163.59,163.59,163.45,163.45,0,0
VTL_MV,D,20150713,000000,162.38,162.38,162.38,162.38,0,0
VTL_MV,D,20150714,000000,160.26,169.04,159.72,165.04,0,0
VTL_MV,D,20150715,000000,169.04,171.57,166.39,170.37,0,0
VTL_MV,D,20150716,000000,173.7,175.3,169.3,172.91,0,0
VTL_MV,D,20150717,000000,169.3,173.7,168.77,173.57,0,0
VTL_MV,D,20150720,000000,173.03,173.43,173.03,173.43,0,0
VTL_MV,D,20150721,000000,173.57,173.57,170.37,172.91,0,0
VTL_MV,D,20150722,000000,171.04,172.63,170.37,172.63,0,0
VTL_MV,D,20150723,000000,172.63,175.02,170.37,174.23,0,0
VTL_MV,D,20150724,000000,174.5,175.96,173.03,175.02,0,0
VTL_MV,D,20150727,000000,175.56,175.56,173.83,174.9,0,0
VTL_MV,D,20150728,000000,174.9,176.49,173.7,173.7,0,0
VTL_MV,D,20150729,000000,177.1,177.1,177.1,177.1,0,0
VTL_MV,D,20150730,000000,174.52,176.97,174.38,176.97,0,0
VTL_MV,D,20150731,000000,176.69,177.1,174.38,177.1,0,0
VTL_MV,D,20150803,000000,177.1,177.1,173.7,173.7,0,0
VTL_MV,D,20150804,000000,176.84,176.84,174.38,175.74,0,0
VTL_MV,D,20150805,000000,164.98,175.74,164.98,175.74,0,0
VTL_MV,D,20150806,000000,175.74,175.74,170.43,175.46,0,0
VTL_MV,D,20150807,000000,175.46,175.46,171.79,174.38,0,0
VTL_MV,D,20150810,000000,175.46,175.46,175.46,175.46,0,0
VTL_MV,D,20150811,000000,171.25,174.38,170.98,174.25,0,0
VTL_MV,D,20150812,000000,174.25,174.25,174.25,174.25,0,0
VTL_MV,D,20150813,000000,175.33,175.33,175.33,175.33,0,0
VTL_MV,D,20150814,000000,174.78,175.33,174.38,175.2,0,0
VTL_MV,D,20150817,000000,174.38,174.38,170.57,174.38,0,0
VTL_MV,D,20150818,000000,170.57,170.57,168.93,170.02,0,0
VTL_MV,D,20150819,000000,170.02,170.3,169.47,170.3,0,0
VTL_MV,D,20150820,000000,171.25,171.38,171.25,171.38,0,0
VTL_MV,D,20150821,000000,171.25,171.25,170.3,170.3,0,0
VTL_MV,D,20150824,000000,166.88,166.88,143.05,157.21,0,0
VTL_MV,D,20150825,000000,155.98,163.07,154.09,154.09,0,0
VTL_MV,D,20150826,000000,157.35,157.35,156.67,156.67,0,0
VTL_MV,D,20150827,000000,156.67,159.4,144.41,144.41,0,0
VTL_MV,D,20150828,000000,149.99,154.62,136.23,136.23,0,0
VTL_MV,D,20150831,000000,149.86,161.3,147.54,158.04,0,0
VTL_MV,D,20150901,000000,161.3,161.3,156.67,159.4,0,0
VTL_MV,D,20150902,000000,159.4,159.4,158.04,159.25,0,0
VTL_MV,D,20150903,000000,161.3,168.79,160.62,168.79,0,0
VTL_MV,D,20150904,000000,168.79,168.79,163.48,166.2,0,0
VTL_MV,D,20150907,000000,169.61,169.61,162.12,166.48,0,0
VTL_MV,D,20150908,000000,167.3,167.3,166.48,167.16,0,0
VTL_MV,D,20150909,000000,163.48,165.8,163.48,165.66,0,0
VTL_MV,D,20150910,000000,164.84,164.84,163.75,164.16,0,0
VTL_MV,D,20150911,000000,163.48,163.48,161.44,163.35,0,0
VTL_MV,D,20150914,000000,163.35,163.35,160.35,160.48,0,0
VTL_MV,D,20150915,000000,160.48,160.48,159.25,159.25,0,0
VTL_MV,D,20150916,000000,160.35,160.35,156.67,160.35,0,0
VTL_MV,D,20150917,000000,160.35,161.71,160.08,160.08,0,0
VTL_MV,D,20150918,000000,160.35,164.16,160.08,164.16,0,0
VTL_MV,D,20150921,000000,164.71,164.71,156.67,160.76,0,0
VTL_MV,D,20150922,000000,161.99,162.53,161.84,161.99,0,0
VTL_MV,D,20150923,000000,161.84,161.84,159.4,161.57,0,0
VTL_MV,D,20150924,000000,162.53,162.53,154.77,158.98,0,0
VTL_MV,D,20150925,000000,159.25,159.25,151.5,151.5,0,0
VTL_MV,D,20150928,000000,151.9,151.9,139.09,140.32,0,0
VTL_MV,D,20150929,000000,141.28,143.05,140.18,141.28,0,0
VTL_MV,D,20150930,000000,146.86,149.72,146.86,149.72,0,0
VTL_MV,D,20151001,000000,151.22,151.22,149.18,149.18,0,0
VTL_MV,D,20151002,000000,147.4,149.86,144.41,149.86,0,0
VTL_MV,D,20151005,000000,150.27,150.27,150.27,150.27,0,0
VTL_MV,D,20151006,000000,149.86,150.95,148.5,150.95,0,0
VTL_MV,D,20151007,000000,148.76,150.95,148.76,150.95,0,0
VTL_MV,D,20151008,000000,150.95,155.03,150.95,155.03,0,0
VTL_MV,D,20151009,000000,156.13,156.13,149.99,153.4,0,0
VTL_MV,D,20151012,000000,156.4,156.4,149.72,155.17,0,0
VTL_MV,D,20151013,000000,156.26,156.26,150.4,152.86,0,0
VTL_MV,D,20151014,000000,151.22,151.22,149.86,150.95,0,0
VTL_MV,D,20151015,000000,152.45,152.45,150.95,151.77,0,0
VTL_MV,D,20151016,000000,150.4,156.13,150.4,155.72,0,0
VTL_MV,D,20151019,000000,155.72,155.72,155.72,155.72,0,0
VTL_MV,D,20151020,000000,152.58,157.21,152.03,157.21,0,0
VTL_MV,D,20151021,000000,152.71,155.45,151.9,153.94,0,0
VTL_MV,D,20151022,000000,153.94,153.94,149.99,149.99,0,0
VTL_MV,D,20151023,000000,149.86,155.17,149.86,152.58,0,0
VTL_MV,D,20151026,000000,153.13,155.03,153.13,155.03,0,0
VTL_MV,D,20151027,000000,154.77,154.77,154.77,154.77,0,0
VTL_MV,D,20151028,000000,154.9,154.9,152.03,153.4,0,0
VTL_MV,D,20151029,000000,154.9,154.9,154.77,154.77,0,0
VTL_MV,D,20151030,000000,153.94,153.94,153.67,153.67,0,0
VTL_MV,D,20151102,000000,153.13,153.26,151.5,153.26,0,0
VTL_MV,D,20151103,000000,153.26,153.26,147.13,150.95,0,0
VTL_MV,D,20151104,000000,147.13,150.54,144.41,145.77,0,0
VTL_MV,D,20151105,000000,149.72,149.72,146.45,149.04,0,0
VTL_MV,D,20151106,000000,146.59,149.45,141.41,147.13,0,0
VTL_MV,D,20151109,000000,143.59,143.73,136.23,138.41,0,0
VTL_MV,D,20151110,000000,143.73,143.73,139.64,143.05,0,0
VTL_MV,D,20151112,000000,143.05,143.05,141.82,141.82,0,0
VTL_MV,D,20151113,000000,143.73,147.13,138.96,138.96,0,0
VTL_MV,D,20151116,000000,136.23,138.96,130.64,138.96,0,0
VTL_MV,D,20151117,000000,138.96,141.55,136.23,138.96,0,0
VTL_MV,D,20151118,000000,141.28,141.28,137.6,139.64,0,0
VTL_MV,D,20151119,000000,138.96,138.96,136.37,136.37,0,0
VTL_MV,D,20151120,000000,137.6,137.6,134.87,137.46,0,0
VTL_MV,D,20151123,000000,136.37,137.33,131.47,136.23,0,0
VTL_MV,D,20151124,000000,132.15,137.18,132.15,134.87,0,0
VTL_MV,D,20151125,000000,136.23,136.23,132.01,134.87,0,0
VTL_MV,D,20151126,000000,137.6,138.96,136.23,138.96,0,0
VTL_MV,D,20151127,000000,138.96,142.23,138.96,142.09,0,0
VTL_MV,D,20151130,000000,141.68,142.09,139.64,142.09,0,0
VTL_MV,D,20151201,000000,140.32,141.96,137.73,141.82,0,0
VTL_MV,D,20151202,000000,136.91,141.55,136.37,141.14,0,0
VTL_MV,D,20151203,000000,141,141.14,140.32,140.32,0,0
VTL_MV,D,20151204,000000,136.5,140.32,133.78,140.32,0,0
VTL_MV,D,20151207,000000,137.33,138.96,136.23,138.96,0,0
VTL_MV,D,20151208,000000,136.23,136.23,134.19,135.97,0,0
VTL_MV,D,20151209,000000,138.96,138.96,138.69,138.69,0,0
VTL_MV,D,20151210,000000,136.23,137.6,132.28,136.1,0,0
VTL_MV,D,20151211,000000,136.1,136.1,125.07,136.1,0,0
VTL_MV,D,20151214,000000,132.83,134.19,124.93,134.19,0,0
VTL_MV,D,20151215,000000,136.23,136.23,132.96,135.42,0,0
VTL_MV,D,20151216,000000,134.74,135.55,128.88,135.42,0,0
VTL_MV,D,20151217,000000,135.42,136.91,135.42,136.23,0,0
VTL_MV,D,20151218,000000,136.78,136.91,136.1,136.23,0,0
VTL_MV,D,20151221,000000,136.23,136.23,134.87,136.1,0,0
VTL_MV,D,20151222,000000,136.23,136.23,134.87,135.97,0,0
VTL_MV,D,20151223,000000,133.51,136.91,132.15,134.87,0,0
VTL_MV,D,20151228,000000,133.51,134.74,126.69,133.51,0,0
VTL_MV,D,20151229,000000,126.84,133.51,126.84,131.74,0,0
VTL_MV,D,20151230,000000,131.74,131.74,131.6,131.6,0,0
VTL_MV,D,20160104,000000,125.61,134.87,125.61,132.7,0,0
VTL_MV,D,20160105,000000,132.7,132.7,132.55,132.7,0,0
VTL_MV,D,20160107,000000,126.69,132.7,126.69,130.79,0,0
VTL_MV,D,20160108,000000,132.42,132.42,128.06,132.15,0,0
VTL_MV,D,20160111,000000,132.42,132.42,126.69,127.65,0,0
VTL_MV,D,20160112,000000,127.65,129.28,127.65,127.65,0,0
VTL_MV,D,20160113,000000,132.28,132.28,128.06,128.74,0,0
VTL_MV,D,20160114,000000,128.06,128.06,122.61,124.93,0,0
VTL_MV,D,20160115,000000,124.93,125.2,124.93,125.07,0,0
VTL_MV,D,20160118,000000,127.79,127.79,120.57,126.43,0,0
VTL_MV,D,20160119,000000,120.57,123.97,120.57,121.12,0,0
VTL_MV,D,20160120,000000,119.21,119.89,110.63,119.75,0,0
VTL_MV,D,20160121,000000,113.75,115.11,111.71,114.3,0,0
VTL_MV,D,20160122,000000,114.43,114.43,111.71,114.03,0,0
VTL_MV,D,20160125,000000,114.16,114.43,114.16,114.3,0,0
VTL_MV,D,20160126,000000,111.71,113.9,111.58,113.35,0,0
VTL_MV,D,20160127,000000,113.62,113.62,113.07,113.07,0,0
VTL_MV,D,20160128,000000,108.99,113.07,108.99,110.35,0,0
VTL_MV,D,20160129,000000,110.35,114.16,109.8,110.35,0,0
VTL_MV,D,20160201,000000,113.75,113.75,106.13,108.99,0,0
VTL_MV,D,20160202,000000,111.44,111.44,108.99,108.99,0,0
VTL_MV,D,20160203,000000,108.99,108.99,107.35,108.99,0,0
VTL_MV,D,20160204,000000,108.99,111.58,108.99,108.99,0,0
VTL_MV,D,20160205,000000,108.99,108.99,108.72,108.99,0,0
VTL_MV,D,20160208,000000,111.58,111.58,106.4,108.72,0,0
VTL_MV,D,20160209,000000,110.21,110.21,110.21,110.21,0,0
VTL_MV,D,20160210,000000,109.53,109.53,108.99,108.99,0,0
VTL_MV,D,20160211,000000,108.99,108.99,107.49,107.63,0,0
VTL_MV,D,20160212,000000,108.85,108.85,106.26,107.76,0,0
VTL_MV,D,20160215,000000,107.89,108.85,107.63,108.85,0,0
VTL_MV,D,20160216,000000,108.85,109.8,108.17,109.8,0,0
VTL_MV,D,20160217,000000,109.8,109.8,108.85,109.8,0,0
VTL_MV,D,20160218,000000,109.8,109.8,107.89,108.44,0,0
VTL_MV,D,20160219,000000,109.8,112.94,108.85,112.94,0,0
VTL_MV,D,20160222,000000,112.94,118.11,110.35,116.89,0,0
VTL_MV,D,20160223,000000,118.25,120.57,117.17,117.7,0,0
VTL_MV,D,20160224,000000,118.38,119.75,118.38,118.66,0,0
VTL_MV,D,20160225,000000,119.75,121.25,118.66,121.25,0,0
VTL_MV,D,20160226,000000,121.38,125.75,121.38,125.2,0,0
VTL_MV,D,20160229,000000,126.01,126.01,122.61,122.61,0,0
VTL_MV,D,20160301,000000,122.61,124.65,122.06,122.06,0,0
VTL_MV,D,20160302,000000,123.84,124.38,121.25,124.25,0,0
VTL_MV,D,20160303,000000,125.61,125.61,120.97,121.52,0,0
VTL_MV,D,20160304,000000,123.16,123.16,121.93,122.34,0,0
VTL_MV,D,20160307,000000,123.16,123.16,122.2,122.34,0,0
VTL_MV,D,20160308,000000,123.02,123.02,122.2,122.2,0,0
VTL_MV,D,20160309,000000,122.61,122.61,121.25,122.48,0,0
VTL_MV,D,20160310,000000,122.48,122.48,120.7,122.34,0,0
VTL_MV,D,20160311,000000,122.48,122.48,120.84,122.06,0,0
VTL_MV,D,20160314,000000,122.48,125.2,122.06,123.97,0,0
VTL_MV,D,20160315,000000,125.2,125.2,122.61,124.11,0,0
VTL_MV,D,20160316,000000,124.25,125.33,124.25,125.2,0,0
VTL_MV,D,20160317,000000,126.29,126.29,123.97,125.88,0,0
VTL_MV,D,20160318,000000,126.29,133.51,125.88,132.96,0,0
VTL_MV,D,20160321,000000,133.1,134.87,132.15,132.15,0,0
VTL_MV,D,20160322,000000,132.7,132.83,130.79,132.28,0,0
VTL_MV,D,20160323,000000,132.28,132.28,127.38,127.38,0,0
VTL_MV,D,20160324,000000,127.38,129.83,123.43,129.83,0,0
VTL_MV,D,20160329,000000,129.83,129.83,127.38,128.74,0,0
VTL_MV,D,20160330,000000,128.74,131.87,128.6,131.87,0,0
VTL_MV,D,20160331,000000,131.74,132.15,126.84,132.15,0,0
VTL_MV,D,20160401,000000,132.15,137.33,132.15,136.23,0,0
VTL_MV,D,20160404,000000,137.6,138.55,137.46,138.28,0,0
VTL_MV,D,20160405,000000,138.28,138.82,138.28,138.82,0,0
VTL_MV,D,20160406,000000,138.69,141.28,138.28,141.28,0,0
VTL_MV,D,20160407,000000,148.5,148.5,143.05,145.09,0,0
VTL_MV,D,20160408,000000,145.5,145.5,140.18,140.32,0,0
VTL_MV,D,20160411,000000,138.82,142.23,137.73,142.23,0,0
VTL_MV,D,20160412,000000,140.46,144.13,140.46,144.13,0,0
VTL_MV,D,20160413,000000,144.13,144.68,142.23,142.36,0,0
VTL_MV,D,20160414,000000,143.87,143.87,138.96,142.77,0,0
VTL_MV,D,20160415,000000,143.32,143.32,140.32,140.32,0,0
VTL_MV,D,20160418,000000,141.55,141.55,141.55,141.55,0,0
VTL_MV,D,20160419,000000,141.55,142.36,137.46,142.36,0,0
VTL_MV,D,20160420,000000,142.36,143.73,141.96,143.73,0,0
VTL_MV,D,20160421,000000,143.73,143.73,139.77,139.77,0,0
VTL_MV,D,20160422,000000,141.68,141.68,141.41,141.41,0,0
VTL_MV,D,20160425,000000,141.28,141.28,135.42,136.65,0,0
VTL_MV,D,20160426,000000,138.41,138.41,134.59,136.23,0,0
VTL_MV,D,20160427,000000,136.23,136.23,134.87,134.87,0,0
VTL_MV,D,20160428,000000,136.1,137.6,135.42,135.42,0,0
VTL_MV,D,20160429,000000,137.46,137.46,136.23,137.33,0,0
VTL_MV,D,20160502,000000,137.18,137.33,137.18,137.33,0,0
VTL_MV,D,20160504,000000,136.1,137.33,131.06,137.05,0,0
VTL_MV,D,20160505,000000,137.05,137.05,137.05,137.05,0,0
VTL_MV,D,20160506,000000,134.87,136.91,134.87,136.23,0,0
VTL_MV,D,20160509,000000,136.91,136.91,136.23,136.23,0,0
VTL_MV,D,20160510,000000,136.23,136.91,136.23,136.23,0,0
VTL_MV,D,20160511,000000,136.5,136.5,132.83,136.23,0,0
VTL_MV,D,20160512,000000,136.5,136.5,136.23,136.23,0,0
VTL_MV,D,20160513,000000,136.5,136.5,136.23,136.5,0,0
VTL_MV,D,20160516,000000,136.5,136.5,135.55,136.37,0,0
VTL_MV,D,20160517,000000,136.37,138.96,136.37,136.37,0,0
VTL_MV,D,20160518,000000,137.46,137.46,132.55,136.23,0,0
VTL_MV,D,20160519,000000,136.23,136.23,132.42,136.1,0,0
VTL_MV,D,20160520,000000,136.1,136.1,133.38,134.87,0,0
VTL_MV,D,20160523,000000,133.65,134.87,133.65,134.87,0,0
VTL_MV,D,20160524,000000,134.59,137.18,133.51,136.91,0,0
VTL_MV,D,20160525,000000,136.91,136.91,132.7,136.5,0,0
VTL_MV,D,20160527,000000,136.91,136.91,134.87,134.87,0,0
VTL_MV,D,20160530,000000,134.87,134.87,134.87,134.87,0,0
VTL_MV,D,20160531,000000,134.87,134.87,132.7,134.87,0,0
VTL_MV,D,20160601,000000,134.87,134.87,124.11,132.15,0,0
VTL_MV,D,20160602,000000,132.15,132.15,132.15,132.15,0,0
VTL_MV,D,20160603,000000,128.88,132.15,128.88,132.01,0,0
VTL_MV,D,20160606,000000,132.01,132.01,131.74,132.01,0,0
VTL_MV,D,20160607,000000,132.01,132.15,129.43,129.43,0,0
VTL_MV,D,20160608,000000,132.83,132.83,130.79,132.83,0,0
VTL_MV,D,20160609,000000,132.83,132.83,132.83,132.83,0,0
VTL_MV,D,20160610,000000,129.43,131.19,129.43,130.51,0,0
VTL_MV,D,20160613,000000,129.56,130.38,126.84,130.24,0,0
VTL_MV,D,20160614,000000,129.28,129.28,117.3,117.3,0,0
VTL_MV,D,20160615,000000,118.53,124.52,118.53,121.25,0,0
VTL_MV,D,20160616,000000,124.52,124.52,120.16,122.88,0,0
VTL_MV,D,20160617,000000,122.88,123.84,122.88,122.88,0,0
VTL_MV,D,20160620,000000,122.88,122.88,117.7,120.43,0,0
VTL_MV,D,20160621,000000,122.48,122.48,120.43,121.8,0,0
VTL_MV,D,20160622,000000,122.48,123.43,120.84,123.29,0,0
VTL_MV,D,20160623,000000,124.25,125.07,124.25,125.07,0,0
VTL_MV,D,20160624,000000,112.67,122.48,112.67,119.21,0,0
VTL_MV,D,20160627,000000,122.34,122.34,117.17,121.25,0,0
VTL_MV,D,20160628,000000,122.34,122.34,121.25,121.25,0,0
VTL_MV,D,20160629,000000,121.52,122.34,118.53,122.34,0,0
VTL_MV,D,20160630,000000,122.34,122.34,119.89,122.34,0,0
VTL_MV,D,20160701,000000,118.53,122.34,118.53,122.34,0,0
VTL_MV,D,20160704,000000,118.66,121.25,118.66,121.25,0,0
VTL_MV,D,20160705,000000,122.34,122.34,122.34,122.34,0,0
VTL_MV,D,20160706,000000,122.34,128.33,122.34,126.56,0,0
VTL_MV,D,20160707,000000,127.11,131.87,127.11,131.87,0,0
VTL_MV,D,20160708,000000,131.87,131.87,127.92,131.74,0,0
VTL_MV,D,20160711,000000,131.74,133.23,131.74,133.23,0,0
VTL_MV,D,20160712,000000,133.23,135.01,129.83,132.42,0,0
VTL_MV,D,20160713,000000,133.38,133.38,132.15,132.7,0,0
VTL_MV,D,20160714,000000,132.15,132.15,131.47,132.01,0,0
VTL_MV,D,20160715,000000,132.01,132.01,131.87,131.87,0,0
VTL_MV,D,20160718,000000,131.87,134.74,131.87,133.65,0,0
VTL_MV,D,20160719,000000,133.65,133.65,133.38,133.51,0,0
VTL_MV,D,20160720,000000,134.33,134.46,132.15,133.78,0,0
VTL_MV,D,20160721,000000,134.46,134.74,132.83,133.38,0,0
VTL_MV,D,20160722,000000,134.74,134.74,132.42,133.38,0,0
VTL_MV,D,20160725,000000,133.38,134.74,131.47,133.65,0,0
VTL_MV,D,20160726,000000,134.74,134.74,132.15,133.1,0,0
VTL_MV,D,20160727,000000,133.1,134.19,131.47,132.01,0,0
VTL_MV,D,20160728,000000,136.84,136.84,133.43,133.43,0,0
VTL_MV,D,20160729,000000,131.44,133.29,129.31,132.3,0,0
VTL_MV,D,20160801,000000,134.85,134.85,132.15,132.15,0,0
VTL_MV,D,20160802,000000,132.15,132.15,130.87,131.44,0,0
VTL_MV,D,20160803,000000,134.28,134.28,130.16,133.72,0,0
VTL_MV,D,20160804,000000,132.44,132.44,132.15,132.15,0,0
VTL_MV,D,20160805,000000,132.15,132.15,130.16,131.87,0,0
VTL_MV,D,20160808,000000,131.73,131.73,129.88,130.73,0,0
VTL_MV,D,20160809,000000,130.59,135.42,130.59,135,0,0
VTL_MV,D,20160810,000000,135.85,137.13,133.57,133.57,0,0
VTL_MV,D,20160811,000000,135.99,135.99,133.57,135.14,0,0
VTL_MV,D,20160812,000000,135.14,135.14,132.3,134.85,0,0
VTL_MV,D,20160816,000000,134.71,135.14,134.71,134.85,0,0
VTL_MV,D,20160817,000000,133.72,134.43,131.44,132.86,0,0
VTL_MV,D,20160818,000000,133.01,133.01,130.73,132.86,0,0
VTL_MV,D,20160819,000000,130.73,132.86,128.17,128.17,0,0
VTL_MV,D,20160822,000000,128.46,131.73,128.46,131.44,0,0
VTL_MV,D,20160823,000000,131.44,131.44,127.89,131.44,0,0
VTL_MV,D,20160824,000000,131.3,131.3,131.16,131.3,0,0
VTL_MV,D,20160825,000000,131.3,131.3,129.31,131.3,0,0
VTL_MV,D,20160826,000000,131.3,133.57,129.31,133.57,0,0
VTL_MV,D,20160829,000000,133.43,133.43,129.45,133.29,0,0
VTL_MV,D,20160830,000000,133.43,133.43,132.15,133.43,0,0
VTL_MV,D,20160831,000000,133.29,139.26,133.29,138.83,0,0
VTL_MV,D,20160901,000000,139.12,142.1,138.83,140.54,0,0
VTL_MV,D,20160902,000000,140.96,140.96,137.84,139.83,0,0
VTL_MV,D,20160905,000000,140.68,140.68,136.27,139.26,0,0
VTL_MV,D,20160906,000000,139.26,139.26,137.13,138.69,0,0
VTL_MV,D,20160907,000000,137.98,140.39,137.69,139.83,0,0
VTL_MV,D,20160908,000000,140.25,140.25,137.84,139.83,0,0
VTL_MV,D,20160909,000000,139.83,139.83,137.13,137.69,0,0
VTL_MV,D,20160912,000000,137.13,137.69,129.88,134.71,0,0
VTL_MV,D,20160913,000000,134.71,137.55,133.86,137.55,0,0
VTL_MV,D,20160914,000000,135,136.42,135,135.71,0,0
VTL_MV,D,20160915,000000,135.71,137.41,135.71,137.41,0,0
VTL_MV,D,20160916,000000,133.72,137.27,133.72,137.27,0,0
VTL_MV,D,20160919,000000,137.13,137.13,132.3,137.13,0,0
VTL_MV,D,20160920,000000,136.13,136.42,135.71,136.42,0,0
VTL_MV,D,20160921,000000,136.42,137.13,136.42,137.13,0,0
VTL_MV,D,20160922,000000,136.84,139.54,135.71,139.26,0,0
VTL_MV,D,20160923,000000,139.26,139.4,137.27,139.12,0,0
VTL_MV,D,20160926,000000,139.26,139.26,131.73,133.57,0,0
VTL_MV,D,20160927,000000,136.7,136.7,131.73,133.57,0,0
VTL_MV,D,20160928,000000,133.57,139.26,133.57,137.27,0,0
VTL_MV,D,20160929,000000,137.13,137.13,132.58,137.13,0,0
VTL_MV,D,20160930,000000,136.98,136.98,135,136.98,0,0
VTL_MV,D,20161003,000000,136.98,137.27,135.56,137.27,0,0
VTL_MV,D,20161004,000000,137.27,139.12,137.27,138.83,0,0
VTL_MV,D,20161005,000000,138.55,138.55,135.99,137.13,0,0
VTL_MV,D,20161006,000000,137.13,138.55,136.42,138.55,0,0
VTL_MV,D,20161007,000000,138.55,138.55,138.26,138.26,0,0
VTL_MV,D,20161010,000000,138.12,138.26,137.69,138.26,0,0
VTL_MV,D,20161011,000000,138.26,138.26,137.69,137.98,0,0
VTL_MV,D,20161012,000000,137.69,137.69,135,136.13,0,0
VTL_MV,D,20161013,000000,135.28,136.13,135,136.13,0,0
VTL_MV,D,20161014,000000,135,137.84,135,137.84,0,0
VTL_MV,D,20161017,000000,134.14,137.84,134.14,136.42,0,0
VTL_MV,D,20161018,000000,137.84,137.84,136.42,136.42,0,0
VTL_MV,D,20161019,000000,136.42,136.42,136.27,136.27,0,0
VTL_MV,D,20161020,000000,136.27,136.27,133.57,136.27,0,0
VTL_MV,D,20161021,000000,135.99,135.99,135.99,135.99,0,0
VTL_MV,D,20161024,000000,135.71,135.99,132.86,135.71,0,0
VTL_MV,D,20161025,000000,135.99,135.99,134.57,134.57,0,0
VTL_MV,D,20161026,000000,133.57,135.71,133.57,135.71,0,0
VTL_MV,D,20161027,000000,135,138.12,135,137.98,0,0
VTL_MV,D,20161028,000000,138.26,145.08,138.26,145.08,0,0
VTL_MV,D,20161031,000000,144.94,145.37,142.1,144.94,0,0
VTL_MV,D,20161102,000000,141.53,144.52,139.26,143.52,0,0
VTL_MV,D,20161103,000000,143.38,143.38,140.68,141.39,0,0
VTL_MV,D,20161104,000000,141.96,147.07,139.26,146.79,0,0
VTL_MV,D,20161107,000000,145.65,148.35,143.24,146.65,0,0
VTL_MV,D,20161108,000000,146.36,146.51,143.52,145.51,0,0
VTL_MV,D,20161109,000000,142.1,145.51,142.1,144.37,0,0
VTL_MV,D,20161110,000000,144.37,147.36,144.37,146.51,0,0
VTL_MV,D,20161114,000000,142.24,146.22,137.84,142.1,0,0
VTL_MV,D,20161115,000000,142.1,144.52,142.1,143.95,0,0
VTL_MV,D,20161116,000000,140.68,142.81,140.54,140.68,0,0
VTL_MV,D,20161117,000000,138.83,141.96,138.69,141.39,0,0
VTL_MV,D,20161118,000000,139.97,142.1,137.84,139.68,0,0
VTL_MV,D,20161121,000000,139.26,141.67,137.84,141.53,0,0
VTL_MV,D,20161122,000000,138.12,141.39,137.84,137.84,0,0
VTL_MV,D,20161123,000000,137.84,140.68,137.84,140.54,0,0
VTL_MV,D,20161124,000000,140.54,142.1,140.54,140.68,0,0
VTL_MV,D,20161125,000000,135,139.26,133.57,133.57,0,0
VTL_MV,D,20161128,000000,132.86,136.84,125.05,126.47,0,0
VTL_MV,D,20161129,000000,126.75,129.31,126.75,128.6,0,0
VTL_MV,D,20161130,000000,133.15,133.15,128.74,131.44,0,0
VTL_MV,D,20161201,000000,132.15,132.15,129.88,131.44,0,0
VTL_MV,D,20161202,000000,131.44,131.44,129.74,129.74,0,0
VTL_MV,D,20161205,000000,126.47,129.6,117.94,122.21,0,0
VTL_MV,D,20161206,000000,122.21,122.21,120.07,120.07,0,0
VTL_MV,D,20161207,000000,120.79,126.18,119.36,125.05,0,0
VTL_MV,D,20161208,000000,125.05,125.05,122.21,124.91,0,0
VTL_MV,D,20161209,000000,122.63,125.62,122.21,124.76,0,0
VTL_MV,D,20161212,000000,122.21,123.48,121.78,123.48,0,0
VTL_MV,D,20161213,000000,122.92,123.48,121.78,121.78,0,0
VTL_MV,D,20161214,000000,122.21,122.21,120.93,122.06,0,0
VTL_MV,D,20161215,000000,122.06,123.63,122.06,123.63,0,0
VTL_MV,D,20161216,000000,122.21,124.76,121.21,124.76,0,0
VTL_MV,D,20161219,000000,121.35,124.62,121.21,122.92,0,0
VTL_MV,D,20161220,000000,124.48,124.48,120.79,120.79,0,0
VTL_MV,D,20161221,000000,120.79,122.77,120.07,122.06,0,0
VTL_MV,D,20161222,000000,122.06,122.06,119.36,121.64,0,0
VTL_MV,D,20161223,000000,121.64,121.64,120.07,120.07,0,0
VTL_MV,D,20161227,000000,120.07,121.64,120.07,120.79,0,0
VTL_MV,D,20161228,000000,120.5,120.79,118.09,119.51,0,0
VTL_MV,D,20161229,000000,119.65,121.21,118.23,119.36,0,0
VTL_MV,D,20161230,000000,120.79,120.79,118.51,119.22,0,0
VTL_MV,D,20170102,000000,123.48,123.48,119.36,122.21,0,0
VTL_MV,D,20170103,000000,122.06,125.05,121.64,121.64,0,0
VTL_MV,D,20170104,000000,124.34,124.34,122.21,123.91,0,0
VTL_MV,D,20170105,000000,123.91,123.91,123.34,123.34,0,0
VTL_MV,D,20170109,000000,123.34,123.77,123.34,123.48,0,0
VTL_MV,D,20170110,000000,122.21,125.05,122.21,124.91,0,0
VTL_MV,D,20170111,000000,124.91,126.04,123.63,125.76,0,0
VTL_MV,D,20170112,000000,127.61,129.45,126.9,129.45,0,0
VTL_MV,D,20170113,000000,130.73,132.15,128.17,130.59,0,0
VTL_MV,D,20170116,000000,131.73,131.73,130.59,131.44,0,0
VTL_MV,D,20170117,000000,131.44,131.58,130.73,131.58,0,0
VTL_MV,D,20170118,000000,129.31,132.15,129.31,131.73,0,0
VTL_MV,D,20170119,000000,131.73,132.15,129.45,129.45,0,0
VTL_MV,D,20170120,000000,130.02,130.31,127.89,127.89,0,0
VTL_MV,D,20170123,000000,128.03,129.6,125.05,127.89,0,0
VTL_MV,D,20170124,000000,129.45,129.45,127.61,127.61,0,0
VTL_MV,D,20170125,000000,126.61,127.61,123.77,127.46,0,0
VTL_MV,D,20170126,000000,127.61,127.89,127.61,127.89,0,0
VTL_MV,D,20170127,000000,125.62,127.75,125.62,126.47,0,0
VTL_MV,D,20170130,000000,127.61,127.61,127.18,127.18,0,0
VTL_MV,D,20170131,000000,125.33,127.61,122.06,126.33,0,0
VTL_MV,D,20170201,000000,127.46,127.46,125.76,127.32,0,0
VTL_MV,D,20170202,000000,127.18,127.18,126.75,126.75,0,0
VTL_MV,D,20170203,000000,126.75,126.75,125.05,125.76,0,0
VTL_MV,D,20170206,000000,126.75,127.75,126.47,126.47,0,0
VTL_MV,D,20170207,000000,126.33,126.33,125.76,125.76,0,0
VTL_MV,D,20170208,000000,126.18,126.18,125.05,125.05,0,0
VTL_MV,D,20170209,000000,125.05,127.89,125.05,127.46,0,0
VTL_MV,D,20170210,000000,127.46,127.46,123.63,123.91,0,0
VTL_MV,D,20170213,000000,125.9,125.9,122.21,122.21,0,0
VTL_MV,D,20170214,000000,122.21,122.21,120.22,120.79,0,0
VTL_MV,D,20170215,000000,120.79,120.79,118.65,118.65,0,0
VTL_MV,D,20170216,000000,118.51,120.64,117.23,118.8,0,0
VTL_MV,D,20170217,000000,119.36,119.65,116.24,118.23,0,0
VTL_MV,D,20170220,000000,118.37,118.37,116.95,117.23,0,0
VTL_MV,D,20170221,000000,117.23,120.79,117.23,120.36,0,0
VTL_MV,D,20170222,000000,120.64,125.05,120.64,124.91,0,0
VTL_MV,D,20170223,000000,125.05,125.47,122.21,123.06,0,0
VTL_MV,D,20170224,000000,121.5,123.34,121.5,123.2,0,0
VTL_MV,D,20170227,000000,123.48,124.2,121.5,124.2,0,0
VTL_MV,D,20170228,000000,124.05,124.05,120.79,122.49,0,0
VTL_MV,D,20170301,000000,122.21,123.34,120.93,123.34,0,0
VTL_MV,D,20170302,000000,123.34,123.34,122.21,122.21,0,0
VTL_MV,D,20170303,000000,122.21,122.21,121.64,122.21,0,0
VTL_MV,D,20170306,000000,122.21,122.21,121.07,121.78,0,0
VTL_MV,D,20170307,000000,122.21,122.63,121.07,122.63,0,0
VTL_MV,D,20170308,000000,122.63,122.63,121.07,122.06,0,0
VTL_MV,D,20170309,000000,121.5,122.06,120.79,122.06,0,0
VTL_MV,D,20170310,000000,120.79,121.5,120.5,120.64,0,0
VTL_MV,D,20170313,000000,120.93,120.93,118.65,119.65,0,0
VTL_MV,D,20170314,000000,118.37,120.64,118.37,118.94,0,0
VTL_MV,D,20170315,000000,120.07,120.07,119.08,119.08,0,0
VTL_MV,D,20170316,000000,119.08,119.36,118.65,119.36,0,0
VTL_MV,D,20170317,000000,119.36,120.64,119.36,120.64,0,0
VTL_MV,D,20170320,000000,119.51,120.64,119.51,120.5,0,0
VTL_MV,D,20170321,000000,120.5,122.21,118.23,118.23,0,0
VTL_MV,D,20170322,000000,120.79,122.06,120.79,121.5,0,0
VTL_MV,D,20170323,000000,121.78,122.21,121.78,121.92,0,0
VTL_MV,D,20170324,000000,122.63,122.63,119.36,122.21,0,0
VTL_MV,D,20170327,000000,120.79,121.92,120.22,120.22,0,0
VTL_MV,D,20170328,000000,119.79,120.64,119.79,120.22,0,0
VTL_MV,D,20170329,000000,119.36,120.5,118.8,120.5,0,0
VTL_MV,D,20170330,000000,120.36,120.36,120.36,120.36,0,0
VTL_MV,D,20170331,000000,120.36,120.36,120.22,120.22,0,0
VTL_MV,D,20170403,000000,119.08,119.08,107.71,107.71,0,0
VTL_MV,D,20170404,000000,108,108,105.15,106.58,0,0
VTL_MV,D,20170405,000000,106.72,107.29,104.87,105.15,0,0
VTL_MV,D,20170406,000000,107.71,107.71,104.87,106.29,0,0
VTL_MV,D,20170407,000000,107.29,107.29,106.29,107.14,0,0
VTL_MV,D,20170410,000000,107.43,107.43,106.01,106.58,0,0
VTL_MV,D,20170411,000000,107.14,107.14,105.15,105.15,0,0
VTL_MV,D,20170412,000000,105.72,105.72,103.73,104.44,0,0
VTL_MV,D,20170413,000000,104.44,105.86,104.44,105.86,0,0
VTL_MV,D,20170418,000000,105.15,107.43,105.15,107.14,0,0
VTL_MV,D,20170419,000000,107.29,107.29,105.86,107.14,0,0
VTL_MV,D,20170420,000000,107.14,107.14,104.44,107,0,0
VTL_MV,D,20170421,000000,107.14,107.14,104.44,106.86,0,0
VTL_MV,D,20170424,000000,104.87,106.58,103.73,105.01,0,0
VTL_MV,D,20170425,000000,104.87,105.72,104.44,105.58,0,0
VTL_MV,D,20170426,000000,105.15,105.72,103.88,104.44,0,0
VTL_MV,D,20170427,000000,105.15,105.15,104.16,104.73,0,0
VTL_MV,D,20170428,000000,104.87,105.15,103.73,105.15,0,0
VTL_MV,D,20170502,000000,105.15,105.15,102.31,102.31,0,0
VTL_MV,D,20170504,000000,103.59,103.59,96.77,101.6,0,0
VTL_MV,D,20170505,000000,102.31,102.31,101.32,101.32,0,0
VTL_MV,D,20170508,000000,102.88,103.02,97.34,100.32,0,0
VTL_MV,D,20170509,000000,99.33,100.18,96.91,100.04,0,0
VTL_MV,D,20170510,000000,98.9,99.47,97.91,99.47,0,0
VTL_MV,D,20170511,000000,98.05,99.47,97.48,99.33,0,0
VTL_MV,D,20170512,000000,99.33,99.33,96.63,96.63,0,0
VTL_MV,D,20170515,000000,95.92,96.63,94.64,95.92,0,0
VTL_MV,D,20170516,000000,95.92,96.49,94.92,94.92,0,0
VTL_MV,D,20170517,000000,95.35,96.49,94.64,96.49,0,0
VTL_MV,D,20170518,000000,96.49,96.49,88.81,95.78,0,0
VTL_MV,D,20170519,000000,95.78,95.78,89.95,91.8,0,0
VTL_MV,D,20170522,000000,91.51,91.51,89.1,91.37,0,0
VTL_MV,D,20170523,000000,90.38,92.08,90.38,92.08,0,0
VTL_MV,D,20170524,000000,90.94,90.94,89.81,89.81,0,0
VTL_MV,D,20170525,000000,89.52,90.94,88.67,89.95,0,0
VTL_MV,D,20170526,000000,89.38,89.38,88.81,89.24,0,0
VTL_MV,D,20170529,000000,88.81,90.8,88.67,88.67,0,0
VTL_MV,D,20170530,000000,90.66,90.94,90.66,90.94,0,0
VTL_MV,D,20170531,000000,90.94,96.49,90.94,93.08,0,0
VTL_MV,D,20170601,000000,96.2,96.2,95.21,95.92,0,0
VTL_MV,D,20170602,000000,96.2,97.91,95.49,97.2,0,0
VTL_MV,D,20170605,000000,97.62,97.62,92.65,94.78,0,0
VTL_MV,D,20170606,000000,92.79,96.2,92.37,95.63,0,0
VTL_MV,D,20170607,000000,93.79,95.63,93.79,95.63,0,0
VTL_MV,D,20170608,000000,94.5,94.5,94.5,94.5,0,0
VTL_MV,D,20170609,000000,94.07,95.63,94.07,94.07,0,0
VTL_MV,D,20170612,000000,95.63,95.63,89.52,95.21,0,0
VTL_MV,D,20170613,000000,95.06,95.06,94.64,94.78,0,0
VTL_MV,D,20170614,000000,94.5,94.64,90.23,94.5,0,0
VTL_MV,D,20170616,000000,94.35,94.35,94.35,94.35,0,0
VTL_MV,D,20170619,000000,94.35,94.35,94.35,94.35,0,0
VTL_MV,D,20170620,000000,92.37,94.21,92.37,94.21,0,0
VTL_MV,D,20170621,000000,94.21,94.21,94.21,94.21,0,0
VTL_MV,D,20170622,000000,92.93,94.21,92.93,94.21,0,0
VTL_MV,D,20170623,000000,93.08,94.21,92.37,93.08,0,0
VTL_MV,D,20170626,000000,94.07,94.07,92.22,93.93,0,0
VTL_MV,D,20170627,000000,91.65,93.93,90.8,90.8,0,0
VTL_MV,D,20170628,000000,93.79,93.79,88.53,89.38,0,0
VTL_MV,D,20170629,000000,89.24,92.93,87.82,92.93,0,0
VTL_MV,D,20170630,000000,92.93,92.93,92.22,92.22,0,0
VTL_MV,D,20170703,000000,91.94,92.79,91.94,92.22,0,0
VTL_MV,D,20170704,000000,92.22,92.22,89.1,91.23,0,0
VTL_MV,D,20170705,000000,91.65,91.65,88.81,90.66,0,0
VTL_MV,D,20170706,000000,90.23,90.52,89.38,90.52,0,0
VTL_MV,D,20170707,000000,90.52,90.66,89.1,90.52,0,0
VTL_MV,D,20170710,000000,90.66,90.66,89.24,90.23,0,0
VTL_MV,D,20170711,000000,90.66,90.66,88.95,90.38,0,0
VTL_MV,D,20170712,000000,90.23,90.23,88.1,89.38,0,0
VTL_MV,D,20170713,000000,89.52,90.09,89.52,89.67,0,0
VTL_MV,D,20170714,000000,90.09,90.09,88.39,89.24,0,0
VTL_MV,D,20170717,000000,88.67,89.24,88.67,89.24,0,0
VTL_MV,D,20170718,000000,88.81,90.8,88.81,90.23,0,0
VTL_MV,D,20170719,000000,91.65,91.65,90.94,91.65,0,0
VTL_MV,D,20170720,000000,89.67,90.8,89.24,90.38,0,0
VTL_MV,D,20170721,000000,90.23,90.38,88.67,89.52,0,0
VTL_MV,D,20170724,000000,89.67,89.81,88.81,89.24,0,0
VTL_MV,D,20170725,000000,89.81,89.81,88.24,88.39,0,0
VTL_MV,D,20170726,000000,89.52,89.52,87.82,88.81,0,0
VTL_MV,D,20170727,000000,89.24,89.24,87.25,87.25,0,0
VTL_MV,D,20170728,000000,89.24,89.24,86.68,87.11,0,0
VTL_MV,D,20170731,000000,88.1,88.1,86.97,86.97,0,0
VTL_MV,D,20170801,000000,86.97,87.68,85.97,87.68,0,0
VTL_MV,D,20170802,000000,86.97,87.39,85.69,86.25,0,0
VTL_MV,D,20170803,000000,85.97,86.4,85.97,86.4,0,0
VTL_MV,D,20170804,000000,86.25,86.4,85.97,86.25,0,0
VTL_MV,D,20170807,000000,86.4,86.97,85.97,86.97,0,0
VTL_MV,D,20170808,000000,86.82,86.97,86.68,86.68,0,0
VTL_MV,D,20170809,000000,86.82,86.97,85.54,86.97,0,0
VTL_MV,D,20170810,000000,86.97,86.97,85.26,86.4,0,0
VTL_MV,D,20170811,000000,86.68,86.68,83.84,84.98,0,0
VTL_MV,D,20170814,000000,86.4,86.82,85.26,86.82,0,0
VTL_MV,D,20170816,000000,85.4,86.68,84.83,86.68,0,0
VTL_MV,D,20170817,000000,85.97,85.97,84.98,85.97,0,0
VTL_MV,D,20170818,000000,85.97,85.97,84.41,85.83,0,0
VTL_MV,D,20170821,000000,86.25,86.25,86.25,86.25,0,0
VTL_MV,D,20170822,000000,85.26,85.83,85.26,85.83,0,0
VTL_MV,D,20170823,000000,86.4,86.4,84.12,84.83,0,0
VTL_MV,D,20170824,000000,85.54,85.54,85.26,85.26,0,0
VTL_MV,D,20170825,000000,84.55,85.26,83.98,84.55,0,0
VTL_MV,D,20170828,000000,84.98,84.98,83.13,83.84,0,0
VTL_MV,D,20170829,000000,84.69,85.12,83.13,84.83,0,0
VTL_MV,D,20170830,000000,84.83,84.83,84.69,84.69,0,0
VTL_MV,D,20170831,000000,82.7,85.26,82.7,83.84,0,0
VTL_MV,D,20170901,000000,85.26,85.26,82.56,83.13,0,0
VTL_MV,D,20170904,000000,83.13,85.26,81.14,81.71,0,0
VTL_MV,D,20170905,000000,82.84,82.84,80.29,81.71,0,0
VTL_MV,D,20170906,000000,81.28,81.71,80.85,80.85,0,0
VTL_MV,D,20170907,000000,81.14,81.14,76.59,78.01,0,0
VTL_MV,D,20170908,000000,76.73,77.02,71.76,72.47,0,0
VTL_MV,D,20170912,000000,39.79,40.64,38.37,39.79,0,0
VTL_MV,D,20170913,000000,39.36,39.36,28.42,28.42,0,0
VTL_MV,D,20170914,000000,26.29,28.42,23.73,23.87,0,0
VTL_MV,D,20170915,000000,23.87,24.01,19.47,22.03,0,0
VTL_MV,D,20170918,000000,22.74,24.58,21.74,21.74,0,0
VTL_MV,D,20170919,000000,22.03,23.16,20.89,22.03,0,0
VTL_MV,D,20170920,000000,22.45,27.71,22.03,25.15,0,0
VTL_MV,D,20170921,000000,25.29,25.86,23.45,23.45,0,0
VTL_MV,D,20170922,000000,23.45,23.87,22.74,23.59,0,0
VTL_MV,D,20170925,000000,23.59,23.59,22.03,23.16,0,0
VTL_MV,D,20170926,000000,22.74,23.16,21.74,22.03,0,0
VTL_MV,D,20170927,000000,21.46,24.73,21.46,23.59,0,0
VTL_MV,D,20170928,000000,23.59,23.59,23.59,23.59,0,0
VTL_MV,D,20170929,000000,19.89,19.89,19.89,19.89,0,0
VTL_MV,D,20171002,000000,18.9,20.75,18.9,19.89,0,0
VTL_MV,D,20171003,000000,18.9,21.03,18.9,20.04,0,0
VTL_MV,D,20171004,000000,18.76,19.61,18.19,18.47,0,0
VTL_MV,D,20171005,000000,17.05,17.05,13.07,13.78,0,0
VTL_MV,D,20171006,000000,14.21,14.92,14.21,14.49,0,0
VTL_MV,D,20171009,000000,14.49,14.64,13.78,14.21,0,0
VTL_MV,D,20171010,000000,14.35,14.49,13.22,13.36,0,0
VTL_MV,D,20171011,000000,13.22,13.64,12.65,13.36,0,0
VTL_MV,D,20171012,000000,13.36,13.78,13.07,13.5,0,0
VTL_MV,D,20171013,000000,13.5,16.77,13.5,15.63,0,0
VTL_MV,D,20171016,000000,15.63,16.48,14.21,14.49,0,0
VTL_MV,D,20171017,000000,14.92,16.2,13.93,14.21,0,0
VTL_MV,D,20171018,000000,14.21,14.21,11.65,13.36,0,0
VTL_MV,D,20171019,000000,13.22,13.5,12.65,13.5,0,0
VTL_MV,D,20171020,000000,13.36,13.36,12.08,12.5,0,0
VTL_MV,D,20171023,000000,12.79,12.79,11.51,12.36,0,0
VTL_MV,D,20171024,000000,11.94,12.08,11.94,12.08,0,0
VTL_MV,D,20171025,000000,11.51,12.08,10.66,11.79,0,0
VTL_MV,D,20171026,000000,11.51,12.5,10.94,12.36,0,0
VTL_MV,D,20171027,000000,12.36,14.21,12.08,12.79,0,0
VTL_MV,D,20171030,000000,12.93,13.07,12.65,13.07,0,0
VTL_MV,D,20171031,000000,13.22,14.07,13.07,13.78,0,0
VTL_MV,D,20171102,000000,13.78,14.64,13.07,14.07,0,0
VTL_MV,D,20171103,000000,14.07,14.07,12.65,12.65,0,0
VTL_MV,D,20171106,000000,12.65,12.65,12.22,12.65,0,0
VTL_MV,D,20171107,000000,12.5,13.36,12.08,12.79,0,0
VTL_MV,D,20171108,000000,12.79,13.07,12.65,12.79,0,0
VTL_MV,D,20171109,000000,12.79,12.79,11.79,12.5,0,0
VTL_MV,D,20171110,000000,12.5,12.5,11.65,12.08,0,0
VTL_MV,D,20171113,000000,12.36,14.35,11.79,14.07,0,0
VTL_MV,D,20171114,000000,14.21,14.64,12.93,13.36,0,0
VTL_MV,D,20171115,000000,13.36,13.36,12.5,13.07,0,0
VTL_MV,D,20171116,000000,13.22,13.22,12.93,12.93,0,0
VTL_MV,D,20171117,000000,12.93,12.93,12.79,12.93,0,0
VTL_MV,D,20171120,000000,12.79,14.21,11.51,12.08,0,0
VTL_MV,D,20171121,000000,12.08,12.22,11.08,11.23,0,0
VTL_MV,D,20171122,000000,11.08,11.51,11.08,11.37,0,0
VTL_MV,D,20171123,000000,11.37,11.79,10.8,11.79,0,0
VTL_MV,D,20171124,000000,11.37,11.51,10.66,11.08,0,0
VTL_MV,D,20171127,000000,10.8,11.37,10.8,11.08,0,0
VTL_MV,D,20171128,000000,11.23,11.23,10.37,10.94,0,0
VTL_MV,D,20171129,000000,10.23,10.94,10.09,10.37,0,0
VTL_MV,D,20171130,000000,9.66,10.23,9.52,9.95,0,0
VTL_MV,D,20171201,000000,9.8,9.8,9.24,9.8,0,0
VTL_MV,D,20171204,000000,9.66,9.66,9.24,9.66,0,0
VTL_MV,D,20171205,000000,9.66,9.95,8.81,9.66,0,0
VTL_MV,D,20171206,000000,8.81,9.66,8.81,9.66,0,0
VTL_MV,D,20171207,000000,9.8,11.51,9.66,11.51,0,0
VTL_MV,D,20171208,000000,11.65,11.65,10.8,11.23,0,0
VTL_MV,D,20171211,000000,11.65,12.22,10.52,12.22,0,0
VTL_MV,D,20171212,000000,12.22,12.22,11.37,11.79,0,0
VTL_MV,D,20171213,000000,12.08,12.22,11.79,12.22,0,0
VTL_MV,D,20171214,000000,12.08,12.36,12.08,12.36,0,0
VTL_MV,D,20171215,000000,12.36,12.65,12.22,12.65,0,0
VTL_MV,D,20171218,000000,12.79,13.5,12.08,12.79,0,0
VTL_MV,D,20171219,000000,12.36,12.79,11.23,11.23,0,0
VTL_MV,D,20171220,000000,11.23,11.65,10.66,10.94,0,0
VTL_MV,D,20171221,000000,11.51,11.51,10.8,10.8,0,0
VTL_MV,D,20171222,000000,10.52,11.08,10.52,10.94,0,0
VTL_MV,D,20171227,000000,10.8,11.79,10.09,10.09,0,0
VTL_MV,D,20171228,000000,10.09,10.52,10.09,10.37,0,0
VTL_MV,D,20171229,000000,10.23,11.94,10.23,11.94,0,0
VTL_MV,D,20180103,000000,12.08,12.36,11.79,12.08,0,0
VTL_MV,D,20180104,000000,12.36,12.65,11.79,11.79,0,0
VTL_MV,D,20180105,000000,11.79,11.94,11.23,11.94,0,0
VTL_MV,D,20180108,000000,12.08,12.5,11.51,12.08,0,0
VTL_MV,D,20180109,000000,11.51,12.08,11.51,11.79,0,0
VTL_MV,D,20180110,000000,11.65,11.65,11.23,11.65,0,0
VTL_MV,D,20180111,000000,11.79,11.79,11.23,11.65,0,0
VTL_MV,D,20180112,000000,11.23,11.94,11.23,11.94,0,0
VTL_MV,D,20180115,000000,11.94,11.94,10.8,11.94,0,0
VTL_MV,D,20180116,000000,11.79,11.79,11.79,11.79,0,0
VTL_MV,D,20180117,000000,11.51,11.79,11.37,11.79,0,0
VTL_MV,D,20180118,000000,11.51,11.65,11.23,11.51,0,0
VTL_MV,D,20180119,000000,11.37,11.79,11.37,11.51,0,0
VTL_MV,D,20180122,000000,11.23,11.94,11.23,11.65,0,0
VTL_MV,D,20180123,000000,11.65,11.94,11.65,11.79,0,0
VTL_MV,D,20180124,000000,11.51,11.79,11.37,11.79,0,0
VTL_MV,D,20180125,000000,11.37,11.79,11.23,11.79,0,0
VTL_MV,D,20180126,000000,11.79,12.5,11.79,12.22,0,0
VTL_MV,D,20180129,000000,11.79,11.79,11.23,11.37,0,0
VTL_MV,D,20180130,000000,11.23,11.37,10.52,11.23,0,0
VTL_MV,D,20180131,000000,11.08,11.23,10.52,10.94,0,0
VTL_MV,D,20180201,000000,10.66,10.94,10.66,10.94,0,0
VTL_MV,D,20180202,000000,10.8,11.08,10.66,11.08,0,0
VTL_MV,D,20180205,000000,10.94,10.94,10.66,10.8,0,0
VTL_MV,D,20180206,000000,10.66,10.8,9.95,10.09,0,0
VTL_MV,D,20180207,000000,10.8,13.5,10.8,13.5,0,0
VTL_MV,D,20180208,000000,18.33,18.47,15.06,15.06,0,0
VTL_MV,D,20180209,000000,15.06,17.19,14.49,16.63,0,0
VTL_MV,D,20180212,000000,17.19,17.76,16.77,17.19,0,0
VTL_MV,D,20180213,000000,17.19,17.19,15.77,16.2,0,0
VTL_MV,D,20180214,000000,16.2,16.91,16.06,16.77,0,0
VTL_MV,D,20180215,000000,16.77,16.77,15.92,16.06,0,0
VTL_MV,D,20180216,000000,16.34,16.34,14.92,15.35,0,0
VTL_MV,D,20180219,000000,15.06,15.35,14.64,15.35,0,0
VTL_MV,D,20180220,000000,14.92,15.06,14.78,15.06,0,0
VTL_MV,D,20180221,000000,15.06,15.77,14.78,15.63,0,0
VTL_MV,D,20180222,000000,15.63,15.63,14.92,15.49,0,0
VTL_MV,D,20180223,000000,15.49,15.49,14.07,14.64,0,0
VTL_MV,D,20180226,000000,14.35,14.78,13.64,14.07,0,0
VTL_MV,D,20180227,000000,14.49,18.62,13.93,18.62,0,0
VTL_MV,D,20180228,000000,18.47,18.62,15.77,15.92,0,0
VTL_MV,D,20180301,000000,15.77,16.2,15.06,15.2,0,0
VTL_MV,D,20180302,000000,15.35,15.35,14.49,14.92,0,0
VTL_MV,D,20180305,000000,14.21,14.92,14.21,14.92,0,0
VTL_MV,D,20180306,000000,14.92,15.06,14.35,14.78,0,0
VTL_MV,D,20180307,000000,14.78,16.2,14.64,15.63,0,0
VTL_MV,D,20180308,000000,15.63,15.63,14.78,15.35,0,0
VTL_MV,D,20180309,000000,15.06,15.2,14.64,15.2,0,0
VTL_MV,D,20180312,000000,15.06,16.06,14.64,15.35,0,0
VTL_MV,D,20180313,000000,15.06,17.9,14.92,16.34,0,0
VTL_MV,D,20180314,000000,16.2,16.48,14.78,14.92,0,0
VTL_MV,D,20180315,000000,15.35,15.49,14.35,15.2,0,0
VTL_MV,D,20180316,000000,14.92,15.2,14.49,15.06,0,0
VTL_MV,D,20180319,000000,14.64,14.78,14.35,14.64,0,0
VTL_MV,D,20180320,000000,14.49,14.64,14.07,14.49,0,0
VTL_MV,D,20180321,000000,14.49,14.78,14.07,14.78,0,0
VTL_MV,D,20180322,000000,14.35,14.78,14.35,14.35,0,0
VTL_MV,D,20180323,000000,14.21,14.49,14.21,14.49,0,0
VTL_MV,D,20180326,000000,14.35,14.64,14.07,14.35,0,0
VTL_MV,D,20180327,000000,14.64,14.64,14.21,14.49,0,0
VTL_MV,D,20180328,000000,14.49,14.49,12.93,12.93,0,0
VTL_MV,D,20180329,000000,13.5,13.93,13.5,13.93,0,0
VTL_MV,D,20180403,000000,13.93,14.49,13.22,14.35,0,0
VTL_MV,D,20180404,000000,14.35,14.35,13.5,14.21,0,0
VTL_MV,D,20180405,000000,14.49,14.49,13.07,13.64,0,0
VTL_MV,D,20180406,000000,13.36,13.78,13.07,13.78,0,0
VTL_MV,D,20180409,000000,13.78,13.78,13.07,13.5,0,0
VTL_MV,D,20180410,000000,13.5,13.64,12.79,13.36,0,0
VTL_MV,D,20180411,000000,13.36,13.5,12.93,13.22,0,0
VTL_MV,D,20180412,000000,12.93,13.22,12.5,13.07,0,0
VTL_MV,D,20180413,000000,12.79,13.78,12.5,13.78,0,0
VTL_MV,D,20180416,000000,12.93,14.21,12.93,13.64,0,0
VTL_MV,D,20180417,000000,13.93,13.93,13.22,13.22,0,0
VTL_MV,D,20180418,000000,13.36,16.06,13.07,14.92,0,0
VTL_MV,D,20180419,000000,14.92,16.2,14.35,15.49,0,0
VTL_MV,D,20180420,000000,15.92,15.92,14.92,15.49,0,0
VTL_MV,D,20180423,000000,15.49,15.49,13.78,13.78,0,0
VTL_MV,D,20180424,000000,14.49,14.64,14.21,14.21,0,0
VTL_MV,D,20180425,000000,13.93,13.93,12.93,13.64,0,0
VTL_MV,D,20180426,000000,13.78,13.93,13.78,13.93,0,0
VTL_MV,D,20180427,000000,13.93,13.93,13.5,13.5,0,0
VTL_MV,D,20180430,000000,12.36,13.5,12.36,13.22,0,0
VTL_MV,D,20180502,000000,13.22,13.22,12.79,13.22,0,0
VTL_MV,D,20180504,000000,13.22,13.5,13.22,13.36,0,0
VTL_MV,D,20180507,000000,12.65,12.79,12.65,12.65,0,0
VTL_MV,D,20180508,000000,12.79,12.79,12.22,12.5,0,0
VTL_MV,D,20180509,000000,12.5,12.5,11.37,11.94,0,0
VTL_MV,D,20180510,000000,11.79,11.79,11.08,11.65,0,0
VTL_MV,D,20180511,000000,11.79,12.36,11.23,11.94,0,0
VTL_MV,D,20180514,000000,11.94,11.94,10.09,10.94,0,0
VTL_MV,D,20180515,000000,10.94,10.94,10.52,10.94,0,0
VTL_MV,D,20180516,000000,10.94,10.94,10.8,10.8,0,0
VTL_MV,D,20180517,000000,10.8,10.8,10.09,10.8,0,0
VTL_MV,D,20180518,000000,10.66,10.66,10.09,10.66,0,0
VTL_MV,D,20180521,000000,10.8,10.8,10.09,10.52,0,0
VTL_MV,D,20180522,000000,10.52,10.52,9.95,10.52,0,0
VTL_MV,D,20180523,000000,10.37,10.37,9.66,9.66,0,0
VTL_MV,D,20180524,000000,9.66,10.37,9.66,10.09,0,0
VTL_MV,D,20180525,000000,10.09,10.09,8.81,9.24,0,0
VTL_MV,D,20180528,000000,9.52,9.8,8.81,9.66,0,0
VTL_MV,D,20180529,000000,9.24,10.23,9.24,10.23,0,0
VTL_MV,D,20180530,000000,10.37,10.66,9.8,10.66,0,0
VTL_MV,D,20180601,000000,10.66,10.94,10.66,10.8,0,0
VTL_MV,D,20180604,000000,10.66,10.66,9.95,10.66,0,0
VTL_MV,D,20180605,000000,9.95,9.95,9.95,9.95,0,0
VTL_MV,D,20180606,000000,9.24,10.52,9.24,10.52,0,0
VTL_MV,D,20180607,000000,9.52,10.23,9.52,10.23,0,0
VTL_MV,D,20180608,000000,10.09,10.52,9.66,10.52,0,0
VTL_MV,D,20180612,000000,9.95,10.23,9.66,10.23,0,0
VTL_MV,D,20180613,000000,9.8,10.23,9.66,10.23,0,0
VTL_MV,D,20180614,000000,9.66,10.23,9.66,10.23,0,0
VTL_MV,D,20180615,000000,10.37,10.37,9.38,10.23,0,0
VTL_MV,D,20180619,000000,9.24,9.95,9.09,9.66,0,0
VTL_MV,D,20180621,000000,9.66,10.09,9.66,10.09,0,0
VTL_MV,D,20180622,000000,9.95,9.95,9.95,9.95,0,0
VTL_MV,D,20180625,000000,9.95,11.37,9.95,10.37,0,0
VTL_MV,D,20180626,000000,10.37,10.37,9.95,10.37,0,0
VTL_MV,D,20180627,000000,10.37,10.37,9.66,10.23,0,0
VTL_MV,D,20180628,000000,9.95,10.23,9.95,10.23,0,0
VTL_MV,D,20180629,000000,9.95,10.23,9.38,10.23,0,0
VTL_MV,D,20180702,000000,9.52,9.95,9.52,9.95,0,0
VTL_MV,D,20180703,000000,9.8,9.95,9.52,9.95,0,0
VTL_MV,D,20180704,000000,9.95,9.95,9.52,9.95,0,0
VTL_MV,D,20180705,000000,10.09,10.09,9.52,9.95,0,0
VTL_MV,D,20180706,000000,10.09,10.09,9.95,9.95,0,0
VTL_MV,D,20180709,000000,9.95,10.52,9.95,10.52,0,0
VTL_MV,D,20180710,000000,9.66,10.09,9.66,10.09,0,0
VTL_MV,D,20180711,000000,10.23,10.52,9.66,10.23,0,0
VTL_MV,D,20180712,000000,9.8,10.37,9.52,10.23,0,0
VTL_MV,D,20180713,000000,10.09,10.09,9.52,9.8,0,0
VTL_MV,D,20180716,000000,9.66,9.95,9.52,9.95,0,0
VTL_MV,D,20180717,000000,9.95,9.95,9.95,9.95,0,0
VTL_MV,D,20180718,000000,9.66,9.66,9.66,9.66,0,0
VTL_MV,D,20180719,000000,9.52,9.95,9.38,9.95,0,0
VTL_MV,D,20180720,000000,9.66,9.95,9.66,9.95,0,0
VTL_MV,D,20180723,000000,9.8,9.95,9.66,9.95,0,0
VTL_MV,D,20180724,000000,9.8,9.95,9.8,9.95,0,0
VTL_MV,D,20180725,000000,9.95,10.09,9.66,9.8,0,0
VTL_MV,D,20180726,000000,9.95,10.37,9.52,10.37,0,0
VTL_MV,D,20180727,000000,10.37,10.94,10.23,10.37,0,0
VTL_MV,D,20180730,000000,10.66,11.08,10.66,11.08,0,0
VTL_MV,D,20180731,000000,10.66,11.08,10.52,11.08,0,0
VTL_MV,D,20180801,000000,10.66,10.8,9.66,10.52,0,0
VTL_MV,D,20180802,000000,10.66,10.66,10.09,10.52,0,0
VTL_MV,D,20180803,000000,10.66,10.66,10.66,10.66,0,0
VTL_MV,D,20180806,000000,9.95,11.37,9.95,11.37,0,0
VTL_MV,D,20180807,000000,11.08,11.08,10.09,10.37,0,0
VTL_MV,D,20180808,000000,10.94,11.37,10.66,10.66,0,0
VTL_MV,D,20180809,000000,11.37,11.37,10.23,11.08,0,0
VTL_MV,D,20180810,000000,10.66,10.94,10.37,10.94,0,0
VTL_MV,D,20180813,000000,10.8,10.94,10.37,10.66,0,0
VTL_MV,D,20180814,000000,10.66,10.66,10.09,10.52,0,0
VTL_MV,D,20180816,000000,10.09,10.66,10.09,10.66,0,0
VTL_MV,D,20180821,000000,10.66,10.66,10.66,10.66,0,0
VTL_MV,D,20180822,000000,10.23,10.66,10.23,10.23,0,0
VTL_MV,D,20180823,000000,10.37,10.52,9.95,10.52,0,0
VTL_MV,D,20180824,000000,9.8,10.37,9.66,10.23,0,0
VTL_MV,D,20180827,000000,10.23,10.37,10.23,10.37,0,0
VTL_MV,D,20180828,000000,10.23,10.37,9.8,10.37,0,0
VTL_MV,D,20180829,000000,10.23,10.37,9.95,9.95,0,0
VTL_MV,D,20180830,000000,10.23,10.23,10.23,10.23,0,0
VTL_MV,D,20180831,000000,9.66,9.95,9.66,9.66,0,0
VTL_MV,D,20180903,000000,9.95,9.95,9.24,9.66,0,0
VTL_MV,D,20180904,000000,9.66,9.66,9.66,9.66,0,0
VTL_MV,D,20180905,000000,9.8,9.8,8.95,9.52,0,0
VTL_MV,D,20180906,000000,9.66,9.66,9.09,9.66,0,0
VTL_MV,D,20180907,000000,9.8,9.8,8.95,9.52,0,0
VTL_MV,D,20180910,000000,8.95,9.52,8.53,9.52,0,0
VTL_MV,D,20180911,000000,8.81,9.38,8.53,9.38,0,0
VTL_MV,D,20180912,000000,9.24,9.24,8.67,9.24,0,0
VTL_MV,D,20180913,000000,9.09,9.66,8.81,8.81,0,0
VTL_MV,D,20180914,000000,9.09,9.09,8.67,9.09,0,0
VTL_MV,D,20180917,000000,9.38,9.38,8.67,9.24,0,0
VTL_MV,D,20180918,000000,9.09,9.09,9.09,9.09,0,0
VTL_MV,D,20180919,000000,9.09,9.38,9.09,9.09,0,0
VTL_MV,D,20180920,000000,9.38,9.38,8.95,9.38,0,0
VTL_MV,D,20180921,000000,9.38,9.38,9.09,9.38,0,0
VTL_MV,D,20180924,000000,9.52,13.78,9.52,13.22,0,0
VTL_MV,D,20180925,000000,12.79,12.93,11.37,11.37,0,0
VTL_MV,D,20180926,000000,11.08,12.08,11.08,11.51,0,0
VTL_MV,D,20180927,000000,11.51,11.65,11.08,11.37,0,0
VTL_MV,D,20180928,000000,11.37,11.51,10.8,11.37,0,0
VTL_MV,D,20181001,000000,12.22,12.79,11.51,11.51,0,0
VTL_MV,D,20181002,000000,12.36,12.36,11.23,12.08,0,0
VTL_MV,D,20181003,000000,12.36,12.36,11.79,12.36,0,0
VTL_MV,D,20181004,000000,12.36,12.65,11.23,12.22,0,0
VTL_MV,D,20181005,000000,12.08,12.08,10.09,11.23,0,0
VTL_MV,D,20181008,000000,11.23,11.37,10.66,11.08,0,0
VTL_MV,D,20181009,000000,11.37,11.65,10.66,11.23,0,0
VTL_MV,D,20181010,000000,11.23,11.65,10.94,11.51,0,0
VTL_MV,D,20181011,000000,11.94,11.94,10.8,11.23,0,0
VTL_MV,D,20181012,000000,11.23,11.51,10.66,11.23,0,0
VTL_MV,D,20181015,000000,11.23,11.51,11.23,11.51,0,0
VTL_MV,D,20181016,000000,11.65,11.65,11.23,11.37,0,0
VTL_MV,D,20181017,000000,11.37,11.37,10.94,11.37,0,0
VTL_MV,D,20181018,000000,11.65,11.65,10.8,11.23,0,0
VTL_MV,D,20181019,000000,10.8,11.23,10.8,11.23,0,0
VTL_MV,D,20181022,000000,11.51,11.65,10.8,11.65,0,0
VTL_MV,D,20181023,000000,11.65,11.65,11.65,11.65,0,0
VTL_MV,D,20181024,000000,11.51,11.51,10.66,10.66,0,0
VTL_MV,D,20181025,000000,10.37,11.08,10.37,10.8,0,0
VTL_MV,D,20181026,000000,10.37,10.66,10.37,10.66,0,0
VTL_MV,D,20181029,000000,10.09,10.66,10.09,10.66,0,0
VTL_MV,D,20181030,000000,10.52,10.52,10.52,10.52,0,0
VTL_MV,D,20181031,000000,10.66,10.66,10.52,10.52,0,0
VTL_MV,D,20181102,000000,10.52,10.66,10.52,10.66,0,0
VTL_MV,D,20181105,000000,10.8,10.94,10.52,10.94,0,0
VTL_MV,D,20181106,000000,10.8,10.8,9.8,10.8,0,0
VTL_MV,D,20181107,000000,10.66,10.94,9.8,9.95,0,0
VTL_MV,D,20181108,000000,10.52,10.52,9.8,10.09,0,0
VTL_MV,D,20181109,000000,10.52,10.52,9.95,10.52,0,0
VTL_MV,D,20181113,000000,10.8,10.8,9.8,10.23,0,0
VTL_MV,D,20181114,000000,10.37,10.37,9.66,9.95,0,0
VTL_MV,D,20181115,000000,9.95,9.95,9.24,9.8,0,0
VTL_MV,D,20181116,000000,9.66,10.37,9.38,9.52,0,0
VTL_MV,D,20181119,000000,9.66,9.8,9.24,9.8,0,0
VTL_MV,D,20181120,000000,9.8,9.8,9.09,9.8,0,0
VTL_MV,D,20181121,000000,9.8,9.8,8.95,9.52,0,0
VTL_MV,D,20181122,000000,9.38,11.51,8.67,10.8,0,0
VTL_MV,D,20181123,000000,10.8,11.79,10.8,10.94,0,0
VTL_MV,D,20181126,000000,11.79,11.79,11.23,11.23,0,0
VTL_MV,D,20181127,000000,10.37,10.94,10.23,10.8,0,0
VTL_MV,D,20181128,000000,11.37,11.37,10.66,10.66,0,0
VTL_MV,D,20181129,000000,10.94,10.94,10.23,10.52,0,0
VTL_MV,D,20181130,000000,10.94,13.64,10.94,13.64,0,0
VTL_MV,D,20181203,000000,13.36,13.64,11.79,11.79,0,0
VTL_MV,D,20181204,000000,12.5,12.5,11.65,11.94,0,0
VTL_MV,D,20181205,000000,12.22,12.36,11.65,12.08,0,0
VTL_MV,D,20181206,000000,12.08,12.08,11.37,11.94,0,0
VTL_MV,D,20181207,000000,11.94,12.22,11.51,11.94,0,0
VTL_MV,D,20181210,000000,12.08,12.08,11.37,11.94,0,0
VTL_MV,D,20181211,000000,11.51,12.08,11.51,12.08,0,0
VTL_MV,D,20181212,000000,12.08,12.93,11.79,12.65,0,0
VTL_MV,D,20181213,000000,12.79,15.63,12.79,15.63,0,0
VTL_MV,D,20181214,000000,15.63,16.77,14.92,16.06,0,0
VTL_MV,D,20181217,000000,15.92,16.91,15.06,15.63,0,0
VTL_MV,D,20181218,000000,16.63,16.63,15.63,16.06,0,0
VTL_MV,D,20181219,000000,16.48,16.48,14.92,15.92,0,0
VTL_MV,D,20181220,000000,15.35,16.06,15.2,15.63,0,0
VTL_MV,D,20181221,000000,15.92,15.92,15.35,15.63,0,0
VTL_MV,D,20181227,000000,15.63,15.92,14.92,15.92,0,0
VTL_MV,D,20181228,000000,15.77,19.04,15.35,17.9,0,0
VTL_MV,D,20190102,000000,17.76,17.9,16.48,17.34,0,0
VTL_MV,D,20190103,000000,17.48,17.62,16.48,16.77,0,0
VTL_MV,D,20190104,000000,16.63,17.34,15.63,16.2,0,0
VTL_MV,D,20190107,000000,16.2,16.48,16.2,16.48,0,0
VTL_MV,D,20190108,000000,16.34,17.9,16.34,16.63,0,0
VTL_MV,D,20190109,000000,17.05,17.05,16.06,16.77,0,0
VTL_MV,D,20190110,000000,16.48,16.63,16.06,16.63,0,0
VTL_MV,D,20190111,000000,16.77,17.19,16.63,16.91,0,0
VTL_MV,D,20190114,000000,16.34,16.91,16.06,16.2,0,0
VTL_MV,D,20190115,000000,16.48,17.62,16.34,17.62,0,0
VTL_MV,D,20190116,000000,17.48,18.47,17.34,17.9,0,0
VTL_MV,D,20190117,000000,18.05,18.05,17.05,17.48,0,0
VTL_MV,D,20190118,000000,17.19,17.62,16.48,16.91,0,0
VTL_MV,D,20190121,000000,17.05,17.76,16.48,17.76,0,0
VTL_MV,D,20190122,000000,17.62,20.32,17.62,19.47,0,0
VTL_MV,D,20190123,000000,19.75,19.75,18.62,19.33,0,0
VTL_MV,D,20190124,000000,18.76,19.47,18.47,19.18,0,0
VTL_MV,D,20190125,000000,19.47,19.47,18.62,19.18,0,0
VTL_MV,D,20190128,000000,19.04,19.47,18.47,18.47,0,0
VTL_MV,D,20190129,000000,18.76,19.18,18.19,19.04,0,0
VTL_MV,D,20190130,000000,18.47,18.9,18.33,18.33,0,0
VTL_MV,D,20190131,000000,18.33,18.62,17.76,18.47,0,0
VTL_MV,D,20190201,000000,18.62,18.62,18.05,18.05,0,0
VTL_MV,D,20190204,000000,18.47,18.47,17.48,18.05,0,0
VTL_MV,D,20190205,000000,18.05,18.05,17.76,18.05,0,0
VTL_MV,D,20190206,000000,18.33,19.18,18.33,18.76,0,0
VTL_MV,D,20190207,000000,19.04,19.04,17.9,18.33,0,0
VTL_MV,D,20190208,000000,18.19,18.33,17.48,18.19,0,0
VTL_MV,D,20190211,000000,18.33,18.33,17.48,17.9,0,0
VTL_MV,D,20190212,000000,17.76,17.76,16.34,16.91,0,0
VTL_MV,D,20190213,000000,16.63,16.63,16.2,16.34,0,0
VTL_MV,D,20190214,000000,15.77,17.76,15.49,15.92,0,0
VTL_MV,D,20190215,000000,15.63,16.34,15.2,16.34,0,0
VTL_MV,D,20190218,000000,16.34,16.48,15.77,15.77,0,0
VTL_MV,D,20190219,000000,16.2,16.77,15.77,16.34,0,0
VTL_MV,D,20190220,000000,16.63,16.63,15.92,16.2,0,0
VTL_MV,D,20190221,000000,17.05,22.59,16.63,22.59,0,0
VTL_MV,D,20190222,000000,21.6,21.6,19.18,19.47,0,0
VTL_MV,D,20190225,000000,20.18,20.46,18.76,19.33,0,0
VTL_MV,D,20190226,000000,19.47,20.46,18.47,19.75,0,0
VTL_MV,D,20190227,000000,19.61,19.61,18.47,18.47,0,0
VTL_MV,D,20190228,000000,19.18,19.33,18.47,18.47,0,0
VTL_MV,D,20190301,000000,19.04,22.03,18.62,21.88,0,0
VTL_MV,D,20190304,000000,21.88,22.03,20.46,21.81,0,0
VTL_MV,D,20190305,000000,22.59,22.59,20.75,21.6,0,0
VTL_MV,D,20190306,000000,21.67,22.03,21.03,21.81,0,0
VTL_MV,D,20190307,000000,22.03,22.03,20.32,20.68,0,0
VTL_MV,D,20190308,000000,20.6,22.59,20.04,22.59,0,0
VTL_MV,D,20190311,000000,22.59,27.57,22.59,26.57,0,0
VTL_MV,D,20190312,000000,27,32.11,27,31.26,0,0
VTL_MV,D,20190313,000000,31.12,31.26,28.85,30.13,0,0
VTL_MV,D,20190314,000000,30.27,31.12,29.7,30.41,0,0
VTL_MV,D,20190315,000000,30.69,30.69,29.13,30.13,0,0
VTL_MV,D,20190318,000000,31.12,38.08,30.55,38.08,0,0
VTL_MV,D,20190319,000000,39.5,40.5,35.67,38.94,0,0
VTL_MV,D,20190320,000000,38.65,40.21,37.51,37.66,0,0
VTL_MV,D,20190321,000000,37.09,38.37,31.26,32.11,0,0
VTL_MV,D,20190322,000000,31.97,32.68,30.98,31.4,0,0
VTL_MV,D,20190325,000000,31.4,33.11,31.4,31.69,0,0
VTL_MV,D,20190326,000000,32.11,32.11,30.69,30.98,0,0
VTL_MV,D,20190327,000000,31.26,31.26,28.7,28.7,0,0
VTL_MV,D,20190328,000000,28.7,30.84,27,30.55,0,0
VTL_MV,D,20190329,000000,30.84,30.84,28.7,29.56,0,0
VTL_MV,D,20190401,000000,28.7,29.27,27.71,28.42,0,0
VTL_MV,D,20190402,000000,28.42,28.42,27.14,27.85,0,0
VTL_MV,D,20190403,000000,28.14,28.14,27.5,27.71,0,0
VTL_MV,D,20190404,000000,27.85,28.14,27.28,27.99,0,0
VTL_MV,D,20190405,000000,28.14,28.14,27.14,27.99,0,0
VTL_MV,D,20190408,000000,27.99,32.68,27.57,31.83,0,0
VTL_MV,D,20190409,000000,32.26,36.95,28.85,29.98,0,0
VTL_MV,D,20190410,000000,29.84,30.69,28.28,29.7,0,0
VTL_MV,D,20190411,000000,29.98,30.27,28.7,29.56,0,0
VTL_MV,D,20190412,000000,29.56,34.53,29.56,32.11,0,0
VTL_MV,D,20190415,000000,33.82,38.08,33.82,37.23,0,0
VTL_MV,D,20190416,000000,38.22,38.37,34.53,34.53,0,0
VTL_MV,D,20190417,000000,35.1,36.95,34.81,35.38,0,0
VTL_MV,D,20190418,000000,35.38,35.38,33.68,34.67,0,0
VTL_MV,D,20190423,000000,35.38,35.81,31.12,32.68,0,0
VTL_MV,D,20190424,000000,31.26,32.83,30.84,31.69,0,0
VTL_MV,D,20190425,000000,31.4,32.26,30.98,31.26,0,0
VTL_MV,D,20190426,000000,31.83,31.97,30.55,31.55,0,0
VTL_MV,D,20190429,000000,32.54,37.66,30.41,35.24,0,0
VTL_MV,D,20190430,000000,35.38,36.24,31.55,32.54,0,0
VTL_MV,D,20190502,000000,31.26,32.4,30.55,31.83,0,0
VTL_MV,D,20190506,000000,31.97,31.97,30.27,31.4,0,0
VTL_MV,D,20190507,000000,30.27,34.53,30.27,31.4,0,0
VTL_MV,D,20190508,000000,31.97,33.68,30.55,31.4,0,0
VTL_MV,D,20190509,000000,31.83,31.83,30.84,31.26,0,0
VTL_MV,D,20190510,000000,31.26,32.11,30.98,31.83,0,0
VTL_MV,D,20190513,000000,31.69,32.68,30.84,31.4,0,0
VTL_MV,D,20190514,000000,30.84,31.26,30.55,31.12,0,0
VTL_MV,D,20190515,000000,31.26,31.26,30.27,31.12,0,0
VTL_MV,D,20190516,000000,30.84,32.26,30.55,32.26,0,0
VTL_MV,D,20190517,000000,32.54,32.54,31.26,31.83,0,0
VTL_MV,D,20190520,000000,30.98,32.11,30.98,31.83,0,0
VTL_MV,D,20190521,000000,32.11,32.11,31.26,31.97,0,0
VTL_MV,D,20190522,000000,31.97,31.97,31.26,31.69,0,0
VTL_MV,D,20190523,000000,30.98,32.68,30.98,31.83,0,0
VTL_MV,D,20190524,000000,30.98,31.97,30.55,31.26,0,0
VTL_MV,D,20190527,000000,30.98,31.55,30.84,31.26,0,0
VTL_MV,D,20190528,000000,31.12,31.26,30.84,30.98,0,0
VTL_MV,D,20190529,000000,31.12,31.12,30.55,30.84,0,0
VTL_MV,D,20190530,000000,31.12,31.26,30.98,31.26,0,0
VTL_MV,D,20190531,000000,31.55,31.55,30.55,30.55,0,0
VTL_MV,D,20190603,000000,31.12,31.12,30.41,30.84,0,0
VTL_MV,D,20190604,000000,30.84,30.98,30.41,30.84,0,0
VTL_MV,D,20190605,000000,30.84,30.84,29.98,30.55,0,0
VTL_MV,D,20190606,000000,30.41,30.41,27.99,27.99,0,0
VTL_MV,D,20190607,000000,28.28,28.42,27,28.28,0,0
VTL_MV,D,20190610,000000,28.42,28.42,25.93,26.71,0,0
VTL_MV,D,20190611,000000,25.79,26.71,24.87,25.15,0,0
VTL_MV,D,20190612,000000,25.29,27.28,25.29,25.93,0,0
VTL_MV,D,20190613,000000,26.93,26.93,25.29,26.22,0,0
VTL_MV,D,20190614,000000,26.71,26.71,25.15,25.72,0,0
VTL_MV,D,20190617,000000,25.72,25.72,24.87,25.44,0,0
VTL_MV,D,20190618,000000,25.36,25.36,24.58,25.29,0,0
VTL_MV,D,20190619,000000,24.8,24.8,23.87,24.3,0,0
VTL_MV,D,20190621,000000,23.94,24.44,23.87,24.37,0,0
VTL_MV,D,20190624,000000,24.37,24.87,23.87,23.94,0,0
VTL_MV,D,20190625,000000,24.16,29.13,24.09,28.99,0,0
VTL_MV,D,20190626,000000,28.85,28.85,26.71,26.71,0,0
VTL_MV,D,20190627,000000,26.64,27.71,26.64,27.5,0,0
VTL_MV,D,20190628,000000,27.78,27.78,26.71,27.43,0,0
VTL_MV,D,20190701,000000,27.64,27.64,26.71,27.28,0,0
VTL_MV,D,20190702,000000,27.43,29.27,27,27.78,0,0
VTL_MV,D,20190703,000000,28.56,30.98,28.56,29.84,0,0
VTL_MV,D,20190704,000000,30.55,30.55,28.56,28.99,0,0
VTL_MV,D,20190705,000000,29.7,30.98,28.56,28.85,0,0
VTL_MV,D,20190708,000000,33.11,34.81,32.11,32.83,0,0
VTL_MV,D,20190709,000000,33.39,34.96,32.68,33.11,0,0
VTL_MV,D,20190710,000000,32.68,34.25,30.27,30.27,0,0
VTL_MV,D,20190711,000000,32.97,32.97,30.98,31.83,0,0
VTL_MV,D,20190712,000000,31.4,31.83,30.69,31.55,0,0
VTL_MV,D,20190715,000000,31.55,31.55,30.69,31.4,0,0
VTL_MV,D,20190716,000000,31.69,31.69,30.41,30.55,0,0
VTL_MV,D,20190717,000000,30.84,31.69,30.13,31.69,0,0
VTL_MV,D,20190718,000000,31.83,32.68,30.41,30.98,0,0
VTL_MV,D,20190719,000000,31.26,31.4,30.41,31.12,0,0
VTL_MV,D,20190722,000000,31.12,31.26,30.69,31.12,0,0
VTL_MV,D,20190723,000000,31.26,32.68,31.26,32.68,0,0
VTL_MV,D,20190724,000000,32.54,34.81,32.4,34.1,0,0
VTL_MV,D,20190725,000000,34.67,38.08,34.39,35.1,0,0
VTL_MV,D,20190726,000000,35.1,35.38,32.97,34.39,0,0
VTL_MV,D,20190729,000000,34.81,35.67,33.39,35.1,0,0
VTL_MV,D,20190730,000000,35.67,35.67,33.96,34.53,0,0
VTL_MV,D,20190731,000000,33.96,34.81,33.39,33.54,0,0
VTL_MV,D,20190801,000000,33.68,33.68,32.4,33.11,0,0
VTL_MV,D,20190802,000000,33.11,33.68,32.11,32.68,0,0
VTL_MV,D,20190805,000000,32.11,34.1,32.11,33.54,0,0
VTL_MV,D,20190806,000000,33.54,34.39,32.11,32.68,0,0
VTL_MV,D,20190807,000000,33.11,33.11,31.26,31.69,0,0
VTL_MV,D,20190808,000000,31.12,31.55,30.84,31.12,0,0
VTL_MV,D,20190809,000000,31.26,31.69,30.55,30.69,0,0
VTL_MV,D,20190812,000000,31.26,31.55,30.55,31.55,0,0
VTL_MV,D,20190813,000000,31.4,31.4,30.55,31.12,0,0
VTL_MV,D,20190814,000000,31.26,31.26,30.55,31.12,0,0
VTL_MV,D,20190816,000000,31.12,31.12,29.41,30.13,0,0
VTL_MV,D,20190819,000000,29.98,29.98,28.85,29.27,0,0
VTL_MV,D,20190820,000000,29.27,29.27,28.42,28.99,0,0
VTL_MV,D,20190821,000000,28.99,29.56,28.7,29.13,0,0
VTL_MV,D,20190822,000000,29.13,29.13,27.71,28.35,0,0
VTL_MV,D,20190823,000000,28.56,28.56,27.5,27.5,0,0
VTL_MV,D,20190826,000000,28.42,28.42,26.57,27.99,0,0
VTL_MV,D,20190827,000000,27.21,27.99,27.21,27.99,0,0
VTL_MV,D,20190828,000000,27.99,27.99,27.07,27.99,0,0
VTL_MV,D,20190829,000000,28.7,28.85,28.42,28.85,0,0
VTL_MV,D,20190830,000000,28.85,28.85,28.7,28.85,0,0
VTL_MV,D,20190902,000000,28.85,28.85,27,28.35,0,0
VTL_MV,D,20190903,000000,27.85,28.56,27,27.92,0,0
VTL_MV,D,20190904,000000,26.57,31.97,26.57,29.84,0,0
VTL_MV,D,20190905,000000,30.55,30.55,28.42,28.42,0,0
VTL_MV,D,20190906,000000,28.99,31.12,28.99,30.84,0,0
VTL_MV,D,20190909,000000,30.69,31.55,29.84,29.84,0,0
VTL_MV,D,20190910,000000,31.12,31.12,29.7,30.55,0,0
VTL_MV,D,20190911,000000,30.98,30.98,28.42,29.41,0,0
VTL_MV,D,20190912,000000,28.56,30.13,28.56,28.99,0,0
VTL_MV,D,20190913,000000,29.27,29.27,28.14,28.7,0,0
VTL_MV,D,20190916,000000,28.99,28.99,27.71,28.42,0,0
VTL_MV,D,20190917,000000,28.7,28.85,27,28.21,0,0
VTL_MV,D,20190918,000000,27.28,28.21,27.28,27.92,0,0
VTL_MV,D,20190919,000000,28.21,28.21,26.86,27.99,0,0
VTL_MV,D,20190920,000000,28.14,28.35,27.5,28.21,0,0
VTL_MV,D,20190923,000000,27.71,28.21,27.14,28.06,0,0
VTL_MV,D,20190924,000000,27.99,28.06,27.35,28.06,0,0
VTL_MV,D,20190925,000000,28.21,28.21,27.43,28.14,0,0
VTL_MV,D,20190926,000000,28.14,28.85,27.5,28.21,0,0
VTL_MV,D,20190927,000000,28.7,28.7,27.99,28.7,0,0
VTL_MV,D,20190930,000000,28.85,29.41,28.14,29.41,0,0
VTL_MV,D,20191001,000000,29.84,30.41,28.99,29.7,0,0
VTL_MV,D,20191002,000000,29.7,30.41,27.99,28.42,0,0
VTL_MV,D,20191003,000000,28.85,28.85,27.35,28.28,0,0
VTL_MV,D,20191004,000000,28.21,29.27,27,27.99,0,0
VTL_MV,D,20191007,000000,28.21,28.21,27.71,27.71,0,0
VTL_MV,D,20191008,000000,28.21,29.13,27.43,27.43,0,0
VTL_MV,D,20191009,000000,28.99,28.99,27.43,28.56,0,0
VTL_MV,D,20191010,000000,28.99,29.98,28.42,29.27,0,0
VTL_MV,D,20191011,000000,28.42,28.99,27.85,28.85,0,0
VTL_MV,D,20191014,000000,27.99,28.85,27.92,28.42,0,0
VTL_MV,D,20191015,000000,28.85,28.85,27.78,28.42,0,0
VTL_MV,D,20191016,000000,28.85,28.85,27.57,28.7,0,0
VTL_MV,D,20191017,000000,27.99,28.7,27.43,28.14,0,0
VTL_MV,D,20191018,000000,28.14,28.42,27.71,28.28,0,0
VTL_MV,D,20191021,000000,28.56,28.56,27.43,27.57,0,0
VTL_MV,D,20191022,000000,27.57,28.28,27,27.92,0,0
VTL_MV,D,20191023,000000,27.85,28.14,27.14,28.14,0,0
VTL_MV,D,20191024,000000,28.28,28.28,27,27.99,0,0
VTL_MV,D,20191025,000000,27,27.99,27,27.78,0,0
VTL_MV,D,20191028,000000,27.92,27.92,26.86,26.93,0,0
VTL_MV,D,20191029,000000,27.28,27.28,25.93,27.28,0,0
VTL_MV,D,20191030,000000,27.14,27.35,26.29,27.35,0,0
VTL_MV,D,20191031,000000,27.35,27.35,25.93,26.93,0,0
VTL_MV,D,20191104,000000,26,26.86,24.3,25.36,0,0
VTL_MV,D,20191105,000000,25.65,25.65,24.16,24.94,0,0
VTL_MV,D,20191106,000000,24.87,25.51,24.16,25.51,0,0
VTL_MV,D,20191107,000000,25.44,25.44,24.73,25.36,0,0
VTL_MV,D,20191108,000000,25.36,25.93,25.01,25.58,0,0
VTL_MV,D,20191112,000000,26.22,26.29,25.93,26.29,0,0
VTL_MV,D,20191113,000000,26.29,26.29,25.51,25.86,0,0
VTL_MV,D,20191114,000000,25.86,25.86,24.44,25.15,0,0
VTL_MV,D,20191115,000000,25.01,29.25,24.23,29.25,0,0
VTL_MV,D,20191118,000000,28.1,29.5,28.1,29,0,0
VTL_MV,D,20191119,000000,28.92,28.92,28.01,28.1,0,0
VTL_MV,D,20191120,000000,28.34,28.92,27.93,28.1,0,0
VTL_MV,D,20191121,000000,28.67,29.33,27.27,29.25,0,0
VTL_MV,D,20191122,000000,29.5,29.5,28.18,29.17,0,0
VTL_MV,D,20191125,000000,29.17,29.17,28.18,29.17,0,0
VTL_MV,D,20191126,000000,29.08,29.33,28.26,29.33,0,0
VTL_MV,D,20191127,000000,29.17,29.58,28.34,29.17,0,0
VTL_MV,D,20191128,000000,29.5,34.44,29.17,32.96,0,0
VTL_MV,D,20191129,000000,34.93,36.75,34.6,34.77,0,0
VTL_MV,D,20191202,000000,37.24,42.68,36.25,40.21,0,0
VTL_MV,D,20191203,000000,40.21,41.53,37.08,37.24,0,0
VTL_MV,D,20191204,000000,37.24,40.87,37.24,40.04,0,0
VTL_MV,D,20191205,000000,40.87,40.87,38.06,38.89,0,0
VTL_MV,D,20191206,000000,38.39,39.22,36.42,36.75,0,0
VTL_MV,D,20191209,000000,38.06,38.06,35.43,35.76,0,0
VTL_MV,D,20191210,000000,36.75,36.75,34.93,35.1,0,0
VTL_MV,D,20191211,000000,36.09,36.09,34.6,35.1,0,0
VTL_MV,D,20191212,000000,35.76,35.92,34.77,35.76,0,0
VTL_MV,D,20191213,000000,35.92,36.91,34.27,36.09,0,0
VTL_MV,D,20191216,000000,36.25,37.57,35.76,35.92,0,0
VTL_MV,D,20191217,000000,37.24,37.24,35.43,36.09,0,0
VTL_MV,D,20191218,000000,36.09,36.09,34.77,34.77,0,0
VTL_MV,D,20191219,000000,34.77,36.75,34.77,36.25,0,0
VTL_MV,D,20191220,000000,35.43,36.25,34.93,35.26,0,0
VTL_MV,D,20191223,000000,35.1,35.76,34.77,35.76,0,0
VTL_MV,D,20191227,000000,35.76,35.76,34.27,35.1,0,0
VTL_MV,D,20191230,000000,34.77,34.93,33.29,33.78,0,0
VTL_MV,D,20200102,000000,34.27,34.27,32.79,34.11,0,0
VTL_MV,D,20200103,000000,34.6,34.6,33.78,34.44,0,0
VTL_MV,D,20200107,000000,34.93,35.59,34.77,35.26,0,0
VTL_MV,D,20200108,000000,35.26,35.26,33.95,34.77,0,0
VTL_MV,D,20200109,000000,34.77,34.77,34.11,34.27,0,0
VTL_MV,D,20200110,000000,34.27,35.26,33.45,34.11,0,0
VTL_MV,D,20200113,000000,34.77,36.58,33.62,35.76,0,0
VTL_MV,D,20200114,000000,36.42,36.42,34.11,34.11,0,0
VTL_MV,D,20200115,000000,34.6,34.6,32.54,33.12,0,0
VTL_MV,D,20200116,000000,33.78,33.78,31.97,32.96,0,0
VTL_MV,D,20200117,000000,32.96,32.96,31.97,32.96,0,0
VTL_MV,D,20200120,000000,31.47,35.1,31.47,32.96,0,0
VTL_MV,D,20200121,000000,32.96,33.78,32.13,33.12,0,0
VTL_MV,D,20200122,000000,33.12,33.45,32.3,32.96,0,0
VTL_MV,D,20200123,000000,32.96,32.96,31.64,32.3,0,0
VTL_MV,D,20200124,000000,32.71,32.71,32.13,32.54,0,0
VTL_MV,D,20200127,000000,32.54,33.62,31.97,32.71,0,0
VTL_MV,D,20200128,000000,32.79,32.79,32.05,32.46,0,0
VTL_MV,D,20200129,000000,31.64,32.71,31.47,32.38,0,0
VTL_MV,D,20200130,000000,32.63,32.63,31.31,31.89,0,0
VTL_MV,D,20200131,000000,31.97,31.97,30.73,31.89,0,0
VTL_MV,D,20200203,000000,31.89,31.89,30.48,31.31,0,0
VTL_MV,D,20200204,000000,31.8,31.8,29.83,30.65,0,0
VTL_MV,D,20200205,000000,30.65,31.31,30.65,31.14,0,0
VTL_MV,D,20200206,000000,31.14,31.56,30.07,31.31,0,0
VTL_MV,D,20200207,000000,31.31,31.47,30.65,30.98,0,0
VTL_MV,D,20200210,000000,30.98,31.8,30.98,31.64,0,0
VTL_MV,D,20200211,000000,29.83,31.64,29.83,30.81,0,0
VTL_MV,D,20200212,000000,30.81,31.8,30.81,31.06,0,0
VTL_MV,D,20200213,000000,31.31,33.45,31.31,32.54,0,0
VTL_MV,D,20200214,000000,32.63,32.63,30.81,30.98,0,0
VTL_MV,D,20200217,000000,31.31,31.56,30.65,30.65,0,0
VTL_MV,D,20200218,000000,31.31,31.31,30.32,30.48,0,0
VTL_MV,D,20200219,000000,30.65,32.13,30.32,31.14,0,0
VTL_MV,D,20200220,000000,30.48,33.78,30.48,30.98,0,0
VTL_MV,D,20200221,000000,30.98,31.31,30.32,31.14,0,0
VTL_MV,D,20200224,000000,31.39,31.39,29.99,30.32,0,0
VTL_MV,D,20200225,000000,29.91,30.57,29.66,30.24,0,0
VTL_MV,D,20200226,000000,29.66,30.65,28.34,29.08,0,0
VTL_MV,D,20200227,000000,29.17,29.17,26.28,26.69,0,0
VTL_MV,D,20200228,000000,26.2,26.2,23.73,24.88,0,0
VTL_MV,D,20200302,000000,24.88,26.28,24.88,25.71,0,0
VTL_MV,D,20200303,000000,25.54,27.85,25.38,26.69,0,0
VTL_MV,D,20200304,000000,27.68,27.68,25.38,27.02,0,0
VTL_MV,D,20200305,000000,26.94,27.68,26.37,27.02,0,0
VTL_MV,D,20200306,000000,27.27,27.35,25.54,27.11,0,0
VTL_MV,D,20200309,000000,24.88,25.54,22.25,22.99,0,0
VTL_MV,D,20200310,000000,22.25,22.74,21.59,22.08,0,0
VTL_MV,D,20200311,000000,21.42,21.67,20.35,20.6,0,0
VTL_MV,D,20200312,000000,20.02,20.02,16.08,16.97,0,0
VTL_MV,D,20200313,000000,14.17,17.8,14.17,17.3,0,0
VTL_MV,D,20200316,000000,16.38,17.71,15.65,16.64,0,0
VTL_MV,D,20200317,000000,15.75,17.8,15.75,17.63,0,0
VTL_MV,D,20200318,000000,17.47,17.96,16.64,17.63,0,0
VTL_MV,D,20200319,000000,17.3,17.8,16.89,17.3,0,0
VTL_MV,D,20200320,000000,17.55,20.6,17.3,18.79,0,0
VTL_MV,D,20200323,000000,18.13,18.13,16.89,16.89,0,0
VTL_MV,D,20200324,000000,17.22,17.22,15.82,16.31,0,0
VTL_MV,D,20200325,000000,16.81,17.8,15.79,15.85,0,0
VTL_MV,D,20200326,000000,16.41,16.41,15.65,16.25,0,0
VTL_MV,D,20200327,000000,16.15,16.25,15.72,16.15,0,0
VTL_MV,D,20200330,000000,16.12,16.15,15.39,15.82,0,0
VTL_MV,D,20200331,000000,16.05,16.21,15.65,15.98,0,0
VTL_MV,D,20200401,000000,15.32,15.65,14.83,15.56,0,0
VTL_MV,D,20200402,000000,15.6,15.69,15.46,15.46,0,0
VTL_MV,D,20200403,000000,15.52,15.52,14.57,15.09,0,0
VTL_MV,D,20200406,000000,14.83,15.98,14.83,15.82,0,0
VTL_MV,D,20200407,000000,16.15,17.3,15.97,17.3,0,0
VTL_MV,D,20200408,000000,17.04,17.04,16.45,16.64,0,0
VTL_MV,D,20200409,000000,16.61,17.47,16.61,17.27,0,0
VTL_MV,D,20200414,000000,17.3,18.79,16.68,18.46,0,0
VTL_MV,D,20200415,000000,18.79,18.79,17.63,17.63,0,0
VTL_MV,D,20200416,000000,18.23,18.46,17.3,17.47,0,0
VTL_MV,D,20200417,000000,17.4,18.42,17.34,18.39,0,0
VTL_MV,D,20200420,000000,18.75,19.77,18.36,19.68,0,0
VTL_MV,D,20200421,000000,20.4,20.4,18.62,19.38,0,0
VTL_MV,D,20200422,000000,19.38,20.1,19.38,19.58,0,0
VTL_MV,D,20200423,000000,19.94,19.94,19.28,19.71,0,0
VTL_MV,D,20200424,000000,20.04,21.22,19.77,21.09,0,0
VTL_MV,D,20200427,000000,21.45,25.54,21.45,24.26,0,0
VTL_MV,D,20200428,000000,25.87,26.2,24.75,25.87,0,0
VTL_MV,D,20200429,000000,25.9,26.37,23.96,25.48,0,0
VTL_MV,D,20200430,000000,25.48,25.48,23.6,24.55,0,0
VTL_MV,D,20200504,000000,23.76,24.52,23.5,24.35,0,0
VTL_MV,D,20200505,000000,24.35,24.35,23.17,23.23,0,0
VTL_MV,D,20200506,000000,23.14,23.83,21.45,21.75,0,0
VTL_MV,D,20200507,000000,21.75,21.75,20.6,21.22,0,0
VTL_MV,D,20200508,000000,21.42,22.87,21.42,22.08,0,0
VTL_MV,D,20200511,000000,22.87,23.23,20.14,21.59,0,0
VTL_MV,D,20200512,000000,20.99,22.08,20.99,21.92,0,0
VTL_MV,D,20200513,000000,20.63,22.67,20.63,22.54,0,0
VTL_MV,D,20200514,000000,22.64,23.04,20.86,20.86,0,0
VTL_MV,D,20200515,000000,21.75,22.08,20.93,21.42,0,0
VTL_MV,D,20200518,000000,22.41,22.41,21.26,21.75,0,0
VTL_MV,D,20200519,000000,22.38,22.38,21.59,22.21,0,0
VTL_MV,D,20200520,000000,22.28,23.04,21.62,22.58,0,0
VTL_MV,D,20200521,000000,22.87,23.73,21.75,23.53,0,0
VTL_MV,D,20200522,000000,23.89,25.31,23.56,24.39,0,0
VTL_MV,D,20200525,000000,25.21,25.34,23.07,24.16,0,0
VTL_MV,D,20200526,000000,23.27,24.88,23.27,24.52,0,0
VTL_MV,D,20200527,000000,24.98,24.98,23.96,24.39,0,0
VTL_MV,D,20200528,000000,24.03,24.72,23.27,24.65,0,0
VTL_MV,D,20200529,000000,24.55,24.68,23.6,24.62,0,0
VTL_MV,D,20200601,000000,23.63,23.63,21.59,23,0,0
VTL_MV,D,20200602,000000,23.4,23.5,22.28,22.74,0,0
VTL_MV,D,20200603,000000,23.07,23.73,22.9,23.37,0,0
VTL_MV,D,20200604,000000,23.07,23.07,22.58,22.58,0,0
VTL_MV,D,20200605,000000,23.07,24.29,22.74,23.07,0,0
VTL_MV,D,20200608,000000,23.07,23.73,22.74,22.9,0,0
VTL_MV,D,20200609,000000,23.07,23.07,22.25,22.44,0,0
VTL_MV,D,20200610,000000,22.74,22.74,22.25,22.25,0,0
VTL_MV,D,20200612,000000,21.75,22.08,21.59,22.08,0,0
VTL_MV,D,20200615,000000,22.25,23.23,21.45,22.41,0,0
VTL_MV,D,20200616,000000,22.9,23.2,22.41,23.07,0,0
VTL_MV,D,20200617,000000,22.9,22.9,21.75,22.58,0,0
VTL_MV,D,20200618,000000,22.58,23.07,21.85,22.87,0,0
VTL_MV,D,20200619,000000,23.07,23.07,22.21,23,0,0
VTL_MV,D,20200622,000000,23.23,23.4,22.58,23.23,0,0
VTL_MV,D,20200623,000000,23.23,24.39,22.9,23.86,0,0
VTL_MV,D,20200624,000000,23.86,23.86,22.58,23.4,0,0
VTL_MV,D,20200625,000000,23.79,23.79,22.64,22.71,0,0
VTL_MV,D,20200626,000000,22.74,23.7,22.74,23.4,0,0
VTL_MV,D,20200629,000000,23.4,23.4,22.25,22.41,0,0
VTL_MV,D,20200630,000000,22.58,23.07,22.21,22.25,0,0
VTL_MV,D,20200701,000000,22.21,23.07,22.21,22.9,0,0
VTL_MV,D,20200702,000000,23.4,23.4,22.61,23.4,0,0
VTL_MV,D,20200703,000000,22.74,23.2,22.74,23.07,0,0
VTL_MV,D,20200706,000000,23.2,23.2,21.82,22.9,0,0
VTL_MV,D,20200707,000000,22.05,22.9,22.05,22.25,0,0
VTL_MV,D,20200708,000000,21.92,22.74,21.92,22.74,0,0
VTL_MV,D,20200709,000000,23.53,23.53,22.15,22.44,0,0
VTL_MV,D,20200710,000000,23.2,23.2,22.44,22.9,0,0
VTL_MV,D,20200713,000000,22.41,23.4,22.41,23.07,0,0
VTL_MV,D,20200714,000000,23.7,23.7,21.36,23.07,0,0
VTL_MV,D,20200715,000000,23.04,23.04,21.59,22.41,0,0
VTL_MV,D,20200716,000000,22.74,22.74,21.85,22.71,0,0
VTL_MV,D,20200717,000000,22.74,22.84,21.92,22.84,0,0
VTL_MV,D,20200720,000000,23.04,23.04,22.44,22.97,0,0
VTL_MV,D,20200721,000000,22.94,23,22.54,22.54,0,0
VTL_MV,D,20200722,000000,22.94,22.94,22.58,22.74,0,0
VTL_MV,D,20200723,000000,22.74,23.33,22.74,23.07,0,0
VTL_MV,D,20200724,000000,22.11,23.33,22.11,23.07,0,0
VTL_MV,D,20200727,000000,23.04,23.04,21.59,22.71,0,0
VTL_MV,D,20200728,000000,22.58,22.74,21.72,22.67,0,0
VTL_MV,D,20200729,000000,22.11,24.32,21.92,24.22,0,0
VTL_MV,D,20200730,000000,24.32,29.66,24.32,26.04,0,0
VTL_MV,D,20200731,000000,27.16,27.16,25.21,26.79,0,0
VTL_MV,D,20200803,000000,26.76,27.98,25.71,27.42,0,0
VTL_MV,D,20200804,000000,26.37,30.45,26.37,30.29,0,0
VTL_MV,D,20200805,000000,31.31,32.33,28.31,29.66,0,0
VTL_MV,D,20200806,000000,28.34,29.63,27.19,27.19,0,0
VTL_MV,D,20200807,000000,27.85,27.85,25.54,26.37,0,0
VTL_MV,D,20200810,000000,25.21,27.52,25.21,25.87,0,0
VTL_MV,D,20200811,000000,26.2,26.53,25.54,26.53,0,0
VTL_MV,D,20200812,000000,26.69,26.69,25.54,26.33,0,0
VTL_MV,D,20200813,000000,26.37,27.02,25.21,26.86,0,0
VTL_MV,D,20200814,000000,27.65,28.01,26.43,28.01,0,0
VTL_MV,D,20200817,000000,29.99,30.16,29.27,29.96,0,0
VTL_MV,D,20200818,000000,29.99,30.48,29.83,30.09,0,0
VTL_MV,D,20200819,000000,29.33,29.99,28.61,29.6,0,0
VTL_MV,D,20200820,000000,29.36,29.5,28.57,29.3,0,0
VTL_MV,D,20200821,000000,29.13,33.78,28.57,32.96,0,0
VTL_MV,D,20200824,000000,34.27,42.68,32.96,42.68,0,0
VTL_MV,D,20200825,000000,44.49,44.49,37.74,40.12,0,0
VTL_MV,D,20200826,000000,37.74,39.3,37.24,38.72,0,0
VTL_MV,D,20200827,000000,38.97,38.97,37.57,38.72,0,0
VTL_MV,D,20200828,000000,37.57,37.74,36.25,37.57,0,0
VTL_MV,D,20200831,000000,37.82,37.9,35.35,36.01,0,0
VTL_MV,D,20200901,000000,37.08,37.08,32.07,32.63,0,0
VTL_MV,D,20200902,000000,32.63,35.59,30.81,35.59,0,0
VTL_MV,D,20200903,000000,37.08,37.08,33.95,35.76,0,0
VTL_MV,D,20200904,000000,32.96,35.26,32.96,33.78,0,0
VTL_MV,D,20200907,000000,34.36,34.6,32.66,34.6,0,0
VTL_MV,D,20200908,000000,35.1,35.1,31.31,32.46,0,0
VTL_MV,D,20200909,000000,32.46,38.89,32.46,38.89,0,0
VTL_MV,D,20200910,000000,36.75,39.63,36.75,38.72,0,0
VTL_MV,D,20200911,000000,38.72,49.44,38.39,49.44,0,0
VTL_MV,D,20200914,000000,50.26,62.29,50.26,62.29,0,0
VTL_MV,D,20200915,000000,69.87,69.87,52.98,53.88,0,0
VTL_MV,D,20200916,000000,53.72,58.99,51.08,55.28,0,0
VTL_MV,D,20200917,000000,55.28,55.28,51.08,52.48,0,0
VTL_MV,D,20200918,000000,52.65,52.65,49.44,50.09,0,0
VTL_MV,D,20200921,000000,50.59,50.59,42.51,44.33,0,0
VTL_MV,D,20200922,000000,42.27,45.65,42.27,45.23,0,0
VTL_MV,D,20200923,000000,44.9,48.94,42.76,43.75,0,0
VTL_MV,D,20200924,000000,43.17,49.44,43.01,49.35,0,0
VTL_MV,D,20200925,000000,49.52,52.24,48.61,51.08,0,0
VTL_MV,D,20200928,000000,51.74,52.9,48.61,50.75,0,0
VTL_MV,D,20200929,000000,50.67,51.91,46.96,51.91,0,0
VTL_MV,D,20200930,000000,51.66,56.77,51.41,54.21,0,0
VTL_MV,D,20201001,000000,56.03,56.69,51.58,52.15,0,0
VTL_MV,D,20201002,000000,54.38,56.03,52.48,55.37,0,0
VTL_MV,D,20201005,000000,55.28,66.57,54.05,62.62,0,0
VTL_MV,D,20201006,000000,62.54,63.44,58,60.97,0,0
VTL_MV,D,20201007,000000,60.15,60.56,57.02,59.82,0,0
VTL_MV,D,20201008,000000,57.51,59.65,54.87,59.49,0,0
VTL_MV,D,20201009,000000,59.32,59.49,56.03,58.25,0,0
VTL_MV,D,20201012,000000,58.09,58.09,54.71,57.18,0,0
VTL_MV,D,20201013,000000,57.1,57.1,54.21,54.38,0,0
VTL_MV,D,20201014,000000,55.04,56.03,53.72,55.94,0,0
VTL_MV,D,20201015,000000,55.78,55.78,49.6,52.73,0,0
VTL_MV,D,20201016,000000,50.51,54.05,46.55,53.55,0,0
