<TICKER>,<PER>,<DATE>,<TIME>,<OPEN>,<HIGH>,<LOW>,<CLOSE>,<VOL>,<OPENINT>
WTN_PB,D,20151109,000000,3.8086,3.8086,3.8086,3.8086,0,0
WTN_PB,D,20151110,000000,3.8086,3.9646,3.669,3.6937,0,0
WTN_PB,D,20151112,000000,3.8825,3.8825,3.6937,3.743,0,0
WTN_PB,D,20151113,000000,3.7758,3.7758,3.7347,3.7512,0,0
WTN_PB,D,20151116,000000,3.7512,3.7512,3.7102,3.7102,0,0
WTN_PB,D,20151117,000000,3.7512,3.7512,3.7102,3.7102,0,0
WTN_PB,D,20151118,000000,3.7512,3.7512,3.6772,3.6937,0,0
WTN_PB,D,20151119,000000,3.6772,3.7102,3.6772,3.7102,0,0
WTN_PB,D,20151120,000000,3.7512,3.7512,3.7102,3.7102,0,0
WTN_PB,D,20151123,000000,3.7102,3.7102,3.5624,3.5624,0,0
WTN_PB,D,20151124,000000,3.669,3.669,3.669,3.669,0,0
WTN_PB,D,20151125,000000,3.6281,3.6281,3.6281,3.6281,0,0
WTN_PB,D,20151126,000000,3.669,3.669,3.669,3.669,0,0
WTN_PB,D,20151127,000000,3.669,3.669,3.669,3.669,0,0
WTN_PB,D,20151130,000000,3.6281,3.743,3.6281,3.743,0,0
WTN_PB,D,20151201,000000,3.5788,3.9646,3.39,3.9646,0,0
WTN_PB,D,20151202,000000,3.9646,3.9646,3.9071,3.9071,0,0
WTN_PB,D,20151203,000000,3.6937,3.7265,3.6937,3.7265,0,0
WTN_PB,D,20151204,000000,3.6937,3.9071,3.4639,3.9071,0,0
WTN_PB,D,20151207,000000,3.9235,3.9235,3.6937,3.6937,0,0
WTN_PB,D,20151208,000000,3.7347,3.9481,3.7347,3.9071,0,0
WTN_PB,D,20151209,000000,3.7018,3.9071,3.7018,3.9071,0,0
WTN_PB,D,20151210,000000,3.9071,3.9071,3.9071,3.9071,0,0
WTN_PB,D,20151211,000000,3.9071,3.9071,3.9071,3.9071,0,0
WTN_PB,D,20151214,000000,3.9071,3.9071,3.6772,3.6772,0,0
WTN_PB,D,20151215,000000,3.546,3.743,3.546,3.6526,0,0
WTN_PB,D,20151216,000000,3.6444,3.7512,3.5624,3.6526,0,0
WTN_PB,D,20151217,000000,3.5624,3.6609,3.546,3.5624,0,0
WTN_PB,D,20151218,000000,3.4721,3.5624,3.4721,3.5296,0,0
WTN_PB,D,20151221,000000,3.4721,3.4721,3.4475,3.4475,0,0
WTN_PB,D,20151222,000000,3.4884,3.4884,3.4475,3.4475,0,0
WTN_PB,D,20151223,000000,3.3325,3.4721,3.3325,3.4393,0,0
WTN_PB,D,20151228,000000,3.4393,3.6609,3.4393,3.6609,0,0
WTN_PB,D,20151229,000000,3.5705,3.5705,3.4556,3.5624,0,0
WTN_PB,D,20151230,000000,3.5624,3.9071,3.5624,3.9071,0,0
WTN_PB,D,20160104,000000,3.9071,3.9071,3.7922,3.7922,0,0
WTN_PB,D,20160105,000000,3.5705,3.9071,3.5705,3.6772,0,0
WTN_PB,D,20160107,000000,3.6937,3.7183,3.6772,3.6772,0,0
WTN_PB,D,20160108,000000,3.6937,3.6937,3.4475,3.5705,0,0
WTN_PB,D,20160111,000000,3.4556,3.6609,3.4556,3.6609,0,0
WTN_PB,D,20160113,000000,3.4639,3.4639,3.4475,3.4556,0,0
WTN_PB,D,20160114,000000,3.4721,3.4721,3.4475,3.4556,0,0
WTN_PB,D,20160115,000000,3.4064,3.5952,3.3325,3.3325,0,0
WTN_PB,D,20160118,000000,3.3489,3.3489,3.3489,3.3489,0,0
WTN_PB,D,20160119,000000,3.4475,3.5213,3.3572,3.3572,0,0
WTN_PB,D,20160120,000000,3.2915,3.3243,3.2176,3.3243,0,0
WTN_PB,D,20160121,000000,3.234,3.3325,3.2259,3.3325,0,0
WTN_PB,D,20160122,000000,3.3325,3.3325,3.3243,3.3243,0,0
WTN_PB,D,20160125,000000,3.3243,3.3325,3.3243,3.3325,0,0
WTN_PB,D,20160126,000000,3.2915,3.2915,3.2915,3.2915,0,0
WTN_PB,D,20160127,000000,3.2915,3.3161,3.2587,3.2587,0,0
WTN_PB,D,20160128,000000,3.3325,3.3325,3.3079,3.3161,0,0
WTN_PB,D,20160129,000000,3.3161,3.3161,3.2422,3.2422,0,0
WTN_PB,D,20160201,000000,3.3818,3.4475,3.3818,3.4475,0,0
WTN_PB,D,20160202,000000,3.5213,3.5213,3.4475,3.4475,0,0
WTN_PB,D,20160203,000000,3.5624,3.5624,3.5624,3.5624,0,0
WTN_PB,D,20160204,000000,3.5624,3.5624,3.5624,3.5624,0,0
WTN_PB,D,20160208,000000,3.5624,3.5624,3.3325,3.3325,0,0
WTN_PB,D,20160209,000000,3.3325,3.3325,3.3325,3.3325,0,0
WTN_PB,D,20160210,000000,3.3325,3.3818,3.3325,3.3818,0,0
WTN_PB,D,20160215,000000,3.2751,3.4475,3.2751,3.3818,0,0
WTN_PB,D,20160218,000000,3.2259,3.3161,3.1027,3.1027,0,0
WTN_PB,D,20160219,000000,3.1273,3.2176,3.1027,3.193,0,0
WTN_PB,D,20160222,000000,3.1766,3.1766,3.1191,3.1191,0,0
WTN_PB,D,20160223,000000,3.1766,3.1766,3.1273,3.1273,0,0
WTN_PB,D,20160224,000000,3.193,3.2176,3.1766,3.2176,0,0
WTN_PB,D,20160225,000000,3.3325,3.4475,3.3325,3.4228,0,0
WTN_PB,D,20160226,000000,3.4228,3.4228,3.3243,3.3325,0,0
WTN_PB,D,20160229,000000,3.3325,3.3325,3.2176,3.3325,0,0
WTN_PB,D,20160301,000000,3.3325,3.3325,3.3325,3.3325,0,0
WTN_PB,D,20160302,000000,3.3325,3.3325,3.2751,3.3325,0,0
WTN_PB,D,20160303,000000,3.3325,3.4475,3.3325,3.4475,0,0
WTN_PB,D,20160304,000000,3.4968,3.6526,3.4884,3.5213,0,0
WTN_PB,D,20160307,000000,3.6116,3.669,3.5213,3.6116,0,0
WTN_PB,D,20160308,000000,3.7512,3.7512,3.6772,3.7347,0,0
WTN_PB,D,20160309,000000,3.743,3.743,3.7347,3.7347,0,0
WTN_PB,D,20160310,000000,3.7676,3.8907,3.7676,3.8825,0,0
WTN_PB,D,20160311,000000,3.8907,3.9318,3.8907,3.9318,0,0
WTN_PB,D,20160314,000000,3.9318,3.9318,3.8907,3.9235,0,0
WTN_PB,D,20160315,000000,3.825,3.9564,3.825,3.9564,0,0
WTN_PB,D,20160316,000000,3.9564,3.9974,3.9564,3.9974,0,0
WTN_PB,D,20160317,000000,3.981,4.0055,3.9564,3.9564,0,0
WTN_PB,D,20160318,000000,3.9318,3.9318,2.4707,2.4707,0,0
WTN_PB,D,20160321,000000,2.4707,2.5364,2.4296,2.5364,0,0
WTN_PB,D,20160322,000000,2.5364,2.5364,2.4214,2.4214,0,0
WTN_PB,D,20160323,000000,2.4214,2.4952,2.4214,2.4952,0,0
WTN_PB,D,20160324,000000,2.4952,2.4952,2.4543,2.4543,0,0
WTN_PB,D,20160329,000000,2.4707,2.4707,2.323,2.4132,0,0
WTN_PB,D,20160330,000000,2.4132,2.4132,2.405,2.405,0,0
WTN_PB,D,20160331,000000,2.4132,2.4543,2.3968,2.4543,0,0
WTN_PB,D,20160401,000000,2.4789,2.4789,2.4543,2.4543,0,0
WTN_PB,D,20160404,000000,2.4543,2.4543,2.4543,2.4543,0,0
WTN_PB,D,20160405,000000,2.4543,2.4543,2.3804,2.4543,0,0
WTN_PB,D,20160406,000000,2.4543,2.4543,2.446,2.446,0,0
WTN_PB,D,20160407,000000,2.446,2.4543,2.3722,2.4543,0,0
WTN_PB,D,20160408,000000,2.4543,2.5281,2.446,2.5281,0,0
WTN_PB,D,20160411,000000,2.5281,2.5364,2.4624,2.5281,0,0
WTN_PB,D,20160412,000000,2.5364,2.5364,2.4871,2.5281,0,0
WTN_PB,D,20160413,000000,2.5364,2.5364,2.5117,2.5364,0,0
WTN_PB,D,20160414,000000,2.5117,2.5364,2.4543,2.5364,0,0
WTN_PB,D,20160415,000000,2.5364,2.5364,2.5364,2.5364,0,0
WTN_PB,D,20160418,000000,2.5364,2.5445,2.4543,2.4543,0,0
WTN_PB,D,20160419,000000,2.5364,2.5364,2.4543,2.5364,0,0
WTN_PB,D,20160420,000000,2.5364,2.5445,2.5364,2.5364,0,0
WTN_PB,D,20160421,000000,2.5364,2.5364,2.4543,2.5364,0,0
WTN_PB,D,20160422,000000,2.5364,2.5364,2.4789,2.5364,0,0
WTN_PB,D,20160425,000000,2.5364,2.5527,2.5364,2.5527,0,0
WTN_PB,D,20160426,000000,2.5281,2.5364,2.5117,2.5364,0,0
WTN_PB,D,20160427,000000,2.5364,2.5364,2.5364,2.5364,0,0
WTN_PB,D,20160428,000000,2.5364,2.5364,2.5364,2.5364,0,0
WTN_PB,D,20160429,000000,2.5117,2.561,2.4543,2.561,0,0
WTN_PB,D,20160502,000000,2.561,2.561,2.5281,2.5527,0,0
WTN_PB,D,20160504,000000,2.5663,2.6601,2.5663,2.6601,0,0
WTN_PB,D,20160505,000000,2.6517,2.6517,2.6174,2.6431,0,0
WTN_PB,D,20160506,000000,2.6345,2.6345,2.5749,2.626,0,0
WTN_PB,D,20160509,000000,2.6345,2.6345,2.3958,2.6089,0,0
WTN_PB,D,20160510,000000,2.626,2.626,2.5663,2.6089,0,0
WTN_PB,D,20160511,000000,2.6089,2.6089,2.4896,2.5749,0,0
WTN_PB,D,20160512,000000,2.5919,2.5919,2.5493,2.5493,0,0
WTN_PB,D,20160513,000000,2.5493,2.5919,2.5493,2.5493,0,0
WTN_PB,D,20160516,000000,2.5408,2.5493,2.5408,2.5493,0,0
WTN_PB,D,20160517,000000,2.5493,2.5749,2.4981,2.5322,0,0
WTN_PB,D,20160518,000000,2.4981,2.5493,2.4726,2.4726,0,0
WTN_PB,D,20160519,000000,2.4726,2.4896,2.4726,2.4726,0,0
WTN_PB,D,20160520,000000,2.4726,2.5322,2.447,2.5322,0,0
WTN_PB,D,20160523,000000,2.4555,2.5749,2.4555,2.4981,0,0
WTN_PB,D,20160524,000000,2.4811,2.5151,2.4811,2.5066,0,0
WTN_PB,D,20160525,000000,2.5151,2.5237,2.5151,2.5237,0,0
WTN_PB,D,20160527,000000,2.5322,2.5578,2.5237,2.5578,0,0
WTN_PB,D,20160530,000000,2.5578,2.5578,2.3872,2.4981,0,0
WTN_PB,D,20160531,000000,2.5322,2.5322,2.3105,2.3532,0,0
WTN_PB,D,20160601,000000,2.3788,2.3788,2.3703,2.3703,0,0
WTN_PB,D,20160602,000000,2.4214,2.4214,2.3532,2.3532,0,0
WTN_PB,D,20160603,000000,2.4043,2.4043,2.3703,2.3703,0,0
WTN_PB,D,20160606,000000,2.3703,2.3958,2.2082,2.2764,0,0
WTN_PB,D,20160607,000000,2.2935,2.3191,2.2764,2.3191,0,0
WTN_PB,D,20160608,000000,2.3191,2.3191,2.3191,2.3191,0,0
WTN_PB,D,20160609,000000,2.3191,2.3191,2.3105,2.3191,0,0
WTN_PB,D,20160610,000000,2.3191,2.3191,2.3191,2.3191,0,0
WTN_PB,D,20160613,000000,2.3105,2.3105,2.3105,2.3105,0,0
WTN_PB,D,20160614,000000,2.3105,2.3105,2.123,2.2764,0,0
WTN_PB,D,20160615,000000,2.2764,2.2764,2.2082,2.2764,0,0
WTN_PB,D,20160616,000000,2.2764,2.2764,2.1826,2.2764,0,0
WTN_PB,D,20160617,000000,2.3105,2.3105,2.2764,2.3105,0,0
WTN_PB,D,20160620,000000,2.3105,2.3703,2.3105,2.3703,0,0
WTN_PB,D,20160621,000000,2.43,2.43,2.4214,2.4214,0,0
WTN_PB,D,20160622,000000,2.43,2.4981,2.43,2.4981,0,0
WTN_PB,D,20160623,000000,2.4981,2.5066,2.4981,2.4981,0,0
WTN_PB,D,20160624,000000,2.3276,2.4811,2.3276,2.4726,0,0
WTN_PB,D,20160627,000000,2.4811,2.4811,2.3276,2.3532,0,0
WTN_PB,D,20160628,000000,2.3532,2.3532,2.3532,2.3532,0,0
WTN_PB,D,20160629,000000,2.4811,2.4811,2.3532,2.3788,0,0
WTN_PB,D,20160630,000000,2.4811,2.4811,2.3958,2.3958,0,0
WTN_PB,D,20160701,000000,2.3958,2.3958,2.3958,2.3958,0,0
WTN_PB,D,20160704,000000,2.3958,2.3958,2.3703,2.3703,0,0
WTN_PB,D,20160705,000000,2.3958,2.3958,2.3958,2.3958,0,0
WTN_PB,D,20160706,000000,2.4726,2.4726,2.4043,2.464,0,0
WTN_PB,D,20160707,000000,2.4555,2.4726,2.4214,2.4726,0,0
WTN_PB,D,20160708,000000,2.4726,2.4811,2.4726,2.4811,0,0
WTN_PB,D,20160711,000000,2.4811,2.4981,2.4555,2.4981,0,0
WTN_PB,D,20160712,000000,2.4981,2.4981,2.4981,2.4981,0,0
WTN_PB,D,20160713,000000,2.4896,2.5322,2.4896,2.5322,0,0
WTN_PB,D,20160714,000000,2.5322,2.5322,2.5237,2.5237,0,0
WTN_PB,D,20160715,000000,2.5322,2.5322,2.5237,2.5237,0,0
WTN_PB,D,20160718,000000,2.5237,2.5237,2.4981,2.4981,0,0
WTN_PB,D,20160719,000000,2.5237,2.5322,2.5237,2.5322,0,0
WTN_PB,D,20160720,000000,2.5322,2.5322,2.4555,2.5322,0,0
WTN_PB,D,20160721,000000,2.5237,2.5237,2.4981,2.5237,0,0
WTN_PB,D,20160722,000000,2.5237,2.5237,2.5237,2.5237,0,0
WTN_PB,D,20160725,000000,2.5237,2.5237,2.5237,2.5237,0,0
WTN_PB,D,20160726,000000,2.5237,2.5237,2.5237,2.5237,0,0
WTN_PB,D,20160727,000000,2.5237,2.5237,2.5237,2.5237,0,0
WTN_PB,D,20160728,000000,2.5237,2.5237,2.4384,2.5237,0,0
WTN_PB,D,20160729,000000,2.5237,2.5237,2.5237,2.5237,0,0
WTN_PB,D,20160801,000000,2.5237,2.5237,2.4981,2.4981,0,0
WTN_PB,D,20160802,000000,2.4896,2.4896,2.4128,2.4896,0,0
WTN_PB,D,20160803,000000,2.4811,2.4981,2.4811,2.4981,0,0
WTN_PB,D,20160804,000000,2.4981,2.4981,2.4981,2.4981,0,0
WTN_PB,D,20160805,000000,2.4981,2.4981,2.4981,2.4981,0,0
WTN_PB,D,20160808,000000,2.4981,2.4981,2.3788,2.4811,0,0
WTN_PB,D,20160809,000000,2.4811,2.4811,2.3532,2.3532,0,0
WTN_PB,D,20160810,000000,2.3703,2.43,2.3532,2.43,0,0
WTN_PB,D,20160811,000000,2.4981,2.4981,2.464,2.464,0,0
WTN_PB,D,20160812,000000,2.4981,2.4981,2.3532,2.4726,0,0
WTN_PB,D,20160816,000000,2.4981,2.4981,2.4811,2.4981,0,0
WTN_PB,D,20160817,000000,2.4981,2.5151,2.4981,2.5151,0,0
WTN_PB,D,20160818,000000,2.4981,2.5322,2.4981,2.5322,0,0
WTN_PB,D,20160819,000000,2.5322,2.5408,2.5322,2.5408,0,0
WTN_PB,D,20160822,000000,2.5493,2.6174,2.5493,2.6174,0,0
WTN_PB,D,20160823,000000,2.6431,2.6431,2.6089,2.6431,0,0
WTN_PB,D,20160824,000000,2.6431,2.6943,2.6431,2.6431,0,0
WTN_PB,D,20160825,000000,2.6431,2.7028,2.6431,2.7028,0,0
WTN_PB,D,20160826,000000,2.6089,2.6943,2.5749,2.6943,0,0
WTN_PB,D,20160829,000000,2.6857,2.6857,2.6431,2.6772,0,0
WTN_PB,D,20160830,000000,2.6772,2.6772,2.6431,2.6431,0,0
WTN_PB,D,20160831,000000,2.6601,2.6601,2.5408,2.6431,0,0
WTN_PB,D,20160901,000000,2.6431,2.6431,2.5322,2.6345,0,0
WTN_PB,D,20160902,000000,2.6089,2.6089,2.6089,2.6089,0,0
WTN_PB,D,20160905,000000,2.5578,2.7283,2.4811,2.7283,0,0
WTN_PB,D,20160906,000000,2.7198,2.7198,2.6601,2.6601,0,0
WTN_PB,D,20160907,000000,2.6687,2.6687,2.6174,2.6431,0,0
WTN_PB,D,20160908,000000,2.6517,2.6517,2.6174,2.6174,0,0
WTN_PB,D,20160909,000000,2.5919,2.5919,2.5493,2.5834,0,0
WTN_PB,D,20160912,000000,2.5749,2.5749,2.5322,2.5322,0,0
WTN_PB,D,20160913,000000,2.5322,2.5408,2.5237,2.5408,0,0
WTN_PB,D,20160914,000000,2.5408,2.5834,2.5408,2.5834,0,0
WTN_PB,D,20160915,000000,2.5834,2.5834,2.5663,2.5834,0,0
WTN_PB,D,20160916,000000,2.5834,2.6772,2.5663,2.6772,0,0
WTN_PB,D,20160919,000000,2.6772,2.6772,2.5834,2.6601,0,0
WTN_PB,D,20160920,000000,2.6431,2.6431,2.6345,2.6345,0,0
WTN_PB,D,20160921,000000,2.6345,2.6345,2.6089,2.6174,0,0
WTN_PB,D,20160922,000000,2.6431,2.6431,2.5578,2.5834,0,0
WTN_PB,D,20160923,000000,2.6517,2.6517,2.6345,2.6345,0,0
WTN_PB,D,20160926,000000,2.6345,2.6345,2.5663,2.5663,0,0
WTN_PB,D,20160927,000000,2.5578,2.5578,2.5578,2.5578,0,0
WTN_PB,D,20160928,000000,2.5663,2.6004,2.5663,2.6004,0,0
WTN_PB,D,20160929,000000,2.5919,2.5919,2.5663,2.5834,0,0
WTN_PB,D,20160930,000000,2.5663,2.6772,2.5578,2.6687,0,0
WTN_PB,D,20161003,000000,2.7368,2.8051,2.6089,2.8051,0,0
WTN_PB,D,20161004,000000,2.788,2.788,2.788,2.788,0,0
WTN_PB,D,20161005,000000,2.788,2.788,2.788,2.788,0,0
WTN_PB,D,20161006,000000,2.788,2.8051,2.6857,2.6857,0,0
WTN_PB,D,20161007,000000,2.6943,2.771,2.6857,2.771,0,0
WTN_PB,D,20161010,000000,2.7966,2.7966,2.6857,2.788,0,0
WTN_PB,D,20161011,000000,2.7795,2.7795,2.7198,2.754,0,0
WTN_PB,D,20161012,000000,2.788,2.788,2.7283,2.771,0,0
WTN_PB,D,20161013,000000,2.771,2.771,2.7454,2.7625,0,0
WTN_PB,D,20161014,000000,2.771,2.7795,2.7625,2.7795,0,0
WTN_PB,D,20161017,000000,2.7795,2.8221,2.754,2.8221,0,0
WTN_PB,D,20161018,000000,2.8221,2.8306,2.8051,2.8306,0,0
WTN_PB,D,20161019,000000,2.8391,2.8477,2.8391,2.8391,0,0
WTN_PB,D,20161020,000000,2.8391,2.8477,2.8051,2.8477,0,0
WTN_PB,D,20161021,000000,2.8477,3.0353,2.8477,3.0353,0,0
WTN_PB,D,20161024,000000,3.0268,3.0694,2.9926,3.0694,0,0
WTN_PB,D,20161025,000000,3.0949,3.0949,3.0523,3.078,0,0
WTN_PB,D,20161026,000000,3.0694,3.0694,2.9757,3.0608,0,0
WTN_PB,D,20161027,000000,3.0608,3.1376,3.0523,3.1376,0,0
WTN_PB,D,20161028,000000,3.1546,3.1546,3.1546,3.1546,0,0
WTN_PB,D,20161031,000000,3.1631,3.1631,3.1546,3.1546,0,0
WTN_PB,D,20161102,000000,3.0694,3.1546,3.0694,3.1546,0,0
WTN_PB,D,20161103,000000,3.0694,3.1291,3.0694,3.1291,0,0
WTN_PB,D,20161104,000000,3.1546,3.1546,3.1546,3.1546,0,0
WTN_PB,D,20161107,000000,2.9245,3.0523,2.9245,3.0523,0,0
WTN_PB,D,20161108,000000,3.0268,3.0865,2.9926,3.0353,0,0
WTN_PB,D,20161109,000000,2.9926,2.9926,2.9926,2.9926,0,0
WTN_PB,D,20161110,000000,2.9926,2.9926,2.9926,2.9926,0,0
WTN_PB,D,20161114,000000,2.9926,2.9926,2.8391,2.9757,0,0
WTN_PB,D,20161115,000000,2.9159,2.9159,2.8391,2.8391,0,0
WTN_PB,D,20161116,000000,2.8818,2.8818,2.6943,2.6943,0,0
WTN_PB,D,20161117,000000,2.8306,2.8306,2.754,2.754,0,0
WTN_PB,D,20161118,000000,2.8306,2.8306,2.6345,2.6772,0,0
WTN_PB,D,20161121,000000,2.6345,2.6601,2.6004,2.6601,0,0
WTN_PB,D,20161122,000000,2.6601,2.6601,2.6601,2.6601,0,0
WTN_PB,D,20161123,000000,2.6601,2.6772,2.5578,2.6772,0,0
WTN_PB,D,20161124,000000,2.6772,2.6772,2.5493,2.6174,0,0
WTN_PB,D,20161125,000000,2.6517,2.6517,2.5663,2.5663,0,0
WTN_PB,D,20161128,000000,2.5493,2.754,2.5493,2.754,0,0
WTN_PB,D,20161129,000000,2.6772,2.6772,2.6174,2.6174,0,0
WTN_PB,D,20161130,000000,2.754,2.754,2.5834,2.6772,0,0
WTN_PB,D,20161201,000000,2.754,2.754,2.626,2.626,0,0
WTN_PB,D,20161202,000000,2.626,2.626,2.5663,2.6174,0,0
WTN_PB,D,20161205,000000,2.6601,2.6601,2.5066,2.6601,0,0
WTN_PB,D,20161206,000000,2.6601,2.6601,2.5834,2.6004,0,0
WTN_PB,D,20161207,000000,2.6174,2.6174,2.6004,2.6004,0,0
WTN_PB,D,20161208,000000,2.6601,2.6601,2.5408,2.6004,0,0
WTN_PB,D,20161209,000000,2.6174,2.6174,2.6174,2.6174,0,0
WTN_PB,D,20161212,000000,2.6345,2.6345,2.6345,2.6345,0,0
WTN_PB,D,20161213,000000,2.6345,2.6345,2.6345,2.6345,0,0
WTN_PB,D,20161214,000000,2.6345,2.6345,2.6345,2.6345,0,0
WTN_PB,D,20161215,000000,2.6345,2.6345,2.6004,2.6004,0,0
WTN_PB,D,20161216,000000,2.6345,2.6345,2.6004,2.6004,0,0
WTN_PB,D,20161219,000000,2.6345,2.6345,2.5408,2.5578,0,0
WTN_PB,D,20161220,000000,2.5578,2.5578,2.4896,2.5408,0,0
WTN_PB,D,20161221,000000,2.5408,2.5578,2.5408,2.5578,0,0
WTN_PB,D,20161222,000000,2.5578,2.5578,2.5578,2.5578,0,0
WTN_PB,D,20161223,000000,2.5578,2.5578,2.5493,2.5493,0,0
WTN_PB,D,20161227,000000,2.5578,2.5578,2.447,2.447,0,0
WTN_PB,D,20161228,000000,2.5578,2.5578,2.5493,2.5493,0,0
WTN_PB,D,20161229,000000,2.5578,2.5578,2.5493,2.5493,0,0
WTN_PB,D,20161230,000000,2.5493,2.6772,2.5493,2.5749,0,0
WTN_PB,D,20170102,000000,2.5578,2.7112,2.5066,2.7112,0,0
WTN_PB,D,20170103,000000,2.6772,2.6772,2.6517,2.6517,0,0
WTN_PB,D,20170104,000000,2.6517,2.6687,2.6004,2.6687,0,0
WTN_PB,D,20170105,000000,2.6601,2.6687,2.6431,2.6687,0,0
WTN_PB,D,20170109,000000,2.6687,2.6687,2.626,2.6601,0,0
WTN_PB,D,20170110,000000,2.6772,2.6772,2.5578,2.5834,0,0
WTN_PB,D,20170111,000000,2.6772,2.6772,2.5237,2.6089,0,0
WTN_PB,D,20170112,000000,2.6089,2.6089,2.5237,2.6089,0,0
WTN_PB,D,20170113,000000,2.6089,2.6089,2.5322,2.5663,0,0
WTN_PB,D,20170116,000000,2.5578,2.6089,2.5578,2.6089,0,0
WTN_PB,D,20170117,000000,2.6089,2.6089,2.5663,2.5663,0,0
WTN_PB,D,20170118,000000,2.5663,2.5663,2.5578,2.5578,0,0
WTN_PB,D,20170119,000000,2.6089,2.6089,2.6089,2.6089,0,0
WTN_PB,D,20170120,000000,2.6089,2.6089,2.5663,2.6004,0,0
WTN_PB,D,20170123,000000,2.5834,2.5834,2.5322,2.5834,0,0
WTN_PB,D,20170124,000000,2.6004,2.6004,2.5663,2.6004,0,0
WTN_PB,D,20170125,000000,2.6004,2.6089,2.5919,2.6089,0,0
WTN_PB,D,20170126,000000,2.5749,2.8306,2.5749,2.8306,0,0
WTN_PB,D,20170127,000000,2.771,2.771,2.7625,2.7625,0,0
WTN_PB,D,20170130,000000,2.754,2.754,2.6943,2.6943,0,0
WTN_PB,D,20170131,000000,2.6943,2.8221,2.6089,2.7625,0,0
WTN_PB,D,20170201,000000,2.7966,2.7966,2.754,2.754,0,0
WTN_PB,D,20170202,000000,2.7966,2.7966,2.771,2.771,0,0
WTN_PB,D,20170203,000000,2.771,2.771,2.7283,2.7625,0,0
WTN_PB,D,20170206,000000,2.788,2.788,2.7028,2.7028,0,0
WTN_PB,D,20170207,000000,2.754,2.754,2.754,2.754,0,0
WTN_PB,D,20170208,000000,2.754,2.754,2.7112,2.7112,0,0
WTN_PB,D,20170209,000000,2.7368,2.7368,2.6601,2.7368,0,0
WTN_PB,D,20170210,000000,2.7368,2.7368,2.6772,2.6772,0,0
WTN_PB,D,20170213,000000,2.7368,2.7368,2.6089,2.6431,0,0
WTN_PB,D,20170214,000000,2.7198,2.7198,2.7198,2.7198,0,0
WTN_PB,D,20170215,000000,2.7198,2.7368,2.7198,2.7283,0,0
WTN_PB,D,20170216,000000,2.7368,2.7368,2.7198,2.7198,0,0
WTN_PB,D,20170217,000000,2.7112,2.7112,2.6174,2.7112,0,0
WTN_PB,D,20170220,000000,2.7112,2.7112,2.7028,2.7028,0,0
WTN_PB,D,20170221,000000,2.7028,2.7028,2.6089,2.6345,0,0
WTN_PB,D,20170222,000000,2.6345,2.7112,2.6345,2.7112,0,0
WTN_PB,D,20170223,000000,2.7112,2.7112,2.7112,2.7112,0,0
WTN_PB,D,20170224,000000,2.7112,2.7112,2.6687,2.7112,0,0
WTN_PB,D,20170227,000000,2.6174,2.6174,2.6174,2.6174,0,0
WTN_PB,D,20170228,000000,2.6943,2.6943,2.5663,2.6004,0,0
WTN_PB,D,20170301,000000,2.6772,2.6772,2.6004,2.6089,0,0
WTN_PB,D,20170302,000000,2.6772,2.6772,2.5322,2.5578,0,0
WTN_PB,D,20170303,000000,2.6004,2.6004,2.5237,2.6004,0,0
WTN_PB,D,20170306,000000,2.6004,2.6431,2.6004,2.6004,0,0
WTN_PB,D,20170307,000000,2.6089,2.6431,2.6004,2.6431,0,0
WTN_PB,D,20170308,000000,2.6687,2.6687,2.5066,2.5151,0,0
WTN_PB,D,20170309,000000,2.5151,2.5834,2.5066,2.5834,0,0
WTN_PB,D,20170310,000000,2.5749,2.5749,2.5663,2.5663,0,0
WTN_PB,D,20170313,000000,2.5749,2.6004,2.5749,2.6004,0,0
WTN_PB,D,20170314,000000,2.6004,2.6431,2.5322,2.6431,0,0
WTN_PB,D,20170315,000000,2.6601,2.6601,2.6345,2.6345,0,0
WTN_PB,D,20170316,000000,2.6601,2.6601,2.6345,2.6431,0,0
WTN_PB,D,20170317,000000,2.6601,2.6601,2.6431,2.6431,0,0
WTN_PB,D,20170320,000000,2.6431,2.6431,2.626,2.626,0,0
WTN_PB,D,20170321,000000,2.6431,2.6431,2.6345,2.6345,0,0
WTN_PB,D,20170322,000000,2.6345,2.6345,2.5663,2.6089,0,0
WTN_PB,D,20170323,000000,2.6089,2.6089,2.5663,2.5663,0,0
WTN_PB,D,20170324,000000,2.6004,2.6004,2.5322,2.6004,0,0
WTN_PB,D,20170327,000000,2.6345,2.6345,2.5408,2.6345,0,0
WTN_PB,D,20170328,000000,2.6345,2.6345,2.6004,2.6004,0,0
WTN_PB,D,20170329,000000,2.6345,2.6345,2.6004,2.6004,0,0
WTN_PB,D,20170330,000000,2.6345,2.6345,2.5834,2.6345,0,0
WTN_PB,D,20170331,000000,2.6431,2.7112,2.4128,2.4128,0,0
WTN_PB,D,20170403,000000,2.447,2.447,2.43,2.43,0,0
WTN_PB,D,20170404,000000,2.43,2.43,2.43,2.43,0,0
WTN_PB,D,20170405,000000,2.447,2.4811,2.3872,2.3872,0,0
WTN_PB,D,20170406,000000,2.4811,2.4811,2.43,2.43,0,0
WTN_PB,D,20170407,000000,2.4214,2.4214,2.3447,2.3617,0,0
WTN_PB,D,20170410,000000,2.4384,2.4384,2.3872,2.4384,0,0
WTN_PB,D,20170411,000000,2.43,2.43,2.4128,2.4214,0,0
WTN_PB,D,20170412,000000,2.43,2.4811,2.4214,2.4811,0,0
WTN_PB,D,20170413,000000,2.4811,2.4811,2.4555,2.4555,0,0
WTN_PB,D,20170418,000000,2.4555,2.4555,2.3872,2.4555,0,0
WTN_PB,D,20170419,000000,2.4555,2.4555,2.3872,2.4384,0,0
WTN_PB,D,20170420,000000,2.3617,2.447,2.3447,2.447,0,0
WTN_PB,D,20170421,000000,2.3958,2.3958,2.3958,2.3958,0,0
WTN_PB,D,20170424,000000,2.447,2.447,2.3872,2.3872,0,0
WTN_PB,D,20170425,000000,2.447,2.447,2.4128,2.4128,0,0
WTN_PB,D,20170426,000000,2.447,2.447,2.3872,2.447,0,0
WTN_PB,D,20170427,000000,2.447,2.5493,2.447,2.5408,0,0
WTN_PB,D,20170428,000000,2.5408,2.5408,2.4896,2.5066,0,0
WTN_PB,D,20170502,000000,2.5408,2.5408,2.5322,2.5322,0,0
WTN_PB,D,20170504,000000,2.5408,2.5408,2.5237,2.5237,0,0
WTN_PB,D,20170505,000000,2.5237,2.5237,2.5151,2.5151,0,0
WTN_PB,D,20170508,000000,2.5237,2.6004,2.5237,2.6004,0,0
WTN_PB,D,20170509,000000,2.6004,2.7198,2.6004,2.7112,0,0
WTN_PB,D,20170510,000000,2.7283,2.7283,2.6089,2.6857,0,0
WTN_PB,D,20170511,000000,2.6943,2.6943,2.5919,2.6772,0,0
WTN_PB,D,20170512,000000,2.6687,2.6687,2.6174,2.6174,0,0
WTN_PB,D,20170515,000000,2.6772,2.6857,2.6601,2.6857,0,0
WTN_PB,D,20170516,000000,2.6772,2.6772,2.4384,2.5493,0,0
WTN_PB,D,20170517,000000,2.5493,2.5493,2.5493,2.5493,0,0
WTN_PB,D,20170518,000000,2.5493,2.5493,2.4811,2.5237,0,0
WTN_PB,D,20170519,000000,2.5066,2.5408,2.5066,2.5408,0,0
WTN_PB,D,20170522,000000,2.5408,2.6517,2.4811,2.4896,0,0
WTN_PB,D,20170523,000000,2.6203,2.6203,2.513,2.6203,0,0
WTN_PB,D,20170524,000000,2.6203,2.6203,2.6203,2.6203,0,0
WTN_PB,D,20170525,000000,2.6114,2.6114,2.6025,2.6025,0,0
WTN_PB,D,20170526,000000,2.6025,2.6025,2.504,2.5756,0,0
WTN_PB,D,20170529,000000,2.5756,2.5756,2.5756,2.5756,0,0
WTN_PB,D,20170530,000000,2.5756,2.5756,2.5756,2.5756,0,0
WTN_PB,D,20170531,000000,2.5756,2.5756,2.5756,2.5756,0,0
WTN_PB,D,20170601,000000,2.5756,2.5756,2.4593,2.4683,0,0
WTN_PB,D,20170602,000000,2.4951,2.4951,2.4951,2.4951,0,0
WTN_PB,D,20170605,000000,2.4951,2.522,2.4325,2.4325,0,0
WTN_PB,D,20170606,000000,2.4325,2.5488,2.4325,2.5488,0,0
WTN_PB,D,20170607,000000,2.5488,2.5577,2.504,2.5577,0,0
WTN_PB,D,20170608,000000,2.5756,2.6025,2.5398,2.5667,0,0
WTN_PB,D,20170609,000000,2.5398,2.6203,2.5398,2.6203,0,0
WTN_PB,D,20170612,000000,2.6203,2.6203,2.4415,2.4415,0,0
WTN_PB,D,20170613,000000,2.6203,2.6203,2.4415,2.5308,0,0
WTN_PB,D,20170614,000000,2.5308,2.5308,2.5308,2.5308,0,0
WTN_PB,D,20170616,000000,2.5308,2.5308,2.4862,2.4862,0,0
WTN_PB,D,20170619,000000,2.4862,2.5488,2.4862,2.5488,0,0
WTN_PB,D,20170620,000000,2.5488,2.5488,2.4146,2.522,0,0
WTN_PB,D,20170621,000000,2.522,2.522,2.504,2.504,0,0
WTN_PB,D,20170622,000000,2.504,2.504,2.4862,2.4862,0,0
WTN_PB,D,20170623,000000,2.4862,2.4951,2.4862,2.4951,0,0
WTN_PB,D,20170626,000000,2.5308,2.5308,2.5308,2.5308,0,0
WTN_PB,D,20170627,000000,2.513,2.513,2.4951,2.4951,0,0
WTN_PB,D,20170628,000000,2.5308,2.5308,2.5308,2.5308,0,0
WTN_PB,D,20170629,000000,2.5308,2.5308,2.4951,2.4951,0,0
WTN_PB,D,20170630,000000,2.4951,2.4951,2.4146,2.4146,0,0
WTN_PB,D,20170703,000000,2.4862,2.4862,2.4862,2.4862,0,0
WTN_PB,D,20170704,000000,2.4862,2.4862,2.4862,2.4862,0,0
WTN_PB,D,20170705,000000,2.4862,2.4951,2.4862,2.4951,0,0
WTN_PB,D,20170706,000000,2.4951,2.4951,2.4773,2.4862,0,0
WTN_PB,D,20170707,000000,2.4951,2.4951,2.4862,2.4862,0,0
WTN_PB,D,20170710,000000,2.4951,2.4951,2.4146,2.4146,0,0
WTN_PB,D,20170711,000000,2.4951,2.4951,2.4146,2.4236,0,0
WTN_PB,D,20170712,000000,2.4236,2.4951,2.4146,2.4951,0,0
WTN_PB,D,20170713,000000,2.4951,2.5398,2.4146,2.4325,0,0
WTN_PB,D,20170714,000000,2.4325,2.4325,2.4325,2.4325,0,0
WTN_PB,D,20170717,000000,2.4146,2.4146,2.4056,2.4056,0,0
WTN_PB,D,20170718,000000,2.4056,2.4056,2.3878,2.3878,0,0
WTN_PB,D,20170719,000000,2.4056,2.4056,2.3968,2.3968,0,0
WTN_PB,D,20170720,000000,2.3431,2.3431,2.2804,2.2804,0,0
WTN_PB,D,20170721,000000,2.2804,2.4236,2.2804,2.4236,0,0
WTN_PB,D,20170724,000000,2.4862,2.4862,2.4862,2.4862,0,0
WTN_PB,D,20170725,000000,2.4862,2.4862,2.4236,2.4862,0,0
WTN_PB,D,20170726,000000,2.4862,2.4862,2.4862,2.4862,0,0
WTN_PB,D,20170727,000000,2.4862,2.4862,2.4504,2.4504,0,0
WTN_PB,D,20170728,000000,2.4504,2.4504,2.3162,2.4236,0,0
WTN_PB,D,20170731,000000,2.4236,2.4236,2.4146,2.4146,0,0
WTN_PB,D,20170801,000000,2.4146,2.4146,2.4056,2.4056,0,0
WTN_PB,D,20170802,000000,2.3968,2.3968,2.3968,2.3968,0,0
WTN_PB,D,20170803,000000,2.3878,2.4056,2.3878,2.4056,0,0
WTN_PB,D,20170804,000000,2.4146,2.504,2.4146,2.504,0,0
WTN_PB,D,20170807,000000,2.5398,2.5398,2.4951,2.5398,0,0
WTN_PB,D,20170808,000000,2.5398,2.5488,2.5398,2.5488,0,0
WTN_PB,D,20170809,000000,2.5756,2.5756,2.5398,2.5398,0,0
WTN_PB,D,20170810,000000,2.522,2.522,2.522,2.522,0,0
WTN_PB,D,20170811,000000,2.522,2.522,2.522,2.522,0,0
WTN_PB,D,20170814,000000,2.522,2.522,2.522,2.522,0,0
WTN_PB,D,20170816,000000,2.522,2.522,2.522,2.522,0,0
WTN_PB,D,20170817,000000,2.522,2.522,2.522,2.522,0,0
WTN_PB,D,20170818,000000,2.522,2.522,2.522,2.522,0,0
WTN_PB,D,20170821,000000,2.522,2.522,2.522,2.522,0,0
WTN_PB,D,20170822,000000,2.522,2.522,2.522,2.522,0,0
WTN_PB,D,20170823,000000,2.522,2.522,2.522,2.522,0,0
WTN_PB,D,20170824,000000,2.5667,2.5667,2.5398,2.5398,0,0
WTN_PB,D,20170825,000000,2.4504,2.7813,2.4415,2.7813,0,0
WTN_PB,D,20170828,000000,2.7008,2.7097,2.665,2.665,0,0
WTN_PB,D,20170829,000000,2.665,2.665,2.665,2.665,0,0
WTN_PB,D,20170830,000000,2.6472,2.6472,2.6203,2.6203,0,0
WTN_PB,D,20170831,000000,2.6114,2.6114,2.6114,2.6114,0,0
WTN_PB,D,20170901,000000,2.6025,2.6025,2.6025,2.6025,0,0
WTN_PB,D,20170904,000000,2.6919,2.6919,2.674,2.674,0,0
WTN_PB,D,20170905,000000,2.674,2.674,2.674,2.674,0,0
WTN_PB,D,20170906,000000,2.8081,2.8081,2.8081,2.8081,0,0
WTN_PB,D,20170907,000000,2.8081,2.8081,2.7813,2.8081,0,0
WTN_PB,D,20170908,000000,2.7455,2.8976,2.7455,2.8976,0,0
WTN_PB,D,20170911,000000,2.8618,2.8618,2.7724,2.7724,0,0
WTN_PB,D,20170912,000000,2.8618,2.8796,2.8349,2.8439,0,0
WTN_PB,D,20170913,000000,2.8796,2.8796,2.8796,2.8796,0,0
WTN_PB,D,20170914,000000,2.8796,2.8796,2.7724,2.7724,0,0
WTN_PB,D,20170915,000000,2.7724,2.7724,2.7544,2.7544,0,0
WTN_PB,D,20170918,000000,2.7544,2.7544,2.7544,2.7544,0,0
WTN_PB,D,20170919,000000,2.8528,2.8528,2.7008,2.8528,0,0
WTN_PB,D,20170920,000000,2.8528,2.8528,2.8349,2.8349,0,0
WTN_PB,D,20170921,000000,2.8796,2.8796,2.826,2.826,0,0
WTN_PB,D,20170922,000000,2.8349,2.8349,2.7724,2.826,0,0
WTN_PB,D,20170925,000000,2.8171,2.8171,2.7813,2.7813,0,0
WTN_PB,D,20170926,000000,2.7813,2.7813,2.7813,2.7813,0,0
WTN_PB,D,20170927,000000,2.7813,2.7813,2.7813,2.7813,0,0
WTN_PB,D,20170928,000000,2.7813,2.7813,2.7813,2.7813,0,0
WTN_PB,D,20170929,000000,2.7902,2.7902,2.7902,2.7902,0,0
WTN_PB,D,20171002,000000,2.826,2.826,2.826,2.826,0,0
WTN_PB,D,20171003,000000,2.826,2.826,2.6829,2.7813,0,0
WTN_PB,D,20171004,000000,2.7992,2.8796,2.7455,2.8796,0,0
WTN_PB,D,20171005,000000,2.8618,2.8618,2.7455,2.8349,0,0
WTN_PB,D,20171006,000000,2.826,2.826,2.826,2.826,0,0
WTN_PB,D,20171009,000000,2.826,2.826,2.7366,2.7634,0,0
WTN_PB,D,20171010,000000,2.7724,2.7724,2.7724,2.7724,0,0
WTN_PB,D,20171011,000000,2.8171,2.8707,2.7724,2.8707,0,0
WTN_PB,D,20171012,000000,2.8707,2.8796,2.8707,2.8796,0,0
WTN_PB,D,20171013,000000,2.8796,2.8976,2.8796,2.8976,0,0
WTN_PB,D,20171016,000000,2.8976,2.8976,2.8349,2.8349,0,0
WTN_PB,D,20171017,000000,2.8349,2.8349,2.8349,2.8349,0,0
WTN_PB,D,20171018,000000,2.8171,2.8171,2.8171,2.8171,0,0
WTN_PB,D,20171019,000000,2.8796,2.8796,2.8349,2.8349,0,0
WTN_PB,D,20171020,000000,2.8707,2.8707,2.7008,2.7008,0,0
WTN_PB,D,20171023,000000,2.7097,2.8171,2.7097,2.8171,0,0
WTN_PB,D,20171024,000000,2.7902,2.7902,2.6829,2.7813,0,0
WTN_PB,D,20171025,000000,2.7724,2.7724,2.7724,2.7724,0,0
WTN_PB,D,20171026,000000,2.7724,2.7724,2.7724,2.7724,0,0
WTN_PB,D,20171027,000000,2.7724,2.7724,2.674,2.7724,0,0
WTN_PB,D,20171030,000000,2.7724,2.7724,2.7724,2.7724,0,0
WTN_PB,D,20171031,000000,2.7724,2.7724,2.7724,2.7724,0,0
WTN_PB,D,20171102,000000,2.7724,2.7724,2.7724,2.7724,0,0
WTN_PB,D,20171103,000000,2.7724,2.7724,2.7634,2.7634,0,0
WTN_PB,D,20171106,000000,2.7634,2.8081,2.7634,2.7992,0,0
WTN_PB,D,20171107,000000,2.7992,2.7992,2.674,2.7902,0,0
WTN_PB,D,20171108,000000,2.7902,2.8618,2.6829,2.8618,0,0
WTN_PB,D,20171109,000000,2.8439,3.0853,2.8439,3.0765,0,0
WTN_PB,D,20171110,000000,3.0765,3.0765,2.9601,3.0138,0,0
WTN_PB,D,20171113,000000,2.9601,2.9601,2.9601,2.9601,0,0
WTN_PB,D,20171114,000000,2.9333,2.9601,2.9333,2.9601,0,0
WTN_PB,D,20171115,000000,2.9601,3.0496,2.9601,2.9601,0,0
WTN_PB,D,20171116,000000,2.9333,3.0853,2.9333,3.0853,0,0
WTN_PB,D,20171117,000000,3.0853,3.1658,2.987,2.987,0,0
WTN_PB,D,20171120,000000,2.987,2.987,2.9244,2.9244,0,0
WTN_PB,D,20171121,000000,2.9065,2.9065,2.9065,2.9065,0,0
WTN_PB,D,20171122,000000,2.9065,2.9065,2.9065,2.9065,0,0
WTN_PB,D,20171123,000000,2.9065,2.9065,2.8439,2.9065,0,0
WTN_PB,D,20171124,000000,2.9065,2.9065,2.9065,2.9065,0,0
WTN_PB,D,20171127,000000,2.9691,3.0228,2.8618,2.9513,0,0
WTN_PB,D,20171128,000000,3.0317,3.0317,2.826,2.826,0,0
WTN_PB,D,20171129,000000,2.987,2.987,2.9244,2.9244,0,0
WTN_PB,D,20171130,000000,2.987,3.1032,2.987,3.1032,0,0
WTN_PB,D,20171201,000000,3.0943,3.148,3.0675,3.148,0,0
WTN_PB,D,20171204,000000,3.1122,3.3,3.0853,3.139,0,0
WTN_PB,D,20171205,000000,3.148,3.148,2.987,3.0228,0,0
WTN_PB,D,20171206,000000,3.1032,3.1122,3.0317,3.1122,0,0
WTN_PB,D,20171207,000000,3.139,3.139,3.0228,3.1122,0,0
WTN_PB,D,20171208,000000,3.148,3.148,3.0317,3.148,0,0
WTN_PB,D,20171211,000000,3.148,3.148,3.0675,3.0675,0,0
WTN_PB,D,20171212,000000,3.0228,3.0228,2.9959,3.0228,0,0
WTN_PB,D,20171213,000000,3.0228,3.0228,3.0228,3.0228,0,0
WTN_PB,D,20171214,000000,3.0675,3.0675,3.0675,3.0675,0,0
WTN_PB,D,20171215,000000,3.0585,3.0675,3.0585,3.0675,0,0
WTN_PB,D,20171218,000000,3.148,3.148,3.0675,3.148,0,0
WTN_PB,D,20171219,000000,3.0585,3.148,3.0585,3.0585,0,0
WTN_PB,D,20171220,000000,2.9154,3.0675,2.9154,3.0675,0,0
WTN_PB,D,20171221,000000,3.0675,3.0675,3.0675,3.0675,0,0
WTN_PB,D,20171222,000000,3.0675,3.0675,3.0406,3.0406,0,0
WTN_PB,D,20171227,000000,3.0317,3.0317,2.987,3.0317,0,0
WTN_PB,D,20171228,000000,3.139,3.139,2.987,2.987,0,0
WTN_PB,D,20171229,000000,2.9154,2.9154,2.9154,2.9154,0,0
WTN_PB,D,20180103,000000,2.9423,2.9513,2.9423,2.9513,0,0
WTN_PB,D,20180104,000000,2.9513,2.9513,2.9513,2.9513,0,0
WTN_PB,D,20180105,000000,2.9513,2.987,2.9513,2.9691,0,0
WTN_PB,D,20180108,000000,2.987,2.987,2.987,2.987,0,0
WTN_PB,D,20180109,000000,3.1032,3.1032,3.0048,3.0853,0,0
WTN_PB,D,20180110,000000,3.0853,3.0853,3.0853,3.0853,0,0
WTN_PB,D,20180111,000000,3.0853,3.3984,3.0853,3.3626,0,0
WTN_PB,D,20180112,000000,3.4073,3.461,3.3804,3.4252,0,0
WTN_PB,D,20180115,000000,3.4431,3.4431,3.3804,3.3804,0,0
WTN_PB,D,20180116,000000,3.4073,3.4073,3.3804,3.3804,0,0
WTN_PB,D,20180117,000000,3.4073,3.4073,3.2552,3.3804,0,0
WTN_PB,D,20180118,000000,3.4073,3.4073,3.4073,3.4073,0,0
WTN_PB,D,20180119,000000,3.4073,3.6667,3.4073,3.5415,0,0
WTN_PB,D,20180122,000000,3.613,3.613,3.5415,3.5415,0,0
WTN_PB,D,20180123,000000,3.613,3.613,3.3804,3.4431,0,0
WTN_PB,D,20180124,000000,3.604,3.604,3.4431,3.461,0,0
WTN_PB,D,20180125,000000,3.604,3.604,3.461,3.5683,0,0
WTN_PB,D,20180126,000000,3.461,3.5503,3.461,3.4878,0,0
WTN_PB,D,20180129,000000,3.461,3.461,3.461,3.461,0,0
WTN_PB,D,20180130,000000,3.461,3.461,3.3804,3.3804,0,0
WTN_PB,D,20180131,000000,3.461,3.461,3.3447,3.3447,0,0
WTN_PB,D,20180201,000000,3.3804,3.3804,3.3,3.3,0,0
WTN_PB,D,20180202,000000,3.1927,3.3447,3.1927,3.3447,0,0
WTN_PB,D,20180205,000000,3.3,3.3447,3.2732,3.3447,0,0
WTN_PB,D,20180206,000000,3.4431,3.4431,3.1569,3.4431,0,0
WTN_PB,D,20180207,000000,3.4431,3.4431,3.4431,3.4431,0,0
WTN_PB,D,20180208,000000,3.4431,3.4431,3.4431,3.4431,0,0
WTN_PB,D,20180209,000000,3.4431,3.4431,3.3179,3.4431,0,0
WTN_PB,D,20180212,000000,3.4073,3.4073,3.4073,3.4073,0,0
WTN_PB,D,20180213,000000,3.4073,3.4431,3.3626,3.4431,0,0
WTN_PB,D,20180214,000000,3.4431,3.461,3.4431,3.461,0,0
WTN_PB,D,20180215,000000,3.461,3.461,3.4252,3.4252,0,0
WTN_PB,D,20180216,000000,3.461,3.461,3.461,3.461,0,0
WTN_PB,D,20180219,000000,3.604,3.604,3.461,3.461,0,0
WTN_PB,D,20180220,000000,3.604,3.604,3.3626,3.4431,0,0
WTN_PB,D,20180221,000000,3.5862,3.5862,3.4431,3.461,0,0
WTN_PB,D,20180222,000000,3.5415,3.5415,3.461,3.461,0,0
WTN_PB,D,20180223,000000,3.5415,3.5415,3.461,3.461,0,0
WTN_PB,D,20180226,000000,3.5415,3.5415,3.3,3.461,0,0
WTN_PB,D,20180227,000000,3.5415,3.5415,3.461,3.461,0,0
WTN_PB,D,20180228,000000,3.4431,3.461,3.4073,3.4073,0,0
WTN_PB,D,20180301,000000,3.5415,3.5415,3.3804,3.461,0,0
WTN_PB,D,20180302,000000,3.5415,3.5415,3.1927,3.2732,0,0
WTN_PB,D,20180305,000000,3.2552,3.3,3.0048,3.1748,0,0
WTN_PB,D,20180306,000000,3.1748,3.1748,3.1748,3.1748,0,0
WTN_PB,D,20180307,000000,3.3,3.3,3.1748,3.2374,0,0
WTN_PB,D,20180308,000000,3.3,3.3,3.2374,3.2374,0,0
WTN_PB,D,20180309,000000,3.3,3.3,3.3,3.3,0,0
WTN_PB,D,20180312,000000,3.3,3.3,3.148,3.2195,0,0
WTN_PB,D,20180313,000000,3.2195,3.2195,3.2195,3.2195,0,0
WTN_PB,D,20180314,000000,3.2195,3.2195,3.2105,3.2195,0,0
WTN_PB,D,20180315,000000,3.2195,3.2195,3.2195,3.2195,0,0
WTN_PB,D,20180316,000000,3.2105,3.2195,3.2105,3.2195,0,0
WTN_PB,D,20180319,000000,3.2195,3.2195,3.0585,3.2195,0,0
WTN_PB,D,20180320,000000,3.2195,3.2195,3.0585,3.0675,0,0
WTN_PB,D,20180321,000000,3.2105,3.2105,3.2105,3.2105,0,0
WTN_PB,D,20180322,000000,3.2105,3.2105,3.2105,3.2105,0,0
WTN_PB,D,20180323,000000,3.2105,3.2105,3.2105,3.2105,0,0
WTN_PB,D,20180326,000000,3.2105,3.2105,3.2105,3.2105,0,0
WTN_PB,D,20180327,000000,3.148,3.148,3.148,3.148,0,0
WTN_PB,D,20180328,000000,3.148,3.148,3.148,3.148,0,0
WTN_PB,D,20180329,000000,3.2105,3.2105,3.2105,3.2105,0,0
WTN_PB,D,20180403,000000,3.148,3.148,2.7187,2.7187,0,0
WTN_PB,D,20180404,000000,2.7724,2.7724,2.6292,2.6292,0,0
WTN_PB,D,20180405,000000,2.6292,2.7366,2.6025,2.7366,0,0
WTN_PB,D,20180406,000000,2.7366,2.7366,2.7187,2.7187,0,0
WTN_PB,D,20180409,000000,2.7366,2.8528,2.7366,2.8528,0,0
WTN_PB,D,20180410,000000,2.8528,2.8528,2.7724,2.8439,0,0
WTN_PB,D,20180411,000000,2.8528,2.8528,2.7187,2.7992,0,0
WTN_PB,D,20180412,000000,2.8171,2.8528,2.8171,2.8528,0,0
WTN_PB,D,20180413,000000,2.9154,2.9154,2.8528,2.8528,0,0
WTN_PB,D,20180416,000000,2.9154,2.9154,2.8528,2.8528,0,0
WTN_PB,D,20180417,000000,2.9154,2.9154,2.7902,2.7902,0,0
WTN_PB,D,20180418,000000,2.7724,2.7902,2.7724,2.7902,0,0
WTN_PB,D,20180419,000000,2.8528,2.8528,2.7902,2.7992,0,0
WTN_PB,D,20180420,000000,2.7902,2.7992,2.7902,2.7992,0,0
WTN_PB,D,20180423,000000,2.8528,2.8528,2.7902,2.8528,0,0
WTN_PB,D,20180424,000000,2.7902,2.7902,2.7902,2.7902,0,0
WTN_PB,D,20180425,000000,2.8439,2.8439,2.6561,2.7187,0,0
WTN_PB,D,20180426,000000,2.7187,2.7187,2.6919,2.7187,0,0
WTN_PB,D,20180427,000000,2.7187,2.7187,2.7187,2.7187,0,0
WTN_PB,D,20180430,000000,2.7187,2.7187,2.7187,2.7187,0,0
WTN_PB,D,20180502,000000,2.7187,2.7187,2.7187,2.7187,0,0
WTN_PB,D,20180504,000000,2.7187,2.7187,2.5845,2.6829,0,0
WTN_PB,D,20180507,000000,2.6829,2.8171,2.6829,2.7187,0,0
WTN_PB,D,20180508,000000,2.8439,2.8439,2.5845,2.5845,0,0
WTN_PB,D,20180509,000000,2.6114,2.7097,2.6114,2.7097,0,0
WTN_PB,D,20180510,000000,2.7724,2.7724,2.7724,2.7724,0,0
WTN_PB,D,20180511,000000,2.826,2.826,2.826,2.826,0,0
WTN_PB,D,20180514,000000,2.8528,2.8528,2.7992,2.8528,0,0
WTN_PB,D,20180515,000000,2.8976,2.8976,2.7097,2.7724,0,0
WTN_PB,D,20180516,000000,2.7902,2.7902,2.7187,2.7902,0,0
WTN_PB,D,20180517,000000,2.7902,2.7902,2.6025,2.6292,0,0
WTN_PB,D,20180518,000000,2.6472,2.7277,2.5845,2.5845,0,0
WTN_PB,D,20180521,000000,2.6561,2.6561,2.5935,2.5935,0,0
WTN_PB,D,20180522,000000,2.5995,2.5995,2.5995,2.5995,0,0
WTN_PB,D,20180523,000000,2.6462,2.6462,2.6462,2.6462,0,0
WTN_PB,D,20180524,000000,2.7117,2.7117,2.6462,2.7117,0,0
WTN_PB,D,20180525,000000,2.7117,2.7117,2.7117,2.7117,0,0
WTN_PB,D,20180528,000000,2.7117,2.7117,2.7117,2.7117,0,0
WTN_PB,D,20180529,000000,2.7117,2.7117,2.5527,2.7117,0,0
WTN_PB,D,20180530,000000,2.7117,2.7117,2.7117,2.7117,0,0
WTN_PB,D,20180601,000000,2.6743,2.7023,2.6743,2.7023,0,0
WTN_PB,D,20180604,000000,2.7117,2.7117,2.5434,2.7023,0,0
WTN_PB,D,20180605,000000,2.7023,2.7117,2.7023,2.7117,0,0
WTN_PB,D,20180606,000000,2.7584,2.7584,2.5621,2.7117,0,0
WTN_PB,D,20180607,000000,2.6182,2.6743,2.6182,2.6743,0,0
WTN_PB,D,20180608,000000,2.6743,2.6743,2.5714,2.6743,0,0
WTN_PB,D,20180611,000000,2.6743,2.6743,2.6743,2.6743,0,0
WTN_PB,D,20180612,000000,2.6462,2.6743,2.6462,2.6743,0,0
WTN_PB,D,20180613,000000,2.6462,2.6462,2.6462,2.6462,0,0
WTN_PB,D,20180614,000000,2.6462,2.6462,2.5153,2.6462,0,0
WTN_PB,D,20180615,000000,2.6462,2.6462,2.6369,2.6369,0,0
WTN_PB,D,20180618,000000,2.6462,2.6743,2.5153,2.6743,0,0
WTN_PB,D,20180619,000000,2.6743,2.6743,2.4779,2.6743,0,0
WTN_PB,D,20180620,000000,2.6743,2.6743,2.6743,2.6743,0,0
WTN_PB,D,20180621,000000,2.5714,2.5714,2.4779,2.5714,0,0
WTN_PB,D,20180622,000000,2.5714,2.5714,2.5714,2.5714,0,0
WTN_PB,D,20180625,000000,2.6743,2.6743,2.6743,2.6743,0,0
WTN_PB,D,20180626,000000,2.6743,2.6743,2.6743,2.6743,0,0
WTN_PB,D,20180627,000000,2.5714,2.5714,2.4779,2.4779,0,0
WTN_PB,D,20180628,000000,2.5714,2.5714,2.4592,2.4592,0,0
WTN_PB,D,20180629,000000,2.6743,2.6743,2.4686,2.5714,0,0
WTN_PB,D,20180702,000000,2.6743,2.6743,2.6743,2.6743,0,0
WTN_PB,D,20180703,000000,2.5714,2.5714,2.5714,2.5714,0,0
WTN_PB,D,20180704,000000,2.6182,2.6182,2.6182,2.6182,0,0
WTN_PB,D,20180705,000000,2.534,2.534,2.4405,2.4499,0,0
WTN_PB,D,20180706,000000,2.4499,2.506,2.4499,2.506,0,0
WTN_PB,D,20180709,000000,2.5153,2.5247,2.5153,2.5247,0,0
WTN_PB,D,20180710,000000,2.5434,2.5434,2.5247,2.5247,0,0
WTN_PB,D,20180711,000000,2.5247,2.5247,2.4499,2.5247,0,0
WTN_PB,D,20180712,000000,2.5247,2.5247,2.506,2.506,0,0
WTN_PB,D,20180713,000000,2.5247,2.5247,2.5247,2.5247,0,0
WTN_PB,D,20180716,000000,2.5247,2.5247,2.5247,2.5247,0,0
WTN_PB,D,20180717,000000,2.5247,2.5247,2.5247,2.5247,0,0
WTN_PB,D,20180718,000000,2.5153,2.5153,2.5153,2.5153,0,0
WTN_PB,D,20180719,000000,2.5153,2.5153,2.4125,2.4405,0,0
WTN_PB,D,20180720,000000,2.4873,2.4873,2.4873,2.4873,0,0
WTN_PB,D,20180723,000000,2.4873,2.4966,2.4218,2.4966,0,0
WTN_PB,D,20180724,000000,2.506,2.506,2.506,2.506,0,0
WTN_PB,D,20180725,000000,2.506,2.506,2.4405,2.4686,0,0
WTN_PB,D,20180726,000000,2.506,2.506,2.3657,2.4312,0,0
WTN_PB,D,20180727,000000,2.506,2.506,2.3657,2.3657,0,0
WTN_PB,D,20180730,000000,2.3657,2.4499,2.3657,2.3844,0,0
WTN_PB,D,20180731,000000,2.3751,2.3751,2.3657,2.3657,0,0
WTN_PB,D,20180801,000000,2.347,2.4499,2.347,2.4499,0,0
WTN_PB,D,20180802,000000,2.4405,2.4405,2.4405,2.4405,0,0
WTN_PB,D,20180803,000000,2.4405,2.4405,2.3751,2.4405,0,0
WTN_PB,D,20180806,000000,2.5247,2.5247,2.3938,2.4686,0,0
WTN_PB,D,20180807,000000,2.5247,2.5247,2.4873,2.4873,0,0
WTN_PB,D,20180808,000000,2.506,2.506,2.4966,2.4966,0,0
WTN_PB,D,20180809,000000,2.506,2.506,2.4966,2.4966,0,0
WTN_PB,D,20180810,000000,2.506,2.5247,2.4686,2.5247,0,0
WTN_PB,D,20180813,000000,2.5247,2.5247,2.506,2.506,0,0
WTN_PB,D,20180814,000000,2.506,2.506,2.4405,2.4405,0,0
WTN_PB,D,20180816,000000,2.506,2.506,2.506,2.506,0,0
WTN_PB,D,20180817,000000,2.506,2.506,2.506,2.506,0,0
WTN_PB,D,20180820,000000,2.506,2.506,2.506,2.506,0,0
WTN_PB,D,20180821,000000,2.506,2.506,2.506,2.506,0,0
WTN_PB,D,20180822,000000,2.506,2.506,2.506,2.506,0,0
WTN_PB,D,20180823,000000,2.4873,2.4873,2.4218,2.4873,0,0
WTN_PB,D,20180824,000000,2.4873,2.4873,2.4125,2.4873,0,0
WTN_PB,D,20180827,000000,2.506,2.506,2.506,2.506,0,0
WTN_PB,D,20180828,000000,2.506,2.506,2.3751,2.4686,0,0
WTN_PB,D,20180829,000000,2.506,2.506,2.4873,2.4873,0,0
WTN_PB,D,20180830,000000,2.506,2.506,2.347,2.4592,0,0
WTN_PB,D,20180831,000000,2.506,2.506,2.3657,2.4873,0,0
WTN_PB,D,20180903,000000,2.4873,2.4873,2.4873,2.4873,0,0
WTN_PB,D,20180904,000000,2.4873,2.4873,2.4686,2.4686,0,0
WTN_PB,D,20180905,000000,2.4405,2.4405,2.1694,2.1694,0,0
WTN_PB,D,20180906,000000,2.1694,2.2161,2.16,2.2161,0,0
WTN_PB,D,20180907,000000,2.1974,2.1974,2.1974,2.1974,0,0
WTN_PB,D,20180910,000000,2.1974,2.1974,2.0852,2.1319,0,0
WTN_PB,D,20180911,000000,2.1881,2.1881,2.0758,2.0758,0,0
WTN_PB,D,20180912,000000,2.1132,2.1132,2.0758,2.0758,0,0
WTN_PB,D,20180913,000000,2.0758,2.0758,2.001,2.001,0,0
WTN_PB,D,20180914,000000,2.001,2.0571,2.001,2.0571,0,0
WTN_PB,D,20180917,000000,2.0571,2.0571,2.0197,2.0571,0,0
WTN_PB,D,20180918,000000,2.0478,2.0478,1.9449,1.9449,0,0
WTN_PB,D,20180919,000000,1.9449,2.001,1.9449,1.9449,0,0
WTN_PB,D,20180920,000000,1.9449,2.0852,1.9449,2.0852,0,0
WTN_PB,D,20180921,000000,2.1413,2.2068,2.0197,2.2068,0,0
WTN_PB,D,20180924,000000,2.2068,2.2442,2.2068,2.2442,0,0
WTN_PB,D,20180925,000000,2.2442,2.2442,2.2442,2.2442,0,0
WTN_PB,D,20180926,000000,2.3564,2.3564,2.2629,2.2629,0,0
WTN_PB,D,20180927,000000,2.2816,2.2816,2.2816,2.2816,0,0
WTN_PB,D,20180928,000000,2.4031,2.4031,2.2816,2.2909,0,0
WTN_PB,D,20181001,000000,2.2909,2.3003,2.2909,2.3003,0,0
WTN_PB,D,20181002,000000,2.2816,2.2816,2.2816,2.2816,0,0
WTN_PB,D,20181003,000000,2.3283,2.3283,2.3003,2.3283,0,0
WTN_PB,D,20181004,000000,2.3564,2.3657,2.3283,2.3657,0,0
WTN_PB,D,20181005,000000,2.4499,2.4499,2.3844,2.4499,0,0
WTN_PB,D,20181008,000000,2.4499,2.4499,2.4499,2.4499,0,0
WTN_PB,D,20181009,000000,2.4499,2.4499,2.3283,2.4312,0,0
WTN_PB,D,20181010,000000,2.4499,2.4499,2.347,2.3751,0,0
WTN_PB,D,20181011,000000,2.4499,2.4499,2.3283,2.3564,0,0
WTN_PB,D,20181012,000000,2.4499,2.4499,2.3657,2.3657,0,0
WTN_PB,D,20181015,000000,2.3657,2.3657,2.3657,2.3657,0,0
WTN_PB,D,20181016,000000,2.3564,2.3564,2.3564,2.3564,0,0
WTN_PB,D,20181017,000000,2.3564,2.3564,2.3564,2.3564,0,0
WTN_PB,D,20181018,000000,2.3657,2.3657,2.3564,2.3564,0,0
WTN_PB,D,20181019,000000,2.3564,2.3564,2.2909,2.2909,0,0
WTN_PB,D,20181022,000000,2.3564,2.3564,2.2442,2.2909,0,0
WTN_PB,D,20181023,000000,2.3564,2.3564,2.2909,2.2909,0,0
WTN_PB,D,20181024,000000,2.3003,2.3003,2.2442,2.2442,0,0
WTN_PB,D,20181025,000000,2.3283,2.3283,2.2348,2.2442,0,0
WTN_PB,D,20181026,000000,2.2816,2.3003,2.2348,2.3003,0,0
WTN_PB,D,20181029,000000,2.4499,2.4499,2.2816,2.2816,0,0
WTN_PB,D,20181030,000000,2.3003,2.3003,2.2816,2.2816,0,0
WTN_PB,D,20181031,000000,2.2816,2.2816,2.0852,2.1974,0,0
WTN_PB,D,20181102,000000,2.1787,2.2348,2.1787,2.1974,0,0
WTN_PB,D,20181105,000000,2.1787,2.1974,2.1787,2.1974,0,0
WTN_PB,D,20181106,000000,2.2442,2.2442,2.1226,2.1226,0,0
WTN_PB,D,20181107,000000,2.1226,2.1226,2.0478,2.0945,0,0
WTN_PB,D,20181108,000000,2.0758,2.0758,2.001,2.0384,0,0
WTN_PB,D,20181109,000000,2.0384,2.0384,1.8795,1.8982,0,0
WTN_PB,D,20181113,000000,1.8982,1.8982,1.8234,1.8234,0,0
WTN_PB,D,20181114,000000,1.8234,1.8234,1.7299,1.7299,0,0
WTN_PB,D,20181115,000000,1.7299,1.7299,1.6364,1.6364,0,0
WTN_PB,D,20181116,000000,1.627,1.8234,1.627,1.7953,0,0
WTN_PB,D,20181119,000000,1.8421,1.8421,1.5896,1.5896,0,0
WTN_PB,D,20181120,000000,1.599,1.6177,1.5616,1.6177,0,0
WTN_PB,D,20181121,000000,1.6457,1.6738,1.6457,1.6644,0,0
WTN_PB,D,20181122,000000,1.6738,1.6738,1.5242,1.627,0,0
WTN_PB,D,20181123,000000,1.6644,1.6738,1.6644,1.6644,0,0
WTN_PB,D,20181126,000000,1.6738,1.6738,1.6644,1.6644,0,0
WTN_PB,D,20181127,000000,1.6644,1.7018,1.6457,1.7018,0,0
WTN_PB,D,20181128,000000,1.7299,1.8795,1.7299,1.8795,0,0
WTN_PB,D,20181129,000000,1.9823,1.9823,1.8795,1.8795,0,0
WTN_PB,D,20181130,000000,1.8795,1.9917,1.8795,1.9356,0,0
WTN_PB,D,20181203,000000,1.9823,2.0571,1.9356,2.0478,0,0
WTN_PB,D,20181204,000000,2.1132,2.1132,2.0758,2.0945,0,0
WTN_PB,D,20181205,000000,2.0945,2.0945,2.0104,2.0571,0,0
WTN_PB,D,20181206,000000,2.0665,2.0665,2.0665,2.0665,0,0
WTN_PB,D,20181207,000000,2.1132,2.1132,2.0104,2.0758,0,0
WTN_PB,D,20181210,000000,2.2161,2.2161,2.0945,2.0945,0,0
WTN_PB,D,20181211,000000,2.2161,2.2255,2.0945,2.2255,0,0
WTN_PB,D,20181212,000000,2.2816,2.2816,2.2535,2.2535,0,0
WTN_PB,D,20181213,000000,2.2816,2.2816,2.1506,2.16,0,0
WTN_PB,D,20181214,000000,2.2722,2.2722,2.16,2.2161,0,0
WTN_PB,D,20181217,000000,2.2161,2.2161,2.0945,2.1881,0,0
WTN_PB,D,20181218,000000,2.1881,2.1881,2.0478,2.0945,0,0
WTN_PB,D,20181219,000000,2.1881,2.1881,2.0384,2.0384,0,0
WTN_PB,D,20181220,000000,2.0384,2.1039,2.0384,2.0758,0,0
WTN_PB,D,20181221,000000,2.1226,2.1226,2.0665,2.0665,0,0
WTN_PB,D,20181227,000000,2.2068,2.2068,2.0758,2.1506,0,0
WTN_PB,D,20181228,000000,2.1974,2.1974,2.1506,2.1974,0,0
WTN_PB,D,20190102,000000,2.1974,2.1974,2.0945,2.1132,0,0
WTN_PB,D,20190103,000000,2.1881,2.1881,2.0945,2.1319,0,0
WTN_PB,D,20190104,000000,2.1881,2.1881,2.0478,2.1506,0,0
WTN_PB,D,20190107,000000,2.1506,2.1506,2.0478,2.1413,0,0
WTN_PB,D,20190108,000000,2.1506,2.1506,2.0478,2.1226,0,0
WTN_PB,D,20190109,000000,2.1506,2.1506,2.0758,2.0758,0,0
WTN_PB,D,20190110,000000,2.1506,2.1506,2.1413,2.1413,0,0
WTN_PB,D,20190111,000000,2.1413,2.1413,2.1413,2.1413,0,0
WTN_PB,D,20190114,000000,2.1413,2.1974,2.0758,2.1974,0,0
WTN_PB,D,20190115,000000,2.1974,2.2255,2.1506,2.2161,0,0
WTN_PB,D,20190116,000000,2.3283,2.3283,2.2535,2.2816,0,0
WTN_PB,D,20190117,000000,2.3283,2.3283,2.3283,2.3283,0,0
WTN_PB,D,20190118,000000,2.3283,2.3283,2.3283,2.3283,0,0
WTN_PB,D,20190121,000000,2.3283,2.3283,2.2161,2.2629,0,0
WTN_PB,D,20190122,000000,2.2816,2.2816,2.2068,2.2161,0,0
WTN_PB,D,20190123,000000,2.2161,2.2161,2.2161,2.2161,0,0
WTN_PB,D,20190124,000000,2.2161,2.2161,2.1974,2.1974,0,0
WTN_PB,D,20190125,000000,2.1694,2.1974,2.1694,2.1974,0,0
WTN_PB,D,20190128,000000,2.2161,2.2161,2.2161,2.2161,0,0
WTN_PB,D,20190129,000000,2.2816,2.2816,2.2161,2.2535,0,0
WTN_PB,D,20190130,000000,2.2816,2.2816,2.2161,2.2161,0,0
WTN_PB,D,20190131,000000,2.2161,2.2161,2.2161,2.2161,0,0
WTN_PB,D,20190201,000000,2.1881,2.1881,2.1881,2.1881,0,0
WTN_PB,D,20190204,000000,2.2161,2.2161,2.2068,2.2161,0,0
WTN_PB,D,20190205,000000,2.1787,2.1974,2.1787,2.1881,0,0
WTN_PB,D,20190206,000000,2.2816,2.2816,2.1787,2.2161,0,0
WTN_PB,D,20190207,000000,2.2816,2.2816,2.2816,2.2816,0,0
WTN_PB,D,20190208,000000,2.2816,2.2816,2.1974,2.2068,0,0
WTN_PB,D,20190211,000000,2.2816,2.2816,2.1506,2.2161,0,0
WTN_PB,D,20190212,000000,2.16,2.16,2.16,2.16,0,0
WTN_PB,D,20190213,000000,2.2442,2.2442,2.16,2.2161,0,0
WTN_PB,D,20190214,000000,2.2068,2.2068,2.1506,2.2068,0,0
WTN_PB,D,20190215,000000,2.2068,2.2068,2.2068,2.2068,0,0
WTN_PB,D,20190218,000000,2.2068,2.2068,2.1881,2.1881,0,0
WTN_PB,D,20190219,000000,2.2442,2.2442,2.1881,2.1881,0,0
WTN_PB,D,20190220,000000,2.2442,2.2442,2.1506,2.1506,0,0
WTN_PB,D,20190221,000000,2.1506,2.1506,2.1506,2.1506,0,0
WTN_PB,D,20190222,000000,2.2161,2.2161,2.1319,2.1319,0,0
WTN_PB,D,20190225,000000,2.2161,2.2161,2.1787,2.1787,0,0
WTN_PB,D,20190226,000000,2.2161,2.2161,2.1132,2.1132,0,0
WTN_PB,D,20190227,000000,2.1226,2.1974,2.1226,2.1319,0,0
WTN_PB,D,20190228,000000,2.2068,2.2068,2.1787,2.1787,0,0
WTN_PB,D,20190301,000000,2.2068,2.2068,2.1974,2.1974,0,0
WTN_PB,D,20190304,000000,2.2161,2.2161,2.1974,2.1974,0,0
WTN_PB,D,20190305,000000,2.2161,2.2629,2.2161,2.2255,0,0
WTN_PB,D,20190306,000000,2.3096,2.3096,2.2535,2.2535,0,0
WTN_PB,D,20190307,000000,2.2816,2.2816,2.2535,2.2535,0,0
WTN_PB,D,20190308,000000,2.2816,2.2816,2.2442,2.2442,0,0
WTN_PB,D,20190311,000000,2.2816,2.2816,2.2535,2.2535,0,0
WTN_PB,D,20190312,000000,2.2816,2.2816,2.2255,2.2255,0,0
WTN_PB,D,20190313,000000,2.2255,2.2255,2.2255,2.2255,0,0
WTN_PB,D,20190314,000000,2.2816,2.2816,2.2255,2.2722,0,0
WTN_PB,D,20190315,000000,2.2816,2.2816,2.2255,2.2722,0,0
WTN_PB,D,20190318,000000,2.2816,2.2816,2.2816,2.2816,0,0
WTN_PB,D,20190319,000000,2.2816,2.2816,2.2442,2.2442,0,0
WTN_PB,D,20190320,000000,2.2816,2.2816,2.2161,2.2161,0,0
WTN_PB,D,20190321,000000,2.2722,2.2722,2.2255,2.2255,0,0
WTN_PB,D,20190322,000000,2.2722,2.2722,2.2722,2.2722,0,0
WTN_PB,D,20190325,000000,2.2442,2.2629,2.1787,2.2629,0,0
WTN_PB,D,20190326,000000,2.2629,2.2629,2.2629,2.2629,0,0
WTN_PB,D,20190327,000000,2.2816,2.3003,2.2161,2.2161,0,0
WTN_PB,D,20190328,000000,2.2442,2.2442,2.2161,2.2442,0,0
WTN_PB,D,20190329,000000,2.3096,2.319,2.0945,2.0945,0,0
WTN_PB,D,20190401,000000,2.0758,2.0758,2.0104,2.0104,0,0
WTN_PB,D,20190402,000000,2.0478,2.0478,2.0104,2.0104,0,0
WTN_PB,D,20190403,000000,2.0571,2.0571,2.0104,2.0104,0,0
WTN_PB,D,20190404,000000,2.0197,2.0665,2.0197,2.0665,0,0
WTN_PB,D,20190405,000000,2.0758,2.0758,2.0758,2.0758,0,0
WTN_PB,D,20190408,000000,2.0758,2.1694,2.0758,2.1319,0,0
WTN_PB,D,20190409,000000,2.1694,2.1694,2.1226,2.1319,0,0
WTN_PB,D,20190410,000000,2.1974,2.1974,2.1694,2.1974,0,0
WTN_PB,D,20190411,000000,2.1974,2.2816,2.1881,2.2722,0,0
WTN_PB,D,20190412,000000,2.2816,2.2816,2.1974,2.2255,0,0
WTN_PB,D,20190415,000000,2.3283,2.3283,2.2442,2.2442,0,0
WTN_PB,D,20190416,000000,2.2348,2.2348,2.1974,2.1974,0,0
WTN_PB,D,20190417,000000,2.1974,2.1974,2.1319,2.1319,0,0
WTN_PB,D,20190418,000000,2.1506,2.16,2.1039,2.1039,0,0
WTN_PB,D,20190423,000000,2.1039,2.1694,2.1039,2.1132,0,0
WTN_PB,D,20190424,000000,2.1506,2.1506,2.1132,2.1132,0,0
WTN_PB,D,20190425,000000,2.1506,2.1506,2.1132,2.1132,0,0
WTN_PB,D,20190426,000000,2.1413,2.1413,2.1319,2.1319,0,0
WTN_PB,D,20190429,000000,2.1413,2.1413,2.1132,2.1319,0,0
WTN_PB,D,20190430,000000,2.1319,2.1319,2.1039,2.1039,0,0
WTN_PB,D,20190502,000000,2.1039,2.1132,2.1039,2.1132,0,0
WTN_PB,D,20190506,000000,2.1226,2.1226,2.1226,2.1226,0,0
WTN_PB,D,20190507,000000,2.1226,2.1226,2.0852,2.0852,0,0
WTN_PB,D,20190508,000000,2.0945,2.0945,2.0852,2.0945,0,0
WTN_PB,D,20190509,000000,2.1226,2.1226,2.0945,2.0945,0,0
WTN_PB,D,20190510,000000,2.0945,2.0945,2.0945,2.0945,0,0
WTN_PB,D,20190513,000000,2.0945,2.0945,2.0945,2.0945,0,0
WTN_PB,D,20190514,000000,2.0945,2.0945,2.0945,2.0945,0,0
WTN_PB,D,20190515,000000,2.1226,2.1226,2.0945,2.1039,0,0
WTN_PB,D,20190516,000000,2.1226,2.1226,2.0758,2.0758,0,0
WTN_PB,D,20190517,000000,2.0478,2.0478,1.9262,1.9262,0,0
WTN_PB,D,20190520,000000,1.9262,1.9823,1.9262,1.9449,0,0
WTN_PB,D,20190521,000000,1.9917,1.9917,1.9917,1.9917,0,0
WTN_PB,D,20190522,000000,1.9262,1.9823,1.9262,1.9449,0,0
WTN_PB,D,20190523,000000,1.9543,1.9543,1.8795,1.9075,0,0
WTN_PB,D,20190524,000000,1.9636,1.9636,1.9169,1.9169,0,0
WTN_PB,D,20190527,000000,1.9636,1.9636,1.8421,1.8514,0,0
WTN_PB,D,20190528,000000,1.9075,1.9075,1.9075,1.9075,0,0
WTN_PB,D,20190529,000000,1.9075,1.9075,1.8514,1.9075,0,0
WTN_PB,D,20190530,000000,1.9075,1.9075,1.8514,1.8982,0,0
WTN_PB,D,20190531,000000,1.8982,1.8982,1.8795,1.8795,0,0
WTN_PB,D,20190603,000000,1.8982,1.8982,1.8888,1.8888,0,0
WTN_PB,D,20190604,000000,1.8982,1.9449,1.8888,1.9449,0,0
WTN_PB,D,20190605,000000,1.973,1.973,1.8795,1.9543,0,0
WTN_PB,D,20190606,000000,1.9543,2.0197,1.8888,2.0197,0,0
WTN_PB,D,20190607,000000,2.0197,2.0197,1.9169,1.9449,0,0
WTN_PB,D,20190610,000000,1.9636,1.9636,1.8888,1.9636,0,0
WTN_PB,D,20190611,000000,1.9636,2.0384,1.9636,1.9823,0,0
WTN_PB,D,20190612,000000,1.9823,1.9823,1.9075,1.9075,0,0
WTN_PB,D,20190613,000000,1.96,1.96,1.89,1.89,0,0
WTN_PB,D,20190614,000000,1.93,1.95,1.93,1.95,0,0
WTN_PB,D,20190617,000000,1.96,1.96,1.93,1.93,0,0
WTN_PB,D,20190618,000000,1.96,2,1.96,2,0,0
WTN_PB,D,20190619,000000,2,2,1.98,2,0,0
WTN_PB,D,20190621,000000,2,2,1.99,1.99,0,0
WTN_PB,D,20190624,000000,1.98,1.98,1.97,1.97,0,0
WTN_PB,D,20190625,000000,1.96,1.96,1.95,1.95,0,0
WTN_PB,D,20190626,000000,1.96,1.96,1.95,1.95,0,0
WTN_PB,D,20190627,000000,1.96,2,1.96,2,0,0
WTN_PB,D,20190628,000000,2,2,2,2,0,0
WTN_PB,D,20190701,000000,1.98,1.98,1.98,1.98,0,0
WTN_PB,D,20190702,000000,2,2,2,2,0,0
WTN_PB,D,20190703,000000,2,2,2,2,0,0
WTN_PB,D,20190704,000000,2,2.01,2,2.01,0,0
WTN_PB,D,20190705,000000,2.04,2.08,2,2.08,0,0
WTN_PB,D,20190708,000000,2.08,2.08,2.08,2.08,0,0
WTN_PB,D,20190709,000000,2.08,2.08,1.96,1.96,0,0
WTN_PB,D,20190710,000000,2.04,2.04,1.98,1.98,0,0
WTN_PB,D,20190711,000000,2.01,2.04,2.01,2.04,0,0
WTN_PB,D,20190712,000000,2.04,2.04,2.04,2.04,0,0
WTN_PB,D,20190715,000000,2.04,2.04,2.01,2.02,0,0
WTN_PB,D,20190716,000000,2.04,2.04,2,2,0,0
WTN_PB,D,20190717,000000,2.03,2.03,2.02,2.02,0,0
WTN_PB,D,20190718,000000,2.04,2.04,2.04,2.04,0,0
WTN_PB,D,20190719,000000,2.04,2.04,2.02,2.02,0,0
WTN_PB,D,20190722,000000,2.05,2.05,2.02,2.05,0,0
WTN_PB,D,20190723,000000,2.02,2.02,2.02,2.02,0,0
WTN_PB,D,20190724,000000,2.05,2.05,2.02,2.02,0,0
WTN_PB,D,20190725,000000,2.05,2.05,2.04,2.04,0,0
WTN_PB,D,20190726,000000,2.05,2.05,2.02,2.02,0,0
WTN_PB,D,20190729,000000,2.04,2.04,2.04,2.04,0,0
WTN_PB,D,20190730,000000,2.04,2.04,2.02,2.02,0,0
WTN_PB,D,20190731,000000,2.04,2.04,2.02,2.02,0,0
WTN_PB,D,20190801,000000,2.02,2.02,2.02,2.02,0,0
WTN_PB,D,20190802,000000,2.02,2.02,2.02,2.02,0,0
WTN_PB,D,20190805,000000,2.02,2.02,2.02,2.02,0,0
WTN_PB,D,20190806,000000,2.02,2.02,2.02,2.02,0,0
WTN_PB,D,20190807,000000,2.05,2.05,2.02,2.02,0,0
WTN_PB,D,20190808,000000,2.05,2.05,2.03,2.03,0,0
WTN_PB,D,20190809,000000,2.05,2.05,2.02,2.02,0,0
WTN_PB,D,20190812,000000,2.05,2.05,2.02,2.04,0,0
WTN_PB,D,20190813,000000,2.02,2.04,2.02,2.02,0,0
WTN_PB,D,20190814,000000,2.03,2.03,2.02,2.02,0,0
WTN_PB,D,20190816,000000,2.02,2.02,2.02,2.02,0,0
WTN_PB,D,20190819,000000,2.04,2.04,2.02,2.02,0,0
WTN_PB,D,20190820,000000,2.04,2.04,2.04,2.04,0,0
WTN_PB,D,20190821,000000,2.04,2.04,2.04,2.04,0,0
WTN_PB,D,20190822,000000,2.04,2.04,2,2,0,0
WTN_PB,D,20190823,000000,2,2.04,2,2.04,0,0
WTN_PB,D,20190826,000000,2.04,2.04,2.04,2.04,0,0
WTN_PB,D,20190827,000000,2.04,2.04,2,2,0,0
WTN_PB,D,20190828,000000,2.04,2.04,2.01,2.01,0,0
WTN_PB,D,20190829,000000,2.05,2.05,1.99,1.99,0,0
WTN_PB,D,20190830,000000,2.05,2.05,1.98,1.98,0,0
WTN_PB,D,20190902,000000,1.98,2.05,1.96,2.04,0,0
WTN_PB,D,20190903,000000,2.05,2.05,2.05,2.05,0,0
WTN_PB,D,20190904,000000,2.08,2.08,1.98,2.05,0,0
WTN_PB,D,20190905,000000,2.06,2.06,2.06,2.06,0,0
WTN_PB,D,20190906,000000,2.06,2.06,2.06,2.06,0,0
WTN_PB,D,20190909,000000,2.08,2.08,2.06,2.06,0,0
WTN_PB,D,20190910,000000,2.1,2.1,2.1,2.1,0,0
WTN_PB,D,20190911,000000,2.1,2.1,2.1,2.1,0,0
WTN_PB,D,20190912,000000,2.12,2.12,2.12,2.12,0,0
WTN_PB,D,20190913,000000,2.11,2.11,2.04,2.04,0,0
WTN_PB,D,20190916,000000,2.12,2.12,1.99,1.99,0,0
WTN_PB,D,20190917,000000,1.99,2,1.99,2,0,0
WTN_PB,D,20190918,000000,1.99,2.08,1.99,2.08,0,0
WTN_PB,D,20190919,000000,2.12,2.12,2,2,0,0
WTN_PB,D,20190920,000000,1.96,2.15,1.89,2.15,0,0
WTN_PB,D,20190923,000000,2.23,2.23,2.08,2.08,0,0
WTN_PB,D,20190924,000000,2.09,2.09,2.07,2.07,0,0
WTN_PB,D,20190925,000000,2.08,2.12,2.08,2.12,0,0
WTN_PB,D,20190926,000000,2.12,2.12,2.12,2.12,0,0
WTN_PB,D,20190927,000000,2.12,2.18,2.12,2.15,0,0
WTN_PB,D,20190930,000000,2.18,2.18,2.12,2.15,0,0
WTN_PB,D,20191001,000000,2.21,2.21,2.21,2.21,0,0
WTN_PB,D,20191002,000000,2.21,2.21,2.12,2.12,0,0
WTN_PB,D,20191003,000000,2.12,2.12,2.12,2.12,0,0
WTN_PB,D,20191004,000000,2.14,2.14,2.12,2.12,0,0
WTN_PB,D,20191007,000000,2.16,2.16,2.08,2.08,0,0
WTN_PB,D,20191008,000000,2.08,2.08,2.08,2.08,0,0
WTN_PB,D,20191009,000000,2.08,2.08,1.93,1.99,0,0
WTN_PB,D,20191010,000000,1.99,1.99,1.99,1.99,0,0
WTN_PB,D,20191011,000000,2,2,2,2,0,0
WTN_PB,D,20191015,000000,2,2,2,2,0,0
WTN_PB,D,20191016,000000,2.08,2.08,2.03,2.06,0,0
WTN_PB,D,20191017,000000,2.06,2.08,2.06,2.08,0,0
WTN_PB,D,20191018,000000,2.09,2.09,2.08,2.08,0,0
WTN_PB,D,20191021,000000,2.08,2.08,1.99,2.05,0,0
WTN_PB,D,20191022,000000,2.08,2.08,2.05,2.05,0,0
WTN_PB,D,20191023,000000,2.05,2.05,1.99,1.99,0,0
WTN_PB,D,20191024,000000,2.05,2.05,2,2,0,0
WTN_PB,D,20191025,000000,2,2.08,2,2.08,0,0
WTN_PB,D,20191028,000000,2.09,2.09,2.08,2.08,0,0
WTN_PB,D,20191029,000000,2.11,2.11,2.11,2.11,0,0
WTN_PB,D,20191030,000000,2.11,2.11,2.11,2.11,0,0
WTN_PB,D,20191031,000000,2.1,2.1,2.07,2.1,0,0
WTN_PB,D,20191104,000000,2.1,2.1,2.08,2.08,0,0
WTN_PB,D,20191105,000000,2.02,2.07,2,2.07,0,0
WTN_PB,D,20191106,000000,2.05,2.07,2.05,2.05,0,0
WTN_PB,D,20191107,000000,2.09,2.09,2.07,2.08,0,0
WTN_PB,D,20191108,000000,2.08,2.08,2.02,2.02,0,0
WTN_PB,D,20191112,000000,2.05,2.05,2,2.05,0,0
WTN_PB,D,20191113,000000,2.05,2.05,2.05,2.05,0,0
WTN_PB,D,20191114,000000,2.06,2.06,1.97,1.99,0,0
WTN_PB,D,20191115,000000,1.94,1.94,1.87,1.87,0,0
WTN_PB,D,20191118,000000,1.87,1.89,1.86,1.89,0,0
WTN_PB,D,20191119,000000,1.93,1.93,1.85,1.86,0,0
WTN_PB,D,20191120,000000,1.85,1.86,1.83,1.84,0,0
WTN_PB,D,20191121,000000,1.85,1.85,1.82,1.82,0,0
WTN_PB,D,20191122,000000,1.85,1.85,1.79,1.79,0,0
WTN_PB,D,20191125,000000,1.79,1.86,1.79,1.86,0,0
WTN_PB,D,20191126,000000,1.9,1.9,1.86,1.89,0,0
WTN_PB,D,20191127,000000,1.89,1.89,1.89,1.89,0,0
WTN_PB,D,20191128,000000,1.87,1.89,1.85,1.87,0,0
WTN_PB,D,20191129,000000,1.87,1.87,1.83,1.84,0,0
WTN_PB,D,20191202,000000,1.84,1.84,1.79,1.79,0,0
WTN_PB,D,20191203,000000,1.79,1.87,1.75,1.75,0,0
WTN_PB,D,20191204,000000,1.79,1.79,1.74,1.75,0,0
WTN_PB,D,20191205,000000,1.77,1.77,1.72,1.76,0,0
WTN_PB,D,20191206,000000,1.79,1.79,1.71,1.72,0,0
WTN_PB,D,20191209,000000,1.7,1.72,1.66,1.66,0,0
WTN_PB,D,20191210,000000,1.66,1.68,1.66,1.66,0,0
WTN_PB,D,20191211,000000,1.66,1.71,1.64,1.68,0,0
WTN_PB,D,20191212,000000,1.69,1.72,1.69,1.72,0,0
WTN_PB,D,20191213,000000,1.74,1.74,1.72,1.74,0,0
WTN_PB,D,20191216,000000,1.84,1.84,1.72,1.72,0,0
WTN_PB,D,20191217,000000,1.72,1.77,1.72,1.72,0,0
WTN_PB,D,20191218,000000,1.72,1.73,1.71,1.72,0,0
WTN_PB,D,20191219,000000,1.72,1.74,1.72,1.74,0,0
WTN_PB,D,20191220,000000,1.75,1.75,1.71,1.71,0,0
WTN_PB,D,20191223,000000,1.78,1.78,1.72,1.72,0,0
WTN_PB,D,20191227,000000,1.78,1.78,1.75,1.75,0,0
WTN_PB,D,20191230,000000,1.76,1.77,1.74,1.76,0,0
WTN_PB,D,20200102,000000,1.76,1.84,1.75,1.78,0,0
WTN_PB,D,20200103,000000,1.78,1.86,1.76,1.83,0,0
WTN_PB,D,20200107,000000,1.84,1.91,1.84,1.89,0,0
WTN_PB,D,20200108,000000,1.91,1.94,1.87,1.91,0,0
WTN_PB,D,20200109,000000,1.92,1.92,1.89,1.89,0,0
WTN_PB,D,20200110,000000,1.91,1.91,1.88,1.88,0,0
WTN_PB,D,20200113,000000,1.94,1.94,1.87,1.87,0,0
WTN_PB,D,20200114,000000,1.9,1.9,1.84,1.85,0,0
WTN_PB,D,20200115,000000,1.84,1.86,1.84,1.85,0,0
WTN_PB,D,20200116,000000,1.84,1.89,1.84,1.84,0,0
WTN_PB,D,20200117,000000,1.88,1.88,1.82,1.82,0,0
WTN_PB,D,20200120,000000,1.83,1.87,1.83,1.87,0,0
WTN_PB,D,20200121,000000,1.87,1.87,1.85,1.86,0,0
WTN_PB,D,20200122,000000,1.87,1.87,1.85,1.87,0,0
WTN_PB,D,20200123,000000,1.87,1.87,1.8,1.81,0,0
WTN_PB,D,20200124,000000,1.82,1.85,1.81,1.85,0,0
WTN_PB,D,20200127,000000,1.85,1.85,1.82,1.82,0,0
WTN_PB,D,20200128,000000,1.84,1.84,1.82,1.82,0,0
WTN_PB,D,20200129,000000,1.82,1.82,1.81,1.82,0,0
WTN_PB,D,20200130,000000,1.82,1.86,1.79,1.8,0,0
WTN_PB,D,20200131,000000,1.8,1.8,1.77,1.77,0,0
WTN_PB,D,20200203,000000,1.77,1.87,1.77,1.87,0,0
WTN_PB,D,20200204,000000,1.88,1.88,1.79,1.79,0,0
WTN_PB,D,20200205,000000,1.79,1.82,1.79,1.8,0,0
WTN_PB,D,20200206,000000,1.83,1.85,1.83,1.83,0,0
WTN_PB,D,20200207,000000,1.85,1.85,1.8,1.81,0,0
WTN_PB,D,20200210,000000,1.85,1.85,1.81,1.81,0,0
WTN_PB,D,20200211,000000,1.85,1.86,1.81,1.81,0,0
WTN_PB,D,20200212,000000,1.81,1.82,1.81,1.81,0,0
WTN_PB,D,20200213,000000,1.82,1.82,1.82,1.82,0,0
WTN_PB,D,20200214,000000,1.84,1.84,1.81,1.81,0,0
WTN_PB,D,20200217,000000,1.81,1.81,1.77,1.77,0,0
WTN_PB,D,20200218,000000,1.82,1.82,1.79,1.81,0,0
WTN_PB,D,20200219,000000,1.81,1.81,1.79,1.81,0,0
WTN_PB,D,20200220,000000,1.81,1.81,1.78,1.78,0,0
WTN_PB,D,20200221,000000,1.77,1.77,1.74,1.74,0,0
WTN_PB,D,20200224,000000,1.77,1.77,1.66,1.66,0,0
WTN_PB,D,20200225,000000,1.64,1.65,1.51,1.56,0,0
WTN_PB,D,20200226,000000,1.51,1.58,1.46,1.58,0,0
WTN_PB,D,20200227,000000,1.52,1.59,1.52,1.55,0,0
WTN_PB,D,20200228,000000,1.51,1.55,1.43,1.49,0,0
WTN_PB,D,20200302,000000,1.49,1.49,1.42,1.43,0,0
WTN_PB,D,20200303,000000,1.49,1.51,1.48,1.51,0,0
WTN_PB,D,20200304,000000,1.51,1.58,1.51,1.56,0,0
WTN_PB,D,20200305,000000,1.56,1.57,1.56,1.57,0,0
WTN_PB,D,20200306,000000,1.58,1.58,1.43,1.46,0,0
WTN_PB,D,20200309,000000,1.43,1.43,1.29,1.29,0,0
WTN_PB,D,20200310,000000,1.34,1.34,1.28,1.28,0,0
WTN_PB,D,20200311,000000,1.32,1.32,1.18,1.18,0,0
WTN_PB,D,20200312,000000,1.04,1.12,0.95,0.95,0,0
WTN_PB,D,20200313,000000,0.99,0.99,0.95,0.95,0,0
WTN_PB,D,20200316,000000,0.96,0.96,0.84,0.84,0,0
WTN_PB,D,20200317,000000,0.91,0.91,0.82,0.82,0,0
WTN_PB,D,20200318,000000,0.84,0.84,0.81,0.82,0,0
WTN_PB,D,20200319,000000,0.86,0.86,0.8,0.81,0,0
WTN_PB,D,20200320,000000,0.84,0.92,0.79,0.86,0,0
WTN_PB,D,20200323,000000,0.88,0.9,0.84,0.87,0,0
WTN_PB,D,20200324,000000,0.9,1.03,0.87,1,0,0
WTN_PB,D,20200325,000000,1.06,1.06,0.98,1,0,0
WTN_PB,D,20200326,000000,1,1.08,1,1.08,0,0
WTN_PB,D,20200327,000000,1.11,1.21,0.91,0.91,0,0
WTN_PB,D,20200330,000000,0.93,0.93,0.87,0.87,0,0
WTN_PB,D,20200331,000000,0.88,0.88,0.85,0.85,0,0
WTN_PB,D,20200401,000000,0.82,0.82,0.79,0.8,0,0
WTN_PB,D,20200402,000000,0.8,0.8,0.75,0.78,0,0
WTN_PB,D,20200403,000000,0.77,0.78,0.73,0.74,0,0
WTN_PB,D,20200406,000000,0.76,0.76,0.74,0.74,0,0
WTN_PB,D,20200407,000000,0.76,0.84,0.74,0.8,0,0
WTN_PB,D,20200408,000000,0.82,0.83,0.76,0.76,0,0
WTN_PB,D,20200409,000000,0.75,0.78,0.74,0.78,0,0
WTN_PB,D,20200414,000000,0.82,0.9,0.82,0.9,0,0
WTN_PB,D,20200415,000000,0.91,0.97,0.9,0.9,0,0
WTN_PB,D,20200416,000000,0.91,0.92,0.85,0.86,0,0
WTN_PB,D,20200417,000000,0.87,0.92,0.87,0.92,0,0
WTN_PB,D,20200420,000000,0.93,0.94,0.91,0.93,0,0
WTN_PB,D,20200421,000000,0.93,0.93,0.85,0.88,0,0
WTN_PB,D,20200422,000000,0.9,0.92,0.87,0.92,0,0
WTN_PB,D,20200423,000000,0.92,0.93,0.9,0.93,0,0
WTN_PB,D,20200424,000000,0.93,0.93,0.89,0.92,0,0
WTN_PB,D,20200427,000000,0.93,0.93,0.89,0.91,0,0
WTN_PB,D,20200428,000000,0.91,0.91,0.88,0.89,0,0
WTN_PB,D,20200429,000000,0.89,1.07,0.89,0.96,0,0
WTN_PB,D,20200430,000000,1.03,1.09,0.97,0.99,0,0
WTN_PB,D,20200504,000000,1.05,1.05,0.96,0.99,0,0
WTN_PB,D,20200505,000000,0.98,0.99,0.95,0.97,0,0
WTN_PB,D,20200506,000000,0.96,0.98,0.87,0.89,0,0
WTN_PB,D,20200507,000000,0.89,0.94,0.89,0.91,0,0
WTN_PB,D,20200508,000000,0.94,0.94,0.9,0.91,0,0
WTN_PB,D,20200511,000000,0.91,0.92,0.9,0.9,0,0
WTN_PB,D,20200512,000000,0.91,0.92,0.89,0.91,0,0
WTN_PB,D,20200513,000000,0.92,0.92,0.89,0.91,0,0
WTN_PB,D,20200514,000000,0.91,0.91,0.9,0.9,0,0
WTN_PB,D,20200515,000000,0.91,0.93,0.9,0.9,0,0
WTN_PB,D,20200518,000000,0.92,0.93,0.9,0.9,0,0
WTN_PB,D,20200519,000000,0.92,0.93,0.91,0.93,0,0
WTN_PB,D,20200520,000000,0.93,0.95,0.92,0.95,0,0
WTN_PB,D,20200521,000000,0.96,0.96,0.92,0.94,0,0
WTN_PB,D,20200522,000000,0.96,0.98,0.91,0.98,0,0
WTN_PB,D,20200525,000000,0.98,1,0.98,0.99,0,0
WTN_PB,D,20200526,000000,0.98,1,0.98,1,0,0
WTN_PB,D,20200527,000000,1,1.02,0.99,1,0,0
WTN_PB,D,20200528,000000,1.01,1.03,1,1.02,0,0
WTN_PB,D,20200529,000000,1.04,1.04,1.02,1.03,0,0
WTN_PB,D,20200601,000000,1.05,1.07,1.05,1.06,0,0
WTN_PB,D,20200602,000000,1.06,1.07,1.02,1.07,0,0
WTN_PB,D,20200603,000000,1.08,1.16,1.08,1.16,0,0
WTN_PB,D,20200604,000000,1.17,1.17,1.12,1.14,0,0
WTN_PB,D,20200605,000000,1.13,1.14,1.08,1.13,0,0
WTN_PB,D,20200608,000000,1.13,1.13,1.1,1.12,0,0
WTN_PB,D,20200609,000000,1.11,1.13,1.06,1.12,0,0
WTN_PB,D,20200610,000000,1.13,1.15,1.13,1.14,0,0
WTN_PB,D,20200612,000000,1.07,1.11,1.06,1.08,0,0
WTN_PB,D,20200615,000000,1.08,1.12,1.05,1.11,0,0
WTN_PB,D,20200616,000000,1.1,1.11,1.09,1.11,0,0
WTN_PB,D,20200617,000000,1.1,1.1,1.08,1.09,0,0
WTN_PB,D,20200618,000000,1.09,1.09,1.08,1.08,0,0
WTN_PB,D,20200619,000000,1.11,1.11,1.06,1.09,0,0
WTN_PB,D,20200622,000000,1.1,1.1,1.09,1.09,0,0
WTN_PB,D,20200623,000000,1.09,1.1,1.08,1.09,0,0
WTN_PB,D,20200624,000000,1.09,1.11,1.07,1.07,0,0
WTN_PB,D,20200625,000000,1.07,1.09,1.03,1.09,0,0
WTN_PB,D,20200626,000000,1.09,1.09,1.04,1.04,0,0
WTN_PB,D,20200629,000000,1.04,1.04,0.99,1,0,0
WTN_PB,D,20200630,000000,1.02,1.05,1.02,1.04,0,0
WTN_PB,D,20200701,000000,1.02,1.05,1.01,1.01,0,0
WTN_PB,D,20200702,000000,1.01,1.05,1.01,1.04,0,0
WTN_PB,D,20200703,000000,1.05,1.05,1.03,1.04,0,0
WTN_PB,D,20200706,000000,1.04,1.06,1.04,1.05,0,0
WTN_PB,D,20200707,000000,1.05,1.05,0.96,1.04,0,0
WTN_PB,D,20200708,000000,1.04,1.04,1.01,1.03,0,0
WTN_PB,D,20200709,000000,1.03,1.03,1,1.01,0,0
WTN_PB,D,20200710,000000,1.01,1.01,1,1,0,0
WTN_PB,D,20200713,000000,1.02,1.02,1,1.01,0,0
WTN_PB,D,20200714,000000,1.01,1.02,0.99,0.99,0,0
WTN_PB,D,20200715,000000,1.02,1.02,0.99,1,0,0
WTN_PB,D,20200716,000000,1.01,1.01,0.97,1.01,0,0
WTN_PB,D,20200717,000000,1.01,1.01,0.97,1,0,0
WTN_PB,D,20200720,000000,1,1,0.97,0.99,0,0
WTN_PB,D,20200721,000000,0.99,1,0.97,0.99,0,0
WTN_PB,D,20200722,000000,0.99,0.99,0.97,0.97,0,0
WTN_PB,D,20200723,000000,0.99,0.99,0.95,0.95,0,0
WTN_PB,D,20200724,000000,0.94,0.98,0.94,0.97,0,0
WTN_PB,D,20200727,000000,0.98,0.98,0.94,0.95,0,0
WTN_PB,D,20200728,000000,0.95,0.96,0.94,0.95,0,0
WTN_PB,D,20200729,000000,0.95,0.95,0.93,0.93,0,0
WTN_PB,D,20200730,000000,0.95,0.96,0.88,0.93,0,0
WTN_PB,D,20200731,000000,0.89,0.93,0.89,0.92,0,0
WTN_PB,D,20200803,000000,0.89,0.92,0.89,0.92,0,0
WTN_PB,D,20200804,000000,0.94,0.95,0.93,0.93,0,0
WTN_PB,D,20200805,000000,0.95,0.95,0.92,0.94,0,0
WTN_PB,D,20200806,000000,0.94,0.95,0.93,0.93,0,0
WTN_PB,D,20200807,000000,0.95,0.95,0.92,0.95,0,0
WTN_PB,D,20200810,000000,0.97,0.97,0.95,0.96,0,0
WTN_PB,D,20200811,000000,0.97,0.97,0.95,0.95,0,0
WTN_PB,D,20200812,000000,0.97,0.97,0.94,0.96,0,0
WTN_PB,D,20200813,000000,0.97,0.97,0.94,0.97,0,0
WTN_PB,D,20200814,000000,0.96,0.96,0.95,0.95,0,0
WTN_PB,D,20200817,000000,0.95,0.96,0.95,0.96,0,0
WTN_PB,D,20200818,000000,0.96,0.96,0.95,0.95,0,0
WTN_PB,D,20200819,000000,0.96,0.96,0.95,0.95,0,0
WTN_PB,D,20200820,000000,0.97,0.97,0.95,0.95,0,0
WTN_PB,D,20200821,000000,0.94,0.95,0.94,0.94,0,0
WTN_PB,D,20200824,000000,0.94,0.95,0.94,0.95,0,0
WTN_PB,D,20200825,000000,0.96,0.96,0.95,0.95,0,0
WTN_PB,D,20200826,000000,0.94,0.94,0.93,0.94,0,0
WTN_PB,D,20200827,000000,0.94,0.94,0.93,0.93,0,0
WTN_PB,D,20200828,000000,0.94,0.95,0.93,0.93,0,0
WTN_PB,D,20200831,000000,0.94,0.95,0.93,0.93,0,0
WTN_PB,D,20200901,000000,0.93,0.93,0.91,0.92,0,0
WTN_PB,D,20200902,000000,0.92,0.92,0.89,0.91,0,0
WTN_PB,D,20200903,000000,0.91,0.91,0.9,0.9,0,0
WTN_PB,D,20200904,000000,0.89,0.9,0.87,0.88,0,0
WTN_PB,D,20200907,000000,0.88,0.9,0.88,0.9,0,0
WTN_PB,D,20200908,000000,0.9,0.9,0.83,0.85,0,0
WTN_PB,D,20200909,000000,0.85,0.86,0.84,0.84,0,0
WTN_PB,D,20200910,000000,0.84,0.84,0.83,0.83,0,0
WTN_PB,D,20200911,000000,0.85,0.85,0.83,0.84,0,0
WTN_PB,D,20200914,000000,0.84,0.84,0.83,0.83,0,0
WTN_PB,D,20200915,000000,0.83,0.83,0.82,0.83,0,0
WTN_PB,D,20200916,000000,0.83,0.84,0.83,0.83,0,0
WTN_PB,D,20200917,000000,0.85,0.85,0.83,0.84,0,0
WTN_PB,D,20200918,000000,0.82,0.92,0.82,0.88,0,0
WTN_PB,D,20200921,000000,0.88,0.9,0.88,0.89,0,0
WTN_PB,D,20200922,000000,0.88,0.92,0.88,0.91,0,0
WTN_PB,D,20200923,000000,0.91,0.91,0.89,0.9,0,0
WTN_PB,D,20200924,000000,0.9,0.91,0.89,0.89,0,0
WTN_PB,D,20200925,000000,0.89,0.92,0.89,0.92,0,0
WTN_PB,D,20200928,000000,0.93,0.95,0.93,0.95,0,0
WTN_PB,D,20200929,000000,0.94,0.95,0.92,0.92,0,0
WTN_PB,D,20200930,000000,0.95,0.95,0.89,0.9,0,0
WTN_PB,D,20201001,000000,0.9,0.9,0.9,0.9,0,0
WTN_PB,D,20201002,000000,0.91,0.91,0.88,0.9,0,0
WTN_PB,D,20201005,000000,0.88,0.89,0.88,0.89,0,0
WTN_PB,D,20201006,000000,0.9,0.9,0.88,0.89,0,0
WTN_PB,D,20201007,000000,0.89,0.9,0.88,0.88,0,0
WTN_PB,D,20201008,000000,0.88,0.93,0.87,0.91,0,0
WTN_PB,D,20201009,000000,0.91,0.91,0.89,0.89,0,0
WTN_PB,D,20201012,000000,0.91,0.91,0.89,0.91,0,0
WTN_PB,D,20201013,000000,0.92,0.92,0.89,0.91,0,0
WTN_PB,D,20201014,000000,0.91,0.91,0.82,0.88,0,0
WTN_PB,D,20201015,000000,0.86,0.9,0.81,0.9,0,0
WTN_PB,D,20201016,000000,0.88,0.88,0.82,0.86,0,0
