<TICKER>,<PER>,<DATE>,<TIME>,<OPEN>,<HIGH>,<LOW>,<CLOSE>,<VOL>,<OPENINT>
WIG_ODZIEZ,D,20170102,000000,5140.34,5298.33,5140.34,5174.68,757751,0
WIG_ODZIEZ,D,20170103,000000,5182.48,5261.87,5086.16,5167.92,1253199,0
WIG_ODZIEZ,D,20170104,000000,5206.33,5213.91,5107.12,5122.17,1089739,0
WIG_ODZIEZ,D,20170105,000000,5112.18,5118.42,5019.62,5045.15,2588875,0
WIG_ODZIEZ,D,20170109,000000,5084.04,5109.78,4996.84,5109.78,1687816,0
WIG_ODZIEZ,D,20170110,000000,5140.97,5201.09,5118.49,5189.12,1082308,0
WIG_ODZIEZ,D,20170111,000000,5194.2,5194.87,5140.53,5180.91,2112530,0
WIG_ODZIEZ,D,20170112,000000,5158.35,5198.51,5105.16,5112.4,1246116,0
WIG_ODZIEZ,D,20170113,000000,5105.74,5158.54,5085.74,5158.54,2061534,0
WIG_ODZIEZ,D,20170116,000000,5128.4,5164.98,5116.99,5139.15,1296706,0
WIG_ODZIEZ,D,20170117,000000,5150.38,5162.21,5083.5,5121.79,3253871,0
WIG_ODZIEZ,D,20170118,000000,5169.96,5181.28,5098.79,5124.87,1727586,0
WIG_ODZIEZ,D,20170119,000000,5128.04,5157.53,5108.73,5157.53,706256,0
WIG_ODZIEZ,D,20170120,000000,5151.52,5218.99,5112.34,5134.24,719958,0
WIG_ODZIEZ,D,20170123,000000,5118.68,5144.25,5053.95,5053.95,998816,0
WIG_ODZIEZ,D,20170124,000000,5035.97,5056.54,4953.63,5004.35,1114650,0
WIG_ODZIEZ,D,20170125,000000,5050,5156.28,5033.31,5104.58,1337853,0
WIG_ODZIEZ,D,20170126,000000,5120.69,5151.18,5036.42,5059.84,2285760,0
WIG_ODZIEZ,D,20170127,000000,5042.82,5090.15,5018.82,5018.82,3896342,0
WIG_ODZIEZ,D,20170130,000000,5019.34,5091.54,4988.28,4998.35,2224187,0
WIG_ODZIEZ,D,20170131,000000,5033.38,5033.38,4920.41,4931,1922273,0
WIG_ODZIEZ,D,20170201,000000,4942.77,4986,4868.26,4898.72,1406898,0
WIG_ODZIEZ,D,20170202,000000,4902.43,4977.95,4865.57,4964.13,1100525,0
WIG_ODZIEZ,D,20170203,000000,4962.53,5023.62,4949.13,5011.55,1382104,0
WIG_ODZIEZ,D,20170206,000000,4982.94,5014.24,4931.88,4972.64,1110532,0
WIG_ODZIEZ,D,20170207,000000,4964.83,5026.78,4935.81,5013.79,1979498,0
WIG_ODZIEZ,D,20170208,000000,4997.65,5076.26,4957.72,5076.26,1017429,0
WIG_ODZIEZ,D,20170209,000000,5065.92,5088.63,5014.58,5058.78,1326775,0
WIG_ODZIEZ,D,20170210,000000,5052.53,5063.43,4982.89,5027.26,1511655,0
WIG_ODZIEZ,D,20170213,000000,5033.68,5111.47,5002.89,5111.47,2344139,0
WIG_ODZIEZ,D,20170214,000000,5106.49,5179.45,5079.27,5134.62,1849132,0
WIG_ODZIEZ,D,20170215,000000,5153.22,5197.15,5135.06,5173.37,1713320,0
WIG_ODZIEZ,D,20170216,000000,5207.25,5219.15,5129.24,5185.51,1048853,0
WIG_ODZIEZ,D,20170217,000000,5180.35,5191.25,5108.83,5133.05,1087702,0
WIG_ODZIEZ,D,20170220,000000,5147.78,5152.43,5113.93,5127.8,672619,0
WIG_ODZIEZ,D,20170221,000000,5134.33,5190.59,5110.06,5186.79,1129088,0
WIG_ODZIEZ,D,20170222,000000,5164.34,5226.89,5149.95,5226.89,1288328,0
WIG_ODZIEZ,D,20170223,000000,5229.29,5402.69,5169.06,5392.62,1461234,0
WIG_ODZIEZ,D,20170224,000000,5376.34,5387.62,5279.56,5385.1,1961526,0
WIG_ODZIEZ,D,20170227,000000,5389.54,5432.92,5284.59,5430.2,1175075,0
WIG_ODZIEZ,D,20170228,000000,5416.81,5431.93,5289,5372.66,1209609,0
WIG_ODZIEZ,D,20170301,000000,5377.37,5519.59,5365.06,5519.59,1156931,0
WIG_ODZIEZ,D,20170302,000000,5521.75,5564.75,5479.36,5564.65,1906713,0
WIG_ODZIEZ,D,20170303,000000,5514.08,5593.35,5486.56,5524.59,2556711,0
WIG_ODZIEZ,D,20170306,000000,5535.46,5550.11,5469.37,5533.08,1735702,0
WIG_ODZIEZ,D,20170307,000000,5531.01,5711.54,5486.98,5694.65,1701079,0
WIG_ODZIEZ,D,20170308,000000,5733.97,5733.97,5654.98,5728.15,1196941,0
WIG_ODZIEZ,D,20170309,000000,5734.38,5737.48,5627.44,5716.78,3376374,0
WIG_ODZIEZ,D,20170310,000000,5761.15,5924.44,5761.15,5821.77,1817251,0
WIG_ODZIEZ,D,20170313,000000,5856.31,5887.43,5778.34,5842.88,3472539,0
WIG_ODZIEZ,D,20170314,000000,5877.72,5909.96,5833.5,5888.24,3206805,0
WIG_ODZIEZ,D,20170315,000000,5918.55,5954.61,5881.18,5903.35,1677445,0
WIG_ODZIEZ,D,20170316,000000,5993.73,6087.71,5977.86,6047.36,2229481,0
WIG_ODZIEZ,D,20170317,000000,6068.56,6175.36,5980.77,6092.41,1830473,0
WIG_ODZIEZ,D,20170320,000000,6074.42,6081.29,5911.54,5916.91,1100360,0
WIG_ODZIEZ,D,20170321,000000,5953.94,6003.15,5783.51,5795.72,1615331,0
WIG_ODZIEZ,D,20170322,000000,5786.08,5796.54,5592.48,5744.84,971111,0
WIG_ODZIEZ,D,20170323,000000,5729.47,5874.3,5719.6,5842.41,1032719,0
WIG_ODZIEZ,D,20170324,000000,5799.75,5885.14,5720.28,5823.46,965042,0
WIG_ODZIEZ,D,20170327,000000,5777.89,5875.32,5746.38,5875.32,779653,0
WIG_ODZIEZ,D,20170328,000000,5823.35,5863.13,5776.99,5843.71,1190176,0
WIG_ODZIEZ,D,20170329,000000,5793.03,5864.94,5714.84,5783.88,1390476,0
WIG_ODZIEZ,D,20170330,000000,5799.97,5930.61,5799.44,5930.61,4919968,0
WIG_ODZIEZ,D,20170331,000000,5863.67,6030.86,5863.67,6020.58,2031999,0
WIG_ODZIEZ,D,20170403,000000,6059.61,6143.61,5730.79,5973.57,1825357,0
WIG_ODZIEZ,D,20170404,000000,5914.04,5955.89,5880.8,5919.42,2956154,0
WIG_ODZIEZ,D,20170405,000000,5910.2,5965.47,5824.05,5858.22,1742754,0
WIG_ODZIEZ,D,20170406,000000,5799.16,5827.03,5761.77,5798.77,779371,0
WIG_ODZIEZ,D,20170407,000000,5772.29,5839.78,5727.15,5751.9,1150625,0
WIG_ODZIEZ,D,20170410,000000,5808.09,5812.56,5704.57,5704.57,1206944,0
WIG_ODZIEZ,D,20170411,000000,5683.67,5822.78,5619.79,5672.45,1317154,0
WIG_ODZIEZ,D,20170412,000000,5699.65,5780.89,5681.11,5740.98,951099,0
WIG_ODZIEZ,D,20170413,000000,5722.35,5777.25,5722.35,5745.15,384860,0
WIG_ODZIEZ,D,20170418,000000,5787.57,5833.13,5717.74,5807.94,1032037,0
WIG_ODZIEZ,D,20170419,000000,5802.33,5894.57,5761.82,5878.85,1205986,0
WIG_ODZIEZ,D,20170420,000000,5897.19,5962.42,5833.91,5962.42,833300,0
WIG_ODZIEZ,D,20170421,000000,5947.79,5979.31,5860.73,5910.7,1567107,0
WIG_ODZIEZ,D,20170424,000000,5964.01,5968.76,5801.13,5817.58,842007,0
WIG_ODZIEZ,D,20170425,000000,5805.33,5979.1,5805.33,5928.98,1289012,0
WIG_ODZIEZ,D,20170426,000000,5931.63,5980.43,5838.62,5980.43,916468,0
WIG_ODZIEZ,D,20170427,000000,5967.89,5978.5,5916.77,5970.16,898955,0
WIG_ODZIEZ,D,20170428,000000,5957.71,5966.97,5904.41,5950.56,1335248,0
WIG_ODZIEZ,D,20170502,000000,5860.13,5921.06,5765.28,5806.58,527223,0
WIG_ODZIEZ,D,20170504,000000,5807.98,5807.98,5512.92,5577.57,1404603,0
WIG_ODZIEZ,D,20170505,000000,5572.14,5650.32,5482.98,5623.27,768083,0
WIG_ODZIEZ,D,20170508,000000,5614.37,5688.68,5542.12,5658.41,907440,0
WIG_ODZIEZ,D,20170509,000000,5643.79,5711.64,5633.25,5711.64,852606,0
WIG_ODZIEZ,D,20170510,000000,5738.01,5751.06,5560.76,5568.41,1960650,0
WIG_ODZIEZ,D,20170511,000000,5615.46,5615.46,5473.86,5520.69,581158,0
WIG_ODZIEZ,D,20170512,000000,5529.75,5556.85,5475.88,5518.97,2672295,0
WIG_ODZIEZ,D,20170515,000000,5465.44,5483.4,5390.05,5406.54,832405,0
WIG_ODZIEZ,D,20170516,000000,5367.2,5476.55,5367.2,5429.96,1410896,0
WIG_ODZIEZ,D,20170517,000000,5371.94,5558.12,5365.48,5453.44,1503738,0
WIG_ODZIEZ,D,20170518,000000,5455.18,5512.3,5397.86,5466.35,1375271,0
WIG_ODZIEZ,D,20170519,000000,5436.19,5626.63,5436.19,5612.98,1123941,0
WIG_ODZIEZ,D,20170522,000000,5608.4,5643.78,5546.17,5643.78,897555,0
WIG_ODZIEZ,D,20170523,000000,5624.95,5688.26,5598.81,5673.38,1975889,0
WIG_ODZIEZ,D,20170524,000000,5658.48,5688.77,5543.72,5628.38,965619,0
WIG_ODZIEZ,D,20170525,000000,5700.17,5701.35,5506.35,5625.62,700738,0
WIG_ODZIEZ,D,20170526,000000,5638.14,5645.46,5555.75,5599.53,759709,0
WIG_ODZIEZ,D,20170529,000000,5578.76,5615.28,5545.51,5584.34,389050,0
WIG_ODZIEZ,D,20170530,000000,5604.15,5619.06,5475.63,5517.59,735040,0
WIG_ODZIEZ,D,20170531,000000,5537.24,5537.24,5449.51,5494.4,1752102,0
WIG_ODZIEZ,D,20170601,000000,5516.55,5599.43,5471.9,5553.89,1033803,0
WIG_ODZIEZ,D,20170602,000000,5584.65,5782.19,5584.65,5776.35,649447,0
WIG_ODZIEZ,D,20170605,000000,5787.45,5787.45,5667.31,5689.5,563875,0
WIG_ODZIEZ,D,20170606,000000,5631.52,5761.45,5595.46,5738.89,509467,0
WIG_ODZIEZ,D,20170607,000000,5691.24,5751.46,5680.79,5710.22,594646,0
WIG_ODZIEZ,D,20170608,000000,5734.9,5759.8,5629.18,5722.21,845685,0
WIG_ODZIEZ,D,20170609,000000,5719.84,5743.04,5681.95,5713.5,532642,0
WIG_ODZIEZ,D,20170612,000000,5730.13,5731.33,5671.25,5684.25,595292,0
WIG_ODZIEZ,D,20170613,000000,5671.84,5794.26,5671.38,5723.42,432062,0
WIG_ODZIEZ,D,20170614,000000,5717.63,5765.95,5695.58,5765.95,561524,0
WIG_ODZIEZ,D,20170616,000000,5734.07,5789.72,5713.68,5719.76,335304,0
WIG_ODZIEZ,D,20170619,000000,5792.86,5838.37,5738.46,5838.37,596185,0
WIG_ODZIEZ,D,20170620,000000,5818.36,5853.33,5791.44,5842.12,728930,0
WIG_ODZIEZ,D,20170621,000000,5794.1,5800.82,5698.44,5763.73,460708,0
WIG_ODZIEZ,D,20170622,000000,5800.38,5810.59,5737.02,5810.59,469232,0
WIG_ODZIEZ,D,20170623,000000,5810.36,5859.16,5757.14,5813.8,297106,0
WIG_ODZIEZ,D,20170626,000000,5872.72,6082.13,5872.72,5945.16,495412,0
WIG_ODZIEZ,D,20170627,000000,5958.83,6120.62,5958.83,6120.62,496616,0
WIG_ODZIEZ,D,20170628,000000,6088.98,6171.1,6079.91,6128.19,279418,0
WIG_ODZIEZ,D,20170629,000000,6110.22,6118.42,6038.04,6058.68,525577,0
WIG_ODZIEZ,D,20170630,000000,6096.98,6096.98,5984.09,6053.31,446387,0
WIG_ODZIEZ,D,20170703,000000,6074.5,6106.03,5990.39,6073.2,478544,0
WIG_ODZIEZ,D,20170704,000000,6089.62,6089.62,5999.49,6025.88,574272,0
WIG_ODZIEZ,D,20170705,000000,6053.29,6079.35,6016.41,6055.36,1090694,0
WIG_ODZIEZ,D,20170706,000000,6041.86,6126.91,5930.72,5965.51,760467,0
WIG_ODZIEZ,D,20170707,000000,5962.1,6083.6,5917.58,6030.47,416825,0
WIG_ODZIEZ,D,20170710,000000,6097.8,6097.83,5899.97,5929.08,504817,0
WIG_ODZIEZ,D,20170711,000000,5953.41,5956.87,5890.11,5916.94,387784,0
WIG_ODZIEZ,D,20170712,000000,5934.34,6049.42,5934.34,6036.98,578711,0
WIG_ODZIEZ,D,20170713,000000,5994.92,6057.92,5965.74,5980.12,498162,0
WIG_ODZIEZ,D,20170714,000000,6094.71,6095,5913.46,5984.53,437210,0
WIG_ODZIEZ,D,20170717,000000,6026.85,6077.76,6005.17,6010.03,560324,0
WIG_ODZIEZ,D,20170718,000000,6014.82,6062.87,5948.15,6003.55,283030,0
WIG_ODZIEZ,D,20170719,000000,6032.07,6092.94,5988.52,6047.39,308425,0
WIG_ODZIEZ,D,20170720,000000,6105.44,6106.41,5949.98,5965.07,508188,0
WIG_ODZIEZ,D,20170721,000000,5976.09,6087.94,5961.32,5982.15,526324,0
WIG_ODZIEZ,D,20170724,000000,6004.99,6076.71,5983.12,6019.2,484061,0
WIG_ODZIEZ,D,20170725,000000,5994.75,5997.13,5930.8,5988.71,667897,0
WIG_ODZIEZ,D,20170726,000000,6006.7,6059.84,5938.69,6044.8,426970,0
WIG_ODZIEZ,D,20170727,000000,6048.66,6118.83,6018.7,6075.06,379842,0
WIG_ODZIEZ,D,20170728,000000,6049.42,6095.32,5981.06,6095.32,318338,0
WIG_ODZIEZ,D,20170731,000000,6024.75,6200.41,6024.75,6146.84,383634,0
WIG_ODZIEZ,D,20170801,000000,6202.78,6267.22,6112.32,6261.18,404878,0
WIG_ODZIEZ,D,20170802,000000,6227.38,6307.06,6177.59,6177.59,413823,0
WIG_ODZIEZ,D,20170803,000000,6188.88,6221.94,6147.62,6147.62,532766,0
WIG_ODZIEZ,D,20170804,000000,6156.2,6307.61,6156.2,6307.61,757351,0
WIG_ODZIEZ,D,20170807,000000,6406.91,6517.51,6393.13,6477.1,447940,0
WIG_ODZIEZ,D,20170808,000000,6486.55,6559.11,6463.23,6552.75,559338,0
WIG_ODZIEZ,D,20170809,000000,6528.54,6558.72,6496.28,6551.16,363126,0
WIG_ODZIEZ,D,20170810,000000,6530.01,6594.17,6499.62,6513.44,542309,0
WIG_ODZIEZ,D,20170811,000000,6494.38,6494.38,6352.08,6417.16,540994,0
WIG_ODZIEZ,D,20170814,000000,6529.61,6578.03,6499.09,6524.39,384038,0
WIG_ODZIEZ,D,20170816,000000,6547.6,6550.76,6423.72,6444.85,343959,0
WIG_ODZIEZ,D,20170817,000000,6429.18,6502.18,6413.12,6432.3,291936,0
WIG_ODZIEZ,D,20170818,000000,6464.42,6504.43,6361.39,6495.29,296083,0
WIG_ODZIEZ,D,20170821,000000,6510.24,6529.66,6441.1,6511.04,333885,0
WIG_ODZIEZ,D,20170822,000000,6505.17,6568.16,6482.68,6536.53,480766,0
WIG_ODZIEZ,D,20170823,000000,6521.75,6555.59,6445.94,6484.64,466299,0
WIG_ODZIEZ,D,20170824,000000,6478.73,6677.03,6478.73,6677.03,2286270,0
WIG_ODZIEZ,D,20170825,000000,6704.32,6806.07,6704.32,6776.35,1117855,0
WIG_ODZIEZ,D,20170828,000000,6733.61,6913.49,6733.57,6913.49,1692659,0
WIG_ODZIEZ,D,20170829,000000,6904.6,6960.32,6829.99,6918.1,1828128,0
WIG_ODZIEZ,D,20170830,000000,6984.05,7087.51,6902.36,7038.11,2628178,0
WIG_ODZIEZ,D,20170831,000000,7116.65,7172.54,7071.34,7154.47,1372958,0
WIG_ODZIEZ,D,20170901,000000,7230.4,7242.03,7105.15,7182.49,785567,0
WIG_ODZIEZ,D,20170904,000000,7169.37,7255.62,7096.5,7243.04,997078,0
WIG_ODZIEZ,D,20170905,000000,7287.04,7353.37,7221.62,7221.62,1453001,0
WIG_ODZIEZ,D,20170906,000000,7222.64,7364.18,7208.05,7349.88,1052677,0
WIG_ODZIEZ,D,20170907,000000,7189.61,7279.96,7156.25,7224.31,1116106,0
WIG_ODZIEZ,D,20170908,000000,7207.94,7247.18,7166.82,7247.18,511475,0
WIG_ODZIEZ,D,20170911,000000,7274.15,7291.94,7188.25,7204.16,590780,0
WIG_ODZIEZ,D,20170912,000000,7286.03,7441.13,7263.43,7434.86,681038,0
WIG_ODZIEZ,D,20170913,000000,7431.76,7580.03,7411.25,7465.73,1049735,0
WIG_ODZIEZ,D,20170914,000000,7482.28,7574.86,7476.84,7508.02,416496,0
WIG_ODZIEZ,D,20170915,000000,7494.44,7539.85,7326.37,7326.37,1344471,0
WIG_ODZIEZ,D,20170918,000000,7466.35,7497.13,7395.59,7472.59,495247,0
WIG_ODZIEZ,D,20170919,000000,7463.43,7518.91,7432.83,7501.84,1358546,0
WIG_ODZIEZ,D,20170920,000000,7489.13,7542.23,7397.3,7475.95,694228,0
WIG_ODZIEZ,D,20170921,000000,7458.62,7539.26,7446.57,7495.12,463455,0
WIG_ODZIEZ,D,20170922,000000,7527.24,7589.68,7470.79,7521.08,515245,0
WIG_ODZIEZ,D,20170925,000000,7568.12,7600.22,7386.64,7402.7,768829,0
WIG_ODZIEZ,D,20170926,000000,7379.41,7384.86,7159.31,7178.16,355868,0
WIG_ODZIEZ,D,20170927,000000,7223.09,7290.43,7198.01,7230.11,912500,0
WIG_ODZIEZ,D,20170928,000000,7223.55,7296.02,7089.05,7109.95,939054,0
WIG_ODZIEZ,D,20170929,000000,7137.57,7182.55,7069.98,7069.98,693286,0
WIG_ODZIEZ,D,20171002,000000,7238.31,7360.52,7187.37,7333.32,1155389,0
WIG_ODZIEZ,D,20171003,000000,7374.43,7465.51,7293.09,7465.51,750631,0
WIG_ODZIEZ,D,20171004,000000,7450.11,7564.81,7329.66,7329.66,1375213,0
WIG_ODZIEZ,D,20171005,000000,7390.24,7392.22,7268.88,7268.88,1149522,0
WIG_ODZIEZ,D,20171006,000000,7249.22,7258.85,7101.13,7159.69,1126545,0
WIG_ODZIEZ,D,20171009,000000,7256.04,7337.71,7225.34,7337.71,679168,0
WIG_ODZIEZ,D,20171010,000000,7323.81,7414.59,7298.81,7320.53,463027,0
WIG_ODZIEZ,D,20171011,000000,7403.66,7438.7,7257.69,7296.37,774973,0
WIG_ODZIEZ,D,20171012,000000,7312.97,7347.37,7220.64,7220.64,741237,0
WIG_ODZIEZ,D,20171013,000000,7246.38,7256.07,7145.18,7145.18,658705,0
WIG_ODZIEZ,D,20171016,000000,7220.41,7233.05,7155.62,7155.62,416004,0
WIG_ODZIEZ,D,20171017,000000,7145.84,7170.36,6974.19,6977.65,484874,0
WIG_ODZIEZ,D,20171018,000000,6991.51,7036.63,6827.16,6844.14,644725,0
WIG_ODZIEZ,D,20171019,000000,6847.61,6915.58,6702.19,6760.43,333649,0
WIG_ODZIEZ,D,20171020,000000,6808,6827.74,6662.81,6711.13,432574,0
WIG_ODZIEZ,D,20171023,000000,6726.55,6926.86,6706.63,6917.49,524252,0
WIG_ODZIEZ,D,20171024,000000,6944.32,7021.07,6910.91,6952.78,842625,0
WIG_ODZIEZ,D,20171025,000000,6957.15,7055.11,6953.72,7054.26,1110384,0
WIG_ODZIEZ,D,20171026,000000,7028.92,7132.35,7009.96,7074.76,434266,0
WIG_ODZIEZ,D,20171027,000000,7096.06,7203.4,7096.06,7174.76,562201,0
WIG_ODZIEZ,D,20171030,000000,7170.55,7288.45,7085.64,7085.64,464934,0
WIG_ODZIEZ,D,20171031,000000,7142.01,7216.37,7102.04,7188.97,737000,0
WIG_ODZIEZ,D,20171102,000000,7247.73,7269.71,7037.01,7067.91,790802,0
WIG_ODZIEZ,D,20171103,000000,7073.04,7104.32,6898.32,7042.28,839092,0
WIG_ODZIEZ,D,20171106,000000,7092.09,7092.09,6882.53,7030.12,3557034,0
WIG_ODZIEZ,D,20171107,000000,7081.47,7195.66,7024.39,7112.22,1375713,0
WIG_ODZIEZ,D,20171108,000000,7154.79,7218.31,7039.82,7039.82,1005099,0
WIG_ODZIEZ,D,20171109,000000,7021.41,7021.41,6741.6,6782.24,1554537,0
WIG_ODZIEZ,D,20171110,000000,6731.72,6795.71,6655.07,6746.22,1788194,0
WIG_ODZIEZ,D,20171113,000000,6772.11,6796.69,6637.52,6747.92,855766,0
WIG_ODZIEZ,D,20171114,000000,6797.67,6875.77,6703.41,6790.5,857836,0
WIG_ODZIEZ,D,20171115,000000,6776.56,6819.5,6667.11,6710.06,1094737,0
WIG_ODZIEZ,D,20171116,000000,6685.19,6759.51,6668.66,6689.18,2221393,0
WIG_ODZIEZ,D,20171117,000000,6660.82,6749.24,6660.82,6677.93,1633954,0
WIG_ODZIEZ,D,20171120,000000,6720.61,6819.36,6689.63,6754.87,913184,0
WIG_ODZIEZ,D,20171121,000000,6811.95,6835.8,6711.08,6777.17,3082105,0
WIG_ODZIEZ,D,20171122,000000,6777.21,6777.21,6673.98,6742.21,2199345,0
WIG_ODZIEZ,D,20171123,000000,6737,6925.98,6717.13,6825.2,2041384,0
WIG_ODZIEZ,D,20171124,000000,6842.64,6882.93,6766.27,6798.61,1805428,0
WIG_ODZIEZ,D,20171127,000000,6806.78,6924.57,6799.79,6881.05,1521558,0
WIG_ODZIEZ,D,20171128,000000,6961.66,6970.01,6879.63,6911.51,1395519,0
WIG_ODZIEZ,D,20171129,000000,6974.84,7044.48,6800.76,6813.21,1928196,0
WIG_ODZIEZ,D,20171130,000000,6858.62,6908.25,6687.73,6687.73,1653596,0
WIG_ODZIEZ,D,20171201,000000,6721.09,6971.77,6708.28,6971.77,896833,0
WIG_ODZIEZ,D,20171204,000000,7038.61,7038.61,6852.93,6864.82,885923,0
WIG_ODZIEZ,D,20171205,000000,6867.45,6964.72,6860.74,6918.58,993849,0
WIG_ODZIEZ,D,20171206,000000,6875.72,6925.22,6784.56,6803.36,886946,0
WIG_ODZIEZ,D,20171207,000000,6792.72,6966.64,6792.34,6950.09,1500415,0
WIG_ODZIEZ,D,20171208,000000,7024.95,7070.68,6949.29,6986.38,890274,0
WIG_ODZIEZ,D,20171211,000000,7051.99,7175.28,7022.47,7175.28,1854321,0
WIG_ODZIEZ,D,20171212,000000,7173.36,7175.62,7086.36,7175.62,1060943,0
WIG_ODZIEZ,D,20171213,000000,7166.14,7169.1,7087.66,7151.65,751225,0
WIG_ODZIEZ,D,20171214,000000,7156.44,7357.2,7154.57,7357.2,1753961,0
WIG_ODZIEZ,D,20171215,000000,7328.14,7383.97,7168.82,7245.79,1766676,0
WIG_ODZIEZ,D,20171218,000000,7289.54,7410.44,7289.54,7392.56,1293518,0
WIG_ODZIEZ,D,20171219,000000,7387.25,7564.67,7344.69,7464.97,1658678,0
WIG_ODZIEZ,D,20171220,000000,7503.11,7546.59,7472.32,7472.32,1264035,0
WIG_ODZIEZ,D,20171221,000000,7544.84,7545.03,7474.64,7512.96,2091164,0
WIG_ODZIEZ,D,20171222,000000,7534.66,7534.66,7440.33,7447.24,1359159,0
WIG_ODZIEZ,D,20171227,000000,7533.06,7559.95,7508.92,7559.95,1532288,0
WIG_ODZIEZ,D,20171228,000000,7567.54,7571.75,7492.44,7527.69,615302,0
WIG_ODZIEZ,D,20171229,000000,7495.52,7558.76,7443.03,7506.99,1070076,0
WIG_ODZIEZ,D,20180103,000000,7632.11,7721.26,7460.48,7687.12,1157905,0
WIG_ODZIEZ,D,20180104,000000,7698.8,8109.96,7698.8,8092.24,1137301,0
WIG_ODZIEZ,D,20180105,000000,8108.63,8245.62,8108.63,8206.06,1864793,0
WIG_ODZIEZ,D,20180108,000000,8236.79,8256.14,8156.32,8234.44,1298782,0
WIG_ODZIEZ,D,20180109,000000,8267.55,8313,8056.07,8121.83,752238,0
WIG_ODZIEZ,D,20180110,000000,8171.43,8171.43,7815.05,7901.06,435013,0
WIG_ODZIEZ,D,20180111,000000,7922.02,7922.02,7799.19,7892.5,572902,0
WIG_ODZIEZ,D,20180112,000000,7937.04,7995.12,7871.87,7972.37,856367,0
WIG_ODZIEZ,D,20180115,000000,7980.01,8049.57,7926.13,7989.01,510185,0
WIG_ODZIEZ,D,20180116,000000,7994.48,8242.79,7924.63,8160.23,669741,0
WIG_ODZIEZ,D,20180117,000000,8132.02,8294.15,8132.02,8158.56,1125761,0
WIG_ODZIEZ,D,20180118,000000,8216.2,8216.2,8144.46,8167.07,1385989,0
WIG_ODZIEZ,D,20180119,000000,8175.66,8231.75,8153.54,8200.16,1333535,0
WIG_ODZIEZ,D,20180122,000000,8263.2,8263.2,8147.06,8155.62,918097,0
WIG_ODZIEZ,D,20180123,000000,8200.37,8227.34,8009.02,8093.62,2013534,0
WIG_ODZIEZ,D,20180124,000000,8029.81,8106.85,7981.05,7981.27,2008401,0
WIG_ODZIEZ,D,20180125,000000,7990.11,8133.37,7977.76,8041.95,1228429,0
WIG_ODZIEZ,D,20180126,000000,8055.46,8096.26,8035.18,8065.04,4033062,0
WIG_ODZIEZ,D,20180129,000000,8138.19,8160.15,8017.07,8096.64,2813499,0
WIG_ODZIEZ,D,20180130,000000,8069.88,8115.74,8020.41,8044.84,1666525,0
WIG_ODZIEZ,D,20180131,000000,8061.65,8118.33,7939.64,7970.76,2402505,0
WIG_ODZIEZ,D,20180201,000000,7982.73,8077.98,7818.26,7925.31,3975505,0
WIG_ODZIEZ,D,20180202,000000,7904.45,7992.6,7859.39,7983.69,1055170,0
WIG_ODZIEZ,D,20180205,000000,7908.59,8045.01,7904.05,7967.64,632522,0
WIG_ODZIEZ,D,20180206,000000,7638.05,7826.39,7609.3,7649.96,3345749,0
WIG_ODZIEZ,D,20180207,000000,7703.72,7796.9,7671.04,7789.56,1550386,0
WIG_ODZIEZ,D,20180208,000000,7754.63,7981.32,7733.68,7827,941159,0
WIG_ODZIEZ,D,20180209,000000,7782.07,7821.73,7535.92,7554.57,1268577,0
WIG_ODZIEZ,D,20180212,000000,7685.83,7691.38,7518.91,7529.9,624146,0
WIG_ODZIEZ,D,20180213,000000,7534.03,7552.91,7376.74,7551.35,1024006,0
WIG_ODZIEZ,D,20180214,000000,7617.95,7678.28,7476.72,7672.97,572180,0
WIG_ODZIEZ,D,20180215,000000,7801.9,7804.21,7643.18,7645.9,501310,0
WIG_ODZIEZ,D,20180216,000000,7742.31,7762.38,7550.13,7611.28,629855,0
WIG_ODZIEZ,D,20180219,000000,7590.18,7665.09,7484.96,7564.32,634119,0
WIG_ODZIEZ,D,20180220,000000,7512.04,7571.34,7503.17,7571.34,3816359,0
WIG_ODZIEZ,D,20180221,000000,7536.25,7633.64,7457.45,7521.11,1100963,0
WIG_ODZIEZ,D,20180222,000000,7440.84,7585.14,7436.46,7575.42,660914,0
WIG_ODZIEZ,D,20180223,000000,7638.48,7718.99,7547.08,7716.58,905009,0
WIG_ODZIEZ,D,20180226,000000,7748.23,7748.23,7561.13,7604.73,1402447,0
WIG_ODZIEZ,D,20180227,000000,7748.81,7758,7520.93,7531.34,1425420,0
WIG_ODZIEZ,D,20180228,000000,7460.14,7477.21,7233.45,7248.79,950465,0
WIG_ODZIEZ,D,20180301,000000,7176.75,7242.68,6986.22,7026.04,775806,0
WIG_ODZIEZ,D,20180302,000000,6985.67,7026.97,6904.44,6976.96,1418900,0
WIG_ODZIEZ,D,20180305,000000,6982.38,7037.51,6864.38,6998.48,827828,0
WIG_ODZIEZ,D,20180306,000000,7079.32,7201.44,7068.81,7155.64,892637,0
WIG_ODZIEZ,D,20180307,000000,7123.85,7381.79,7108.69,7381.09,641344,0
WIG_ODZIEZ,D,20180308,000000,7392.36,7509.33,7385.55,7461.03,670818,0
WIG_ODZIEZ,D,20180309,000000,7477.76,7477.76,7284.72,7391.18,561705,0
WIG_ODZIEZ,D,20180312,000000,7493.55,7512.85,7367.55,7504.09,608763,0
WIG_ODZIEZ,D,20180313,000000,7388.01,7653.78,7388.01,7465.19,855655,0
WIG_ODZIEZ,D,20180314,000000,7444.91,7569.7,7294.18,7295.84,877839,0
WIG_ODZIEZ,D,20180315,000000,7307.01,7483.84,7260.3,7414.51,396830,0
WIG_ODZIEZ,D,20180316,000000,7397.29,7464.79,7136.79,7232.51,620099,0
WIG_ODZIEZ,D,20180319,000000,7224.99,7224.99,6891.92,6968.6,455651,0
WIG_ODZIEZ,D,20180320,000000,7020.24,7292.75,6958.49,7169,473705,0
WIG_ODZIEZ,D,20180321,000000,7176.46,7252.95,7000.61,7177.33,791328,0
WIG_ODZIEZ,D,20180322,000000,7130.35,7135.49,6938.9,7040.37,535152,0
WIG_ODZIEZ,D,20180323,000000,6989.89,7076.65,6883.7,7005.79,1120841,0
WIG_ODZIEZ,D,20180326,000000,7047.38,7153.86,6994.04,7051.83,539379,0
WIG_ODZIEZ,D,20180327,000000,7165.15,7299.08,7159.77,7211.39,1758545,0
WIG_ODZIEZ,D,20180328,000000,7214.5,7214.5,7060.77,7123.88,2560250,0
WIG_ODZIEZ,D,20180329,000000,7144.12,7144.12,6886.69,6886.73,1217590,0
WIG_ODZIEZ,D,20180403,000000,6905.02,7001.99,6804.93,6982.87,741507,0
WIG_ODZIEZ,D,20180404,000000,7013.54,7056.3,6949.97,7045.33,662806,0
WIG_ODZIEZ,D,20180405,000000,7128.66,7273.46,7060.58,7237.07,751094,0
WIG_ODZIEZ,D,20180406,000000,7211.49,7363.7,7211.49,7311.24,879104,0
WIG_ODZIEZ,D,20180409,000000,7359.84,7372.35,7132.17,7228.03,742330,0
WIG_ODZIEZ,D,20180410,000000,7230,7247.58,7125.45,7183.46,1022510,0
WIG_ODZIEZ,D,20180411,000000,7201.74,7247.07,6901.04,7004.3,1080959,0
WIG_ODZIEZ,D,20180412,000000,7014.57,7152.26,6963.17,7152.26,638833,0
WIG_ODZIEZ,D,20180413,000000,7191.41,7368.62,7175.45,7368.62,871535,0
WIG_ODZIEZ,D,20180416,000000,7367.01,7406.6,7303.64,7406.6,382816,0
WIG_ODZIEZ,D,20180417,000000,7414.87,7543.84,7396.97,7442.15,339842,0
WIG_ODZIEZ,D,20180418,000000,7427.71,7605.55,7427.71,7557.17,276655,0
WIG_ODZIEZ,D,20180419,000000,7557.48,7577.65,7486.46,7543.77,602680,0
WIG_ODZIEZ,D,20180420,000000,7567.83,7657.12,7521.63,7521.63,891761,0
WIG_ODZIEZ,D,20180423,000000,7510.54,7602.02,7476.57,7507.97,606719,0
WIG_ODZIEZ,D,20180424,000000,7567,7600.76,7433.36,7433.36,1679983,0
WIG_ODZIEZ,D,20180425,000000,7396.86,7508.75,7344.87,7384.45,1191936,0
WIG_ODZIEZ,D,20180426,000000,7383.09,7480.75,7346.07,7351.08,1421162,0
WIG_ODZIEZ,D,20180427,000000,7380.21,7401.06,7268.7,7340.85,670447,0
WIG_ODZIEZ,D,20180430,000000,7271.43,7396.01,7267.88,7347.37,629715,0
WIG_ODZIEZ,D,20180502,000000,7423.7,7611.23,7401.12,7579.85,681247,0
WIG_ODZIEZ,D,20180504,000000,7444.8,7490.52,7340.55,7396.28,289029,0
WIG_ODZIEZ,D,20180507,000000,7411.64,7526.46,7337.29,7370.7,454225,0
WIG_ODZIEZ,D,20180508,000000,7408.79,7409.47,7279.46,7346.76,3403160,0
WIG_ODZIEZ,D,20180509,000000,7359.32,7567.37,7336.46,7500.48,2398337,0
WIG_ODZIEZ,D,20180510,000000,7530.86,7585.1,7419.08,7582.84,1723360,0
WIG_ODZIEZ,D,20180511,000000,7615.6,7787.74,7555.87,7775.22,1516775,0
WIG_ODZIEZ,D,20180514,000000,7778.98,7892.16,7689.49,7884.68,489031,0
WIG_ODZIEZ,D,20180515,000000,7789.88,7870.15,7674.54,7674.54,405866,0
WIG_ODZIEZ,D,20180516,000000,7631.04,7727.9,7571.52,7719.7,631025,0
WIG_ODZIEZ,D,20180517,000000,7624.87,7636.7,7514.23,7514.23,1270016,0
WIG_ODZIEZ,D,20180518,000000,7512.76,7576.56,7319.79,7338.35,476165,0
WIG_ODZIEZ,D,20180521,000000,7315.25,7628.16,7296.66,7527.86,799724,0
WIG_ODZIEZ,D,20180522,000000,7501.84,7651.22,7417.68,7553,0,0
WIG_ODZIEZ,D,20180523,000000,7542.19,7550.06,7428.43,7437.03,527205,0
WIG_ODZIEZ,D,20180524,000000,7347.52,7623.83,7347.52,7623.83,1256815,0
WIG_ODZIEZ,D,20180525,000000,7595.17,7700.14,7566.69,7698.72,1522440,0
WIG_ODZIEZ,D,20180528,000000,7596.2,7676.12,7568.56,7607.23,1622574,0
WIG_ODZIEZ,D,20180529,000000,7544.6,7651.18,7415.32,7651.18,663651,0
WIG_ODZIEZ,D,20180530,000000,7578.19,7642.14,7487.57,7600.27,1068802,0
WIG_ODZIEZ,D,20180601,000000,7528.55,7556.65,7261.91,7310.48,568112,0
WIG_ODZIEZ,D,20180604,000000,7326.09,7343.85,7082.34,7211.4,655850,0
WIG_ODZIEZ,D,20180605,000000,7205.88,7230.68,7092.78,7230.68,637995,0
WIG_ODZIEZ,D,20180606,000000,7189.28,7248.78,7140.53,7211.22,1229804,0
WIG_ODZIEZ,D,20180607,000000,7232.47,7254.3,7148.46,7165.64,363714,0
WIG_ODZIEZ,D,20180608,000000,7140.82,7208.59,7014.89,7121.35,426236,0
WIG_ODZIEZ,D,20180611,000000,7098.96,7136.3,7030.12,7030.12,621661,0
WIG_ODZIEZ,D,20180612,000000,7033.47,7176.6,7013.56,7156.74,240316,0
WIG_ODZIEZ,D,20180613,000000,7161.11,7193.44,7103.15,7122.77,231532,0
WIG_ODZIEZ,D,20180614,000000,7078.27,7123.47,7035.11,7113.09,428231,0
WIG_ODZIEZ,D,20180615,000000,7091.55,7205.45,7078.4,7085.37,413779,0
WIG_ODZIEZ,D,20180618,000000,7051.53,7123.99,6831.48,6934.54,335915,0
WIG_ODZIEZ,D,20180619,000000,6838.54,6936.2,6795.19,6828.99,354672,0
WIG_ODZIEZ,D,20180620,000000,6861.33,7036.85,6858,6964.84,534659,0
WIG_ODZIEZ,D,20180621,000000,6986.55,7020.55,6761.56,6832.9,627091,0
WIG_ODZIEZ,D,20180622,000000,6890.22,7005.87,6888.64,6964.98,362967,0
WIG_ODZIEZ,D,20180625,000000,6940.95,6999.36,6897.34,6897.34,547778,0
WIG_ODZIEZ,D,20180626,000000,6917.34,6936.82,6840.89,6855.63,604444,0
WIG_ODZIEZ,D,20180627,000000,6820.09,6830.13,6657.9,6788.32,633141,0
WIG_ODZIEZ,D,20180628,000000,6735.52,6761.73,6597.45,6633.01,586152,0
WIG_ODZIEZ,D,20180629,000000,6696.74,6713.37,6485.32,6485.32,567596,0
WIG_ODZIEZ,D,20180702,000000,6383.37,6540.56,6356.94,6488.57,474558,0
WIG_ODZIEZ,D,20180703,000000,6539,6681.16,6493.08,6625.86,479299,0
WIG_ODZIEZ,D,20180704,000000,6576.55,6652.77,6550.13,6624.58,210943,0
WIG_ODZIEZ,D,20180705,000000,6582.3,6697.27,6393.08,6444.17,281615,0
WIG_ODZIEZ,D,20180706,000000,6453.73,6500.52,6352.38,6478.8,681583,0
WIG_ODZIEZ,D,20180709,000000,6512.48,6698.18,6469.56,6698.18,454543,0
WIG_ODZIEZ,D,20180710,000000,6658.73,6771.26,6596.56,6713.98,596109,0
WIG_ODZIEZ,D,20180711,000000,6595.96,6712.03,6585.15,6679.88,492610,0
WIG_ODZIEZ,D,20180712,000000,6686.48,6761.51,6667.03,6740.19,345695,0
WIG_ODZIEZ,D,20180713,000000,6716.04,6782.04,6654.59,6736.09,625433,0
WIG_ODZIEZ,D,20180716,000000,6709.07,6728.12,6681.65,6684.35,218641,0
WIG_ODZIEZ,D,20180717,000000,6704.83,6728.51,6672.8,6719.43,281346,0
WIG_ODZIEZ,D,20180718,000000,6675.02,6738.83,6543.65,6598.21,751364,0
WIG_ODZIEZ,D,20180719,000000,6562.1,6615.73,6495.23,6568.09,339847,0
WIG_ODZIEZ,D,20180720,000000,6514.36,6706.35,6514.36,6692.81,470378,0
WIG_ODZIEZ,D,20180723,000000,6710.36,6731.59,6651.87,6685.71,395872,0
WIG_ODZIEZ,D,20180724,000000,6681.71,6762.33,6647.48,6723.19,322589,0
WIG_ODZIEZ,D,20180725,000000,6810.11,6864.98,6773.87,6853.3,341514,0
WIG_ODZIEZ,D,20180726,000000,6899.46,6941.72,6829.57,6941.72,481378,0
WIG_ODZIEZ,D,20180727,000000,6891.05,6942.41,6873.3,6942.41,534554,0
WIG_ODZIEZ,D,20180730,000000,6937.88,7010.45,6910.28,6995.21,777614,0
WIG_ODZIEZ,D,20180731,000000,6982.05,6987.02,6847.72,6880.7,413167,0
WIG_ODZIEZ,D,20180801,000000,6853.87,6878.78,6656.72,6823.06,547123,0
WIG_ODZIEZ,D,20180802,000000,6847.71,6882.47,6754.63,6840.2,462308,0
WIG_ODZIEZ,D,20180803,000000,6839.31,6858.03,6703.66,6815.6,411832,0
WIG_ODZIEZ,D,20180806,000000,6838.57,6838.57,6752.44,6761.16,495500,0
WIG_ODZIEZ,D,20180807,000000,6799.84,6902.35,6756.07,6846.92,239042,0
WIG_ODZIEZ,D,20180808,000000,6839.29,6839.29,6686.63,6686.63,631288,0
WIG_ODZIEZ,D,20180809,000000,6706.65,6731.77,6651.21,6718.84,548408,0
WIG_ODZIEZ,D,20180810,000000,6674.78,6687.46,6609.66,6609.66,610394,0
WIG_ODZIEZ,D,20180813,000000,6603.64,6630.19,6519.14,6575.31,310450,0
WIG_ODZIEZ,D,20180814,000000,6599.33,6724.94,6565.03,6724.18,486918,0
WIG_ODZIEZ,D,20180816,000000,6713.85,6725.96,6565.77,6601.9,449772,0
WIG_ODZIEZ,D,20180817,000000,6576.2,6684.82,6571.36,6621.96,1228672,0
WIG_ODZIEZ,D,20180820,000000,6654.99,6679.2,6566.08,6581.79,1133193,0
WIG_ODZIEZ,D,20180821,000000,6582.37,6777.69,6581.27,6734.55,557832,0
WIG_ODZIEZ,D,20180822,000000,6728.78,6815.12,6699.95,6778.9,255310,0
WIG_ODZIEZ,D,20180823,000000,6762.96,6864.31,6762.96,6853.95,0,0
WIG_ODZIEZ,D,20180824,000000,6841.57,6903.83,6796.52,6897.65,262310,0
WIG_ODZIEZ,D,20180827,000000,6887.01,7072.45,6885,7027.42,373543,0
WIG_ODZIEZ,D,20180828,000000,7019.83,7213.08,6998.06,7213.08,335115,0
WIG_ODZIEZ,D,20180829,000000,7190.47,7213.59,7049.99,7194.15,1137060,0
WIG_ODZIEZ,D,20180830,000000,7106.37,7175.34,7060.25,7114.9,369009,0
WIG_ODZIEZ,D,20180831,000000,7050.37,7099.98,6915.15,6917.26,669977,0
WIG_ODZIEZ,D,20180903,000000,6972.45,7011.74,6830.74,6965.25,339729,0
WIG_ODZIEZ,D,20180904,000000,7053.89,7120.05,6968.28,6995.47,530021,0
WIG_ODZIEZ,D,20180905,000000,6994.58,6998.93,6825.56,6829.25,475272,0
WIG_ODZIEZ,D,20180906,000000,6834.94,6909.14,6781.05,6798.03,4245495,0
WIG_ODZIEZ,D,20180907,000000,6784.05,6848.08,6743.32,6771.17,1411519,0
WIG_ODZIEZ,D,20180910,000000,6792.63,6792.63,6703.93,6731.13,1826915,0
WIG_ODZIEZ,D,20180911,000000,6747.88,6761.68,6621.65,6704.49,1186165,0
WIG_ODZIEZ,D,20180912,000000,6632.84,6699.57,6619.17,6641.75,1245218,0
WIG_ODZIEZ,D,20180913,000000,6684.21,6705.14,6639.68,6656.73,882065,0
WIG_ODZIEZ,D,20180914,000000,6687.2,6740.34,6596.06,6705.77,1356885,0
WIG_ODZIEZ,D,20180917,000000,6705.45,6743.33,6649.9,6698.25,788664,0
WIG_ODZIEZ,D,20180918,000000,6726.88,6781.04,6606.78,6631.84,6028819,0
WIG_ODZIEZ,D,20180919,000000,6673.32,6792.19,6590.22,6753.41,5248672,0
WIG_ODZIEZ,D,20180920,000000,6758.86,6828.99,6638.52,6661.28,3667034,0
WIG_ODZIEZ,D,20180921,000000,6705.53,6843.91,6649.21,6755.43,2559704,0
WIG_ODZIEZ,D,20180924,000000,6762.01,6978.06,6750.72,6927.48,1420401,0
WIG_ODZIEZ,D,20180925,000000,6942.67,6953.32,6790.58,6790.58,1958165,0
WIG_ODZIEZ,D,20180926,000000,6838.75,6904.38,6773.75,6782.89,2342179,0
WIG_ODZIEZ,D,20180927,000000,6801.64,6838.17,6765.67,6782.23,7213147,0
WIG_ODZIEZ,D,20180928,000000,6745.72,6814.14,6621.12,6681.34,3822446,0
WIG_ODZIEZ,D,20181001,000000,6729.73,6776.28,6664.34,6664.34,3390543,0
WIG_ODZIEZ,D,20181002,000000,6665.3,6759.78,6637.09,6759.78,1205002,0
WIG_ODZIEZ,D,20181003,000000,6785.35,6804.05,6683.88,6728.37,1890175,0
WIG_ODZIEZ,D,20181004,000000,6709.3,6719.17,6660.52,6716.8,1141014,0
WIG_ODZIEZ,D,20181005,000000,6713.66,6833.53,6687.84,6833.53,3118132,0
WIG_ODZIEZ,D,20181008,000000,6824.61,6824.61,6681.47,6681.47,961632,0
WIG_ODZIEZ,D,20181009,000000,6689.4,6726.87,6571.11,6671.4,575959,0
WIG_ODZIEZ,D,20181010,000000,6680.36,6690.41,6579.37,6603.47,812473,0
WIG_ODZIEZ,D,20181011,000000,6551.6,6583.15,6377.08,6391.63,1459157,0
WIG_ODZIEZ,D,20181012,000000,6470.02,6548.88,6443.5,6480.5,639248,0
WIG_ODZIEZ,D,20181015,000000,6459.9,6532.03,6453.48,6496.23,749358,0
WIG_ODZIEZ,D,20181016,000000,6511.62,6608.25,6509.59,6558.48,1171305,0
WIG_ODZIEZ,D,20181017,000000,6578.79,6599.29,6409.34,6461.64,860371,0
WIG_ODZIEZ,D,20181018,000000,6435.86,6448.48,6279.48,6280.64,750722,0
WIG_ODZIEZ,D,20181019,000000,6297.71,6316.12,6200.02,6215.36,313831,0
WIG_ODZIEZ,D,20181022,000000,6258.64,6300.29,6199.13,6282.69,419738,0
WIG_ODZIEZ,D,20181023,000000,6216.48,6221.24,6145.42,6163.72,913714,0
WIG_ODZIEZ,D,20181024,000000,6279.9,6279.9,6154.35,6197.01,896006,0
WIG_ODZIEZ,D,20181025,000000,6144.74,6194.04,6105.9,6137.35,1415710,0
WIG_ODZIEZ,D,20181026,000000,6072.11,6129.57,5979.42,6025.28,753465,0
WIG_ODZIEZ,D,20181029,000000,5854.03,5886.9,5718.85,5832,1087865,0
WIG_ODZIEZ,D,20181030,000000,5803.06,5850.85,5669.79,5723.42,652770,0
WIG_ODZIEZ,D,20181031,000000,5729.36,5792.48,5654.12,5751.79,887762,0
WIG_ODZIEZ,D,20181102,000000,5817.78,5985.8,5749.95,5920.58,1030085,0
WIG_ODZIEZ,D,20181105,000000,5867.05,6108.13,5855.28,6084.87,1013778,0
WIG_ODZIEZ,D,20181106,000000,6014.86,6072.81,5958.04,5995.49,799064,0
WIG_ODZIEZ,D,20181107,000000,5975.74,6228.49,5975.74,6210.34,1395389,0
WIG_ODZIEZ,D,20181108,000000,6191.07,6310.57,6168.25,6227.62,1171395,0
WIG_ODZIEZ,D,20181109,000000,6223.77,6223.77,5971.86,5971.86,1305998,0
WIG_ODZIEZ,D,20181113,000000,5809.64,6006.62,5725.55,5733.53,793926,0
WIG_ODZIEZ,D,20181114,000000,5756.38,5865.26,5657.39,5765.6,651990,0
WIG_ODZIEZ,D,20181115,000000,5747.13,5870.85,5743.88,5754.46,2933527,0
WIG_ODZIEZ,D,20181116,000000,5773.67,5817.76,5662.69,5787.77,1606263,0
WIG_ODZIEZ,D,20181119,000000,5768.08,5781.1,5659.82,5744.83,590578,0
WIG_ODZIEZ,D,20181120,000000,5696.4,5802.17,5680.23,5684.81,1863218,0
WIG_ODZIEZ,D,20181121,000000,5678.54,5919.75,5678.54,5874.73,1504923,0
WIG_ODZIEZ,D,20181122,000000,5839.89,5985.03,5839.8,5928.87,1463055,0
WIG_ODZIEZ,D,20181123,000000,5924.02,6009.32,5843.84,6009.32,6142724,0
WIG_ODZIEZ,D,20181126,000000,6079.63,6079.63,5886.12,5927.76,2456422,0
WIG_ODZIEZ,D,20181127,000000,5905.85,6015.69,5887.96,5956.22,3500994,0
WIG_ODZIEZ,D,20181128,000000,5979.82,6134.58,5979.82,6085.22,3919981,0
WIG_ODZIEZ,D,20181129,000000,6168.41,6172.81,6019.18,6094.42,2000375,0
WIG_ODZIEZ,D,20181130,000000,6088.36,6181.8,6018.55,6173.28,1779777,0
WIG_ODZIEZ,D,20181203,000000,6237.6,6261.86,6085.79,6085.79,1250860,0
WIG_ODZIEZ,D,20181204,000000,6106.48,6128.64,5989.45,6074.98,2936822,0
WIG_ODZIEZ,D,20181205,000000,6010.17,6245.64,5928.88,6237.21,1218639,0
WIG_ODZIEZ,D,20181206,000000,6164.7,6164.7,5983.89,6118.18,1080077,0
WIG_ODZIEZ,D,20181207,000000,6136.16,6140.24,6025.26,6081.9,0,0
WIG_ODZIEZ,D,20181210,000000,6041.59,6041.59,5875.35,6011.42,4279443,0
WIG_ODZIEZ,D,20181211,000000,6006.67,6034.43,5910.2,5934.32,3808211,0
WIG_ODZIEZ,D,20181212,000000,5907.28,6072.95,5893.66,6044.19,3424577,0
WIG_ODZIEZ,D,20181213,000000,6070.46,6130.96,5986.38,6124.53,1467481,0
WIG_ODZIEZ,D,20181214,000000,6098.19,6108.03,5991.33,5991.33,2017247,0
WIG_ODZIEZ,D,20181217,000000,6003.07,6039.71,5891.36,5891.36,3210784,0
WIG_ODZIEZ,D,20181218,000000,5901.8,6163.55,5860.44,6160.16,2533901,0
WIG_ODZIEZ,D,20181219,000000,6189.73,6356.73,6188.22,6356.73,1377705,0
WIG_ODZIEZ,D,20181220,000000,6244.02,6298.28,6115.45,6157.4,1606057,0
WIG_ODZIEZ,D,20181221,000000,6100.89,6167.55,5890.89,5985.58,2063358,0
WIG_ODZIEZ,D,20181227,000000,6010.67,6023.52,5890.09,5927.76,1029456,0
WIG_ODZIEZ,D,20181228,000000,5972.66,6047.16,5936.24,6021.68,371428,0
WIG_ODZIEZ,D,20190102,000000,5985.39,6092.03,5900.11,6041.11,1347121,0
WIG_ODZIEZ,D,20190103,000000,6032.91,6046.26,5781.37,5851.75,340327,0
WIG_ODZIEZ,D,20190104,000000,5882.05,5929.77,5842.47,5885.74,297697,0
WIG_ODZIEZ,D,20190107,000000,5917.88,6080.15,5915.7,6080.15,282844,0
WIG_ODZIEZ,D,20190108,000000,6023.67,6044.26,5937.7,6000.22,322927,0
WIG_ODZIEZ,D,20190109,000000,6000.99,6036.14,5959.68,6014.15,445221,0
WIG_ODZIEZ,D,20190110,000000,5963.95,5967.47,5882.26,5967.47,1202447,0
WIG_ODZIEZ,D,20190111,000000,5969.75,6033.73,5911.21,5976.2,936192,0
WIG_ODZIEZ,D,20190114,000000,5964.99,5969.65,5847.1,5912.84,936312,0
WIG_ODZIEZ,D,20190115,000000,5959.54,5961.84,5873.53,5896.79,1416836,0
WIG_ODZIEZ,D,20190116,000000,5899.07,5986.31,5856.98,5981.57,1301445,0
WIG_ODZIEZ,D,20190117,000000,5935.25,6079.67,5935.25,6019.3,1144948,0
WIG_ODZIEZ,D,20190118,000000,6028.36,6097.95,6008.67,6090.29,932278,0
WIG_ODZIEZ,D,20190121,000000,6039.56,6061.31,5953.21,6002.23,321868,0
WIG_ODZIEZ,D,20190122,000000,5993.02,6067.99,5992.96,6062.9,286358,0
WIG_ODZIEZ,D,20190123,000000,6041.48,6200.12,5968.45,6150.37,515058,0
WIG_ODZIEZ,D,20190124,000000,6182.65,6285.79,6160.29,6285.79,485041,0
WIG_ODZIEZ,D,20190125,000000,6305.37,6348.12,6201.34,6347.21,1172249,0
WIG_ODZIEZ,D,20190128,000000,6369.2,6371.22,6147.64,6210.58,439339,0
WIG_ODZIEZ,D,20190129,000000,6192,6217.73,6052.69,6052.69,867542,0
WIG_ODZIEZ,D,20190130,000000,6105.24,6105.24,5894.88,5947.35,595662,0
WIG_ODZIEZ,D,20190131,000000,5975.19,6163.78,5963.94,6131.01,738955,0
WIG_ODZIEZ,D,20190201,000000,6106.94,6127.46,6039.8,6125.53,390595,0
WIG_ODZIEZ,D,20190204,000000,6131.48,6256.51,6086.26,6121.61,893855,0
WIG_ODZIEZ,D,20190205,000000,6133.2,6174.39,6053.53,6152.76,580845,0
WIG_ODZIEZ,D,20190206,000000,6141.66,6177.05,6107.03,6140.3,598546,0
WIG_ODZIEZ,D,20190207,000000,6092.81,6175.75,6066.65,6116.59,620172,0
WIG_ODZIEZ,D,20190208,000000,6116.36,6126.7,6014.01,6023.84,622217,0
WIG_ODZIEZ,D,20190211,000000,6002,6065.28,5997.59,6002.63,370589,0
WIG_ODZIEZ,D,20190212,000000,6049.63,6051.09,5978.36,6005.12,699568,0
WIG_ODZIEZ,D,20190213,000000,6021.13,6072.71,5811.02,5845.91,299657,0
WIG_ODZIEZ,D,20190214,000000,5877.72,5899.05,5740.31,5762.16,541978,0
WIG_ODZIEZ,D,20190215,000000,5753.36,5824.57,5709.67,5785.21,603313,0
WIG_ODZIEZ,D,20190218,000000,5792.81,5847.27,5777.57,5799.37,596526,0
WIG_ODZIEZ,D,20190219,000000,5810.33,5843.5,5736.42,5772.58,265062,0
WIG_ODZIEZ,D,20190220,000000,5781.21,5816.78,5690.55,5788.79,575441,0
WIG_ODZIEZ,D,20190221,000000,5820.66,5930.97,5774.34,5823.99,461064,0
WIG_ODZIEZ,D,20190222,000000,5828.11,5968.23,5820.58,5941.94,677493,0
WIG_ODZIEZ,D,20190225,000000,6041.27,6147.07,5975.08,6105.66,715991,0
WIG_ODZIEZ,D,20190226,000000,6059.78,6120.49,6003.34,6076.26,0,0
WIG_ODZIEZ,D,20190227,000000,6047.98,6058.18,5933.17,5965.18,292796,0
WIG_ODZIEZ,D,20190228,000000,5934.18,6137.89,5934.18,6080.03,559388,0
WIG_ODZIEZ,D,20190301,000000,6089.06,6161.24,6021.4,6021.4,1601578,0
WIG_ODZIEZ,D,20190304,000000,6082.69,6117.3,6030.62,6053.96,2849816,0
WIG_ODZIEZ,D,20190305,000000,6048.3,6089.49,6023.53,6057.57,753606,0
WIG_ODZIEZ,D,20190306,000000,6045.45,6126.5,6040.21,6112.69,1637213,0
WIG_ODZIEZ,D,20190307,000000,6088.04,6196.43,6088.04,6151.07,521385,0
WIG_ODZIEZ,D,20190308,000000,6077.74,6122.7,6003.97,6027.46,570426,0
WIG_ODZIEZ,D,20190311,000000,6064.9,6170.28,6062.55,6132.7,1141898,0
WIG_ODZIEZ,D,20190312,000000,6175.4,6230.51,6137.06,6225.63,624807,0
WIG_ODZIEZ,D,20190313,000000,6185.68,6281.56,6183.63,6274.85,944201,0
WIG_ODZIEZ,D,20190314,000000,6250.52,6263.43,6201.14,6263.43,727632,0
WIG_ODZIEZ,D,20190315,000000,6244.51,6465.26,6242.66,6415.4,0,0
WIG_ODZIEZ,D,20190318,000000,6415.56,6571.11,6372.98,6519.49,1176177,0
WIG_ODZIEZ,D,20190319,000000,6551.41,6569.32,6507.54,6531.92,1766102,0
WIG_ODZIEZ,D,20190320,000000,6518.42,6556.39,6502.47,6545.21,921481,0
WIG_ODZIEZ,D,20190321,000000,6541.61,6601.77,6507.56,6583.45,1446048,0
WIG_ODZIEZ,D,20190322,000000,6558.14,6577.49,6443.43,6468.97,400918,0
WIG_ODZIEZ,D,20190325,000000,6446.53,6548.08,6419.32,6507.69,496752,0
WIG_ODZIEZ,D,20190326,000000,6460.99,6533.54,6391.41,6482.18,362447,0
WIG_ODZIEZ,D,20190327,000000,6479.41,6522.52,6448.53,6487.78,426190,0
WIG_ODZIEZ,D,20190328,000000,6444.92,6520.27,6438.69,6511.71,591420,0
WIG_ODZIEZ,D,20190329,000000,6520.33,6578.15,6456.32,6513.37,655471,0
WIG_ODZIEZ,D,20190401,000000,6562.67,6612.07,6532.41,6568.24,489948,0
WIG_ODZIEZ,D,20190402,000000,6678.34,7108.16,6678.34,7100.07,1498462,0
WIG_ODZIEZ,D,20190403,000000,7130.12,7267.29,7021.99,7036.27,969486,0
WIG_ODZIEZ,D,20190404,000000,7006.96,7105.34,6924.12,6940.96,735279,0
WIG_ODZIEZ,D,20190405,000000,6958.02,7010.9,6889.24,6904.98,384648,0
WIG_ODZIEZ,D,20190408,000000,6953.77,6968.85,6830.84,6905.42,550646,0
WIG_ODZIEZ,D,20190409,000000,6887.12,7142.91,6887.07,6996.24,225598,0
WIG_ODZIEZ,D,20190410,000000,6986.56,7096.9,6986.56,7090.91,335900,0
WIG_ODZIEZ,D,20190411,000000,7126.9,7192.47,6948.91,6995.71,393466,0
WIG_ODZIEZ,D,20190412,000000,7022.29,7022.41,6825.34,6872.76,338676,0
WIG_ODZIEZ,D,20190415,000000,6821.38,6844.62,6745.53,6753.39,215489,0
WIG_ODZIEZ,D,20190416,000000,6765.87,6831.07,6665.14,6702.78,593906,0
WIG_ODZIEZ,D,20190417,000000,6711.89,6839.4,6711.89,6799.27,246440,0
WIG_ODZIEZ,D,20190418,000000,6796.85,6810.49,6732.46,6784.08,237338,0
WIG_ODZIEZ,D,20190423,000000,6758.83,6791.21,6696.78,6729.55,127443,0
WIG_ODZIEZ,D,20190424,000000,6695.99,6757.29,6610.43,6684.82,226129,0
WIG_ODZIEZ,D,20190425,000000,6672.03,6733.58,6629.61,6718.86,365300,0
WIG_ODZIEZ,D,20190426,000000,6732.64,6755.46,6648.98,6755.46,277212,0
WIG_ODZIEZ,D,20190429,000000,6588.7,6600.96,6461.89,6571.99,885943,0
WIG_ODZIEZ,D,20190430,000000,6580.54,6599.43,6464.43,6525.29,1553175,0
WIG_ODZIEZ,D,20190502,000000,6537.59,6537.64,6424.68,6433.97,204717,0
WIG_ODZIEZ,D,20190506,000000,6363.36,6394.32,6254.64,6329.98,330121,0
WIG_ODZIEZ,D,20190507,000000,6284.86,6375.15,6075.84,6081.56,308419,0
WIG_ODZIEZ,D,20190508,000000,6087.12,6213.3,6084.17,6107.08,864368,0
WIG_ODZIEZ,D,20190509,000000,6047.55,6104.81,5993.26,6002.91,295544,0
WIG_ODZIEZ,D,20190510,000000,6040.37,6107.07,5941.08,5984.69,214023,0
WIG_ODZIEZ,D,20190513,000000,6002.47,6008.1,5858.26,5942.77,205684,0
WIG_ODZIEZ,D,20190514,000000,5911.56,5976.42,5851.84,5851.84,219000,0
WIG_ODZIEZ,D,20190515,000000,5943.35,6007.54,5863.24,5911.05,2756264,0
WIG_ODZIEZ,D,20190516,000000,5926.53,5957.49,5597.49,5735.03,479689,0
WIG_ODZIEZ,D,20190517,000000,5698.3,5698.3,5552.77,5636.63,730725,0
WIG_ODZIEZ,D,20190520,000000,5597.95,5655.05,5458.9,5528.24,531686,0
WIG_ODZIEZ,D,20190521,000000,5543.19,5630.25,5509.1,5592.38,367997,0
WIG_ODZIEZ,D,20190522,000000,5592.66,5784.15,5541.03,5760.51,758819,0
WIG_ODZIEZ,D,20190523,000000,5823.1,5824.22,5539.06,5540.7,246130,0
WIG_ODZIEZ,D,20190524,000000,5568.13,5592.97,5378.9,5399.91,281179,0
WIG_ODZIEZ,D,20190527,000000,5401.38,5415.07,5341.61,5402.62,204654,0
WIG_ODZIEZ,D,20190528,000000,5365.27,5365.27,5173.04,5245.06,572807,0
WIG_ODZIEZ,D,20190529,000000,5233.4,5385.49,5177.04,5286.59,808723,0
WIG_ODZIEZ,D,20190530,000000,5327.24,5422.5,5308.71,5393.01,605733,0
WIG_ODZIEZ,D,20190531,000000,5321.02,5472.23,5310.17,5415.96,391134,0
WIG_ODZIEZ,D,20190603,000000,5435.85,5443.71,5330.15,5334.38,192533,0
WIG_ODZIEZ,D,20190604,000000,5270.04,5322.72,5192.96,5312.16,521717,0
WIG_ODZIEZ,D,20190605,000000,5311.39,5340.61,5249.06,5309.66,509316,0
WIG_ODZIEZ,D,20190606,000000,5305.84,5373.91,5286.49,5298.11,257833,0
WIG_ODZIEZ,D,20190607,000000,5287.53,5398.92,5283.1,5357.5,488802,0
WIG_ODZIEZ,D,20190610,000000,5399.33,5422.81,5205,5270.14,430974,0
WIG_ODZIEZ,D,20190611,000000,5252.78,5320.34,5224.63,5274.02,266982,0
WIG_ODZIEZ,D,20190612,000000,5232.94,5317.67,5231.8,5262.15,232334,0
WIG_ODZIEZ,D,20190613,000000,5293.38,5447.64,5261.39,5397.8,333137,0
WIG_ODZIEZ,D,20190614,000000,5406.51,5427.23,5351.03,5351.03,595966,0
WIG_ODZIEZ,D,20190617,000000,5388.26,5394.58,5352.89,5366.96,212456,0
WIG_ODZIEZ,D,20190618,000000,5373.29,5399.41,5341.74,5399.41,433408,0
WIG_ODZIEZ,D,20190619,000000,5398.29,5491.65,5372.16,5487.83,524635,0
WIG_ODZIEZ,D,20190621,000000,5544.9,5603.61,5509.07,5521.51,487864,0
WIG_ODZIEZ,D,20190624,000000,5575.48,5599.43,5542.8,5576.33,269395,0
WIG_ODZIEZ,D,20190625,000000,5577.32,5582.42,5488.83,5524.06,327393,0
WIG_ODZIEZ,D,20190626,000000,5533.63,5646.54,5515.37,5628.91,460848,0
WIG_ODZIEZ,D,20190627,000000,5672.05,5769.4,5655.89,5670.72,531677,0
WIG_ODZIEZ,D,20190628,000000,5680.84,5716.38,5616.89,5716.38,211882,0
WIG_ODZIEZ,D,20190701,000000,5814.68,5865.18,5792.98,5823.63,505952,0
WIG_ODZIEZ,D,20190702,000000,5874.1,5874.1,5574.35,5745.81,534312,0
WIG_ODZIEZ,D,20190703,000000,5745.05,5782.23,5693.37,5761.27,455676,0
WIG_ODZIEZ,D,20190704,000000,5724.77,5803.57,5678.43,5785.95,266608,0
WIG_ODZIEZ,D,20190705,000000,5815.53,5816.19,5726.19,5756.63,272538,0
WIG_ODZIEZ,D,20190708,000000,5747.49,5811.92,5663.01,5685.61,534106,0
WIG_ODZIEZ,D,20190709,000000,5656.07,5665.23,5571.78,5630.6,625455,0
WIG_ODZIEZ,D,20190710,000000,5636.43,5743.92,5625.18,5634.52,503215,0
WIG_ODZIEZ,D,20190711,000000,5601.6,5687.13,5601.6,5645.17,1006207,0
WIG_ODZIEZ,D,20190712,000000,5656.05,5698.05,5602.7,5675.7,826883,0
WIG_ODZIEZ,D,20190715,000000,5670.76,5705.81,5568.43,5682.89,375343,0
WIG_ODZIEZ,D,20190716,000000,5672.69,5715.45,5642.85,5672.12,541420,0
WIG_ODZIEZ,D,20190717,000000,5656.59,5722.73,5583.4,5607.03,1434110,0
WIG_ODZIEZ,D,20190718,000000,5546.28,5683.27,5533.25,5665.87,280736,0
WIG_ODZIEZ,D,20190719,000000,5683.74,5706.22,5620.2,5697.67,349247,0
WIG_ODZIEZ,D,20190722,000000,5705.97,5774.9,5673.35,5718.57,244164,0
WIG_ODZIEZ,D,20190723,000000,5756.59,5757.71,5634.64,5661.52,253821,0
WIG_ODZIEZ,D,20190724,000000,5668.01,5746.55,5655.58,5699.46,637209,0
WIG_ODZIEZ,D,20190725,000000,5734.35,5767.45,5635.49,5667.28,201459,0
WIG_ODZIEZ,D,20190726,000000,5653.78,5740.17,5647.91,5724.52,374768,0
WIG_ODZIEZ,D,20190729,000000,5666.91,5696.38,5629.5,5657.92,1026108,0
WIG_ODZIEZ,D,20190730,000000,5657.68,5673.13,5618.49,5622.98,886087,0
WIG_ODZIEZ,D,20190731,000000,5598.89,5682.86,5598.89,5646.17,882328,0
WIG_ODZIEZ,D,20190801,000000,5613.13,5644.62,5491.33,5565.57,333155,0
WIG_ODZIEZ,D,20190802,000000,5381.6,5515.7,5363.01,5385.09,571597,0
WIG_ODZIEZ,D,20190805,000000,5344.07,5421.42,5162,5162,576870,0
WIG_ODZIEZ,D,20190806,000000,5229.58,5249.85,5119.26,5137.45,317949,0
WIG_ODZIEZ,D,20190807,000000,5149.57,5185.89,5103.63,5149.78,796532,0
WIG_ODZIEZ,D,20190808,000000,5215.68,5245.4,5168.51,5181.04,601449,0
WIG_ODZIEZ,D,20190809,000000,5175.66,5209.31,5111.63,5136.57,144659,0
WIG_ODZIEZ,D,20190812,000000,5127.81,5161.47,5075.63,5135.51,475542,0
WIG_ODZIEZ,D,20190813,000000,5099.48,5335.96,5080.86,5266.24,522425,0
WIG_ODZIEZ,D,20190814,000000,5232.57,5232.57,5022.31,5067.82,402257,0
WIG_ODZIEZ,D,20190816,000000,5098.82,5109.22,4935.51,4953.03,304844,0
WIG_ODZIEZ,D,20190819,000000,4986.15,5096.33,4977.54,5084.53,270794,0
WIG_ODZIEZ,D,20190820,000000,5084.73,5317.01,5084.73,5113.85,1137538,0
WIG_ODZIEZ,D,20190821,000000,5147.91,5178.98,5061.5,5071.16,326440,0
WIG_ODZIEZ,D,20190822,000000,5063.28,5166.53,5012.86,5103.03,382302,0
WIG_ODZIEZ,D,20190823,000000,5130.07,5177.34,5067,5120.33,275423,0
WIG_ODZIEZ,D,20190826,000000,5019.93,5086.66,5004.72,5076.59,300001,0
WIG_ODZIEZ,D,20190827,000000,5098.98,5158.49,5029.39,5106.05,345317,0
WIG_ODZIEZ,D,20190828,000000,5130.49,5201.12,5024.79,5037.46,298244,0
WIG_ODZIEZ,D,20190829,000000,5033.12,5068.55,4994.7,5043.43,409732,0
WIG_ODZIEZ,D,20190830,000000,5016.17,5201.7,5010.93,5170.49,471495,0
WIG_ODZIEZ,D,20190902,000000,5199.53,5218.76,5168.91,5210.65,679716,0
WIG_ODZIEZ,D,20190903,000000,5190.93,5221.62,5095.97,5120.45,710210,0
WIG_ODZIEZ,D,20190904,000000,5103.44,5225.71,5103.44,5188.72,2170893,0
WIG_ODZIEZ,D,20190905,000000,5243.39,5263.43,5150.23,5205.58,408805,0
WIG_ODZIEZ,D,20190906,000000,5221.45,5254.15,5130.02,5197.52,345157,0
WIG_ODZIEZ,D,20190909,000000,5253.25,5330.76,5213.61,5325.66,2821426,0
WIG_ODZIEZ,D,20190910,000000,5318.42,5332.08,5248.35,5312.07,648101,0
WIG_ODZIEZ,D,20190911,000000,5303.75,5346.42,5272.73,5323.95,303567,0
WIG_ODZIEZ,D,20190912,000000,5454.1,5568.13,5408.78,5497.01,513801,0
WIG_ODZIEZ,D,20190913,000000,5513.61,5576,5412.58,5562.48,380388,0
WIG_ODZIEZ,D,20190916,000000,5526.19,5680.43,5478.05,5670.15,0,0
WIG_ODZIEZ,D,20190917,000000,5669.8,5672.62,5584.11,5631.59,447862,0
WIG_ODZIEZ,D,20190918,000000,5634.89,5666.98,5553.2,5622.68,475892,0
WIG_ODZIEZ,D,20190919,000000,5638.94,5638.94,5577.28,5610.04,749776,0
WIG_ODZIEZ,D,20190920,000000,5634.15,5644.16,5522.86,5582.05,493485,0
WIG_ODZIEZ,D,20190923,000000,5556.8,5593.78,5483.24,5549.32,1495944,0
WIG_ODZIEZ,D,20190924,000000,5581.46,5589.95,5536.65,5546.08,574777,0
WIG_ODZIEZ,D,20190925,000000,5517.22,5631.73,5497.62,5628.06,775326,0
WIG_ODZIEZ,D,20190926,000000,5648.11,5784.21,5648.11,5784.21,1125145,0
WIG_ODZIEZ,D,20190927,000000,5828.02,5883.72,5769.74,5851.73,464299,0
WIG_ODZIEZ,D,20190930,000000,5898.11,5899.80,5790.10,5870.39,398596,0
WIG_ODZIEZ,D,20191001,000000,5894.11,5903.37,5728.87,5800.23,587490,0
WIG_ODZIEZ,D,20191002,000000,5593.8,5706.61,5525.79,5692.99,1628758,0
WIG_ODZIEZ,D,20191003,000000,5682.56,5721.49,5467.54,5475.87,1173816,0
WIG_ODZIEZ,D,20191004,000000,5462.11,5554.47,5432.92,5448.14,828212,0
WIG_ODZIEZ,D,20191007,000000,5505.97,5506.19,5415.39,5457.75,828029,0
WIG_ODZIEZ,D,20191008,000000,5492.23,5492.71,5353.2,5436.14,1250467,0
WIG_ODZIEZ,D,20191009,000000,5402.5,5413.21,5375.43,5403.55,1156521,0
WIG_ODZIEZ,D,20191010,000000,5436.32,5436.46,5344.56,5369.38,585060,0
WIG_ODZIEZ,D,20191011,000000,5384.67,5528.43,5367.65,5494.46,862184,0
WIG_ODZIEZ,D,20191014,000000,5503,5558.61,5472.12,5526.88,907924,0
WIG_ODZIEZ,D,20191015,000000,5584.38,5592.51,5485.53,5516.56,637600,0
WIG_ODZIEZ,D,20191016,000000,5516.87,5614.84,5482.75,5544.96,393372,0
WIG_ODZIEZ,D,20191017,000000,5512.46,5615.03,5512.46,5583.16,404939,0
WIG_ODZIEZ,D,20191018,000000,5575.07,5582.28,5449.3,5494.98,266523,0
WIG_ODZIEZ,D,20191021,000000,5457.02,5508,5382.15,5411.31,406050,0
WIG_ODZIEZ,D,20191022,000000,5414.28,5545,5386.35,5516.11,309969,0
WIG_ODZIEZ,D,20191023,000000,5519.02,5524.13,5435.08,5467.17,257977,0
WIG_ODZIEZ,D,20191024,000000,5510.02,5510.02,5386.32,5420.01,388556,0
WIG_ODZIEZ,D,20191025,000000,5421.03,5468.65,5397.37,5425.17,202355,0
WIG_ODZIEZ,D,20191028,000000,5405.01,5570.01,5405.01,5568.72,301111,0
WIG_ODZIEZ,D,20191029,000000,5586.35,5611.86,5511.21,5563.92,397745,0
WIG_ODZIEZ,D,20191030,000000,5529.94,5580.27,5495.32,5538.22,483906,0
WIG_ODZIEZ,D,20191031,000000,5550.00,5550.00,5353.97,5370.64,987307,0
WIG_ODZIEZ,D,20191104,000000,5423.36,5512.27,5407.69,5479.57,623397,0
WIG_ODZIEZ,D,20191105,000000,5465.23,5536.88,5444.1,5497.33,850813,0
WIG_ODZIEZ,D,20191106,000000,5445.09,5544.71,5425.55,5446.95,1120157,0
WIG_ODZIEZ,D,20191107,000000,5486.41,5580.8,5486.15,5543.96,383414,0
WIG_ODZIEZ,D,20191108,000000,5543.85,5572.71,5517.14,5549.51,751804,0
WIG_ODZIEZ,D,20191112,000000,5537.98,5659.55,5504.11,5552.84,520902,0
WIG_ODZIEZ,D,20191113,000000,5589.14,5591.84,5514.19,5532.32,451197,0
WIG_ODZIEZ,D,20191114,000000,5506.06,5591.18,5502.22,5549.11,678045,0
WIG_ODZIEZ,D,20191115,000000,5555.17,5592.45,5535.19,5592.45,286470,0
WIG_ODZIEZ,D,20191118,000000,5609.58,5655.55,5594.65,5642.17,661472,0
WIG_ODZIEZ,D,20191119,000000,5619.15,5644.83,5539.03,5572.59,456786,0
WIG_ODZIEZ,D,20191120,000000,5560.84,5582.52,5468.5,5504.62,316511,0
WIG_ODZIEZ,D,20191121,000000,5471.02,5582.54,5471.02,5582.49,251956,0
WIG_ODZIEZ,D,20191122,000000,5592.82,5701.72,5590.55,5640.9,303548,0
WIG_ODZIEZ,D,20191125,000000,5662.91,5715.57,5636.78,5695.96,328796,0
WIG_ODZIEZ,D,20191126,000000,5653.68,5674.36,5599.76,5638.2,837172,0
WIG_ODZIEZ,D,20191127,000000,5638.25,5695,5606.36,5639.76,786494,0
WIG_ODZIEZ,D,20191128,000000,5614.46,5664.21,5597.63,5629.67,272358,0
WIG_ODZIEZ,D,20191129,000000,5596.01,5662.37,5579.61,5626.98,298793,0
WIG_ODZIEZ,D,20191202,000000,5549.62,5637.75,5549.31,5562.07,345564,0
WIG_ODZIEZ,D,20191203,000000,5563.45,5609.37,5436.86,5469.37,348660,0
WIG_ODZIEZ,D,20191204,000000,5472.73,5574.23,5472.73,5525.35,368269,0
WIG_ODZIEZ,D,20191205,000000,5567.01,5648.9,5540.65,5613.54,316094,0
WIG_ODZIEZ,D,20191206,000000,5651.73,5720.08,5623.15,5636.82,627658,0
WIG_ODZIEZ,D,20191209,000000,5586.63,5633.71,5522.18,5534.41,199164,0
WIG_ODZIEZ,D,20191210,000000,5556.56,5598.72,5506.96,5549.5,533765,0
WIG_ODZIEZ,D,20191211,000000,5551.19,5551.19,5484.88,5518.82,240958,0
WIG_ODZIEZ,D,20191212,000000,5513.53,5643.74,5512.59,5643.74,212531,0
WIG_ODZIEZ,D,20191213,000000,5682.86,5708.85,5622.9,5688.14,470839,0
WIG_ODZIEZ,D,20191216,000000,5696,5703.34,5644.98,5656.15,677514,0
WIG_ODZIEZ,D,20191217,000000,5629.8,5689.51,5600.44,5675.03,314632,0
WIG_ODZIEZ,D,20191218,000000,5655.4,5659.82,5491.87,5577.36,379942,0
WIG_ODZIEZ,D,20191219,000000,5599.3,5619.74,5557.77,5601.49,361407,0
WIG_ODZIEZ,D,20191220,000000,5512.64,5651.33,5512.64,5576.02,410089,0
WIG_ODZIEZ,D,20191223,000000,5578.1,5618.54,5548.19,5597.38,375783,0
WIG_ODZIEZ,D,20191227,000000,5650.44,5701.16,5598.04,5666.79,294753,0
WIG_ODZIEZ,D,20191230,000000,5656.71,5686.22,5619.15,5665.06,306534,0
WIG_ODZIEZ,D,20200102,000000,5627.82,5738.68,5619.26,5738.65,968549,0
WIG_ODZIEZ,D,20200103,000000,5674.51,5723.5,5581.77,5702.22,481249,0
WIG_ODZIEZ,D,20200107,000000,5703.84,5793.37,5639.89,5656.67,569785,0
WIG_ODZIEZ,D,20200108,000000,5578.28,5625.24,5565.2,5593.69,353915,0
WIG_ODZIEZ,D,20200109,000000,5549.82,5559.39,5490.43,5516,1411447,0
WIG_ODZIEZ,D,20200110,000000,5498.89,5513.38,5452.87,5473.07,965432,0
WIG_ODZIEZ,D,20200113,000000,5482.41,5497.69,5394.08,5485.02,1199621,0
WIG_ODZIEZ,D,20200114,000000,5433.47,5493.98,5354.06,5469.08,746100,0
WIG_ODZIEZ,D,20200115,000000,5453.23,5505.77,5436.32,5489.58,1199811,0
WIG_ODZIEZ,D,20200116,000000,5516.29,5519.07,5436.51,5462.44,400852,0
WIG_ODZIEZ,D,20200117,000000,5458,5510.72,5440.18,5481.23,368694,0
WIG_ODZIEZ,D,20200120,000000,5510.72,5510.81,5435.12,5458.40,743107,0
WIG_ODZIEZ,D,20200121,000000,5475.49,5475.49,5366.26,5404.74,256203,0
WIG_ODZIEZ,D,20200122,000000,5432.81,5436.93,5358.71,5414.75,262177,0
WIG_ODZIEZ,D,20200123,000000,5419.88,5419.88,5347.59,5368.66,423161,0
WIG_ODZIEZ,D,20200124,000000,5370.61,5420.08,5346.91,5350.28,270474,0
WIG_ODZIEZ,D,20200127,000000,5277.99,5325.14,5168.7,5219.85,550554,0
WIG_ODZIEZ,D,20200128,000000,5215.05,5260.18,5119.93,5227.52,409536,0
WIG_ODZIEZ,D,20200129,000000,5236.54,5325.31,5223.74,5299.04,763503,0
WIG_ODZIEZ,D,20200130,000000,5270.91,5448.80,5266.69,5434.01,873526,0
WIG_ODZIEZ,D,20200131,000000,5476.49,5486.29,5274.40,5350.93,921951,0
WIG_ODZIEZ,D,20200203,000000,5354.34,5392.24,5210.57,5259.36,626417,0
WIG_ODZIEZ,D,20200204,000000,5360.75,5452.33,5280.56,5444.97,914315,0
WIG_ODZIEZ,D,20200205,000000,5420.01,5526.82,5420.01,5456.20,801989,0
WIG_ODZIEZ,D,20200206,000000,5475.30,5475.30,5348.28,5349.35,449178,0
WIG_ODZIEZ,D,20200207,000000,5374.01,5424.83,5352.38,5373.43,1256487,0
WIG_ODZIEZ,D,20200210,000000,5398.93,5449.14,5352.39,5407.78,782820,0
WIG_ODZIEZ,D,20200211,000000,5447.76,5463.9,5391.95,5417.08,797227,0
WIG_ODZIEZ,D,20200212,000000,5405.82,5430.50,5364.80,5394.66,491761,0
WIG_ODZIEZ,D,20200213,000000,5420.11,5420.11,5325.47,5383.70,384497,0
WIG_ODZIEZ,D,20200214,000000,5424.35,5424.45,5316.92,5317.24,392010,0
WIG_ODZIEZ,D,20200217,000000,5343.51,5346.87,5274.79,5278.52,557822,0
WIG_ODZIEZ,D,20200218,000000,5238.41,5328.88,5238.41,5301.28,442748,0
WIG_ODZIEZ,D,20200219,000000,5324.42,5341.00,5263.49,5326.38,354768,0
WIG_ODZIEZ,D,20200220,000000,5326.87,5329.85,5237.8,5250.23,427312,0
WIG_ODZIEZ,D,20200221,000000,5246.11,5272.58,5163.09,5183.92,395767,0
WIG_ODZIEZ,D,20200224,000000,5128.79,5150.45,4828.43,4892.6,665586,0
WIG_ODZIEZ,D,20200225,000000,4906.16,4919.82,4663.20,4688.27,643473,0
WIG_ODZIEZ,D,20200226,000000,4717.21,4763.79,4552.24,4657.33,799124,0
WIG_ODZIEZ,D,20200227,000000,4667.54,4667.54,4431.98,4449.96,1303221,0
WIG_ODZIEZ,D,20200228,000000,4292.71,4384.88,4175.09,4304.09,1889082,0
WIG_ODZIEZ,D,20200302,000000,4398.20,4417.69,4244.26,4306.90,1225396,0
WIG_ODZIEZ,D,20200303,000000,4325.85,4696.25,4325.85,4610.72,941557,0
WIG_ODZIEZ,D,20200304,000000,4557.73,4590.98,4467.42,4534.60,1841019,0
WIG_ODZIEZ,D,20200305,000000,4541.01,4579.95,4430.17,4430.17,933238,0
WIG_ODZIEZ,D,20200306,000000,4411.66,4411.66,4227.60,4282.14,939134,0
WIG_ODZIEZ,D,20200309,000000,3969.92,4075.65,3795.15,3875.18,2281099,0
WIG_ODZIEZ,D,20200310,000000,3863.94,3921.40,3755.27,3755.27,0,0
WIG_ODZIEZ,D,20200311,000000,3759.98,3794.52,3353.24,3426.81,1645850,0
WIG_ODZIEZ,D,20200312,000000,3085.58,3114.85,2771.99,2838.72,1420886,0
WIG_ODZIEZ,D,20200313,000000,2883.44,2955.10,2598.19,2853.89,3320119,0
WIG_ODZIEZ,D,20200316,000000,2734.94,2734.94,2352.55,2573.37,3801328,0
WIG_ODZIEZ,D,20200317,000000,2573.37,2933.74,2452.73,2836.89,5717676,0
WIG_ODZIEZ,D,20200318,000000,2886.85,2945.81,2630.77,2661.12,6362669,0
WIG_ODZIEZ,D,20200319,000000,2681.97,2829.61,2498.07,2762.56,4110897,0
WIG_ODZIEZ,D,20200320,000000,2860.10,2942.81,2820.92,2880.87,5001503,0
WIG_ODZIEZ,D,20200323,000000,2789.04,2859.52,2669.52,2804.68,3159251,0
WIG_ODZIEZ,D,20200324,000000,2858.49,3091.44,2826.62,3035.06,4300789,0
WIG_ODZIEZ,D,20200325,000000,3075.56,3231.16,2899.24,2936.05,2277878,0
WIG_ODZIEZ,D,20200326,000000,2839.53,3082.66,2839.53,3049.29,2462347,0
WIG_ODZIEZ,D,20200327,000000,3110.13,3110.58,2952.05,2960.69,1127904,0
WIG_ODZIEZ,D,20200330,000000,3008.33,3008.75,2806.96,2950.00,2653035,0
WIG_ODZIEZ,D,20200331,000000,2972.32,3031.29,2923.25,2975.82,4091630,0
WIG_ODZIEZ,D,20200401,000000,2928.50,2978.06,2850.56,2852.15,3538875,0
WIG_ODZIEZ,D,20200402,000000,2822.90,2823.33,2689.28,2742.61,3623214,0
WIG_ODZIEZ,D,20200403,000000,2723.05,2824.16,2650.25,2772.59,6056513,0
WIG_ODZIEZ,D,20200406,000000,2863.54,3010.05,2841.60,3010.05,13435503,0
WIG_ODZIEZ,D,20200407,000000,3057.64,3258.48,3057.36,3146.72,9031436,0
WIG_ODZIEZ,D,20200408,000000,3099.76,3193.68,3080.81,3160.12,4132837,0
WIG_ODZIEZ,D,20200409,000000,3130.45,3277.72,3113.36,3277.72,5739769,0
WIG_ODZIEZ,D,20200414,000000,3364.06,3513.25,3326.98,3477.99,5175539,0
WIG_ODZIEZ,D,20200415,000000,3501.87,3595.88,3409.46,3419.75,5923269,0
WIG_ODZIEZ,D,20200416,000000,3469.95,3491.37,3267.95,3306.42,4302235,0
WIG_ODZIEZ,D,20200417,000000,3351.92,3468.21,3350.12,3433.61,3628112,0
WIG_ODZIEZ,D,20200420,000000,3527.88,3527.88,3347.00,3453.39,2262118,0
WIG_ODZIEZ,D,20200421,000000,3420.07,3434.62,3286.97,3308.43,2439250,0
WIG_ODZIEZ,D,20200422,000000,3296.81,3392.98,3244.45,3374.46,1460848,0
WIG_ODZIEZ,D,20200423,000000,3393.52,3488.46,3357.97,3486.30,1495564,0
WIG_ODZIEZ,D,20200424,000000,3479.79,3579.00,3441.79,3510.60,2168770,0
WIG_ODZIEZ,D,20200427,000000,3575.17,3634.57,3418.58,3476.38,3909854,0
WIG_ODZIEZ,D,20200428,000000,3504.10,3556.68,3411.21,3519.72,4419160,0
WIG_ODZIEZ,D,20200429,000000,3543.05,4052.09,3528.74,3965.89,7708246,0
WIG_ODZIEZ,D,20200430,000000,4059.33,4231.53,3813.00,3891.11,7334497,0
WIG_ODZIEZ,D,20200504,000000,3781.39,3781.39,3633.96,3655.26,4840057,0
WIG_ODZIEZ,D,20200505,000000,3642.23,3701.81,3565.48,3691.97,5012886,0
WIG_ODZIEZ,D,20200506,000000,3726.26,3726.26,3601.08,3608.73,2746159,0
WIG_ODZIEZ,D,20200507,000000,3610.23,3730.75,3562.70,3654.34,3109765,0
WIG_ODZIEZ,D,20200508,000000,3677.76,3739.15,3657.57,3692.03,5280474,0
WIG_ODZIEZ,D,20200511,000000,3722.43,3744.14,3592.88,3632.45,2988307,0
WIG_ODZIEZ,D,20200512,000000,3598.65,3665.27,3552.34,3635.97,2308335,0
WIG_ODZIEZ,D,20200513,000000,3586.84,3729.49,3586.84,3682.09,3431834,0
WIG_ODZIEZ,D,20200514,000000,3614.35,3650.59,3473.90,3531.71,2848253,0
WIG_ODZIEZ,D,20200515,000000,3536.31,3610.37,3507.89,3510.83,1956768,0
WIG_ODZIEZ,D,20200518,000000,3522.99,3567.36,3478.05,3537.73,1364354,0
WIG_ODZIEZ,D,20200519,000000,3576.93,3689.31,3510.11,3661.48,1292299,0
WIG_ODZIEZ,D,20200520,000000,3636.47,3690.43,3610.75,3677.26,1790403,0
WIG_ODZIEZ,D,20200521,000000,3639.92,3689.60,3632.39,3643.17,5320819,0
WIG_ODZIEZ,D,20200522,000000,3637.81,3666.67,3540.95,3650.62,4807343,0
WIG_ODZIEZ,D,20200525,000000,3644.04,3673.21,3623.04,3663.96,2137851,0
WIG_ODZIEZ,D,20200526,000000,3680.50,3862.63,3672.48,3840.01,2880089,0
WIG_ODZIEZ,D,20200527,000000,3844.13,4008.23,3840.19,3901.87,3703317,0
WIG_ODZIEZ,D,20200528,000000,3955.86,4055.07,3908.70,3991.82,2215981,0
WIG_ODZIEZ,D,20200529,000000,3952.61,4050.05,3934.73,4001.08,4110160,0
WIG_ODZIEZ,D,20200601,000000,4002.57,4086.23,3996.92,4015.75,2234967,0
WIG_ODZIEZ,D,20200602,000000,4018.93,4150.60,4018.93,4143.15,3210851,0
WIG_ODZIEZ,D,20200603,000000,4168.92,4297.07,4168.92,4230.40,4269741,0
WIG_ODZIEZ,D,20200604,000000,4251.94,4471.36,4234.12,4448.28,3654036,0
WIG_ODZIEZ,D,20200605,000000,4523.52,4742.82,4513.71,4665.43,5621030,0
WIG_ODZIEZ,D,20200608,000000,4685.13,4780.33,4554.72,4714.65,3689006,0
WIG_ODZIEZ,D,20200609,000000,4737.57,4737.57,4529.10,4593.40,1828408,0
WIG_ODZIEZ,D,20200610,000000,4609.99,4619.12,4520.34,4583.49,1934800,0
WIG_ODZIEZ,D,20200612,000000,4483.55,4501.20,4348.71,4391.50,2043780,0
WIG_ODZIEZ,D,20200615,000000,4257.07,4320.57,4013.64,4156.61,1778993,0
WIG_ODZIEZ,D,20200616,000000,4187.06,4352.26,4187.06,4280.23,2923926,0
WIG_ODZIEZ,D,20200617,000000,4309.81,4361.03,4186.08,4215.61,3325438,0
WIG_ODZIEZ,D,20200618,000000,4267.55,4279.28,4160.45,4204.22,5813103,0
WIG_ODZIEZ,D,20200619,000000,4256.07,4256.07,4119.59,4174.14,1715932,0
WIG_ODZIEZ,D,20200622,000000,4182.86,4190.53,4117.80,4148.34,3927513,0
WIG_ODZIEZ,D,20200623,000000,4207.67,4314.59,4148.58,4190.08,3056082,0
WIG_ODZIEZ,D,20200624,000000,4218.93,4218.93,4032.29,4032.29,3681443,0
WIG_ODZIEZ,D,20200625,000000,4029.73,4041.77,3922.61,4020.24,3031510,0
WIG_ODZIEZ,D,20200626,000000,3984.11,3990.47,3870.66,3870.66,1876035,0
WIG_ODZIEZ,D,20200629,000000,3867.24,3902.20,3779.81,3799.29,1418938,0
WIG_ODZIEZ,D,20200630,000000,3822.90,3822.90,3708.25,3719.69,1345831,0
WIG_ODZIEZ,D,20200701,000000,3751.17,3839.51,3720.40,3756.95,1983401,0
WIG_ODZIEZ,D,20200702,000000,3842.83,3877.22,3814.03,3830.94,2507157,0
WIG_ODZIEZ,D,20200703,000000,3862.97,3963.21,3804.91,3947.64,1452148,0
WIG_ODZIEZ,D,20200706,000000,4001.99,4040.89,3992.21,4040.89,1411077,0
WIG_ODZIEZ,D,20200707,000000,4006.24,4019.56,3944.89,3985.94,1920285,0
WIG_ODZIEZ,D,20200708,000000,3981.94,4048.48,3963.59,4005.42,1622847,0
WIG_ODZIEZ,D,20200709,000000,4041.21,4087.36,4011.93,4070.06,1555917,0
WIG_ODZIEZ,D,20200710,000000,3998.54,4062.35,3976.52,4062.35,1515876,0
WIG_ODZIEZ,D,20200713,000000,4093.14,4113.97,4017.81,4023.93,855446,0
WIG_ODZIEZ,D,20200714,000000,4001.76,4010.10,3851.50,3867.34,2248551,0
WIG_ODZIEZ,D,20200715,000000,3901.80,3940.47,3875.50,3940.47,1986840,0
WIG_ODZIEZ,D,20200716,000000,3910.71,3941.14,3896.90,3923.96,1219451,0
WIG_ODZIEZ,D,20200717,000000,3929.19,3960.94,3891.39,3943.35,2164776,0
WIG_ODZIEZ,D,20200720,000000,3931.52,4020.92,3931.52,4020.92,5679029,0
WIG_ODZIEZ,D,20200721,000000,4087.72,4133.75,4015.18,4040.89,5981329,0
WIG_ODZIEZ,D,20200722,000000,4028.89,4048.69,3980.22,4048.69,4967541,0
WIG_ODZIEZ,D,20200723,000000,4077.08,4077.08,3925.40,3931.06,11725567,0
WIG_ODZIEZ,D,20200724,000000,3856.12,3873.23,3809.48,3871.95,3160694,0
WIG_ODZIEZ,D,20200727,000000,3886.69,3926.02,3839.63,3915.15,4964332,0
WIG_ODZIEZ,D,20200728,000000,3879.60,4051.63,3879.60,4025.50,4881926,0
WIG_ODZIEZ,D,20200729,000000,4045.60,4253.05,4015.76,4231.69,3952435,0
WIG_ODZIEZ,D,20200730,000000,4250.45,4259.06,4046.48,4055.85,5075142,0
WIG_ODZIEZ,D,20200731,000000,4051.74,4153.07,4031.42,4103.36,2670771,0
WIG_ODZIEZ,D,20200803,000000,4137.00,4265.11,4074.97,4251.42,2775380,0
WIG_ODZIEZ,D,20200804,000000,4311.53,4383.29,4289.91,4299.65,2854247,0
WIG_ODZIEZ,D,20200805,000000,4243.47,4333.77,4243.47,4319.84,1720876,0
WIG_ODZIEZ,D,20200806,000000,4328.38,4330.94,4208.39,4238.54,1693265,0
WIG_ODZIEZ,D,20200807,000000,4202.74,4243.00,4051.37,4151.99,2379122,0
WIG_ODZIEZ,D,20200810,000000,4134.92,4215.71,4111.63,4204.41,2241673,0
WIG_ODZIEZ,D,20200811,000000,4244.99,4339.30,4199.35,4266.63,2835709,0
WIG_ODZIEZ,D,20200812,000000,4312.82,4324.59,4274.45,4307.63,1527611,0
WIG_ODZIEZ,D,20200813,000000,4308.14,4406.18,4306.42,4328.62,2204416,0
WIG_ODZIEZ,D,20200814,000000,4312.97,4395.21,4271.27,4395.21,1450462,0
WIG_ODZIEZ,D,20200817,000000,4379.94,4412.76,4332.10,4380.89,2000971,0
WIG_ODZIEZ,D,20200818,000000,4344.69,4400.79,4297.76,4314.76,2130673,0
WIG_ODZIEZ,D,20200819,000000,4298.91,4345.13,4227.79,4248.18,1138857,0
WIG_ODZIEZ,D,20200820,000000,4200.21,4255.16,4194.19,4203.57,854536,0
WIG_ODZIEZ,D,20200821,000000,4220.97,4299.60,4163.57,4273.02,945984,0
WIG_ODZIEZ,D,20200824,000000,4322.63,4322.63,4186.39,4225.53,949310,0
WIG_ODZIEZ,D,20200825,000000,4269.23,4300.50,4207.06,4234.71,1347120,0
WIG_ODZIEZ,D,20200826,000000,4237.43,4241.18,4174.09,4213.29,1153702,0
WIG_ODZIEZ,D,20200827,000000,4195.41,4278.41,4189.72,4190.91,3387387,0
WIG_ODZIEZ,D,20200828,000000,4217.10,4265.84,4213.82,4242.18,2069797,0
WIG_ODZIEZ,D,20200831,000000,4250.01,4285.61,4191.70,4243.86,1686845,0
WIG_ODZIEZ,D,20200901,000000,4247.78,4248.32,4166.19,4188.75,2339996,0
WIG_ODZIEZ,D,20200902,000000,4212.14,4216.01,4169.49,4187.63,4038879,0
WIG_ODZIEZ,D,20200903,000000,4163.49,4285.19,4163.42,4230.66,1188488,0
WIG_ODZIEZ,D,20200904,000000,4167.72,4253.51,4144.28,4183.58,1131462,0
WIG_ODZIEZ,D,20200907,000000,4194.24,4243.64,4166.01,4207.81,1231333,0
WIG_ODZIEZ,D,20200908,000000,4207.21,4209.57,4121.15,4143.65,2409731,0
WIG_ODZIEZ,D,20200909,000000,4128.60,4231.32,4128.60,4203.99,1241520,0
WIG_ODZIEZ,D,20200910,000000,4182.60,4216.95,4152.98,4167.68,1359526,0
WIG_ODZIEZ,D,20200911,000000,4192.98,4196.43,4113.19,4117.87,622927,0
WIG_ODZIEZ,D,20200914,000000,4188.27,4188.27,4000.85,4000.85,1004899,0
WIG_ODZIEZ,D,20200915,000000,4006.06,4008.30,3948.27,3974.28,1671829,0
WIG_ODZIEZ,D,20200916,000000,3967.70,4071.91,3953.86,4007.60,1918223,0
WIG_ODZIEZ,D,20200917,000000,3960.76,4067.24,3930.01,4067.24,2340264,0
WIG_ODZIEZ,D,20200918,000000,4072.27,4104.43,4020.56,4104.29,2476159,0
WIG_ODZIEZ,D,20200921,000000,4020.62,4068.17,3978.42,4006.93,1985288,0
WIG_ODZIEZ,D,20200922,000000,3978.43,4040.48,3943.83,3975.21,1960322,0
WIG_ODZIEZ,D,20200923,000000,4046.67,4087.58,3969.99,3973.25,1705053,0
WIG_ODZIEZ,D,20200924,000000,3890.78,3942.60,3848.77,3848.77,1454366,0
WIG_ODZIEZ,D,20200925,000000,3785.02,3868.75,3763.41,3855.70,1469466,0
WIG_ODZIEZ,D,20200928,000000,3897.40,3938.83,3822.87,3938.83,1756590,0
WIG_ODZIEZ,D,20200929,000000,3920.30,3950.91,3875.44,3893.58,1199819,0
WIG_ODZIEZ,D,20200930,000000,3906.76,3912.12,3796.69,3830.05,1127151,0
WIG_ODZIEZ,D,20201001,000000,3858.73,4080.51,3858.73,4038.44,3039824,0
WIG_ODZIEZ,D,20201002,000000,3986.49,4100.89,3940.19,4036.81,1626605,0
WIG_ODZIEZ,D,20201005,000000,4064.93,4151.22,4059.71,4117.06,1308453,0
WIG_ODZIEZ,D,20201006,000000,4071.40,4158.03,4069.97,4104.03,900500,0
WIG_ODZIEZ,D,20201007,000000,4119.69,4136.83,3984.44,4034.60,1729499,0
WIG_ODZIEZ,D,20201008,000000,4024.89,4055.25,3831.13,3879.33,3444193,0
WIG_ODZIEZ,D,20201009,000000,3889.97,3904.46,3788.67,3848.63,3495805,0
WIG_ODZIEZ,D,20201012,000000,3858.70,3910.72,3823.64,3871.51,1351363,0
WIG_ODZIEZ,D,20201013,000000,3824.50,3865.62,3796.37,3832.54,1527045,0
WIG_ODZIEZ,D,20201014,000000,3860.86,3910.99,3813.43,3853.26,2007794,0
WIG_ODZIEZ,D,20201015,000000,3842.56,3842.56,3550.88,3567.30,2365419,0
WIG_ODZIEZ,D,20201016,000000,3649.92,3742.22,3561.95,3604.13,2084007,0
