<TICKER>,<PER>,<DATE>,<TIME>,<OPEN>,<HIGH>,<LOW>,<CLOSE>,<VOL>,<OPENINT>
WIG_MOTO,D,20170102,000000,5185.17,5212.35,5080.07,5086.31,80948,0
WIG_MOTO,D,20170103,000000,5138.74,5179.33,5111.73,5163.93,63518,0
WIG_MOTO,D,20170104,000000,5199.95,5200.07,5145.48,5145.48,85554,0
WIG_MOTO,D,20170105,000000,5173.05,5191.26,5108.65,5123.21,242407,0
WIG_MOTO,D,20170109,000000,5134,5157.36,5099.74,5105.94,215494,0
WIG_MOTO,D,20170110,000000,5124.32,5170.44,5108.75,5140.61,205566,0
WIG_MOTO,D,20170111,000000,5157.02,5243.04,5156.39,5210.55,357955,0
WIG_MOTO,D,20170112,000000,5221.88,5242.61,5151.19,5169.83,196082,0
WIG_MOTO,D,20170113,000000,5172.91,5213,5155.51,5208.25,75287,0
WIG_MOTO,D,20170116,000000,5190.98,5246.39,5190.98,5234.71,48274,0
WIG_MOTO,D,20170117,000000,5247.81,5308.71,5223.24,5307.96,98189,0
WIG_MOTO,D,20170118,000000,5308.06,5340.73,5275.57,5314.37,1292282,0
WIG_MOTO,D,20170119,000000,5318.59,5326.58,5286.74,5310.81,262038,0
WIG_MOTO,D,20170120,000000,5313.9,5432.25,5313.9,5432.25,197244,0
WIG_MOTO,D,20170123,000000,5431.73,5455.44,5376.79,5425.41,86381,0
WIG_MOTO,D,20170124,000000,5423.46,5483.53,5392.52,5455.47,291681,0
WIG_MOTO,D,20170125,000000,5485.49,5605.12,5485.49,5569.32,245809,0
WIG_MOTO,D,20170126,000000,5596.28,5597.4,5513.45,5537,126658,0
WIG_MOTO,D,20170127,000000,5578.59,5578.59,5492.53,5557.85,63105,0
WIG_MOTO,D,20170130,000000,5555.33,5566.18,5526.9,5552.54,108764,0
WIG_MOTO,D,20170131,000000,5551.52,5569.32,5521.8,5555.74,146913,0
WIG_MOTO,D,20170201,000000,5558.57,5576.46,5529.47,5538.05,51978,0
WIG_MOTO,D,20170202,000000,5551.36,5558.66,5416.37,5433.72,38789,0
WIG_MOTO,D,20170203,000000,5424.4,5424.57,5322.74,5366.56,75076,0
WIG_MOTO,D,20170206,000000,5376.35,5417.77,5352.25,5373.26,89205,0
WIG_MOTO,D,20170207,000000,5349.46,5351.91,5306.66,5310.89,96295,0
WIG_MOTO,D,20170208,000000,5364.74,5364.74,5332.73,5348.16,61558,0
WIG_MOTO,D,20170209,000000,5385.65,5511.31,5372.83,5509.27,199684,0
WIG_MOTO,D,20170210,000000,5544.34,5565.69,5511.5,5548.26,74635,0
WIG_MOTO,D,20170213,000000,5542.59,5547.09,5476.15,5486.08,75705,0
WIG_MOTO,D,20170214,000000,5487.97,5548.53,5487.48,5548.53,640346,0
WIG_MOTO,D,20170215,000000,5541.68,5546.1,5501.89,5527.19,577466,0
WIG_MOTO,D,20170216,000000,5544.22,5600.85,5544.22,5594.99,177201,0
WIG_MOTO,D,20170217,000000,5609.03,5621.76,5555.99,5555.99,115095,0
WIG_MOTO,D,20170220,000000,5587.04,5598.03,5558.72,5572.76,68552,0
WIG_MOTO,D,20170221,000000,5592.39,5648.18,5592.34,5642.83,134605,0
WIG_MOTO,D,20170222,000000,5658.93,5682.68,5632.39,5665.74,67796,0
WIG_MOTO,D,20170223,000000,5680.68,5699.76,5639.35,5654.53,246797,0
WIG_MOTO,D,20170224,000000,5674.32,5687.05,5592.92,5649.54,577633,0
WIG_MOTO,D,20170227,000000,5669.6,5689.38,5608.83,5689.38,1421256,0
WIG_MOTO,D,20170228,000000,5695.06,5714.08,5652.41,5677.46,483180,0
WIG_MOTO,D,20170301,000000,5635.21,5793.24,5635.21,5770.22,1090199,0
WIG_MOTO,D,20170302,000000,5758.71,5799.96,5734.34,5741.62,1354215,0
WIG_MOTO,D,20170303,000000,5727.71,5748.49,5708.88,5721.41,280515,0
WIG_MOTO,D,20170306,000000,5749.68,5755.86,5697.21,5737.35,223178,0
WIG_MOTO,D,20170307,000000,5754.98,5755.12,5641.69,5695.87,448416,0
WIG_MOTO,D,20170308,000000,5713.5,5720.32,5584.02,5584.02,295607,0
WIG_MOTO,D,20170309,000000,5585.56,5653.56,5494.57,5497.61,155247,0
WIG_MOTO,D,20170310,000000,5588.08,5588.72,5494.74,5494.74,890490,0
WIG_MOTO,D,20170313,000000,5517.26,5610.01,5508.84,5540.07,552139,0
WIG_MOTO,D,20170314,000000,5594.99,5611.68,5535.02,5554.09,213466,0
WIG_MOTO,D,20170315,000000,5572.33,5714.62,5571.42,5644.52,1888361,0
WIG_MOTO,D,20170316,000000,5710.97,5801.77,5706.23,5781.03,953669,0
WIG_MOTO,D,20170317,000000,5779.75,5795.8,5656.24,5692.45,430962,0
WIG_MOTO,D,20170320,000000,5729.12,5738.52,5578.6,5653.18,756064,0
WIG_MOTO,D,20170321,000000,5622.06,5622.06,5492.73,5492.73,397358,0
WIG_MOTO,D,20170322,000000,5471.86,5497.43,5404.95,5472.67,236143,0
WIG_MOTO,D,20170323,000000,5437.58,5494.7,5426.35,5451.41,710333,0
WIG_MOTO,D,20170324,000000,5462.97,5466.33,5387.64,5431.4,203133,0
WIG_MOTO,D,20170327,000000,5387,5418.4,5383.01,5388.51,68858,0
WIG_MOTO,D,20170328,000000,5390.63,5442.1,5390.63,5404.68,89274,0
WIG_MOTO,D,20170329,000000,5437.28,5478.16,5415.21,5428.5,234161,0
WIG_MOTO,D,20170330,000000,5424.84,5427.43,5386.04,5414.3,144609,0
WIG_MOTO,D,20170331,000000,5459.92,5466.74,5401.89,5457.59,127817,0
WIG_MOTO,D,20170403,000000,5452.59,5470.42,5433.94,5458.49,95348,0
WIG_MOTO,D,20170404,000000,5453.67,5508.3,5453.6,5461.53,74362,0
WIG_MOTO,D,20170405,000000,5485.65,5485.65,5462.62,5463.59,136149,0
WIG_MOTO,D,20170406,000000,5444.14,5457.27,5426.71,5441.91,715882,0
WIG_MOTO,D,20170407,000000,5455.39,5507.64,5435.45,5504.13,126551,0
WIG_MOTO,D,20170410,000000,5486.38,5532.54,5441.48,5447.42,228761,0
WIG_MOTO,D,20170411,000000,5472.1,5481.43,5380.55,5386.18,183910,0
WIG_MOTO,D,20170412,000000,5420.05,5420.05,5384.48,5404.46,128789,0
WIG_MOTO,D,20170413,000000,5401.19,5465.53,5395.6,5395.6,132209,0
WIG_MOTO,D,20170418,000000,5476.77,5478.64,5383,5416.87,308538,0
WIG_MOTO,D,20170419,000000,5449.05,5480.45,5427.88,5471.55,171587,0
WIG_MOTO,D,20170420,000000,5467.03,5484.3,5447.77,5484.3,191454,0
WIG_MOTO,D,20170421,000000,5486.68,5489.8,5423.71,5445.87,222429,0
WIG_MOTO,D,20170424,000000,5477.65,5531.51,5448.29,5531.51,277357,0
WIG_MOTO,D,20170425,000000,5551.44,5551.44,5486.24,5502.2,110168,0
WIG_MOTO,D,20170426,000000,5518.15,5561.22,5502.89,5557.1,324299,0
WIG_MOTO,D,20170427,000000,5539.02,5558.51,5472.58,5550.55,251988,0
WIG_MOTO,D,20170428,000000,5603.02,5603.02,5484.97,5549.33,541318,0
WIG_MOTO,D,20170502,000000,5584.06,5635.57,5563.99,5619.53,160905,0
WIG_MOTO,D,20170504,000000,5632.14,5633.9,5544.06,5586.35,261184,0
WIG_MOTO,D,20170505,000000,5554.92,5621.84,5543.27,5621.84,644564,0
WIG_MOTO,D,20170508,000000,5619.51,5715.31,5585.89,5694.11,324670,0
WIG_MOTO,D,20170509,000000,5734.54,5852.34,5701.48,5701.48,267110,0
WIG_MOTO,D,20170510,000000,5637.79,5702.17,5628,5702.17,267093,0
WIG_MOTO,D,20170511,000000,5702.89,5740.46,5651.92,5680.56,537433,0
WIG_MOTO,D,20170512,000000,5657.05,5693.82,5649.72,5682.29,280100,0
WIG_MOTO,D,20170515,000000,5680.47,5697.61,5646.91,5654.06,94005,0
WIG_MOTO,D,20170516,000000,5702.02,5711.22,5597.14,5612.54,81850,0
WIG_MOTO,D,20170517,000000,5561.91,5609.32,5545.06,5605.35,103652,0
WIG_MOTO,D,20170518,000000,5601.61,5610.03,5491.98,5610.03,174771,0
WIG_MOTO,D,20170519,000000,5607.95,5705.33,5607.53,5705.33,119402,0
WIG_MOTO,D,20170522,000000,5715.23,5773.72,5671.14,5773.72,49083,0
WIG_MOTO,D,20170523,000000,5710.77,5736.99,5700.15,5718.57,71170,0
WIG_MOTO,D,20170524,000000,5696.67,5756.78,5663.89,5756.78,629610,0
WIG_MOTO,D,20170525,000000,5781.13,5807.08,5756.44,5807.08,623145,0
WIG_MOTO,D,20170526,000000,5766.23,5835.27,5764.48,5814.15,32347,0
WIG_MOTO,D,20170529,000000,5800.86,5802.48,5770.47,5797.37,40833,0
WIG_MOTO,D,20170530,000000,5786.77,5803.99,5750.6,5795.06,922334,0
WIG_MOTO,D,20170531,000000,5780.97,5950.11,5767.69,5950.11,175059,0
WIG_MOTO,D,20170601,000000,5927.51,5937.91,5800.56,5828.38,151712,0
WIG_MOTO,D,20170602,000000,5845.54,5852.61,5807.58,5817.26,622488,0
WIG_MOTO,D,20170605,000000,5873.02,5886.76,5790.92,5873.09,167607,0
WIG_MOTO,D,20170606,000000,5878.84,5880.06,5813.48,5854.63,329999,0
WIG_MOTO,D,20170607,000000,5856.97,5856.97,5760.34,5764.43,2177853,0
WIG_MOTO,D,20170608,000000,5816.6,5816.6,5765.2,5775.78,700238,0
WIG_MOTO,D,20170609,000000,5788.91,5788.96,5740.59,5754.85,411598,0
WIG_MOTO,D,20170612,000000,5749.83,5769.52,5691.69,5699.26,117563,0
WIG_MOTO,D,20170613,000000,5702.3,5707.55,5666.5,5686.8,84482,0
WIG_MOTO,D,20170614,000000,5751.28,5751.95,5641.05,5641.05,702871,0
WIG_MOTO,D,20170616,000000,5661.11,5688.47,5594.02,5659.32,404193,0
WIG_MOTO,D,20170619,000000,5678.53,5736.06,5658.2,5736.06,39388,0
WIG_MOTO,D,20170620,000000,5711.22,5765.81,5711.22,5747.72,100951,0
WIG_MOTO,D,20170621,000000,5728.12,5813.7,5695.23,5809.73,18260,0
WIG_MOTO,D,20170622,000000,5802.28,5811.64,5765.69,5801.88,16774,0
WIG_MOTO,D,20170623,000000,5828.25,5828.25,5715.82,5806.63,15289,0
WIG_MOTO,D,20170626,000000,5829.46,5829.46,5739.85,5778.92,235933,0
WIG_MOTO,D,20170627,000000,5834.59,5834.59,5734.67,5776.34,45268,0
WIG_MOTO,D,20170628,000000,5738.19,5786.6,5591.35,5660.93,43785,0
WIG_MOTO,D,20170629,000000,5669.62,5707.36,5626.55,5707.36,83343,0
WIG_MOTO,D,20170630,000000,5695.98,5764.16,5642.2,5764.16,160450,0
WIG_MOTO,D,20170703,000000,5731.13,5734.12,5708.37,5716.95,14727,0
WIG_MOTO,D,20170704,000000,5711.19,5711.19,5645.72,5645.72,121623,0
WIG_MOTO,D,20170705,000000,5684.43,5700.97,5591.43,5601.8,61049,0
WIG_MOTO,D,20170706,000000,5600.19,5635,5594.49,5595.52,75128,0
WIG_MOTO,D,20170707,000000,5641.2,5641.2,5570.56,5570.56,39525,0
WIG_MOTO,D,20170710,000000,5494.45,5544.87,5480.29,5502.74,76696,0
WIG_MOTO,D,20170711,000000,5525.63,5528.45,5465.45,5469.26,227451,0
WIG_MOTO,D,20170712,000000,5476.61,5501.17,5451.06,5459.48,43160,0
WIG_MOTO,D,20170713,000000,5457.05,5486.32,5421.79,5421.79,99582,0
WIG_MOTO,D,20170714,000000,5457.9,5539.13,5427.91,5539.13,174952,0
WIG_MOTO,D,20170717,000000,5546.69,5613.33,5546.69,5602.5,55122,0
WIG_MOTO,D,20170718,000000,5630.82,5630.82,5563.32,5569.8,81430,0
WIG_MOTO,D,20170719,000000,5576.04,5601.68,5507.36,5563.9,261985,0
WIG_MOTO,D,20170720,000000,5547.77,5551.39,5512.95,5532.82,279912,0
WIG_MOTO,D,20170721,000000,5493.46,5539.9,5459.37,5481.13,83295,0
WIG_MOTO,D,20170724,000000,5518.74,5518.74,5341.37,5400.52,81529,0
WIG_MOTO,D,20170725,000000,5405.19,5433.46,5335.58,5373.83,84292,0
WIG_MOTO,D,20170726,000000,5371.78,5429.84,5363.03,5429.84,195731,0
WIG_MOTO,D,20170727,000000,5428.39,5443.48,5416.73,5428.22,49030,0
WIG_MOTO,D,20170728,000000,5428.62,5460.93,5413.24,5456.16,123660,0
WIG_MOTO,D,20170731,000000,5462.25,5485.69,5424.13,5444.84,224319,0
WIG_MOTO,D,20170801,000000,5450.57,5484.94,5373.2,5377.06,234285,0
WIG_MOTO,D,20170802,000000,5391.07,5419.55,5350.11,5358.34,155717,0
WIG_MOTO,D,20170803,000000,5350.17,5369.67,5334.4,5349.13,89938,0
WIG_MOTO,D,20170804,000000,5358.66,5369.87,5295.56,5308.92,77056,0
WIG_MOTO,D,20170807,000000,5341.91,5351.61,5299.62,5339.51,123864,0
WIG_MOTO,D,20170808,000000,5327.67,5434.16,5327.47,5423.24,142080,0
WIG_MOTO,D,20170809,000000,5483.82,5483.82,5397.73,5397.73,123703,0
WIG_MOTO,D,20170810,000000,5449.21,5450.28,5434.97,5445,336890,0
WIG_MOTO,D,20170811,000000,5301.54,5376.87,5299.14,5354.88,55686,0
WIG_MOTO,D,20170814,000000,5308.79,5320.93,5285.73,5303.3,89114,0
WIG_MOTO,D,20170816,000000,5317.46,5317.46,5273.09,5273.09,74999,0
WIG_MOTO,D,20170817,000000,5307.81,5314.87,5292.38,5304.42,130902,0
WIG_MOTO,D,20170818,000000,5298.31,5299.51,5268.26,5297.31,18896,0
WIG_MOTO,D,20170821,000000,5300.88,5300.88,5252.84,5267.16,17773,0
WIG_MOTO,D,20170822,000000,5268.24,5371.6,5268.24,5306.24,31569,0
WIG_MOTO,D,20170823,000000,5342.13,5383.95,5337.41,5372.38,151677,0
WIG_MOTO,D,20170824,000000,5366.29,5367.01,5252.36,5255.68,28029,0
WIG_MOTO,D,20170825,000000,5250.37,5298.93,5218.12,5298.36,99948,0
WIG_MOTO,D,20170828,000000,5174.37,5258.22,5174.37,5226.51,131183,0
WIG_MOTO,D,20170829,000000,5227.56,5278.25,5163.57,5278.25,57331,0
WIG_MOTO,D,20170830,000000,5273.6,5310.06,5171.03,5310.06,735385,0
WIG_MOTO,D,20170831,000000,5274.9,5346.26,5254.02,5346.26,211113,0
WIG_MOTO,D,20170901,000000,5321.43,5334.53,5228.63,5288.36,112447,0
WIG_MOTO,D,20170904,000000,5300.69,5338.72,5258.54,5338.72,84111,0
WIG_MOTO,D,20170905,000000,5343.23,5398.19,5294.99,5384.16,110192,0
WIG_MOTO,D,20170906,000000,5425.16,5470.15,5370.25,5390.86,209517,0
WIG_MOTO,D,20170907,000000,5424.6,5460.24,5402.82,5417.97,181611,0
WIG_MOTO,D,20170908,000000,5458.4,5458.4,5413.02,5427.62,31325,0
WIG_MOTO,D,20170911,000000,5427.62,5479.96,5414.43,5427.17,42416,0
WIG_MOTO,D,20170912,000000,5444.74,5467.26,5420.73,5462.88,103724,0
WIG_MOTO,D,20170913,000000,5462.32,5471.39,5447.06,5450.24,150038,0
WIG_MOTO,D,20170914,000000,5472.8,5472.8,5394.73,5413.62,104107,0
WIG_MOTO,D,20170915,000000,5417.58,5419.38,5320.37,5391.43,90937,0
WIG_MOTO,D,20170918,000000,5414.94,5416.36,5324.59,5404.46,140113,0
WIG_MOTO,D,20170919,000000,5400.41,5421.78,5353.31,5408.07,247678,0
WIG_MOTO,D,20170920,000000,5402.19,5405.6,5346.2,5346.2,348498,0
WIG_MOTO,D,20170921,000000,5334.32,5347.9,5306.22,5347.9,122669,0
WIG_MOTO,D,20170922,000000,5359.4,5380.6,5322.97,5380.6,74033,0
WIG_MOTO,D,20170925,000000,5396.3,5396.91,5358.86,5364.43,19569,0
WIG_MOTO,D,20170926,000000,5336.96,5427.33,5298.64,5427.33,20982,0
WIG_MOTO,D,20170927,000000,5431.72,5431.72,5345.27,5375,33836,0
WIG_MOTO,D,20170928,000000,5373.35,5389.91,5330.97,5363.27,25095,0
WIG_MOTO,D,20170929,000000,5388.42,5388.42,5349.57,5383.59,270705,0
WIG_MOTO,D,20171002,000000,5362.76,5398.25,5293.5,5318.42,442969,0
WIG_MOTO,D,20171003,000000,5357.95,5438.64,5344.32,5386.58,189805,0
WIG_MOTO,D,20171004,000000,5372.66,5396.13,5307.26,5310.7,67554,0
WIG_MOTO,D,20171005,000000,5276.45,5330.43,5274.67,5330.43,29164,0
WIG_MOTO,D,20171006,000000,5294.58,5370.04,5294.58,5362.99,129340,0
WIG_MOTO,D,20171009,000000,5377.66,5378.13,5325.76,5327.7,15791,0
WIG_MOTO,D,20171010,000000,5379.13,5385.79,5352.31,5352.31,65228,0
WIG_MOTO,D,20171011,000000,5380.27,5380.27,5334.43,5362.35,13586,0
WIG_MOTO,D,20171012,000000,5344.47,5381.13,5315.81,5335.22,29703,0
WIG_MOTO,D,20171013,000000,5337.63,5341.13,5287.23,5287.23,16995,0
WIG_MOTO,D,20171016,000000,5327.96,5342.89,5292.23,5331.67,88831,0
WIG_MOTO,D,20171017,000000,5318.5,5344.69,5273.62,5299.62,74404,0
WIG_MOTO,D,20171018,000000,5252.65,5299.97,5232.42,5299.97,260668,0
WIG_MOTO,D,20171019,000000,5286.78,5294.16,5213.95,5227.98,108651,0
WIG_MOTO,D,20171020,000000,5202.85,5348.43,5191.11,5348.43,116141,0
WIG_MOTO,D,20171023,000000,5316.47,5350.71,5222.39,5286.01,84048,0
WIG_MOTO,D,20171024,000000,5310.4,5310.99,5081.82,5131.1,209629,0
WIG_MOTO,D,20171025,000000,5070.75,5139.85,5041.87,5121.66,498836,0
WIG_MOTO,D,20171026,000000,5128.43,5168.4,5094.13,5158.56,46404,0
WIG_MOTO,D,20171027,000000,5158.08,5241.58,5128.19,5241.58,337129,0
WIG_MOTO,D,20171030,000000,5219.26,5252.21,5210.85,5252.21,533405,0
WIG_MOTO,D,20171031,000000,5265.57,5266.59,5171.09,5221.31,440291,0
WIG_MOTO,D,20171102,000000,5219.25,5219.25,5157.53,5175.61,193952,0
WIG_MOTO,D,20171103,000000,5180.38,5193.98,5121.49,5139.85,143397,0
WIG_MOTO,D,20171106,000000,5088.2,5127.26,5065.91,5086.5,217738,0
WIG_MOTO,D,20171107,000000,5066.88,5080.41,5050.91,5066.2,37337,0
WIG_MOTO,D,20171108,000000,5042.27,5047.15,5002.39,5025.53,204402,0
WIG_MOTO,D,20171109,000000,5037.11,5061.89,5010.99,5011.71,55157,0
WIG_MOTO,D,20171110,000000,4996.98,5037.02,4961.4,4985.7,62359,0
WIG_MOTO,D,20171113,000000,5019.06,5038.69,5017.18,5034.29,26496,0
WIG_MOTO,D,20171114,000000,5026.72,5049.15,4991.53,4999.32,47177,0
WIG_MOTO,D,20171115,000000,4993.03,4999.96,4893.77,4957.61,310503,0
WIG_MOTO,D,20171116,000000,4923.22,5003.19,4873.55,4974.24,439414,0
WIG_MOTO,D,20171117,000000,5008.91,5067.01,5002.38,5060.44,151001,0
WIG_MOTO,D,20171120,000000,5009.65,5070.18,4987.8,5040.52,114093,0
WIG_MOTO,D,20171121,000000,4945.45,4945.45,4850.79,4859.09,313877,0
WIG_MOTO,D,20171122,000000,4870.33,4898.64,4750.92,4818.01,174418,0
WIG_MOTO,D,20171123,000000,4818.96,4818.96,4766.15,4785.33,333668,0
WIG_MOTO,D,20171124,000000,4787.27,4851.47,4771.75,4851.47,256347,0
WIG_MOTO,D,20171127,000000,4842.82,4864.71,4789.85,4863.51,189117,0
WIG_MOTO,D,20171128,000000,4870.68,4892.9,4811.93,4883.19,38512,0
WIG_MOTO,D,20171129,000000,4866.9,4866.9,4762.44,4823.3,219962,0
WIG_MOTO,D,20171130,000000,4823.99,4833.9,4753.43,4833.9,114457,0
WIG_MOTO,D,20171201,000000,4849.72,4853.05,4754.47,4815.72,41065,0
WIG_MOTO,D,20171204,000000,4821.29,4918.81,4775.26,4895.27,70270,0
WIG_MOTO,D,20171205,000000,4841,4841,4754.36,4835.24,184490,0
WIG_MOTO,D,20171206,000000,4807.88,4899.29,4784.59,4885.15,46477,0
WIG_MOTO,D,20171207,000000,4895.09,4928.33,4806.14,4898.02,16837,0
WIG_MOTO,D,20171208,000000,4912.55,4913.74,4825.48,4856.14,13918,0
WIG_MOTO,D,20171211,000000,4862.76,4867.53,4762.01,4821.31,49128,0
WIG_MOTO,D,20171212,000000,4836.25,4910.38,4801.45,4910.38,133997,0
WIG_MOTO,D,20171213,000000,4913,4948.04,4863.36,4948.04,23127,0
WIG_MOTO,D,20171214,000000,4992.08,5020.45,4944.71,5011.4,81182,0
WIG_MOTO,D,20171215,000000,5013.05,5037.14,4973.42,4973.42,112245,0
WIG_MOTO,D,20171218,000000,5015.79,5057.36,5006.36,5046.39,71789,0
WIG_MOTO,D,20171219,000000,5019.31,5035.08,4977.2,5014.54,544788,0
WIG_MOTO,D,20171220,000000,5043.09,5092.77,5013.75,5038.97,371012,0
WIG_MOTO,D,20171221,000000,5038.47,5112.62,5037.86,5112.62,196551,0
WIG_MOTO,D,20171222,000000,5112.28,5157.77,5110.34,5137.22,130702,0
WIG_MOTO,D,20171227,000000,5149.48,5177.06,5053,5166.51,286032,0
WIG_MOTO,D,20171228,000000,5163.42,5187.92,5159.64,5181.41,439066,0
WIG_MOTO,D,20171229,000000,5178.64,5184.58,5157.97,5174.38,559133,0
WIG_MOTO,D,20180103,000000,5177.89,5238.81,5073.71,5135.31,322806,0
WIG_MOTO,D,20180104,000000,5153.32,5164.08,5129.45,5151.96,186952,0
WIG_MOTO,D,20180105,000000,5115.63,5143.27,5102.37,5122.33,320592,0
WIG_MOTO,D,20180108,000000,5119.51,5164.78,5104.62,5142.45,39489,0
WIG_MOTO,D,20180109,000000,5166.83,5209.98,5145.42,5209.98,110022,0
WIG_MOTO,D,20180110,000000,5194.62,5194.62,5052.84,5076.75,65574,0
WIG_MOTO,D,20180111,000000,5043.43,5088.41,5043.43,5061.58,133131,0
WIG_MOTO,D,20180112,000000,5055.28,5109.21,5052.66,5073.19,100706,0
WIG_MOTO,D,20180115,000000,5074.55,5100.88,5052.17,5100.88,80137,0
WIG_MOTO,D,20180116,000000,5063.06,5081.26,5046.89,5046.89,105345,0
WIG_MOTO,D,20180117,000000,5042.62,5043.79,4942.01,4983.35,88275,0
WIG_MOTO,D,20180118,000000,4923.63,5109.52,4923.63,5109.52,200784,0
WIG_MOTO,D,20180119,000000,5092.39,5094.77,4968.28,4998.08,135982,0
WIG_MOTO,D,20180122,000000,5010.8,5027.91,4979.56,5004.03,131414,0
WIG_MOTO,D,20180123,000000,5037.33,5066.84,4963.2,4984.38,181056,0
WIG_MOTO,D,20180124,000000,5021.59,5021.59,4932.66,4967.94,391932,0
WIG_MOTO,D,20180125,000000,4969.79,4971.57,4911.95,4916.23,335348,0
WIG_MOTO,D,20180126,000000,4931.94,4952.52,4928.46,4942.65,35801,0
WIG_MOTO,D,20180129,000000,4941.65,4957.58,4914.09,4951.54,107633,0
WIG_MOTO,D,20180130,000000,4930.48,4930.9,4859.16,4871.85,130479,0
WIG_MOTO,D,20180131,000000,4883.06,4919.63,4871.25,4874.8,64018,0
WIG_MOTO,D,20180201,000000,4875.98,4906.73,4831.3,4842.84,28714,0
WIG_MOTO,D,20180202,000000,4896.28,4896.28,4801.72,4882.66,176979,0
WIG_MOTO,D,20180205,000000,4883.27,4888.67,4770.62,4794.57,36042,0
WIG_MOTO,D,20180206,000000,4668.29,4858.69,4631.68,4682.71,142780,0
WIG_MOTO,D,20180207,000000,4653.89,4831.89,4653.89,4759.97,38897,0
WIG_MOTO,D,20180208,000000,4794.36,4802.48,4748.82,4781.67,210852,0
WIG_MOTO,D,20180209,000000,4742.33,4762.23,4681.64,4760.94,55858,0
WIG_MOTO,D,20180212,000000,4699.39,4824.25,4699.22,4802.04,68772,0
WIG_MOTO,D,20180213,000000,4869.98,4886.66,4791.82,4882.65,78946,0
WIG_MOTO,D,20180214,000000,4901.74,4989.03,4883.27,4966.92,625583,0
WIG_MOTO,D,20180215,000000,4991.68,5014.09,4975.76,4975.76,200384,0
WIG_MOTO,D,20180216,000000,5011.46,5011.46,4909.42,4968.24,40057,0
WIG_MOTO,D,20180219,000000,4976.52,4977.83,4925.83,4925.83,89835,0
WIG_MOTO,D,20180220,000000,4856.19,4885.36,4834.52,4883.24,119535,0
WIG_MOTO,D,20180221,000000,4905.86,4929.14,4819.35,4819.35,479184,0
WIG_MOTO,D,20180222,000000,4858.72,4903.05,4789.26,4893.53,56638,0
WIG_MOTO,D,20180223,000000,4907.21,4907.21,4804.32,4865.45,49222,0
WIG_MOTO,D,20180226,000000,4776.42,4836.4,4758.78,4830.91,88647,0
WIG_MOTO,D,20180227,000000,4839.68,4855.77,4695.99,4824.87,42053,0
WIG_MOTO,D,20180228,000000,4754.08,4769.19,4631.01,4631.01,52383,0
WIG_MOTO,D,20180301,000000,4632.78,4709.6,4590.35,4684.27,40906,0
WIG_MOTO,D,20180302,000000,4694.42,4731.56,4623.72,4639.83,726121,0
WIG_MOTO,D,20180305,000000,4644.67,4721.59,4614.77,4623.9,182806,0
WIG_MOTO,D,20180306,000000,4595.78,4644.57,4595.78,4625.09,38827,0
WIG_MOTO,D,20180307,000000,4617.58,4646.45,4612.62,4646.45,65649,0
WIG_MOTO,D,20180308,000000,4652.47,4652.47,4592.79,4635.29,58157,0
WIG_MOTO,D,20180309,000000,4645.4,4657.29,4602.03,4657.29,17802,0
WIG_MOTO,D,20180312,000000,4554.95,4625.66,4550.19,4625.66,72281,0
WIG_MOTO,D,20180313,000000,4664.69,4670.98,4629.09,4651.55,40160,0
WIG_MOTO,D,20180314,000000,4652.52,4675.22,4644.25,4658.71,55738,0
WIG_MOTO,D,20180315,000000,4666.22,4698.08,4657.3,4672.94,52517,0
WIG_MOTO,D,20180316,000000,4685.33,4713.25,4647.38,4705.04,27933,0
WIG_MOTO,D,20180319,000000,4675.52,4710.1,4601.52,4601.52,93814,0
WIG_MOTO,D,20180320,000000,4577.25,4577.25,4537.57,4560.6,59575,0
WIG_MOTO,D,20180321,000000,4549.85,4568.13,4526.96,4558.46,61691,0
WIG_MOTO,D,20180322,000000,4559.05,4621.15,4522.23,4544.39,30811,0
WIG_MOTO,D,20180323,000000,4535.21,4538.24,4492.14,4538.24,127570,0
WIG_MOTO,D,20180326,000000,4505.51,4537.17,4504.73,4535.33,45843,0
WIG_MOTO,D,20180327,000000,4529.1,4550.3,4516.77,4522.1,69430,0
WIG_MOTO,D,20180328,000000,4529.41,4549.71,4464.54,4470.96,211407,0
WIG_MOTO,D,20180329,000000,4465.29,4522.41,4461.96,4500.85,138089,0
WIG_MOTO,D,20180403,000000,4540.11,4571.68,4509.38,4571.68,97748,0
WIG_MOTO,D,20180404,000000,4566.06,4575.59,4533.83,4560.2,84536,0
WIG_MOTO,D,20180405,000000,4577.37,4595,4548.89,4574.81,197242,0
WIG_MOTO,D,20180406,000000,4533.21,4592.53,4533.21,4573.87,300122,0
WIG_MOTO,D,20180409,000000,4569.29,4610.26,4483.7,4483.7,166289,0
WIG_MOTO,D,20180410,000000,4494.93,4507.22,4465.47,4490.12,157059,0
WIG_MOTO,D,20180411,000000,4495.68,4521.25,4450.98,4472.46,38535,0
WIG_MOTO,D,20180412,000000,4458.21,4483.24,4444.63,4483.24,99682,0
WIG_MOTO,D,20180413,000000,4466.85,4495.26,4466.85,4495.26,324492,0
WIG_MOTO,D,20180416,000000,4507.23,4507.23,4461.09,4472.14,372064,0
WIG_MOTO,D,20180417,000000,4463.45,4471.7,4421.01,4421.01,75828,0
WIG_MOTO,D,20180418,000000,4422.95,4446.63,4406.55,4432.52,228028,0
WIG_MOTO,D,20180419,000000,4432.44,4452.42,4402.27,4410.56,34767,0
WIG_MOTO,D,20180420,000000,4478.48,4488.71,4371.15,4386.19,84616,0
WIG_MOTO,D,20180423,000000,4443.27,4448.61,4371.1,4381.38,122026,0
WIG_MOTO,D,20180424,000000,4386.7,4408.99,4368.88,4381.91,174388,0
WIG_MOTO,D,20180425,000000,4405.26,4409.37,4319.58,4338.16,178237,0
WIG_MOTO,D,20180426,000000,4336.62,4348.13,4270.61,4270.61,116570,0
WIG_MOTO,D,20180427,000000,4194.11,4283.99,4190.91,4281.42,224878,0
WIG_MOTO,D,20180430,000000,4350.56,4359.53,4252.8,4280.52,262968,0
WIG_MOTO,D,20180502,000000,4280.44,4393.17,4280.44,4393.17,37956,0
WIG_MOTO,D,20180504,000000,4401.26,4401.26,4331.96,4331.96,143005,0
WIG_MOTO,D,20180507,000000,4335.25,4364.64,4331.89,4348.41,210362,0
WIG_MOTO,D,20180508,000000,4328.83,4351.63,4259.32,4276.1,153255,0
WIG_MOTO,D,20180509,000000,4256.62,4362.54,4253.26,4341.53,165581,0
WIG_MOTO,D,20180510,000000,4358.25,4362.17,4318.3,4330.05,125669,0
WIG_MOTO,D,20180511,000000,4327,4342.32,4314.42,4342.24,188002,0
WIG_MOTO,D,20180514,000000,4333.25,4333.25,4228.37,4228.37,284499,0
WIG_MOTO,D,20180515,000000,4235.5,4260.4,4223.12,4242.74,220806,0
WIG_MOTO,D,20180516,000000,4289.68,4292.99,4202.66,4202.66,303614,0
WIG_MOTO,D,20180517,000000,4231.58,4232.13,4191.29,4201.78,282217,0
WIG_MOTO,D,20180518,000000,4215.24,4215.24,4158.13,4160.85,93032,0
WIG_MOTO,D,20180521,000000,4142.28,4158.33,4108.9,4122.19,34817,0
WIG_MOTO,D,20180522,000000,4060.24,4146.77,4060.24,4146.77,0,0
WIG_MOTO,D,20180523,000000,4151.14,4152.46,4085.42,4085.67,548551,0
WIG_MOTO,D,20180524,000000,4091.82,4126.69,3989.51,4028.55,336044,0
WIG_MOTO,D,20180525,000000,4019.86,4122.13,3969.2,4122.13,280027,0
WIG_MOTO,D,20180528,000000,4123.67,4189.63,4105.95,4189.63,180850,0
WIG_MOTO,D,20180529,000000,4182.28,4274.31,4182.28,4262.29,182231,0
WIG_MOTO,D,20180530,000000,4218.17,4306.17,4205.32,4280.83,332152,0
WIG_MOTO,D,20180601,000000,4350.37,4357.63,4304.14,4325.64,182030,0
WIG_MOTO,D,20180604,000000,4358.29,4442.06,4355.88,4380.13,474487,0
WIG_MOTO,D,20180605,000000,4445.3,4446.55,4391.56,4446.55,85052,0
WIG_MOTO,D,20180606,000000,4418.6,4479.72,4418.6,4479.72,271147,0
WIG_MOTO,D,20180607,000000,4490.57,4562.22,4490.57,4534.36,70485,0
WIG_MOTO,D,20180608,000000,4564.2,4625.09,4560.44,4582.08,201422,0
WIG_MOTO,D,20180611,000000,4621.81,4669.37,4599.51,4660.97,42900,0
WIG_MOTO,D,20180612,000000,4662.79,4685.07,4654.39,4685.07,135885,0
WIG_MOTO,D,20180613,000000,4690.06,4697.51,4613.68,4633.73,79901,0
WIG_MOTO,D,20180614,000000,4645.49,4645.49,4591.3,4591.3,416781,0
WIG_MOTO,D,20180615,000000,4616.89,4632.38,4549.46,4575.63,206049,0
WIG_MOTO,D,20180618,000000,4566.5,4580.71,4549.59,4561.85,128586,0
WIG_MOTO,D,20180619,000000,4542.17,4561.85,4479.09,4501.31,122856,0
WIG_MOTO,D,20180620,000000,4490.2,4573.5,4469.6,4514.8,92728,0
WIG_MOTO,D,20180621,000000,4490.62,4539.49,4469.72,4539.49,170073,0
WIG_MOTO,D,20180622,000000,4565.96,4610.51,4545.81,4545.81,104086,0
WIG_MOTO,D,20180625,000000,4574.41,4615.39,4560.11,4614.17,111882,0
WIG_MOTO,D,20180626,000000,4613.54,4613.54,4499.53,4507.67,267053,0
WIG_MOTO,D,20180627,000000,4482.33,4482.49,4425.93,4425.93,170405,0
WIG_MOTO,D,20180628,000000,4454.4,4486.19,4344,4344,137178,0
WIG_MOTO,D,20180629,000000,4336.11,4411.58,4319.56,4332.54,166032,0
WIG_MOTO,D,20180702,000000,4346.15,4348.73,4261.28,4308.14,45851,0
WIG_MOTO,D,20180703,000000,4265.09,4271.29,4211.59,4227.45,59671,0
WIG_MOTO,D,20180704,000000,4323.86,4326.44,4236.85,4307.89,37964,0
WIG_MOTO,D,20180705,000000,4358.09,4358.09,4279.41,4295.71,63762,0
WIG_MOTO,D,20180706,000000,4336.94,4341.56,4306.49,4325.69,68178,0
WIG_MOTO,D,20180709,000000,4363.29,4372.33,4318.85,4354.36,27000,0
WIG_MOTO,D,20180710,000000,4610.98,4610.98,4390.36,4425.12,27379,0
WIG_MOTO,D,20180711,000000,4411.18,4435.29,4360.31,4426.46,103698,0
WIG_MOTO,D,20180712,000000,4452.11,4483.65,4423.85,4446.44,31908,0
WIG_MOTO,D,20180713,000000,4439.74,4439.74,4351.45,4408.29,96486,0
WIG_MOTO,D,20180716,000000,4494.02,4494.02,4381.52,4415.49,72782,0
WIG_MOTO,D,20180717,000000,4427.14,4427.63,4368.01,4418.52,139645,0
WIG_MOTO,D,20180718,000000,4421.06,4437.88,4402.83,4437.88,22569,0
WIG_MOTO,D,20180719,000000,4438.41,4438.41,4393.94,4427.39,27493,0
WIG_MOTO,D,20180720,000000,4406.23,4419.95,4387.16,4391.69,140248,0
WIG_MOTO,D,20180723,000000,4394.55,4417.5,4378.38,4413.2,317653,0
WIG_MOTO,D,20180724,000000,4421.63,4547.86,4421.63,4547.86,392434,0
WIG_MOTO,D,20180725,000000,4543.79,4543.79,4505.61,4525.83,96791,0
WIG_MOTO,D,20180726,000000,4534.37,4542.25,4499.8,4534.62,165725,0
WIG_MOTO,D,20180727,000000,4540.26,4566.83,4507.89,4556.41,250922,0
WIG_MOTO,D,20180730,000000,4559.86,4572.32,4533.99,4572.32,41717,0
WIG_MOTO,D,20180731,000000,4592.74,4596.02,4570.39,4596.02,435560,0
WIG_MOTO,D,20180801,000000,4578.63,4619.29,4578.63,4611.67,372738,0
WIG_MOTO,D,20180802,000000,4605.99,4617.62,4587.08,4605.72,235295,0
WIG_MOTO,D,20180803,000000,4628.11,4633.35,4606.83,4625.73,124795,0
WIG_MOTO,D,20180806,000000,4657.25,4666.64,4523.09,4548.17,3412341,0
WIG_MOTO,D,20180807,000000,4571.11,4588.87,4494.61,4531.52,5495069,0
WIG_MOTO,D,20180808,000000,4514.39,4547.14,4513.9,4542.52,4065269,0
WIG_MOTO,D,20180809,000000,4541.79,4558.85,4532.39,4545.65,3758474,0
WIG_MOTO,D,20180810,000000,4547,4548.24,4419.65,4423.95,1870673,0
WIG_MOTO,D,20180813,000000,4419.49,4443.61,4383.76,4393.64,1483937,0
WIG_MOTO,D,20180814,000000,4414.46,4414.46,4383.91,4385.99,447281,0
WIG_MOTO,D,20180816,000000,4368.97,4390.17,4367.81,4381.38,765536,0
WIG_MOTO,D,20180817,000000,4417.21,4435.46,4374.49,4376.55,497130,0
WIG_MOTO,D,20180820,000000,4377.4,4397.13,4349.78,4378.4,707595,0
WIG_MOTO,D,20180821,000000,4369.07,4422.19,4369.07,4377.96,992805,0
WIG_MOTO,D,20180822,000000,4398.67,4490.96,4394.87,4474.95,1093683,0
WIG_MOTO,D,20180823,000000,4472.34,4497.63,4453.88,4475.01,0,0
WIG_MOTO,D,20180824,000000,4501.09,4504.21,4479.92,4490.75,169097,0
WIG_MOTO,D,20180827,000000,4504.18,4520.58,4503.44,4520.58,1202179,0
WIG_MOTO,D,20180828,000000,4489.68,4494.99,4428.95,4442.78,906606,0
WIG_MOTO,D,20180829,000000,4440.23,4473.07,4388.17,4470.18,603860,0
WIG_MOTO,D,20180830,000000,4479.4,4485.84,4381.25,4480.25,356938,0
WIG_MOTO,D,20180831,000000,4481.06,4545.56,4412.51,4539,766627,0
WIG_MOTO,D,20180903,000000,4546.17,4548.23,4390.33,4390.33,2021691,0
WIG_MOTO,D,20180904,000000,4421.43,4429.68,4127.56,4389.41,927041,0
WIG_MOTO,D,20180905,000000,4243.78,4328.77,4219.86,4221.58,417298,0
WIG_MOTO,D,20180906,000000,4246.34,4246.34,4051.1,4062.53,648651,0
WIG_MOTO,D,20180907,000000,4072.96,4081.95,4017.88,4029.67,626712,0
WIG_MOTO,D,20180910,000000,4047.35,4055.87,4025.39,4025.64,576748,0
WIG_MOTO,D,20180911,000000,4149.07,4149.32,4014.31,4014.31,427129,0
WIG_MOTO,D,20180912,000000,4020.87,4163.75,4020.87,4025.87,855983,0
WIG_MOTO,D,20180913,000000,4033.04,4361.41,4025.12,4352.3,739527,0
WIG_MOTO,D,20180914,000000,4359.76,4367.93,4228.19,4228.19,1041227,0
WIG_MOTO,D,20180917,000000,4313.82,4320.93,4209.83,4218.18,304312,0
WIG_MOTO,D,20180918,000000,4209.44,4259.58,4207.24,4232.31,445394,0
WIG_MOTO,D,20180919,000000,4226.97,4235.94,4190.84,4190.84,555887,0
WIG_MOTO,D,20180920,000000,4213.57,4260.32,4186.66,4186.66,1425164,0
WIG_MOTO,D,20180921,000000,4221.39,4314.18,4178.72,4178.99,588757,0
WIG_MOTO,D,20180924,000000,4176.28,4283.51,4176.28,4205.79,1015672,0
WIG_MOTO,D,20180925,000000,4289.79,4334.23,4213.3,4238.03,862807,0
WIG_MOTO,D,20180926,000000,4275.17,4331.27,4222.22,4222.22,1148783,0
WIG_MOTO,D,20180927,000000,4286.58,4287.52,4193.02,4193.02,976630,0
WIG_MOTO,D,20180928,000000,4218.6,4221.61,4092.45,4100.79,1369600,0
WIG_MOTO,D,20181001,000000,4099.7,4228.66,4096.1,4182.35,516785,0
WIG_MOTO,D,20181002,000000,4181.34,4210.59,4119.48,4119.48,212129,0
WIG_MOTO,D,20181003,000000,4204.22,4204.22,4118.99,4118.99,569878,0
WIG_MOTO,D,20181004,000000,4172.25,4175.71,4106.09,4106.09,217365,0
WIG_MOTO,D,20181005,000000,4157.44,4159.66,4100.1,4106.72,323570,0
WIG_MOTO,D,20181008,000000,4123.54,4123.54,4070.13,4122.41,627330,0
WIG_MOTO,D,20181009,000000,4118.77,4162.87,4104.99,4104.99,548886,0
WIG_MOTO,D,20181010,000000,4140.07,4240.2,4135.02,4240.2,328018,0
WIG_MOTO,D,20181011,000000,4199.8,4213.47,4124.88,4142.66,209802,0
WIG_MOTO,D,20181012,000000,4164.61,4167.47,4122.72,4138.15,221342,0
WIG_MOTO,D,20181015,000000,4167.34,4224.14,4128.12,4150.82,231349,0
WIG_MOTO,D,20181016,000000,4155.34,4323.39,4136,4212.85,229096,0
WIG_MOTO,D,20181017,000000,4225.85,4334.56,4161.65,4161.65,2908279,0
WIG_MOTO,D,20181018,000000,4259.79,4289.56,4145.4,4161.71,733425,0
WIG_MOTO,D,20181019,000000,4209.45,4223.57,4150.92,4166.98,539013,0
WIG_MOTO,D,20181022,000000,4231.17,4231.17,4132.32,4132.32,68406,0
WIG_MOTO,D,20181023,000000,4130.98,4160.14,4047.86,4047.86,336451,0
WIG_MOTO,D,20181024,000000,4052.44,4098.47,4042.72,4042.72,783080,0
WIG_MOTO,D,20181025,000000,4037.64,4037.64,3954.86,3985.38,304095,0
WIG_MOTO,D,20181026,000000,3943.19,3969.73,3898.67,3898.67,145220,0
WIG_MOTO,D,20181029,000000,3895.36,3999.18,3894.87,3937.77,155965,0
WIG_MOTO,D,20181030,000000,3936,3986.01,3924.12,3926.53,214279,0
WIG_MOTO,D,20181031,000000,3985.35,4008.96,3876.05,3876.05,251508,0
WIG_MOTO,D,20181102,000000,3907.59,3976.88,3907.42,3962.49,221786,0
WIG_MOTO,D,20181105,000000,3981.73,3985.1,3900.3,3900.3,201753,0
WIG_MOTO,D,20181106,000000,3970.3,3970.3,3874.64,3887.83,240669,0
WIG_MOTO,D,20181107,000000,3931.56,3933.11,3868.94,3888.82,398374,0
WIG_MOTO,D,20181108,000000,3919.25,3961.48,3917.64,3921.92,213695,0
WIG_MOTO,D,20181109,000000,3920.77,3924.12,3874.63,3907.69,209535,0
WIG_MOTO,D,20181113,000000,3890.76,3958.36,3890.33,3897.74,198273,0
WIG_MOTO,D,20181114,000000,3906.88,3906.88,3575.65,3575.65,279484,0
WIG_MOTO,D,20181115,000000,3564.6,3611.19,3508.42,3540.28,194926,0
WIG_MOTO,D,20181116,000000,3577.91,3714.79,3462.7,3463.73,229677,0
WIG_MOTO,D,20181119,000000,3512.47,3512.47,3429.62,3450.65,64090,0
WIG_MOTO,D,20181120,000000,3467.44,3477.1,3355.66,3366.15,317273,0
WIG_MOTO,D,20181121,000000,3371.08,3427.77,3360.74,3391.97,73670,0
WIG_MOTO,D,20181122,000000,3436.72,3567.15,3419.74,3567.15,133912,0
WIG_MOTO,D,20181123,000000,3578.82,3616.97,3441.46,3505.27,581398,0
WIG_MOTO,D,20181126,000000,3543.15,3553.51,3509.26,3548.43,518512,0
WIG_MOTO,D,20181127,000000,3527.01,3559.8,3525.57,3551.97,442572,0
WIG_MOTO,D,20181128,000000,3560,3602.38,3547.94,3599.3,335467,0
WIG_MOTO,D,20181129,000000,3617.5,3627.89,3589.49,3608.77,1147960,0
WIG_MOTO,D,20181130,000000,3651.93,3666.1,3624.52,3640.86,2389667,0
WIG_MOTO,D,20181203,000000,3661.24,3671.97,3613.65,3643.58,461193,0
WIG_MOTO,D,20181204,000000,3640.2,3640.2,3596.21,3637.21,359183,0
WIG_MOTO,D,20181205,000000,3633.47,3638.44,3623.07,3638.44,775909,0
WIG_MOTO,D,20181206,000000,3636.76,3637.01,3578.38,3630.11,628366,0
WIG_MOTO,D,20181207,000000,3633.6,3647.31,3625.13,3634.65,0,0
WIG_MOTO,D,20181210,000000,3637.33,3651.61,3622.55,3651.45,672710,0
WIG_MOTO,D,20181211,000000,3662.93,3667.11,3628.47,3650.04,749473,0
WIG_MOTO,D,20181212,000000,3656.63,3675.21,3642.28,3675.05,627038,0
WIG_MOTO,D,20181213,000000,3693.18,3701.2,3673.33,3694.92,413042,0
WIG_MOTO,D,20181214,000000,3696.52,3824.44,3676.65,3778.48,893543,0
WIG_MOTO,D,20181217,000000,3788.83,3795.11,3698.2,3712.62,1540451,0
WIG_MOTO,D,20181218,000000,3723.96,3726.46,3648.54,3669.94,513532,0
WIG_MOTO,D,20181219,000000,3673.98,3687.99,3619.1,3635.98,716755,0
WIG_MOTO,D,20181220,000000,3634.52,3646.65,3554.73,3595.01,468859,0
WIG_MOTO,D,20181221,000000,3601.18,3608.23,3510.28,3566.82,511640,0
WIG_MOTO,D,20181227,000000,3560.04,3598.84,3560.04,3564.97,356739,0
WIG_MOTO,D,20181228,000000,3569.3,3583.48,3540.98,3540.98,351073,0
WIG_MOTO,D,20190102,000000,3560.96,3631.57,3523.32,3568.32,92412,0
WIG_MOTO,D,20190103,000000,3630.44,3638.62,3523.01,3523.01,114066,0
WIG_MOTO,D,20190104,000000,3570.94,3572.82,3527.8,3539.8,368299,0
WIG_MOTO,D,20190107,000000,3518.32,3599.57,3518.32,3588.05,249289,0
WIG_MOTO,D,20190108,000000,3604.09,3647.33,3603.34,3623.54,201563,0
WIG_MOTO,D,20190109,000000,3630.18,3640.48,3613.86,3631.34,238709,0
WIG_MOTO,D,20190110,000000,3627.03,3645.64,3605.99,3618.21,211575,0
WIG_MOTO,D,20190111,000000,3629.04,3694.71,3607.8,3607.8,353257,0
WIG_MOTO,D,20190114,000000,3668.3,3668.3,3569.76,3573.81,275280,0
WIG_MOTO,D,20190115,000000,3595.39,3603.97,3505.47,3533.97,189254,0
WIG_MOTO,D,20190116,000000,3515.36,3597.01,3514.78,3573.39,377083,0
WIG_MOTO,D,20190117,000000,3577,3641.35,3577,3638.91,225146,0
WIG_MOTO,D,20190118,000000,3644.14,3680.79,3501.94,3639.36,90439,0
WIG_MOTO,D,20190121,000000,3628.05,3652.03,3579.36,3597.77,105102,0
WIG_MOTO,D,20190122,000000,3628.26,3639.35,3587.8,3628.85,3544185,0
WIG_MOTO,D,20190123,000000,3635.15,3697.25,3606.08,3687.21,1657179,0
WIG_MOTO,D,20190124,000000,3706.32,3713.46,3677.08,3688.62,642899,0
WIG_MOTO,D,20190125,000000,3718.62,3736.19,3640.13,3658.56,828914,0
WIG_MOTO,D,20190128,000000,3736.15,3739.56,3614.26,3616.55,237061,0
WIG_MOTO,D,20190129,000000,3641.27,3687.72,3612.18,3685.63,461196,0
WIG_MOTO,D,20190130,000000,3681.38,3688.35,3600.22,3624.46,249376,0
WIG_MOTO,D,20190131,000000,3614.59,3674.76,3606.29,3674.35,194846,0
WIG_MOTO,D,20190201,000000,3658.73,3712.76,3658.73,3690.22,462872,0
WIG_MOTO,D,20190204,000000,3728.68,3750.73,3704.23,3741.45,832250,0
WIG_MOTO,D,20190205,000000,3742.3,3750.52,3720.07,3745.7,2370127,0
WIG_MOTO,D,20190206,000000,3777.32,3777.32,3713.96,3715.02,956602,0
WIG_MOTO,D,20190207,000000,3719.4,3734.57,3623.73,3680.59,548962,0
WIG_MOTO,D,20190208,000000,3689.9,3718.4,3658.66,3714.26,2467663,0
WIG_MOTO,D,20190211,000000,3724.33,3724.33,3671.06,3716.16,1726580,0
WIG_MOTO,D,20190212,000000,3723.56,3768.24,3705.13,3715.32,915322,0
WIG_MOTO,D,20190213,000000,3732.36,3733.36,3694.4,3709.73,612787,0
WIG_MOTO,D,20190214,000000,3706.96,3729.75,3672.46,3686.38,434195,0
WIG_MOTO,D,20190215,000000,3697.52,3706.42,3667.7,3668.19,260451,0
WIG_MOTO,D,20190218,000000,3682.25,3702.76,3666.77,3685.55,378318,0
WIG_MOTO,D,20190219,000000,3686.26,3697.47,3647.96,3681.58,665204,0
WIG_MOTO,D,20190220,000000,3720.16,3767.16,3719.02,3767.16,302507,0
WIG_MOTO,D,20190221,000000,3763.03,3804.8,3739.72,3739.72,1314519,0
WIG_MOTO,D,20190222,000000,3744.85,3808.58,3744.85,3790.71,1122187,0
WIG_MOTO,D,20190225,000000,3784.13,3819.61,3759.06,3805.65,790648,0
WIG_MOTO,D,20190226,000000,3817.68,3821.85,3763.9,3769.9,0,0
WIG_MOTO,D,20190227,000000,3784.38,3786.17,3759.02,3759.02,950618,0
WIG_MOTO,D,20190228,000000,3770.5,3788.78,3744.7,3779.38,412374,0
WIG_MOTO,D,20190301,000000,3814.43,3814.43,3752.4,3798.22,158126,0
WIG_MOTO,D,20190304,000000,3814.75,3817.88,3753.92,3772.17,365814,0
WIG_MOTO,D,20190305,000000,3780.84,3791.34,3737.97,3760.42,372145,0
WIG_MOTO,D,20190306,000000,3763.36,3805.66,3749.19,3805.66,883595,0
WIG_MOTO,D,20190307,000000,3794.35,3809.07,3785.65,3785.74,2283939,0
WIG_MOTO,D,20190308,000000,3791.03,3819.8,3781.18,3795.41,1226435,0
WIG_MOTO,D,20190311,000000,3829.54,3846.77,3818.95,3838,697481,0
WIG_MOTO,D,20190312,000000,3846.88,3866.37,3831.54,3843.05,1907283,0
WIG_MOTO,D,20190313,000000,3858.64,3882.88,3835.37,3863.92,620178,0
WIG_MOTO,D,20190314,000000,3861.73,3868.35,3834.99,3852.49,578162,0
WIG_MOTO,D,20190315,000000,3853.37,3868.36,3795.98,3795.98,0,0
WIG_MOTO,D,20190318,000000,3816.5,3864,3789.86,3862.28,527460,0
WIG_MOTO,D,20190319,000000,3861.37,3861.37,3780.99,3794.1,667569,0
WIG_MOTO,D,20190320,000000,3818.26,3852.08,3813.19,3852.08,470431,0
WIG_MOTO,D,20190321,000000,3841.49,3919.18,3832.28,3919.1,475601,0
WIG_MOTO,D,20190322,000000,3914.96,3958.72,3875.04,3893.61,1459723,0
WIG_MOTO,D,20190325,000000,3863.52,3877.73,3830.72,3842.47,539758,0
WIG_MOTO,D,20190326,000000,3809.69,3846.36,3752.67,3774.38,400760,0
WIG_MOTO,D,20190327,000000,3777.09,3777.09,3711.59,3721.07,1027106,0
WIG_MOTO,D,20190328,000000,3726.56,3737.11,3696.6,3707.28,579476,0
WIG_MOTO,D,20190329,000000,3707.6,3733.54,3706.85,3720.99,297914,0
WIG_MOTO,D,20190401,000000,3790.92,3790.92,3723.09,3760.82,255664,0
WIG_MOTO,D,20190402,000000,3766.38,3796.74,3766.13,3788.57,321448,0
WIG_MOTO,D,20190403,000000,3810.67,3859.98,3810.42,3841.63,820111,0
WIG_MOTO,D,20190404,000000,3861.57,3909.41,3851.32,3892.85,2069852,0
WIG_MOTO,D,20190405,000000,3896.14,3896.14,3856.65,3865.85,237832,0
WIG_MOTO,D,20190408,000000,3870.9,3870.9,3814.94,3847.91,280593,0
WIG_MOTO,D,20190409,000000,3867.91,3887.77,3793.08,3817.4,166955,0
WIG_MOTO,D,20190410,000000,3836.33,3838.99,3797.23,3816.35,161285,0
WIG_MOTO,D,20190411,000000,3838.75,3841.46,3808.58,3808.58,396999,0
WIG_MOTO,D,20190412,000000,3820.54,3830.38,3809.58,3815.77,135412,0
WIG_MOTO,D,20190415,000000,3811.47,3850.63,3790.43,3815.21,227808,0
WIG_MOTO,D,20190416,000000,3808.08,3826.7,3802.24,3810.88,177112,0
WIG_MOTO,D,20190417,000000,3813.52,3825.19,3806.01,3808.32,300437,0
WIG_MOTO,D,20190418,000000,3827.26,3830.24,3753.33,3818.23,131579,0
WIG_MOTO,D,20190423,000000,3816.97,3828.93,3787.49,3820.23,198005,0
WIG_MOTO,D,20190424,000000,3819.14,3819.14,3780.92,3797.43,157108,0
WIG_MOTO,D,20190425,000000,3787.33,3813.65,3780.39,3813.65,164991,0
WIG_MOTO,D,20190426,000000,3823.09,3823.34,3797.87,3803.01,115510,0
WIG_MOTO,D,20190429,000000,3804.71,3835.76,3791.46,3826.46,263664,0
WIG_MOTO,D,20190430,000000,3830.31,3851.75,3818.31,3843.43,304742,0
WIG_MOTO,D,20190502,000000,3850.58,3850.84,3786.59,3786.59,176148,0
WIG_MOTO,D,20190506,000000,3786.06,3796.87,3721.65,3768.16,565802,0
WIG_MOTO,D,20190507,000000,3766.52,3768.04,3685.91,3726.87,1311483,0
WIG_MOTO,D,20190508,000000,3700.3,3704.04,3634.96,3681.44,825027,0
WIG_MOTO,D,20190509,000000,3615.16,3638.02,3588.57,3599.83,230013,0
WIG_MOTO,D,20190510,000000,3628.62,3641.15,3584.06,3602.16,118567,0
WIG_MOTO,D,20190513,000000,3622.63,3623.79,3571.26,3572.29,121555,0
WIG_MOTO,D,20190514,000000,3523.09,3577.24,3518.44,3557.94,147474,0
WIG_MOTO,D,20190515,000000,3579.53,3594.74,3570.15,3593.34,197673,0
WIG_MOTO,D,20190516,000000,3601.23,3614.45,3573.93,3603.21,207318,0
WIG_MOTO,D,20190517,000000,3611.48,3658.42,3611.48,3625.93,168315,0
WIG_MOTO,D,20190520,000000,3616.1,3631.37,3569,3593.58,228722,0
WIG_MOTO,D,20190521,000000,3608.08,3624.08,3564.29,3593.32,130427,0
WIG_MOTO,D,20190522,000000,3619.16,3623.58,3573.46,3614.76,1302859,0
WIG_MOTO,D,20190523,000000,3614.07,3632.36,3606.1,3619.13,1626213,0
WIG_MOTO,D,20190524,000000,3635.72,3671.51,3624.01,3638.51,396106,0
WIG_MOTO,D,20190527,000000,3630.28,3642.28,3609.35,3638.8,393985,0
WIG_MOTO,D,20190528,000000,3638.08,3649.45,3611.11,3646.2,242823,0
WIG_MOTO,D,20190529,000000,3638.25,3642.46,3606.94,3617.87,259215,0
WIG_MOTO,D,20190530,000000,3623.09,3655.31,3594.99,3644.11,81532,0
WIG_MOTO,D,20190531,000000,3630.45,3653.6,3621.24,3646.39,239995,0
WIG_MOTO,D,20190603,000000,3659.18,3711.49,3651.21,3659.14,83333,0
WIG_MOTO,D,20190604,000000,3678.47,3678.47,3624.81,3630.18,207863,0
WIG_MOTO,D,20190605,000000,3628.54,3640.87,3599.51,3638.17,207178,0
WIG_MOTO,D,20190606,000000,3604.67,3647.6,3604.55,3639.94,175264,0
WIG_MOTO,D,20190607,000000,3635.79,3651.61,3621.15,3646.42,164734,0
WIG_MOTO,D,20190610,000000,3655.47,3655.47,3621.09,3621.09,71401,0
WIG_MOTO,D,20190611,000000,3620.35,3666.16,3620.35,3655.18,217604,0
WIG_MOTO,D,20190612,000000,3633.2,3638.66,3547.51,3586.45,67096,0
WIG_MOTO,D,20190613,000000,3557.22,3564.65,3521.7,3544.02,101258,0
WIG_MOTO,D,20190614,000000,3547.18,3601.18,3545.3,3595.6,959797,0
WIG_MOTO,D,20190617,000000,3608.37,3615.79,3584.78,3584.78,229474,0
WIG_MOTO,D,20190618,000000,3602.67,3610.75,3576.82,3597.77,295342,0
WIG_MOTO,D,20190619,000000,3605.51,3609.93,3583.41,3589.1,221407,0
WIG_MOTO,D,20190621,000000,3597.96,3651.5,3577.5,3651.5,174161,0
WIG_MOTO,D,20190624,000000,3665.36,3677.76,3643.81,3676.76,304864,0
WIG_MOTO,D,20190625,000000,3650.76,3660.46,3631.32,3660.46,715588,0
WIG_MOTO,D,20190626,000000,3686.37,3688.09,3643.56,3682.57,354412,0
WIG_MOTO,D,20190627,000000,3694.7,3729.34,3652.88,3729.34,215950,0
WIG_MOTO,D,20190628,000000,3728.34,3728.34,3665.30,3695.27,142957,0
WIG_MOTO,D,20190701,000000,3709.04,3721.53,3705.11,3719.04,227076,0
WIG_MOTO,D,20190702,000000,3719.49,3745.99,3681.14,3723.39,176490,0
WIG_MOTO,D,20190703,000000,3717.58,3717.58,3673.57,3677.19,195092,0
WIG_MOTO,D,20190704,000000,3674.86,3676.02,3653.26,3654.9,389556,0
WIG_MOTO,D,20190705,000000,3657.58,3663.06,3600.45,3616.89,169543,0
WIG_MOTO,D,20190708,000000,3640.47,3640.47,3613.68,3626.74,63542,0
WIG_MOTO,D,20190709,000000,3634.87,3647.54,3612.88,3647.54,625237,0
WIG_MOTO,D,20190710,000000,3641.23,3668.11,3628.7,3645.9,172515,0
WIG_MOTO,D,20190711,000000,3642.4,3661.68,3640.27,3654.61,188603,0
WIG_MOTO,D,20190712,000000,3658.78,3678.95,3571.93,3661.08,114171,0
WIG_MOTO,D,20190715,000000,3660.5,3667.81,3613.41,3621.41,274688,0
WIG_MOTO,D,20190716,000000,3650.26,3654.2,3618.21,3620.92,273587,0
WIG_MOTO,D,20190717,000000,3625.17,3629.83,3563.23,3583.03,373147,0
WIG_MOTO,D,20190718,000000,3575.86,3589.33,3561.29,3582.47,72540,0
WIG_MOTO,D,20190719,000000,3581.4,3624.09,3579.92,3624.09,106690,0
WIG_MOTO,D,20190722,000000,3634.06,3643.17,3622.39,3627.6,90176,0
WIG_MOTO,D,20190723,000000,3617.54,3628.92,3590.84,3628.92,61419,0
WIG_MOTO,D,20190724,000000,3637.44,3637.61,3614.78,3625.91,182110,0
WIG_MOTO,D,20190725,000000,3639.08,3639.95,3628.08,3631.09,135639,0
WIG_MOTO,D,20190726,000000,3628.39,3628.39,3602.35,3621.63,118799,0
WIG_MOTO,D,20190729,000000,3620.36,3628.81,3600.36,3613.06,38986,0
WIG_MOTO,D,20190730,000000,3598.89,3618.25,3596.54,3608.59,309278,0
WIG_MOTO,D,20190731,000000,3617.94,3617.94,3582.19,3593.53,119694,0
WIG_MOTO,D,20190801,000000,3595.92,3603.09,3579.56,3582.63,147688,0
WIG_MOTO,D,20190802,000000,3585.84,3604.54,3578.64,3585.4,322894,0
WIG_MOTO,D,20190805,000000,3580.22,3601.67,3521.02,3573.86,153189,0
WIG_MOTO,D,20190806,000000,3580.9,3624.59,3558.15,3558.15,391763,0
WIG_MOTO,D,20190807,000000,3576.28,3597.78,3565.78,3586.23,115541,0
WIG_MOTO,D,20190808,000000,3581.59,3613.73,3579.7,3613.73,67204,0
WIG_MOTO,D,20190809,000000,3632.97,3642.45,3522.28,3540.92,182127,0
WIG_MOTO,D,20190812,000000,3528.44,3542.65,3508.36,3508.36,211542,0
WIG_MOTO,D,20190813,000000,3496.56,3570.57,3494.35,3546.34,567725,0
WIG_MOTO,D,20190814,000000,3563.53,3565.56,3503.46,3559.65,223414,0
WIG_MOTO,D,20190816,000000,3565.34,3565.52,3512.5,3534.37,101780,0
WIG_MOTO,D,20190819,000000,3573.65,3573.65,3502.51,3529.49,174441,0
WIG_MOTO,D,20190820,000000,3567.46,3569.34,3484.56,3542.61,136110,0
WIG_MOTO,D,20190821,000000,3486.95,3567.14,3486.95,3561.32,139272,0
WIG_MOTO,D,20190822,000000,3569.14,3569.14,3499.59,3549.82,139491,0
WIG_MOTO,D,20190823,000000,3536.58,3564.42,3534.51,3539.52,115887,0
WIG_MOTO,D,20190826,000000,3488.24,3552.05,3488.24,3539.26,112642,0
WIG_MOTO,D,20190827,000000,3548.72,3559.54,3520.11,3538.43,138438,0
WIG_MOTO,D,20190828,000000,3533.97,3533.97,3490.51,3493.88,115956,0
WIG_MOTO,D,20190829,000000,3494.28,3495.11,3458.25,3482.24,88457,0
WIG_MOTO,D,20190830,000000,3499.05,3502.48,3491.11,3497.54,100179,0
WIG_MOTO,D,20190902,000000,3500.66,3502.51,3464.11,3494.4,107878,0
WIG_MOTO,D,20190903,000000,3499.52,3499.52,3450.58,3466.74,116151,0
WIG_MOTO,D,20190904,000000,3461.22,3491.54,3440.74,3479.67,152229,0
WIG_MOTO,D,20190905,000000,3469.74,3480.04,3432.54,3471.96,204286,0
WIG_MOTO,D,20190906,000000,3473.88,3518.5,3464.36,3503.84,185020,0
WIG_MOTO,D,20190909,000000,3513.94,3623.01,3512.1,3613.97,116512,0
WIG_MOTO,D,20190910,000000,3642.64,3648.23,3579.15,3624.57,111785,0
WIG_MOTO,D,20190911,000000,3587.66,3587.66,3536.01,3555.17,1009585,0
WIG_MOTO,D,20190912,000000,3564.65,3598.72,3546.21,3560.04,2206506,0
WIG_MOTO,D,20190913,000000,3595.8,3595.8,3531.15,3536.8,109440,0
WIG_MOTO,D,20190916,000000,3572.55,3579.2,3535.64,3579.2,0,0
WIG_MOTO,D,20190917,000000,3569.88,3615.65,3569.88,3604.39,503734,0
WIG_MOTO,D,20190918,000000,3609.51,3613.69,3582.93,3612.71,129205,0
WIG_MOTO,D,20190919,000000,3607.93,3610.41,3560.02,3590.95,243549,0
WIG_MOTO,D,20190920,000000,3599.37,3599.46,3529.41,3548.09,207806,0
WIG_MOTO,D,20190923,000000,3553.2,3553.97,3470.66,3506.83,183007,0
WIG_MOTO,D,20190924,000000,3523.38,3529.91,3490.02,3504.1,101434,0
WIG_MOTO,D,20190925,000000,3500.8,3504.31,3452.13,3453.54,223163,0
WIG_MOTO,D,20190926,000000,3467.74,3523.02,3435.36,3522.67,43723,0
WIG_MOTO,D,20190927,000000,3504.74,3525.69,3490.61,3513.24,38564,0
WIG_MOTO,D,20190930,000000,3551.48,3554.44,3457.70,3458.26,116437,0
WIG_MOTO,D,20191001,000000,3531.35,3534.49,3337.08,3401.99,95436,0
WIG_MOTO,D,20191002,000000,3379.92,3385.76,3290.39,3349.81,123893,0
WIG_MOTO,D,20191003,000000,3410.35,3410.35,3305.46,3354.87,23574,0
WIG_MOTO,D,20191004,000000,3398.14,3398.14,3290.34,3326.53,54096,0
WIG_MOTO,D,20191007,000000,3335.32,3378.02,3320.03,3361.89,119003,0
WIG_MOTO,D,20191008,000000,3354.08,3391.86,3336.79,3358.7,186991,0
WIG_MOTO,D,20191009,000000,3380.16,3380.16,3315.2,3334.77,342111,0
WIG_MOTO,D,20191010,000000,3315.87,3349.55,3306.99,3349.55,178153,0
WIG_MOTO,D,20191011,000000,3369.54,3403.82,3321.21,3349.67,299216,0
WIG_MOTO,D,20191014,000000,3381.36,3381.36,3331.28,3336.19,116853,0
WIG_MOTO,D,20191015,000000,3351.09,3360.34,3303.48,3342.29,54386,0
WIG_MOTO,D,20191016,000000,3365.17,3365.33,3294.72,3343.54,61513,0
WIG_MOTO,D,20191017,000000,3370.05,3374.34,3310.69,3329.87,283849,0
WIG_MOTO,D,20191018,000000,3321.5,3334.72,3311.71,3328.68,109153,0
WIG_MOTO,D,20191021,000000,3333.84,3364.1,3313,3333.46,136948,0
WIG_MOTO,D,20191022,000000,3339.71,3351.4,3314,3351.4,143467,0
WIG_MOTO,D,20191023,000000,3350.91,3355.95,3318.06,3347.17,121252,0
WIG_MOTO,D,20191024,000000,3345.47,3353.64,3337.97,3337.97,118796,0
WIG_MOTO,D,20191025,000000,3336.42,3344.2,3292.83,3292.83,96687,0
WIG_MOTO,D,20191028,000000,3298.13,3326.85,3291.33,3326.85,59790,0
WIG_MOTO,D,20191029,000000,3322.52,3330.47,3316.32,3328.4,57323,0
WIG_MOTO,D,20191030,000000,3330.38,3332.74,3320.43,3332.74,41955,0
WIG_MOTO,D,20191031,000000,3334.64,3340.34,3312.80,3338.96,127726,0
WIG_MOTO,D,20191104,000000,3337.21,3356.91,3335.34,3354.91,113202,0
WIG_MOTO,D,20191105,000000,3341.69,3356.2,3340.37,3340.37,435577,0
WIG_MOTO,D,20191106,000000,3326.72,3357.24,3324.96,3346.05,231678,0
WIG_MOTO,D,20191107,000000,3352.03,3365.56,3345.07,3365.56,42829,0
WIG_MOTO,D,20191108,000000,3359.37,3371.57,3327.54,3337.48,234973,0
WIG_MOTO,D,20191112,000000,3356.93,3357.44,3309.65,3317.47,125841,0
WIG_MOTO,D,20191113,000000,3313.23,3359.5,3294.83,3321.35,358699,0
WIG_MOTO,D,20191114,000000,3311.96,3343.61,3311.07,3341.59,142751,0
WIG_MOTO,D,20191115,000000,3338.26,3339.58,3277.83,3294.27,161201,0
WIG_MOTO,D,20191118,000000,3298.38,3334.55,3288.05,3318.74,0,0
WIG_MOTO,D,20191119,000000,3314.26,3314.51,3229.99,3304.01,55733,0
WIG_MOTO,D,20191120,000000,3304.75,3304.75,3211.38,3246.14,349654,0
WIG_MOTO,D,20191121,000000,3249.05,3263.25,3194.06,3263.25,446784,0
WIG_MOTO,D,20191122,000000,3256.89,3288.11,3250.24,3276.4,357561,0
WIG_MOTO,D,20191125,000000,3269.62,3296.8,3244.55,3279.54,62982,0
WIG_MOTO,D,20191126,000000,3264.79,3306.34,3242.39,3300.34,633968,0
WIG_MOTO,D,20191127,000000,3298.6,3310.49,3274.95,3296.09,315446,0
WIG_MOTO,D,20191128,000000,3297.64,3299.94,3270.29,3289.53,176142,0
WIG_MOTO,D,20191129,000000,3305.57,3311.69,3278.58,3311.69,329870,0
WIG_MOTO,D,20191202,000000,3299.43,3328.04,3264.42,3302.04,160098,0
WIG_MOTO,D,20191203,000000,3298.71,3332.77,3279.49,3317.79,383440,0
WIG_MOTO,D,20191204,000000,3317.6,3375.43,3308,3370.54,106425,0
WIG_MOTO,D,20191205,000000,3368.7,3468.24,3350.28,3465.46,105324,0
WIG_MOTO,D,20191206,000000,3461.65,3483.27,3427.05,3432.8,236175,0
WIG_MOTO,D,20191209,000000,3440.11,3444.62,3400.43,3414.15,152066,0
WIG_MOTO,D,20191210,000000,3400.92,3410.19,3314.52,3375.93,162415,0
WIG_MOTO,D,20191211,000000,3381.24,3381.35,3344.07,3378.63,548891,0
WIG_MOTO,D,20191212,000000,3380.52,3415.38,3358.05,3358.05,109332,0
WIG_MOTO,D,20191213,000000,3369.83,3385.95,3369.83,3373.93,200038,0
WIG_MOTO,D,20191216,000000,3360.57,3375.17,3341.38,3363.16,250697,0
WIG_MOTO,D,20191217,000000,3347.91,3365.53,3281.97,3347.44,158180,0
WIG_MOTO,D,20191218,000000,3371.11,3374.13,3322.26,3374.13,387107,0
WIG_MOTO,D,20191219,000000,3377.27,3381.62,3334.03,3372.59,232280,0
WIG_MOTO,D,20191220,000000,3367.71,3372.63,3327.04,3349.69,285014,0
WIG_MOTO,D,20191223,000000,3356.28,3487.48,3356.28,3443.73,365739,0
WIG_MOTO,D,20191227,000000,3459.28,3494.47,3434.91,3471.02,314464,0
WIG_MOTO,D,20191230,000000,3471.48,3521.67,3469.18,3521.67,222434,0
WIG_MOTO,D,20200102,000000,3528.86,3547.84,3509.64,3532.12,176112,0
WIG_MOTO,D,20200103,000000,3467.95,3532.2,3467.33,3531.6,97638,0
WIG_MOTO,D,20200107,000000,3535.25,3569.01,3525.67,3563.66,67086,0
WIG_MOTO,D,20200108,000000,3561.17,3575.53,3498.58,3539.63,197266,0
WIG_MOTO,D,20200109,000000,3555.3,3584.46,3530.2,3534.31,391628,0
WIG_MOTO,D,20200110,000000,3578.55,3609.64,3528.77,3605.24,201491,0
WIG_MOTO,D,20200113,000000,3626.5,3636.22,3607.62,3634.27,531144,0
WIG_MOTO,D,20200114,000000,3625.42,3634.09,3619.5,3634.09,793047,0
WIG_MOTO,D,20200115,000000,3639.48,3737.91,3591.25,3735.98,341439,0
WIG_MOTO,D,20200116,000000,3742.12,3822.3,3710.24,3769.87,158683,0
WIG_MOTO,D,20200117,000000,3809.33,3879.06,3741.44,3878.54,206389,0
WIG_MOTO,D,20200120,000000,3880.82,3880.82,3814.30,3849.67,163461,0
WIG_MOTO,D,20200121,000000,3801.46,3854.53,3770.79,3792.63,2685801,0
WIG_MOTO,D,20200122,000000,3801.76,3852.73,3771.77,3852.73,1354271,0
WIG_MOTO,D,20200123,000000,3874.15,3890.19,3801.50,3824.82,1447932,0
WIG_MOTO,D,20200124,000000,3854.05,3863.33,3797.65,3828.42,1031375,0
WIG_MOTO,D,20200127,000000,3799.22,3881.25,3746.18,3845,410386,0
WIG_MOTO,D,20200128,000000,3846.27,3858.09,3824.15,3848.13,310256,0
WIG_MOTO,D,20200129,000000,3851.69,3851.69,3792.03,3831.02,370102,0
WIG_MOTO,D,20200130,000000,3825.85,3860.34,3818.43,3857.31,345734,0
WIG_MOTO,D,20200131,000000,3844.65,3904.55,3844.65,3885.83,692089,0
WIG_MOTO,D,20200203,000000,3885.69,3891.15,3822.41,3891.15,577734,0
WIG_MOTO,D,20200204,000000,3891.15,3901.00,3885.78,3901.00,527584,0
WIG_MOTO,D,20200205,000000,3893.99,3916.29,3870.53,3916.29,835480,0
WIG_MOTO,D,20200206,000000,3930.64,3991.18,3920.49,3954.78,733641,0
WIG_MOTO,D,20200207,000000,3962.6,3969.31,3914.08,3941.24,616318,0
WIG_MOTO,D,20200210,000000,3951.08,3969.79,3936.13,3951.83,400488,0
WIG_MOTO,D,20200211,000000,3952,3952,3891.58,3911.5,294279,0
WIG_MOTO,D,20200212,000000,3896.86,3942.97,3850.04,3850.04,127015,0
WIG_MOTO,D,20200213,000000,3797.26,3834.64,3776.96,3831.24,413971,0
WIG_MOTO,D,20200214,000000,3820.68,3886.25,3814.61,3886.25,448730,0
WIG_MOTO,D,20200217,000000,3878.65,3906.66,3803.04,3855.75,854311,0
WIG_MOTO,D,20200218,000000,3810.68,3831.2,3716.06,3749.56,279362,0
WIG_MOTO,D,20200219,000000,3744.38,3825.54,3735.34,3814.19,304336,0
WIG_MOTO,D,20200220,000000,3822.88,3843.23,3813.11,3835.42,204735,0
WIG_MOTO,D,20200221,000000,3815.81,3817.92,3769.22,3805.19,113923,0
WIG_MOTO,D,20200224,000000,3706.72,3706.72,3610.79,3623.3,576127,0
WIG_MOTO,D,20200225,000000,3681.80,3694.17,3581.04,3606.61,374289,0
WIG_MOTO,D,20200226,000000,3586.21,3615.30,3477.42,3575.85,328074,0
WIG_MOTO,D,20200227,000000,3572.51,3572.51,3318.39,3324.12,251170,0
WIG_MOTO,D,20200228,000000,3230.31,3274.33,3118.84,3221.84,641252,0
WIG_MOTO,D,20200302,000000,3181.32,3506.72,3175.24,3297.51,265784,0
WIG_MOTO,D,20200303,000000,3424.06,3611.90,3379.30,3490.09,350160,0
WIG_MOTO,D,20200304,000000,3487.38,3488.90,3364.19,3444.59,101919,0
WIG_MOTO,D,20200305,000000,3486.76,3527.49,3325.55,3396.25,221755,0
WIG_MOTO,D,20200306,000000,3339.38,3410.32,3249.12,3310.51,202557,0
WIG_MOTO,D,20200309,000000,3268.22,3268.22,3085.01,3128.21,399631,0
WIG_MOTO,D,20200310,000000,3144.13,3316.11,3112.59,3120.41,0,0
WIG_MOTO,D,20200311,000000,3109.21,3183.68,2911.91,2990.42,1325002,0
WIG_MOTO,D,20200312,000000,2782.10,2830.19,2560.15,2591.99,1391669,0
WIG_MOTO,D,20200313,000000,2549.37,2751.54,2549.37,2584.88,397041,0
WIG_MOTO,D,20200316,000000,2584.88,2584.88,2364.78,2462.51,333999,0
WIG_MOTO,D,20200317,000000,2489.60,2583.51,2488.72,2524.39,242091,0
WIG_MOTO,D,20200318,000000,2523.68,2591.24,2515.86,2557.40,330338,0
WIG_MOTO,D,20200319,000000,2671.53,2687.57,2611.80,2649.82,394384,0
WIG_MOTO,D,20200320,000000,2690.59,2710.07,2485.78,2513.59,602241,0
WIG_MOTO,D,20200323,000000,2484.52,2484.52,2322.40,2340.85,201419,0
WIG_MOTO,D,20200324,000000,2349.47,2456.48,2308.82,2340.74,169921,0
WIG_MOTO,D,20200325,000000,2325.78,2357.11,2252.06,2297.59,172299,0
WIG_MOTO,D,20200326,000000,2330.31,2330.31,2287.29,2316.93,148844,0
WIG_MOTO,D,20200327,000000,2328.73,2382.97,2323.96,2366.65,153090,0
WIG_MOTO,D,20200330,000000,2360.24,2475.56,2333.95,2475.56,150053,0
WIG_MOTO,D,20200331,000000,2500.92,2529.28,2454.10,2471.24,189661,0
WIG_MOTO,D,20200401,000000,2520.16,2529.26,2451.39,2498.56,114771,0
WIG_MOTO,D,20200402,000000,2498.56,2548.18,2486.05,2510.97,186048,0
WIG_MOTO,D,20200403,000000,2541.05,2555.58,2512.15,2530.92,473280,0
WIG_MOTO,D,20200406,000000,2598.40,2695.59,2558.14,2695.59,430083,0
WIG_MOTO,D,20200407,000000,2724.59,2770.16,2617.48,2627.85,325367,0
WIG_MOTO,D,20200408,000000,2624.21,2637.16,2539.40,2593.16,144835,0
WIG_MOTO,D,20200409,000000,2664.76,2714.95,2614.81,2680.24,528775,0
WIG_MOTO,D,20200414,000000,2745.21,3057.01,2735.06,3042.91,1147361,0
WIG_MOTO,D,20200415,000000,3073.87,3073.87,2884.56,2917.22,440083,0
WIG_MOTO,D,20200416,000000,2932.38,2988.39,2920.86,2975.98,328704,0
WIG_MOTO,D,20200417,000000,2997.68,3086.28,2993.32,3053.45,334383,0
WIG_MOTO,D,20200420,000000,2966.70,3112.41,2963.53,3112.41,282451,0
WIG_MOTO,D,20200421,000000,3048.09,3050.98,2906.17,2906.17,308824,0
WIG_MOTO,D,20200422,000000,2867.91,2953.13,2851.49,2921.61,151239,0
WIG_MOTO,D,20200423,000000,2933.39,3086.20,2907.01,3086.20,278475,0
WIG_MOTO,D,20200424,000000,3017.50,3084.66,3017.09,3054.38,165258,0
WIG_MOTO,D,20200427,000000,3060.60,3080.05,2977.11,3017.50,324581,0
WIG_MOTO,D,20200428,000000,3038.18,3070.38,3012.89,3036.79,183886,0
WIG_MOTO,D,20200429,000000,3056.38,3058.47,2924.93,3021.79,165491,0
WIG_MOTO,D,20200430,000000,3040.25,3075.98,2984.02,3069.58,358544,0
WIG_MOTO,D,20200504,000000,3055.23,3055.23,3004.36,3030.52,111225,0
WIG_MOTO,D,20200505,000000,3049.55,3053.53,2988.11,3020.00,160366,0
WIG_MOTO,D,20200506,000000,3033.84,3033.84,2999.95,3007.59,218866,0
WIG_MOTO,D,20200507,000000,3019.21,3045.98,2998.11,3039.81,147806,0
WIG_MOTO,D,20200508,000000,3058.00,3058.22,3021.58,3053.28,71591,0
WIG_MOTO,D,20200511,000000,3060.25,3061.81,2991.50,3035.74,90615,0
WIG_MOTO,D,20200512,000000,3033.99,3052.14,3016.77,3052.14,169178,0
WIG_MOTO,D,20200513,000000,3061.72,3061.98,3012.14,3021.19,164568,0
WIG_MOTO,D,20200514,000000,3055.90,3063.25,2930.76,2940.25,183470,0
WIG_MOTO,D,20200515,000000,2948.96,2976.15,2906.32,2906.32,201495,0
WIG_MOTO,D,20200518,000000,2960.70,3010.00,2937.71,3010.00,175352,0
WIG_MOTO,D,20200519,000000,2997.67,3053.97,2997.67,3053.93,365546,0
WIG_MOTO,D,20200520,000000,3129.52,3139.97,3047.99,3062.81,951510,0
WIG_MOTO,D,20200521,000000,3085.43,3086.27,3001.50,3040.37,218634,0
WIG_MOTO,D,20200522,000000,3063.01,3063.01,3016.58,3051.61,420142,0
WIG_MOTO,D,20200525,000000,3042.11,3075.01,3030.98,3051.57,232268,0
WIG_MOTO,D,20200526,000000,3074.12,3083.38,3048.63,3072.85,334820,0
WIG_MOTO,D,20200527,000000,3107.97,3127.92,3056.43,3056.75,556123,0
WIG_MOTO,D,20200528,000000,3069.83,3111.76,3040.61,3077.24,630131,0
WIG_MOTO,D,20200529,000000,3087.58,3099.94,2975.75,2975.75,1264504,0
WIG_MOTO,D,20200601,000000,3038.24,3097.23,3009.68,3052.15,250457,0
WIG_MOTO,D,20200602,000000,3062.67,3142.07,3027.80,3142.07,181556,0
WIG_MOTO,D,20200603,000000,3155.83,3214.90,3119.11,3204.71,242009,0
WIG_MOTO,D,20200604,000000,3185.41,3205.53,3158.73,3205.53,448870,0
WIG_MOTO,D,20200605,000000,3213.94,3235.08,3193.37,3228.99,394252,0
WIG_MOTO,D,20200608,000000,3197.35,3219.03,3134.94,3146.83,223053,0
WIG_MOTO,D,20200609,000000,3161.44,3198.58,3093.87,3097.59,203258,0
WIG_MOTO,D,20200610,000000,3113.83,3176.72,3108.69,3176.72,68193,0
WIG_MOTO,D,20200612,000000,3160.11,3161.36,3079.11,3110.89,333042,0
WIG_MOTO,D,20200615,000000,3105.03,3113.21,3003.60,3066.22,88263,0
WIG_MOTO,D,20200616,000000,3143.17,3184.71,3114.54,3184.50,179382,0
WIG_MOTO,D,20200617,000000,3177.74,3195.47,3122.78,3195.47,73519,0
WIG_MOTO,D,20200618,000000,3183.83,3195.86,3157.28,3195.86,58955,0
WIG_MOTO,D,20200619,000000,3222.16,3270.86,3100.56,3241.01,60229,0
WIG_MOTO,D,20200622,000000,3270.96,3276.35,3254.27,3271.80,300952,0
WIG_MOTO,D,20200623,000000,3279.52,3505.07,3277.10,3483.32,450848,0
WIG_MOTO,D,20200624,000000,3490.47,3494.46,3397.93,3406.59,132102,0
WIG_MOTO,D,20200625,000000,3405.99,3406.24,3320.38,3392.08,107369,0
WIG_MOTO,D,20200626,000000,3431.91,3455.52,3277.59,3290.34,95381,0
WIG_MOTO,D,20200629,000000,3291.17,3351.44,3250.61,3351.44,171504,0
WIG_MOTO,D,20200630,000000,3365.27,3467.12,3319.04,3388.79,310411,0
WIG_MOTO,D,20200701,000000,3400.04,3476.24,3373.15,3476.24,171022,0
WIG_MOTO,D,20200702,000000,3475.35,3487.06,3399.24,3412.08,234238,0
WIG_MOTO,D,20200703,000000,3404.64,3489.23,3404.42,3489.23,147497,0
WIG_MOTO,D,20200706,000000,3443.51,3513.85,3443.51,3509.70,1457266,0
WIG_MOTO,D,20200707,000000,3515.63,3521.64,3441.58,3441.58,804529,0
WIG_MOTO,D,20200708,000000,3446.64,3491.71,3406.90,3413.99,267492,0
WIG_MOTO,D,20200709,000000,3483.71,3588.16,3483.71,3499.56,497339,0
WIG_MOTO,D,20200710,000000,3503.50,3530.93,3410.14,3441.43,293661,0
WIG_MOTO,D,20200713,000000,3469.30,3493.48,3390.95,3391.18,535070,0
WIG_MOTO,D,20200714,000000,3395.17,3473.53,3374.10,3473.53,474249,0
WIG_MOTO,D,20200715,000000,3494.07,3494.07,3437.18,3478.48,166674,0
WIG_MOTO,D,20200716,000000,3486.89,3486.89,3462.51,3468.63,212252,0
WIG_MOTO,D,20200717,000000,3474.70,3495.36,3471.11,3488.45,135870,0
WIG_MOTO,D,20200720,000000,3488.12,3527.56,3475.26,3527.56,247103,0
WIG_MOTO,D,20200721,000000,3532.74,3596.28,3525.00,3581.30,750459,0
WIG_MOTO,D,20200722,000000,3537.21,3562.04,3494.38,3494.38,322624,0
WIG_MOTO,D,20200723,000000,3500.53,3530.15,3477.23,3493.92,327601,0
WIG_MOTO,D,20200724,000000,3464.50,3565.09,3459.98,3555.51,99570,0
WIG_MOTO,D,20200727,000000,3574.26,3574.26,3494.46,3528.07,243929,0
WIG_MOTO,D,20200728,000000,3576.58,3576.82,3478.75,3478.75,464523,0
WIG_MOTO,D,20200729,000000,3506.51,3524.74,3428.12,3432.50,281214,0
WIG_MOTO,D,20200730,000000,3448.80,3531.19,3311.20,3311.42,545716,0
WIG_MOTO,D,20200731,000000,3315.37,3389.92,3258.86,3314.57,183191,0
WIG_MOTO,D,20200803,000000,3355.04,3509.28,3355.04,3474.55,356230,0
WIG_MOTO,D,20200804,000000,3526.42,3634.48,3526.42,3582.19,645785,0
WIG_MOTO,D,20200805,000000,3617.31,3643.10,3599.20,3643.10,117305,0
WIG_MOTO,D,20200806,000000,3639.89,3667.89,3616.24,3628.94,382314,0
WIG_MOTO,D,20200807,000000,3677.14,3679.73,3614.16,3655.89,199775,0
WIG_MOTO,D,20200810,000000,3667.75,3774.43,3663.86,3764.83,155090,0
WIG_MOTO,D,20200811,000000,3798.20,3906.85,3798.20,3906.85,1896898,0
WIG_MOTO,D,20200812,000000,3906.97,3907.23,3778.27,3876.53,1195070,0
WIG_MOTO,D,20200813,000000,3885.16,3910.76,3844.12,3858.51,423130,0
WIG_MOTO,D,20200814,000000,3855.74,3869.53,3736.77,3766.27,993256,0
WIG_MOTO,D,20200817,000000,3748.25,3804.74,3726.78,3781.23,338309,0
WIG_MOTO,D,20200818,000000,3792.32,3792.57,3687.58,3749.36,234565,0
WIG_MOTO,D,20200819,000000,3751.69,3751.74,3627.72,3627.72,225823,0
WIG_MOTO,D,20200820,000000,3653.9,3657.63,3576.54,3576.8,86712,0
WIG_MOTO,D,20200821,000000,3593.41,3597.56,3559.23,3591.78,84458,0
WIG_MOTO,D,20200824,000000,3609.96,3711.77,3608.58,3711.64,80630,0
WIG_MOTO,D,20200825,000000,3732.62,3758.12,3700.42,3740.07,333417,0
WIG_MOTO,D,20200826,000000,3742.35,3826.25,3741.42,3816.01,103323,0
WIG_MOTO,D,20200827,000000,3778.11,3835.65,3778.11,3835.65,88579,0
WIG_MOTO,D,20200828,000000,3832.96,3833.37,3766.99,3822.97,91751,0
WIG_MOTO,D,20200831,000000,3772.69,3814.87,3764.41,3773.31,211780,0
WIG_MOTO,D,20200901,000000,3941.09,4009.19,3913.13,3955.23,104815,0
WIG_MOTO,D,20200902,000000,3981.05,3990.53,3926.90,3929.19,313513,0
WIG_MOTO,D,20200903,000000,3942.24,3999.23,3942.24,3989.89,169201,0
WIG_MOTO,D,20200904,000000,3980.86,3996.18,3912.51,3985.39,94476,0
WIG_MOTO,D,20200907,000000,3987.45,4213.27,3987.45,4172.02,370488,0
WIG_MOTO,D,20200908,000000,4027.48,4170.78,3956.65,4000.33,364618,0
WIG_MOTO,D,20200909,000000,4014.41,4113.82,3974.20,4113.82,178210,0
WIG_MOTO,D,20200910,000000,4114.98,4129.58,4023.22,4049.36,275166,0
WIG_MOTO,D,20200911,000000,4042.66,4046.80,3977.03,4016.86,368562,0
WIG_MOTO,D,20200914,000000,3996.21,4034.73,3957.08,4014.83,110691,0
WIG_MOTO,D,20200915,000000,4004.24,4023.40,3940.53,3947.47,208114,0
WIG_MOTO,D,20200916,000000,3955.70,4027.74,3944.84,3960.85,60511,0
WIG_MOTO,D,20200917,000000,4049.55,4055.65,3800.97,3889.51,165705,0
WIG_MOTO,D,20200918,000000,3821.21,3909.42,3740.15,3873.66,420351,0
WIG_MOTO,D,20200921,000000,3850.30,3922.93,3727.82,3824.08,349001,0
WIG_MOTO,D,20200922,000000,3762.67,3975.60,3720.02,3749.27,96690,0
WIG_MOTO,D,20200923,000000,3773.20,3869.80,3705.45,3732.26,158202,0
WIG_MOTO,D,20200924,000000,3726.33,3756.75,3659.71,3662.76,366434,0
WIG_MOTO,D,20200925,000000,3700.88,3769.67,3656.97,3740.58,100460,0
WIG_MOTO,D,20200928,000000,3819.33,3891.40,3698.21,3817.87,109873,0
WIG_MOTO,D,20200929,000000,3841.61,3852.76,3795.38,3852.76,98435,0
WIG_MOTO,D,20200930,000000,3851.79,3857.51,3750.10,3765.10,96169,0
WIG_MOTO,D,20201001,000000,3741.68,3747.32,3667.99,3681.14,431028,0
WIG_MOTO,D,20201002,000000,3729.14,3744.11,3645.28,3671.43,81245,0
WIG_MOTO,D,20201005,000000,3680.51,3772.34,3680.51,3753.44,122828,0
WIG_MOTO,D,20201006,000000,3780.84,3852.20,3777.12,3826.97,192359,0
WIG_MOTO,D,20201007,000000,3776.34,3838.41,3771.00,3827.91,231658,0
WIG_MOTO,D,20201008,000000,3837.19,3847.89,3726.41,3830.90,105606,0
WIG_MOTO,D,20201009,000000,3801.12,3801.12,3732.90,3764.18,158391,0
WIG_MOTO,D,20201012,000000,3832.86,3833.04,3719.80,3719.80,252943,0
WIG_MOTO,D,20201013,000000,3722.35,3751.20,3709.26,3751.20,270499,0
WIG_MOTO,D,20201014,000000,3741.54,3752.14,3670.25,3703.47,110876,0
WIG_MOTO,D,20201015,000000,3695.12,3723.24,3658.30,3673.65,240133,0
WIG_MOTO,D,20201016,000000,3673.5,3742.75,3662.75,3742.67,123204,0
