<TICKER>,<PER>,<DATE>,<TIME>,<OPEN>,<HIGH>,<LOW>,<CLOSE>,<VOL>,<OPENINT>
4MS,D,20190110,000000,0.36167,0.5388,0.36167,0.5388,3553957,0
4MS,D,20190111,000000,0.5388,0.6421,0.43548,0.43548,3693049,0
4MS,D,20190114,000000,0.44286,0.48714,0.44286,0.45762,915691,0
4MS,D,20190115,000000,0.45762,0.5167,0.28048,0.28048,3830858,0
4MS,D,20190116,000000,0.28048,0.33214,0.28048,0.33214,1355278,0
4MS,D,20190117,000000,0.3469,0.39857,0.22881,0.22881,6299492,0
4MS,D,20190118,000000,0.22881,0.25833,0.22143,0.25095,1709288,0
4MS,D,20190121,000000,0.25833,0.2731,0.23619,0.2731,2643933,0
4MS,D,20190122,000000,0.28048,0.28048,0.16976,0.16976,10345486,0
4MS,D,20190123,000000,0.155,0.1919,0.14762,0.17714,3630206,0
4MS,D,20190124,000000,0.16976,0.18452,0.16238,0.16976,1927491,0
4MS,D,20190125,000000,0.17714,0.18452,0.1181,0.1181,11266071,0
4MS,D,20190128,000000,0.09595,0.1181,0.08119,0.09595,18416321,0
4MS,D,20190129,000000,0.09595,0.1181,0.09595,0.11071,8846422,0
4MS,D,20190130,000000,0.11071,0.13286,0.09595,0.10333,9786905,0
4MS,D,20190131,000000,0.09595,0.11071,0.09595,0.11071,4975572,0
4MS,D,20190201,000000,0.11071,0.1181,0.10333,0.11071,2160611,0
4MS,D,20190204,000000,0.1181,0.1181,0.10333,0.10333,537745,0
4MS,D,20190205,000000,0.10333,0.11071,0.09595,0.10333,1575875,0
4MS,D,20190206,000000,0.11071,0.11071,0.09595,0.10333,1175083,0
4MS,D,20190207,000000,0.10333,0.11071,0.09595,0.10333,1172804,0
4MS,D,20190208,000000,0.10333,0.11071,0.09595,0.10333,1394591,0
4MS,D,20190211,000000,0.10333,0.13286,0.10333,0.1181,3592282,0
4MS,D,20190212,000000,0.12548,0.12548,0.10333,0.1181,2641861,0
4MS,D,20190213,000000,0.11071,0.12548,0.10333,0.1181,1596081,0
4MS,D,20190214,000000,0.12548,0.14762,0.11071,0.14762,3920001,0
4MS,D,20190215,000000,0.14762,0.17714,0.14762,0.16976,5056078,0
4MS,D,20190218,000000,0.16976,0.18452,0.14024,0.14762,5583274,0
4MS,D,20190219,000000,0.155,0.16976,0.14762,0.16976,2533420,0
4MS,D,20190220,000000,0.16976,0.17714,0.14762,0.155,3179011,0
4MS,D,20190221,000000,0.155,0.19929,0.14762,0.1919,5152500,0
4MS,D,20190222,000000,0.1919,0.20667,0.17714,0.19929,4891687,0
4MS,D,20190225,000000,0.20667,0.20667,0.16976,0.17714,3669131,0
4MS,D,20190226,000000,0.17714,0.1919,0.16976,0.18452,1734222,0
4MS,D,20190227,000000,0.18452,0.1919,0.16976,0.17714,1256775,0
4MS,D,20190228,000000,0.16976,0.17714,0.16238,0.16238,1676404,0
4MS,D,20190301,000000,0.16238,0.16976,0.14762,0.155,1220221,0
4MS,D,20190304,000000,0.13987,0.14755,0.12917,0.14762,2009292,0
4MS,D,20190305,000000,0.14127,0.15419,0.14024,0.14762,263503,0
4MS,D,20190306,000000,0.15005,0.16976,0.15005,0.16238,947852,0
4MS,D,20190307,000000,0.16238,0.17242,0.155,0.16976,607380,0
4MS,D,20190308,000000,0.16976,0.16976,0.16312,0.16238,155507,0
4MS,D,20190311,000000,0.16902,0.16902,0.15574,0.16976,309582,0
4MS,D,20190312,000000,0.16755,0.1677,0.15721,0.16976,177107,0
4MS,D,20190313,000000,0.16238,0.16733,0.15205,0.155,451942,0
4MS,D,20190314,000000,0.14917,0.1581,0.14917,0.155,146974,0
4MS,D,20190315,000000,0.15751,0.15817,0.1502,0.155,524207,0
4MS,D,20190318,000000,0.15677,0.15766,0.14983,0.155,343376,0
4MS,D,20190319,000000,0.15589,0.17242,0.15315,0.16976,663593,0
4MS,D,20190320,000000,0.16976,0.19781,0.16976,0.1919,1551147,0
4MS,D,20190321,000000,0.18969,0.19692,0.17722,0.17714,416660,0
4MS,D,20190322,000000,0.16245,0.1764,0.15869,0.16238,784788,0
4MS,D,20190401,000000,0.17714,0.1919,0.16976,0.18452,699209,0
4MS,D,20190402,000000,0.18452,0.18785,0.16991,0.17714,912226,0
4MS,D,20190403,000000,0.17345,0.17899,0.16607,0.16976,355157,0
4MS,D,20190404,000000,0.17124,0.17419,0.1626,0.16976,339951,0
4MS,D,20190405,000000,0.16829,0.16925,0.16268,0.16238,163295,0
4MS,D,20190408,000000,0.17345,0.17345,0.14799,0.155,736290,0
4MS,D,20190409,000000,0.17,0.189,0.169,0.17,933741,0
4MS,D,20190410,000000,0.173,0.1738,0.1601,0.17,148145,0
4MS,D,20190411,000000,0.1739,0.1739,0.157,0.17,185653,0
4MS,D,20190412,000000,0.1658,0.1659,0.158,0.16,193904,0
4MS,D,20190415,000000,0.155,0.1578,0.1466,0.15,380232,0
4MS,D,20190416,000000,0.1525,0.1525,0.1452,0.15,174849,0
4MS,D,20190417,000000,0.1523,0.1523,0.1412,0.15,131961,0
4MS,D,20190418,000000,0.1476,0.1524,0.135,0.15,425987,0
4MS,D,20190423,000000,0.1519,0.1519,0.1411,0.15,33000,0
4MS,D,20190424,000000,0.145,0.1498,0.14,0.15,24244,0
4MS,D,20190425,000000,0.1524,0.1524,0.1373,0.15,13777,0
4MS,D,20190426,000000,0.138,0.145,0.1375,0.14,82309,0
4MS,D,20190429,000000,0.149,0.149,0.1325,0.13,267764,0
4MS,D,20190430,000000,0.1327,0.1328,0.1212,0.12,341123,0
4MS,D,20190502,000000,0.1249,0.1396,0.1249,0.14,124229,0
4MS,D,20190506,000000,0.1396,0.1414,0.1333,0.14,46854,0
4MS,D,20190507,000000,0.1418,0.142,0.136,0.14,76258,0
4MS,D,20190508,000000,0.128,0.138,0.1265,0.13,292924,0
4MS,D,20190509,000000,0.13,0.137,0.127,0.14,29228,0
4MS,D,20190510,000000,0.1345,0.1345,0.127,0.13,53199,0
4MS,D,20190513,000000,0.1324,0.1495,0.1324,0.15,179544,0
4MS,D,20190514,000000,0.15,0.16,0.1415,0.16,188516,0
4MS,D,20190515,000000,0.158,0.1669,0.1451,0.16,61043,0
4MS,D,20190516,000000,0.165,0.179,0.16,0.17,208800,0
4MS,D,20190517,000000,0.1698,0.1698,0.155,0.16,136334,0
4MS,D,20190520,000000,0.16,0.16,0.151,0.16,81370,0
4MS,D,20190521,000000,0.157,0.157,0.1455,0.16,27828,0
4MS,D,20190522,000000,0.155,0.155,0.1444,0.15,50100,0
4MS,D,20190523,000000,0.15,0.1525,0.1414,0.14,40337,0
4MS,D,20190524,000000,0.15,0.17,0.15,0.15,363836,0
4MS,D,20190527,000000,0.1512,0.1566,0.1464,0.15,31955,0
4MS,D,20190528,000000,0.1477,0.166,0.143,0.16,159128,0
4MS,D,20190529,000000,0.16,0.16,0.1506,0.16,24889,0
4MS,D,20190530,000000,0.158,0.158,0.1426,0.15,33723,0
4MS,D,20190531,000000,0.1431,0.152,0.139,0.15,187925,0
4MS,D,20190603,000000,0.14,0.1497,0.14,0.14,81793,0
4MS,D,20190604,000000,0.132,0.137,0.13,0.14,120709,0
4MS,D,20190605,000000,0.1251,0.136,0.1251,0.14,42078,0
4MS,D,20190606,000000,0.1255,0.1355,0.1255,0.13,42398,0
4MS,D,20190607,000000,0.126,0.13,0.101,0.12,199353,0
4MS,D,20190610,000000,0.131,0.145,0.131,0.14,177686,0
4MS,D,20190611,000000,0.141,0.141,0.132,0.14,22917,0
4MS,D,20190612,000000,0.1445,0.145,0.13,0.13,86191,0
4MS,D,20190613,000000,0.1306,0.1378,0.1277,0.13,290437,0
4MS,D,20190614,000000,0.1375,0.1375,0.1258,0.13,55048,0
4MS,D,20190617,000000,0.1266,0.1353,0.123,0.13,194724,0
4MS,D,20190618,000000,0.123,0.1329,0.123,0.13,26201,0
4MS,D,20190619,000000,0.1251,0.1352,0.1251,0.14,28625,0
4MS,D,20190621,000000,0.1312,0.1392,0.1312,0.13,19000,0
4MS,D,20190624,000000,0.1345,0.1345,0.1325,0.13,4471,0
4MS,D,20190625,000000,0.1345,0.161,0.1345,0.16,870408,0
4MS,D,20190626,000000,0.162,0.17,0.1562,0.17,759144,0
4MS,D,20190627,000000,0.1695,0.1695,0.14,0.15,436023,0
4MS,D,20190628,000000,0.15,0.16,0.15,0.16,130495,0
4MS,D,20190701,000000,0.157,0.157,0.1451,0.15,34120,0
4MS,D,20190702,000000,0.1535,0.1535,0.14,0.14,233693,0
4MS,D,20190703,000000,0.141,0.1497,0.1354,0.14,109978,0
4MS,D,20190704,000000,0.153,0.153,0.14,0.15,87284,0
4MS,D,20190705,000000,0.1488,0.154,0.1488,0.15,39269,0
4MS,D,20190708,000000,0.143,0.1537,0.14,0.15,49725,0
4MS,D,20190709,000000,0.1515,0.1515,0.1415,0.15,22462,0
4MS,D,20190710,000000,0.143,0.1488,0.138,0.15,139001,0
4MS,D,20190711,000000,0.1489,0.1489,0.14,0.15,40653,0
4MS,D,20190712,000000,0.1392,0.1479,0.1386,0.15,44835,0
4MS,D,20190715,000000,0.1393,0.1393,0.139,0.14,62936,0
4MS,D,20190716,000000,0.139,0.14,0.1321,0.13,71063,0
4MS,D,20190717,000000,0.1415,0.1415,0.13,0.13,134744,0
4MS,D,20190718,000000,0.1206,0.1345,0.1206,0.13,25445,0
4MS,D,20190719,000000,0.1261,0.1345,0.1261,0.13,51,0
4MS,D,20190722,000000,0.135,0.154,0.135,0.15,393449,0
4MS,D,20190723,000000,0.153,0.153,0.1421,0.14,97963,0
4MS,D,20190724,000000,0.145,0.1495,0.1351,0.14,57782,0
4MS,D,20190725,000000,0.1305,0.1449,0.1305,0.1323,57634,0
4MS,D,20190726,000000,0.135,0.1399,0.135,0.1399,17215,0
4MS,D,20190729,000000,0.1351,0.1473,0.135,0.14,24800,0
4MS,D,20190730,000000,0.14,0.1464,0.135,0.135,36169,0
4MS,D,20190731,000000,0.1353,0.1459,0.1327,0.1337,45232,0
4MS,D,20190801,000000,0.1361,0.1361,0.1305,0.1305,79160,0
4MS,D,20190802,000000,0.13,0.135,0.13,0.135,10000,0
4MS,D,20190805,000000,0.1306,0.135,0.1304,0.135,40421,0
4MS,D,20190806,000000,0.1392,0.1392,0.1325,0.1325,24815,0
4MS,D,20190807,000000,0.1302,0.1364,0.1302,0.1302,39821,0
4MS,D,20190808,000000,0.136,0.1362,0.1341,0.1341,21651,0
4MS,D,20190809,000000,0.136,0.1362,0.1342,0.1342,59486,0
4MS,D,20190812,000000,0.1362,0.1389,0.1312,0.1389,60214,0
4MS,D,20190813,000000,0.1389,0.1499,0.135,0.1488,50710,0
4MS,D,20190814,000000,0.148,0.173,0.132,0.1445,850854,0
4MS,D,20190816,000000,0.139,0.1399,0.13,0.135,121975,0
4MS,D,20190819,000000,0.136,0.1388,0.13,0.1358,129995,0
4MS,D,20190820,000000,0.1307,0.1338,0.125,0.129,160147,0
4MS,D,20190821,000000,0.123,0.13,0.123,0.1298,52300,0
4MS,D,20190822,000000,0.129,0.129,0.1241,0.1288,34580,0
4MS,D,20190823,000000,0.125,0.1279,0.1219,0.1274,31637,0
4MS,D,20190826,000000,0.1259,0.1259,0.1259,0.1259,381,0
4MS,D,20190828,000000,0.1259,0.1349,0.12,0.1339,98900,0
4MS,D,20190829,000000,0.124,0.1298,0.1221,0.1298,14394,0
4MS,D,20190830,000000,0.1298,0.1298,0.12,0.127,84203,0
4MS,D,20190902,000000,0.1202,0.125,0.1202,0.125,20756,0
4MS,D,20190903,000000,0.122,0.1284,0.122,0.1268,22515,0
4MS,D,20190904,000000,0.1258,0.129,0.1258,0.129,20000,0
4MS,D,20190905,000000,0.127,0.127,0.123,0.1269,11515,0
4MS,D,20190906,000000,0.125,0.125,0.1202,0.1202,16581,0
4MS,D,20190909,000000,0.1268,0.1347,0.1212,0.125,114827,0
4MS,D,20190910,000000,0.1329,0.1329,0.1326,0.1326,74,0
4MS,D,20190911,000000,0.1326,0.1326,0.1325,0.1325,19430,0
4MS,D,20190912,000000,0.1334,0.1334,0.1233,0.124,26934,0
4MS,D,20190913,000000,0.1289,0.1331,0.1221,0.133,26488,0
4MS,D,20190916,000000,0.1223,0.131,0.1223,0.131,34523,0
4MS,D,20190918,000000,0.1214,0.1296,0.1214,0.125,7751,0
4MS,D,20190919,000000,0.1217,0.1296,0.1203,0.1249,61601,0
4MS,D,20190920,000000,0.1249,0.127,0.1205,0.127,6361,0
4MS,D,20190923,000000,0.1205,0.129,0.12,0.129,34162,0
4MS,D,20190924,000000,0.124,0.129,0.124,0.129,10150,0
4MS,D,20190925,000000,0.1203,0.125,0.12,0.1248,34139,0
4MS,D,20190926,000000,0.1248,0.1248,0.1111,0.124,26060,0
4MS,D,20190927,000000,0.1244,0.1244,0.116,0.124,22527,0
4MS,D,20190930,000000,0.117,0.117,0.115,0.116,25439,0
4MS,D,20191001,000000,0.116,0.1288,0.111,0.1201,185336,0
4MS,D,20191002,000000,0.1269,0.1269,0.1152,0.1179,33200,0
4MS,D,20191003,000000,0.1199,0.1199,0.1199,0.1199,200,0
4MS,D,20191004,000000,0.115,0.1239,0.1133,0.1239,43203,0
4MS,D,20191007,000000,0.12,0.124,0.1156,0.123,6689,0
4MS,D,20191008,000000,0.125,0.1268,0.124,0.1268,13853,0
4MS,D,20191009,000000,0.12,0.1259,0.113,0.125,72209,0
4MS,D,20191010,000000,0.1127,0.1186,0.1102,0.1186,71200,0
4MS,D,20191011,000000,0.1248,0.1248,0.1248,0.1248,5000,0
4MS,D,20191014,000000,0.1244,0.1244,0.1244,0.1244,1,0
4MS,D,20191015,000000,0.1132,0.1243,0.112,0.121,80368,0
4MS,D,20191016,000000,0.121,0.121,0.1144,0.12,5450,0
4MS,D,20191017,000000,0.115,0.1243,0.115,0.1243,106629,0
4MS,D,20191018,000000,0.1152,0.1242,0.1151,0.117,13505,0
4MS,D,20191021,000000,0.1154,0.1236,0.1122,0.1199,103940,0
4MS,D,20191022,000000,0.116,0.119,0.116,0.1188,44889,0
4MS,D,20191023,000000,0.1151,0.1188,0.1151,0.1188,2853,0
4MS,D,20191024,000000,0.119,0.12,0.118,0.12,8896,0
4MS,D,20191025,000000,0.12,0.12,0.12,0.12,27376,0
4MS,D,20191028,000000,0.1142,0.1198,0.1122,0.117,102129,0
4MS,D,20191029,000000,0.1169,0.1169,0.1169,0.1169,11944,0
4MS,D,20191030,000000,0.1123,0.1194,0.1109,0.1135,130523,0
4MS,D,20191031,000000,0.1148,0.1153,0.111,0.1153,91687,0
4MS,D,20191104,000000,0.1153,0.135,0.1153,0.13,230707,0
4MS,D,20191105,000000,0.13,0.133,0.126,0.1328,96363,0
4MS,D,20191106,000000,0.126,0.1328,0.126,0.132,132558,0
4MS,D,20191107,000000,0.132,0.132,0.123,0.1315,3209,0
4MS,D,20191108,000000,0.1314,0.1314,0.12,0.13,9890,0
4MS,D,20191112,000000,0.13,0.146,0.13,0.1425,235004,0
4MS,D,20191113,000000,0.144,0.144,0.1321,0.1419,114741,0
4MS,D,20191114,000000,0.1415,0.1415,0.122,0.122,130571,0
4MS,D,20191115,000000,0.1153,0.1349,0.115,0.1315,142758,0
4MS,D,20191118,000000,0.116,0.13,0.116,0.1299,7522,0
4MS,D,20191119,000000,0.12,0.1322,0.1161,0.1322,68278,0
4MS,D,20191120,000000,0.1338,0.1338,0.1338,0.1338,80,0
4MS,D,20191121,000000,0.126,0.132,0.126,0.132,6001,0
4MS,D,20191122,000000,0.1338,0.1338,0.1206,0.1299,6037,0
4MS,D,20191125,000000,0.125,0.1297,0.118,0.129,56363,0
4MS,D,20191126,000000,0.138,0.146,0.125,0.1338,896106,0
4MS,D,20191127,000000,0.1338,0.1338,0.125,0.1299,64954,0
4MS,D,20191128,000000,0.125,0.133,0.12,0.133,127226,0
4MS,D,20191129,000000,0.1298,0.1299,0.1232,0.1267,92260,0
4MS,D,20191202,000000,0.1252,0.1252,0.1252,0.1252,20000,0
4MS,D,20191203,000000,0.1294,0.1294,0.1206,0.129,3991,0
4MS,D,20191204,000000,0.1203,0.125,0.1151,0.1197,123773,0
4MS,D,20191205,000000,0.122,0.145,0.122,0.133,399369,0
4MS,D,20191206,000000,0.1291,0.133,0.1203,0.131,138695,0
4MS,D,20191210,000000,0.125,0.14,0.1218,0.128,30785,0
4MS,D,20191211,000000,0.14,0.14,0.129,0.129,15851,0
4MS,D,20191212,000000,0.129,0.1358,0.1263,0.127,4422,0
4MS,D,20191213,000000,0.1263,0.1299,0.122,0.1269,88488,0
4MS,D,20191216,000000,0.122,0.1256,0.12,0.1256,50960,0
4MS,D,20191217,000000,0.1254,0.1254,0.1205,0.121,56733,0
4MS,D,20191218,000000,0.122,0.1399,0.1185,0.1224,685801,0
4MS,D,20191219,000000,0.1246,0.1285,0.1203,0.1285,257578,0
4MS,D,20191220,000000,0.131,0.14,0.1261,0.1295,187996,0
4MS,D,20191223,000000,0.1365,0.1365,0.1223,0.1243,119915,0
4MS,D,20191227,000000,0.125,0.1299,0.125,0.125,4457,0
4MS,D,20191230,000000,0.1299,0.1348,0.125,0.1344,68374,0
4MS,D,20200102,000000,0.13,0.1339,0.1253,0.1263,73980,0
4MS,D,20200103,000000,0.1324,0.1338,0.1324,0.1338,64603,0
4MS,D,20200107,000000,0.13,0.1338,0.13,0.1338,1660,0
4MS,D,20200108,000000,0.1346,0.1347,0.126,0.1329,156308,0
4MS,D,20200109,000000,0.1329,0.1329,0.1225,0.1297,186470,0
4MS,D,20200110,000000,0.1234,0.1297,0.123,0.1297,60816,0
4MS,D,20200113,000000,0.1297,0.1334,0.1261,0.1329,121800,0
4MS,D,20200114,000000,0.132,0.16,0.1267,0.1589,1807591,0
4MS,D,20200115,000000,0.155,0.168,0.151,0.162,1125954,0
4MS,D,20200116,000000,0.18,0.18,0.155,0.165,1166682,0
4MS,D,20200117,000000,0.17,0.24,0.17,0.227,4080976,0
4MS,D,20200120,000000,0.2338,0.238,0.196,0.2121,1585212,0
4MS,D,20200121,000000,0.2101,0.22,0.186,0.188,836961,0
4MS,D,20200122,000000,0.1815,0.194,0.169,0.18,1056843,0
4MS,D,20200123,000000,0.18,0.183,0.162,0.174,730194,0
4MS,D,20200124,000000,0.1715,0.173,0.1621,0.1698,278749,0
4MS,D,20200127,000000,0.1697,0.1697,0.16,0.1662,90117,0
4MS,D,20200128,000000,0.165,0.165,0.1566,0.16,81533,0
4MS,D,20200129,000000,0.156,0.1643,0.14,0.1506,781588,0
4MS,D,20200130,000000,0.154,0.164,0.15,0.1596,215717,0
4MS,D,20200131,000000,0.1615,0.1749,0.158,0.1675,130824,0
4MS,D,20200203,000000,0.158,0.17,0.151,0.1536,174275,0
4MS,D,20200204,000000,0.1635,0.1635,0.1478,0.1579,140655,0
4MS,D,20200205,000000,0.157,0.174,0.1553,0.165,429360,0
4MS,D,20200206,000000,0.1576,0.166,0.155,0.166,81190,0
4MS,D,20200207,000000,0.166,0.166,0.1552,0.1601,33929,0
4MS,D,20200210,000000,0.158,0.1648,0.155,0.1628,137698,0
4MS,D,20200211,000000,0.166,0.166,0.1581,0.1624,60889,0
4MS,D,20200212,000000,0.157,0.17,0.157,0.1691,149874,0
4MS,D,20200213,000000,0.17,0.17,0.155,0.1613,89362,0
4MS,D,20200214,000000,0.1562,0.1612,0.1562,0.1588,56035,0
4MS,D,20200217,000000,0.1562,0.1606,0.155,0.16,42024,0
4MS,D,20200218,000000,0.16,0.16,0.154,0.16,23615,0
4MS,D,20200219,000000,0.154,0.16,0.15,0.1506,91877,0
4MS,D,20200220,000000,0.1598,0.1598,0.1401,0.1505,226338,0
4MS,D,20200221,000000,0.1505,0.1597,0.1425,0.159,30428,0
4MS,D,20200224,000000,0.159,0.169,0.146,0.164,244659,0
4MS,D,20200225,000000,0.163,0.163,0.1485,0.1585,45422,0
4MS,D,20200226,000000,0.15,0.1568,0.1406,0.15,186910,0
4MS,D,20200227,000000,0.15,0.159,0.1422,0.15,39223,0
4MS,D,20200228,000000,0.1405,0.157,0.132,0.142,218161,0
4MS,D,20200302,000000,0.138,0.145,0.1331,0.145,158006,0
4MS,D,20200303,000000,0.145,0.149,0.1381,0.1479,9915,0
4MS,D,20200304,000000,0.148,0.15,0.1392,0.15,31101,0
4MS,D,20200305,000000,0.15,0.15,0.14,0.145,27081,0
4MS,D,20200306,000000,0.14,0.145,0.136,0.1441,19580,0
4MS,D,20200309,000000,0.132,0.1415,0.1226,0.1378,319015,0
4MS,D,20200310,000000,0.1261,0.1399,0.1261,0.133,27407,0
4MS,D,20200311,000000,0.127,0.1297,0.1065,0.1278,123257,0
4MS,D,20200312,000000,0.11,0.115,0.091,0.1,420463,0
4MS,D,20200313,000000,0.1,0.12,0.096,0.105,214761,0
4MS,D,20200316,000000,0.1239,0.1239,0.1,0.113,117791,0
4MS,D,20200317,000000,0.101,0.12,0.101,0.11,41918,0
4MS,D,20200318,000000,0.1199,0.1199,0.1101,0.1116,130488,0
4MS,D,20200319,000000,0.1052,0.12,0.1052,0.1199,31625,0
4MS,D,20200320,000000,0.11,0.12,0.11,0.119,135152,0
4MS,D,20200323,000000,0.115,0.115,0.1,0.106,499052,0
4MS,D,20200324,000000,0.112,0.112,0.1,0.1047,90308,0
4MS,D,20200325,000000,0.105,0.114,0.1,0.114,32645,0
4MS,D,20200326,000000,0.108,0.114,0.104,0.106,10700,0
4MS,D,20200327,000000,0.114,0.114,0.0937,0.1095,284963,0
4MS,D,20200330,000000,0.11,0.112,0.0973,0.0982,30370,0
4MS,D,20200331,000000,0.0982,0.117,0.0982,0.1099,216884,0
4MS,D,20200401,000000,0.115,0.115,0.103,0.112,65171,0
4MS,D,20200402,000000,0.14,0.2,0.14,0.1795,3770700,0
4MS,D,20200403,000000,0.18,0.1895,0.156,0.1655,1312810,0
4MS,D,20200406,000000,0.162,0.194,0.15,0.19,1429433,0
4MS,D,20200407,000000,0.19,0.19,0.165,0.175,424176,0
4MS,D,20200408,000000,0.171,0.171,0.162,0.165,171394,0
4MS,D,20200409,000000,0.161,0.167,0.154,0.167,41181,0
4MS,D,20200414,000000,0.167,0.167,0.1365,0.161,231175,0
4MS,D,20200415,000000,0.152,0.158,0.148,0.1555,110460,0
4MS,D,20200416,000000,0.148,0.155,0.14,0.152,668714,0
4MS,D,20200417,000000,0.147,0.156,0.142,0.153,30822,0
4MS,D,20200420,000000,0.153,0.155,0.1425,0.149,156894,0
4MS,D,20200421,000000,0.1425,0.1495,0.133,0.1355,477385,0
4MS,D,20200422,000000,0.1315,0.141,0.1305,0.141,153088,0
4MS,D,20200423,000000,0.142,0.142,0.13,0.138,10008,0
4MS,D,20200424,000000,0.137,0.169,0.1315,0.162,1086779,0
4MS,D,20200427,000000,0.166,0.182,0.151,0.1705,758611,0
4MS,D,20200428,000000,0.151,0.17,0.151,0.157,701717,0
4MS,D,20200429,000000,0.165,0.167,0.1535,0.1645,25821,0
4MS,D,20200430,000000,0.1545,0.163,0.146,0.152,131741,0
4MS,D,20200504,000000,0.1505,0.163,0.1425,0.154,232263,0
4MS,D,20200505,000000,0.154,0.157,0.143,0.152,152385,0
4MS,D,20200506,000000,0.152,0.156,0.141,0.142,265278,0
4MS,D,20200507,000000,0.1465,0.1595,0.14,0.1545,101196,0
4MS,D,20200508,000000,0.1245,0.145,0.124,0.145,1869092,0
4MS,D,20200511,000000,0.15,0.1545,0.14,0.14,352941,0
4MS,D,20200512,000000,0.14,0.148,0.1365,0.1425,374924,0
4MS,D,20200513,000000,0.1425,0.145,0.1385,0.1435,356411,0
4MS,D,20200514,000000,0.1425,0.1425,0.1325,0.142,250170,0
4MS,D,20200515,000000,0.155,0.16,0.1425,0.1445,700249,0
4MS,D,20200518,000000,0.149,0.149,0.141,0.1425,175097,0
4MS,D,20200519,000000,0.141,0.145,0.14,0.142,363384,0
4MS,D,20200520,000000,0.138,0.143,0.1365,0.143,135900,0
4MS,D,20200521,000000,0.1455,0.148,0.1335,0.139,243085,0
4MS,D,20200522,000000,0.1415,0.1425,0.138,0.142,149834,0
4MS,D,20200525,000000,0.147,0.148,0.14,0.146,351422,0
4MS,D,20200526,000000,0.145,0.145,0.138,0.143,183528,0
4MS,D,20200527,000000,0.144,0.144,0.138,0.1405,144951,0
4MS,D,20200528,000000,0.141,0.141,0.1305,0.1365,536962,0
4MS,D,20200529,000000,0.1365,0.1365,0.132,0.1355,78811,0
4MS,D,20200601,000000,0.134,0.142,0.1325,0.139,239255,0
4MS,D,20200602,000000,0.1375,0.141,0.1345,0.1355,127633,0
4MS,D,20200603,000000,0.1355,0.141,0.135,0.141,157964,0
4MS,D,20200604,000000,0.139,0.147,0.139,0.145,369334,0
4MS,D,20200605,000000,0.145,0.168,0.139,0.147,1736012,0
4MS,D,20200608,000000,0.1495,0.156,0.145,0.153,644940,0
4MS,D,20200609,000000,0.15,0.1575,0.145,0.149,1559245,0
4MS,D,20200610,000000,0.149,0.152,0.144,0.144,607651,0
4MS,D,20200612,000000,0.144,0.144,0.139,0.1435,398835,0
4MS,D,20200615,000000,0.145,0.1455,0.1395,0.1395,170884,0
4MS,D,20200616,000000,0.146,0.146,0.142,0.146,90813,0
4MS,D,20200617,000000,0.149,0.1515,0.143,0.149,208119,0
4MS,D,20200618,000000,0.148,0.15,0.1445,0.149,179537,0
4MS,D,20200619,000000,0.1485,0.158,0.1485,0.155,688778,0
4MS,D,20200622,000000,0.155,0.155,0.1475,0.152,610353,0
4MS,D,20200623,000000,0.16,0.16,0.1525,0.157,446211,0
4MS,D,20200624,000000,0.1595,0.21,0.157,0.19,6659887,0
4MS,D,20200625,000000,0.1995,0.23,0.18,0.1805,8186427,0
4MS,D,20200626,000000,0.182,0.195,0.182,0.191,2247667,0
4MS,D,20200629,000000,0.193,0.222,0.193,0.211,8249954,0
4MS,D,20200630,000000,0.211,0.218,0.171,0.175,6468039,0
4MS,D,20200701,000000,0.17,0.186,0.1695,0.1845,2776780,0
4MS,D,20200702,000000,0.175,0.208,0.174,0.192,2852816,0
4MS,D,20200703,000000,0.194,0.212,0.194,0.207,2976619,0
4MS,D,20200706,000000,0.205,0.232,0.204,0.222,3969756,0
4MS,D,20200707,000000,0.23,0.238,0.215,0.224,3383490,0
4MS,D,20200708,000000,0.229,0.328,0.221,0.328,11458355,0
4MS,D,20200709,000000,0.5,0.6,0.41,0.6,16831256,0
4MS,D,20200710,000000,0.8,0.95,0.566,0.63,35330748,0
4MS,D,20200713,000000,0.7,0.818,0.566,0.8,17846192,0
4MS,D,20200714,000000,0.762,0.998,0.72,0.9,18827407,0
4MS,D,20200715,000000,0.976,1.04,0.824,0.894,10134477,0
4MS,D,20200716,000000,0.93,0.93,0.84,0.864,4021796,0
4MS,D,20200717,000000,0.86,0.86,0.772,0.834,2815208,0
4MS,D,20200720,000000,0.84,1.06,0.84,1.06,10361813,0
4MS,D,20200721,000000,1.4,1.5,1.36,1.5,5005015,0
4MS,D,20200723,000000,2.1,2.12,1.65,1.9,9413788,0
4MS,D,20200724,000000,1.91,2.26,1.755,2.17,5739450,0
4MS,D,20200727,000000,2.35,2.85,2.2,2.85,4196021,0
4MS,D,20200728,000000,3.22,3.9,3.06,3.9,7805413,0
4MS,D,20200729,000000,3.86,4.24,3.29,3.45,5789948,0
4MS,D,20200730,000000,3.15,3.23,1.9,2.15,8069555,0
4MS,D,20200731,000000,2.15,3.09,2.15,3.05,5707940,0
4MS,D,20200803,000000,3.6,3.85,3.3,3.7,5110501,0
4MS,D,20200804,000000,3.5,3.94,3.11,3.5,4902574,0
4MS,D,20200805,000000,3.46,3.46,2.6,2.9,4951656,0
4MS,D,20200806,000000,2.83,2.83,2.06,2.29,8800792,0
4MS,D,20200807,000000,2.01,2.84,1.63,2.28,11755447,0
4MS,D,20200810,000000,1.9,2.2,1.2,1.2,31557654,0
4MS,D,20200811,000000,1.29,1.54,0.94,1.145,30243080,0
4MS,D,20200812,000000,1.1,1.12,0.75,0.834,20584987,0
4MS,D,20200813,000000,0.84,0.992,0.8,0.91,20010430,0
4MS,D,20200814,000000,0.852,1.22,0.78,1.21,26191789,0
4MS,D,20200817,000000,1.18,1.28,1.045,1.13,9600169,0
4MS,D,20200818,000000,1.09,1.12,0.93,0.94,11702005,0
4MS,D,20200819,000000,0.95,1.035,0.9,0.966,3991153,0
4MS,D,20200820,000000,0.972,0.986,0.82,0.862,6595051,0
4MS,D,20200821,000000,0.864,1.05,0.8,0.98,10851433,0
4MS,D,20200824,000000,1.035,1.08,0.956,0.97,5860191,0
4MS,D,20200825,000000,0.97,0.97,0.89,0.89,3035076,0
4MS,D,20200826,000000,0.9,0.998,0.87,0.968,4622455,0
4MS,D,20200827,000000,1,1.03,0.916,0.93,4693135,0
4MS,D,20200828,000000,0.93,1.015,0.902,0.958,5236809,0
4MS,D,20200831,000000,0.994,1.02,0.936,0.956,2256575,0
4MS,D,20200901,000000,0.94,0.94,0.872,0.9,1613874,0
4MS,D,20200902,000000,0.9,1,0.868,0.894,4512967,0
4MS,D,20200903,000000,0.9,0.928,0.872,0.88,1409464,0
4MS,D,20200904,000000,0.862,0.862,0.79,0.81,4378711,0
4MS,D,20200907,000000,0.8,0.82,0.652,0.674,6775538,0
4MS,D,20200908,000000,0.67,0.67,0.44,0.556,10427498,0
4MS,D,20200909,000000,0.52,0.738,0.504,0.73,8991556,0
4MS,D,20200910,000000,0.76,0.8,0.666,0.71,7302241,0
4MS,D,20200911,000000,0.69,0.74,0.67,0.7,1101431,0
4MS,D,20200914,000000,0.69,0.708,0.656,0.656,1890347,0
4MS,D,20200915,000000,0.656,0.656,0.6,0.614,2422935,0
4MS,D,20200916,000000,0.6,0.766,0.584,0.7,6499793,0
4MS,D,20200917,000000,0.698,0.754,0.67,0.68,3733753,0
4MS,D,20200918,000000,0.68,0.732,0.67,0.702,1713117,0
4MS,D,20200921,000000,0.71,0.754,0.686,0.692,3867124,0
4MS,D,20200922,000000,0.71,0.852,0.68,0.78,10169451,0
4MS,D,20200923,000000,0.78,0.836,0.726,0.79,7227666,0
4MS,D,20200924,000000,0.8,0.95,0.75,0.86,14171233,0
4MS,D,20200925,000000,0.854,0.93,0.854,0.902,4126330,0
4MS,D,20200928,000000,0.89,0.964,0.86,0.894,5275921,0
4MS,D,20200929,000000,0.918,0.918,0.82,0.856,2870910,0
4MS,D,20200930,000000,0.848,0.848,0.77,0.8,2794914,0
4MS,D,20201001,000000,0.8,0.828,0.76,0.81,2588867,0
4MS,D,20201002,000000,0.8,0.8,0.762,0.776,1510178,0
4MS,D,20201005,000000,0.77,0.794,0.72,0.754,3213547,0
4MS,D,20201006,000000,0.732,0.8,0.72,0.74,4580483,0
4MS,D,20201007,000000,0.74,0.792,0.722,0.75,2271396,0
4MS,D,20201008,000000,0.766,1.12,0.742,1.12,28096778,0
4MS,D,20201009,000000,1.3,1.56,1.25,1.315,34109247,0
4MS,D,20201012,000000,1.39,1.39,0.86,0.97,47367901,0
4MS,D,20201013,000000,0.98,1.04,0.85,0.958,13119972,0
4MS,D,20201014,000000,0.99,1.14,0.93,1.06,17343141,0
4MS,D,20201015,000000,1.09,1.09,0.964,0.964,9703497,0
4MS,D,20201016,000000,0.96,1.06,0.95,1.01,8326301,0
