<TICKER>,<PER>,<DATE>,<TIME>,<OPEN>,<HIGH>,<LOW>,<CLOSE>,<VOL>,<OPENINT>
AUX,D,20160122,000000,8.87,13,8.8,10.58,21493,0
AUX,D,20160125,000000,10.58,10.58,8.6,9.7,1091,0
AUX,D,20160126,000000,9.3,11.1,9.3,10.8,1363,0
AUX,D,20160127,000000,11.05,11.58,11.05,11.55,61,0
AUX,D,20160128,000000,10,11.2,9.7,11.2,1665,0
AUX,D,20160129,000000,11.15,12,10,12,1302,0
AUX,D,20160201,000000,11.5,13.68,11.5,12.1,5612,0
AUX,D,20160202,000000,12,13.6,11.3,13.6,983,0
AUX,D,20160203,000000,13.59,13.59,12.1,13.59,135,0
AUX,D,20160204,000000,13.59,13.59,11.85,12.07,949,0
AUX,D,20160205,000000,11.5,12.7,10,10.8,1295,0
AUX,D,20160208,000000,10.8,11.45,10.8,11.45,654,0
AUX,D,20160209,000000,10.8,13.57,10.5,13.57,9254,0
AUX,D,20160210,000000,13.25,13.25,13.25,13.25,40,0
AUX,D,20160211,000000,12.95,13.65,11.68,13.6,1997,0
AUX,D,20160212,000000,13.6,13.6,12.8,13.6,53,0
AUX,D,20160215,000000,13.6,13.6,12.3,13,2848,0
AUX,D,20160216,000000,13.3,13.5,13.3,13.5,35,0
AUX,D,20160217,000000,13.5,13.5,13.5,13.5,22,0
AUX,D,20160218,000000,13.5,13.6,12.6,12.9,322,0
AUX,D,20160219,000000,13,13.6,12.41,13.6,1008,0
AUX,D,20160222,000000,13.6,13.6,12.6,13.05,269,0
AUX,D,20160224,000000,13.25,13.37,13.25,13.37,35,0
AUX,D,20160225,000000,13.37,13.37,13.37,13.37,5,0
AUX,D,20160226,000000,13.37,13.37,13.37,13.37,2,0
AUX,D,20160229,000000,13.37,13.37,13.37,13.37,2,0
AUX,D,20160301,000000,13.37,13.37,13.37,13.37,2,0
AUX,D,20160302,000000,13.37,13.37,13.37,13.37,2,0
AUX,D,20160303,000000,13.37,13.37,13.37,13.37,7,0
AUX,D,20160304,000000,13.1,13.1,13.1,13.1,5,0
AUX,D,20160308,000000,13.05,13.05,12.8,12.8,11,0
AUX,D,20160309,000000,12.78,12.78,12.7,12.7,20,0
AUX,D,20160310,000000,12.7,13,12.45,13,60,0
AUX,D,20160311,000000,13.1,13.45,13,13,60,0
AUX,D,20160314,000000,13.5,13.5,13.5,13.5,10,0
AUX,D,20160324,000000,13,13,12.72,12.72,100,0
AUX,D,20160329,000000,12.5,12.5,12.5,12.5,10,0
AUX,D,20160330,000000,13,13.45,11.68,13.45,2741,0
AUX,D,20160331,000000,13.3,13.3,13.3,13.3,10,0
AUX,D,20160401,000000,13.3,13.3,13.3,13.3,5,0
AUX,D,20160404,000000,13.3,13.3,13.3,13.3,2,0
AUX,D,20160405,000000,13.3,13.3,13.3,13.3,2,0
AUX,D,20160406,000000,13.3,13.3,13.3,13.3,3,0
AUX,D,20160407,000000,13.3,13.3,13.3,13.3,2,0
AUX,D,20160408,000000,13.3,13.3,13.3,13.3,2,0
AUX,D,20160411,000000,13.3,13.3,13,13,149,0
AUX,D,20160412,000000,13,13,12.2,12.2,27,0
AUX,D,20160413,000000,12.2,12.2,12.1,12.1,40,0
AUX,D,20160414,000000,12,12,12,12,10,0
AUX,D,20160415,000000,11.9,11.9,11.9,11.9,10,0
AUX,D,20160418,000000,11.6,13,11.27,12.9,549,0
AUX,D,20160425,000000,13.59,13.59,13.59,13.59,74,0
AUX,D,20160428,000000,13.6,13.6,13.6,13.6,2,0
AUX,D,20160429,000000,13.6,14.1,13.6,14.1,667,0
AUX,D,20160502,000000,13.9,13.9,13.75,13.75,150,0
AUX,D,20160504,000000,13.75,13.75,13.75,13.75,5,0
AUX,D,20160505,000000,13.75,13.75,13.75,13.75,2,0
AUX,D,20160506,000000,13.75,13.75,13.75,13.75,5,0
AUX,D,20160509,000000,13.75,13.75,13.75,13.75,12,0
AUX,D,20160510,000000,13.75,13.75,13.75,13.75,1,0
AUX,D,20160511,000000,13.75,16,13.75,14.55,251,0
AUX,D,20160517,000000,14.55,14.55,14.55,14.55,50,0
AUX,D,20160525,000000,14.55,14.55,14.5,14.5,80,0
AUX,D,20160606,000000,14.7,15.5,14.7,15.5,72,0
AUX,D,20160607,000000,15.98,16.5,15.98,16.5,74,0
AUX,D,20160609,000000,16.5,17.8,16.5,17,54,0
AUX,D,20160615,000000,17,18,17,18,26,0
AUX,D,20160617,000000,18,18,17,17,77,0
AUX,D,20160620,000000,17.5,17.6,17.5,17.6,15,0
AUX,D,20160621,000000,17.6,17.6,16.71,16.71,109,0
AUX,D,20160624,000000,17.5,17.5,17.5,17.5,10,0
AUX,D,20160627,000000,17.7,17.7,17.7,17.7,10,0
AUX,D,20160630,000000,16.5,16.5,16.5,16.5,15,0
AUX,D,20160704,000000,16.5,16.8,16,16.8,168,0
AUX,D,20160705,000000,16.8,17.8,16.01,17.35,1010,0
AUX,D,20160706,000000,17.79,19.5,17.79,18.5,1366,0
AUX,D,20160707,000000,19.45,21.1,19.1,21.1,940,0
AUX,D,20160708,000000,21.1,21.3,21.1,21.3,124,0
AUX,D,20160711,000000,21.1,21.95,21.1,21.95,331,0
AUX,D,20160712,000000,21.95,23.85,21.2,21.2,635,0
AUX,D,20160713,000000,22.75,24.5,22.75,24.5,225,0
AUX,D,20160714,000000,24.5,29,24.5,24.9,118,0
AUX,D,20160715,000000,25,25,25,25,11,0
AUX,D,20160718,000000,26.5,26.5,26.5,26.5,2,0
AUX,D,20160719,000000,26.5,28.7,26.5,28.7,58,0
AUX,D,20160720,000000,26,26,25.6,25.6,13,0
AUX,D,20160721,000000,25.6,25.6,25.6,25.6,30,0
AUX,D,20160725,000000,25.1,25.1,25.1,25.1,50,0
AUX,D,20160726,000000,25,25,25,25,24,0
AUX,D,20160727,000000,25,25,25,25,2,0
AUX,D,20160728,000000,25,25,25,25,48,0
AUX,D,20160801,000000,25,25,25,25,2,0
AUX,D,20160811,000000,26,27.5,26,26.3,919,0
AUX,D,20160817,000000,26,26,26,26,100,0
AUX,D,20160819,000000,27,27,27,27,25,0
AUX,D,20160822,000000,27.7,27.71,27.7,27.7,47,0
AUX,D,20160823,000000,27.8,27.8,27.8,27.8,1,0
AUX,D,20160824,000000,27.7,27.7,27.7,27.7,2,0
AUX,D,20160825,000000,27.5,27.5,26.19,26.19,27,0
AUX,D,20160826,000000,26.8,26.9,26.8,26.9,20,0
AUX,D,20160829,000000,26.5,26.5,26.29,26.3,57,0
AUX,D,20160830,000000,26.5,26.5,26.5,26.5,2,0
AUX,D,20160831,000000,26.8,26.8,26.8,26.8,1,0
AUX,D,20160901,000000,26.8,26.8,23.6,25.7,122,0
AUX,D,20160902,000000,24.95,24.95,24.95,24.95,2,0
AUX,D,20160906,000000,24.95,24.95,23.56,23.56,32,0
AUX,D,20160907,000000,24,24,24,24,1,0
AUX,D,20160915,000000,23.95,23.95,22.53,22.53,4,0
AUX,D,20160920,000000,22,24.3,22,24.3,69,0
AUX,D,20160921,000000,24.5,25.5,24.5,25.5,20,0
AUX,D,20160928,000000,25.5,25.95,25.5,25.95,10,0
AUX,D,20160929,000000,26.1,26.25,26.1,26.25,10,0
AUX,D,20161003,000000,26.1,26.1,26.1,26.1,1,0
AUX,D,20161004,000000,26.1,26.1,26.1,26.1,2,0
AUX,D,20161005,000000,26.1,26.1,26.1,26.1,1,0
AUX,D,20161006,000000,26.1,26.1,26.1,26.1,2,0
AUX,D,20161007,000000,26.1,26.1,26.1,26.1,1,0
AUX,D,20161010,000000,26.1,26.1,24.3,26.1,53,0
AUX,D,20161011,000000,24.3,24.3,23.3,23.3,51,0
AUX,D,20161012,000000,24,26,24,26,30,0
AUX,D,20161013,000000,24.5,24.5,22.8,24.5,92,0
AUX,D,20161014,000000,23.5,24,23,24,55,0
AUX,D,20161017,000000,24,24,23,24,3,0
AUX,D,20161019,000000,22.8,22.8,22.35,22.35,50,0
AUX,D,20161020,000000,22,22.57,21.49,22.57,35,0
AUX,D,20161024,000000,22.98,22.98,22.98,22.98,5,0
AUX,D,20161104,000000,23,23.09,23,23.09,11,0
AUX,D,20161109,000000,23.72,23.72,23.72,23.72,1,0
AUX,D,20161110,000000,22.7,23.76,21,23.4,333,0
AUX,D,20161114,000000,23.4,23.68,23.4,23.68,52,0
AUX,D,20161115,000000,23.69,23.69,21,23,121,0
AUX,D,20161116,000000,23,23.6,23,23.6,10,0
AUX,D,20161117,000000,22.5,23.67,21,22.5,165,0
AUX,D,20161118,000000,22.5,22.99,22.5,22.99,25,0
AUX,D,20161121,000000,23,23.48,23,23.48,15,0
AUX,D,20161122,000000,23.49,23.49,23.49,23.49,20,0
AUX,D,20161123,000000,23.49,23.49,21,22.13,77,0
AUX,D,20161124,000000,22.5,22.99,22.5,22.99,26,0
AUX,D,20161125,000000,22.99,23.69,22.99,23.69,95,0
AUX,D,20161128,000000,23.69,23.8,23.69,23.8,43,0
AUX,D,20161129,000000,23.8,24.21,23.8,24.21,21,0
AUX,D,20161130,000000,24.49,24.49,22.57,24.35,42,0
AUX,D,20161201,000000,23.2,23.2,21,23,119,0
AUX,D,20161202,000000,23,23.08,23,23.08,6,0
AUX,D,20161205,000000,23.08,23.08,23.08,23.08,1,0
AUX,D,20161206,000000,23.08,23.08,23.08,23.08,2,0
AUX,D,20161207,000000,23.08,23.3,23.08,23.29,57,0
AUX,D,20161208,000000,23.29,23.29,23.29,23.29,1,0
AUX,D,20161209,000000,23.29,26,23.29,26,239,0
AUX,D,20161212,000000,25.5,25.5,25.5,25.5,1,0
AUX,D,20161213,000000,25.5,25.5,25.5,25.5,1,0
AUX,D,20161214,000000,25.5,25.5,25.49,25.5,13,0
AUX,D,20161215,000000,25.5,25.5,25.5,25.5,1,0
AUX,D,20161216,000000,25.5,25.5,25.5,25.5,2,0
AUX,D,20161219,000000,25.5,25.99,25.5,25.99,12,0
AUX,D,20161227,000000,25.99,26.04,25.99,26.04,11,0
AUX,D,20161228,000000,26.05,30,26.05,30,205,0
AUX,D,20161229,000000,30,33.3,26.35,30.17,83,0
AUX,D,20161230,000000,30.15,35,29.9,33,72,0
AUX,D,20170102,000000,33.5,34.7,33.49,34,105,0
AUX,D,20170104,000000,32.5,32.5,32.5,32.5,2,0
AUX,D,20170105,000000,33,33,33,33,1,0
AUX,D,20170109,000000,31,31.5,25,31.49,67,0
AUX,D,20170110,000000,28.9,28.9,28.9,28.9,2,0
AUX,D,20170111,000000,29,33.5,29,33.49,79,0
AUX,D,20170113,000000,30,30,30,30,3,0
AUX,D,20170116,000000,32,34.98,32,34.98,71,0
AUX,D,20170117,000000,29.51,31.62,29.43,30,77,0
AUX,D,20170118,000000,29,31,29,29,11,0
AUX,D,20170119,000000,27.45,27.45,25,26.49,131,0
AUX,D,20170123,000000,25.5,30,24,30,200,0
AUX,D,20170124,000000,25.3,29.99,23.55,26.43,196,0
AUX,D,20170125,000000,25,26.43,22.5,26.43,99,0
AUX,D,20170126,000000,24,28.8,23,28.8,267,0
AUX,D,20170127,000000,25.76,30.9,25.2,26.5,231,0
AUX,D,20170130,000000,26.75,27,26.75,27,12,0
AUX,D,20170131,000000,27,27.07,27,27.07,51,0
AUX,D,20170201,000000,28.89,29.79,28.89,29.79,15,0
AUX,D,20170202,000000,26.5,26.5,26.5,26.5,39,0
AUX,D,20170203,000000,25.5,27,25,27,57,0
AUX,D,20170207,000000,25.49,29,23,29,191,0
AUX,D,20170213,000000,26.5,26.5,24,26.49,198,0
AUX,D,20170214,000000,26.49,28.08,26.49,28.08,17,0
AUX,D,20170215,000000,26.5,26.5,24,26.25,155,0
AUX,D,20170217,000000,26.25,26.25,26.25,26.25,13,0
AUX,D,20170220,000000,26.2,26.2,26.2,26.2,7,0
AUX,D,20170221,000000,26.24,28.98,25,28.98,250,0
AUX,D,20170222,000000,27,29,25,29,373,0
AUX,D,20170223,000000,29,29,27,27,36,0
AUX,D,20170224,000000,28.5,28.98,26,28.98,45,0
AUX,D,20170227,000000,28.98,29.44,26,29.44,210,0
AUX,D,20170228,000000,29.44,29.44,29.44,29.44,10,0
AUX,D,20170301,000000,27,27,25,26.89,279,0
AUX,D,20170302,000000,26.89,26.89,26.89,26.89,5,0
AUX,D,20170303,000000,26.89,29.39,23.39,29.3,611,0
AUX,D,20170306,000000,29.29,29.29,25,29,206,0
AUX,D,20170307,000000,29,29.25,24,29,273,0
AUX,D,20170308,000000,28.89,28.89,26.04,27.41,139,0
AUX,D,20170309,000000,28.9,28.9,28.9,28.9,1,0
AUX,D,20170310,000000,27,27,25.31,26.9,61,0
AUX,D,20170313,000000,26.89,26.89,26.89,26.89,3,0
AUX,D,20170314,000000,26,27.84,24.53,27.84,251,0
AUX,D,20170315,000000,26.5,26.5,26.5,26.5,5,0
AUX,D,20170316,000000,27,29.15,25,29.15,915,0
AUX,D,20170317,000000,27,29.2,25.31,29.2,244,0
AUX,D,20170320,000000,27.6,31.99,27,28,373,0
AUX,D,20170321,000000,27.5,27.5,27.5,27.5,5,0
AUX,D,20170322,000000,29,33,25.56,27,461,0
AUX,D,20170323,000000,28,28,27,27,6,0
AUX,D,20170324,000000,28,31,28,31,31,0
AUX,D,20170327,000000,28.5,34,28.5,34,292,0
AUX,D,20170329,000000,34,40.8,33,40.8,222,0
AUX,D,20170330,000000,35.83,42.9,35.83,42.9,75,0
AUX,D,20170331,000000,39,43.7,39,41.8,410,0
AUX,D,20170403,000000,39,39,33,33,192,0
AUX,D,20170404,000000,35,35,35,35,1,0
AUX,D,20170406,000000,35,35,35,35,1,0
AUX,D,20170407,000000,34.9,34.9,28,28.47,105,0
AUX,D,20170410,000000,34,34,27.5,30,176,0
AUX,D,20170411,000000,27.5,28,26,28,173,0
AUX,D,20170412,000000,28,29.99,28,29.99,53,0
AUX,D,20170413,000000,29.95,29.95,29.95,29.95,13,0
AUX,D,20170418,000000,29.95,29.95,29.95,29.95,1,0
AUX,D,20170419,000000,27,27.41,25,26,194,0
AUX,D,20170420,000000,26,26,25,25.9,91,0
AUX,D,20170421,000000,25,28,24,28,258,0
AUX,D,20170424,000000,28,29.99,28,29.99,150,0
AUX,D,20170425,000000,29,29,27,29,149,0
AUX,D,20170427,000000,26.7,31,23,29,313,0
AUX,D,20170428,000000,23.29,27.95,23,27.95,684,0
AUX,D,20170502,000000,27,28.5,21.6,28.2,1269,0
AUX,D,20170504,000000,25,25,20.01,20.5,3518,0
AUX,D,20170505,000000,21.49,21.49,20.1,20.79,247,0
AUX,D,20170508,000000,20.84,24.4,20.84,22.64,1134,0
AUX,D,20170509,000000,21.5,22.3,21,22,410,0
AUX,D,20170510,000000,22,22,16.2,17.58,2505,0
AUX,D,20170511,000000,16.83,19.9,16.83,19.9,709,0
AUX,D,20170512,000000,19.8,23.75,19.8,23.75,921,0
AUX,D,20170515,000000,23.7,23.72,20.5,23.19,396,0
AUX,D,20170516,000000,23.2,23.75,18.61,23.75,1279,0
AUX,D,20170517,000000,22.2,23.1,20.7,23,1836,0
AUX,D,20170518,000000,22.84,22.84,21.26,22.81,52,0
AUX,D,20170519,000000,22.82,22.82,21.1,22.81,94,0
AUX,D,20170522,000000,22.83,23.45,21.5,23.41,407,0
AUX,D,20170523,000000,23.44,24.79,21.75,24.79,267,0
AUX,D,20170524,000000,24.79,24.79,24.79,24.79,1,0
AUX,D,20170525,000000,24.53,24.53,22.5,24.17,91,0
AUX,D,20170526,000000,24.16,24.16,22.5,23.9,461,0
AUX,D,20170529,000000,23.72,23.72,23.72,23.72,2,0
AUX,D,20170530,000000,23.72,23.72,21.8,21.8,141,0
AUX,D,20170531,000000,23.1,23.72,21.5,23.72,279,0
AUX,D,20170601,000000,23.9,28.68,23.42,28.68,403,0
AUX,D,20170602,000000,28.9,30,28,30,127,0
AUX,D,20170605,000000,27,30.99,25.5,30.99,381,0
AUX,D,20170606,000000,27,29.5,27,29.5,32,0
AUX,D,20170607,000000,29.54,30.4,29.54,30.39,253,0
AUX,D,20170608,000000,30.39,30.39,30.39,30.39,101,0
AUX,D,20170609,000000,30.4,36.4,30.4,34.95,343,0
AUX,D,20170612,000000,34.89,34.89,34.87,34.87,5,0
AUX,D,20170613,000000,34.88,36,34.88,36,248,0
AUX,D,20170614,000000,35.5,35.5,35.5,35.5,1,0
AUX,D,20170616,000000,35.5,35.5,35.5,35.5,1,0
AUX,D,20170619,000000,35.5,36.3,33.5,33.5,52,0
AUX,D,20170620,000000,33.5,33.5,31,31,100,0
AUX,D,20170621,000000,31,33,31,33,178,0
AUX,D,20170622,000000,33,35,32,35,1320,0
AUX,D,20170623,000000,34.99,34.99,34.99,34.99,1,0
AUX,D,20170626,000000,34.99,34.99,34.99,34.99,2,0
AUX,D,20170627,000000,34.38,40.8,34.38,40.8,276,0
AUX,D,20170628,000000,40.8,41,37,41,217,0
AUX,D,20170629,000000,41,46,41,46,109,0
AUX,D,20170703,000000,45.9,50,45.9,50,60,0
AUX,D,20170704,000000,53,55,53,55,3,0
AUX,D,20170705,000000,55,55,44,47,113,0
AUX,D,20170706,000000,44,44,40,40,60,0
AUX,D,20170707,000000,42,42,41.5,41.5,5,0
AUX,D,20170710,000000,41.45,41.45,41.45,41.45,1,0
AUX,D,20170711,000000,41.49,41.49,37,41.36,43,0
AUX,D,20170712,000000,37,42,34,42,106,0
AUX,D,20170713,000000,41.88,41.88,41.88,41.88,1,0
AUX,D,20170714,000000,40.83,40.83,40.83,40.83,19,0
AUX,D,20170717,000000,40.2,40.2,34,38.49,94,0
AUX,D,20170718,000000,38.49,38.49,38.49,38.49,1,0
AUX,D,20170719,000000,38.49,38.49,38.49,38.49,1,0
AUX,D,20170720,000000,38.13,40,34,39.75,146,0
AUX,D,20170721,000000,39.74,39.74,39.74,39.74,1,0
AUX,D,20170724,000000,39.74,39.74,36.5,39.2,27,0
AUX,D,20170725,000000,38.49,38.49,36,38.49,375,0
AUX,D,20170802,000000,37.99,45.58,32,45.58,489,0
AUX,D,20170803,000000,45.99,45.99,42.5,45.66,26,0
AUX,D,20170804,000000,46,47.99,40,43,173,0
AUX,D,20170807,000000,43,47.99,41,47.35,130,0
AUX,D,20170808,000000,47.89,47.89,40,47.89,37,0
AUX,D,20170809,000000,47.88,47.88,47.88,47.88,1,0
AUX,D,20170810,000000,47.88,47.88,42,42,49,0
AUX,D,20170811,000000,42,42,42,42,15,0
AUX,D,20170814,000000,44.05,44.05,41,41,26,0
AUX,D,20170816,000000,41,41,41,41,1,0
AUX,D,20170817,000000,41,41,41,41,1,0
AUX,D,20170818,000000,41,41,41,41,1,0
AUX,D,20170821,000000,41,45,39,44.04,110,0
AUX,D,20170822,000000,43,43,43,43,50,0
AUX,D,20170823,000000,44,44.99,40,41,71,0
AUX,D,20170824,000000,41,42.5,38,41.36,149,0
AUX,D,20170825,000000,38.5,41.5,38,41.5,178,0
AUX,D,20170828,000000,38.5,43,38.5,43,68,0
AUX,D,20170831,000000,38.5,45.39,38.5,45.39,97,0
AUX,D,20170901,000000,41,44.05,41,44.05,26,0
AUX,D,20170907,000000,42,43,42,43,14,0
AUX,D,20170908,000000,43,47.89,41.5,44.59,119,0
AUX,D,20170911,000000,40,42.98,40,42.98,27,0
AUX,D,20170912,000000,43,46.5,43,43.5,85,0
AUX,D,20170913,000000,44.05,45,44.05,45,2,0
AUX,D,20170918,000000,45,47.49,42,46.2,137,0
AUX,D,20170919,000000,43,45.5,40,42.44,259,0
AUX,D,20170920,000000,39.5,45,39.5,45,188,0
AUX,D,20170921,000000,45,45,45,45,109,0
AUX,D,20170922,000000,45,45,42,44,29,0
AUX,D,20170925,000000,43.51,47,43.51,47,62,0
AUX,D,20170926,000000,43,46,43,46,25,0
AUX,D,20170927,000000,42.85,43.5,42,43.5,46,0
AUX,D,20170928,000000,42.85,44,40,44,179,0
AUX,D,20170929,000000,44,50,41,50,247,0
AUX,D,20171002,000000,50,52,49.99,52,551,0
AUX,D,20171003,000000,51.9,56,38,38,314,0
AUX,D,20171004,000000,41.51,43,41.51,43,11,0
AUX,D,20171005,000000,43,43,43,43,1,0
AUX,D,20171006,000000,40,43.2,40,43.2,390,0
AUX,D,20171009,000000,43.2,43.83,40,43.83,577,0
AUX,D,20171010,000000,43.5,43.95,43.5,43.95,455,0
AUX,D,20171011,000000,44,44,40,40,803,0
AUX,D,20171012,000000,41,42,41,41.5,680,0
AUX,D,20171013,000000,41.6,42,41.6,41.98,553,0
AUX,D,20171016,000000,41.99,41.99,41.98,41.99,295,0
AUX,D,20171017,000000,41.98,41.98,41.98,41.98,1,0
AUX,D,20171018,000000,41.98,43,39,42.01,648,0
AUX,D,20171019,000000,42.1,42.49,42.1,42.49,7,0
AUX,D,20171020,000000,42.49,42.49,39.3,42.21,44,0
AUX,D,20171024,000000,39.3,41,38.7,40.5,106,0
AUX,D,20171025,000000,40.5,41.9,38,41.9,381,0
AUX,D,20171026,000000,39.1,41.9,37,41.9,57,0
AUX,D,20171027,000000,41.9,41.9,38,41.3,164,0
AUX,D,20171030,000000,38.5,41,38,41,58,0
AUX,D,20171102,000000,38,41,36,41,61,0
AUX,D,20171103,000000,38.16,40.5,38.16,40.5,36,0
AUX,D,20171106,000000,40,41,40,41,22,0
AUX,D,20171108,000000,38.16,39,35,39,85,0
AUX,D,20171109,000000,39,39.3,36.82,39.3,113,0
AUX,D,20171110,000000,39.3,39.9,39.3,39.89,1236,0
AUX,D,20171113,000000,39.9,40,39.9,39.99,403,0
AUX,D,20171114,000000,37.7,40,37,40,69,0
AUX,D,20171115,000000,37.3,39.99,34,39.86,143,0
AUX,D,20171121,000000,36.5,40,36.5,40,1349,0
AUX,D,20171122,000000,37.3,40,36,36,63,0
AUX,D,20171123,000000,36,36.79,36,36.78,90,0
AUX,D,20171124,000000,32,32,23.89,23.89,365,0
AUX,D,20171127,000000,23.89,28,23,27.48,206,0
AUX,D,20171128,000000,27.47,30.49,23.2,28,179,0
AUX,D,20171129,000000,27.8,30.99,23.2,27,249,0
AUX,D,20171130,000000,27,29,22,25.3,402,0
AUX,D,20171201,000000,25.5,30.39,21.01,21.01,1042,0
AUX,D,20171204,000000,22,24.9,22,24.6,202,0
AUX,D,20171205,000000,24.4,29,20,29,1305,0
AUX,D,20171206,000000,34,40.8,27.43,40.78,288,0
AUX,D,20171207,000000,40.45,42.49,33,42.49,586,0
AUX,D,20171208,000000,42.5,50,38,43.5,354,0
AUX,D,20171211,000000,43.5,44.05,39,44.05,191,0
AUX,D,20171212,000000,44.05,48,40,47.2,606,0
AUX,D,20171213,000000,47.9,48,47.9,48,41,0
AUX,D,20171214,000000,48,56.85,43,48,683,0
AUX,D,20171215,000000,56.9,59.18,56.9,59.18,42,0
AUX,D,20171218,000000,69.99,69.99,56,62.99,62,0
AUX,D,20171219,000000,62.9,62.9,62.8,62.9,83,0
AUX,D,20171220,000000,61.49,64.9,52,64,1568,0
AUX,D,20171221,000000,69,69,67.9,67.9,27,0
AUX,D,20171222,000000,67.9,70,55,68,196,0
AUX,D,20171227,000000,68,68,56.6,63.94,142,0
AUX,D,20171228,000000,63.94,74,63.91,74,323,0
AUX,D,20171229,000000,76,76,76,76,15,0
AUX,D,20180103,000000,80,82,80,82,40,0
AUX,D,20180104,000000,82,82,82,82,2,0
AUX,D,20180105,000000,84,86,81,81,14,0
AUX,D,20180108,000000,84.8,85.8,84.8,85.8,25,0
AUX,D,20180109,000000,85.8,90,85.8,90,44,0
AUX,D,20180110,000000,89.8,90,82.4,89,71,0
AUX,D,20180111,000000,89.8,89.8,89.6,89.8,666,0
AUX,D,20180112,000000,89.8,89.8,73.6,88,108,0
AUX,D,20180115,000000,88,88.8,88,88.8,25,0
AUX,D,20180116,000000,88,90,72,87.8,451,0
AUX,D,20180117,000000,89.6,89.6,89.6,89.6,233,0
AUX,D,20180118,000000,88.6,88.6,75.8,88.4,313,0
AUX,D,20180119,000000,88,88,87.8,87.8,247,0
AUX,D,20180122,000000,87.8,93,76.2,85,506,0
AUX,D,20180130,000000,28,28,22.4,22.4,6105,0
AUX,D,20180131,000000,20.8,20.9,20,20.8,3687,0
AUX,D,20180201,000000,20.3,20.3,17.5,19.9,202,0
AUX,D,20180202,000000,16.6,19.9,16.6,19.9,554,0
AUX,D,20180205,000000,19.9,19.9,16,19.55,599,0
AUX,D,20180206,000000,16.8,18.5,15.8,18.45,940,0
AUX,D,20180208,000000,18.35,18.35,15,17.5,633,0
AUX,D,20180209,000000,17.5,17.8,17.45,17.5,307,0
AUX,D,20180212,000000,17.5,17.7,17.5,17.7,251,0
AUX,D,20180213,000000,17.85,17.85,17.8,17.8,33,0
AUX,D,20180214,000000,17.8,17.85,14.85,17.4,213,0
AUX,D,20180215,000000,17,17,15.35,17,119,0
AUX,D,20180220,000000,16.2,17,16.2,17,121,0
AUX,D,20180221,000000,16.8,16.8,16.8,16.8,1,0
AUX,D,20180222,000000,15,15.3,13.65,15.3,173,0
AUX,D,20180223,000000,15.25,16,15.25,15.95,141,0
AUX,D,20180226,000000,15.95,15.95,15.95,15.95,1,0
AUX,D,20180227,000000,15.9,16,15.9,16,41,0
AUX,D,20180228,000000,16,16,13.9,16,282,0
AUX,D,20180302,000000,14.9,15.3,14.9,15.3,439,0
AUX,D,20180305,000000,15.3,15.3,15.3,15.3,1,0
AUX,D,20180306,000000,15.3,15.3,13.5,15.3,101,0
AUX,D,20180307,000000,15.3,15.3,15.3,15.3,1,0
AUX,D,20180308,000000,15.25,18.3,15.25,17.8,1584,0
AUX,D,20180309,000000,17.2,17.7,17,17.7,348,0
AUX,D,20180312,000000,17.6,17.6,15.4,17.6,102,0
AUX,D,20180313,000000,15.5,16.75,14.9,16.75,533,0
AUX,D,20180315,000000,16.1,17.8,14.9,17.8,1206,0
AUX,D,20180316,000000,16.95,16.95,14.6,16.4,1099,0
AUX,D,20180319,000000,15.6,16,13.8,16,532,0
AUX,D,20180321,000000,15.6,16.5,15.6,16.5,602,0
AUX,D,20180322,000000,16.4,16.4,16.4,16.4,1,0
AUX,D,20180323,000000,16.4,17,16.4,17,933,0
AUX,D,20180326,000000,17.75,18,17.5,18,1175,0
AUX,D,20180327,000000,17,18,13.6,13.6,1784,0
AUX,D,20180328,000000,13.6,16,12,16,1035,0
AUX,D,20180329,000000,15.9,16.1,15.9,16.1,236,0
AUX,D,20180403,000000,15.75,15.75,12.6,13,1423,0
AUX,D,20180404,000000,13,13.5,11.1,12.45,718,0
AUX,D,20180405,000000,11.95,11.95,9,9.58,1040,0
AUX,D,20180406,000000,9.98,9.98,6.7,9.6,748,0
AUX,D,20180409,000000,9.44,11.3,8.1,11.15,1883,0
AUX,D,20180410,000000,10.3,11.25,10.3,11.2,241,0
AUX,D,20180411,000000,11.2,12.9,11.2,12.85,461,0
AUX,D,20180412,000000,13.2,14,13,14,367,0
AUX,D,20180413,000000,13.5,13.5,10.8,13.5,392,0
AUX,D,20180416,000000,13.5,14.9,13.5,14.85,1118,0
AUX,D,20180417,000000,14.85,14.9,11.95,14.5,1282,0
AUX,D,20180418,000000,13.9,13.9,11.15,12.9,786,0
AUX,D,20180423,000000,12,12,9.6,10.2,777,0
AUX,D,20180424,000000,8.7,9.7,8.7,8.72,175,0
AUX,D,20180425,000000,9.56,9.56,7.66,8.94,321,0
AUX,D,20180426,000000,8.96,8.96,7.18,7.98,557,0
AUX,D,20180427,000000,7.94,9.52,6.5,9.52,1883,0
AUX,D,20180430,000000,9.2,9.2,9.16,9.16,9,0
AUX,D,20180502,000000,8.9,8.9,8,8,310,0
AUX,D,20180504,000000,7.8,7.84,7.8,7.84,402,0
AUX,D,20180507,000000,7.3,9.2,6.8,9.2,901,0
AUX,D,20180508,000000,8.98,8.98,8.8,8.98,78,0
AUX,D,20180509,000000,8.7,10.4,8.7,10.35,1345,0
AUX,D,20180510,000000,10.4,10.9,10.4,10.9,85,0
AUX,D,20180511,000000,10.2,10.9,8.16,8.16,1944,0
AUX,D,20180514,000000,8.9,8.9,7.12,8.8,892,0
AUX,D,20180515,000000,8.5,10.2,8.5,10.2,849,0
AUX,D,20180517,000000,9.96,9.96,8,9.04,1807,0
AUX,D,20180518,000000,8.96,8.96,7.18,7.94,1028,0
AUX,D,20180521,000000,7.5,9,6,6.04,7162,0
AUX,D,20180522,000000,7.04,7.04,6,6.98,1054,0
AUX,D,20180523,000000,6.76,6.76,6.48,6.48,12,0
AUX,D,20180524,000000,6.48,6.48,5.7,6.18,251,0
AUX,D,20180525,000000,6,6,5,5.6,2252,0
AUX,D,20180528,000000,5.6,5.9,4.5,5.72,3713,0
AUX,D,20180529,000000,5.56,6.04,4.45,6.04,5173,0
AUX,D,20180530,000000,6.1,6.2,5,6,2816,0
AUX,D,20180604,000000,5.9,6.54,4.72,6.54,7457,0
AUX,D,20180605,000000,6.4,6.86,6.4,6.84,652,0
AUX,D,20180606,000000,6.86,7.68,6.6,7.2,727,0
AUX,D,20180607,000000,7.2,7.2,5.76,6.84,4653,0
AUX,D,20180608,000000,6.84,8.2,6.84,8.18,1577,0
AUX,D,20180611,000000,8.2,9.8,8.2,9.8,2171,0
AUX,D,20180612,000000,9.9,11.85,9.9,10.6,2455,0
AUX,D,20180613,000000,11.6,13.9,10.1,12.8,1847,0
AUX,D,20180614,000000,12.7,13.9,10.8,13.9,1853,0
AUX,D,20180615,000000,14.4,17.2,13.5,13.5,3186,0
AUX,D,20180618,000000,14,15.1,12.4,13.5,1320,0
AUX,D,20180619,000000,13.3,13.3,11.9,13.3,195,0
AUX,D,20180620,000000,13.45,14,12.7,13.6,577,0
AUX,D,20180621,000000,13.5,13.5,13.5,13.5,2,0
AUX,D,20180622,000000,13.45,13.45,10.8,11.3,1061,0
AUX,D,20180625,000000,10.35,12.15,10,12.15,871,0
AUX,D,20180626,000000,12,13.9,10.7,12.7,2639,0
AUX,D,20180627,000000,12.45,13.7,10,13.7,2407,0
AUX,D,20180628,000000,13.6,13.6,11.35,12,1119,0
AUX,D,20180629,000000,12.55,12.55,10.8,12.45,926,0
AUX,D,20180702,000000,12.45,12.45,10,10.55,2470,0
AUX,D,20180703,000000,10.15,11.1,10.05,11.05,301,0
AUX,D,20180704,000000,10.95,10.95,10.8,10.8,15,0
AUX,D,20180705,000000,10,10,8,8.94,2713,0
AUX,D,20180706,000000,8.9,8.9,8.22,8.8,479,0
AUX,D,20180709,000000,8.7,8.76,8.7,8.76,31,0
AUX,D,20180710,000000,8.7,9.56,8.7,9.54,619,0
AUX,D,20180711,000000,9.54,9.9,8.4,9.3,428,0
AUX,D,20180712,000000,9.28,9.28,7.9,9.14,284,0
AUX,D,20180713,000000,7.9,8.4,7.46,8.4,232,0
AUX,D,20180716,000000,8.26,8.26,6.8,7.5,2504,0
AUX,D,20180717,000000,7.5,9,6.76,9,2369,0
AUX,D,20180718,000000,8.98,8.98,7.8,8.44,918,0
AUX,D,20180719,000000,8.42,8.46,8.42,8.46,2,0
AUX,D,20180720,000000,8.46,8.46,6.8,6.82,2476,0
AUX,D,20180723,000000,7.2,7.5,7.2,7.4,290,0
AUX,D,20180724,000000,7.46,7.6,7,7.6,719,0
AUX,D,20180725,000000,7.58,7.58,7.1,7.48,103,0
AUX,D,20180726,000000,7.44,7.48,6.6,7.3,1116,0
AUX,D,20180727,000000,7.2,7.2,7.2,7.2,3,0
AUX,D,20180730,000000,6.66,7,5.92,6.98,1284,0
AUX,D,20180731,000000,6.9,6.9,5.6,5.94,2032,0
AUX,D,20180801,000000,6.02,6.12,5.76,6.12,913,0
AUX,D,20180802,000000,6.08,6.54,6.08,6.4,565,0
AUX,D,20180803,000000,6.68,6.68,6,6.32,876,0
AUX,D,20180806,000000,6.06,6.16,5.9,6.14,371,0
AUX,D,20180807,000000,6.12,6.74,6.04,6.74,1278,0
AUX,D,20180808,000000,6.48,6.8,6.04,6.8,179,0
AUX,D,20180809,000000,6.04,6.06,4.85,6,4981,0
AUX,D,20180810,000000,5.68,6.8,5.62,6.58,3677,0
AUX,D,20180813,000000,6.66,6.8,5.72,6.5,2610,0
AUX,D,20180814,000000,6.44,7.72,5.9,7.72,6440,0
AUX,D,20180816,000000,6.96,8.2,6.9,7.4,4875,0
AUX,D,20180817,000000,7.7,7.7,6.9,7.56,2113,0
AUX,D,20180820,000000,7.4,7.4,5.94,6.26,2694,0
AUX,D,20180821,000000,6.26,6.4,5.6,6.36,1788,0
AUX,D,20180822,000000,5.9,6.54,5.9,6.5,451,0
AUX,D,20180823,000000,5.94,6.44,5.4,6.34,2629,0
AUX,D,20180824,000000,6.16,6.9,6,6.56,5644,0
AUX,D,20180827,000000,6.5,6.78,5.72,5.72,2165,0
AUX,D,20180828,000000,6,6.3,5.5,5.86,2716,0
AUX,D,20180829,000000,5.8,5.8,4.8,5.26,1813,0
AUX,D,20180830,000000,5.26,5.9,4.92,5.22,1686,0
AUX,D,20180831,000000,5.24,5.72,5,5.48,1283,0
AUX,D,20180903,000000,5.46,5.46,4.8,4.8,1699,0
AUX,D,20180904,000000,5.04,5.3,4.7,5.3,1254,0
AUX,D,20180906,000000,5.3,5.34,4.7,4.9,769,0
AUX,D,20180907,000000,4.89,5.2,4.2,5,4076,0
AUX,D,20180910,000000,4.96,5.16,4.2,4.98,5094,0
AUX,D,20180911,000000,4.65,4.65,4.4,4.52,1398,0
AUX,D,20180912,000000,4.56,5.46,4.42,5.36,4289,0
AUX,D,20180913,000000,5.36,6.42,4.88,6.36,9887,0
AUX,D,20180914,000000,6.3,6.98,5.68,6.46,3942,0
AUX,D,20180917,000000,5.78,6.02,5.34,5.78,1504,0
AUX,D,20180918,000000,5.82,6.54,5.3,6.14,6906,0
AUX,D,20180919,000000,6.12,6.86,5.7,6.78,5514,0
AUX,D,20180920,000000,5.92,6.6,5.9,6.6,695,0
AUX,D,20180921,000000,6.58,7.18,5.64,7.18,5167,0
AUX,D,20180924,000000,7.12,8.54,6.82,7.32,10117,0
AUX,D,20180925,000000,7.32,7.74,6.86,7.44,2233,0
AUX,D,20180926,000000,7.4,7.4,6.82,7.12,1924,0
AUX,D,20180927,000000,6.64,7,6.1,6.6,1204,0
AUX,D,20180928,000000,5.84,6.92,5.84,6.9,1821,0
AUX,D,20181001,000000,5.96,6.56,5.96,6.56,2,0
AUX,D,20181002,000000,5.94,6.2,5.48,5.7,2576,0
AUX,D,20181003,000000,5.7,6.48,5.6,6.44,2615,0
AUX,D,20181004,000000,6.46,6.76,5.52,6.4,2005,0
AUX,D,20181005,000000,6.4,6.7,6.3,6.7,1265,0
AUX,D,20181008,000000,6.5,6.5,5.68,6.2,1892,0
AUX,D,20181009,000000,6,6.48,6,6.42,877,0
AUX,D,20181010,000000,5.82,6.34,5.74,6.34,321,0
AUX,D,20181015,000000,6.18,6.42,6.18,6.42,580,0
AUX,D,20181017,000000,6,6.68,6,6.36,1580,0
AUX,D,20181018,000000,6.24,6.7,6.24,6.7,401,0
AUX,D,20181019,000000,6.02,6.4,5.86,6.32,1231,0
AUX,D,20181022,000000,5.9,6.12,5.42,6.12,926,0
AUX,D,20181023,000000,5.5,5.9,4.75,5.3,1922,0
AUX,D,20181024,000000,5.26,6.3,4.74,5.36,4255,0
AUX,D,20181025,000000,5.3,5.3,4.7,5.2,925,0
AUX,D,20181029,000000,4.5,4.77,4.5,4.77,1462,0
AUX,D,20181030,000000,4.74,4.74,4.74,4.74,1,0
AUX,D,20181031,000000,4.73,5.1,4.73,5.1,1001,0
AUX,D,20181105,000000,4.9,5.4,4,5.4,7494,0
AUX,D,20181106,000000,4.9,4.9,4.32,4.9,721,0
AUX,D,20181107,000000,4.8,5.4,4.28,5.32,4653,0
AUX,D,20181108,000000,4.94,4.94,4.4,4.5,1448,0
AUX,D,20181109,000000,4.52,5.1,4.22,5.1,2423,0
AUX,D,20181113,000000,5,5,4.34,4.83,2208,0
AUX,D,20181114,000000,4.59,4.59,4.32,4.5,410,0
AUX,D,20181115,000000,4.4,4.46,4.4,4.46,200,0
AUX,D,20181116,000000,4.47,4.48,3.9,4.3,2502,0
AUX,D,20181119,000000,4.17,4.28,4.09,4.1,738,0
AUX,D,20181120,000000,3.84,3.84,3.5,3.75,1779,0
AUX,D,20181121,000000,3.5,4.1,3.5,4,1624,0
AUX,D,20181122,000000,3.92,4.09,3.24,3.4,3081,0
AUX,D,20181123,000000,3.6,4.26,3.06,3.54,6579,0
AUX,D,20181126,000000,4.18,4.98,3.55,4.7,2562,0
AUX,D,20181127,000000,4.69,4.69,3.9,3.94,4,0
AUX,D,20181128,000000,4.54,4.54,3.96,4.5,4,0
AUX,D,20181129,000000,4.42,4.42,4.42,4.42,10,0
AUX,D,20181130,000000,4.39,4.39,4.39,4.39,10,0
AUX,D,20181203,000000,4.47,5.16,4.47,5.1,2178,0
AUX,D,20181204,000000,5.2,6.08,4.41,5.74,4776,0
AUX,D,20181205,000000,5.74,6,5.48,6,1261,0
AUX,D,20181206,000000,6,6.54,6,6.54,911,0
AUX,D,20181207,000000,6.38,6.8,6.38,6.8,952,0
AUX,D,20181210,000000,6.7,7.58,6,7.48,1752,0
AUX,D,20181211,000000,7.68,8.4,7.68,8.4,601,0
AUX,D,20181212,000000,8.4,9.9,6.72,6.94,12167,0
AUX,D,20181213,000000,6.9,6.9,5.62,5.7,847,0
AUX,D,20181214,000000,5.88,6.58,4.88,6.38,1116,0
AUX,D,20181217,000000,6.4,6.5,6.4,6.5,11,0
AUX,D,20181218,000000,6.28,6.3,5.04,5.54,1337,0
AUX,D,20181219,000000,5.04,5.46,4.8,5.28,1720,0
AUX,D,20181220,000000,5.24,6.24,4.62,5.68,1542,0
AUX,D,20181221,000000,5.62,5.86,5.56,5.56,208,0
AUX,D,20181227,000000,5.32,5.32,4.5,5.16,3337,0
AUX,D,20181228,000000,5.08,5.08,4.22,4.34,3000,0
AUX,D,20190102,000000,4.5,4.8,4,4.3,2738,0
AUX,D,20190103,000000,4.11,4.5,3.91,4.18,3576,0
AUX,D,20190104,000000,3.92,4.44,3.82,4.44,1896,0
AUX,D,20190107,000000,4.38,4.62,4,4.58,5087,0
AUX,D,20190108,000000,4.58,4.79,4.24,4.66,2298,0
AUX,D,20190109,000000,4.22,4.36,3.9,4.15,4244,0
AUX,D,20190110,000000,3.9,4.15,3.4,3.58,6784,0
AUX,D,20190111,000000,3.81,4.18,3.59,3.99,6140,0
AUX,D,20190114,000000,3.67,3.85,3.33,3.56,4590,0
AUX,D,20190115,000000,3.56,3.72,3.53,3.72,1718,0
AUX,D,20190116,000000,3.45,3.56,3.31,3.37,2647,0
AUX,D,20190117,000000,3.25,3.5,3.18,3.5,914,0
AUX,D,20190118,000000,3.3,3.5,3.1,3.45,3248,0
AUX,D,20190121,000000,2.76,3.3,2.7,2.9,8350,0
AUX,D,20190122,000000,2.8,3.14,2.53,2.96,8448,0
AUX,D,20190123,000000,2.95,2.95,2.8,2.95,888,0
AUX,D,20190124,000000,2.95,3.1,2.85,3,3574,0
AUX,D,20190125,000000,3.03,3.61,3.03,3.56,8010,0
AUX,D,20190128,000000,3.61,3.61,3.43,3.6,1672,0
AUX,D,20190129,000000,3.28,3.59,3.27,3.54,1272,0
AUX,D,20190130,000000,3.53,3.53,3,3.22,3133,0
AUX,D,20190131,000000,3.05,3.05,2.93,3,1119,0
AUX,D,20190201,000000,3,3.44,3,3.35,4436,0
AUX,D,20190204,000000,3.26,3.32,2.9,3.02,5789,0
AUX,D,20190205,000000,3,3.08,2.9,3.08,2185,0
AUX,D,20190206,000000,3.08,3.13,2.9,3.06,2508,0
AUX,D,20190207,000000,2.85,2.95,2.72,2.93,2300,0
AUX,D,20190208,000000,2.94,2.94,2.66,2.88,3739,0
AUX,D,20190211,000000,2.88,3.44,2.88,3.42,11357,0
AUX,D,20190212,000000,3.21,3.57,2.8,3.33,2722,0
AUX,D,20190213,000000,3.35,3.35,3,3.29,1460,0
AUX,D,20190214,000000,3.24,3.47,2.9,3.38,8496,0
AUX,D,20190215,000000,3.7,4.4,3.7,4.3,18892,0
AUX,D,20190218,000000,4.7,5.42,4.48,5.16,7747,0
AUX,D,20190219,000000,5.16,5.32,4.13,4.3,9096,0
AUX,D,20190220,000000,4.26,4.26,3.5,3.92,6586,0
AUX,D,20190221,000000,3.9,3.9,3.5,3.75,3578,0
AUX,D,20190222,000000,3.68,4.16,3.4,4.16,3170,0
AUX,D,20190225,000000,3.74,4.1,3.7,4.1,976,0
AUX,D,20190226,000000,3.7,3.7,3.3,3.3,9524,0
AUX,D,20190227,000000,3.3,3.6,3.3,3.6,10084,0
AUX,D,20190228,000000,3.7,3.98,3.49,3.79,5163,0
AUX,D,20190301,000000,3.8,4.45,3.6,4.34,13958,0
AUX,D,20190304,000000,4.34,4.37,3.74,4,1849,0
AUX,D,20190305,000000,4.18,4.18,3.77,4,1652,0
AUX,D,20190306,000000,3.9,3.97,3.6,3.79,6140,0
AUX,D,20190307,000000,3.78,3.78,3.45,3.77,1221,0
AUX,D,20190308,000000,3.62,3.62,3.48,3.56,526,0
AUX,D,20190311,000000,3.56,3.77,3.55,3.66,3304,0
AUX,D,20190312,000000,3.66,3.77,3.3,3.42,2998,0
AUX,D,20190313,000000,3.3,3.7,3.29,3.7,2654,0
AUX,D,20190314,000000,3.66,3.87,3.5,3.66,3533,0
AUX,D,20190315,000000,3.64,3.73,3.46,3.6,3512,0
AUX,D,20190318,000000,3.64,3.77,3.39,3.65,2062,0
AUX,D,20190319,000000,3.45,3.78,3.36,3.64,3080,0
AUX,D,20190320,000000,3.62,3.62,3.02,3.58,11069,0
AUX,D,20190321,000000,3.42,3.52,3.42,3.52,255,0
AUX,D,20190322,000000,3.5,3.5,3.4,3.5,915,0
AUX,D,20190325,000000,3.47,3.59,3.01,3.42,11882,0
AUX,D,20190326,000000,3.42,3.52,3.38,3.52,2061,0
AUX,D,20190327,000000,3.5,3.5,3.03,3.28,3571,0
AUX,D,20190328,000000,3.26,3.48,3.26,3.44,2846,0
AUX,D,20190329,000000,3.44,3.45,3.44,3.45,670,0
AUX,D,20190402,000000,3.45,3.45,3,3.19,7859,0
AUX,D,20190403,000000,3.18,3.18,3.1,3.18,3880,0
AUX,D,20190404,000000,3.18,3.18,3.18,3.18,5,0
AUX,D,20190405,000000,3.15,3.15,2.9,2.98,9810,0
AUX,D,20190408,000000,3.01,3.05,2.92,2.98,1231,0
AUX,D,20190409,000000,2.98,3,2.98,3,151,0
AUX,D,20190410,000000,2.75,2.91,2.61,2.61,10557,0
AUX,D,20190411,000000,2.75,2.9,2.6,2.84,7027,0
AUX,D,20190412,000000,2.75,2.88,2.6,2.7,4911,0
AUX,D,20190415,000000,2.7,2.76,2.6,2.68,4593,0
AUX,D,20190416,000000,2.7,2.7,2.62,2.7,2035,0
AUX,D,20190417,000000,2.7,2.7,2.57,2.64,1744,0
AUX,D,20190418,000000,2.57,3,2.57,2.76,7334,0
AUX,D,20190423,000000,2.76,2.9,2.75,2.75,1467,0
AUX,D,20190424,000000,2.8,2.89,2.72,2.84,1223,0
AUX,D,20190425,000000,2.76,2.76,2.5,2.64,5409,0
AUX,D,20190426,000000,2.66,2.7,2.58,2.7,1466,0
AUX,D,20190429,000000,2.64,2.72,2.56,2.72,1767,0
AUX,D,20190430,000000,2.72,2.81,2.72,2.81,741,0
AUX,D,20190502,000000,2.8,2.8,2.64,2.71,560,0
AUX,D,20190506,000000,2.66,2.67,2.2,2.67,7655,0
AUX,D,20190507,000000,2.66,2.66,2.4,2.59,1060,0
AUX,D,20190508,000000,2.4,2.69,2.4,2.69,149,0
AUX,D,20190510,000000,2.58,2.58,2.4,2.4,353,0
AUX,D,20190513,000000,2.5,2.67,2.4,2.67,169,0
AUX,D,20190514,000000,2.6,2.72,2.3,2.58,1791,0
AUX,D,20190515,000000,2.57,2.57,2.34,2.55,211,0
AUX,D,20190516,000000,2.58,3.09,2.58,2.93,12909,0
AUX,D,20190517,000000,2.93,2.98,2.65,2.72,8391,0
AUX,D,20190520,000000,2.7,2.82,2.7,2.82,2630,0
AUX,D,20190521,000000,2.8,2.8,2.7,2.79,594,0
AUX,D,20190522,000000,2.65,2.8,2.65,2.8,1004,0
AUX,D,20190523,000000,2.79,2.79,2.79,2.79,10,0
AUX,D,20190524,000000,2.78,2.78,2.54,2.67,2179,0
AUX,D,20190527,000000,2.7,2.75,2.51,2.75,822,0
AUX,D,20190528,000000,2.74,2.74,2.7,2.74,141,0
AUX,D,20190529,000000,2.72,2.72,2.5,2.63,1350,0
AUX,D,20190530,000000,2.63,2.63,2.4,2.58,6326,0
AUX,D,20190531,000000,2.42,2.69,2.4,2.68,7251,0
AUX,D,20190603,000000,2.62,2.62,2.3,2.4,7402,0
AUX,D,20190604,000000,2.5,2.5,2.21,2.48,2854,0
AUX,D,20190605,000000,2.4,2.4,2.22,2.38,2381,0
AUX,D,20190606,000000,2.36,2.36,2.1,2.1,1531,0
AUX,D,20190607,000000,2.04,2.38,2.04,2.04,5166,0
AUX,D,20190610,000000,2.05,2.29,2,2.17,4792,0
AUX,D,20190611,000000,2.17,2.17,1.91,2.1,10103,0
AUX,D,20190612,000000,2.1,2.38,1.95,2.38,4036,0
AUX,D,20190613,000000,2.38,2.38,2.16,2.3,3544,0
AUX,D,20190614,000000,2.16,2.4,2.01,2.19,5620,0
AUX,D,20190617,000000,2.2,2.52,2.2,2.48,11215,0
AUX,D,20190618,000000,2.48,2.9,2.45,2.75,10641,0
AUX,D,20190619,000000,2.75,2.75,2.25,2.6,2102,0
AUX,D,20190621,000000,2.45,2.65,2.4,2.65,6204,0
AUX,D,20190624,000000,2.42,2.65,2.35,2.65,2105,0
AUX,D,20190625,000000,2.62,2.62,2.33,2.5,1098,0
AUX,D,20190626,000000,2.4,2.4,2.31,2.4,3750,0
AUX,D,20190627,000000,2.4,2.5,2.4,2.5,450,0
AUX,D,20190628,000000,2.47,2.49,2.47,2.49,611,0
AUX,D,20190701,000000,2.48,2.48,2.36,2.44,1956,0
AUX,D,20190702,000000,2.35,2.35,2.2,2.25,5670,0
AUX,D,20190703,000000,2.31,2.34,2.26,2.26,2695,0
AUX,D,20190704,000000,2.25,2.25,2.12,2.2,3702,0
AUX,D,20190705,000000,2.26,2.26,2.26,2.26,941,0
AUX,D,20190709,000000,2.33,2.43,2.33,2.43,260,0
AUX,D,20190710,000000,2.3,2.3,2.3,2.3,1003,0
AUX,D,20190711,000000,2.33,2.36,2.26,2.26,1660,0
AUX,D,20190712,000000,2.2,2.26,2.18,2.26,2205,0
AUX,D,20190715,000000,2.26,2.26,2.26,2.26,10,0
AUX,D,20190716,000000,2.25,2.25,2.25,2.25,10,0
AUX,D,20190717,000000,2.23,2.23,2.1,2.15,1977,0
AUX,D,20190718,000000,2.12,2.29,2.12,2.29,1270,0
AUX,D,20190722,000000,2.25,2.25,2.16,2.16,945,0
AUX,D,20190723,000000,2.11,2.11,2.08,2.08,1932,0
AUX,D,20190724,000000,2.08,2.08,2.04,2.08,3321,0
AUX,D,20190725,000000,2,2.32,2,2.32,9890,0
AUX,D,20190726,000000,2.28,2.33,2.22,2.33,1367,0
AUX,D,20190729,000000,2.28,2.28,2.28,2.28,3,0
AUX,D,20190730,000000,2.27,2.32,2.08,2.19,1331,0
AUX,D,20190731,000000,2.2,2.45,2.2,2.2,6585,0
AUX,D,20190801,000000,2.38,2.38,2.38,2.38,10,0
AUX,D,20190802,000000,2.22,2.22,2.22,2.22,21,0
AUX,D,20190805,000000,2.2,2.21,2,2.21,2010,0
AUX,D,20190806,000000,2.18,2.32,2.18,2.18,2923,0
AUX,D,20190807,000000,2.15,2.15,2.14,2.15,2435,0
AUX,D,20190808,000000,2.22,2.26,2.22,2.26,410,0
AUX,D,20190809,000000,2.16,2.37,2.15,2.37,2905,0
AUX,D,20190812,000000,2.18,2.19,2.18,2.19,923,0
AUX,D,20190814,000000,2.2,3,2.2,2.69,30213,0
AUX,D,20190816,000000,2.67,2.77,2.41,2.73,1885,0
AUX,D,20190819,000000,2.64,2.64,2.16,2.55,4620,0
AUX,D,20190820,000000,2.28,2.54,2.21,2.24,5654,0
AUX,D,20190821,000000,2.24,2.39,2.24,2.39,1001,0
AUX,D,20190822,000000,2.37,2.37,2.2,2.2,1061,0
AUX,D,20190823,000000,2.18,2.18,2.18,2.18,142,0
AUX,D,20190826,000000,2.2,2.38,2.05,2.2,5230,0
AUX,D,20190827,000000,2.22,2.35,2.14,2.22,3773,0
AUX,D,20190828,000000,2.24,2.3,2.06,2.16,5115,0
AUX,D,20190829,000000,2.11,2.17,2.05,2.17,2506,0
AUX,D,20190830,000000,2.1,2.2,2.1,2.11,1260,0
AUX,D,20190902,000000,2.11,2.11,2.11,2.11,10,0
AUX,D,20190903,000000,2.12,2.2,2.1,2.2,1462,0
AUX,D,20190904,000000,2.12,2.2,2.12,2.2,15,0
AUX,D,20190905,000000,2.2,2.24,2.14,2.24,2615,0
AUX,D,20190906,000000,2.16,2.16,2.08,2.14,3840,0
AUX,D,20190909,000000,2.26,2.26,2.26,2.26,10,0
AUX,D,20190910,000000,2.1,2.28,2.1,2.16,3225,0
AUX,D,20190911,000000,2.3,2.76,2.3,2.74,16098,0
AUX,D,20190912,000000,2.74,2.74,2.32,2.57,4230,0
AUX,D,20190913,000000,2.42,2.6,2.42,2.6,950,0
AUX,D,20190916,000000,2.42,2.64,2.42,2.63,3381,0
AUX,D,20190917,000000,2.52,2.52,2.44,2.44,1335,0
AUX,D,20190918,000000,2.52,2.59,2.37,2.37,2819,0
AUX,D,20190919,000000,2.37,2.75,2.37,2.61,7262,0
AUX,D,20190920,000000,2.74,3.08,2.52,2.99,6678,0
AUX,D,20190923,000000,2.99,3.25,2.96,3.2,4430,0
AUX,D,20190924,000000,3.23,3.23,3.2,3.23,430,0
AUX,D,20190925,000000,3.24,3.8,3.24,3.74,8820,0
AUX,D,20190926,000000,3.7,3.7,3.46,3.65,5657,0
AUX,D,20190927,000000,3.65,3.65,3.12,3.55,1779,0
AUX,D,20190930,000000,3.6,3.7,3.32,3.4,1946,0
AUX,D,20191001,000000,3.54,3.54,3.06,3.32,2493,0
AUX,D,20191002,000000,3.3,3.3,3.18,3.3,1478,0
AUX,D,20191003,000000,3.33,3.7,3.29,3.45,7452,0
AUX,D,20191004,000000,3.61,3.65,3.35,3.64,6198,0
AUX,D,20191007,000000,3.6,3.81,3.53,3.53,930,0
AUX,D,20191008,000000,3.6,3.79,3.6,3.79,2250,0
AUX,D,20191009,000000,3.78,3.78,3.67,3.67,1330,0
AUX,D,20191010,000000,3.64,3.64,3.64,3.64,283,0
AUX,D,20191011,000000,3.64,3.64,3.3,3.55,5441,0
AUX,D,20191014,000000,3.5,3.64,3.5,3.64,1412,0
AUX,D,20191015,000000,3.5,3.64,3.5,3.64,751,0
AUX,D,20191016,000000,3.64,3.64,3.44,3.62,230,0
AUX,D,20191017,000000,3.62,3.63,3.5,3.62,4207,0
AUX,D,20191018,000000,3.74,4.48,3.74,4.2,12759,0
AUX,D,20191021,000000,4.2,4.4,4.09,4.25,2455,0
AUX,D,20191022,000000,4.38,4.38,4.05,4.05,897,0
AUX,D,20191023,000000,3.93,4.58,3.78,4.5,5998,0
AUX,D,20191024,000000,4.3,4.68,4.3,4.68,2638,0
AUX,D,20191025,000000,4.62,4.62,4.36,4.49,735,0
AUX,D,20191028,000000,4.59,4.9,4.59,4.9,20880,0
AUX,D,20191029,000000,5,5,4.81,4.98,2376,0
AUX,D,20191030,000000,4.9,4.98,4.52,4.95,1390,0
AUX,D,20191031,000000,5,5,4.9,4.97,1594,0
AUX,D,20191104,000000,4.9,4.9,4.52,4.84,1792,0
AUX,D,20191105,000000,4.8,4.84,4.5,4.84,2570,0
AUX,D,20191106,000000,4.5,4.9,4.5,4.88,448,0
AUX,D,20191107,000000,4.75,5,4.6,4.99,1217,0
AUX,D,20191108,000000,5,5.72,4.9,5.72,10409,0
AUX,D,20191112,000000,6,6,5.72,6,11506,0
AUX,D,20191113,000000,6,6,5.9,5.9,4850,0
AUX,D,20191114,000000,5.7,6,5.2,5.68,7724,0
AUX,D,20191115,000000,5.36,5.38,4.78,5.2,8832,0
AUX,D,20191118,000000,5.14,5.2,4.76,5.16,4677,0
AUX,D,20191119,000000,5.16,5.4,5.06,5.24,975,0
AUX,D,20191120,000000,5.24,5.46,4.91,5.12,1411,0
AUX,D,20191121,000000,4.8,5.2,4.8,5.04,5539,0
AUX,D,20191122,000000,5.04,5.14,4.9,5.12,4485,0
AUX,D,20191125,000000,5.12,5.5,5.12,5.32,17331,0
AUX,D,20191126,000000,5.32,5.7,5.32,5.68,6130,0
AUX,D,20191127,000000,5.7,5.7,5.24,5.42,6625,0
AUX,D,20191128,000000,5.26,5.52,5,5.48,1235,0
AUX,D,20191129,000000,5.42,5.42,5.06,5.42,712,0
AUX,D,20191202,000000,5.42,5.42,5.42,5.42,10,0
AUX,D,20191203,000000,5.38,5.38,5.1,5.1,1065,0
AUX,D,20191204,000000,5.16,5.18,4.94,5.18,394,0
AUX,D,20191205,000000,4.9,5.08,4.9,5.08,427,0
AUX,D,20191206,000000,5,5,5,5,320,0
AUX,D,20191209,000000,5,5,4.9,5,590,0
AUX,D,20191210,000000,5,5.2,5,5.14,5581,0
AUX,D,20191211,000000,5.24,5.34,5,5,2155,0
AUX,D,20191212,000000,5.3,5.3,5.04,5.24,549,0
AUX,D,20191213,000000,5,5,4.52,4.8,4245,0
AUX,D,20191216,000000,4.82,4.92,4.78,4.92,5317,0
AUX,D,20191217,000000,4.62,4.92,4.62,4.65,7702,0
AUX,D,20191218,000000,4.06,4.72,4,4.34,5601,0
AUX,D,20191219,000000,4.12,4.43,4,4.39,4041,0
AUX,D,20191220,000000,4.3,4.5,4.15,4.5,1328,0
AUX,D,20191223,000000,4.32,4.32,4.02,4.06,2325,0
AUX,D,20191227,000000,4.1,4.1,3.95,3.95,1295,0
AUX,D,20191230,000000,3.86,4.09,3.86,4.09,999,0
AUX,D,20200102,000000,4.19,4.19,3.36,3.9,8962,0
AUX,D,20200103,000000,3.9,4.17,3.9,4.17,3620,0
AUX,D,20200107,000000,4.19,4.7,4.17,4.63,6937,0
AUX,D,20200108,000000,4.43,4.9,4.32,4.9,4422,0
AUX,D,20200109,000000,4.8,5.5,4.8,5.34,7468,0
AUX,D,20200110,000000,5.36,5.5,4.68,5.22,4133,0
AUX,D,20200113,000000,5.2,5.2,4.5,4.62,7770,0
AUX,D,20200114,000000,4.5,5.08,4.35,4.98,5648,0
AUX,D,20200115,000000,4.97,4.97,4.5,4.92,5505,0
AUX,D,20200116,000000,4.72,4.95,4.35,4.95,1335,0
AUX,D,20200117,000000,4.7,4.88,4.62,4.88,1120,0
AUX,D,20200120,000000,4.9,4.9,4.73,4.84,11231,0
AUX,D,20200121,000000,4.85,4.86,4.54,4.85,6530,0
AUX,D,20200122,000000,4.9,4.9,4.56,4.62,5691,0
AUX,D,20200123,000000,4.62,4.88,4.56,4.6,2126,0
AUX,D,20200124,000000,4.78,5.5,4.76,5.36,19332,0
AUX,D,20200127,000000,5.22,5.96,5.22,5.42,57432,0
AUX,D,20200128,000000,5.12,5.42,5,5.34,23825,0
AUX,D,20200129,000000,5.32,5.74,5.2,5.6,20257,0
AUX,D,20200130,000000,5.64,5.78,5.3,5.5,12405,0
AUX,D,20200131,000000,5.6,5.6,5.28,5.48,5990,0
AUX,D,20200203,000000,5.4,5.48,5.16,5.16,14874,0
AUX,D,20200204,000000,5.3,5.42,5.3,5.4,2117,0
AUX,D,20200205,000000,5.3,5.4,5.3,5.4,831,0
AUX,D,20200206,000000,5.42,5.54,5.3,5.5,4008,0
AUX,D,20200207,000000,5.48,5.48,5.3,5.32,2192,0
AUX,D,20200210,000000,5.4,5.48,5.06,5.24,5604,0
AUX,D,20200211,000000,4.7,5.22,4.37,5.22,22586,0
AUX,D,20200212,000000,5.22,5.32,4.94,5.32,17119,0
AUX,D,20200213,000000,5.14,5.3,5.06,5.2,3792,0
AUX,D,20200214,000000,5.34,5.4,5.1,5.24,19132,0
AUX,D,20200217,000000,5.38,5.38,4.75,4.75,12119,0
AUX,D,20200218,000000,4.75,4.82,4.51,4.62,3091,0
AUX,D,20200219,000000,4.8,4.82,4.7,4.75,3727,0
AUX,D,20200220,000000,4.75,4.86,4.7,4.78,1034,0
AUX,D,20200221,000000,4.6,4.85,4.5,4.7,5121,0
AUX,D,20200224,000000,4.7,4.74,4.35,4.74,16695,0
AUX,D,20200225,000000,4.49,4.7,4.2,4.57,16311,0
AUX,D,20200226,000000,4.56,4.56,4.37,4.53,514,0
AUX,D,20200227,000000,4.58,4.58,4.3,4.5,3296,0
AUX,D,20200228,000000,4.32,4.32,3.8,4.16,12069,0
AUX,D,20200302,000000,4.1,4.1,3.83,3.99,4312,0
AUX,D,20200303,000000,3.99,4.15,3.7,4.15,7226,0
AUX,D,20200304,000000,4,4.18,3.85,4.05,3615,0
AUX,D,20200305,000000,4,4,4,4,565,0
AUX,D,20200306,000000,3.89,3.89,3.63,3.87,1540,0
AUX,D,20200309,000000,3.7,3.86,3.14,3.83,4565,0
AUX,D,20200310,000000,3.8,3.86,3.5,3.85,774,0
AUX,D,20200311,000000,3.7,3.7,3.5,3.5,5020,0
AUX,D,20200312,000000,3.2,3.2,2.56,2.74,8238,0
AUX,D,20200313,000000,2.52,3.1,2.52,3.1,3423,0
AUX,D,20200316,000000,2.7,2.87,2.62,2.85,5307,0
AUX,D,20200317,000000,2.85,3.4,2.7,3.32,11705,0
AUX,D,20200318,000000,3.24,3.24,3.24,3.24,100,0
AUX,D,20200319,000000,3.24,3.24,3.24,3.24,10,0
AUX,D,20200320,000000,3.2,3.2,2.71,3.04,14499,0
AUX,D,20200323,000000,3.04,3.04,2.7,2.84,3980,0
AUX,D,20200324,000000,2.53,2.6,2.45,2.6,20129,0
AUX,D,20200325,000000,2.6,2.74,2.42,2.44,8455,0
AUX,D,20200326,000000,2.48,2.52,2.41,2.42,1729,0
AUX,D,20200327,000000,2.5,2.56,2.48,2.5,3696,0
AUX,D,20200330,000000,2.45,2.48,2.4,2.48,7555,0
AUX,D,20200331,000000,2.48,2.52,2.36,2.52,3121,0
AUX,D,20200401,000000,2.52,2.52,2.41,2.41,872,0
AUX,D,20200402,000000,2.54,2.54,2.4,2.5,874,0
AUX,D,20200403,000000,2.41,2.41,2.35,2.4,439,0
AUX,D,20200406,000000,2.42,2.6,2.35,2.45,3568,0
AUX,D,20200407,000000,2.57,2.9,2.45,2.9,30262,0
AUX,D,20200408,000000,2.94,3.1,2.5,2.5,8230,0
AUX,D,20200409,000000,2.99,2.99,2.5,2.76,4890,0
AUX,D,20200414,000000,3,3.2,2.91,3.07,13789,0
AUX,D,20200415,000000,3.39,3.39,3.07,3.07,5262,0
AUX,D,20200416,000000,3.08,3.08,2.78,3.08,2205,0
AUX,D,20200417,000000,3,3.05,2.8,3.05,2240,0
AUX,D,20200420,000000,2.84,2.98,2.82,2.96,3741,0
AUX,D,20200421,000000,2.95,2.95,2.7,2.84,1628,0
AUX,D,20200422,000000,2.63,2.88,2.63,2.88,1278,0
AUX,D,20200423,000000,2.88,2.88,2.65,2.88,96,0
AUX,D,20200427,000000,2.88,2.94,2.66,2.7,5690,0
AUX,D,20200428,000000,2.68,2.69,2.68,2.69,1960,0
AUX,D,20200429,000000,2.8,3.34,2.8,2.92,14164,0
AUX,D,20200430,000000,3.18,3.2,2.94,3.15,8294,0
AUX,D,20200504,000000,3.4,3.4,3.2,3.2,3978,0
AUX,D,20200505,000000,3.18,3.18,3.17,3.17,799,0
AUX,D,20200506,000000,3.25,3.25,3.02,3.23,1329,0
AUX,D,20200507,000000,3.2,3.22,3.18,3.22,835,0
AUX,D,20200508,000000,3.2,3.26,3.1,3.1,1866,0
AUX,D,20200511,000000,3.1,3.1,3.1,3.1,295,0
AUX,D,20200512,000000,3.14,3.14,3,3.1,2410,0
AUX,D,20200513,000000,3.07,3.07,3,3,79,0
AUX,D,20200514,000000,3,3.13,2.9,2.9,3358,0
AUX,D,20200515,000000,2.9,2.91,2.9,2.91,340,0
AUX,D,20200518,000000,3.29,3.94,3.2,3.92,47371,0
AUX,D,20200519,000000,4.04,4.21,3.4,3.94,12925,0
AUX,D,20200520,000000,3.95,4.09,3.55,3.74,5115,0
AUX,D,20200521,000000,4.02,4.6,4,4.54,47898,0
AUX,D,20200522,000000,4.55,4.6,4.29,4.48,9622,0
AUX,D,20200525,000000,4.52,4.9,4.5,4.55,26982,0
AUX,D,20200526,000000,4.69,4.87,4.56,4.6,8147,0
AUX,D,20200527,000000,4.68,4.7,4.62,4.63,8022,0
AUX,D,20200528,000000,4.65,4.71,4.4,4.45,4229,0
AUX,D,20200529,000000,4.44,4.52,4.22,4.4,2775,0
AUX,D,20200601,000000,4.6,4.71,4.4,4.49,3137,0
AUX,D,20200602,000000,4.5,4.51,4.3,4.46,4364,0
AUX,D,20200603,000000,4.46,4.52,4.44,4.44,695,0
AUX,D,20200604,000000,4.52,4.52,4.4,4.4,2706,0
AUX,D,20200605,000000,4.38,4.38,4.2,4.2,6542,0
AUX,D,20200608,000000,4,4.38,3.83,4.24,6773,0
AUX,D,20200609,000000,4.25,4.35,4.25,4.25,1296,0
AUX,D,20200610,000000,4.18,4.22,4.06,4.22,2864,0
AUX,D,20200612,000000,4,4.2,4,4,7961,0
AUX,D,20200615,000000,4.1,4.1,3.82,3.98,3482,0
AUX,D,20200616,000000,3.9,4.1,3.85,4.1,3430,0
AUX,D,20200617,000000,4.1,4.19,3.94,3.94,4512,0
AUX,D,20200618,000000,3.95,4.14,3.95,3.96,1802,0
AUX,D,20200619,000000,3.98,4.1,3.98,4,1022,0
AUX,D,20200622,000000,3.94,4.05,3.8,4.05,7051,0
AUX,D,20200623,000000,3.9,4.12,3.9,4.12,1007,0
AUX,D,20200624,000000,4.12,4.12,3.91,3.95,1751,0
AUX,D,20200625,000000,3.95,4.08,3.91,4.08,1961,0
AUX,D,20200626,000000,4.08,4.08,3.93,4.05,687,0
AUX,D,20200629,000000,4.05,4.08,3.92,4.08,2453,0
AUX,D,20200630,000000,4.06,4.06,3.9,3.9,2122,0
AUX,D,20200701,000000,3.9,3.9,3.9,3.9,600,0
AUX,D,20200702,000000,3.9,3.99,3.9,3.9,3000,0
AUX,D,20200703,000000,4,4.06,3.9,3.9,2786,0
AUX,D,20200706,000000,3.9,4.04,3.85,3.92,2941,0
AUX,D,20200707,000000,4.04,4.04,3.55,4,10357,0
AUX,D,20200708,000000,4,4.02,3.82,4.02,2074,0
AUX,D,20200709,000000,3.96,3.96,3.78,3.92,2199,0
AUX,D,20200710,000000,3.8,4.14,3.73,4.08,29148,0
AUX,D,20200713,000000,4.1,4.89,3.98,4.3,37977,0
AUX,D,20200714,000000,4.2,4.28,3.98,4.19,8370,0
AUX,D,20200715,000000,4.26,4.51,4.02,4.25,10807,0
AUX,D,20200716,000000,4.26,4.34,4.2,4.27,3179,0
AUX,D,20200717,000000,4.39,4.39,4.2,4.32,5227,0
AUX,D,20200720,000000,4.21,4.4,4.05,4.35,8027,0
AUX,D,20200721,000000,4.35,4.35,4.2,4.3,2589,0
AUX,D,20200722,000000,4.32,4.32,4.07,4.27,13124,0
AUX,D,20200723,000000,4.22,4.35,4.2,4.34,3390,0
AUX,D,20200724,000000,4.31,5.42,4.3,5.42,71581,0
AUX,D,20200727,000000,5.5,5.9,5.02,5.86,48337,0
AUX,D,20200728,000000,6,6.3,5.4,5.8,34970,0
AUX,D,20200729,000000,5.9,5.9,5.2,5.6,5953,0
AUX,D,20200730,000000,5.34,5.34,4.5,4.7,32391,0
AUX,D,20200731,000000,4.7,4.98,4.37,4.76,11808,0
AUX,D,20200803,000000,5.2,5.38,4.6,4.95,34462,0
AUX,D,20200804,000000,5.18,5.38,4.8,4.88,10854,0
AUX,D,20200805,000000,4.8,5.18,4.52,4.6,13758,0
AUX,D,20200806,000000,4.88,5,4.65,4.94,2515,0
AUX,D,20200807,000000,4.9,5.3,4.52,5.26,7877,0
AUX,D,20200810,000000,5.26,5.28,5.18,5.2,7536,0
AUX,D,20200811,000000,5.1,5.16,4.66,5,4658,0
AUX,D,20200812,000000,5,5,4.8,5,4318,0
AUX,D,20200813,000000,4.9,4.9,4.82,4.9,3181,0
AUX,D,20200814,000000,4.96,5.1,4.08,4.5,22460,0
AUX,D,20200817,000000,4.33,4.54,4.25,4.28,4137,0
AUX,D,20200818,000000,4.28,4.47,4.11,4.38,6988,0
AUX,D,20200819,000000,4.37,4.37,4.1,4.13,2487,0
AUX,D,20200820,000000,4.14,4.14,4.07,4.07,4051,0
AUX,D,20200821,000000,4.08,4.14,3.96,3.96,10051,0
AUX,D,20200824,000000,3.98,3.99,3.85,3.99,8961,0
AUX,D,20200825,000000,3.92,3.92,3.9,3.9,2486,0
AUX,D,20200826,000000,3.92,3.93,3.86,3.86,8750,0
AUX,D,20200827,000000,3.8,3.8,3.7,3.72,1684,0
AUX,D,20200828,000000,3.75,3.86,3.75,3.86,1692,0
AUX,D,20200831,000000,3.86,3.88,3.65,3.65,1155,0
AUX,D,20200901,000000,3.7,3.8,3.7,3.7,1220,0
AUX,D,20200902,000000,3.64,3.7,3.64,3.66,1891,0
AUX,D,20200903,000000,3.66,4.13,3.64,3.9,13744,0
AUX,D,20200904,000000,3.87,4.19,3.72,4.17,7052,0
AUX,D,20200907,000000,4.12,4.12,3.96,4,2150,0
AUX,D,20200908,000000,3.94,3.94,3.62,3.7,7742,0
AUX,D,20200909,000000,3.75,3.75,3.59,3.75,2153,0
AUX,D,20200910,000000,3.75,3.82,3.75,3.82,3059,0
AUX,D,20200911,000000,3.7,3.7,3.6,3.69,6793,0
AUX,D,20200914,000000,3.69,3.84,3.69,3.75,1195,0
AUX,D,20200915,000000,3.83,3.83,3.83,3.83,1,0
AUX,D,20200916,000000,3.83,3.83,3.83,3.83,160,0
AUX,D,20200917,000000,3.82,3.82,3.82,3.82,342,0
AUX,D,20200918,000000,3.82,3.82,3.63,3.7,1698,0
AUX,D,20200921,000000,3.7,3.78,3.62,3.62,1611,0
AUX,D,20200922,000000,3.62,3.62,3.55,3.55,4350,0
AUX,D,20200923,000000,3.5,3.5,3.21,3.49,3098,0
AUX,D,20200924,000000,3.44,3.44,3.1,3.28,3684,0
AUX,D,20200925,000000,3.28,3.28,3.18,3.21,3657,0
AUX,D,20200928,000000,3.02,3.46,3.02,3.3,5182,0
AUX,D,20200929,000000,3.41,3.41,3.1,3.1,909,0
AUX,D,20200930,000000,3.11,3.4,3.11,3.36,2000,0
AUX,D,20201001,000000,3.3,3.3,3.24,3.24,393,0
AUX,D,20201002,000000,3.3,3.3,3.12,3.2,2984,0
AUX,D,20201005,000000,3.3,3.4,3.15,3.4,1087,0
AUX,D,20201006,000000,3.5,3.69,3.5,3.6,2313,0
AUX,D,20201007,000000,3.6,3.6,3.5,3.5,690,0
AUX,D,20201008,000000,3.5,3.8,3.5,3.65,7890,0
AUX,D,20201009,000000,3.65,3.83,3.65,3.69,1250,0
AUX,D,20201012,000000,3.87,3.91,3.87,3.88,1737,0
AUX,D,20201013,000000,3.88,3.88,3.67,3.88,900,0
AUX,D,20201014,000000,3.86,3.86,3.8,3.8,270,0
AUX,D,20201015,000000,3.79,3.8,3.4,3.5,5843,0
AUX,D,20201016,000000,3.3,3.63,3.3,3.5,1969,0
