<TICKER>,<PER>,<DATE>,<TIME>,<OPEN>,<HIGH>,<LOW>,<CLOSE>,<VOL>,<OPENINT>
BLT,D,20110127,000000,135,162,135,162,4674,0
BLT,D,20110128,000000,175,206,175,193,5420,0
BLT,D,20110131,000000,190,196,160,166,3181,0
BLT,D,20110201,000000,161,165,135,160,728,0
BLT,D,20110202,000000,160,162,148,155,299,0
BLT,D,20110203,000000,150,160,135,145,1743,0
BLT,D,20110204,000000,147,150,118,127,4807,0
BLT,D,20110207,000000,132,149,127,139,5046,0
BLT,D,20110208,000000,150,150,130,140,2037,0
BLT,D,20110209,000000,137,138,112,135,5206,0
BLT,D,20110210,000000,140,140,120,137,262,0
BLT,D,20110211,000000,138,138,125,132,1837,0
BLT,D,20110214,000000,135,135,121,123,189,0
BLT,D,20110215,000000,125,126,116,123,268,0
BLT,D,20110216,000000,120,126,120,122,239,0
BLT,D,20110217,000000,124,126,113,122,15491,0
BLT,D,20110218,000000,121,121,115,117,346,0
BLT,D,20110221,000000,117,135,111,126,14517,0
BLT,D,20110222,000000,130,132,104,105,66526,0
BLT,D,20110223,000000,105,109,95,102,10050,0
BLT,D,20110224,000000,102,103,93,99,2709,0
BLT,D,20110225,000000,97,97,93,97,1196,0
BLT,D,20110228,000000,99,99,93,93,1555,0
BLT,D,20110301,000000,91,95,87,93,523,0
BLT,D,20110302,000000,93,93,86,90,919,0
BLT,D,20110303,000000,89,89,80,83,1458,0
BLT,D,20110304,000000,84,96,84,84,13564,0
BLT,D,20110307,000000,86,87,83,85,2346,0
BLT,D,20110308,000000,85,85,76,78,3456,0
BLT,D,20110309,000000,75,79,66,70,4009,0
BLT,D,20110310,000000,70,70,59,60,9546,0
BLT,D,20110311,000000,59,61,59,60,3919,0
BLT,D,20110314,000000,60,61,59,59,4608,0
BLT,D,20110315,000000,59,61,59,60,1880,0
BLT,D,20110316,000000,59,61,59,60,1146,0
BLT,D,20110317,000000,60,61,60,60,526,0
BLT,D,20110318,000000,60,61,59,61,611,0
BLT,D,20110321,000000,61,67,59,60,19528,0
BLT,D,20110322,000000,59,61,59,59,2795,0
BLT,D,20110323,000000,59,63,59,62,14840,0
BLT,D,20110324,000000,62,62,60,60,589,0
BLT,D,20110325,000000,59,62,59,60,1288,0
BLT,D,20110328,000000,61,62,60,62,1362,0
BLT,D,20110329,000000,62,65,62,64,6502,0
BLT,D,20110330,000000,64,66,59,60,8723,0
BLT,D,20110331,000000,60,61,59,61,878,0
BLT,D,20110401,000000,60,63,59,62,5008,0
BLT,D,20110404,000000,61,62,59,60,6268,0
BLT,D,20110405,000000,60,61,59,61,644,0
BLT,D,20110406,000000,61,65,59,64,19848,0
BLT,D,20110407,000000,64,64,60,61,14236,0
BLT,D,20110408,000000,61,73,59,67,50443,0
BLT,D,20110411,000000,67,73,66,70,24681,0
BLT,D,20110412,000000,71,74,70,72,9734,0
BLT,D,20110413,000000,72,72,67,69,3245,0
BLT,D,20110414,000000,68,70,65,68,4552,0
BLT,D,20110415,000000,67,69,63,65,4338,0
BLT,D,20110418,000000,65,69,63,65,4965,0
BLT,D,20110419,000000,65,68,64,66,1539,0
BLT,D,20110420,000000,66,67,60,62,39624,0
BLT,D,20110421,000000,63,63,59,61,9316,0
BLT,D,20110426,000000,61,61,59,61,3720,0
BLT,D,20110427,000000,61,61,59,59,842,0
BLT,D,20110428,000000,60,61,60,61,3197,0
BLT,D,20110429,000000,60,61,59,60,1331,0
BLT,D,20110502,000000,60,60,59,60,1204,0
BLT,D,20110504,000000,59,62,59,60,8813,0
BLT,D,20110505,000000,61,61,59,61,1511,0
BLT,D,20110506,000000,59,60,59,60,1915,0
BLT,D,20110509,000000,61,61,59,60,2885,0
BLT,D,20110510,000000,60,64,58,60,55156,0
BLT,D,20110511,000000,61,68,52,53,192098,0
BLT,D,20110512,000000,53,56,43,46,166016,0
BLT,D,20110513,000000,47,49,43,44,8355,0
BLT,D,20110516,000000,45,47,45,46,5762,0
BLT,D,20110517,000000,45,46,44,46,1982,0
BLT,D,20110518,000000,46,46,44,46,2652,0
BLT,D,20110519,000000,44,45,44,45,2068,0
BLT,D,20110520,000000,44,45,44,45,1994,0
BLT,D,20110523,000000,44,45,44,45,647,0
BLT,D,20110524,000000,44,49,43,44,19193,0
BLT,D,20110525,000000,44,45,42,45,2151,0
BLT,D,20110526,000000,45,45,43,45,1269,0
BLT,D,20110527,000000,45,45,43,45,783,0
BLT,D,20110530,000000,45,45,43,44,971,0
BLT,D,20110531,000000,44,45,43,44,454,0
BLT,D,20110601,000000,44,44,42,44,1516,0
BLT,D,20110602,000000,44,45,43,45,853,0
BLT,D,20110603,000000,45,48,44,46,5534,0
BLT,D,20110606,000000,46,46,42,44,4128,0
BLT,D,20110607,000000,43,44,42,44,646,0
BLT,D,20110608,000000,43,43,42,42,1262,0
BLT,D,20110609,000000,42,43,39,42,5519,0
BLT,D,20110610,000000,41,42,40,42,705,0
BLT,D,20110613,000000,42,42,40,40,2870,0
BLT,D,20110614,000000,41,42,40,40,746,0
BLT,D,20110615,000000,41,41,38,38,4159,0
BLT,D,20110616,000000,38,40,37,38,1785,0
BLT,D,20110617,000000,38,39,34,38,3695,0
BLT,D,20110620,000000,36,38,35,37,1090,0
BLT,D,20110621,000000,36,37,34,36,1294,0
BLT,D,20110622,000000,34,39,34,37,6826,0
BLT,D,20110624,000000,37,38,35,36,1376,0
BLT,D,20110627,000000,37,37,35,36,216,0
BLT,D,20110628,000000,36,36,34,35,922,0
BLT,D,20110629,000000,34,35,34,35,412,0
BLT,D,20110630,000000,34,37,34,37,561,0
BLT,D,20110701,000000,37,37,34,36,187,0
BLT,D,20110704,000000,35,35,32,34,2852,0
BLT,D,20110705,000000,33,36,32,34,2552,0
BLT,D,20110706,000000,34,35,32,33,1502,0
BLT,D,20110707,000000,33,34,27,29,14030,0
BLT,D,20110708,000000,29,29,26,27,2693,0
BLT,D,20110711,000000,28,28,25,28,1405,0
BLT,D,20110712,000000,27,27,25,27,910,0
BLT,D,20110713,000000,28,28,26,27,1886,0
BLT,D,20110714,000000,26,28,26,27,111,0
BLT,D,20110715,000000,27,27,22,25,7343,0
BLT,D,20110718,000000,25,26,23,25,1103,0
BLT,D,20110719,000000,24,25,22,24,1459,0
BLT,D,20110720,000000,23,24,22,24,322,0
BLT,D,20110721,000000,23,24,23,24,824,0
BLT,D,20110722,000000,22,25,22,24,1923,0
BLT,D,20110725,000000,25,25,22,24,983,0
BLT,D,20110726,000000,24,24,23,24,124,0
BLT,D,20110727,000000,24,26,23,25,1942,0
BLT,D,20110728,000000,25,26,24,25,339,0
BLT,D,20110729,000000,25,25,23,25,518,0
BLT,D,20110801,000000,24,24,22,24,527,0
BLT,D,20110802,000000,24,24,22,24,448,0
BLT,D,20110803,000000,23,24,21,23,1425,0
BLT,D,20110804,000000,23,23,17,20,4278,0
BLT,D,20110805,000000,18,20,16,19,5584,0
BLT,D,20110808,000000,19,20,18,19,1517,0
BLT,D,20110809,000000,18,18,16,17,652,0
BLT,D,20110810,000000,17,19,17,19,770,0
BLT,D,20110811,000000,18,20,18,20,806,0
BLT,D,20110812,000000,19,21,19,20,964,0
BLT,D,20110816,000000,20,24,19,24,2400,0
BLT,D,20110817,000000,24,26,20,26,2321,0
BLT,D,20110818,000000,26,26,23,24,1004,0
BLT,D,20110819,000000,22,24,21,24,900,0
BLT,D,20110822,000000,24,24,23,24,444,0
BLT,D,20110823,000000,24,24,20,24,5348,0
BLT,D,20110824,000000,23,23,20,20,5300,0
BLT,D,20110825,000000,20,21,18,19,3152,0
BLT,D,20110826,000000,20,21,19,19,117,0
BLT,D,20110829,000000,19,20,18,20,1236,0
BLT,D,20110830,000000,20,20,18,19,637,0
BLT,D,20110831,000000,18,20,18,20,721,0
BLT,D,20110901,000000,20,20,18,19,656,0
BLT,D,20110902,000000,20,20,18,19,1663,0
BLT,D,20110905,000000,19,19,17,19,470,0
BLT,D,20110906,000000,19,19,17,19,740,0
BLT,D,20110907,000000,19,19,17,19,437,0
BLT,D,20110908,000000,19,19,17,18,547,0
BLT,D,20110909,000000,17,18,17,18,168,0
BLT,D,20110912,000000,17,18,16,18,210,0
BLT,D,20110913,000000,18,18,16,18,532,0
BLT,D,20110914,000000,16,18,16,18,109,0
BLT,D,20110915,000000,16,19,16,19,326,0
BLT,D,20110916,000000,19,19,17,18,498,0
BLT,D,20110919,000000,17,18,16,18,223,0
BLT,D,20110920,000000,18,18,16,17,449,0
BLT,D,20110921,000000,16,20,16,20,3590,0
BLT,D,20110922,000000,20,20,18,20,1406,0
BLT,D,20110923,000000,18,20,17,20,1524,0
BLT,D,20110926,000000,19,20,18,19,1258,0
BLT,D,20110927,000000,19,19,18,18,587,0
BLT,D,20110928,000000,18,19,17,19,716,0
BLT,D,20110929,000000,19,19,17,18,1007,0
BLT,D,20110930,000000,18,18,16,18,1088,0
BLT,D,20111003,000000,18,18,17,18,523,0
BLT,D,20111004,000000,18,19,16,18,1967,0
BLT,D,20111005,000000,17,18,17,18,203,0
BLT,D,20111006,000000,17,18,16,17,2717,0
BLT,D,20111007,000000,17,18,17,18,113,0
BLT,D,20111010,000000,18,18,16,16,738,0
BLT,D,20111011,000000,17,18,17,18,553,0
BLT,D,20111012,000000,17,18,16,18,164,0
BLT,D,20111013,000000,16,18,16,16,671,0
BLT,D,20111014,000000,18,18,16,18,1487,0
BLT,D,20111017,000000,17,21,17,20,10911,0
BLT,D,20111018,000000,21,21,18,19,2260,0
BLT,D,20111019,000000,19,19,18,18,809,0
BLT,D,20111020,000000,18,19,17,19,447,0
BLT,D,20111021,000000,19,19,18,19,106,0
BLT,D,20111024,000000,19,19,17,19,835,0
BLT,D,20111025,000000,19,19,17,19,182,0
BLT,D,20111026,000000,19,19,18,19,246,0
BLT,D,20111027,000000,17,19,17,19,589,0
BLT,D,20111028,000000,18,19,18,18,102,0
BLT,D,20111031,000000,18,19,18,19,306,0
BLT,D,20111102,000000,18,18,17,17,203,0
BLT,D,20111103,000000,17,19,17,19,362,0
BLT,D,20111104,000000,19,19,17,19,1289,0
BLT,D,20111107,000000,18,19,17,18,880,0
BLT,D,20111108,000000,19,19,18,19,196,0
BLT,D,20111109,000000,19,19,17,18,1056,0
BLT,D,20111110,000000,18,19,17,18,761,0
BLT,D,20111114,000000,17,19,17,18,436,0
BLT,D,20111115,000000,17,18,17,17,496,0
BLT,D,20111116,000000,17,18,17,18,553,0
BLT,D,20111117,000000,18,19,17,18,1098,0
BLT,D,20111118,000000,18,18,17,18,308,0
BLT,D,20111121,000000,17,18,16,18,1222,0
BLT,D,20111122,000000,18,18,16,18,53,0
BLT,D,20111123,000000,17,18,16,18,175,0
BLT,D,20111124,000000,18,18,15,16,1352,0
BLT,D,20111125,000000,15,17,15,17,90,0
BLT,D,20111128,000000,17,17,15,17,394,0
BLT,D,20111129,000000,17,18,16,17,999,0
BLT,D,20111130,000000,17,17,15,16,1721,0
BLT,D,20111201,000000,16,16,14,15,780,0
BLT,D,20111202,000000,15,16,14,16,765,0
BLT,D,20111205,000000,16,16,15,16,110,0
BLT,D,20111206,000000,15,16,14,16,836,0
BLT,D,20111207,000000,16,16,15,15,128,0
BLT,D,20111208,000000,16,17,15,16,491,0
BLT,D,20111209,000000,15,16,15,16,216,0
BLT,D,20111212,000000,16,16,15,15,11,0
BLT,D,20111213,000000,16,16,15,16,81,0
BLT,D,20111214,000000,15,15,14,15,1024,0
BLT,D,20111215,000000,15,15,14,15,935,0
BLT,D,20111216,000000,15,15,13,15,494,0
BLT,D,20111219,000000,15,15,13,13,278,0
BLT,D,20111220,000000,13,14,11,12,4258,0
BLT,D,20111221,000000,13,13,11,13,203,0
BLT,D,20111222,000000,13,13,11,11,790,0
BLT,D,20111223,000000,12,12,11,12,206,0
BLT,D,20111227,000000,12,12,11,11,1539,0
BLT,D,20111228,000000,12,13,11,12,845,0
BLT,D,20111229,000000,12,13,12,13,76,0
BLT,D,20111230,000000,13,13,12,13,44,0
BLT,D,20120102,000000,11,13,11,12,431,0
BLT,D,20120103,000000,11,13,11,13,101,0
BLT,D,20120104,000000,13,13,12,13,1,0
BLT,D,20120105,000000,13,13,12,13,1,0
BLT,D,20120109,000000,13,13,12,12,33,0
BLT,D,20120110,000000,12,13,12,12,332,0
BLT,D,20120111,000000,13,13,12,13,61,0
BLT,D,20120112,000000,13,14,12,12,617,0
BLT,D,20120113,000000,13,14,13,13,324,0
BLT,D,20120116,000000,13,14,13,14,232,0
BLT,D,20120117,000000,13,14,12,14,158,0
BLT,D,20120118,000000,14,14,14,14,35,0
BLT,D,20120119,000000,14,14,13,14,16,0
BLT,D,20120120,000000,14,14,13,14,269,0
BLT,D,20120123,000000,14,14,14,14,37,0
BLT,D,20120124,000000,14,14,13,14,162,0
BLT,D,20120125,000000,14,15,14,15,566,0
BLT,D,20120126,000000,15,16,14,16,1036,0
BLT,D,20120127,000000,16,17,15,16,791,0
BLT,D,20120130,000000,16,17,15,17,1076,0
BLT,D,20120131,000000,17,17,16,16,162,0
BLT,D,20120201,000000,17,17,16,17,123,0
BLT,D,20120202,000000,17,19,16,19,2754,0
BLT,D,20120203,000000,19,19,16,18,1705,0
BLT,D,20120206,000000,18,18,16,18,119,0
BLT,D,20120207,000000,17,20,17,20,3057,0
BLT,D,20120208,000000,20,26,18,25,18524,0
BLT,D,20120209,000000,25,26,24,25,1266,0
BLT,D,20120210,000000,25,25,21,23,2635,0
BLT,D,20120213,000000,22,25,21,22,745,0
BLT,D,20120214,000000,22,25,22,23,739,0
BLT,D,20120215,000000,24,27,24,26,8692,0
BLT,D,20120216,000000,26,26,23,24,3136,0
BLT,D,20120217,000000,24,24,23,24,369,0
BLT,D,20120220,000000,24,27,23,26,4374,0
BLT,D,20120221,000000,26,26,25,25,1181,0
BLT,D,20120222,000000,25,26,24,24,1565,0
BLT,D,20120223,000000,25,25,23,25,1079,0
BLT,D,20120224,000000,25,25,24,24,1135,0
BLT,D,20120227,000000,24,25,23,24,1405,0
BLT,D,20120228,000000,24,24,24,24,51,0
BLT,D,20120229,000000,24,24,23,23,269,0
BLT,D,20120301,000000,23,24,22,24,654,0
BLT,D,20120302,000000,24,24,22,23,445,0
BLT,D,20120305,000000,22,22,22,22,235,0
BLT,D,20120306,000000,22,22,20,21,1504,0
BLT,D,20120307,000000,20,23,20,23,453,0
BLT,D,20120308,000000,23,24,23,23,238,0
BLT,D,20120309,000000,24,24,21,23,316,0
BLT,D,20120312,000000,22,23,22,23,332,0
BLT,D,20120313,000000,22,22,21,22,148,0
BLT,D,20120314,000000,22,23,22,23,81,0
BLT,D,20120315,000000,23,23,22,23,120,0
BLT,D,20120316,000000,23,24,22,24,411,0
BLT,D,20120319,000000,24,24,22,23,97,0
BLT,D,20120320,000000,22,23,21,21,535,0
BLT,D,20120321,000000,21,23,21,23,94,0
BLT,D,20120322,000000,22,23,21,23,167,0
BLT,D,20120323,000000,22,23,21,21,43,0
BLT,D,20120326,000000,20,22,20,20,30,0
BLT,D,20120327,000000,20,21,20,21,19,0
BLT,D,20120328,000000,22,22,20,20,28,0
BLT,D,20120329,000000,20,20,18,20,364,0
BLT,D,20120330,000000,20,21,20,21,124,0
BLT,D,20120402,000000,21,22,21,22,8,0
BLT,D,20120403,000000,22,24,22,24,1510,0
BLT,D,20120404,000000,24,24,22,22,297,0
BLT,D,20120405,000000,22,23,22,23,299,0
BLT,D,20120410,000000,23,23,21,21,258,0
BLT,D,20120411,000000,20,22,20,21,331,0
BLT,D,20120412,000000,21,21,21,21,94,0
BLT,D,20120413,000000,22,22,21,21,1116,0
BLT,D,20120416,000000,21,21,21,21,10,0
BLT,D,20120417,000000,21,21,20,20,305,0
BLT,D,20120418,000000,20,21,19,21,244,0
BLT,D,20120419,000000,22,22,20,21,251,0
BLT,D,20120420,000000,20,20,19,19,359,0
BLT,D,20120423,000000,18,19,18,19,565,0
BLT,D,20120424,000000,20,20,19,19,211,0
BLT,D,20120425,000000,20,21,20,21,297,0
BLT,D,20120426,000000,21,21,20,20,54,0
BLT,D,20120427,000000,21,21,18,18,472,0
BLT,D,20120430,000000,18,20,18,20,11,0
BLT,D,20120502,000000,20,20,18,19,13,0
BLT,D,20120504,000000,19,22,18,22,931,0
BLT,D,20120507,000000,22,22,19,19,1268,0
BLT,D,20120508,000000,19,23,19,23,1862,0
BLT,D,20120509,000000,22,23,21,23,630,0
BLT,D,20120510,000000,22,23,21,23,679,0
BLT,D,20120511,000000,23,24,22,24,1648,0
BLT,D,20120514,000000,23,24,22,24,173,0
BLT,D,20120515,000000,24,24,24,24,5,0
BLT,D,20120516,000000,22,23,22,23,381,0
BLT,D,20120517,000000,22,23,22,23,795,0
BLT,D,20120518,000000,22,23,21,23,461,0
BLT,D,20120521,000000,23,23,22,23,308,0
BLT,D,20120522,000000,22,23,22,23,914,0
BLT,D,20120523,000000,22,22,22,22,370,0
BLT,D,20120524,000000,22,22,21,22,68,0
BLT,D,20120525,000000,22,22,21,22,931,0
BLT,D,20120528,000000,22,22,21,21,459,0
BLT,D,20120529,000000,20,21,20,21,200,0
BLT,D,20120530,000000,20,20,20,20,34,0
BLT,D,20120531,000000,20,21,19,20,313,0
BLT,D,20120601,000000,20,20,20,20,140,0
BLT,D,20120604,000000,19,19,19,19,45,0
BLT,D,20120605,000000,19,19,18,19,248,0
BLT,D,20120606,000000,19,22,19,22,3165,0
BLT,D,20120608,000000,21,22,20,22,365,0
BLT,D,20120611,000000,21,22,21,21,249,0
BLT,D,20120612,000000,22,22,18,21,420,0
BLT,D,20120613,000000,21,21,21,21,100,0
BLT,D,20120614,000000,21,22,21,22,263,0
BLT,D,20120615,000000,22,22,21,21,316,0
BLT,D,20120618,000000,21,21,21,21,192,0
BLT,D,20120619,000000,21,22,19,19,1202,0
BLT,D,20120620,000000,19,20,17,17,2015,0
BLT,D,20120621,000000,17,17,15,16,1575,0
BLT,D,20120622,000000,16,17,16,16,277,0
BLT,D,20120625,000000,16,17,16,17,224,0
BLT,D,20120626,000000,17,17,16,16,65,0
BLT,D,20120627,000000,16,17,15,16,530,0
BLT,D,20120628,000000,16,17,16,17,10,0
BLT,D,20120629,000000,17,17,15,16,268,0
BLT,D,20120702,000000,16,17,16,17,158,0
BLT,D,20120703,000000,17,18,17,18,234,0
BLT,D,20120704,000000,18,18,16,18,328,0
BLT,D,20120705,000000,18,18,17,17,206,0
BLT,D,20120706,000000,17,17,16,17,236,0
BLT,D,20120709,000000,17,17,16,17,470,0
BLT,D,20120710,000000,17,17,15,16,1130,0
BLT,D,20120711,000000,16,16,15,15,370,0
BLT,D,20120712,000000,15,16,15,16,307,0
BLT,D,20120713,000000,16,17,13,17,488,0
BLT,D,20120716,000000,17,17,17,17,1,0
BLT,D,20120717,000000,17,17,17,17,4,0
BLT,D,20120718,000000,17,17,16,16,62,0
BLT,D,20120719,000000,15,15,15,15,155,0
BLT,D,20120720,000000,15,16,14,15,146,0
BLT,D,20120723,000000,16,16,15,16,7,0
BLT,D,20120724,000000,16,16,15,16,55,0
BLT,D,20120725,000000,16,16,16,16,194,0
BLT,D,20120726,000000,17,17,16,16,22,0
BLT,D,20120727,000000,16,17,15,16,336,0
BLT,D,20120730,000000,16,16,15,15,115,0
BLT,D,20120731,000000,15,15,15,15,7,0
BLT,D,20120801,000000,15,15,13,13,1017,0
BLT,D,20120802,000000,13,15,13,13,111,0
BLT,D,20120803,000000,13,15,13,15,374,0
BLT,D,20120806,000000,15,16,15,16,87,0
BLT,D,20120807,000000,16,16,16,16,2,0
BLT,D,20120808,000000,16,16,16,16,3,0
BLT,D,20120809,000000,16,16,16,16,2,0
BLT,D,20120810,000000,16,16,15,16,16,0
BLT,D,20120813,000000,16,16,15,15,22,0
BLT,D,20120814,000000,15,16,14,15,192,0
BLT,D,20120816,000000,15,15,14,15,233,0
BLT,D,20120817,000000,16,16,16,16,66,0
BLT,D,20120820,000000,16,16,14,14,116,0
BLT,D,20120821,000000,15,15,15,15,29,0
BLT,D,20120822,000000,15,15,15,15,83,0
BLT,D,20120823,000000,15,17,15,17,292,0
BLT,D,20120824,000000,16,17,16,17,20,0
BLT,D,20120827,000000,17,17,16,16,33,0
BLT,D,20120828,000000,16,17,16,17,7,0
BLT,D,20120829,000000,17,17,16,16,60,0
BLT,D,20120830,000000,17,17,17,17,2,0
BLT,D,20120831,000000,17,17,17,17,1,0
BLT,D,20120903,000000,17,17,17,17,1,0
BLT,D,20120904,000000,16,17,15,16,264,0
BLT,D,20120905,000000,15,15,15,15,254,0
BLT,D,20120906,000000,15,17,15,17,95,0
BLT,D,20120907,000000,17,17,16,16,79,0
BLT,D,20120910,000000,17,17,14,16,363,0
BLT,D,20120911,000000,16,16,16,16,127,0
BLT,D,20120912,000000,15,15,15,15,300,0
BLT,D,20120913,000000,15,17,15,16,120,0
BLT,D,20120914,000000,17,17,16,17,73,0
BLT,D,20120917,000000,16,17,16,17,50,0
BLT,D,20120918,000000,17,17,16,16,47,0
BLT,D,20120919,000000,17,17,17,17,10,0
BLT,D,20120920,000000,17,17,16,16,181,0
BLT,D,20120921,000000,16,18,16,17,66,0
BLT,D,20120924,000000,18,18,16,17,63,0
BLT,D,20120925,000000,16,16,16,16,82,0
BLT,D,20120926,000000,16,17,16,17,9,0
BLT,D,20120927,000000,17,17,16,16,41,0
BLT,D,20120928,000000,17,17,15,15,991,0
BLT,D,20121001,000000,15,16,15,15,15,0
BLT,D,20121002,000000,15,15,15,15,11,0
BLT,D,20121003,000000,15,15,15,15,27,0
BLT,D,20121004,000000,15,15,15,15,29,0
BLT,D,20121005,000000,15,15,14,14,30,0
BLT,D,20121008,000000,14,14,14,14,5,0
BLT,D,20121009,000000,14,16,14,15,508,0
BLT,D,20121010,000000,16,16,15,16,456,0
BLT,D,20121011,000000,16,16,16,16,1,0
BLT,D,20121012,000000,16,16,15,16,167,0
BLT,D,20121015,000000,16,16,16,16,1,0
BLT,D,20121016,000000,16,18,16,16,2935,0
BLT,D,20121017,000000,16,16,15,16,127,0
BLT,D,20121018,000000,17,17,15,17,208,0
BLT,D,20121019,000000,16,17,16,17,32,0
BLT,D,20121022,000000,16,17,16,17,80,0
BLT,D,20121023,000000,17,17,16,16,169,0
BLT,D,20121024,000000,16,16,16,16,271,0
BLT,D,20121025,000000,16,17,15,16,949,0
BLT,D,20121026,000000,16,16,16,16,4,0
BLT,D,20121029,000000,16,17,15,17,159,0
BLT,D,20121030,000000,17,17,17,17,1,0
BLT,D,20121031,000000,17,17,15,17,193,0
BLT,D,20121102,000000,16,16,15,16,140,0
BLT,D,20121105,000000,16,16,15,15,314,0
BLT,D,20121106,000000,16,16,15,15,523,0
BLT,D,20121107,000000,15,15,15,15,85,0
BLT,D,20121108,000000,15,15,15,15,95,0
BLT,D,20121109,000000,16,16,16,16,1,0
BLT,D,20121112,000000,16,16,14,14,1250,0
BLT,D,20121113,000000,14,15,14,15,74,0
BLT,D,20121114,000000,15,16,15,16,433,0
BLT,D,20121115,000000,16,16,16,16,1,0
BLT,D,20121116,000000,16,16,15,15,21,0
BLT,D,20121119,000000,15,15,14,15,200,0
BLT,D,20121120,000000,15,16,14,16,706,0
BLT,D,20121121,000000,15,15,15,15,4,0
BLT,D,20121122,000000,15,15,14,15,121,0
BLT,D,20121123,000000,15,15,15,15,1,0
BLT,D,20121126,000000,15,15,15,15,1,0
BLT,D,20121127,000000,15,15,15,15,128,0
BLT,D,20121128,000000,14,14,14,14,540,0
BLT,D,20121129,000000,14,15,14,15,10,0
BLT,D,20121130,000000,15,15,15,15,1,0
BLT,D,20121203,000000,15,15,15,15,1,0
BLT,D,20121204,000000,14,14,14,14,265,0
BLT,D,20121205,000000,14,14,14,14,163,0
BLT,D,20121206,000000,14,14,13,13,342,0
BLT,D,20121207,000000,13,14,13,14,108,0
BLT,D,20121210,000000,14,14,13,14,112,0
BLT,D,20121211,000000,14,14,13,14,11,0
BLT,D,20121212,000000,13,13,13,13,1146,0
BLT,D,20121213,000000,13,13,13,13,185,0
BLT,D,20121214,000000,12,14,12,13,232,0
BLT,D,20121217,000000,13,13,12,13,301,0
BLT,D,20121218,000000,13,13,12,12,2351,0
BLT,D,20121219,000000,12,13,12,12,232,0
BLT,D,20121220,000000,12,13,12,13,116,0
BLT,D,20121221,000000,13,13,12,12,166,0
BLT,D,20121227,000000,12,13,12,13,3,0
BLT,D,20121228,000000,12,13,12,13,427,0
BLT,D,20130102,000000,13,14,13,14,398,0
BLT,D,20130103,000000,14,14,13,13,61,0
BLT,D,20130104,000000,14,14,13,13,17,0
BLT,D,20130107,000000,13,14,13,14,5,0
BLT,D,20130108,000000,14,14,14,14,1,0
BLT,D,20130109,000000,14,14,14,14,6,0
BLT,D,20130110,000000,14,14,13,14,28,0
BLT,D,20130111,000000,13,13,12,12,114,0
BLT,D,20130114,000000,13,14,13,14,220,0
BLT,D,20130115,000000,14,14,13,13,6,0
BLT,D,20130116,000000,14,14,14,14,110,0
BLT,D,20130117,000000,14,14,14,14,142,0
BLT,D,20130118,000000,14,14,13,13,229,0
BLT,D,20130121,000000,13,14,13,14,5,0
BLT,D,20130122,000000,14,14,14,14,10,0
BLT,D,20130123,000000,14,14,13,14,192,0
BLT,D,20130124,000000,14,14,14,14,2,0
BLT,D,20130125,000000,14,14,13,14,50,0
BLT,D,20130128,000000,14,14,13,14,9,0
BLT,D,20130129,000000,14,14,14,14,2,0
BLT,D,20130130,000000,14,14,14,14,2,0
BLT,D,20130131,000000,14,14,13,13,510,0
BLT,D,20130201,000000,13,14,13,14,29,0
BLT,D,20130204,000000,14,14,14,14,3,0
BLT,D,20130205,000000,14,14,13,13,35,0
BLT,D,20130206,000000,13,13,12,13,10,0
BLT,D,20130207,000000,13,13,12,12,114,0
BLT,D,20130208,000000,12,13,12,13,5,0
BLT,D,20130211,000000,13,13,13,13,10,0
BLT,D,20130212,000000,13,13,13,13,3,0
BLT,D,20130213,000000,13,13,12,13,228,0
BLT,D,20130214,000000,13,13,11,12,335,0
BLT,D,20130215,000000,13,13,13,13,30,0
BLT,D,20130218,000000,13,13,13,13,2,0
BLT,D,20130219,000000,13,14,13,13,987,0
BLT,D,20130220,000000,13,14,12,14,20,0
BLT,D,20130221,000000,13,14,12,14,348,0
BLT,D,20130222,000000,14,14,14,14,35,0
BLT,D,20130225,000000,14,14,14,14,281,0
BLT,D,20130226,000000,14,14,13,13,113,0
BLT,D,20130227,000000,12,13,12,13,350,0
BLT,D,20130228,000000,13,13,13,13,10,0
BLT,D,20130301,000000,13,13,12,13,402,0
BLT,D,20130304,000000,13,13,13,13,102,0
BLT,D,20130306,000000,13,13,13,13,25,0
BLT,D,20130307,000000,14,14,13,13,25,0
BLT,D,20130308,000000,13,14,13,14,51,0
BLT,D,20130311,000000,14,14,14,14,1,0
BLT,D,20130312,000000,14,14,12,13,9,0
BLT,D,20130313,000000,13,13,13,13,5,0
BLT,D,20130314,000000,13,13,12,12,340,0
BLT,D,20130315,000000,12,13,12,13,25,0
BLT,D,20130318,000000,12,13,12,13,252,0
BLT,D,20130319,000000,13,13,12,12,27,0
BLT,D,20130320,000000,12,13,12,13,4,0
BLT,D,20130321,000000,13,13,13,13,5,0
BLT,D,20130322,000000,12,13,12,13,136,0
BLT,D,20130325,000000,13,13,12,12,339,0
BLT,D,20130326,000000,12,13,12,13,6,0
BLT,D,20130327,000000,13,13,11,11,121,0
BLT,D,20130328,000000,11,12,11,12,219,0
BLT,D,20130402,000000,12,12,12,12,3,0
BLT,D,20130403,000000,12,12,11,11,442,0
BLT,D,20130404,000000,11,11,10,10,86,0
BLT,D,20130405,000000,11,12,11,11,120,0
BLT,D,20130408,000000,11,12,11,12,5,0
BLT,D,20130409,000000,11,11,10,11,1002,0
BLT,D,20130410,000000,11,11,11,11,106,0
BLT,D,20130411,000000,11,11,11,11,4,0
BLT,D,20130412,000000,11,11,11,11,5,0
BLT,D,20130415,000000,11,11,11,11,5,0
BLT,D,20130417,000000,11,11,11,11,40,0
BLT,D,20130418,000000,11,11,11,11,0,0
BLT,D,20130419,000000,11,11,11,11,5,0
BLT,D,20130422,000000,11,11,11,11,5,0
BLT,D,20130423,000000,11,11,11,11,4,0
BLT,D,20130424,000000,11,11,11,11,4,0
BLT,D,20130425,000000,11,11,11,11,3,0
BLT,D,20130426,000000,11,11,9,11,192,0
BLT,D,20130429,000000,11,11,11,11,3,0
BLT,D,20130430,000000,11,11,9,10,381,0
BLT,D,20130502,000000,10,10,10,10,2,0
BLT,D,20130506,000000,10,10,8,9,1083,0
BLT,D,20130507,000000,9,9,9,9,5,0
BLT,D,20130508,000000,9,9,8,8,200,0
BLT,D,20130509,000000,8,9,8,9,644,0
BLT,D,20130510,000000,10,10,9,10,29,0
BLT,D,20130513,000000,9,10,9,10,6,0
BLT,D,20130514,000000,10,11,10,11,771,0
BLT,D,20130515,000000,11,11,10,10,405,0
BLT,D,20130516,000000,10,10,10,10,97,0
BLT,D,20130517,000000,10,11,10,11,235,0
BLT,D,20130520,000000,11,11,10,11,17,0
BLT,D,20130521,000000,11,11,10,11,4,0
BLT,D,20130522,000000,11,11,11,11,2,0
BLT,D,20130523,000000,11,11,10,11,23,0
BLT,D,20130524,000000,10,11,10,11,45,0
BLT,D,20130527,000000,11,11,11,11,4,0
BLT,D,20130528,000000,11,11,10,10,179,0
BLT,D,20130529,000000,10,11,10,10,62,0
BLT,D,20130531,000000,10,10,8,9,533,0
BLT,D,20130603,000000,10,10,10,10,10,0
BLT,D,20130604,000000,10,11,10,10,286,0
BLT,D,20130605,000000,10,11,9,11,93,0
BLT,D,20130606,000000,11,11,10,10,10,0
BLT,D,20130607,000000,11,11,11,11,0,0
BLT,D,20130610,000000,11,11,11,11,6,0
BLT,D,20130611,000000,11,12,11,12,181,0
BLT,D,20130612,000000,12,12,12,12,2,0
BLT,D,20130613,000000,12,12,12,12,90,0
BLT,D,20130614,000000,12,12,12,12,3,0
BLT,D,20130617,000000,12,12,12,12,5,0
BLT,D,20130618,000000,12,12,12,12,7,0
BLT,D,20130619,000000,12,12,12,12,2,0
BLT,D,20130620,000000,12,12,10,10,255,0
BLT,D,20130624,000000,10,11,10,11,20,0
BLT,D,20130625,000000,11,11,11,11,2,0
BLT,D,20130626,000000,11,11,11,11,2,0
BLT,D,20130627,000000,11,11,10,11,102,0
BLT,D,20130628,000000,11,11,9,9,261,0
BLT,D,20130701,000000,9,10,9,10,71,0
BLT,D,20130702,000000,11,11,11,11,0,0
BLT,D,20130703,000000,10,10,10,10,39,0
BLT,D,20130704,000000,10,11,10,11,10,0
BLT,D,20130705,000000,11,11,10,10,46,0
BLT,D,20130708,000000,10,10,10,10,2,0
BLT,D,20130709,000000,10,10,10,10,3,0
BLT,D,20130710,000000,10,10,10,10,3,0
BLT,D,20130711,000000,10,10,10,10,5,0
BLT,D,20130712,000000,10,10,10,10,4,0
BLT,D,20130715,000000,10,10,10,10,280,0
BLT,D,20130716,000000,10,10,9,9,984,0
BLT,D,20130717,000000,8,9,7,9,816,0
BLT,D,20130718,000000,9,9,9,9,3,0
BLT,D,20130719,000000,9,9,9,9,3,0
BLT,D,20130722,000000,9,9,9,9,3,0
BLT,D,20130723,000000,9,9,8,9,178,0
BLT,D,20130724,000000,9,9,9,9,3,0
BLT,D,20130725,000000,9,9,9,9,180,0
BLT,D,20130726,000000,9,9,8,8,19,0
BLT,D,20130729,000000,8,9,8,9,213,0
BLT,D,20130730,000000,9,9,9,9,187,0
BLT,D,20130731,000000,9,9,8,8,232,0
BLT,D,20130801,000000,8,9,8,9,300,0
BLT,D,20130802,000000,9,9,9,9,5,0
BLT,D,20130805,000000,9,9,9,9,3,0
BLT,D,20130806,000000,9,9,9,9,3,0
BLT,D,20130807,000000,9,9,9,9,3,0
BLT,D,20130808,000000,9,9,9,9,102,0
BLT,D,20130809,000000,9,9,8,8,222,0
BLT,D,20130812,000000,8,9,8,9,106,0
BLT,D,20130813,000000,9,9,9,9,2,0
BLT,D,20130814,000000,9,9,8,8,420,0
BLT,D,20130816,000000,8,8,8,8,3,0
BLT,D,20130819,000000,8,9,7,9,177,0
BLT,D,20130820,000000,9,9,9,9,23,0
BLT,D,20130821,000000,8,9,7,9,84,0
BLT,D,20130822,000000,9,9,9,9,58,0
BLT,D,20130823,000000,9,9,9,9,19,0
BLT,D,20130826,000000,9,9,9,9,118,0
BLT,D,20130827,000000,9,9,8,9,159,0
BLT,D,20130828,000000,9,9,9,9,2,0
BLT,D,20130829,000000,9,9,9,9,2,0
BLT,D,20130830,000000,9,9,9,9,2,0
BLT,D,20130902,000000,9,9,9,9,218,0
BLT,D,20130903,000000,9,10,9,10,26,0
BLT,D,20130904,000000,10,10,9,9,155,0
BLT,D,20130905,000000,8,8,8,8,555,0
BLT,D,20130906,000000,9,9,8,8,30,0
BLT,D,20130909,000000,8,8,8,8,2,0
BLT,D,20130910,000000,8,9,8,9,9,0
BLT,D,20130911,000000,9,9,9,9,5,0
BLT,D,20130912,000000,9,10,9,9,432,0
BLT,D,20130913,000000,9,9,9,9,10,0
BLT,D,20130916,000000,9,9,9,9,40,0
BLT,D,20130917,000000,9,9,8,8,549,0
BLT,D,20130918,000000,8,8,8,8,5,0
BLT,D,20130919,000000,8,8,8,8,5,0
BLT,D,20130920,000000,8,8,8,8,5,0
BLT,D,20130923,000000,8,8,8,8,5,0
BLT,D,20130924,000000,8,9,8,9,8,0
BLT,D,20130925,000000,9,9,9,9,3,0
BLT,D,20130926,000000,9,9,9,9,5,0
BLT,D,20130927,000000,9,9,9,9,5,0
BLT,D,20130930,000000,9,9,9,9,56,0
BLT,D,20131001,000000,9,9,8,8,65,0
BLT,D,20131002,000000,9,9,9,9,3,0
BLT,D,20131003,000000,9,9,9,9,2,0
BLT,D,20131004,000000,9,9,9,9,5,0
BLT,D,20131007,000000,9,9,9,9,2,0
BLT,D,20131008,000000,9,9,9,9,2,0
BLT,D,20131009,000000,9,9,9,9,23,0
BLT,D,20131010,000000,9,9,8,9,340,0
BLT,D,20131011,000000,9,9,9,9,2,0
BLT,D,20131014,000000,9,9,9,9,2,0
BLT,D,20131015,000000,9,10,9,10,578,0
BLT,D,20131016,000000,10,10,9,10,94,0
BLT,D,20131017,000000,10,12,10,12,2392,0
BLT,D,20131018,000000,10,11,10,11,73,0
BLT,D,20131021,000000,10,12,10,11,1432,0
BLT,D,20131022,000000,11,11,11,11,1,0
BLT,D,20131023,000000,11,11,9,10,161,0
BLT,D,20131024,000000,10,10,9,9,945,0
BLT,D,20131025,000000,10,10,10,10,115,0
BLT,D,20131028,000000,10,10,10,10,433,0
BLT,D,20131029,000000,11,11,11,11,2,0
BLT,D,20131030,000000,11,11,10,10,465,0
BLT,D,20131031,000000,10,10,10,10,138,0
BLT,D,20131104,000000,11,11,9,10,1397,0
BLT,D,20131105,000000,10,11,9,9,339,0
BLT,D,20131106,000000,10,11,10,10,34,0
BLT,D,20131107,000000,10,10,10,10,211,0
BLT,D,20131108,000000,10,10,10,10,542,0
BLT,D,20131112,000000,10,10,10,10,65,0
BLT,D,20131113,000000,10,11,10,10,200,0
BLT,D,20131114,000000,10,10,9,10,1590,0
BLT,D,20131115,000000,10,10,10,10,723,0
BLT,D,20131118,000000,10,10,10,10,12,0
BLT,D,20131119,000000,10,10,10,10,272,0
BLT,D,20131120,000000,10,10,10,10,3,0
BLT,D,20131122,000000,10,11,10,11,246,0
BLT,D,20131125,000000,11,11,10,11,214,0
BLT,D,20131126,000000,11,11,10,10,228,0
BLT,D,20131127,000000,10,10,10,10,18,0
BLT,D,20131128,000000,10,11,10,11,78,0
BLT,D,20131129,000000,11,11,10,10,362,0
BLT,D,20131202,000000,11,11,10,10,149,0
BLT,D,20131203,000000,11,11,11,11,231,0
BLT,D,20131204,000000,11,11,10,10,967,0
BLT,D,20131205,000000,11,11,10,10,3,0
BLT,D,20131206,000000,11,11,11,11,1,0
BLT,D,20131209,000000,11,11,10,10,493,0
BLT,D,20131210,000000,10,10,9,10,178,0
BLT,D,20131211,000000,10,10,10,10,2,0
BLT,D,20131212,000000,10,10,10,10,2,0
BLT,D,20131213,000000,10,10,9,9,121,0
BLT,D,20131216,000000,10,11,10,11,682,0
BLT,D,20131217,000000,10,11,10,11,1579,0
BLT,D,20131218,000000,11,12,11,11,1464,0
BLT,D,20131219,000000,11,13,11,12,2417,0
BLT,D,20131220,000000,12,15,12,15,5497,0
BLT,D,20131223,000000,16,17,16,17,3396,0
BLT,D,20131227,000000,16,17,16,17,553,0
BLT,D,20131230,000000,16,18,16,18,1684,0
BLT,D,20140102,000000,18,19,17,19,1864,0
BLT,D,20140103,000000,19,19,18,19,1981,0
BLT,D,20140107,000000,20,20,20,20,1144,0
BLT,D,20140108,000000,20,20,19,20,2494,0
BLT,D,20140109,000000,20,20,19,20,179,0
BLT,D,20140110,000000,20,20,18,19,324,0
BLT,D,20140113,000000,18,18,17,18,1190,0
BLT,D,20140114,000000,18,18,15,15,2138,0
BLT,D,20140115,000000,15,17,15,17,237,0
BLT,D,20140116,000000,17,19,17,19,1166,0
BLT,D,20140117,000000,18,20,18,20,1434,0
BLT,D,20140120,000000,19,20,19,20,36,0
BLT,D,20140121,000000,20,20,20,20,87,0
BLT,D,20140122,000000,20,20,18,20,618,0
BLT,D,20140123,000000,20,24,20,24,6485,0
BLT,D,20140124,000000,24,26,24,24,4535,0
BLT,D,20140127,000000,23,25,23,25,129,0
BLT,D,20140128,000000,25,25,24,25,626,0
BLT,D,20140129,000000,25,25,22,22,1511,0
BLT,D,20140130,000000,22,23,22,22,278,0
BLT,D,20140131,000000,21,23,21,23,138,0
BLT,D,20140203,000000,23,23,21,23,239,0
BLT,D,20140204,000000,21,23,20,20,1190,0
BLT,D,20140205,000000,22,22,20,22,37,0
BLT,D,20140206,000000,22,23,20,23,631,0
BLT,D,20140207,000000,23,25,22,25,1253,0
BLT,D,20140210,000000,25,27,25,27,1626,0
BLT,D,20140211,000000,27,28,27,28,784,0
BLT,D,20140212,000000,27,28,26,27,410,0
BLT,D,20140213,000000,28,29,25,27,557,0
BLT,D,20140214,000000,27,28,27,28,351,0
BLT,D,20140217,000000,28,29,26,29,1755,0
BLT,D,20140218,000000,28,30,28,30,714,0
BLT,D,20140219,000000,29,29,25,28,641,0
BLT,D,20140220,000000,27,29,26,28,267,0
BLT,D,20140221,000000,29,30,28,30,1291,0
BLT,D,20140224,000000,30,30,28,28,921,0
BLT,D,20140225,000000,29,29,27,29,531,0
BLT,D,20140226,000000,29,30,27,29,915,0
BLT,D,20140227,000000,29,29,27,28,436,0
BLT,D,20140228,000000,28,28,26,28,528,0
BLT,D,20140303,000000,26,28,26,27,643,0
BLT,D,20140304,000000,27,27,24,27,447,0
BLT,D,20140305,000000,27,28,25,27,1029,0
BLT,D,20140306,000000,26,27,25,27,105,0
BLT,D,20140307,000000,27,27,25,27,101,0
BLT,D,20140310,000000,27,28,26,28,403,0
BLT,D,20140311,000000,27,28,26,28,324,0
BLT,D,20140312,000000,28,28,26,28,197,0
BLT,D,20140313,000000,26,28,26,28,205,0
BLT,D,20140314,000000,25,26,25,26,382,0
BLT,D,20140317,000000,26,27,25,26,63,0
BLT,D,20140318,000000,26,26,21,26,428,0
BLT,D,20140319,000000,25,25,21,23,434,0
BLT,D,20140320,000000,23,23,20,23,10,0
BLT,D,20140321,000000,20,22,20,22,447,0
BLT,D,20140324,000000,22,24,22,24,331,0
BLT,D,20140325,000000,22,26,20,25,1650,0
BLT,D,20140326,000000,25,27,25,27,299,0
BLT,D,20140327,000000,26,27,25,27,238,0
BLT,D,20140328,000000,26,27,26,27,183,0
BLT,D,20140331,000000,26,26,25,26,192,0
BLT,D,20140401,000000,26,26,24,26,3,0
BLT,D,20140402,000000,26,26,24,26,13,0
BLT,D,20140403,000000,26,26,26,26,112,0
BLT,D,20140404,000000,26,26,26,26,554,0
BLT,D,20140407,000000,26,26,25,26,142,0
BLT,D,20140408,000000,26,27,26,26,125,0
BLT,D,20140409,000000,26,26,25,26,149,0
BLT,D,20140410,000000,25,26,25,26,79,0
BLT,D,20140411,000000,26,26,24,26,563,0
BLT,D,20140414,000000,26,26,26,26,2,0
BLT,D,20140415,000000,24,26,24,26,91,0
BLT,D,20140416,000000,26,26,26,26,1,0
BLT,D,20140417,000000,25,26,23,26,492,0
BLT,D,20140422,000000,25,26,24,26,44,0
BLT,D,20140423,000000,25,26,22,26,641,0
BLT,D,20140424,000000,23,25,21,24,605,0
BLT,D,20140425,000000,22,24,20,24,620,0
BLT,D,20140428,000000,23,24,20,24,1010,0
BLT,D,20140429,000000,22,24,21,22,1170,0
BLT,D,20140430,000000,22,24,20,23,1117,0
BLT,D,20140502,000000,20,23,20,23,481,0
BLT,D,20140505,000000,21,23,21,23,494,0
BLT,D,20140506,000000,21,23,20,22,1460,0
BLT,D,20140507,000000,21,22,20,22,379,0
BLT,D,20140509,000000,21,21,19,21,740,0
BLT,D,20140512,000000,20,21,19,21,289,0
BLT,D,20140513,000000,19,21,18,21,1581,0
BLT,D,20140514,000000,20,21,20,21,230,0
BLT,D,20140515,000000,19,21,18,21,1192,0
BLT,D,20140516,000000,20,21,20,21,213,0
BLT,D,20140519,000000,20,21,19,20,168,0
BLT,D,20140520,000000,19,20,19,20,66,0
BLT,D,20140521,000000,19,21,19,20,964,0
BLT,D,20140522,000000,20,21,19,20,402,0
BLT,D,20140523,000000,19,21,19,21,720,0
BLT,D,20140526,000000,20,21,19,20,1142,0
BLT,D,20140527,000000,19,20,19,20,369,0
BLT,D,20140528,000000,19,20,19,19,577,0
BLT,D,20140529,000000,19,20,19,20,27,0
BLT,D,20140530,000000,19,20,18,20,659,0
BLT,D,20140602,000000,19,20,18,20,1077,0
BLT,D,20140603,000000,19,21,19,21,1135,0
BLT,D,20140604,000000,21,22,19,21,2293,0
BLT,D,20140605,000000,21,21,21,21,11,0
BLT,D,20140606,000000,20,21,20,21,3,0
BLT,D,20140609,000000,20,22,19,22,706,0
BLT,D,20140610,000000,21,24,21,24,1047,0
BLT,D,20140611,000000,23,24,23,24,514,0
BLT,D,20140612,000000,24,26,24,26,1093,0
BLT,D,20140613,000000,25,26,25,26,339,0
BLT,D,20140616,000000,24,25,23,24,883,0
BLT,D,20140617,000000,23,24,23,24,402,0
BLT,D,20140618,000000,24,24,23,24,177,0
BLT,D,20140620,000000,23,23,22,22,258,0
BLT,D,20140623,000000,21,23,21,23,505,0
BLT,D,20140624,000000,23,23,22,23,217,0
BLT,D,20140625,000000,22,23,22,23,102,0
BLT,D,20140626,000000,23,23,21,23,341,0
BLT,D,20140627,000000,21,21,19,19,1837,0
BLT,D,20140630,000000,20,20,18,18,322,0
BLT,D,20140701,000000,19,19,18,19,206,0
BLT,D,20140702,000000,18,19,18,19,826,0
BLT,D,20140703,000000,19,19,19,19,35,0
BLT,D,20140704,000000,18,20,18,20,35,0
BLT,D,20140707,000000,19,20,19,20,64,0
BLT,D,20140708,000000,19,20,19,20,109,0
BLT,D,20140710,000000,19,21,19,20,526,0
BLT,D,20140711,000000,20,22,20,22,177,0
BLT,D,20140714,000000,21,23,21,23,620,0
BLT,D,20140715,000000,21,24,21,24,1188,0
BLT,D,20140716,000000,24,26,23,26,2809,0
BLT,D,20140717,000000,26,26,24,24,1448,0
BLT,D,20140718,000000,24,26,23,26,1795,0
BLT,D,20140721,000000,26,26,23,25,1125,0
BLT,D,20140722,000000,25,25,23,25,1029,0
BLT,D,20140723,000000,25,25,25,25,1,0
BLT,D,20140725,000000,24,26,24,26,1711,0
BLT,D,20140728,000000,24,27,24,27,4151,0
BLT,D,20140729,000000,27,28,26,28,4744,0
BLT,D,20140730,000000,28,28,26,27,1777,0
BLT,D,20140731,000000,27,27,25,27,46,0
BLT,D,20140801,000000,26,28,25,28,984,0
BLT,D,20140804,000000,27,29,27,29,4558,0
BLT,D,20140805,000000,28,30,28,30,3292,0
BLT,D,20140806,000000,28,30,27,28,1939,0
BLT,D,20140807,000000,28,28,25,28,909,0
BLT,D,20140808,000000,28,30,27,30,1608,0
BLT,D,20140812,000000,28,30,26,28,593,0
BLT,D,20140813,000000,27,29,26,28,1963,0
BLT,D,20140814,000000,27,28,26,27,2894,0
BLT,D,20140818,000000,27,27,26,27,309,0
BLT,D,20140819,000000,25,30,25,30,2716,0
BLT,D,20140820,000000,30,30,30,30,4200,0
BLT,D,20140821,000000,30,32,30,32,1401,0
BLT,D,20140822,000000,30,35,30,35,3814,0
BLT,D,20140825,000000,35,39,33,39,4329,0
BLT,D,20140826,000000,39,40,35,35,3074,0
BLT,D,20140827,000000,35,38,30,30,2951,0
BLT,D,20140828,000000,31,34,30,34,929,0
BLT,D,20140829,000000,34,37,33,36,808,0
BLT,D,20140901,000000,35,39,35,38,530,0
BLT,D,20140902,000000,39,39,36,39,218,0
BLT,D,20140903,000000,38,39,36,39,206,0
BLT,D,20140904,000000,36,39,36,39,182,0
BLT,D,20140905,000000,38,39,31,31,1336,0
BLT,D,20140908,000000,34,37,32,36,2298,0
BLT,D,20140909,000000,37,38,37,38,271,0
BLT,D,20140910,000000,38,38,31,33,3204,0
BLT,D,20140911,000000,33,34,31,32,765,0
BLT,D,20140912,000000,33,34,32,32,286,0
BLT,D,20140915,000000,31,35,26,34,3605,0
BLT,D,20140916,000000,34,36,33,36,821,0
BLT,D,20140917,000000,34,37,33,37,1193,0
BLT,D,20140918,000000,36,38,36,37,1586,0
BLT,D,20140919,000000,36,37,35,35,951,0
BLT,D,20140922,000000,35,36,35,36,271,0
BLT,D,20140923,000000,34,36,34,36,32,0
BLT,D,20140924,000000,34,36,34,36,21,0
BLT,D,20140925,000000,36,37,34,37,529,0
BLT,D,20140926,000000,36,37,34,36,520,0
BLT,D,20140929,000000,34,37,33,37,390,0
BLT,D,20140930,000000,36,36,30,33,1992,0
BLT,D,20141001,000000,33,34,27,28,2147,0
BLT,D,20141020,000000,23.5,33.8,23.5,33.8,616,0
BLT,D,20141021,000000,34,36.5,31,35,1410,0
BLT,D,20141022,000000,33,35,30,34.55,1171,0
BLT,D,20141023,000000,34.55,35.5,34,35.42,1009,0
BLT,D,20141024,000000,35.35,35.4,33,35,301,0
BLT,D,20141027,000000,34,34,30,30,965,0
BLT,D,20141028,000000,31,32.3,30,32.3,152,0
BLT,D,20141029,000000,30,30,27.5,29,414,0
BLT,D,20141030,000000,27.01,29,25.02,27,430,0
BLT,D,20141031,000000,26.7,31.49,26.7,31.48,1230,0
BLT,D,20141103,000000,31,33.9,31,33.8,602,0
BLT,D,20141104,000000,33.32,33.8,32.5,32.5,305,0
BLT,D,20141105,000000,32.49,32.5,30.7,32,907,0
BLT,D,20141106,000000,30.42,31.56,29.36,31.5,372,0
BLT,D,20141107,000000,29.49,30.49,26.98,29.5,3887,0
BLT,D,20141110,000000,31,31,26.3,26.3,650,0
BLT,D,20141112,000000,28,28,26.5,26.5,20,0
BLT,D,20141113,000000,26.2,26.5,26.05,26.5,210,0
BLT,D,20141114,000000,26.05,27.99,25.1,25.9,1287,0
BLT,D,20141117,000000,25.1,26.89,22.6,24,1883,0
BLT,D,20141118,000000,23.99,26.89,22.8,23,802,0
BLT,D,20141119,000000,22.33,24,20.6,20.6,607,0
BLT,D,20141120,000000,21.3,21.3,19.82,21.24,700,0
BLT,D,20141121,000000,20.51,21.24,20.51,21.24,97,0
BLT,D,20141124,000000,20.51,21.24,19,19,1737,0
BLT,D,20141125,000000,18.5,20,18.5,18.55,2522,0
BLT,D,20141126,000000,18.55,20,17.3,17.6,2996,0
BLT,D,20141127,000000,17.3,19.99,16.5,19.99,709,0
BLT,D,20141128,000000,17.4,18.7,16,16.05,1070,0
BLT,D,20141201,000000,16,16.44,15,15.4,1021,0
BLT,D,20141202,000000,14.71,15.4,14.71,15.4,7,0
BLT,D,20141203,000000,15.4,15.4,14.7,15.4,291,0
BLT,D,20141204,000000,14.71,15.8,13.9,13.9,626,0
BLT,D,20141205,000000,14.01,15.05,13.9,14.2,258,0
BLT,D,20141208,000000,13.5,14.2,13,13.76,2055,0
BLT,D,20141209,000000,13.1,13.76,12.8,12.8,1987,0
BLT,D,20141210,000000,12.8,15,12.8,13.5,200,0
BLT,D,20141211,000000,14.08,14.94,13.1,14.1,830,0
BLT,D,20141212,000000,14.5,16.34,14.5,15.16,372,0
BLT,D,20141215,000000,14.24,15.05,14.24,15.05,534,0
BLT,D,20141216,000000,14,14,14,14,150,0
BLT,D,20141217,000000,13.41,14.25,13.41,14.25,351,0
BLT,D,20141218,000000,14.23,14.84,14.23,14.84,235,0
BLT,D,20141219,000000,14.84,15.37,14.84,15.37,470,0
BLT,D,20141223,000000,14.51,17.3,14.51,15.4,443,0
BLT,D,20141229,000000,15.4,17.9,15.3,17.7,1701,0
BLT,D,20141230,000000,16.7,17.9,15.85,17.9,868,0
BLT,D,20150102,000000,17.2,19.46,17.2,19.46,227,0
BLT,D,20150105,000000,18.63,19.17,18.5,19.17,141,0
BLT,D,20150107,000000,19.17,19.5,19.17,19.5,359,0
BLT,D,20150108,000000,19.58,19.8,19.58,19.8,304,0
BLT,D,20150109,000000,19.2,19.8,19,19.8,256,0
BLT,D,20150112,000000,18.8,19.8,17,19.51,507,0
BLT,D,20150113,000000,19.49,19.8,19.01,19.8,583,0
BLT,D,20150114,000000,19.8,19.9,19.3,19.5,288,0
BLT,D,20150115,000000,19.25,19.9,19.25,19.9,264,0
BLT,D,20150116,000000,19.28,19.9,19.2,19.9,256,0
BLT,D,20150120,000000,19.79,19.9,19.79,19.9,158,0
BLT,D,20150126,000000,18.71,19.3,18.71,19.3,200,0
BLT,D,20150127,000000,18.42,19.5,18.42,19.5,274,0
BLT,D,20150129,000000,18.06,18.3,18.06,18.3,221,0
BLT,D,20150130,000000,18,19.43,18,19.43,221,0
BLT,D,20150203,000000,19.11,19.5,19.11,19.5,107,0
BLT,D,20150205,000000,18.9,18.9,17.2,17.8,795,0
BLT,D,20150206,000000,17.1,17.1,15.28,16.8,903,0
BLT,D,20150209,000000,16.61,18,16.61,18,496,0
BLT,D,20150210,000000,18,18.92,18,18.92,156,0
BLT,D,20150212,000000,18.9,18.92,17.2,17.2,112,0
BLT,D,20150213,000000,17.3,18.27,17.3,18.27,87,0
BLT,D,20150216,000000,18,18,15.73,18,5304,0
BLT,D,20150218,000000,16.98,18,16.98,18,906,0
BLT,D,20150219,000000,17.7,17.7,16.39,16.6,191,0
BLT,D,20150220,000000,17.17,17.82,17.17,17.82,51,0
BLT,D,20150223,000000,17.82,19.8,17.82,19.8,631,0
BLT,D,20150224,000000,19,22.14,19,22.14,1321,0
BLT,D,20150225,000000,22.14,22.14,18.03,19.44,1132,0
BLT,D,20150226,000000,18.1,19.44,17.99,18,903,0
BLT,D,20150227,000000,18,18,18,18,3594,0
BLT,D,20150302,000000,18.9,19.4,18,18.9,604,0
BLT,D,20150303,000000,19,20.98,17.5,20.98,655,0
BLT,D,20150304,000000,18.8,18.8,18.8,18.8,59,0
BLT,D,20150305,000000,19.7,19.7,18.25,18.25,363,0
BLT,D,20150306,000000,18,18.5,18,18,248,0
BLT,D,20150309,000000,18,18.5,18,18.5,103,0
BLT,D,20150310,000000,18,18.03,17,18.03,1441,0
BLT,D,20150311,000000,17,17.9,17,17.9,317,0
BLT,D,20150312,000000,17,18.9,17,17.9,504,0
BLT,D,20150317,000000,17.9,19.04,17.9,17.9,171,0
BLT,D,20150318,000000,18.89,18.89,18.89,18.89,1,0
BLT,D,20150319,000000,18.89,19.11,18,19.11,172,0
BLT,D,20150327,000000,19.11,20.41,19.11,19.7,1075,0
BLT,D,20150330,000000,20.41,20.41,18.9,18.9,102,0
BLT,D,20150331,000000,19.1,19.87,19.1,19.87,57,0
BLT,D,20150401,000000,19.87,20.4,19.87,20.4,70,0
BLT,D,20150402,000000,20.35,20.4,20,20.4,495,0
BLT,D,20150408,000000,20.52,20.52,20.52,20.52,2,0
BLT,D,20150409,000000,19,19,19,19,106,0
BLT,D,20150410,000000,19.5,23.4,19.5,20.29,1481,0
BLT,D,20150413,000000,21.61,22.89,21.23,22.89,216,0
BLT,D,20150414,000000,21.26,22.2,21.2,22.2,338,0
BLT,D,20150415,000000,20.56,22.79,20.56,21.5,426,0
BLT,D,20150420,000000,21.69,21.69,18.06,21.6,261,0
BLT,D,20150421,000000,21.6,21.6,19.14,19.65,1054,0
BLT,D,20150422,000000,19.14,19.65,19.1,19.65,497,0
BLT,D,20150424,000000,18.2,19.44,18,18.9,458,0
BLT,D,20150428,000000,18.8,18.8,18.8,18.8,1,0
BLT,D,20150429,000000,17.5,18.8,17.5,18.8,25,0
BLT,D,20150430,000000,17.7,18.8,17.2,18.57,54,0
BLT,D,20150506,000000,17.21,17.21,17.2,17.2,100,0
BLT,D,20150507,000000,17.5,18.57,17.01,18.57,286,0
BLT,D,20150508,000000,17.2,18.49,16.3,18.49,414,0
BLT,D,20150511,000000,17.2,17.2,17.2,17.2,106,0
BLT,D,20150513,000000,16.3,16.3,15.95,15.95,814,0
BLT,D,20150514,000000,15.1,16.15,15,16.15,434,0
BLT,D,20150515,000000,15,15,15,15,174,0
BLT,D,20150518,000000,15.2,15.2,14.9,14.9,270,0
BLT,D,20150519,000000,15,15,15,15,90,0
BLT,D,20150520,000000,15.2,15.65,14.5,14.5,304,0
BLT,D,20150521,000000,14.6,16.4,14.6,16.4,286,0
BLT,D,20150522,000000,16.4,16.95,16.4,16.5,283,0
BLT,D,20150525,000000,17.62,17.62,17.62,17.62,2,0
BLT,D,20150526,000000,17,17.62,17,17.62,512,0
BLT,D,20150527,000000,17.42,18.5,17.42,18.5,59,0
BLT,D,20150528,000000,18.49,18.5,18.49,18.5,109,0
BLT,D,20150602,000000,17.42,18.14,17.42,18.14,167,0
BLT,D,20150605,000000,16.8,16.8,16.8,16.8,99,0
BLT,D,20150608,000000,15.75,16.4,15.75,16.4,77,0
BLT,D,20150612,000000,16.4,16.4,16.4,16.4,3,0
BLT,D,20150615,000000,16.4,17.38,16.4,17.38,92,0
BLT,D,20150617,000000,17.35,17.38,16.1,17.38,240,0
BLT,D,20150618,000000,16.6,16.6,16.6,16.6,5,0
BLT,D,20150619,000000,16.6,16.6,16.6,16.6,54,0
BLT,D,20150622,000000,16.6,16.6,16.6,16.6,8,0
BLT,D,20150625,000000,16.6,16.6,16.6,16.6,4,0
BLT,D,20150707,000000,16.3,19,16.3,19,125,0
BLT,D,20150708,000000,15.25,16.44,15.25,16.44,11,0
BLT,D,20150710,000000,15.24,15.24,15.24,15.24,100,0
BLT,D,20150713,000000,15.6,16.41,15.6,16.41,102,0
BLT,D,20150715,000000,15.2,16.41,15.2,16.41,483,0
BLT,D,20150717,000000,19,19,19,19,1,0
BLT,D,20150721,000000,15.21,15.7,15.2,15.4,1251,0
BLT,D,20150722,000000,15.4,15.4,15.4,15.4,280,0
BLT,D,20150723,000000,15.7,15.7,15.7,15.7,402,0
BLT,D,20150724,000000,15.2,15.3,14.2,15,391,0
BLT,D,20150727,000000,15.33,16.99,15.33,16.99,136,0
BLT,D,20150803,000000,16.25,16.25,16.25,16.25,35,0
BLT,D,20150807,000000,15.1,16,15.1,16,8,0
BLT,D,20150810,000000,15.9,16,15.9,16,204,0
BLT,D,20150817,000000,14.22,16.3,14.22,16.3,24,0
BLT,D,20150819,000000,15.3,15.3,15.3,15.3,100,0
BLT,D,20150820,000000,16.2,16.2,16.2,16.2,2,0
BLT,D,20150821,000000,16.3,16.3,16.3,16.3,2,0
BLT,D,20150824,000000,15.5,15.5,15.1,15.1,225,0
BLT,D,20150826,000000,15.3,15.3,15.3,15.3,2,0
BLT,D,20150827,000000,14.18,15.3,14.17,15.3,102,0
BLT,D,20150828,000000,15.3,17.3,15.3,17.3,132,0
BLT,D,20150901,000000,15.3,16.2,15.3,16.2,162,0
BLT,D,20150903,000000,16,16,16,16,140,0
BLT,D,20150909,000000,15,16.1,15,15,468,0
BLT,D,20150914,000000,15.15,16.03,15.15,16.03,151,0
BLT,D,20150916,000000,14.85,16.03,14.85,15,237,0
BLT,D,20150917,000000,15,15.87,15,15.87,201,0
BLT,D,20150921,000000,14.7,14.7,14.7,14.7,150,0
BLT,D,20150922,000000,14.4,14.9,14.4,14.9,31,0
BLT,D,20150928,000000,16,16,16,16,2,0
BLT,D,20150930,000000,16,16.99,16,16.99,225,0
BLT,D,20151001,000000,15,16.2,15,15,279,0
BLT,D,20151002,000000,16.2,16.2,14.4,15.2,191,0
BLT,D,20151005,000000,16.4,16.4,14.2,15.2,26,0
BLT,D,20151006,000000,15,15,15,15,39,0
BLT,D,20151007,000000,14.08,14.08,14.08,14.08,143,0
BLT,D,20151008,000000,14.2,14.4,14.2,14.4,40,0
BLT,D,20151009,000000,14.99,14.99,14.4,14.4,26,0
BLT,D,20151012,000000,15,15,14,14,101,0
BLT,D,20151014,000000,14.5,14.5,14.5,14.5,48,0
BLT,D,20151015,000000,13.5,13.9,13.43,13.9,226,0
BLT,D,20151016,000000,13.9,14.25,13.9,14.25,76,0
BLT,D,20151019,000000,14.25,14.25,14.25,14.25,1,0
BLT,D,20151022,000000,14.25,14.25,14.25,14.25,1,0
BLT,D,20151026,000000,13.5,14.25,13.5,14.25,94,0
BLT,D,20151030,000000,13.25,14.25,13.25,14.25,214,0
BLT,D,20151102,000000,13.3,14.25,13.3,14.25,201,0
BLT,D,20151106,000000,14.25,14.25,13.31,14.25,86,0
BLT,D,20151110,000000,13.31,13.31,13.31,13.31,95,0
BLT,D,20151112,000000,14.24,14.24,14.24,14.24,1,0
BLT,D,20151113,000000,13.3,14.12,13.3,14.12,6,0
BLT,D,20151116,000000,13.4,14.12,13.4,14.12,50,0
BLT,D,20151118,000000,13.4,13.4,13.3,13.3,200,0
BLT,D,20151119,000000,14.12,14.12,14.12,14.12,1,0
BLT,D,20151125,000000,14.12,14.12,14.12,14.12,31,0
BLT,D,20151126,000000,13.3,13.3,13.3,13.3,23,0
BLT,D,20151127,000000,13,13.3,13,13.3,3,0
BLT,D,20151130,000000,12.9,13,11,11,828,0
BLT,D,20151201,000000,11,11,11,11,668,0
BLT,D,20151202,000000,10.29,10.6,9.8,9.8,436,0
BLT,D,20151203,000000,10.48,10.48,9.5,9.5,278,0
BLT,D,20151204,000000,9.7,9.7,9.7,9.7,28,0
BLT,D,20151207,000000,9.7,10.27,9.7,10.27,208,0
BLT,D,20151208,000000,10.27,10.27,10.27,10.27,72,0
BLT,D,20151214,000000,10,10,10,10,100,0
BLT,D,20151216,000000,10,10,10,10,400,0
BLT,D,20151218,000000,9.8,10,9.75,10,207,0
BLT,D,20151221,000000,9.6,9.6,9.6,9.6,7,0
BLT,D,20151222,000000,9.6,9.99,9.6,9.99,35,0
BLT,D,20151230,000000,9.99,9.99,9.99,9.99,40,0
BLT,D,20160108,000000,10.25,10.25,10.25,10.25,31,0
BLT,D,20160114,000000,10.25,11.9,10.25,11.9,332,0
BLT,D,20160115,000000,10.77,11.41,10.77,11.41,188,0
BLT,D,20160118,000000,10.77,11.9,10.77,11.9,190,0
BLT,D,20160120,000000,10.67,10.67,10.67,10.67,147,0
BLT,D,20160126,000000,10.8,11.8,10.8,11.8,187,0
BLT,D,20160127,000000,11.34,11.9,11.34,11.9,188,0
BLT,D,20160201,000000,11.9,13,11.89,12.3,567,0
BLT,D,20160202,000000,12.84,13,12.84,13,30,0
BLT,D,20160205,000000,11.5,13.8,11.34,11.34,312,0
BLT,D,20160208,000000,13,13.91,13,13.78,80,0
BLT,D,20160217,000000,14.15,14.15,14.15,14.15,2,0
BLT,D,20160223,000000,13.3,13.3,13.3,13.3,1,0
BLT,D,20160225,000000,13.3,13.3,13.3,13.3,1,0
BLT,D,20160226,000000,13.3,13.3,13.3,13.3,9,0
BLT,D,20160302,000000,12,12,12,12,81,0
BLT,D,20160303,000000,12,12,12,12,5,0
BLT,D,20160314,000000,11.5,11.5,11.5,11.5,87,0
BLT,D,20160315,000000,11.5,11.9,11.13,11.9,98,0
BLT,D,20160317,000000,11.5,12,11.5,12,115,0
BLT,D,20160322,000000,12,12,12,12,50,0
BLT,D,20160329,000000,11.35,11.35,9.5,10.5,550,0
BLT,D,20160330,000000,10.59,10.59,10.59,10.59,1,0
BLT,D,20160331,000000,10.59,10.91,10.59,10.91,96,0
BLT,D,20160401,000000,10.91,11.12,10.91,11.12,41,0
BLT,D,20160404,000000,11.12,11.12,11.12,11.12,4,0
BLT,D,20160405,000000,11.12,11.12,11.12,11.12,93,0
BLT,D,20160406,000000,11.55,12.03,11.55,12.03,93,0
BLT,D,20160407,000000,12.03,12.03,12.03,12.03,11,0
BLT,D,20160408,000000,12.03,12.03,12.03,12.03,10,0
BLT,D,20160411,000000,12.03,12.03,12.03,12.03,2,0
BLT,D,20160414,000000,12.03,14.2,12.03,13,89,0
BLT,D,20160415,000000,11.7,11.9,10.5,11.9,1001,0
BLT,D,20160419,000000,11.13,11.39,9,11.39,585,0
BLT,D,20160421,000000,11.39,11.39,11.39,11.39,58,0
BLT,D,20160422,000000,11.99,11.99,11.99,11.99,1,0
BLT,D,20160427,000000,11.79,11.79,11.79,11.79,30,0
BLT,D,20160428,000000,11.19,11.3,10,10.67,440,0
BLT,D,20160429,000000,10.76,10.76,10.76,10.76,1,0
BLT,D,20160504,000000,10.17,10.17,10,10,263,0
BLT,D,20160506,000000,10.27,10.78,10.27,10.78,133,0
BLT,D,20160510,000000,10.77,10.78,10.77,10.78,105,0
BLT,D,20160512,000000,10.2,10.2,10.17,10.17,98,0
BLT,D,20160513,000000,10.6,10.6,10.6,10.6,1,0
BLT,D,20160516,000000,10.6,10.8,10.4,10.4,153,0
BLT,D,20160517,000000,10.55,10.78,10.19,10.19,72,0
BLT,D,20160518,000000,10.78,10.78,10.78,10.78,1,0
BLT,D,20160523,000000,10.19,10.19,10.19,10.19,28,0
BLT,D,20160525,000000,10.78,10.78,10.78,10.78,2,0
BLT,D,20160527,000000,10.19,10.19,10.19,10.19,99,0
BLT,D,20160530,000000,10.35,10.45,10.3,10.3,121,0
BLT,D,20160601,000000,10.3,10.3,10,10,130,0
BLT,D,20160603,000000,10,10.2,9.63,10.2,37,0
BLT,D,20160606,000000,10.2,10.78,10,10,202,0
BLT,D,20160607,000000,10.1,10.78,10,10,215,0
BLT,D,20160610,000000,10.1,10.1,10.1,10.1,1,0
BLT,D,20160615,000000,10.1,10.1,10.1,10.1,2,0
BLT,D,20160617,000000,9.54,9.54,9.53,9.53,300,0
BLT,D,20160620,000000,9.63,9.63,9.53,9.53,255,0
BLT,D,20160621,000000,9.63,9.85,9.21,9.21,462,0
BLT,D,20160622,000000,9.17,9.17,9.17,9.17,53,0
BLT,D,20160623,000000,9.17,9.8,9.16,9.8,135,0
BLT,D,20160624,000000,9.2,9.2,9.2,9.2,6,0
BLT,D,20160627,000000,9.4,9.4,9.4,9.4,14,0
BLT,D,20160701,000000,9.4,9.4,9.4,9.4,5,0
BLT,D,20160704,000000,9.4,9.85,9.4,9.85,108,0
BLT,D,20160706,000000,9.3,9.3,9.3,9.3,36,0
BLT,D,20160707,000000,10.78,10.78,10.78,10.78,1,0
BLT,D,20160708,000000,9.64,10.78,9.64,10.78,105,0
BLT,D,20160712,000000,9.6,9.6,9.6,9.6,104,0
BLT,D,20160713,000000,9.8,9.8,9.8,9.8,9,0
BLT,D,20160718,000000,9.8,9.8,9.25,9.25,7,0
BLT,D,20160719,000000,9.8,9.8,9.8,9.8,1,0
BLT,D,20160721,000000,9.8,9.8,9.8,9.8,5,0
BLT,D,20160725,000000,9.8,10.17,9.8,10.17,96,0
BLT,D,20160727,000000,10,10.17,10,10.17,110,0
BLT,D,20160817,000000,10.7,10.78,10.7,10.78,13,0
BLT,D,20160818,000000,10.17,10.78,10.17,10.78,140,0
BLT,D,20160819,000000,10.78,10.78,10.78,10.78,60,0
BLT,D,20160822,000000,10.6,10.78,10.3,10.7,313,0
BLT,D,20160823,000000,10.78,10.78,10.78,10.78,1,0
BLT,D,20160830,000000,10.1,10.7,10.1,10.7,59,0
BLT,D,20160831,000000,10.7,10.7,10.7,10.7,1,0
BLT,D,20160906,000000,10.7,10.7,10.7,10.7,55,0
BLT,D,20160907,000000,10.34,10.34,10.34,10.34,27,0
BLT,D,20160908,000000,10.7,12.4,10.53,11.13,1053,0
BLT,D,20160909,000000,11,11.94,11,11.94,597,0
BLT,D,20160913,000000,11.03,11.12,11.03,11.12,100,0
BLT,D,20160914,000000,11.13,11.13,11.13,11.13,10,0
BLT,D,20160915,000000,10.6,11.13,10.53,11.13,108,0
BLT,D,20160921,000000,10.5,10.5,10.5,10.5,5,0
BLT,D,20160922,000000,11.13,11.13,11.13,11.13,2,0
BLT,D,20160923,000000,10.5,10.5,10.01,10.01,106,0
BLT,D,20160926,000000,10.6,10.6,10.6,10.6,10,0
BLT,D,20160929,000000,10.5,10.5,10.5,10.5,40,0
BLT,D,20160930,000000,10.1,10.1,10.01,10.03,220,0
BLT,D,20161003,000000,10.04,10.04,10.04,10.04,39,0
BLT,D,20161004,000000,10.3,10.3,9.81,9.81,13,0
BLT,D,20161005,000000,10.3,10.3,10.3,10.3,1,0
BLT,D,20161012,000000,9.81,9.81,7.99,8,4169,0
BLT,D,20161013,000000,8,9.4,8,9.4,2139,0
BLT,D,20161014,000000,8.34,8.71,8,8.4,1313,0
BLT,D,20161017,000000,8,8.8,8,8.8,500,0
BLT,D,20161019,000000,8.01,8.8,8,8.8,800,0
BLT,D,20161020,000000,8.4,8.4,8.05,8.05,75,0
BLT,D,20161021,000000,8.45,8.45,8.4,8.4,61,0
BLT,D,20161025,000000,8.05,8.4,8.05,8.4,500,0
BLT,D,20161026,000000,8.4,9.99,8.4,9.99,634,0
BLT,D,20161027,000000,8.92,9.06,8.92,9.06,81,0
BLT,D,20161028,000000,9.06,9.06,9.06,9.06,1,0
BLT,D,20161102,000000,8.63,8.63,8,8.3,548,0
BLT,D,20161103,000000,8,8,8,8,250,0
BLT,D,20161104,000000,8.3,8.3,8.3,8.3,1,0
BLT,D,20161107,000000,8.3,8.3,8.3,8.3,57,0
BLT,D,20161108,000000,8.3,8.43,8.3,8.43,11,0
BLT,D,20161110,000000,8.43,8.43,8.43,8.43,160,0
BLT,D,20161114,000000,8.43,8.43,8.43,8.43,20,0
BLT,D,20161117,000000,8.43,8.5,8.2,8.5,320,0
BLT,D,20161121,000000,7.91,8.25,7.91,8.25,544,0
BLT,D,20161123,000000,8.25,8.25,8.25,8.25,5,0
BLT,D,20161125,000000,7.9,8,7.9,8,450,0
BLT,D,20161128,000000,7.9,8.25,7.9,8.25,502,0
BLT,D,20161129,000000,8.24,8.24,8.24,8.24,10,0
BLT,D,20161130,000000,8.24,8.25,8.24,8.25,308,0
BLT,D,20161201,000000,8.14,8.16,8.14,8.16,471,0
BLT,D,20161202,000000,8.46,8.46,8.06,8.06,81,0
BLT,D,20161206,000000,7.96,8.98,7.96,8.7,854,0
BLT,D,20161207,000000,8.29,8.7,8.2,8.25,394,0
BLT,D,20161208,000000,8.35,8.35,8.35,8.35,1,0
BLT,D,20161209,000000,8.1,8.1,8.1,8.1,7,0
BLT,D,20161212,000000,8.1,8.98,8.1,8.98,92,0
BLT,D,20161214,000000,7.96,7.96,7.96,7.96,1,0
BLT,D,20161215,000000,8.3,8.3,8.3,8.3,5,0
BLT,D,20161219,000000,7.81,8.2,7.81,8.2,8,0
BLT,D,20161220,000000,8.2,8.2,8,8,60,0
BLT,D,20161221,000000,7.82,7.83,7.82,7.82,133,0
BLT,D,20161222,000000,8.1,8.1,7.82,7.82,88,0
BLT,D,20161223,000000,7.82,8.98,7.82,8.98,239,0
BLT,D,20161230,000000,8.2,8.29,8.2,8.29,330,0
BLT,D,20170103,000000,8.29,8.29,8.29,8.29,60,0
BLT,D,20170104,000000,8.29,8.29,8.29,8.29,82,0
BLT,D,20170105,000000,7.91,7.91,7.91,7.91,191,0
BLT,D,20170109,000000,7.7,7.7,7.7,7.7,35,0
BLT,D,20170110,000000,8,8,8,8,17,0
BLT,D,20170111,000000,8,8,8,8,127,0
BLT,D,20170112,000000,8.29,8.3,8.29,8.3,130,0
BLT,D,20170113,000000,8.4,8.97,8.4,8.4,479,0
BLT,D,20170116,000000,8.5,8.5,8.5,8.5,49,0
BLT,D,20170117,000000,8.5,8.7,8.5,8.7,52,0
BLT,D,20170119,000000,8.7,8.97,8.7,8.97,110,0
BLT,D,20170120,000000,8.97,8.97,8.97,8.97,5,0
BLT,D,20170123,000000,8.97,10,8.97,9.3,210,0
BLT,D,20170124,000000,9.5,9.5,9.5,9.5,10,0
BLT,D,20170125,000000,9.5,9.8,9.5,9.8,42,0
BLT,D,20170126,000000,9.8,10.89,9.8,10.89,136,0
BLT,D,20170131,000000,10.2,10.2,10.2,10.2,99,0
BLT,D,20170203,000000,10.2,10.2,9.5,9.5,138,0
BLT,D,20170206,000000,8.7,8.7,8.7,8.7,199,0
BLT,D,20170207,000000,9,9.5,9,9.5,150,0
BLT,D,20170208,000000,9.7,9.7,9.7,9.7,5,0
BLT,D,20170209,000000,9.7,10,9.7,10,70,0
BLT,D,20170210,000000,10,10.2,10,10.2,66,0
BLT,D,20170214,000000,10.2,10.2,10.2,10.2,40,0
BLT,D,20170215,000000,9.89,9.89,9.89,9.89,41,0
BLT,D,20170216,000000,9.89,9.89,9.89,9.89,1,0
BLT,D,20170217,000000,9.89,9.89,9.89,9.89,125,0
BLT,D,20170220,000000,9.89,9.89,9.89,9.89,1,0
BLT,D,20170223,000000,9.89,10.5,9.89,10.5,181,0
BLT,D,20170224,000000,10.5,10.5,10.5,10.5,6,0
BLT,D,20170227,000000,10.5,10.5,10.5,10.5,686,0
BLT,D,20170228,000000,11.5,12.3,11,12,444,0
BLT,D,20170301,000000,12,12.49,12,12.49,373,0
BLT,D,20170302,000000,12.5,12.5,12.4,12.4,69,0
BLT,D,20170303,000000,12.4,12.4,12.4,12.4,81,0
BLT,D,20170306,000000,12.4,12.5,11.5,12,282,0
BLT,D,20170308,000000,12,12,12,12,20,0
BLT,D,20170309,000000,11,11,11,11,100,0
BLT,D,20170310,000000,11,11,11,11,2,0
BLT,D,20170313,000000,11,11.5,10.5,11.5,356,0
BLT,D,20170314,000000,11.5,11.5,11.49,11.49,3,0
BLT,D,20170315,000000,11.5,11.5,11.5,11.5,42,0
BLT,D,20170321,000000,11.5,11.79,11.24,11.7,132,0
BLT,D,20170322,000000,11.15,11.15,11.15,11.15,181,0
BLT,D,20170323,000000,11.15,11.15,11.15,11.15,2,0
BLT,D,20170324,000000,11.15,11.15,11.15,11.15,20,0
BLT,D,20170327,000000,11.15,11.15,11.15,11.15,7,0
BLT,D,20170328,000000,11.14,11.14,11.14,11.14,10,0
BLT,D,20170404,000000,11.15,11.15,11.15,11.15,1,0
BLT,D,20170405,000000,10.62,11.2,10.62,11.2,80,0
BLT,D,20170407,000000,11.2,11.2,11.2,11.2,4,0
BLT,D,20170410,000000,10.67,10.67,9,9.92,843,0
BLT,D,20170418,000000,9.92,10.29,9.92,10.29,137,0
BLT,D,20170419,000000,10.29,10.39,10.29,10.39,52,0
BLT,D,20170420,000000,10,10,10,10,150,0
BLT,D,20170421,000000,10.35,10.35,9.48,9.48,415,0
BLT,D,20170424,000000,9.5,10,9.5,10,229,0
BLT,D,20170426,000000,9.92,10.5,9.92,10.5,203,0
BLT,D,20170427,000000,10.3,10.3,9.88,9.88,209,0
BLT,D,20170428,000000,9.93,10.16,9.93,10.16,110,0
BLT,D,20170504,000000,10.16,10.4,10.16,10.4,102,0
BLT,D,20170508,000000,10.03,10.4,10.03,10.4,3,0
BLT,D,20170509,000000,10,10.18,9.91,10.18,210,0
BLT,D,20170512,000000,10.18,10.18,10.18,10.18,40,0
BLT,D,20170515,000000,10.33,10.43,9.94,9.94,53,0
BLT,D,20170516,000000,10.8,10.88,10.8,10.88,932,0
BLT,D,20170517,000000,10.5,10.88,10.39,10.8,304,0
BLT,D,20170518,000000,10.5,10.8,10.5,10.8,70,0
BLT,D,20170522,000000,10.8,10.9,10.8,10.9,31,0
BLT,D,20170523,000000,10.39,10.9,10.39,10.9,198,0
BLT,D,20170525,000000,10.89,10.89,10.39,10.39,310,0
BLT,D,20170531,000000,10.4,10.4,10.4,10.4,10,0
BLT,D,20170609,000000,10.2,10.2,9.1,10,380,0
BLT,D,20170612,000000,10,10,10,10,40,0
BLT,D,20170613,000000,10.1,10.1,10.1,10.1,50,0
BLT,D,20170614,000000,10.1,10.35,10.1,10.35,102,0
BLT,D,20170616,000000,10.35,10.9,10.3,10.34,392,0
BLT,D,20170619,000000,10.35,10.9,10.3,10.8,207,0
BLT,D,20170620,000000,10.3,11.07,10.3,11.07,289,0
BLT,D,20170622,000000,11.07,11.07,11.07,11.07,15,0
BLT,D,20170626,000000,11.07,11.55,11.07,11.55,477,0
BLT,D,20170627,000000,11.55,11.7,11.55,11.7,63,0
BLT,D,20170703,000000,11.7,11.81,11.25,11.25,212,0
BLT,D,20170704,000000,11.3,11.3,10.8,11.3,94,0
BLT,D,20170705,000000,11.35,11.39,11.35,11.39,12,0
BLT,D,20170706,000000,11.39,12,11.39,11.85,412,0
BLT,D,20170707,000000,11.3,12,11.3,12,3988,0
BLT,D,20170710,000000,12,12.12,12,12.12,246,0
BLT,D,20170713,000000,12.12,12.12,12.12,12.12,25,0
BLT,D,20170717,000000,12.12,12.12,11.6,11.6,198,0
BLT,D,20170718,000000,11.65,11.95,11.65,11.95,52,0
BLT,D,20170720,000000,11.95,11.95,11.95,11.95,25,0
BLT,D,20170724,000000,11.95,12.49,11.95,12.48,256,0
BLT,D,20170725,000000,12.48,12.48,12.48,12.48,15,0
BLT,D,20170728,000000,12.49,12.49,11.9,11.9,170,0
BLT,D,20170731,000000,12.5,12.5,12.5,12.5,9,0
BLT,D,20170802,000000,11.53,11.53,11.18,11.23,358,0
BLT,D,20170807,000000,11.22,11.22,11.22,11.22,1,0
BLT,D,20170808,000000,11.22,11.22,11.22,11.22,109,0
BLT,D,20170810,000000,11.23,11.23,11.23,11.23,10,0
BLT,D,20170811,000000,10.7,12.5,10.7,12.5,742,0
BLT,D,20170817,000000,11.23,12.5,11.23,12.5,180,0
BLT,D,20170818,000000,11.68,11.68,11.68,11.68,60,0
BLT,D,20170821,000000,11.86,12.5,11.76,12.34,341,0
BLT,D,20170824,000000,11.86,11.94,11.86,11.94,71,0
BLT,D,20170825,000000,12.1,12.3,12.1,12.3,52,0
BLT,D,20170828,000000,12.3,12.3,11.53,11.53,585,0
BLT,D,20170829,000000,11.56,12.5,11.5,11.5,370,0
BLT,D,20170830,000000,11.05,11.1,9.03,10.9,789,0
BLT,D,20170831,000000,10.55,10.55,10.05,10.05,2,0
BLT,D,20170904,000000,10.05,10.55,10.05,10.55,33,0
BLT,D,20170905,000000,10.48,10.97,10.48,10.97,193,0
BLT,D,20170907,000000,10.97,10.97,10.97,10.97,10,0
BLT,D,20170908,000000,10.5,10.5,10.45,10.45,189,0
BLT,D,20170911,000000,10.76,10.86,10.35,10.35,131,0
BLT,D,20170912,000000,10.6,10.6,10.6,10.6,10,0
BLT,D,20170914,000000,10.6,10.71,10.6,10.71,70,0
BLT,D,20170915,000000,10.76,10.76,10.76,10.76,5,0
BLT,D,20170918,000000,10.76,10.81,10.76,10.81,95,0
BLT,D,20170919,000000,10.92,10.92,10.92,10.92,10,0
BLT,D,20170920,000000,10.92,10.92,10.92,10.92,20,0
BLT,D,20170921,000000,10.97,11.07,10.97,11.07,42,0
BLT,D,20170925,000000,11.07,11.07,11.07,11.07,10,0
BLT,D,20170928,000000,11.95,11.95,11.95,11.95,1,0
BLT,D,20171003,000000,10.55,10.6,9.01,10.6,462,0
BLT,D,20171004,000000,10.5,10.5,10.5,10.5,19,0
BLT,D,20171005,000000,10.5,10.5,10.5,10.5,5,0
BLT,D,20171009,000000,10.5,10.5,10.5,10.5,2,0
BLT,D,20171010,000000,10.5,10.5,10.5,10.5,1,0
BLT,D,20171011,000000,10.5,10.5,10.5,10.5,27,0
BLT,D,20171016,000000,10.45,11.02,10.45,11.02,256,0
BLT,D,20171017,000000,10.51,11.02,10.5,11.02,267,0
BLT,D,20171025,000000,10.1,10.1,9.7,10.1,396,0
BLT,D,20171027,000000,10.15,10.2,10,10.2,42,0
BLT,D,20171030,000000,11,11,10,11,269,0
BLT,D,20171031,000000,10.6,10.65,10.6,10.65,22,0
BLT,D,20171102,000000,10.65,10.65,10.65,10.65,1,0
BLT,D,20171103,000000,11,11,11,11,5,0
BLT,D,20171108,000000,10.16,10.16,10.15,10.15,398,0
BLT,D,20171109,000000,10,10.15,10,10.15,130,0
BLT,D,20171110,000000,9.9,10.2,9.9,10.2,2375,0
BLT,D,20171113,000000,9.72,10.2,9.72,10.2,15,0
BLT,D,20171114,000000,11,11,10.2,10.9,251,0
BLT,D,20171116,000000,10.9,11,10.9,11,10,0
BLT,D,20171121,000000,10.1,10.15,10.1,10.15,213,0
BLT,D,20171122,000000,10.15,10.15,10.15,10.15,20,0
BLT,D,20171205,000000,10.15,10.15,10.15,10.15,5,0
BLT,D,20171212,000000,9.68,9.68,9.67,9.67,214,0
BLT,D,20171213,000000,9.95,9.95,9.95,9.95,5,0
BLT,D,20171214,000000,9.48,9.95,9.48,9.95,31,0
BLT,D,20171218,000000,9.6,9.6,9.6,9.6,150,0
BLT,D,20171219,000000,9.95,9.95,9.95,9.95,25,0
BLT,D,20171220,000000,9.48,9.49,9.48,9.49,209,0
BLT,D,20171222,000000,9.95,11.9,9.95,11.9,267,0
BLT,D,20171227,000000,10.1,10.1,10.1,10.1,199,0
BLT,D,20171228,000000,10.1,10.1,10.1,10.1,198,0
BLT,D,20171229,000000,10.15,10.15,10.15,10.15,1,0
BLT,D,20180103,000000,10.1,10.1,10.1,10.1,5,0
BLT,D,20180105,000000,11.8,11.8,11.8,11.8,5,0
BLT,D,20180108,000000,10.1,10.5,10.1,10.5,209,0
BLT,D,20180110,000000,10.5,10.5,10.5,10.5,10,0
BLT,D,20180111,000000,10.5,10.5,10.5,10.5,5,0
BLT,D,20180112,000000,10.5,10.5,10.5,10.5,191,0
BLT,D,20180115,000000,10.9,11,10.9,11,40,0
BLT,D,20180116,000000,11,11.1,11,11.1,35,0
BLT,D,20180118,000000,10.6,10.6,10,10,384,0
BLT,D,20180119,000000,10.4,11.5,10.4,11.5,195,0
BLT,D,20180126,000000,10.8,11.5,10.8,11.5,187,0
BLT,D,20180202,000000,10.7,10.7,10.7,10.7,105,0
BLT,D,20180205,000000,10.9,10.9,10.9,10.9,19,0
BLT,D,20180206,000000,10.5,10.9,10.5,10.9,602,0
BLT,D,20180215,000000,10.3,10.3,9.95,10.3,255,0
BLT,D,20180222,000000,9.9,9.9,9.9,9.9,203,0
BLT,D,20180223,000000,9.95,10.9,9.95,10.9,203,0
BLT,D,20180227,000000,10.3,10.3,10.3,10.3,50,0
BLT,D,20180301,000000,10.2,10.3,10.2,10.3,166,0
BLT,D,20180313,000000,9.9,9.9,9.9,9.9,180,0
BLT,D,20180314,000000,10,10,10,10,7,0
BLT,D,20180315,000000,10,10,10,10,10,0
BLT,D,20180319,000000,10,10,10,10,10,0
BLT,D,20180320,000000,10,10,10,10,10,0
BLT,D,20180321,000000,9.95,9.95,9.95,9.95,79,0
BLT,D,20180326,000000,10,10,9.55,10,123,0
BLT,D,20180328,000000,9.8,10,9.8,10,102,0
BLT,D,20180329,000000,9.75,9.8,9.35,9.8,215,0
BLT,D,20180403,000000,9.8,10,9.75,10,310,0
BLT,D,20180405,000000,10,10,10,10,30,0
BLT,D,20180410,000000,10,10,9.55,9.55,190,0
BLT,D,20180411,000000,10,10,10,10,10,0
BLT,D,20180413,000000,9.5,9.5,9.5,9.5,40,0
BLT,D,20180417,000000,9.5,9.5,9.5,9.5,3,0
BLT,D,20180419,000000,9.5,9.5,9.5,9.5,2,0
BLT,D,20180427,000000,9.5,9.75,9.5,9.75,145,0
BLT,D,20180430,000000,9.75,9.8,9.75,9.8,60,0
BLT,D,20180502,000000,9.8,9.8,9.8,9.8,40,0
BLT,D,20180504,000000,9.85,10,9.85,10,101,0
BLT,D,20180507,000000,10.9,10.9,10.9,10.9,1,0
BLT,D,20180508,000000,9.55,9.55,9.55,9.55,200,0
BLT,D,20180509,000000,10.9,10.9,9.05,9.05,440,0
BLT,D,20180511,000000,9.05,9.05,9.05,9.05,1,0
BLT,D,20180514,000000,9.05,9.05,9.05,9.05,3,0
BLT,D,20180515,000000,8.8,8.8,8.8,8.8,508,0
BLT,D,20180516,000000,8.8,8.8,8.8,8.8,12,0
BLT,D,20180517,000000,8.85,8.85,8.8,8.8,18,0
BLT,D,20180521,000000,8.45,9,8.45,8.65,132,0
BLT,D,20180522,000000,9,9,9,9,7,0
BLT,D,20180523,000000,9,9,9,9,1,0
BLT,D,20180524,000000,9,9.9,8,8,995,0
BLT,D,20180525,000000,8.65,9.35,8.65,9.35,458,0
BLT,D,20180528,000000,9,10.8,9,10.8,720,0
BLT,D,20180604,000000,9.75,9.75,9.75,9.75,26,0
BLT,D,20180606,000000,9.75,9.75,9.75,9.75,40,0
BLT,D,20180613,000000,9.3,10.8,8,8,841,0
BLT,D,20180614,000000,9,9,9,9,10,0
BLT,D,20180622,000000,9,9,9,9,10,0
BLT,D,20180626,000000,10.8,10.8,10.8,10.8,1,0
BLT,D,20180704,000000,9,9,9,9,11,0
BLT,D,20180710,000000,9,9,9,9,10,0
BLT,D,20180713,000000,8.6,8.6,8.6,8.6,433,0
BLT,D,20180716,000000,8.6,8.9,8.5,8.5,456,0
BLT,D,20180717,000000,8.55,8.55,8.55,8.55,4,0
BLT,D,20180720,000000,8.55,8.55,8.55,8.55,2,0
BLT,D,20180723,000000,8.15,8.15,8.15,8.15,13,0
BLT,D,20180725,000000,8.55,8.9,8.5,8.5,570,0
BLT,D,20180726,000000,8.55,8.55,8.55,8.55,2,0
BLT,D,20180730,000000,8.55,8.95,8.55,8.95,104,0
BLT,D,20180731,000000,8.95,8.95,8.7,8.7,300,0
BLT,D,20180801,000000,8.85,8.85,8.85,8.85,11,0
BLT,D,20180806,000000,8.45,8.85,8.45,8.85,742,0
BLT,D,20180807,000000,8.85,8.85,8.85,8.85,5,0
BLT,D,20180810,000000,8.85,8.85,8.45,8.45,21,0
BLT,D,20180813,000000,8.85,9.3,8.85,9.3,194,0
BLT,D,20180814,000000,10.8,10.8,8.9,9.2,115,0
BLT,D,20180817,000000,10.8,10.8,10.8,10.8,5,0
BLT,D,20180822,000000,8.8,9.15,8.8,9.15,64,0
BLT,D,20180823,000000,10.8,10.8,10.8,10.8,2,0
BLT,D,20180827,000000,9.15,9.35,9.15,9.35,102,0
BLT,D,20180828,000000,10.8,10.8,9.25,9.25,373,0
BLT,D,20180829,000000,8.9,9.7,8.9,9.7,318,0
BLT,D,20180903,000000,9.7,9.7,9.25,9.3,287,0
BLT,D,20180904,000000,9.3,9.3,9.3,9.3,100,0
BLT,D,20180905,000000,9,9,9,9,223,0
BLT,D,20180906,000000,9.05,9.05,9.05,9.05,100,0
BLT,D,20180907,000000,9.25,9.25,9.25,9.25,5,0
BLT,D,20180912,000000,9.25,9.25,9.25,9.25,10,0
BLT,D,20180917,000000,9.25,9.45,9.25,9.45,102,0
BLT,D,20180920,000000,9,9,9,9,223,0
BLT,D,20180921,000000,9.05,9.05,9.05,9.05,1,0
BLT,D,20180925,000000,9.05,9.05,9.05,9.05,1,0
BLT,D,20180926,000000,10,10,10,10,5,0
BLT,D,20181015,000000,9.05,9.05,9.05,9.05,100,0
BLT,D,20181017,000000,9.3,9.3,9.3,9.3,17,0
BLT,D,20181024,000000,9.3,9.3,9.3,9.3,3,0
BLT,D,20181025,000000,9.3,9.3,9.3,9.3,2,0
BLT,D,20181026,000000,9.3,10,9.3,10,18,0
BLT,D,20181030,000000,9.3,9.7,9.25,9.25,434,0
BLT,D,20181031,000000,9.3,9.3,8.9,8.9,253,0
BLT,D,20181105,000000,8.6,8.6,8.6,8.6,199,0
BLT,D,20181107,000000,9,9,9,9,10,0
BLT,D,20181108,000000,9.5,9.5,8.3,8.3,180,0
BLT,D,20181113,000000,8.4,8.4,8.4,8.4,5,0
BLT,D,20181114,000000,8.4,8.45,8.4,8.45,150,0
BLT,D,20181115,000000,8.45,9.5,8.45,8.8,413,0
BLT,D,20181116,000000,8.8,8.8,8.8,8.8,5,0
BLT,D,20181127,000000,8.4,9.5,8.1,9.5,694,0
BLT,D,20181128,000000,8.1,8.1,8.1,8.1,11,0
BLT,D,20181130,000000,8.1,8.1,8.1,8.1,300,0
BLT,D,20181203,000000,9.5,9.5,8.2,9.5,253,0
BLT,D,20181205,000000,8.2,8.9,8.2,8.9,486,0
BLT,D,20181210,000000,8.9,8.9,8.9,8.9,3,0
BLT,D,20181211,000000,8.5,8.5,8.5,8.5,236,0
BLT,D,20181213,000000,8.55,8.55,8.55,8.55,10,0
BLT,D,20181214,000000,8.15,8.2,8.15,8.2,458,0
BLT,D,20181217,000000,8.1,8.5,8,8.5,445,0
BLT,D,20181218,000000,8.5,8.5,8.5,8.5,100,0
BLT,D,20181220,000000,8.5,8.5,8.5,8.5,50,0
BLT,D,20181221,000000,8.1,8.1,8.1,8.1,75,0
BLT,D,20181227,000000,8.4,8.4,8.1,8.1,65,0
BLT,D,20181228,000000,8.5,8.5,8.5,8.5,50,0
BLT,D,20190102,000000,8.5,8.5,8.5,8.5,80,0
BLT,D,20190104,000000,8.3,8.85,8.3,8.85,388,0
BLT,D,20190107,000000,8.85,8.85,8.85,8.85,30,0
BLT,D,20190108,000000,8.8,8.9,8.8,8.9,140,0
BLT,D,20190110,000000,8.9,8.9,8.9,8.9,25,0
BLT,D,20190115,000000,8.9,8.9,8.9,8.9,20,0
BLT,D,20190117,000000,8.9,8.9,8.9,8.9,14,0
BLT,D,20190121,000000,8.9,9.2,8.9,9.2,190,0
BLT,D,20190122,000000,9,9.2,9,9.2,59,0
BLT,D,20190123,000000,9.5,9.5,9.5,9.5,10,0
BLT,D,20190124,000000,8.8,8.8,6.5,7.95,7902,0
BLT,D,20190125,000000,8.55,8.55,7.65,7.65,84,0
BLT,D,20190128,000000,7.65,7.95,7.65,7.65,698,0
BLT,D,20190129,000000,7.35,7.35,7.35,7.35,226,0
BLT,D,20190131,000000,7.4,7.4,7.4,7.4,100,0
BLT,D,20190201,000000,7.45,7.45,7.1,7.1,283,0
BLT,D,20190204,000000,7.15,7.4,6.85,7.4,1343,0
BLT,D,20190206,000000,7.4,8.6,7.4,8.6,436,0
BLT,D,20190207,000000,7.75,8.5,7.7,8.05,429,0
BLT,D,20190208,000000,7.85,7.85,7.85,7.85,15,0
BLT,D,20190211,000000,7.85,7.85,7.85,7.85,70,0
BLT,D,20190212,000000,7.55,8.45,7.55,8.45,561,0
BLT,D,20190220,000000,7.8,8.55,7.8,8.55,380,0
BLT,D,20190221,000000,8.6,8.6,7.8,8.55,701,0
BLT,D,20190222,000000,8.25,9.25,8.25,9.25,710,0
BLT,D,20190225,000000,8.6,9.75,8.6,9.7,1454,0
BLT,D,20190226,000000,9.7,10.5,9.7,10.5,547,0
BLT,D,20190227,000000,10.1,11.8,10.1,11.8,621,0
BLT,D,20190228,000000,11,13.2,10.5,13.2,455,0
BLT,D,20190304,000000,10.8,11.7,10.8,11.7,237,0
BLT,D,20190305,000000,13.8,13.8,12,13.5,231,0
BLT,D,20190306,000000,13.5,13.5,13,13.4,252,0
BLT,D,20190308,000000,13.1,13.4,13.1,13.4,8,0
BLT,D,20190312,000000,13,13.4,13,13.4,10,0
BLT,D,20190313,000000,13.3,13.4,13.3,13.4,202,0
BLT,D,20190315,000000,13,13.3,13,13.3,82,0
BLT,D,20190318,000000,13,13.3,13,13.3,55,0
BLT,D,20190319,000000,12,13.3,12,13.3,10,0
BLT,D,20190320,000000,12,13.3,12,13.3,15,0
BLT,D,20190322,000000,13.3,13.3,12.5,12.5,148,0
BLT,D,20190325,000000,13.2,13.2,13.2,13.2,1,0
BLT,D,20190326,000000,13.2,13.2,13.2,13.2,10,0
BLT,D,20190328,000000,13,13,13,13,12,0
BLT,D,20190329,000000,13,13,13,13,15,0
BLT,D,20190409,000000,12.9,13,12.9,13,100,0
BLT,D,20190412,000000,11.9,11.9,11.9,11.9,21,0
BLT,D,20190415,000000,12.9,12.9,12.9,12.9,1,0
BLT,D,20190429,000000,11.9,12.4,11.9,12.4,40,0
BLT,D,20190430,000000,11.9,12.4,11.9,12.4,35,0
BLT,D,20190507,000000,12.4,12.4,12.4,12.4,12,0
BLT,D,20190509,000000,12.4,12.4,12.4,12.4,10,0
BLT,D,20190515,000000,12.4,12.4,12.4,12.4,15,0
BLT,D,20190522,000000,12.4,12.4,12.4,12.4,5,0
BLT,D,20190524,000000,12.4,12.4,12.4,12.4,10,0
BLT,D,20190527,000000,11.9,12.5,10,12.5,541,0
BLT,D,20190529,000000,12.5,12.5,12.5,12.5,5,0
BLT,D,20190531,000000,12.5,13.4,12.5,13.4,95,0
BLT,D,20190603,000000,13.4,13.4,13.4,13.4,1,0
BLT,D,20190610,000000,13.1,13.1,13.1,13.1,60,0
BLT,D,20190612,000000,13.1,13.1,13.1,13.1,1,0
BLT,D,20190705,000000,13,13,13,13,5,0
BLT,D,20190709,000000,13,13,13,13,5,0
BLT,D,20190711,000000,13,13,13,13,5,0
BLT,D,20190715,000000,13,13,13,13,5,0
BLT,D,20190716,000000,13,13.4,13,13.4,67,0
BLT,D,20190722,000000,13.4,13.4,13.4,13.4,1,0
BLT,D,20190729,000000,13,13.4,13,13.4,72,0
BLT,D,20190801,000000,13.4,13.4,13.4,13.4,5,0
BLT,D,20190802,000000,13.4,13.4,13.4,13.4,200,0
BLT,D,20190805,000000,12.8,13.4,12.8,12.8,164,0
BLT,D,20190806,000000,12.8,12.8,12.8,12.8,5,0
BLT,D,20190814,000000,12.2,12.2,11.7,12.2,196,0
BLT,D,20190816,000000,11.2,13.4,11.2,13.4,357,0
BLT,D,20190821,000000,11.2,11.7,11,11.6,370,0
BLT,D,20190822,000000,11.6,13.4,11.6,13.4,175,0
BLT,D,20190827,000000,11.6,11.6,10,10,177,0
BLT,D,20190828,000000,11.6,11.6,11.6,11.6,4,0
BLT,D,20190829,000000,11.6,11.6,11.1,11.3,35,0
BLT,D,20190830,000000,11.3,11.3,11.3,11.3,7,0
BLT,D,20190904,000000,11.3,13.4,11.3,13.4,190,0
BLT,D,20190911,000000,11.3,13.4,11.3,13.4,211,0
BLT,D,20190918,000000,11.6,12.1,11.6,12.1,181,0
BLT,D,20190930,000000,11.2,11.5,11.2,11.5,29,0
BLT,D,20191001,000000,11.5,11.5,11.5,11.5,10,0
BLT,D,20191002,000000,11.5,11.5,11.5,11.5,10,0
BLT,D,20191003,000000,11,11,11,11,160,0
BLT,D,20191007,000000,11.1,11.1,11.1,11.1,3,0
BLT,D,20191009,000000,11,12.9,11,12.9,625,0
BLT,D,20191015,000000,11,11.2,11,11.2,43,0
BLT,D,20191021,000000,11.2,12.8,11.2,12.8,180,0
BLT,D,20191028,000000,11.2,11.2,11.2,11.2,179,0
BLT,D,20191104,000000,11.2,11.5,11.2,11.5,86,0
BLT,D,20191112,000000,11,11,11,11,120,0
BLT,D,20191114,000000,11,11,9,9.15,1097,0
BLT,D,20191115,000000,9.1,9.5,9,9,520,0
BLT,D,20191118,000000,8.95,8.95,8.95,8.95,2,0
BLT,D,20191119,000000,8.95,8.95,8.95,8.95,5,0
BLT,D,20191120,000000,8.95,9,8.6,8.8,449,0
BLT,D,20191121,000000,8.45,8.8,8.45,8.8,205,0
BLT,D,20191122,000000,8.8,8.8,8.8,8.8,3,0
BLT,D,20191125,000000,8.8,8.8,8.8,8.8,7,0
BLT,D,20191126,000000,8.8,8.8,8.8,8.8,3,0
BLT,D,20191127,000000,8.8,8.8,8.8,8.8,3,0
BLT,D,20191128,000000,8.8,8.8,8.8,8.8,9,0
BLT,D,20191129,000000,8.8,8.8,8.8,8.8,20,0
BLT,D,20191203,000000,8.4,8.4,8.2,8.4,146,0
BLT,D,20191204,000000,8,8,8,8,260,0
BLT,D,20191205,000000,7.65,8.4,7.35,8.4,1417,0
BLT,D,20191206,000000,8.05,8.4,8.05,8.4,126,0
BLT,D,20191209,000000,8,8,8,8,250,0
BLT,D,20191210,000000,7.8,7.8,7.8,7.8,1,0
BLT,D,20191211,000000,7.8,7.8,7.8,7.8,10,0
BLT,D,20191212,000000,7.8,9,7.35,9,1124,0
BLT,D,20191213,000000,9.4,10,9.4,10,101,0
BLT,D,20191216,000000,10.8,10.8,9.8,10.2,249,0
BLT,D,20191220,000000,9.8,10.8,9.8,10.8,1441,0
BLT,D,20191223,000000,9.8,10.8,9.8,10.8,1254,0
BLT,D,20191227,000000,10.3,10.8,10.3,10.8,182,0
BLT,D,20191230,000000,9.95,11.2,9.5,11.2,661,0
BLT,D,20200102,000000,11.4,11.4,10.5,11,32,0
BLT,D,20200107,000000,10.6,10.6,10.1,10.1,213,0
BLT,D,20200109,000000,9.8,9.8,9.8,9.8,20,0
BLT,D,20200110,000000,9.8,9.8,8.1,9.8,40,0
BLT,D,20200113,000000,9.4,9.4,9.4,9.4,10,0
BLT,D,20200114,000000,9.4,9.8,9.4,9.8,250,0
BLT,D,20200115,000000,9.8,9.8,9.8,9.8,10,0
BLT,D,20200116,000000,9.8,10.6,9.8,10.6,210,0
BLT,D,20200124,000000,10.2,10.5,10.2,10.5,303,0
BLT,D,20200127,000000,10.5,10.5,10,10.5,37,0
BLT,D,20200128,000000,10.5,10.7,10.5,10.6,365,0
BLT,D,20200129,000000,10.6,10.6,10.6,10.6,5,0
BLT,D,20200131,000000,10.1,10.6,10.1,10.6,204,0
BLT,D,20200203,000000,9.8,9.8,9.8,9.8,190,0
BLT,D,20200206,000000,9.8,9.8,9.8,9.8,10,0
BLT,D,20200207,000000,9.8,10.6,9.8,10.2,350,0
BLT,D,20200213,000000,10,10.2,10,10.2,102,0
BLT,D,20200217,000000,9.8,9.8,9.8,9.8,200,0
BLT,D,20200224,000000,9.8,10.2,9.8,10.2,222,0
BLT,D,20200225,000000,10.2,10.6,10.2,10.6,3096,0
BLT,D,20200226,000000,10.6,11.5,10.6,11.5,389,0
BLT,D,20200227,000000,11.5,11.5,11,11.5,318,0
BLT,D,20200302,000000,11.5,11.5,11,11.5,126,0
BLT,D,20200304,000000,10,10,10,10,15,0
BLT,D,20200309,000000,8.6,10,8.6,10,202,0
BLT,D,20200311,000000,9.55,9.8,9.55,9.8,212,0
BLT,D,20200316,000000,10,10,10,10,2,0
BLT,D,20200319,000000,9.3,9.3,9.2,9.2,160,0
BLT,D,20200327,000000,9,9.6,9,9.6,31,0
BLT,D,20200331,000000,9,9,9,9,306,0
BLT,D,20200402,000000,8.4,8.8,8.4,8.8,44,0
BLT,D,20200403,000000,8,8.4,8,8.4,139,0
BLT,D,20200406,000000,8,8.4,8,8.4,87,0
BLT,D,20200415,000000,8,8.8,8,8.8,735,0
BLT,D,20200417,000000,8.8,10,8.8,10,232,0
BLT,D,20200420,000000,9.2,9.4,9,9.4,329,0
BLT,D,20200424,000000,8.6,8.6,8.4,8.4,277,0
BLT,D,20200427,000000,8.6,9,8.6,9,236,0
BLT,D,20200428,000000,9,9,9,9,144,0
BLT,D,20200504,000000,9,9,9,9,45,0
BLT,D,20200507,000000,9,9,8.6,8.8,339,0
BLT,D,20200508,000000,8.4,8.7,8.4,8.7,812,0
BLT,D,20200511,000000,8.7,8.7,8.7,8.7,5,0
BLT,D,20200512,000000,8.7,8.7,8.7,8.7,57,0
BLT,D,20200513,000000,8.7,8.7,8.7,8.7,5,0
BLT,D,20200515,000000,8.7,8.7,8.7,8.7,10,0
BLT,D,20200518,000000,8.3,8.4,8.3,8.4,459,0
BLT,D,20200519,000000,8.6,8.6,8.6,8.6,2,0
BLT,D,20200520,000000,8.3,8.3,8,8,609,0
BLT,D,20200521,000000,8.3,8.3,8.3,8.3,10,0
BLT,D,20200525,000000,8.3,8.3,8.2,8.3,120,0
BLT,D,20200526,000000,8.3,8.3,8.3,8.3,73,0
BLT,D,20200527,000000,8,8.3,8,8.3,244,0
BLT,D,20200529,000000,7.95,7.95,7.95,7.95,253,0
BLT,D,20200601,000000,8,8,7.8,8,287,0
BLT,D,20200602,000000,8.1,8.15,8.1,8.15,117,0
BLT,D,20200603,000000,8.15,8.55,8.15,8.55,202,0
BLT,D,20200605,000000,8.15,8.55,8,8.55,653,0
BLT,D,20200608,000000,8.55,10,8.55,10,240,0
BLT,D,20200609,000000,8.5,10,8.5,10,65,0
BLT,D,20200610,000000,10,10,10,10,10,0
BLT,D,20200612,000000,8.5,10,8.5,10,102,0
BLT,D,20200616,000000,9.35,9.65,9,9.65,161,0
BLT,D,20200617,000000,9,9.65,9,9.65,49,0
BLT,D,20200618,000000,9,9,9,9,125,0
BLT,D,20200619,000000,9,9,8.5,8.7,93,0
BLT,D,20200622,000000,8.45,8.7,8.45,8.7,126,0
BLT,D,20200623,000000,8.7,8.7,8,8.7,324,0
BLT,D,20200625,000000,8.7,9.2,8.7,9.2,132,0
BLT,D,20200629,000000,9,9.2,9,9.2,75,0
BLT,D,20200701,000000,9,9.2,9,9.2,100,0
BLT,D,20200702,000000,9.2,9.55,8.9,8.9,161,0
BLT,D,20200703,000000,9,9,9,9,3,0
BLT,D,20200706,000000,9,9,8,9,252,0
BLT,D,20200707,000000,9,9,9,9,723,0
BLT,D,20200708,000000,9,9,8.8,9,17,0
BLT,D,20200709,000000,9.45,10,9.4,9.8,198,0
BLT,D,20200710,000000,9.8,9.8,8.05,9.2,612,0
BLT,D,20200713,000000,9.1,9.2,9.1,9.2,55,0
BLT,D,20200714,000000,9.2,9.2,8.3,8.3,826,0
BLT,D,20200715,000000,8.3,8.8,8.3,8.8,3340,0
BLT,D,20200717,000000,8.8,10,8.8,10,284,0
BLT,D,20200720,000000,9.9,10,9.9,10,70,0
BLT,D,20200721,000000,10,12.8,10,12.8,3204,0
BLT,D,20200722,000000,13,14.7,10.4,10.8,1493,0
BLT,D,20200723,000000,10.6,10.6,9,9.5,938,0
BLT,D,20200724,000000,9.5,10.6,9.5,10.6,855,0
BLT,D,20200727,000000,10.6,10.7,10,10.7,633,0
BLT,D,20200728,000000,10.7,12,9.5,9.5,1138,0
BLT,D,20200729,000000,10.1,11.3,10,10.1,596,0
BLT,D,20200730,000000,10.7,11.6,10,10,1072,0
BLT,D,20200731,000000,9.4,10.4,9.4,10.1,857,0
BLT,D,20200803,000000,10.1,10.1,9.9,9.9,26,0
BLT,D,20200804,000000,9.35,9.35,8.3,9.3,1727,0
BLT,D,20200805,000000,9.35,9.35,8.75,9.35,206,0
BLT,D,20200806,000000,9.3,9.3,9.3,9.3,53,0
BLT,D,20200807,000000,9.35,9.35,9.35,9.35,5,0
BLT,D,20200810,000000,8.75,9.9,8.75,9.25,324,0
BLT,D,20200811,000000,9.45,9.45,9.4,9.4,215,0
BLT,D,20200812,000000,9.45,9.45,8.8,8.8,115,0
BLT,D,20200814,000000,8.8,9.45,8.8,9.45,151,0
BLT,D,20200817,000000,9.4,11.2,9.4,10,1901,0
BLT,D,20200818,000000,10.1,11.2,10,10.1,268,0
BLT,D,20200819,000000,10.1,10.1,9.4,10.1,47,0
BLT,D,20200821,000000,10.1,10.1,9.4,10.1,257,0
BLT,D,20200824,000000,9.9,9.9,9.9,9.9,110,0
BLT,D,20200825,000000,10,10,10,10,1,0
BLT,D,20200827,000000,9.4,10,9.4,10,54,0
BLT,D,20200828,000000,9.7,9.7,9.7,9.7,10,0
BLT,D,20200901,000000,9.15,9.15,9,9,301,0
BLT,D,20200902,000000,8.5,9,8.5,9,32,0
BLT,D,20200903,000000,9,9.7,9,9.7,225,0
BLT,D,20200907,000000,9.05,9.65,9.05,9.65,9,0
BLT,D,20200915,000000,9.65,9.65,9.65,9.65,12,0
BLT,D,20200916,000000,9.65,10.7,9.65,10.7,620,0
BLT,D,20200924,000000,10.2,10.2,10,10.2,104,0
BLT,D,20200925,000000,10.1,10.2,10.1,10.2,104,0
BLT,D,20200928,000000,10.2,10.2,10.2,10.2,2,0
BLT,D,20200929,000000,10.3,10.4,10.2,10.4,224,0
BLT,D,20200930,000000,10.4,10.4,9.6,10.3,315,0
BLT,D,20201002,000000,10.1,10.1,10.1,10.1,10,0
BLT,D,20201006,000000,10.1,10.1,9.5,9.5,6576,0
BLT,D,20201007,000000,9.5,9.65,9.5,9.65,212,0
BLT,D,20201008,000000,9.65,10.4,9.65,10.1,863,0
BLT,D,20201009,000000,10.4,10.4,9.65,10.4,912,0
BLT,D,20201012,000000,9.7,10.1,9.7,10.1,209,0
BLT,D,20201014,000000,9.65,10.1,9.65,10.1,142,0
