<TICKER>,<PER>,<DATE>,<TIME>,<OPEN>,<HIGH>,<LOW>,<CLOSE>,<VOL>,<OPENINT>
CRC,D,20190917,000000,3.0874,3.9557,2.8944,3.0874,6765,0
CRC,D,20190918,000000,3.0874,3.1646,2.798,3.1549,4917,0
CRC,D,20190919,000000,3.2341,3.2341,3.1846,3.2341,995,0
CRC,D,20190920,000000,3.2143,3.2143,3.0264,3.2143,423,0
CRC,D,20190923,000000,3.0857,3.0857,2.878,2.9176,607,0
CRC,D,20190924,000000,2.9176,2.9176,2.9176,2.9176,4,0
CRC,D,20190925,000000,2.9176,3.4615,2.9176,3.2637,1400,0
CRC,D,20190926,000000,3.7582,3.956,3.1648,3.3626,10916,0
CRC,D,20190927,000000,3.4121,3.4121,2.8681,2.8681,2424,0
CRC,D,20190930,000000,2.8088,3.0165,2.7099,3.0165,1201,0
CRC,D,20191001,000000,3.0165,3.0165,2.789,2.789,853,0
CRC,D,20191002,000000,2.8484,3.0165,2.8088,2.967,1021,0
CRC,D,20191004,000000,3.0066,3.0066,3.0066,3.0066,4,0
CRC,D,20191007,000000,2.8681,3.0659,2.8582,3.0066,506,0
CRC,D,20191008,000000,3.0066,3.1648,2.8582,3.1648,2529,0
CRC,D,20191009,000000,3.1648,3.2538,3.1648,3.2538,1677,0
CRC,D,20191010,000000,3.2538,3.2538,3.2538,3.2538,4,0
CRC,D,20191011,000000,3.2242,3.2242,3.1253,3.1253,85,0
CRC,D,20191014,000000,3.1055,3.1055,3.1055,3.1055,329,0
CRC,D,20191015,000000,3.0659,3.0659,3.0659,3.0659,36,0
CRC,D,20191016,000000,3.0659,3.0659,2.967,2.967,66,0
CRC,D,20191022,000000,3.0462,3.056,3.0462,3.056,1011,0
CRC,D,20191023,000000,3.0659,3.0659,3.0659,3.0659,4,0
CRC,D,20191024,000000,3.0857,3.0857,3.0857,3.0857,4,0
CRC,D,20191025,000000,3.0659,3.0659,3.0659,3.0659,4,0
CRC,D,20191028,000000,3.0659,3.0659,3.0659,3.0659,4,0
CRC,D,20191029,000000,3.056,3.056,3.056,3.056,10,0
CRC,D,20191030,000000,3.056,3.056,3.056,3.056,4,0
CRC,D,20191031,000000,3.0462,3.0462,3.0462,3.0462,8,0
CRC,D,20191104,000000,3.0462,3.0462,3.0462,3.0462,4,0
CRC,D,20191105,000000,3.0363,3.0363,3.0363,3.0363,4,0
CRC,D,20191106,000000,3.0363,3.0363,3.0363,3.0363,4,0
CRC,D,20191107,000000,3.0363,3.0363,3.0363,3.0363,4,0
CRC,D,20191108,000000,3.0363,3.0363,3.0363,3.0363,4,0
CRC,D,20191112,000000,3.0363,3.0363,3.0363,3.0363,4,0
CRC,D,20191113,000000,3.0363,3.0363,2.8681,3.0363,772,0
CRC,D,20191114,000000,3.0363,3.0363,3.0363,3.0363,4,0
CRC,D,20191115,000000,3.0363,3.0363,2.8681,2.967,542,0
CRC,D,20191129,000000,2.9275,2.9275,2.9275,2.9275,4,0
CRC,D,20191202,000000,2.8879,2.8879,2.8879,2.8879,10,0
CRC,D,20191206,000000,2.967,2.967,2.967,2.967,4,0
CRC,D,20191209,000000,2.967,2.967,2.967,2.967,512,0
CRC,D,20191210,000000,2.967,2.967,2.967,2.967,4,0
CRC,D,20191211,000000,2.967,2.967,2.967,2.967,4,0
CRC,D,20191213,000000,2.967,2.967,2.967,2.967,4,0
CRC,D,20191216,000000,2.967,2.967,2.967,2.967,4,0
CRC,D,20191217,000000,2.967,2.967,2.967,2.967,4,0
CRC,D,20191218,000000,2.967,2.967,2.7692,2.7692,525,0
CRC,D,20191219,000000,2.6703,2.6703,2.6308,2.6308,213,0
CRC,D,20191220,000000,2.7495,2.7495,2.7495,2.7495,101,0
CRC,D,20191223,000000,2.7297,2.7297,2.7297,2.7297,4,0
CRC,D,20191227,000000,2.7297,2.7297,2.7297,2.7297,4,0
CRC,D,20191230,000000,2.7297,2.7297,2.7297,2.7297,5,0
CRC,D,20200102,000000,2.5912,2.5912,2.5912,2.5912,30,0
CRC,D,20200107,000000,2.6604,2.6604,2.6604,2.6604,4,0
CRC,D,20200108,000000,2.6703,2.6901,2.6703,2.6901,1011,0
CRC,D,20200109,000000,2.5912,2.5912,2.5714,2.5714,485,0
CRC,D,20200110,000000,2.5714,2.5714,2.5714,2.5714,4,0
CRC,D,20200115,000000,2.5615,2.7198,2.433,2.7198,16570,0
CRC,D,20200116,000000,2.7198,2.967,2.7198,2.967,900,0
CRC,D,20200117,000000,2.967,2.967,2.967,2.967,314,0
CRC,D,20200120,000000,3.0857,3.0857,3.0857,3.0857,379,0
CRC,D,20200121,000000,3.244,3.244,3.244,3.244,313,0
CRC,D,20200122,000000,3.2143,3.2143,3.1648,3.1648,328,0
CRC,D,20200123,000000,3.2143,3.2143,2.967,2.967,474,0
CRC,D,20200124,000000,2.967,2.967,2.967,2.967,4,0
CRC,D,20200127,000000,2.967,2.967,2.967,2.967,4,0
CRC,D,20200128,000000,2.967,2.967,2.967,2.967,4,0
CRC,D,20200129,000000,2.967,2.967,2.967,2.967,4,0
CRC,D,20200130,000000,2.967,2.967,2.8484,2.8484,14,0
CRC,D,20200211,000000,2.9473,2.9473,2.8088,2.8088,485,0
CRC,D,20200212,000000,2.7099,2.7495,2.7099,2.7495,475,0
CRC,D,20200213,000000,2.7495,2.7495,2.7495,2.7495,101,0
CRC,D,20200214,000000,2.789,2.789,2.789,2.789,101,0
CRC,D,20200217,000000,2.6703,2.789,2.6703,2.789,202,0
CRC,D,20200220,000000,2.6505,2.6505,2.6505,2.6505,384,0
CRC,D,20200221,000000,2.6901,2.8088,2.5121,2.611,2094,0
CRC,D,20200224,000000,2.6505,2.6703,2.6505,2.6703,495,0
CRC,D,20200225,000000,2.789,2.789,2.789,2.789,10,0
CRC,D,20200228,000000,2.789,2.789,2.789,2.789,51,0
CRC,D,20200302,000000,2.611,2.9176,2.611,2.9176,864,0
CRC,D,20200303,000000,2.7692,2.7692,2.7692,2.7692,4,0
CRC,D,20200304,000000,2.7692,2.7692,2.7692,2.7692,4,0
CRC,D,20200305,000000,2.7692,2.7692,2.7692,2.7692,4,0
CRC,D,20200306,000000,2.7692,2.7692,2.7692,2.7692,4,0
CRC,D,20200309,000000,2.4725,2.7099,2.4725,2.5714,703,0
CRC,D,20200312,000000,2.7692,2.7692,2.7692,2.7692,101,0
CRC,D,20200323,000000,2.7692,2.7692,2.7692,2.7692,5,0
CRC,D,20200324,000000,2.4725,2.4725,2.4725,2.4725,51,0
CRC,D,20200325,000000,2.3934,2.3934,2.3934,2.3934,997,0
CRC,D,20200327,000000,2.433,2.433,2.433,2.433,449,0
CRC,D,20200331,000000,2.3736,2.3736,2.3736,2.3736,51,0
CRC,D,20200403,000000,2.3736,2.3736,2.3736,2.3736,51,0
CRC,D,20200406,000000,2.5516,2.6505,2.5516,2.6505,1011,0
CRC,D,20200414,000000,2.7099,2.7297,2.1956,2.1956,1820,0
CRC,D,20200415,000000,2.3736,2.3736,2.3736,2.3736,40,0
CRC,D,20200416,000000,2.4725,2.4725,2.4725,2.4725,40,0
CRC,D,20200417,000000,2.4725,2.4725,2.4725,2.4725,5,0
CRC,D,20200420,000000,2.3538,2.3736,2.2747,2.2747,346,0
CRC,D,20200421,000000,2.2154,2.2747,1.889,2.2747,11470,0
CRC,D,20200422,000000,2.0769,2.0769,1.9582,1.9582,566,0
CRC,D,20200423,000000,1.9582,2.7692,1.9582,2.4725,2999,0
CRC,D,20200424,000000,2.3538,3.3626,2.3538,2.8681,15951,0
CRC,D,20200427,000000,2.4725,2.4725,2.3538,2.3538,2218,0
CRC,D,20200428,000000,2.4725,2.4725,2.2945,2.3538,551,0
CRC,D,20200429,000000,2.3934,2.6505,2.2747,2.2747,1067,0
CRC,D,20200430,000000,2.2352,2.4527,2.0769,2.0769,6559,0
CRC,D,20200504,000000,2.1758,2.1758,2.1165,2.1165,2054,0
CRC,D,20200505,000000,2.1956,2.2945,2.1956,2.2945,1011,0
CRC,D,20200506,000000,2.1956,2.1956,1.8989,2.1165,619,0
CRC,D,20200507,000000,2.1165,2.2747,2.1165,2.2747,647,0
CRC,D,20200508,000000,2.3143,2.7692,2.3143,2.4527,1122,0
CRC,D,20200511,000000,2.5714,2.7692,2.3736,2.3736,2261,0
CRC,D,20200512,000000,2.3538,2.5714,1.978,2.5714,6006,0
CRC,D,20200513,000000,2.156,2.3934,2.0967,2.3934,2590,0
CRC,D,20200514,000000,2.1165,2.3538,1.978,2.1758,3508,0
CRC,D,20200515,000000,2.1758,2.3538,2.0769,2.3538,8150,0
CRC,D,20200518,000000,2.3143,2.4527,2.3143,2.433,1632,0
CRC,D,20200519,000000,2.433,2.8681,2.433,2.611,7478,0
CRC,D,20200520,000000,2.6505,2.6901,2.4725,2.6901,3826,0
CRC,D,20200521,000000,2.4725,2.8681,2.4725,2.8681,3247,0
CRC,D,20200522,000000,2.8484,2.8681,2.8484,2.8681,607,0
CRC,D,20200525,000000,2.8681,2.8681,2.7297,2.8681,3268,0
CRC,D,20200526,000000,2.7099,2.8681,2.6308,2.8681,9250,0
CRC,D,20200527,000000,2.7495,2.8681,2.7495,2.8681,1068,0
CRC,D,20200528,000000,2.8681,2.8681,2.8484,2.8681,2271,0
CRC,D,20200529,000000,2.7692,2.8681,2.7692,2.8681,5226,0
CRC,D,20200601,000000,2.4923,2.8484,2.4923,2.8286,2287,0
CRC,D,20200602,000000,2.8286,2.8681,2.4923,2.8681,1916,0
CRC,D,20200603,000000,2.8681,2.8681,2.8681,2.8681,667,0
CRC,D,20200604,000000,2.8681,2.8681,2.8681,2.8681,4,0
CRC,D,20200605,000000,2.8681,3.6593,2.8681,3.6593,12806,0
CRC,D,20200608,000000,3.3626,4.1538,2.967,3.956,37543,0
CRC,D,20200609,000000,3.956,3.956,3.5604,3.956,3437,0
CRC,D,20200610,000000,3.8571,5.044,3.3626,4.9055,12807,0
CRC,D,20200612,000000,4.6681,6.5275,4.5692,6.3791,7907,0
CRC,D,20200615,000000,6.0824,6.2802,5.1429,5.5385,17568,0
CRC,D,20200616,000000,5.5385,6.2308,5.1429,5.5879,13847,0
CRC,D,20200617,000000,5.5879,5.5879,5.2418,5.3407,4107,0
CRC,D,20200618,000000,5.489,5.9341,5.4396,5.7363,8162,0
CRC,D,20200619,000000,5.6868,5.7363,5.5385,5.7363,4485,0
CRC,D,20200622,000000,5.7363,5.7857,5.2912,5.489,6521,0
CRC,D,20200623,000000,5.489,5.7857,5.4396,5.5385,3524,0
CRC,D,20200624,000000,5.5385,5.5385,5.2418,5.4396,4721,0
CRC,D,20200625,000000,5.2418,5.2418,4.9451,5.1923,5894,0
CRC,D,20200626,000000,4.9451,4.9451,4.6088,4.9253,11681,0
CRC,D,20200629,000000,4.8462,4.9945,4.589,4.9055,5012,0
CRC,D,20200630,000000,4.9055,4.9253,4.8857,4.9253,1492,0
CRC,D,20200701,000000,4.9253,4.9253,4.589,4.8462,1849,0
CRC,D,20200702,000000,4.8857,5.7857,4.8857,5.4396,7944,0
CRC,D,20200703,000000,5.489,5.6374,5.4396,5.4396,7039,0
CRC,D,20200706,000000,5.4396,5.6374,5.3901,5.6374,5689,0
CRC,D,20200707,000000,5.6374,6.1319,5.5385,6.1319,6287,0
CRC,D,20200708,000000,6.1319,8.7527,5.9341,8.7033,35800,0
CRC,D,20200709,000000,8.7033,12.462,8.7033,12.462,36808,0
CRC,D,20200710,000000,14.44,14.44,11.67,12.264,11658,0
CRC,D,20200713,000000,13.154,14.143,12.264,14.143,7646,0
CRC,D,20200714,000000,13.846,14.637,12.363,14.242,9210,0
CRC,D,20200715,000000,13.549,14.44,12.363,13.451,11275,0
CRC,D,20200716,000000,13.352,13.451,12.857,13.451,2229,0
CRC,D,20200717,000000,13.451,13.451,12.857,13.352,8347,0
CRC,D,20200720,000000,13.253,13.352,12.857,13.154,2710,0
CRC,D,20200721,000000,13.154,13.451,12.659,12.659,3105,0
CRC,D,20200722,000000,12.758,13.451,11.868,13.451,16660,0
CRC,D,20200723,000000,13.648,14.044,12.857,13.648,8848,0
CRC,D,20200724,000000,13.747,13.747,12.857,13.549,2542,0
CRC,D,20200727,000000,13.846,14.044,12.56,13.846,9223,0
CRC,D,20200728,000000,13.846,19.582,13.846,18.396,41181,0
CRC,D,20200729,000000,19.385,19.385,14.242,14.637,21864,0
CRC,D,20200730,000000,16.22,16.813,10.484,10.582,21159,0
CRC,D,20200731,000000,10.582,12.857,10.582,12.758,13219,0
CRC,D,20200803,000000,14.44,16.022,13.451,16.022,5697,0
CRC,D,20200804,000000,16.319,18.396,15.231,16.912,3497,0
CRC,D,20200805,000000,16.319,18.099,15.33,16.813,1697,0
CRC,D,20200806,000000,17.308,17.308,13.846,15.231,3440,0
CRC,D,20200807,000000,13.253,15.824,11.868,15.824,4243,0
CRC,D,20200810,000000,16.615,17.308,15.429,16.418,2473,0
CRC,D,20200811,000000,15.824,15.824,14.736,14.736,1326,0
CRC,D,20200812,000000,13.846,13.846,11.868,12.857,7172,0
CRC,D,20200813,000000,12.56,15.033,11.571,14.835,5661,0
CRC,D,20200814,000000,13.352,14.736,12.363,14.341,1989,0
CRC,D,20200817,000000,14.538,15.923,14.143,15.824,6377,0
CRC,D,20200818,000000,14.934,15.725,13.154,14.736,2707,0
CRC,D,20200819,000000,14.736,15.033,14.44,14.835,1707,0
CRC,D,20200820,000000,14.835,14.835,13.352,14.44,1484,0
CRC,D,20200821,000000,14.538,16.22,14.341,15.527,4363,0
CRC,D,20200824,000000,16.418,17.308,15.923,16.714,21157,0
CRC,D,20200825,000000,17.308,19.681,16.022,17.209,43699,0
CRC,D,20200826,000000,16.813,16.813,15.033,15.33,7885,0
CRC,D,20200827,000000,16.418,16.813,15.33,15.33,5944,0
CRC,D,20200828,000000,16.121,16.121,13.352,15.527,7786,0
CRC,D,20200831,000000,15.527,15.725,13.846,14.934,3702,0
CRC,D,20200901,000000,15.231,15.231,13.055,14.242,3278,0
CRC,D,20200902,000000,14.341,15.33,13.846,13.846,2161,0
CRC,D,20200903,000000,13.846,14.835,13.846,13.846,2806,0
CRC,D,20200904,000000,14.44,14.637,11.571,11.868,7179,0
CRC,D,20200907,000000,10.978,12.165,8.9011,9.89,17584,0
CRC,D,20200908,000000,9.89,10.681,6.3297,8.9011,17502,0
CRC,D,20200909,000000,8.0604,10.385,7.8132,10.385,11321,0
CRC,D,20200910,000000,10.286,10.681,9,10.088,3171,0
CRC,D,20200911,000000,9.89,9.89,8.9011,9.2967,2318,0
CRC,D,20200914,000000,8.9505,9.593,8.9011,9.4945,801,0
CRC,D,20200915,000000,9.3956,9.791,8.5055,9.791,724,0
CRC,D,20200916,000000,9.692,9.692,9,9,1905,0
CRC,D,20200917,000000,9,10.8,9,9.5,1538,0
CRC,D,20200918,000000,9.5,10.5,8.6,10,2328,0
CRC,D,20200921,000000,10.3,10.3,10.3,10.3,4,0
CRC,D,20200922,000000,10,10,8,9.4,3378,0
CRC,D,20200923,000000,9,9.3,8.2,8.9,928,0
CRC,D,20200924,000000,8.6,9,8.6,8.95,772,0
CRC,D,20200925,000000,9,9,8.55,8.6,32,0
CRC,D,20200928,000000,8.6,9.95,8.6,9,2208,0
CRC,D,20200929,000000,9,12,9,11,15416,0
CRC,D,20200930,000000,11.2,11.9,9,9,8826,0
CRC,D,20201001,000000,9.6,10,9,9.85,1565,0
CRC,D,20201002,000000,9.4,11,9.05,10.9,2736,0
CRC,D,20201005,000000,10.8,10.8,10,10.5,2817,0
CRC,D,20201006,000000,12.5,12.8,10.4,10.7,13954,0
CRC,D,20201007,000000,10.4,10.8,9.9,10.8,1438,0
CRC,D,20201008,000000,9.9,11.3,9.5,11.2,9299,0
CRC,D,20201009,000000,11.2,12,10.2,10.6,8294,0
CRC,D,20201012,000000,11.3,11.3,9.4,10,1306,0
CRC,D,20201013,000000,10,10.4,8.65,10.2,4527,0
CRC,D,20201014,000000,9.75,10,8.6,9.45,3287,0
CRC,D,20201015,000000,9.2,9.45,8,8.4,2343,0
CRC,D,20201016,000000,8.9,9.1,8,9,2662,0
