<TICKER>,<PER>,<DATE>,<TIME>,<OPEN>,<HIGH>,<LOW>,<CLOSE>,<VOL>,<OPENINT>
DAM,D,20091217,000000,13,13,8.5,8.5,147508,0
DAM,D,20091218,000000,8.5,9,7.5,8,14824,0
DAM,D,20091221,000000,8,8,6.5,6.5,21966,0
DAM,D,20091222,000000,7,7,6.5,7,5623,0
DAM,D,20091223,000000,7,7,6,6.5,2862,0
DAM,D,20091228,000000,6.5,7,6.5,6.5,4935,0
DAM,D,20091229,000000,6.5,7,6,6.5,1498,0
DAM,D,20091230,000000,6.5,6.5,6,6.5,441,0
DAM,D,20091231,000000,6.5,7,6.5,7,767,0
DAM,D,20100104,000000,7,7,6,6,6439,0
DAM,D,20100105,000000,6,6.5,5.5,6.5,3994,0
DAM,D,20100106,000000,6.5,7.5,6.5,7.5,14414,0
DAM,D,20100107,000000,7.5,7.5,6.5,7,5755,0
DAM,D,20100108,000000,7,7,6.5,7,5808,0
DAM,D,20100111,000000,7,7,6.5,6.5,2201,0
DAM,D,20100112,000000,6.5,6.5,6.5,6.5,3975,0
DAM,D,20100113,000000,7,9,6.5,9,39042,0
DAM,D,20100114,000000,10.5,11,9.5,10.5,36639,0
DAM,D,20100115,000000,11,11.5,9.5,10.5,18504,0
DAM,D,20100118,000000,10,10.5,9.5,10.5,8221,0
DAM,D,20100119,000000,10.5,11,10,10.5,10038,0
DAM,D,20100120,000000,10.5,12.5,10,12,28250,0
DAM,D,20100121,000000,13,13,11.5,12.5,10635,0
DAM,D,20100122,000000,12,12,10.5,11,7678,0
DAM,D,20100125,000000,11,11.5,10,11,7246,0
DAM,D,20100126,000000,10.5,10.5,10,10.5,4398,0
DAM,D,20100127,000000,10,11,10,10.5,9122,0
DAM,D,20100128,000000,10.5,10.5,10,10,2094,0
DAM,D,20100129,000000,10,10,9.5,10,1830,0
DAM,D,20100201,000000,9.5,10,9.5,9.5,5045,0
DAM,D,20100202,000000,9.5,10,9.5,9.5,2064,0
DAM,D,20100203,000000,9.5,9.5,8.5,9,10189,0
DAM,D,20100204,000000,9,10,8.5,9.5,11270,0
DAM,D,20100205,000000,9.5,9.5,9,9.5,4014,0
DAM,D,20100208,000000,9.5,9.5,8.5,9,5279,0
DAM,D,20100209,000000,8.5,9,8.5,9,2205,0
DAM,D,20100210,000000,9,9,9,9,59,0
DAM,D,20100211,000000,8.5,9.5,8.5,8.5,9251,0
DAM,D,20100212,000000,9.5,9.5,9.5,9.5,307,0
DAM,D,20100215,000000,9.5,9.5,9.5,9.5,0,0
DAM,D,20100216,000000,9.5,9.5,9,9.5,1018,0
DAM,D,20100217,000000,8.5,9.5,8.5,9,4034,0
DAM,D,20100218,000000,9,9.5,4.5,5,285345,0
DAM,D,20100219,000000,4.5,5,4,4.5,102247,0
DAM,D,20100222,000000,4,4.5,3.5,4,109744,0
DAM,D,20100223,000000,4.5,4.5,4,4,88542,0
DAM,D,20100224,000000,4,4.5,4,4,49922,0
DAM,D,20100225,000000,4,4.5,4,4,70533,0
DAM,D,20100226,000000,4,4.5,4,4,15483,0
DAM,D,20100301,000000,4,4,3.5,4,71120,0
DAM,D,20100302,000000,3.5,4,3.5,4,48884,0
DAM,D,20100303,000000,4,4,3.5,3.5,26722,0
DAM,D,20100304,000000,4,4.5,4,4,203706,0
DAM,D,20100305,000000,4.5,4.5,4,4,106683,0
DAM,D,20100308,000000,3.5,4.5,3.5,4,39637,0
DAM,D,20100309,000000,4,4,3.5,4,64372,0
DAM,D,20100310,000000,4,4,3.5,4,35982,0
DAM,D,20100311,000000,4,4,3.5,3.5,32939,0
DAM,D,20100312,000000,3.5,4,3.5,4,40723,0
DAM,D,20100315,000000,3.5,4,3.5,3.5,48302,0
DAM,D,20100316,000000,3.5,4,3,4,104121,0
DAM,D,20100317,000000,3.5,4,3.5,4,80243,0
DAM,D,20100318,000000,3.5,4,3.5,3.5,17514,0
DAM,D,20100319,000000,3.5,3.5,3,3.5,17260,0
DAM,D,20100322,000000,3.5,4,3.5,3.5,15672,0
DAM,D,20100323,000000,3.5,4,3.5,3.5,15736,0
DAM,D,20100324,000000,3.5,4,3.5,4,24167,0
DAM,D,20100325,000000,3.5,4,3.5,4,22386,0
DAM,D,20100326,000000,3.5,4,3.5,3.5,4877,0
DAM,D,20100329,000000,3.5,4,3.5,3.5,111713,0
DAM,D,20100330,000000,3.5,4,3.5,3.5,45919,0
DAM,D,20100331,000000,3.5,3.5,3,3.5,117724,0
DAM,D,20100401,000000,3.5,3.5,3,3,35050,0
DAM,D,20100406,000000,3.5,3.5,3,3.5,3243,0
DAM,D,20100407,000000,3.5,3.5,3.5,3.5,122172,0
DAM,D,20100408,000000,3.5,3.5,3.5,3.5,54812,0
DAM,D,20100409,000000,3.5,3.5,3.5,3.5,100,0
DAM,D,20100412,000000,3.5,3.5,3,3,794,0
DAM,D,20100413,000000,3.5,3.5,3,3.5,588,0
DAM,D,20100414,000000,3.5,3.5,3.5,3.5,150,0
DAM,D,20100415,000000,3.5,3.5,3,3.5,2755,0
DAM,D,20100416,000000,3.5,3.5,3,3.5,13507,0
DAM,D,20100419,000000,3.5,3.5,3,3,1660,0
DAM,D,20100420,000000,3.5,3.5,3,3.5,4394,0
DAM,D,20100421,000000,3,3.5,3,3,758,0
DAM,D,20100422,000000,3,3.5,3,3,42510,0
DAM,D,20100423,000000,3,3,3,3,13347,0
DAM,D,20100426,000000,3,3,3,3,5055,0
DAM,D,20100427,000000,2.5,3.5,2.5,3.5,61037,0
DAM,D,20100428,000000,3,3.5,3,3,57032,0
DAM,D,20100429,000000,3,3,2.5,3,10365,0
DAM,D,20100430,000000,3,3,3,3,4052,0
DAM,D,20100504,000000,3,3,3,3,1200,0
DAM,D,20100505,000000,3.5,3.5,3,3,4667,0
DAM,D,20100507,000000,2.5,3,2.5,3,40071,0
DAM,D,20100510,000000,2.5,2.5,2,2.5,91673,0
DAM,D,20100511,000000,2,2.5,2,2.5,54038,0
DAM,D,20100512,000000,2,2.5,2,2.5,271475,0
DAM,D,20100513,000000,2.5,2.5,2,2,312726,0
DAM,D,20100514,000000,2,2,2,2,48882,0
DAM,D,20100517,000000,2,2.5,2,2.5,32970,0
DAM,D,20100518,000000,2,2.5,2,2.5,41180,0
DAM,D,20100519,000000,2.5,2.5,2,2,22561,0
DAM,D,20100520,000000,2.5,2.5,2,2.5,1669,0
DAM,D,20100521,000000,2.5,2.5,2,2,73345,0
DAM,D,20100524,000000,2,2,2,2,21550,0
DAM,D,20100525,000000,2,2,2,2,7960,0
DAM,D,20100526,000000,2,2.5,2,2.5,9093,0
DAM,D,20100527,000000,2,2,2,2,88995,0
DAM,D,20100528,000000,2,2,2,2,39455,0
DAM,D,20100531,000000,2,2.5,2,2.5,7138,0
DAM,D,20100601,000000,2,2,2,2,13904,0
DAM,D,20100602,000000,2,2,2,2,19306,0
DAM,D,20100604,000000,2,2,2,2,45766,0
DAM,D,20100607,000000,2,2,2,2,6039,0
DAM,D,20100608,000000,2,2,2,2,1020,0
DAM,D,20100609,000000,2,2,1.5,2,9675,0
DAM,D,20100610,000000,2,2,2,2,30680,0
DAM,D,20100611,000000,2,2,1.5,2,152368,0
DAM,D,20100614,000000,1.5,1.5,1.5,1.5,35137,0
DAM,D,20100615,000000,1.5,1.5,1.5,1.5,19189,0
DAM,D,20100616,000000,1.5,1.5,1.5,1.5,4901,0
DAM,D,20100617,000000,1.5,1.5,1,1,329623,0
DAM,D,20100618,000000,1,1,1,1,251618,0
DAM,D,20100621,000000,1,1,1,1,96337,0
DAM,D,20100622,000000,1,1.5,1,1,171013,0
DAM,D,20100623,000000,1,1,1,1,90802,0
DAM,D,20100624,000000,1,1,1,1,17585,0
DAM,D,20100625,000000,1,1,1,1,35666,0
DAM,D,20100628,000000,1.5,1.5,1.5,1.5,39205,0
DAM,D,20100629,000000,1.5,1.5,1.5,1.5,5317,0
DAM,D,20100630,000000,1.5,1.5,1.5,1.5,36570,0
DAM,D,20100701,000000,1,1.5,1,1.5,8790,0
DAM,D,20100702,000000,1.5,1.5,1,1.5,1222,0
DAM,D,20100705,000000,1,1.5,1,1.5,160,0
DAM,D,20100706,000000,1.5,1.5,1.5,1.5,8807,0
DAM,D,20100707,000000,1.5,1.5,1,1.5,228,0
DAM,D,20100708,000000,1,1.5,1,1,12987,0
DAM,D,20100709,000000,1,1.5,1,1,3215,0
DAM,D,20100712,000000,1,1.5,1,1.5,1391,0
DAM,D,20100713,000000,1.5,1.5,1.5,1.5,18970,0
DAM,D,20100714,000000,1.5,1.5,1.5,1.5,1493,0
DAM,D,20100715,000000,1.5,1.5,1.5,1.5,20146,0
DAM,D,20100716,000000,1.5,1.5,1,1.5,36341,0
DAM,D,20100719,000000,1.5,1.5,1.5,1.5,20374,0
DAM,D,20100720,000000,1.5,1.5,1.5,1.5,81667,0
DAM,D,20100721,000000,1.5,1.5,1.5,1.5,139826,0
DAM,D,20100722,000000,1.5,1.5,1.5,1.5,21387,0
DAM,D,20100723,000000,1.5,1.5,1.5,1.5,33503,0
DAM,D,20100726,000000,1.5,1.5,1.5,1.5,2742,0
DAM,D,20100727,000000,1.5,1.5,1.5,1.5,4280,0
DAM,D,20100728,000000,1.5,1.5,1,1.5,184411,0
DAM,D,20100729,000000,1.5,1.5,1,1.5,20355,0
DAM,D,20100730,000000,1.5,1.5,1.5,1.5,114025,0
DAM,D,20100802,000000,1.5,1.5,1.5,1.5,309896,0
DAM,D,20100803,000000,1.5,2,1.5,2,320295,0
DAM,D,20100804,000000,2,2.5,2,2,591161,0
DAM,D,20100805,000000,2,2,2,2,136776,0
DAM,D,20100806,000000,2,2,2,2,89145,0
DAM,D,20100809,000000,2,2,2,2,36789,0
DAM,D,20100810,000000,2,2,2,2,40473,0
DAM,D,20100811,000000,2,2,2,2,51605,0
DAM,D,20100812,000000,2,2.5,2,2.5,73565,0
DAM,D,20100813,000000,2.5,2.5,2,2.5,30783,0
DAM,D,20100816,000000,2,2.5,2,2.5,27025,0
DAM,D,20100817,000000,2.5,2.5,2,2.5,68867,0
DAM,D,20100818,000000,2.5,2.5,2,2.5,7508,0
DAM,D,20100819,000000,2.5,2.5,2,2,8007,0
DAM,D,20100820,000000,2,2,2,2,1207,0
DAM,D,20100823,000000,2,2.5,2,2.5,7411,0
DAM,D,20100824,000000,2.5,2.5,2,2.5,5772,0
DAM,D,20100825,000000,2,2.5,2,2.5,774,0
DAM,D,20100826,000000,2.5,2.5,2,2.5,7044,0
DAM,D,20100827,000000,2,2.5,2,2,1494,0
DAM,D,20100830,000000,2,2.5,2,2,60973,0
DAM,D,20100831,000000,2,2,2,2,39625,0
DAM,D,20100901,000000,2,2,2,2,44812,0
DAM,D,20100902,000000,2,2,2,2,61054,0
DAM,D,20100903,000000,2,2,2,2,64816,0
DAM,D,20100906,000000,2,2,2,2,40229,0
DAM,D,20100907,000000,2.5,2.5,2,2.5,22301,0
DAM,D,20100908,000000,2.5,2.5,2,2,115200,0
DAM,D,20100909,000000,2,2,2,2,27959,0
DAM,D,20100910,000000,2,2,2,2,23860,0
DAM,D,20100913,000000,2,2,2,2,40400,0
DAM,D,20100914,000000,2,2.5,2,2,68537,0
DAM,D,20100915,000000,2,2,2,2,22755,0
DAM,D,20100916,000000,2,2.5,2,2,1208,0
DAM,D,20100917,000000,2,2.5,2,2.5,19025,0
DAM,D,20100920,000000,2.5,3,2,3,500739,0
DAM,D,20100921,000000,3,3.5,2.5,3,513689,0
DAM,D,20100922,000000,3,3.5,2.5,3.5,232711,0
DAM,D,20100923,000000,3.5,3.5,3,3,100198,0
DAM,D,20100924,000000,3,3,2.5,2.5,247521,0
DAM,D,20100927,000000,3,3,2.5,2.5,27746,0
DAM,D,20100928,000000,2.5,2.5,2,2.5,76727,0
DAM,D,20100929,000000,2.5,2.5,2,2.5,75620,0
DAM,D,20100930,000000,2.5,2.5,2,2.5,3752,0
DAM,D,20101001,000000,2,2.5,2,2.5,9740,0
DAM,D,20101004,000000,2.5,2.5,2,2.5,54523,0
DAM,D,20101005,000000,2.5,2.5,2,2.5,282,0
DAM,D,20101006,000000,2.5,2.5,2,2.5,8682,0
DAM,D,20101007,000000,2,2.5,2,2.5,35509,0
DAM,D,20101008,000000,2,2.5,2,2.5,32104,0
DAM,D,20101011,000000,2.5,3,2.5,2.5,303138,0
DAM,D,20101012,000000,3,3,2.5,3,28560,0
DAM,D,20101013,000000,2.5,3,2.5,3,18885,0
DAM,D,20101014,000000,2.5,3,2.5,3,12968,0
DAM,D,20101015,000000,2.5,3,2.5,2.5,6030,0
DAM,D,20101018,000000,2.5,3,2.5,3,31283,0
DAM,D,20101019,000000,2.5,3,2.5,2.5,22151,0
DAM,D,20101020,000000,2.5,3,2.5,3,24591,0
DAM,D,20101021,000000,2.5,3,2.5,2.5,8172,0
DAM,D,20101022,000000,2.5,3,2.5,3,6869,0
DAM,D,20101025,000000,3,3,2.5,3,27493,0
DAM,D,20101026,000000,2.5,3,2.5,3,21891,0
DAM,D,20101027,000000,3,3.5,3,3,496877,0
DAM,D,20101028,000000,3,3.5,3,3.5,320343,0
DAM,D,20101029,000000,4,4.5,3.5,3.5,471304,0
DAM,D,20101102,000000,4,4.5,3.5,4,116590,0
DAM,D,20101103,000000,4,4,3.5,4,9828,0
DAM,D,20101104,000000,4,4.5,4,4,276231,0
DAM,D,20101105,000000,4,5,4,5,487916,0
DAM,D,20101108,000000,5,5,4.5,5,86408,0
DAM,D,20101109,000000,5,5,4.5,4.5,57757,0
DAM,D,20101110,000000,5,5,4.5,5,216420,0
DAM,D,20101112,000000,5,5.5,4.5,5,84039,0
DAM,D,20101115,000000,5,5,4.5,4.5,36718,0
DAM,D,20101116,000000,4.5,5,4.5,5,117589,0
DAM,D,20101117,000000,5,5.5,5,5.5,39440,0
DAM,D,20101118,000000,5.5,5.5,5,5.5,6028,0
DAM,D,20101119,000000,5,5.5,5,5.5,32618,0
DAM,D,20101122,000000,5,5,4.5,4.5,255555,0
DAM,D,20101123,000000,5,5,4.5,5,83464,0
DAM,D,20101124,000000,5,5,4.5,4.5,527,0
DAM,D,20101125,000000,4.5,5,4.5,5,9445,0
DAM,D,20101126,000000,4.5,5,4.5,5,10456,0
DAM,D,20101129,000000,4.5,5,4.5,4.5,7238,0
DAM,D,20101130,000000,5,5,4,4.5,40685,0
DAM,D,20101201,000000,4.5,5,4.5,5,12492,0
DAM,D,20101202,000000,5,5.5,4.5,5,66546,0
DAM,D,20101203,000000,5,5.5,5,5,8291,0
DAM,D,20101206,000000,5,5,4.5,5,5122,0
DAM,D,20101207,000000,5,5,4.5,5,22785,0
DAM,D,20101208,000000,5,5,4.5,5,11143,0
DAM,D,20101209,000000,5,5,4,5,82550,0
DAM,D,20101210,000000,4.5,5,4.5,5,5858,0
DAM,D,20101213,000000,4.5,5,4.5,4.5,6600,0
DAM,D,20101214,000000,5,5,4,5,48427,0
DAM,D,20101215,000000,4.5,5,4.5,5,6993,0
DAM,D,20101216,000000,4.5,5,4.5,5,3366,0
DAM,D,20101217,000000,4.5,5,4.5,5,47962,0
DAM,D,20101220,000000,5,5,4,4,51889,0
DAM,D,20101221,000000,4.5,4.5,4,4.5,9006,0
DAM,D,20101222,000000,4,4.5,4,4.5,460,0
DAM,D,20101223,000000,4.5,4.5,4,4,418,0
DAM,D,20101227,000000,4,4.5,4,4,23180,0
DAM,D,20101228,000000,4.5,5,4.5,5,20197,0
DAM,D,20101229,000000,4.5,4.5,4,4,3746,0
DAM,D,20101230,000000,4.5,4.5,4.5,4.5,259,0
DAM,D,20101231,000000,4.5,4.5,4,4,5386,0
DAM,D,20110103,000000,4.5,4.5,4,4.5,21667,0
DAM,D,20110104,000000,4.5,4.5,4,4,2118,0
DAM,D,20110105,000000,4.5,4.5,4,4.5,13607,0
DAM,D,20110107,000000,4.5,4.5,4,4.5,85552,0
DAM,D,20110110,000000,4.5,4.5,4,4.5,2750,0
DAM,D,20110111,000000,4.5,4.5,4,4.5,102,0
DAM,D,20110112,000000,4.5,4.5,4.5,4.5,8,0
DAM,D,20110113,000000,4.5,4.5,4,4.5,18430,0
DAM,D,20110114,000000,4.5,4.5,4,4.5,2378,0
DAM,D,20110117,000000,4.5,4.5,4,4.5,9456,0
DAM,D,20110118,000000,4,4.5,4,4.5,21661,0
DAM,D,20110119,000000,4.5,4.5,4,4.5,2736,0
DAM,D,20110120,000000,4.5,4.5,4,4,5042,0
DAM,D,20110121,000000,4,4,3.5,4,13256,0
DAM,D,20110124,000000,4,4.5,4,4.5,5340,0
DAM,D,20110125,000000,4.5,4.5,4.5,4.5,0,0
DAM,D,20110126,000000,4,4,4,4,4982,0
DAM,D,20110127,000000,4,4,3.5,4,4324,0
DAM,D,20110128,000000,4,4,3.5,4,5532,0
DAM,D,20110131,000000,3.5,4,3,3.5,197692,0
DAM,D,20110201,000000,3.5,4,3.5,4,2162,0
DAM,D,20110202,000000,4,4,3.5,4,4146,0
DAM,D,20110203,000000,3.5,4,3.5,4,30040,0
DAM,D,20110204,000000,3.5,4,3.5,4,6058,0
DAM,D,20110207,000000,3.5,4,3.5,4,2218,0
DAM,D,20110208,000000,3.5,4,3.5,4,21793,0
DAM,D,20110209,000000,4,4,3.5,4,4305,0
DAM,D,20110210,000000,3.5,4,3.5,4,692,0
DAM,D,20110211,000000,3.5,4,3.5,4,21748,0
DAM,D,20110214,000000,4,4,3.5,4,4408,0
DAM,D,20110215,000000,3.5,4,3.5,3.5,10520,0
DAM,D,20110216,000000,3.5,4,3.5,4,1873,0
DAM,D,20110217,000000,4,4,3.5,4,6240,0
DAM,D,20110218,000000,4,4,4,4,340,0
DAM,D,20110221,000000,3.5,4,3.5,4,802,0
DAM,D,20110222,000000,4,4,3.5,4,478,0
DAM,D,20110223,000000,4,4.5,3.5,4.5,88042,0
DAM,D,20110224,000000,4.5,5,4.5,5,56559,0
DAM,D,20110225,000000,4.5,5,4.5,5,60234,0
DAM,D,20110228,000000,5,6,5,6,173732,0
DAM,D,20110301,000000,6,6.5,6,6,220777,0
DAM,D,20110302,000000,6,6,5.5,6,83865,0
DAM,D,20110303,000000,5.5,5.5,5,5.5,60634,0
DAM,D,20110304,000000,5.5,6.5,5.5,6,51908,0
DAM,D,20110307,000000,6,7,6,6.5,59790,0
DAM,D,20110308,000000,6.5,7,6.5,7,60913,0
DAM,D,20110309,000000,7,7,6.5,7,11490,0
DAM,D,20110310,000000,6.5,7.5,6.5,7.5,175880,0
DAM,D,20110311,000000,7.5,8,7.5,8,116101,0
DAM,D,20110314,000000,8,8.5,8,8,74824,0
DAM,D,20110315,000000,8,8.5,7.5,8,88614,0
DAM,D,20110316,000000,8.5,8.5,7.5,7.5,54001,0
DAM,D,20110317,000000,7.5,8,7.5,8,27923,0
DAM,D,20110318,000000,7.5,7.5,7.5,7.5,14519,0
DAM,D,20110321,000000,8,8,7.5,7.5,6523,0
DAM,D,20110322,000000,7,7.5,7,7.5,2619,0
DAM,D,20110323,000000,7,7.5,7,7.5,8655,0
DAM,D,20110324,000000,7.5,7.5,7,7.5,4995,0
DAM,D,20110325,000000,7.5,7.5,7,7.5,3417,0
DAM,D,20110328,000000,7.5,8,7,7.5,13278,0
DAM,D,20110329,000000,7,7.5,7,7.5,6213,0
DAM,D,20110330,000000,7.5,8,7.5,8,5303,0
DAM,D,20110331,000000,8,8,7.5,8,10014,0
DAM,D,20110401,000000,8,8,7.5,8,2735,0
DAM,D,20110404,000000,8,8,7.5,7.5,9624,0
DAM,D,20110405,000000,7.5,8,7.5,7.5,1627,0
DAM,D,20110406,000000,7.5,8,7.5,7.5,7737,0
DAM,D,20110407,000000,7.5,8,7.5,8,5355,0
DAM,D,20110408,000000,8,8,8,8,5325,0
DAM,D,20110411,000000,8,8,7.5,8,9637,0
DAM,D,20110412,000000,7.5,8,7.5,8,1008,0
DAM,D,20110413,000000,7.5,8.5,7.5,8.5,37380,0
DAM,D,20110414,000000,8.5,8.5,8,8,6624,0
DAM,D,20110415,000000,7.5,8.5,7.5,8.5,2114,0
DAM,D,20110418,000000,8,8.5,8,8.5,13373,0
DAM,D,20110419,000000,8,8,8,8,2000,0
DAM,D,20110420,000000,7.5,8.5,7.5,8.5,14671,0
DAM,D,20110421,000000,8,8,8,8,123469,0
DAM,D,20110426,000000,8,8,8,8,4301,0
DAM,D,20110427,000000,8,8.5,8,8.5,16654,0
DAM,D,20110428,000000,8.5,8.5,8,8.5,15415,0
DAM,D,20110429,000000,8.5,8.5,8,8.5,3108,0
DAM,D,20110502,000000,8.5,8.5,8,8.5,19599,0
DAM,D,20110504,000000,8,8.5,8,8.5,29200,0
DAM,D,20110505,000000,8,8,8,8,1784,0
DAM,D,20110506,000000,8,8.5,8,8.5,3696,0
DAM,D,20110509,000000,8,8.5,8,8.5,560,0
DAM,D,20110510,000000,8.5,8.5,8.5,8.5,3634,0
DAM,D,20110511,000000,8,8,8,8,42806,0
DAM,D,20110512,000000,8,8,7.5,8,500,0
DAM,D,20110513,000000,8,8,8,8,1640,0
DAM,D,20110516,000000,8,8,7.5,8,9495,0
DAM,D,20110518,000000,8,8,8,8,3200,0
DAM,D,20110519,000000,8,8,7.5,8,24676,0
DAM,D,20110520,000000,8,8,7.5,8,20332,0
DAM,D,20110523,000000,8,8,8,8,12922,0
DAM,D,20110524,000000,8,8,8,8,2000,0
DAM,D,20110525,000000,8,8,8,8,200,0
DAM,D,20110526,000000,8,8,8,8,4410,0
DAM,D,20110527,000000,8,8,7.5,8,3650,0
DAM,D,20110530,000000,8,8,8,8,6663,0
DAM,D,20110531,000000,8,8,8,8,6287,0
DAM,D,20110601,000000,7.5,8,7.5,8,5820,0
DAM,D,20110602,000000,7.5,7.5,7,7.5,27496,0
DAM,D,20110603,000000,7.5,7.5,7.5,7.5,3010,0
DAM,D,20110606,000000,7.5,8,7.5,8,2366,0
DAM,D,20110607,000000,8,8,8,8,605,0
DAM,D,20110608,000000,7.5,8,7.5,8,10120,0
DAM,D,20110609,000000,8,8,7.5,8,16819,0
DAM,D,20110610,000000,7.5,8,7.5,8,3697,0
DAM,D,20110613,000000,7.5,8,7.5,8,9710,0
DAM,D,20110615,000000,8,8,8,8,1570,0
DAM,D,20110616,000000,7.5,8,7.5,8,20000,0
DAM,D,20110617,000000,8,8,8,8,300,0
DAM,D,20110620,000000,7.5,8,7.5,8,1130,0
DAM,D,20110621,000000,8,8,7.5,8,9436,0
DAM,D,20110622,000000,8,8,8,8,2125,0
DAM,D,20110624,000000,7.5,8,7.5,8,1911,0
DAM,D,20110627,000000,7.5,7.5,7,7.5,26379,0
DAM,D,20110628,000000,7.5,7.5,7.5,7.5,16926,0
DAM,D,20110629,000000,7.5,7.5,7.5,7.5,3347,0
DAM,D,20110630,000000,7.5,7.5,7,7.5,23575,0
DAM,D,20110701,000000,7.5,8,7.5,8,68845,0
DAM,D,20110704,000000,8,8,8,8,6987,0
DAM,D,20110705,000000,7.5,8,7.5,8,58014,0
DAM,D,20110706,000000,7.5,7.5,7.5,7.5,4028,0
DAM,D,20110707,000000,7.5,7.5,7.5,7.5,210,0
DAM,D,20110708,000000,7.5,7.5,7.5,7.5,5402,0
DAM,D,20110711,000000,7,7.5,7,7.5,1340,0
DAM,D,20110712,000000,7.5,8,7,8,34796,0
DAM,D,20110713,000000,8,8,7.5,8,2786,0
DAM,D,20110714,000000,7.5,8,7.5,8,29467,0
DAM,D,20110715,000000,8,8,7.5,7.5,1060,0
DAM,D,20110718,000000,7,7.5,7,7.5,1428,0
DAM,D,20110719,000000,7.5,7.5,7.5,7.5,1237,0
DAM,D,20110720,000000,7,8,7,8,6067,0
DAM,D,20110721,000000,8,8,7.5,7.5,1388,0
DAM,D,20110722,000000,7.5,7.5,7.5,7.5,1208,0
DAM,D,20110725,000000,7.5,8,7.5,8,1894,0
DAM,D,20110726,000000,7.5,8,7.5,7.5,28836,0
DAM,D,20110727,000000,7.5,7.5,7.5,7.5,18984,0
DAM,D,20110728,000000,7.5,8,7.5,8,8840,0
DAM,D,20110729,000000,8,8,7.5,8,3380,0
DAM,D,20110801,000000,8,8,7.5,8,4792,0
DAM,D,20110802,000000,8,8,7.5,8,2000,0
DAM,D,20110803,000000,7.5,7.5,7,7.5,3422,0
DAM,D,20110804,000000,7.5,7.5,7,7.5,3968,0
DAM,D,20110805,000000,7,7.5,7,7.5,5021,0
DAM,D,20110808,000000,7,7,6.5,7,4353,0
DAM,D,20110809,000000,6.5,7,6,6.5,9246,0
DAM,D,20110810,000000,6.5,6.5,6.5,6.5,5022,0
DAM,D,20110811,000000,6.5,6.5,6,6.5,5906,0
DAM,D,20110812,000000,6,6.5,6,6.5,3161,0
DAM,D,20110816,000000,6.5,6.5,6,6.5,1910,0
DAM,D,20110817,000000,6.5,6.5,6.5,6.5,3202,0
DAM,D,20110818,000000,6.5,6.5,6,6,11276,0
DAM,D,20110819,000000,6,6.5,6,6.5,4784,0
DAM,D,20110822,000000,6.5,6.5,6,6.5,1754,0
DAM,D,20110823,000000,6.5,6.5,6.5,6.5,0,0
DAM,D,20110824,000000,6.5,6.5,6.5,6.5,0,0
DAM,D,20110825,000000,6.5,6.5,6.5,6.5,2520,0
DAM,D,20110826,000000,6.5,6.5,6,6.5,5920,0
DAM,D,20110829,000000,6.5,6.5,6,6.5,660,0
DAM,D,20110830,000000,6.5,6.5,5.5,6.5,5810,0
DAM,D,20110831,000000,6.5,6.5,6,6.5,40020,0
DAM,D,20110901,000000,6.5,6.5,6,6.5,4492,0
DAM,D,20110902,000000,6.5,6.5,6,6.5,390,0
DAM,D,20110905,000000,6.5,6.5,6,6.5,10253,0
DAM,D,20110906,000000,6.5,6.5,5.5,6,2262,0
DAM,D,20110907,000000,6,6,5.5,6,1666,0
DAM,D,20110908,000000,6.5,6.5,6.5,6.5,0,0
DAM,D,20110909,000000,6.5,6.5,6,6.5,2004,0
DAM,D,20110912,000000,6.5,6.5,5.5,6,3053,0
DAM,D,20110913,000000,6,6,5.5,6,163598,0
DAM,D,20110914,000000,6,6,5.5,6,3630,0
DAM,D,20110915,000000,6,6,6,6,0,0
DAM,D,20110916,000000,6,6,5,6,461,0
DAM,D,20110919,000000,6,6,5.5,6,1360,0
DAM,D,20110920,000000,6,6,5.5,6,743,0
DAM,D,20110921,000000,6,6,6,6,0,0
DAM,D,20110922,000000,6,6,5.5,5.5,4378,0
DAM,D,20110923,000000,5.5,5.5,5,5.5,5334,0
DAM,D,20110926,000000,5.5,5.5,5,5.5,1002,0
DAM,D,20110927,000000,5.5,5.5,5.5,5.5,2665,0
DAM,D,20110928,000000,5.5,5.5,5.5,5.5,800,0
DAM,D,20110929,000000,5.5,5.5,5.5,5.5,606,0
DAM,D,20110930,000000,6,6,5,5.5,209,0
DAM,D,20111003,000000,5.5,5.5,5,5.5,841,0
DAM,D,20111004,000000,5.5,5.5,5.5,5.5,0,0
DAM,D,20111005,000000,5.5,5.5,4.5,4.5,605,0
DAM,D,20111006,000000,4.5,5,4.5,5,0,0
DAM,D,20111007,000000,5,5,4.5,5,4365,0
DAM,D,20111010,000000,5,5,4,4.5,3149,0
DAM,D,20111011,000000,4.5,4.5,4,4.5,13011,0
DAM,D,20111012,000000,4.5,4.5,4,4.5,134,0
DAM,D,20111013,000000,4.5,4.5,4,4.5,4593,0
DAM,D,20111014,000000,4.5,4.5,4,4.5,1934,0
DAM,D,20111017,000000,4.5,4.5,4.5,4.5,42,0
DAM,D,20111018,000000,4.5,4.5,4.5,4.5,65,0
DAM,D,20111019,000000,4.5,4.5,4.5,4.5,1220,0
DAM,D,20111020,000000,4.5,4.5,4.5,4.5,0,0
DAM,D,20111021,000000,4.5,4.5,4.5,4.5,20,0
DAM,D,20111024,000000,4.5,4.5,4,4.5,1740,0
DAM,D,20111025,000000,4.5,4.5,4,4.5,10661,0
DAM,D,20111026,000000,5,6,5,5.5,40900,0
DAM,D,20111027,000000,6,6.5,5.5,6.5,29173,0
DAM,D,20111028,000000,6.5,6.5,6,6.5,3448,0
DAM,D,20111031,000000,6.5,6.5,6,6.5,1951,0
DAM,D,20111102,000000,6,6,5.5,6,10069,0
DAM,D,20111103,000000,6,6,5.5,6,964,0
DAM,D,20111104,000000,6,6,5.5,6,6310,0
DAM,D,20111107,000000,6,6,5.5,6,1712,0
DAM,D,20111108,000000,6,6,5.5,6,625,0
DAM,D,20111109,000000,6,6,5,6,9091,0
DAM,D,20111110,000000,6,6,5.5,6,401,0
DAM,D,20111114,000000,6,6,5.5,5.5,340,0
DAM,D,20111115,000000,6,6,5,6,8052,0
DAM,D,20111116,000000,6,6,6,6,240,0
DAM,D,20111117,000000,6,6,5.5,5.5,5484,0
DAM,D,20111118,000000,6,6,5,5,24,0
DAM,D,20111121,000000,5.5,5.5,5,5,15610,0
DAM,D,20111122,000000,5,5,4.5,5,5253,0
DAM,D,20111123,000000,5,5,4.5,5,3406,0
DAM,D,20111124,000000,5,5,5,5,0,0
DAM,D,20111125,000000,5,5,4.5,5,19634,0
DAM,D,20111128,000000,5.5,6,5.5,6,5372,0
DAM,D,20111129,000000,6,7,6,6.5,27934,0
DAM,D,20111130,000000,6,6.5,6,6.5,7002,0
DAM,D,20111201,000000,6.5,6.5,6,6.5,6,0
DAM,D,20111202,000000,6.5,6.5,6.5,6.5,3040,0
DAM,D,20111205,000000,6.5,6.5,6,6.5,600,0
DAM,D,20111206,000000,6.5,6.5,5.5,6,8547,0
DAM,D,20111207,000000,5.5,6,5.5,6,1606,0
DAM,D,20111208,000000,6,6,5.5,6,2346,0
DAM,D,20111209,000000,6,6,5,5.5,7265,0
DAM,D,20111212,000000,5.5,6,5,6,1295,0
DAM,D,20111213,000000,6,6,6,6,1258,0
DAM,D,20111214,000000,6,6.5,6,6.5,20964,0
DAM,D,20111215,000000,6.5,6.5,6.5,6.5,24023,0
DAM,D,20111216,000000,6.5,7,6.5,7,8811,0
DAM,D,20111219,000000,6.5,7,6.5,7,5733,0
DAM,D,20111220,000000,6.5,7,6.5,7,6629,0
DAM,D,20111221,000000,6.5,7,6.5,7,6014,0
DAM,D,20111222,000000,7,7,6.5,7,4080,0
DAM,D,20111223,000000,7,7,7,7,5650,0
DAM,D,20111227,000000,7,7,6.5,7,512,0
DAM,D,20111228,000000,7,7,6,6.5,13076,0
DAM,D,20111229,000000,6.5,7,6.5,6.5,7580,0
DAM,D,20111230,000000,7,7,7,7,0,0
DAM,D,20120102,000000,6.5,6.5,6.5,6.5,353,0
DAM,D,20120103,000000,6.5,6.5,6.5,6.5,9797,0
DAM,D,20120104,000000,7,7,6.5,7,2400,0
DAM,D,20120105,000000,7,7,6.5,7,7580,0
DAM,D,20120109,000000,7,7,6.5,7,4150,0
DAM,D,20120110,000000,7,7,6.5,6.5,3897,0
DAM,D,20120111,000000,6.5,6.5,6,6.5,26363,0
DAM,D,20120112,000000,6.5,7,6.5,7,9147,0
DAM,D,20120113,000000,7,7,6.5,6.5,10258,0
DAM,D,20120116,000000,6.5,6.5,6.5,6.5,8742,0
DAM,D,20120117,000000,6.5,7,6,7,17533,0
DAM,D,20120118,000000,7,7,6.5,7,1625,0
DAM,D,20120119,000000,7,7,6.5,7,1002,0
DAM,D,20120120,000000,7,7,6.5,6.5,19220,0
DAM,D,20120123,000000,7,7,6,6,3638,0
DAM,D,20120124,000000,6,6.5,6,6.5,8045,0
DAM,D,20120125,000000,6.5,7,6.5,7,6535,0
DAM,D,20120126,000000,7,7,6.5,7,11557,0
DAM,D,20120127,000000,7,7,7,7,0,0
DAM,D,20120130,000000,7,7,6.5,7,11416,0
DAM,D,20120131,000000,7,7,6.5,7,38861,0
DAM,D,20120201,000000,7,7,6.5,7,12714,0
DAM,D,20120202,000000,7,7,6.5,7,803,0
DAM,D,20120203,000000,7,7,6.5,7,23569,0
DAM,D,20120206,000000,6.5,6.5,6,6.5,18234,0
DAM,D,20120207,000000,6.5,6.5,6.5,6.5,2890,0
DAM,D,20120208,000000,6.5,6.5,6,6.5,502,0
DAM,D,20120209,000000,6.5,6.5,6,6.5,124,0
DAM,D,20120210,000000,6.5,6.5,6.5,6.5,0,0
DAM,D,20120213,000000,6.5,6.5,6,6,16072,0
DAM,D,20120214,000000,6,6.5,6,6.5,6000,0
DAM,D,20120215,000000,6.5,6.5,5.5,6.5,6,0
DAM,D,20120216,000000,6.5,6.5,6.5,6.5,110,0
DAM,D,20120217,000000,6.5,6.5,6,6.5,3043,0
DAM,D,20120220,000000,6.5,6.5,6,6.5,21322,0
DAM,D,20120221,000000,6.5,6.5,6.5,6.5,354,0
DAM,D,20120222,000000,6.5,6.5,6,6.5,15310,0
DAM,D,20120223,000000,6.5,6.5,6.5,6.5,0,0
DAM,D,20120224,000000,6,6.5,6,6.5,19802,0
DAM,D,20120227,000000,6.5,6.5,6.5,6.5,3882,0
DAM,D,20120228,000000,6.5,6.5,6,6,1200,0
DAM,D,20120229,000000,6,6.5,6,6.5,2113,0
DAM,D,20120301,000000,6.5,6.5,6.5,6.5,700,0
DAM,D,20120302,000000,6,6.5,6,6.5,27000,0
DAM,D,20120305,000000,6.5,6.5,6,6.5,58268,0
DAM,D,20120306,000000,6.5,7,6.5,7,10180,0
DAM,D,20120307,000000,7,7,6.5,6.5,55199,0
DAM,D,20120308,000000,6.5,6.5,6.5,6.5,1201,0
DAM,D,20120309,000000,6.5,6.5,6.5,6.5,3335,0
DAM,D,20120312,000000,6.5,6.5,6.5,6.5,1117,0
DAM,D,20120313,000000,6.5,6.5,6,6.5,18196,0
DAM,D,20120314,000000,6.5,6.5,6,6,3552,0
DAM,D,20120315,000000,6,6.5,6,6.5,3043,0
DAM,D,20120316,000000,6.5,6.5,6,6.5,7827,0
DAM,D,20120319,000000,6.5,6.5,6.5,6.5,0,0
DAM,D,20120320,000000,6,6,5.5,6,8593,0
DAM,D,20120321,000000,6,6,5.5,6,5629,0
DAM,D,20120322,000000,5.5,6,5,5.5,23311,0
DAM,D,20120323,000000,5,5,4.5,5,24826,0
DAM,D,20120326,000000,5,5,4,5,25995,0
DAM,D,20120327,000000,5,5,5,5,1860,0
DAM,D,20120328,000000,5,5.5,5,5.5,10220,0
DAM,D,20120329,000000,5.5,5.5,5,5,1056,0
DAM,D,20120330,000000,5,5,4.5,5,6682,0
DAM,D,20120402,000000,4.5,5,4.5,5,220,0
DAM,D,20120403,000000,5,5,4,5,7896,0
DAM,D,20120404,000000,5,5,4.5,5,3356,0
DAM,D,20120405,000000,4.5,4.5,4.5,4.5,3701,0
DAM,D,20120410,000000,4.5,4.5,4,4.5,328,0
DAM,D,20120411,000000,4.5,4.5,4.5,4.5,8954,0
DAM,D,20120412,000000,4.5,5,4.5,5,3971,0
DAM,D,20120413,000000,4.5,5,4,5,6635,0
DAM,D,20120416,000000,5,5,5,5,663,0
DAM,D,20120418,000000,4.5,5,4.5,5,8548,0
DAM,D,20120419,000000,5,5,5,5,2174,0
DAM,D,20120420,000000,4.5,4.5,4.5,4.5,5800,0
DAM,D,20120423,000000,4.5,5,4.5,4.5,1100,0
DAM,D,20120424,000000,4,4.5,4,4.5,75,0
DAM,D,20120425,000000,4.5,5,4.5,4.5,1406,0
DAM,D,20120426,000000,4.5,4.5,4.5,4.5,13704,0
DAM,D,20120427,000000,4.5,4.5,4.5,4.5,384,0
DAM,D,20120430,000000,4.5,5,4.5,5,1372,0
DAM,D,20120502,000000,4.5,4.5,4.5,4.5,87,0
DAM,D,20120504,000000,4.5,5,4.5,5,340,0
DAM,D,20120507,000000,4.5,5,4.5,4.5,4902,0
DAM,D,20120508,000000,4.5,5,4.5,5,3321,0
DAM,D,20120509,000000,4.5,4.5,4.5,4.5,6828,0
DAM,D,20120510,000000,4.5,4.5,4,4.5,6367,0
DAM,D,20120514,000000,4.5,4.5,4,4.5,1168,0
DAM,D,20120515,000000,4,4,4,4,11080,0
DAM,D,20120516,000000,4,4,3.5,4,246,0
DAM,D,20120517,000000,4,4,4,4,1529,0
DAM,D,20120518,000000,4,4,4,4,6959,0
DAM,D,20120521,000000,4,4,4,4,200,0
DAM,D,20120522,000000,4,4,3.5,3.5,4,0
DAM,D,20120523,000000,4,4,4,4,20,0
DAM,D,20120525,000000,4,4,4,4,2,0
DAM,D,20120528,000000,4,4,4,4,1679,0
DAM,D,20120529,000000,3.5,3.5,3.5,3.5,2870,0
DAM,D,20120530,000000,3.5,4,3.5,4,912,0
DAM,D,20120531,000000,3.5,4,3.5,3.5,2024,0
DAM,D,20120601,000000,4,4,3,3,897,0
DAM,D,20120604,000000,3.5,4,3.5,3.5,1040,0
DAM,D,20120605,000000,3.5,4,3.5,4,102,0
DAM,D,20120606,000000,4,4,4,4,280,0
DAM,D,20120608,000000,4,4,3.5,3.5,2587,0
DAM,D,20120611,000000,4,4,3,3,2004,0
DAM,D,20120612,000000,3.5,3.5,3.5,3.5,20,0
DAM,D,20120613,000000,3.5,3.5,3.5,3.5,310,0
DAM,D,20120615,000000,3,3,3,3,2,0
DAM,D,20120618,000000,3.5,3.5,3,3,13145,0
DAM,D,20120619,000000,3,3,2.5,2.5,1713,0
DAM,D,20120621,000000,3.5,3.5,3,3,2845,0
DAM,D,20120622,000000,3.5,4,3.5,3.5,3644,0
DAM,D,20120625,000000,3.5,4,3.5,4,54,0
DAM,D,20120626,000000,4,4,3.5,3.5,2505,0
DAM,D,20120627,000000,4,4,3.5,4,6187,0
DAM,D,20120628,000000,4,4,3.5,3.5,6320,0
DAM,D,20120629,000000,4,4,4,4,6,0
DAM,D,20120702,000000,3.5,3.5,3.5,3.5,3000,0
DAM,D,20120703,000000,4,4,3.5,3.5,51,0
DAM,D,20120704,000000,3,3.5,3,3.5,1660,0
DAM,D,20120705,000000,3.5,3.5,3,3.5,11070,0
DAM,D,20120706,000000,3.5,3.5,3.5,3.5,220,0
DAM,D,20120709,000000,3.5,3.5,3.5,3.5,0,0
DAM,D,20120710,000000,3.5,3.5,3,3.5,72060,0
DAM,D,20120711,000000,3,3.5,3,3.5,4000,0
DAM,D,20120712,000000,3.5,3.5,3,3,22,0
DAM,D,20120713,000000,3.5,3.5,3,3,4415,0
DAM,D,20120717,000000,3.5,3.5,2.5,2.5,5379,0
DAM,D,20120719,000000,3.5,3.5,3.5,3.5,1300,0
DAM,D,20120720,000000,3,3,3,3,2,0
DAM,D,20120724,000000,3,3.5,3,3.5,28201,0
DAM,D,20120725,000000,3,3,3,3,736,0
DAM,D,20120726,000000,3,3,2.5,2.5,167,0
DAM,D,20120727,000000,3,3,2.5,2.5,20004,0
DAM,D,20120730,000000,2.5,3,2.5,3,1904,0
DAM,D,20120731,000000,3,3,2.5,2.5,1466,0
DAM,D,20120801,000000,3,3,3,3,4,0
DAM,D,20120802,000000,3,3,2.5,2.5,612,0
DAM,D,20120803,000000,3,3.5,2.5,3,21548,0
DAM,D,20120806,000000,3.5,3.5,3.5,3.5,1376,0
DAM,D,20120807,000000,3.5,3.5,3,3.5,9190,0
DAM,D,20120808,000000,3.5,3.5,3,3,1962,0
DAM,D,20120809,000000,3.5,3.5,3.5,3.5,16532,0
DAM,D,20120810,000000,3.5,4,3.5,3.5,920,0
DAM,D,20120813,000000,3.5,3.5,3.5,3.5,1512,0
DAM,D,20120814,000000,3.5,3.5,3.5,3.5,17374,0
DAM,D,20120816,000000,3,3.5,3,3,204,0
DAM,D,20120817,000000,4,4,4,4,20,0
DAM,D,20120820,000000,4,4,4,4,20,0
DAM,D,20120821,000000,4,4,3,3,2,0
DAM,D,20120822,000000,4,4,4,4,28,0
DAM,D,20120824,000000,3.5,4,3.5,4,1720,0
DAM,D,20120827,000000,4,4,4,4,10,0
DAM,D,20120828,000000,4,4,3.5,3.5,30,0
DAM,D,20120829,000000,3.5,3.5,3.5,3.5,2,0
DAM,D,20120830,000000,3.5,3.5,3.5,3.5,20,0
DAM,D,20120831,000000,3,3.5,3,3.5,8020,0
DAM,D,20120903,000000,3,3.5,3,3.5,72,0
DAM,D,20120904,000000,3.5,3.5,3,3,12,0
DAM,D,20120905,000000,3,3.5,3,3,4548,0
DAM,D,20120906,000000,3.5,3.5,3,3.5,382,0
DAM,D,20120907,000000,3.5,3.5,3,3,48,0
DAM,D,20120910,000000,3.5,3.5,3.5,3.5,100,0
DAM,D,20120911,000000,3.5,3.5,3.5,3.5,0,0
DAM,D,20120912,000000,3.5,3.5,3,3,30,0
DAM,D,20120913,000000,3,3.5,2.5,2.5,4712,0
DAM,D,20120914,000000,3.5,3.5,3,3,90,0
DAM,D,20120918,000000,3,3.5,2.5,2.5,320,0
DAM,D,20120919,000000,3,3,2.5,2.5,60,0
DAM,D,20120920,000000,3.5,3.5,3.5,3.5,40,0
DAM,D,20120921,000000,3,3,3,3,592,0
DAM,D,20120924,000000,3.5,3.5,3.5,3.5,10,0
DAM,D,20120925,000000,3,3,3,3,340,0
DAM,D,20120926,000000,3,3,3,3,2836,0
DAM,D,20120927,000000,3,3,3,3,20,0
DAM,D,20120928,000000,3,3,3,3,460,0
DAM,D,20121001,000000,3,3,2.5,2.5,980,0
DAM,D,20121002,000000,3,3,2,2,15519,0
DAM,D,20121003,000000,2.5,2.5,2,2,90,0
DAM,D,20121004,000000,2.5,2.5,2.5,2.5,13132,0
DAM,D,20121005,000000,2.5,2.5,2,2,3629,0
DAM,D,20121008,000000,2,2.5,2,2.5,86,0
DAM,D,20121009,000000,2.5,2.5,2.5,2.5,1474,0
DAM,D,20121010,000000,2.5,2.5,2.5,2.5,1040,0
DAM,D,20121011,000000,2.5,2.5,2.5,2.5,386,0
DAM,D,20121012,000000,2.5,2.5,2,2,36,0
DAM,D,20121015,000000,2.5,2.5,2.5,2.5,12,0
DAM,D,20121016,000000,2.5,2.5,2,2,14,0
DAM,D,20121017,000000,2,2,2,2,4693,0
DAM,D,20121018,000000,2,2,2,2,5,0
DAM,D,20121019,000000,2.5,2.5,2,2,42,0
DAM,D,20121022,000000,2,2,2,2,1400,0
DAM,D,20121024,000000,2,2.5,2,2,380,0
DAM,D,20121025,000000,2,2,2,2,6,0
DAM,D,20121026,000000,2.5,2.5,2,2,14983,0
DAM,D,20121029,000000,2.5,2.5,2,2,26,0
DAM,D,20121031,000000,2,2.5,2,2.5,85,0
DAM,D,20121102,000000,2.5,2.5,2,2.5,525,0
DAM,D,20121105,000000,2.5,2.5,2.5,2.5,4,0
DAM,D,20121106,000000,2.5,2.5,2.5,2.5,10,0
DAM,D,20121107,000000,2.5,2.5,2,2.5,4034,0
DAM,D,20121108,000000,2.5,2.5,2.5,2.5,2504,0
DAM,D,20121109,000000,2.5,2.5,2.5,2.5,4,0
DAM,D,20121112,000000,2.5,2.5,2.5,2.5,2314,0
DAM,D,20121113,000000,2.5,2.5,2.5,2.5,4,0
DAM,D,20121116,000000,2.5,2.5,2.5,2.5,4802,0
DAM,D,20121119,000000,2.5,2.5,2,2,939,0
DAM,D,20121120,000000,2.5,2.5,2,2,2856,0
DAM,D,20121121,000000,2.5,2.5,2.5,2.5,480,0
DAM,D,20121122,000000,2.5,2.5,2.5,2.5,4,0
DAM,D,20121123,000000,2.5,2.5,2.5,2.5,4,0
DAM,D,20121126,000000,2.5,2.5,2,2,4122,0
DAM,D,20121127,000000,2,2,2,2,9634,0
DAM,D,20121130,000000,2,2.5,2,2.5,1906,0
DAM,D,20121203,000000,2.5,2.5,2,2,3544,0
DAM,D,20121205,000000,2,2,2,2,2467,0
DAM,D,20121206,000000,2,2,2,2,80,0
DAM,D,20121207,000000,2,2.5,2,2.5,155,0
DAM,D,20121210,000000,2.5,2.5,2.5,2.5,8,0
DAM,D,20121211,000000,2.5,2.5,2,2,448,0
DAM,D,20121213,000000,2,2,2,2,2120,0
DAM,D,20121214,000000,2,2,2,2,20,0
DAM,D,20121217,000000,2,2,2,2,5183,0
DAM,D,20121218,000000,2,2,2,2,93095,0
DAM,D,20121219,000000,2,2,2,2,36573,0
DAM,D,20121220,000000,2,2,1.5,1.5,72327,0
DAM,D,20121221,000000,2,2,1.5,2,1627,0
DAM,D,20121227,000000,2,2,1.5,2,31572,0
DAM,D,20121228,000000,2,2,2,2,1001,0
DAM,D,20130102,000000,2,2,2,2,71753,0
DAM,D,20130103,000000,2,2.5,2,2.5,31064,0
DAM,D,20130104,000000,2.5,2.5,2.5,2.5,15675,0
DAM,D,20130107,000000,2.5,3,2.5,2.5,69530,0
DAM,D,20130108,000000,2.5,2.5,2,2,174,0
DAM,D,20130109,000000,2,2.5,2,2,40409,0
DAM,D,20130110,000000,2,2,2,2,24619,0
DAM,D,20130111,000000,2,2,2,2,2845,0
DAM,D,20130114,000000,2,2,2,2,2431,0
DAM,D,20130115,000000,2,2,2,2,140,0
DAM,D,20130116,000000,2,2,2,2,2250,0
DAM,D,20130117,000000,2,2,2,2,10,0
DAM,D,20130118,000000,2,2,2,2,125,0
DAM,D,20130121,000000,2,2,2,2,50,0
DAM,D,20130122,000000,2,2,2,2,475,0
DAM,D,20130123,000000,2,2,2,2,40,0
DAM,D,20130124,000000,2,2,2,2,2504,0
DAM,D,20130125,000000,2,2,1.5,1.5,610,0
DAM,D,20130128,000000,2,2,2,2,5806,0
DAM,D,20130129,000000,2,2,2,2,3533,0
DAM,D,20130130,000000,2,2,1.5,2,2262,0
DAM,D,20130131,000000,2,2,2,2,40,0
DAM,D,20130201,000000,2,2,2,2,2166,0
DAM,D,20130204,000000,2,2,2,2,6,0
DAM,D,20130205,000000,2,2,2,2,5376,0
DAM,D,20130206,000000,2,2,2,2,1580,0
DAM,D,20130207,000000,2,2,2,2,16,0
DAM,D,20130208,000000,2,2,1.5,1.5,6667,0
DAM,D,20130211,000000,1.5,2,1.5,1.5,15902,0
DAM,D,20130212,000000,1.5,2,1.5,2,5560,0
DAM,D,20130213,000000,2,2,1.5,1.5,2328,0
DAM,D,20130214,000000,1.5,2,1.5,1.5,495,0
DAM,D,20130215,000000,1.5,1.5,1.5,1.5,435,0
DAM,D,20130218,000000,1.5,1.5,1.5,1.5,18,0
DAM,D,20130219,000000,1.5,1.5,1.5,1.5,560,0
DAM,D,20130220,000000,2,2,1.5,1.5,26312,0
DAM,D,20130221,000000,1.5,1.5,1.5,1.5,3293,0
DAM,D,20130222,000000,1.5,1.5,1.5,1.5,2140,0
DAM,D,20130225,000000,1.5,1.5,1.5,1.5,326,0
DAM,D,20130226,000000,2,2,2,2,14,0
DAM,D,20130227,000000,2,2,2,2,10,0
DAM,D,20130228,000000,2,2,1.5,2,311,0
DAM,D,20130301,000000,2,2,1.5,2,316,0
DAM,D,20130304,000000,1.5,2,1.5,1.5,4658,0
DAM,D,20130305,000000,1.5,1.5,1.5,1.5,170,0
DAM,D,20130306,000000,1.5,1.5,1.5,1.5,7468,0
DAM,D,20130307,000000,1.5,1.5,1.5,1.5,2982,0
DAM,D,20130308,000000,1.5,2,1.5,1.5,40,0
DAM,D,20130311,000000,1.5,2,1.5,1.5,312,0
DAM,D,20130312,000000,1.5,2,1.5,2,2026,0
DAM,D,20130313,000000,2,2,1.5,1.5,604,0
DAM,D,20130314,000000,1.5,1.5,1.5,1.5,3748,0
DAM,D,20130315,000000,1.5,1.5,1.5,1.5,6047,0
DAM,D,20130318,000000,1.5,1.5,1.5,1.5,420,0
DAM,D,20130319,000000,1.5,1.5,1.5,1.5,1080,0
DAM,D,20130320,000000,1.5,1.5,1.5,1.5,20,0
DAM,D,20130321,000000,1.5,1.5,1.5,1.5,34,0
DAM,D,20130322,000000,1.5,1.5,1.5,1.5,114,0
DAM,D,20130325,000000,1.5,1.5,1,1,1322,0
DAM,D,20130326,000000,1.5,1.5,1.5,1.5,2316,0
DAM,D,20130327,000000,1.5,1.5,1.5,1.5,50,0
DAM,D,20130328,000000,1.5,1.5,1.5,1.5,3760,0
DAM,D,20130402,000000,1.5,1.5,1.5,1.5,5820,0
DAM,D,20130403,000000,1.5,1.5,1.5,1.5,20,0
DAM,D,20130404,000000,1.5,1.5,1.5,1.5,14,0
DAM,D,20130405,000000,1.5,1.5,1.5,1.5,20,0
DAM,D,20130408,000000,1.5,1.5,1,1,60050,0
DAM,D,20130409,000000,1,1,1,1,12736,0
DAM,D,20130410,000000,1,1,1,1,18,0
DAM,D,20130411,000000,1,1,1,1,20,0
DAM,D,20130412,000000,1,1,1,1,20,0
DAM,D,20130415,000000,1.5,1.5,1,1,9520,0
DAM,D,20130417,000000,1.5,1.5,1.5,1.5,100,0
DAM,D,20130419,000000,1.5,1.5,1.5,1.5,243,0
DAM,D,20130422,000000,1.5,1.5,1.5,1.5,20,0
DAM,D,20130423,000000,1.5,1.5,1,1,20,0
DAM,D,20130424,000000,1.5,1.5,1,1,22500,0
DAM,D,20130425,000000,1,1,0.5,1,10401,0
DAM,D,20130426,000000,1,1,1,1,18411,0
DAM,D,20130429,000000,1,1,1,1,4004,0
DAM,D,20130430,000000,1,1,1,1,304,0
DAM,D,20130502,000000,1,1,1,1,30138,0
DAM,D,20130506,000000,1,1,1,1,9700,0
DAM,D,20130507,000000,1,1,0.5,0.5,5342,0
DAM,D,20130508,000000,1,1,1,1,20994,0
DAM,D,20130509,000000,1,1,1,1,18590,0
DAM,D,20130510,000000,1,1,1,1,6610,0
DAM,D,20130513,000000,1,1,1,1,23626,0
DAM,D,20130514,000000,1,1,1,1,5012,0
DAM,D,20130515,000000,1,1,1,1,16,0
DAM,D,20130516,000000,1,1.5,1,1.5,1026,0
DAM,D,20130517,000000,1.5,1.5,1,1,11060,0
DAM,D,20130520,000000,1,1,1,1,22000,0
DAM,D,20130521,000000,1,1,1,1,200,0
DAM,D,20130522,000000,1,1,1,1,20,0
DAM,D,20130527,000000,1.5,1.5,1.5,1.5,2062,0
DAM,D,20130528,000000,1,1.5,1,1,2830,0
DAM,D,20130603,000000,1,1.5,1,1,429,0
DAM,D,20130604,000000,1,1.5,1,1,18908,0
DAM,D,20130605,000000,1,1,1,1,24121,0
DAM,D,20130606,000000,1,1,1,1,3510,0
DAM,D,20130607,000000,1,1,1,1,1800,0
DAM,D,20130610,000000,1,1,1,1,3761,0
DAM,D,20130611,000000,1,1,1,1,7972,0
DAM,D,20130612,000000,1,1,1,1,6199,0
DAM,D,20130613,000000,1,1,1,1,240,0
DAM,D,20130617,000000,1,1,1,1,10,0
DAM,D,20130618,000000,1,1,1,1,16,0
DAM,D,20130619,000000,1,1,1,1,21385,0
DAM,D,20130620,000000,1,1,1,1,8600,0
DAM,D,20130621,000000,1,1.5,1,1.5,3915,0
DAM,D,20130624,000000,1,1.5,1,1.5,933,0
DAM,D,20130625,000000,1,1,1,1,13425,0
DAM,D,20130626,000000,1,1,1,1,5599,0
DAM,D,20130628,000000,1,1,0.5,0.5,50,0
DAM,D,20130701,000000,0.5,1,0.5,1,1410,0
DAM,D,20130702,000000,1,1,1,1,1070,0
DAM,D,20130703,000000,1,1,1,1,10,0
DAM,D,20130704,000000,0.5,1,0.5,1,355,0
DAM,D,20130705,000000,1,1,1,1,10,0
DAM,D,20130708,000000,1,1,1,1,20,0
DAM,D,20130709,000000,0.5,1,0.5,1,12625,0
DAM,D,20130711,000000,1,1,1,1,320,0
DAM,D,20130712,000000,1,1,1,1,382,0
DAM,D,20130715,000000,1,1,1,1,240,0
DAM,D,20130716,000000,1,1,1,1,68,0
DAM,D,20130717,000000,1,1,1,1,220,0
DAM,D,20130718,000000,1,1,1,1,8980,0
DAM,D,20130722,000000,1,1,1,1,800,0
DAM,D,20130723,000000,1,1,0.5,0.5,59,0
DAM,D,20130724,000000,1,1,1,1,2054,0
DAM,D,20130725,000000,1,1,1,1,112,0
DAM,D,20130726,000000,0.5,1,0.5,1,113,0
DAM,D,20130729,000000,1,1,1,1,100,0
DAM,D,20130731,000000,1,1,0.5,1,5935,0
DAM,D,20130801,000000,1,1,1,1,10,0
DAM,D,20130802,000000,1,1,1,1,20,0
DAM,D,20130805,000000,1,1,1,1,8472,0
DAM,D,20130806,000000,1,1,1,1,240,0
DAM,D,20130808,000000,1,1,1,1,10,0
DAM,D,20130809,000000,0.5,1,0.5,1,240,0
DAM,D,20130812,000000,1,1,1,1,10,0
DAM,D,20130813,000000,1,1,1,1,10,0
DAM,D,20130814,000000,1,1,1,1,1880,0
DAM,D,20130816,000000,1,1,1,1,60,0
DAM,D,20130820,000000,1,1,1,1,198,0
DAM,D,20130821,000000,1,1,1,1,20,0
DAM,D,20130822,000000,1,1,1,1,28175,0
DAM,D,20130823,000000,1,1.5,1,1.5,85849,0
DAM,D,20130826,000000,1,1.5,1,1.5,105210,0
DAM,D,20130827,000000,1.5,1.5,1,1.5,1901,0
DAM,D,20130828,000000,1,1,1,1,101764,0
DAM,D,20130829,000000,1,1.5,1,1.5,25612,0
DAM,D,20130830,000000,1.5,1.5,1,1,2243,0
DAM,D,20130902,000000,1,1,1,1,68129,0
DAM,D,20130903,000000,1,1,1,1,330,0
DAM,D,20130905,000000,1,1,1,1,70,0
DAM,D,20130906,000000,1,1,1,1,9882,0
DAM,D,20130909,000000,1,1,1,1,5918,0
DAM,D,20130910,000000,1,1,1,1,700,0
DAM,D,20130912,000000,1,1,1,1,200,0
DAM,D,20130913,000000,1,1,1,1,5490,0
DAM,D,20130916,000000,1,1,1,1,12309,0
DAM,D,20130917,000000,1,1,1,1,320,0
DAM,D,20130918,000000,1,1,1,1,10,0
DAM,D,20130919,000000,1,1,1,1,54712,0
DAM,D,20130920,000000,1,1,1,1,170,0
DAM,D,20130923,000000,1,1,1,1,20,0
DAM,D,20130924,000000,1,1,1,1,212,0
DAM,D,20130925,000000,1,1,1,1,10,0
DAM,D,20130926,000000,1,1,0.5,1,2096,0
DAM,D,20130927,000000,1,1,1,1,20,0
DAM,D,20130930,000000,1,1,1,1,8400,0
DAM,D,20131001,000000,1,1,1,1,1818,0
DAM,D,20131003,000000,1,1,1,1,660,0
DAM,D,20131004,000000,1,1,1,1,23425,0
DAM,D,20131007,000000,1,1,1,1,17,0
DAM,D,20131008,000000,1,1,1,1,600,0
DAM,D,20131009,000000,1,1.5,1,1.5,6310,0
DAM,D,20131010,000000,1.5,1.5,1,1,50263,0
DAM,D,20131011,000000,1,1,1,1,100,0
DAM,D,20131014,000000,1,1,1,1,70,0
DAM,D,20131015,000000,1,1,1,1,12,0
DAM,D,20131016,000000,1,1,1,1,10,0
DAM,D,20131017,000000,1,1,1,1,1479,0
DAM,D,20131018,000000,1,1,1,1,10,0
DAM,D,20131021,000000,1.5,1.5,1.5,1.5,2,0
DAM,D,20131022,000000,1.5,1.5,1.5,1.5,695,0
DAM,D,20131023,000000,1.5,1.5,1.5,1.5,58,0
DAM,D,20131024,000000,1.5,1.5,1.5,1.5,70,0
DAM,D,20131025,000000,1.5,1.5,1.5,1.5,12,0
DAM,D,20131028,000000,1.5,1.5,1.5,1.5,118,0
DAM,D,20131029,000000,1.5,1.5,1,1.5,528,0
DAM,D,20131030,000000,1,1.5,1,1,15928,0
DAM,D,20131031,000000,1,1,1,1,1202,0
DAM,D,20131104,000000,1,1,1,1,1750,0
DAM,D,20131105,000000,1,1,1,1,12400,0
DAM,D,20131107,000000,1,1,1,1,246,0
DAM,D,20131108,000000,1,1,1,1,10120,0
DAM,D,20131112,000000,1,1,1,1,330,0
DAM,D,20131113,000000,1,1,1,1,192,0
DAM,D,20131114,000000,1,1,1,1,2100,0
DAM,D,20131118,000000,1,1,1,1,4363,0
DAM,D,20131119,000000,1,1,1,1,5076,0
DAM,D,20131120,000000,1,1,1,1,40,0
DAM,D,20131121,000000,1,1,1,1,3065,0
DAM,D,20131122,000000,1,1,1,1,1182,0
DAM,D,20131125,000000,1,1,1,1,1909,0
DAM,D,20131126,000000,1,1,1,1,250,0
DAM,D,20131128,000000,1,1,1,1,10,0
DAM,D,20131129,000000,1,1,1,1,10,0
DAM,D,20131202,000000,1,1,1,1,10,0
DAM,D,20131203,000000,1,1,1,1,254,0
DAM,D,20131204,000000,1,1,1,1,68,0
DAM,D,20131205,000000,1,1,1,1,212,0
DAM,D,20131206,000000,1,1,1,1,48,0
DAM,D,20131209,000000,1,1,1,1,10,0
DAM,D,20131210,000000,1,1,0.5,0.5,21600,0
DAM,D,20131211,000000,0.5,1,0.5,1,50,0
DAM,D,20131212,000000,1,1,1,1,256,0
DAM,D,20131213,000000,1,1,1,1,10,0
DAM,D,20131216,000000,0.5,1,0.5,1,4113,0
DAM,D,20131217,000000,1,1,0.5,1,548,0
DAM,D,20131218,000000,1,1,0.5,1,143745,0
DAM,D,20131219,000000,0.5,1,0.5,1,2724,0
DAM,D,20131220,000000,1,1,0.5,1,5724,0
DAM,D,20131223,000000,0.5,0.5,0.5,0.5,2,0
DAM,D,20131227,000000,1,1,0.5,0.5,6,0
DAM,D,20131230,000000,1,1,1,1,6244,0
DAM,D,20140102,000000,0.5,1,0.5,1,1865,0
DAM,D,20140103,000000,0.5,0.5,0.5,0.5,2,0
DAM,D,20140107,000000,1,1,1,1,42,0
DAM,D,20140109,000000,1,1,1,1,152,0
DAM,D,20140110,000000,1,1,0.5,0.5,12,0
DAM,D,20140113,000000,1,1,0.5,1,98,0
DAM,D,20140115,000000,1,1,1,1,2200,0
DAM,D,20140117,000000,0.5,0.5,0.5,0.5,2,0
DAM,D,20140120,000000,1,1,1,1,12,0
DAM,D,20140123,000000,1,1,1,1,10,0
DAM,D,20140128,000000,1,1,1,1,560,0
DAM,D,20140130,000000,0.5,1,0.5,1,2938,0
DAM,D,20140203,000000,1,1,1,1,10,0
DAM,D,20140204,000000,1,1,1,1,10,0
DAM,D,20140205,000000,0.5,1,0.5,1,1060,0
DAM,D,20140206,000000,0.5,1,0.5,1,1004,0
DAM,D,20140207,000000,1,1,0.5,1,1245,0
DAM,D,20140211,000000,1,1,1,1,10,0
DAM,D,20140212,000000,1,1,1,1,12,0
DAM,D,20140214,000000,1,1,1,1,10,0
DAM,D,20140218,000000,1,1,1,1,52,0
DAM,D,20140219,000000,1,1,1,1,2100,0
DAM,D,20140220,000000,1,1,0.5,1,10270,0
DAM,D,20140221,000000,1,1,0.5,1,612,0
DAM,D,20140224,000000,1,1,1,1,12,0
DAM,D,20140225,000000,0.5,1,0.5,1,10016,0
DAM,D,20140226,000000,0.5,0.5,0.5,0.5,340,0
DAM,D,20140227,000000,1,1,1,1,14,0
DAM,D,20140228,000000,1,1,1,1,10,0
DAM,D,20140303,000000,1,1,1,1,670,0
DAM,D,20140304,000000,0.5,1,0.5,1,7104,0
DAM,D,20140306,000000,1,1,1,1,12,0
DAM,D,20140307,000000,1,1,1,1,10,0
DAM,D,20140310,000000,1,1,1,1,10,0
DAM,D,20140311,000000,1,1,1,1,12,0
DAM,D,20140313,000000,1,1,1,1,10,0
DAM,D,20140317,000000,1,1,1,1,50,0
DAM,D,20140318,000000,1,1,1,1,10,0
DAM,D,20140320,000000,0.5,1,0.5,1,392,0
DAM,D,20140321,000000,0.5,1,0.5,1,3760,0
DAM,D,20140324,000000,1,1,1,1,420,0
DAM,D,20140325,000000,0.5,1,0.5,1,20020,0
DAM,D,20140328,000000,0.5,1,0.5,1,3,0
DAM,D,20140331,000000,1,1,1,1,10,0
DAM,D,20140401,000000,1,1,0.5,1,42818,0
DAM,D,20140402,000000,1,1,1,1,10,0
DAM,D,20140403,000000,1,1,1,1,10,0
DAM,D,20140404,000000,1,1,1,1,10,0
DAM,D,20140407,000000,1,1,1,1,10,0
DAM,D,20140408,000000,1,1,0.5,1,20110,0
DAM,D,20140409,000000,1,1,1,1,10,0
DAM,D,20140410,000000,0.5,1,0.5,1,20432,0
DAM,D,20140411,000000,1,1,1,1,10,0
DAM,D,20140414,000000,1,1,0.5,1,1555,0
DAM,D,20140415,000000,1,1,1,1,10,0
DAM,D,20140416,000000,1,1,1,1,10,0
DAM,D,20140417,000000,1,1,1,1,10,0
DAM,D,20140422,000000,1,1,1,1,10,0
DAM,D,20140423,000000,0.5,1,0.5,1,194,0
DAM,D,20140425,000000,0.5,1,0.5,1,17881,0
DAM,D,20140428,000000,1,1,1,1,10,0
DAM,D,20140429,000000,1,1,1,1,10,0
DAM,D,20140505,000000,1,1,1,1,10,0
DAM,D,20140506,000000,1,1,1,1,10,0
DAM,D,20140507,000000,0.5,1,0.5,1,1722,0
DAM,D,20140508,000000,1,1,1,1,10,0
DAM,D,20140509,000000,1,1,1,1,150,0
DAM,D,20140512,000000,1,1,1,1,10,0
DAM,D,20140513,000000,1,1,1,1,10,0
DAM,D,20140514,000000,1,1,0.5,1,4528,0
DAM,D,20140515,000000,1,1,1,1,10,0
DAM,D,20140516,000000,1,1,1,1,10,0
DAM,D,20140519,000000,1,1,1,1,12,0
DAM,D,20140520,000000,1,1,1,1,10,0
DAM,D,20140521,000000,1,1,0.5,0.5,13102,0
DAM,D,20140522,000000,1,1,1,1,14,0
DAM,D,20140523,000000,1,1,1,1,10,0
DAM,D,20140526,000000,1,1,1,1,30,0
DAM,D,20140527,000000,1,1,0.5,1,34,0
DAM,D,20140529,000000,1,1,0.5,1,244,0
DAM,D,20140530,000000,1,1,1,1,10,0
DAM,D,20140602,000000,1,1,0.5,1,1094,0
DAM,D,20140603,000000,1,1,1,1,73,0
DAM,D,20140604,000000,0.5,1,0.5,1,96,0
DAM,D,20140605,000000,1,1,1,1,20,0
DAM,D,20140606,000000,1,1,1,1,20,0
DAM,D,20140609,000000,1,1,0.5,1,54,0
DAM,D,20140610,000000,1,1,0.5,1,2018,0
DAM,D,20140611,000000,1,1,1,1,10,0
DAM,D,20140612,000000,0.5,1,0.5,1,153,0
DAM,D,20140613,000000,1,1,1,1,10,0
DAM,D,20140616,000000,0.5,1,0.5,1,1024,0
DAM,D,20140617,000000,1,1,0.5,1,10034,0
DAM,D,20140618,000000,1,1,1,1,12,0
DAM,D,20140620,000000,1,1,1,1,12,0
DAM,D,20140623,000000,1,1,0.5,1,36,0
DAM,D,20140624,000000,1,1,1,1,12,0
DAM,D,20140625,000000,1,1,1,1,10,0
DAM,D,20140626,000000,1,1,1,1,10,0
DAM,D,20140627,000000,1,1,1,1,10,0
DAM,D,20140630,000000,1,1,1,1,10,0
DAM,D,20140701,000000,1,1,1,1,10,0
DAM,D,20140702,000000,1,1,1,1,12,0
DAM,D,20140703,000000,0.5,1,0.5,1,614,0
DAM,D,20140704,000000,1,1,1,1,12,0
DAM,D,20140707,000000,0.5,1,0.5,1,214,0
DAM,D,20140709,000000,1,1,0.5,0.5,1869,0
DAM,D,20140710,000000,0.5,1,0.5,1,814,0
DAM,D,20140711,000000,1,1,1,1,10,0
DAM,D,20140714,000000,1,1,0.5,0.5,10,0
DAM,D,20140715,000000,1,1,1,1,14,0
DAM,D,20140717,000000,1,1,1,1,10,0
DAM,D,20140718,000000,1,1,1,1,10,0
DAM,D,20140721,000000,1,1,1,1,10,0
DAM,D,20140722,000000,1,1,1,1,10,0
DAM,D,20140723,000000,1,1,1,1,10,0
DAM,D,20140724,000000,1,1,1,1,10,0
DAM,D,20140725,000000,1,1,0.5,1,23318,0
DAM,D,20140728,000000,0.5,0.5,0.5,0.5,20148,0
DAM,D,20140729,000000,0.5,0.5,0.5,0.5,22797,0
DAM,D,20140730,000000,0.5,0.5,0.5,0.5,5113,0
DAM,D,20140731,000000,0.5,0.5,0.5,0.5,490,0
DAM,D,20140801,000000,0.5,0.5,0.5,0.5,1010,0
DAM,D,20140804,000000,0.5,0.5,0.5,0.5,1700,0
DAM,D,20140805,000000,0.5,0.5,0.5,0.5,1340,0
DAM,D,20140806,000000,0.5,0.5,0.5,0.5,30,0
DAM,D,20140807,000000,0.5,0.5,0.5,0.5,20,0
DAM,D,20140808,000000,0.5,0.5,0.5,0.5,30,0
DAM,D,20140811,000000,0.5,0.5,0.5,0.5,20,0
DAM,D,20140812,000000,0.5,0.5,0.5,0.5,20,0
DAM,D,20140813,000000,0.5,0.5,0.5,0.5,1984,0
DAM,D,20140814,000000,0.5,0.5,0.5,0.5,1161,0
DAM,D,20140818,000000,0.5,0.5,0.5,0.5,240,0
DAM,D,20140820,000000,0.5,0.5,0.5,0.5,2,0
DAM,D,20140821,000000,0.5,0.5,0.5,0.5,8,0
DAM,D,20140822,000000,0.5,0.5,0.5,0.5,2,0
DAM,D,20140826,000000,0.5,0.5,0.5,0.5,598,0
DAM,D,20140827,000000,0.5,0.5,0.5,0.5,20,0
DAM,D,20140901,000000,0.5,0.5,0.5,0.5,100,0
DAM,D,20140902,000000,0.5,0.5,0.5,0.5,2,0
DAM,D,20140903,000000,0.5,0.5,0.5,0.5,44,0
DAM,D,20140904,000000,0.5,0.5,0.5,0.5,4,0
DAM,D,20140905,000000,0.5,0.5,0.5,0.5,2,0
DAM,D,20140908,000000,0.5,0.5,0.5,0.5,2,0
DAM,D,20140909,000000,0.5,0.5,0.5,0.5,42020,0
DAM,D,20140910,000000,0.5,0.5,0.5,0.5,4000,0
DAM,D,20140911,000000,0.5,0.5,0.5,0.5,95,0
DAM,D,20140912,000000,0.5,0.5,0.5,0.5,22,0
DAM,D,20140915,000000,0.5,0.5,0.5,0.5,2,0
DAM,D,20140916,000000,0.5,0.5,0.5,0.5,1802,0
DAM,D,20140917,000000,0.5,0.5,0.5,0.5,2,0
DAM,D,20140918,000000,0.5,0.5,0.5,0.5,2,0
DAM,D,20140919,000000,0.5,0.5,0.5,0.5,2,0
DAM,D,20140922,000000,0.5,0.5,0.5,0.5,2,0
DAM,D,20140923,000000,0.5,0.5,0.5,0.5,2,0
DAM,D,20140924,000000,0.5,0.5,0.5,0.5,2,0
DAM,D,20140925,000000,0.5,0.5,0.5,0.5,714,0
DAM,D,20140926,000000,0.5,0.5,0.5,0.5,2,0
DAM,D,20140929,000000,0.5,0.5,0.5,0.5,42,0
DAM,D,20140930,000000,0.5,0.5,0.5,0.5,2,0
DAM,D,20141001,000000,0.5,0.5,0.5,0.5,602,0
DAM,D,20141002,000000,0.5,0.5,0.5,0.5,1002,0
DAM,D,20141003,000000,0.5,0.5,0.5,0.5,2,0
DAM,D,20141006,000000,0.5,1,0.5,1,135284,0
DAM,D,20141007,000000,1,1,0.5,1,63239,0
DAM,D,20141008,000000,1,1,1,1,153066,0
DAM,D,20141009,000000,1,1,0.5,1,3778,0
DAM,D,20141010,000000,1,1,1,1,3734,0
DAM,D,20141013,000000,1,1.5,1,1.5,31016,0
DAM,D,20141014,000000,1.5,1.5,1.5,1.5,36800,0
DAM,D,20141015,000000,1.5,2,1.5,1.5,130936,0
DAM,D,20141016,000000,1.5,1.5,1.5,1.5,30753,0
DAM,D,20141017,000000,1.5,1.5,1.5,1.5,269,0
DAM,D,20141020,000000,1.5,1.5,1.5,1.5,60920,0
DAM,D,20141021,000000,1.5,1.5,1,1.5,38720,0
DAM,D,20141022,000000,1.5,1.5,1.5,1.5,210,0
DAM,D,20141023,000000,1.5,1.5,1.5,1.5,229,0
DAM,D,20141024,000000,1.5,1.5,1.5,1.5,33677,0
DAM,D,20141027,000000,1.5,1.5,1.5,1.5,46568,0
DAM,D,20141028,000000,1.5,1.5,1.5,1.5,8518,0
DAM,D,20141029,000000,1.5,1.5,1,1.5,2272,0
DAM,D,20141030,000000,1.5,1.5,1.5,1.5,160775,0
DAM,D,20141031,000000,1.5,1.5,1.5,1.5,3860,0
DAM,D,20141103,000000,1,1.5,1,1.5,2340,0
DAM,D,20141104,000000,1.5,1.5,1,1,81494,0
DAM,D,20141105,000000,1,1.5,1,1.5,63,0
DAM,D,20141106,000000,1,1.5,1,1.5,48630,0
DAM,D,20141107,000000,1,1.5,1,1.5,5728,0
DAM,D,20141110,000000,1.5,1.5,1.5,1.5,10,0
DAM,D,20141112,000000,1.5,1.5,1,1.5,1439,0
DAM,D,20141113,000000,1.5,1.5,1,1.5,10350,0
DAM,D,20141114,000000,1.5,1.5,1.5,1.5,10,0
DAM,D,20141117,000000,1,1.5,1,1.5,3656,0
DAM,D,20141118,000000,1,1.5,1,1.5,2184,0
DAM,D,20141119,000000,1.5,1.5,1,1.5,54,0
DAM,D,20141120,000000,1,1.5,1,1.5,218,0
DAM,D,20141121,000000,1,1.5,0.5,0.5,12857,0
DAM,D,20141124,000000,1,1.5,1,1.5,5140,0
DAM,D,20141125,000000,1,1.5,1,1.5,328,0
DAM,D,20141126,000000,1,1.5,1,1.5,11532,0
DAM,D,20141127,000000,1.5,1.5,1,1,400,0
DAM,D,20141128,000000,1,1.5,1,1,12855,0
DAM,D,20141201,000000,1,1,1,1,3864,0
DAM,D,20141202,000000,1,1.5,1,1.5,23802,0
DAM,D,20141203,000000,1,1.5,1,1.5,3100,0
DAM,D,20141204,000000,1.5,1.5,1,1,1324,0
DAM,D,20141205,000000,1,1,1,1,20,0
DAM,D,20141208,000000,1,1,1,1,20,0
DAM,D,20141209,000000,1,1,1,1,20,0
DAM,D,20141210,000000,1,1,1,1,4300,0
DAM,D,20141211,000000,1,1,1,1,1610,0
DAM,D,20141212,000000,1,1,1,1,12,0
DAM,D,20141216,000000,1,1,1,1,230,0
DAM,D,20141217,000000,0.5,1,0.5,1,112,0
DAM,D,20141218,000000,1,1,1,1,30,0
DAM,D,20141219,000000,1,1,1,1,14,0
DAM,D,20141223,000000,0.5,1,0.5,1,230,0
DAM,D,20141229,000000,0.5,1,0.5,1,480,0
DAM,D,20141230,000000,0.5,0.5,0.5,0.5,0,0
DAM,D,20150102,000000,1,1,1,1,12,0
DAM,D,20150105,000000,1,1,1,1,10,0
DAM,D,20150107,000000,1,1,1,1,12,0
DAM,D,20150108,000000,1,1,1,1,10,0
DAM,D,20150109,000000,1,1,1,1,10,0
DAM,D,20150112,000000,1,1,1,1,10,0
DAM,D,20150113,000000,1,1,1,1,12,0
DAM,D,20150114,000000,0.5,1,0.5,1,220,0
DAM,D,20150115,000000,0.5,0.5,0.5,0.5,400,0
DAM,D,20150116,000000,1,1,1,1,12,0
DAM,D,20150119,000000,1,1,1,1,1012,0
DAM,D,20150120,000000,1,1,1,1,1000,0
DAM,D,20150121,000000,1,1,1,1,10,0
DAM,D,20150122,000000,1,1,1,1,12,0
DAM,D,20150123,000000,1,1,1,1,12,0
DAM,D,20150126,000000,0.5,1,0.5,1,1470,0
DAM,D,20150127,000000,1,1,1,1,10,0
DAM,D,20150128,000000,1,1,1,1,1046,0
DAM,D,20150129,000000,1,1,1,1,10,0
DAM,D,20150130,000000,1,1,1,1,310,0
DAM,D,20150206,000000,0.5,0.5,0.5,0.5,800,0
DAM,D,20150211,000000,0.5,0.5,0.5,0.5,100,0
DAM,D,20150213,000000,1,1,1,1,12464,0
DAM,D,20150216,000000,1,1,1,1,10,0
DAM,D,20150217,000000,1,1,1,1,6400,0
DAM,D,20150218,000000,1,1,1,1,6122,0
DAM,D,20150219,000000,1,1,1,1,20,0
DAM,D,20150220,000000,1,1,1,1,10,0
DAM,D,20150223,000000,1,1,1,1,127,0
DAM,D,20150224,000000,1,1,1,1,10,0
DAM,D,20150225,000000,1,1,1,1,10,0
DAM,D,20150226,000000,1,1,1,1,12,0
DAM,D,20150227,000000,1,1,1,1,10,0
DAM,D,20150302,000000,1,1,1,1,10,0
DAM,D,20150303,000000,1,1,0.5,1,615,0
DAM,D,20150304,000000,1,1,1,1,632,0
DAM,D,20150305,000000,1,1,0.5,1,308673,0
DAM,D,20150306,000000,1,1,1,1,2312,0
DAM,D,20150309,000000,1,1,1,1,212,0
DAM,D,20150310,000000,1,1,1,1,62,0
DAM,D,20150311,000000,1,1,1,1,12,0
DAM,D,20150312,000000,1,1,1,1,104,0
DAM,D,20150313,000000,1,1,1,1,1752,0
DAM,D,20150316,000000,1,1,1,1,337,0
DAM,D,20150317,000000,1,1,1,1,12,0
DAM,D,20150318,000000,1,1,0.5,0.5,12,0
DAM,D,20150320,000000,1,1,1,1,2,0
DAM,D,20150323,000000,1,1,1,1,12,0
DAM,D,20150324,000000,1,1,1,1,12,0
DAM,D,20150325,000000,0.5,0.5,0.5,0.5,6655,0
DAM,D,20150326,000000,0.5,0.5,0.5,0.5,10,0
DAM,D,20150330,000000,1,1,1,1,12,0
DAM,D,20150331,000000,1,1,0.5,0.5,90,0
DAM,D,20150402,000000,1,1,1,1,12,0
DAM,D,20150407,000000,1,1,1,1,10,0
DAM,D,20150409,000000,1,1,0.5,0.5,1121,0
DAM,D,20150413,000000,1,1,0.5,0.5,9660,0
DAM,D,20150414,000000,1,1,1,1,10,0
DAM,D,20150415,000000,1,1,1,1,10,0
DAM,D,20150416,000000,1,1,1,1,10,0
DAM,D,20150417,000000,0.5,0.5,0.5,0.5,969,0
DAM,D,20150422,000000,0.5,0.5,0.5,0.5,5370,0
DAM,D,20150424,000000,0.5,0.5,0.5,0.5,1850,0
DAM,D,20150427,000000,0.5,0.5,0.5,0.5,20,0
DAM,D,20150428,000000,0.5,1,0.5,1,414,0
DAM,D,20150429,000000,1,1,1,1,20,0
DAM,D,20150430,000000,1,1,1,1,10,0
DAM,D,20150504,000000,1,1,1,1,10,0
DAM,D,20150505,000000,1,1,1,1,10,0
DAM,D,20150506,000000,1,1,1,1,10,0
DAM,D,20150507,000000,1,1,1,1,10,0
DAM,D,20150508,000000,1,1,1,1,10,0
DAM,D,20150511,000000,1,1,1,1,10,0
DAM,D,20150512,000000,1,1,1,1,10,0
DAM,D,20150513,000000,1,1,1,1,10,0
DAM,D,20150514,000000,1,1,1,1,10,0
DAM,D,20150515,000000,1,1,1,1,10,0
DAM,D,20150518,000000,1,1,1,1,10,0
DAM,D,20150519,000000,1,1,1,1,10,0
DAM,D,20150520,000000,1,1,1,1,10,0
DAM,D,20150521,000000,1,1,1,1,10,0
DAM,D,20150522,000000,0.5,0.5,0.5,0.5,589,0
DAM,D,20150525,000000,1,1,1,1,212,0
DAM,D,20150526,000000,0.5,0.5,0.5,0.5,597,0
DAM,D,20150528,000000,0.5,0.5,0.5,0.5,10,0
DAM,D,20150529,000000,0.5,0.5,0.5,0.5,20,0
DAM,D,20150601,000000,0.5,0.5,0.5,0.5,10,0
DAM,D,20150602,000000,0.5,0.5,0.5,0.5,10,0
DAM,D,20150603,000000,0.5,0.5,0.5,0.5,10,0
DAM,D,20150608,000000,0.5,0.5,0.5,0.5,2400,0
DAM,D,20150609,000000,0.5,0.5,0.5,0.5,6400,0
DAM,D,20150611,000000,0.5,0.5,0.5,0.5,20,0
DAM,D,20150612,000000,0.5,0.5,0.5,0.5,10,0
DAM,D,20150615,000000,0.5,0.5,0.5,0.5,360,0
DAM,D,20150618,000000,0.5,0.5,0.5,0.5,10,0
DAM,D,20150619,000000,1,1,1,1,9,0
DAM,D,20150622,000000,1,1,1,1,8,0
DAM,D,20150624,000000,0.5,0.5,0.5,0.5,10200,0
DAM,D,20150626,000000,0.5,0.5,0.5,0.5,93183,0
DAM,D,20150629,000000,0.5,0.5,0.5,0.5,1840,0
DAM,D,20150630,000000,0.5,0.5,0.5,0.5,3800,0
DAM,D,20150701,000000,0.5,0.5,0.5,0.5,1000,0
DAM,D,20150702,000000,0.5,0.5,0.5,0.5,2000,0
DAM,D,20150703,000000,0.5,0.5,0.5,0.5,10000,0
DAM,D,20150706,000000,0.5,0.5,0.5,0.5,52,0
DAM,D,20150707,000000,0.5,0.5,0.5,0.5,3310,0
DAM,D,20150708,000000,0.5,0.5,0.5,0.5,3528,0
DAM,D,20150709,000000,0.5,0.5,0.5,0.5,5333,0
DAM,D,20150710,000000,0.5,0.5,0.5,0.5,2000,0
DAM,D,20150713,000000,0.5,0.5,0.5,0.5,10,0
DAM,D,20150714,000000,1,1,1,1,2140,0
DAM,D,20150715,000000,1,1,0.5,0.5,107,0
DAM,D,20150717,000000,1,1,0.5,0.5,17526,0
DAM,D,20150720,000000,0.5,0.5,0.5,0.5,4602,0
DAM,D,20150721,000000,0.5,0.5,0.5,0.5,8020,0
DAM,D,20150722,000000,0.5,0.5,0.5,0.5,40,0
DAM,D,20150727,000000,0.5,0.5,0.5,0.5,1060,0
DAM,D,20150728,000000,0.5,0.5,0.5,0.5,9604,0
DAM,D,20150729,000000,0.5,0.5,0.5,0.5,13814,0
DAM,D,20150731,000000,0.5,0.5,0.5,0.5,3,0
DAM,D,20150803,000000,0.5,0.5,0.5,0.5,60000,0
DAM,D,20150804,000000,0.5,0.5,0.5,0.5,400,0
DAM,D,20150805,000000,0.5,0.5,0.5,0.5,10,0
DAM,D,20150806,000000,0.5,0.5,0.5,0.5,600,0
DAM,D,20150807,000000,0.5,0.5,0.5,0.5,506,0
DAM,D,20150810,000000,0.5,0.5,0.5,0.5,1010,0
DAM,D,20150811,000000,0.5,0.5,0.5,0.5,300,0
DAM,D,20150812,000000,0.5,0.5,0.5,0.5,1590,0
DAM,D,20150813,000000,0.5,0.5,0.5,0.5,8,0
DAM,D,20150814,000000,0.5,0.5,0.5,0.5,6,0
DAM,D,20150817,000000,0.5,0.5,0.5,0.5,29,0
DAM,D,20150818,000000,0.5,0.5,0.5,0.5,6,0
DAM,D,20150825,000000,0.5,0.5,0.5,0.5,7020,0
DAM,D,20150826,000000,0.5,0.5,0.5,0.5,5,0
DAM,D,20150827,000000,0.5,0.5,0.5,0.5,5,0
DAM,D,20150828,000000,0.5,0.5,0.5,0.5,6,0
DAM,D,20150831,000000,0.5,0.5,0.5,0.5,4,0
DAM,D,20150901,000000,0.5,0.5,0.5,0.5,3606,0
DAM,D,20150903,000000,0.5,0.5,0.5,0.5,2006,0
DAM,D,20150904,000000,0.5,0.5,0.5,0.5,4,0
DAM,D,20150907,000000,0.5,0.5,0.5,0.5,410,0
DAM,D,20150908,000000,0.5,0.5,0.5,0.5,110,0
DAM,D,20150909,000000,0.5,0.5,0.5,0.5,6,0
DAM,D,20150910,000000,0.5,0.5,0.5,0.5,1006,0
DAM,D,20150911,000000,0.5,0.5,0.5,0.5,6,0
DAM,D,20150914,000000,0.5,0.5,0.5,0.5,6,0
DAM,D,20150915,000000,0.5,0.5,0.5,0.5,6,0
DAM,D,20150916,000000,0.5,0.5,0.5,0.5,6,0
DAM,D,20150917,000000,0.5,0.5,0.5,0.5,6,0
DAM,D,20150918,000000,0.5,0.5,0.5,0.5,5006,0
DAM,D,20150921,000000,0.5,0.5,0.5,0.5,4,0
DAM,D,20150922,000000,0.5,0.5,0.5,0.5,4,0
DAM,D,20150923,000000,0.5,0.5,0.5,0.5,6,0
DAM,D,20150924,000000,0.5,0.5,0.5,0.5,6,0
DAM,D,20150925,000000,0.5,0.5,0.5,0.5,6,0
DAM,D,20150928,000000,0.5,0.5,0.5,0.5,6,0
DAM,D,20150929,000000,0.5,0.5,0.5,0.5,6,0
DAM,D,20150930,000000,0.5,0.5,0.5,0.5,6,0
DAM,D,20151001,000000,0.5,0.5,0.5,0.5,6,0
DAM,D,20151002,000000,0.5,0.5,0.5,0.5,6,0
DAM,D,20151005,000000,0.5,0.5,0.5,0.5,6,0
DAM,D,20151006,000000,0.5,0.5,0.5,0.5,6,0
DAM,D,20151007,000000,0.5,0.5,0.5,0.5,66,0
DAM,D,20151008,000000,0.5,0.5,0.5,0.5,3826,0
DAM,D,20151009,000000,0.5,0.5,0.5,0.5,6,0
DAM,D,20151012,000000,0.5,0.5,0.5,0.5,166,0
DAM,D,20151013,000000,0.5,0.5,0.5,0.5,6,0
DAM,D,20151014,000000,0.5,0.5,0.5,0.5,6,0
DAM,D,20151015,000000,0.5,0.5,0.5,0.5,308,0
DAM,D,20151016,000000,0.5,0.5,0.5,0.5,106,0
DAM,D,20151019,000000,0.5,0.5,0.5,0.5,6,0
DAM,D,20151020,000000,0.5,0.5,0.5,0.5,6,0
DAM,D,20151021,000000,0.5,0.5,0.5,0.5,43977,0
DAM,D,20151022,000000,0.5,1,0.5,0.5,93213,0
DAM,D,20151023,000000,0.5,1,0.5,0.5,63136,0
DAM,D,20151026,000000,0.5,0.5,0.5,0.5,6880,0
DAM,D,20151027,000000,0.5,0.5,0.5,0.5,1210,0
DAM,D,20151029,000000,0.5,0.5,0.5,0.5,6,0
DAM,D,20151030,000000,0.5,0.5,0.5,0.5,6,0
DAM,D,20151102,000000,0.5,0.5,0.5,0.5,15790,0
DAM,D,20151103,000000,0.5,0.5,0.5,0.5,9144,0
DAM,D,20151104,000000,0.5,0.5,0.5,0.5,390,0
DAM,D,20151106,000000,0.5,0.5,0.5,0.5,5060,0
DAM,D,20151109,000000,0.5,0.5,0.5,0.5,190,0
DAM,D,20151112,000000,0.5,0.5,0.5,0.5,388,0
DAM,D,20151113,000000,0.5,0.5,0.5,0.5,4718,0
DAM,D,20151116,000000,0.5,0.5,0.5,0.5,800,0
DAM,D,20151117,000000,0.5,0.5,0.5,0.5,27049,0
DAM,D,20151118,000000,0.5,0.5,0.5,0.5,2000,0
DAM,D,20151119,000000,0.5,1,0.5,1,3010,0
DAM,D,20151120,000000,0.5,1,0.5,1,204,0
DAM,D,20151124,000000,0.5,0.5,0.5,0.5,2471,0
DAM,D,20151125,000000,0.5,0.5,0.5,0.5,123,0
DAM,D,20151202,000000,0.5,0.5,0.5,0.5,6,0
DAM,D,20151203,000000,0.5,0.5,0.5,0.5,6,0
DAM,D,20151204,000000,0.5,0.5,0.5,0.5,6,0
DAM,D,20151207,000000,0.5,0.5,0.5,0.5,6,0
DAM,D,20151208,000000,0.5,0.5,0.5,0.5,6,0
DAM,D,20151210,000000,0.5,0.5,0.5,0.5,6,0
DAM,D,20151211,000000,0.5,0.5,0.5,0.5,6,0
DAM,D,20151214,000000,0.5,0.5,0.5,0.5,6,0
DAM,D,20151215,000000,0.5,0.5,0.5,0.5,6,0
DAM,D,20151216,000000,0.5,0.5,0.5,0.5,6,0
DAM,D,20151217,000000,0.5,0.5,0.5,0.5,4,0
DAM,D,20151221,000000,0.5,0.5,0.5,0.5,6,0
DAM,D,20151228,000000,0.5,0.5,0.5,0.5,75,0
DAM,D,20151229,000000,0.5,0.5,0.5,0.5,859,0
DAM,D,20151230,000000,0.5,0.5,0.5,0.5,49,0
DAM,D,20160104,000000,0.5,0.5,0.5,0.5,200,0
DAM,D,20160105,000000,0.5,0.5,0.5,0.5,242,0
DAM,D,20160111,000000,0.5,0.5,0.5,0.5,16,0
DAM,D,20160113,000000,0.5,0.5,0.5,0.5,8,0
DAM,D,20160114,000000,0.5,0.5,0.5,0.5,6,0
DAM,D,20160115,000000,0.5,0.5,0.5,0.5,6,0
DAM,D,20160118,000000,0.5,0.5,0.5,0.5,198,0
DAM,D,20160119,000000,0.5,0.5,0.5,0.5,194,0
DAM,D,20160125,000000,0.5,0.5,0.5,0.5,0,0
DAM,D,20160126,000000,0.5,0.5,0.5,0.5,30,0
DAM,D,20160215,000000,0.5,0.5,0.5,0.5,400,0
DAM,D,20160216,000000,0.5,0.5,0.5,0.5,2,0
DAM,D,20160217,000000,0.5,0.5,0.5,0.5,2,0
DAM,D,20160218,000000,0.5,0.5,0.5,0.5,2,0
DAM,D,20160219,000000,0.5,0.5,0.5,0.5,2,0
DAM,D,20160226,000000,0.5,0.5,0.5,0.5,10,0
DAM,D,20160302,000000,0.5,0.5,0.5,0.5,324,0
DAM,D,20160308,000000,0.5,0.5,0.5,0.5,4,0
DAM,D,20160310,000000,0.5,0.5,0.5,0.5,200,0
DAM,D,20160311,000000,0.5,0.5,0.5,0.5,600,0
DAM,D,20160316,000000,0.5,0.5,0.5,0.5,2,0
DAM,D,20160317,000000,0.5,0.5,0.5,0.5,6,0
DAM,D,20160323,000000,0.5,0.5,0.5,0.5,4,0
DAM,D,20160329,000000,0.5,0.5,0.5,0.5,4,0
DAM,D,20160331,000000,0.5,0.5,0.5,0.5,600,0
DAM,D,20160401,000000,0.5,0.5,0.5,0.5,4,0
DAM,D,20160408,000000,0.5,0.5,0.5,0.5,4,0
DAM,D,20160411,000000,0.5,0.5,0.5,0.5,4,0
DAM,D,20160415,000000,0.5,0.5,0.5,0.5,4,0
DAM,D,20160418,000000,0.5,0.5,0.5,0.5,406,0
DAM,D,20160419,000000,0.5,0.5,0.5,0.5,4,0
DAM,D,20160421,000000,0.5,0.5,0.5,0.5,4,0
DAM,D,20160428,000000,0.5,0.5,0.5,0.5,4,0
DAM,D,20160502,000000,0.5,0.5,0.5,0.5,3100,0
DAM,D,20160504,000000,0.5,0.5,0.5,0.5,60700,0
DAM,D,20160505,000000,0.5,0.5,0.5,0.5,4,0
DAM,D,20160509,000000,0.5,0.5,0.5,0.5,4,0
DAM,D,20160510,000000,0.5,0.5,0.5,0.5,34,0
DAM,D,20160511,000000,0.5,0.5,0.5,0.5,105543,0
DAM,D,20160512,000000,0.5,0.5,0.5,0.5,3817,0
DAM,D,20160513,000000,0.5,0.5,0.5,0.5,1300,0
DAM,D,20160516,000000,0.5,0.5,0.5,0.5,218,0
DAM,D,20160517,000000,0.5,0.5,0.5,0.5,4,0
DAM,D,20160518,000000,0.5,0.5,0.5,0.5,4,0
DAM,D,20160519,000000,0.5,0.5,0.5,0.5,191,0
DAM,D,20160520,000000,0.5,0.5,0.5,0.5,4,0
DAM,D,20160524,000000,0.5,0.5,0.5,0.5,4,0
DAM,D,20160525,000000,0.5,0.5,0.5,0.5,4,0
DAM,D,20160527,000000,0.5,0.5,0.5,0.5,4,0
DAM,D,20160530,000000,0.5,0.5,0.5,0.5,4,0
DAM,D,20160531,000000,0.5,0.5,0.5,0.5,200,0
DAM,D,20160601,000000,0.5,0.5,0.5,0.5,4,0
DAM,D,20160606,000000,0.5,0.5,0.5,0.5,4,0
DAM,D,20160607,000000,0.5,0.5,0.5,0.5,4,0
DAM,D,20160608,000000,0.5,0.5,0.5,0.5,4,0
DAM,D,20160609,000000,0.5,0.5,0.5,0.5,33682,0
DAM,D,20160610,000000,0.5,0.5,0.5,0.5,2400,0
DAM,D,20160614,000000,0.5,0.5,0.5,0.5,20,0
DAM,D,20160617,000000,0.5,0.5,0.5,0.5,4,0
DAM,D,20160620,000000,0.5,0.5,0.5,0.5,32,0
DAM,D,20160622,000000,0.5,0.5,0.5,0.5,50,0
DAM,D,20160629,000000,0.5,0.5,0.5,0.5,6,0
DAM,D,20160630,000000,0.5,0.5,0.5,0.5,4,0
DAM,D,20160701,000000,0.5,0.5,0.5,0.5,96,0
DAM,D,20160715,000000,0.5,0.5,0.5,0.5,6,0
DAM,D,20160719,000000,0.5,0.5,0.5,0.5,6,0
DAM,D,20160721,000000,0.5,0.5,0.5,0.5,340,0
DAM,D,20160725,000000,0.5,0.5,0.5,0.5,206,0
DAM,D,20160729,000000,0.5,0.5,0.5,0.5,6,0
DAM,D,20160801,000000,0.5,0.5,0.5,0.5,4,0
DAM,D,20160802,000000,0.5,0.5,0.5,0.5,304,0
DAM,D,20160803,000000,0.5,0.5,0.5,0.5,6,0
DAM,D,20160804,000000,0.5,0.5,0.5,0.5,2004,0
DAM,D,20160805,000000,0.5,0.5,0.5,0.5,660,0
DAM,D,20160808,000000,0.5,0.5,0.5,0.5,6,0
DAM,D,20160809,000000,0.5,0.5,0.5,0.5,116,0
DAM,D,20160810,000000,0.5,0.5,0.5,0.5,1606,0
DAM,D,20160811,000000,0.5,0.5,0.5,0.5,800,0
DAM,D,20160812,000000,0.5,0.5,0.5,0.5,20007,0
DAM,D,20160819,000000,0.5,0.5,0.5,0.5,100,0
DAM,D,20160822,000000,0.5,0.5,0.5,0.5,760,0
DAM,D,20160823,000000,0.5,0.5,0.5,0.5,930,0
DAM,D,20160824,000000,0.5,0.5,0.5,0.5,600,0
DAM,D,20160830,000000,0.5,0.5,0.5,0.5,6,0
DAM,D,20160901,000000,0.5,0.5,0.5,0.5,6,0
DAM,D,20160905,000000,0.5,0.5,0.5,0.5,4010,0
DAM,D,20160906,000000,0.5,0.5,0.5,0.5,7,0
DAM,D,20160907,000000,0.5,0.5,0.5,0.5,6,0
DAM,D,20160908,000000,0.5,0.5,0.5,0.5,476,0
DAM,D,20160909,000000,0.5,0.5,0.5,0.5,678,0
DAM,D,20160912,000000,0.5,0.5,0.5,0.5,2007,0
DAM,D,20160913,000000,0.5,0.5,0.5,0.5,7,0
DAM,D,20160915,000000,0.5,0.5,0.5,0.5,1207,0
DAM,D,20160916,000000,0.5,0.5,0.5,0.5,7,0
DAM,D,20160919,000000,0.5,0.5,0.5,0.5,7,0
DAM,D,20160920,000000,0.5,0.5,0.5,0.5,7,0
DAM,D,20160921,000000,0.5,0.5,0.5,0.5,200,0
DAM,D,20160923,000000,0.5,0.5,0.5,0.5,7,0
DAM,D,20160926,000000,0.5,0.5,0.5,0.5,1913,0
DAM,D,20160928,000000,0.5,0.5,0.5,0.5,5,0
DAM,D,20160930,000000,0.5,0.5,0.5,0.5,7,0
DAM,D,20161005,000000,0.5,0.5,0.5,0.5,4,0
DAM,D,20161006,000000,0.5,0.5,0.5,0.5,4,0
DAM,D,20161007,000000,0.5,0.5,0.5,0.5,105,0
DAM,D,20161010,000000,0.5,0.5,0.5,0.5,6,0
DAM,D,20161011,000000,0.5,0.5,0.5,0.5,5,0
DAM,D,20161012,000000,0.5,0.5,0.5,0.5,5,0
DAM,D,20161013,000000,0.5,0.5,0.5,0.5,704,0
DAM,D,20161014,000000,0.5,0.5,0.5,0.5,5,0
DAM,D,20161017,000000,0.5,0.5,0.5,0.5,5,0
DAM,D,20161018,000000,0.5,0.5,0.5,0.5,205,0
DAM,D,20161019,000000,0.5,0.5,0.5,0.5,6,0
DAM,D,20161020,000000,0.5,0.5,0.5,0.5,5,0
DAM,D,20161021,000000,0.5,0.5,0.5,0.5,27,0
DAM,D,20161024,000000,0.5,0.5,0.5,0.5,7,0
DAM,D,20161025,000000,0.5,0.5,0.5,0.5,5,0
DAM,D,20161026,000000,0.5,0.5,0.5,0.5,3,0
DAM,D,20161027,000000,0.5,0.5,0.5,0.5,3,0
DAM,D,20161028,000000,0.5,0.5,0.5,0.5,3,0
DAM,D,20161031,000000,0.5,0.5,0.5,0.5,3,0
DAM,D,20161102,000000,0.5,0.5,0.5,0.5,3,0
DAM,D,20161103,000000,0.5,0.5,0.5,0.5,3,0
DAM,D,20161104,000000,0.5,0.5,0.5,0.5,6,0
DAM,D,20161107,000000,0.5,0.5,0.5,0.5,3,0
DAM,D,20161108,000000,0.5,0.5,0.5,0.5,3,0
DAM,D,20161109,000000,0.5,0.5,0.5,0.5,3,0
DAM,D,20161110,000000,0.5,0.5,0.5,0.5,3,0
DAM,D,20161114,000000,0.5,0.5,0.5,0.5,3,0
DAM,D,20161115,000000,0.5,0.5,0.5,0.5,3,0
DAM,D,20161116,000000,0.5,0.5,0.5,0.5,3,0
DAM,D,20161117,000000,0.5,0.5,0.5,0.5,3,0
DAM,D,20161121,000000,0.5,0.5,0.5,0.5,3,0
DAM,D,20161122,000000,0.5,0.5,0.5,0.5,3,0
DAM,D,20161123,000000,0.5,0.5,0.5,0.5,3,0
DAM,D,20161124,000000,0.5,0.5,0.5,0.5,3,0
DAM,D,20161125,000000,0.5,0.5,0.5,0.5,163,0
DAM,D,20161128,000000,0.5,0.5,0.5,0.5,3,0
DAM,D,20161129,000000,0.5,0.5,0.5,0.5,603,0
DAM,D,20161130,000000,0.5,0.5,0.5,0.5,3,0
DAM,D,20161201,000000,0.5,0.5,0.5,0.5,406,0
DAM,D,20161202,000000,0.5,0.5,0.5,0.5,3504,0
DAM,D,20161205,000000,0.5,0.5,0.5,0.5,105,0
DAM,D,20161206,000000,0.5,0.5,0.5,0.5,5,0
DAM,D,20161207,000000,0.5,0.5,0.5,0.5,3,0
DAM,D,20161208,000000,0.5,0.5,0.5,0.5,60309,0
DAM,D,20161209,000000,0.5,0.5,0.5,0.5,5,0
DAM,D,20161212,000000,0.5,0.5,0.5,0.5,990,0
DAM,D,20161213,000000,0.5,0.5,0.5,0.5,45,0
DAM,D,20161214,000000,0.5,0.5,0.5,0.5,59,0
DAM,D,20161215,000000,0.5,0.5,0.5,0.5,3,0
DAM,D,20161216,000000,0.5,0.5,0.5,0.5,3,0
DAM,D,20161219,000000,0.5,0.5,0.5,0.5,3,0
DAM,D,20161220,000000,0.5,0.5,0.5,0.5,2003,0
DAM,D,20161221,000000,0.5,0.5,0.5,0.5,3,0
DAM,D,20161222,000000,0.5,0.5,0.5,0.5,118798,0
DAM,D,20161223,000000,0.5,0.5,0.5,0.5,1000,0
DAM,D,20161227,000000,0.5,0.5,0.5,0.5,8602,0
DAM,D,20161228,000000,0.5,0.5,0.5,0.5,1940,0
DAM,D,20161229,000000,0.5,0.5,0.5,0.5,4000,0
DAM,D,20161230,000000,0.5,0.5,0.5,0.5,13,0
DAM,D,20170113,000000,0.5,0.5,0.5,0.5,20000,0
DAM,D,20170116,000000,0.5,0.5,0.5,0.5,12046,0
DAM,D,20170118,000000,0.5,0.5,0.5,0.5,3800,0
DAM,D,20170119,000000,0.5,0.5,0.5,0.5,5324,0
DAM,D,20170120,000000,0.5,0.5,0.5,0.5,8000,0
DAM,D,20170125,000000,0.5,0.5,0.5,0.5,400,0
DAM,D,20170131,000000,0.5,0.5,0.5,0.5,7704,0
DAM,D,20170201,000000,0.5,0.5,0.5,0.5,5212,0
DAM,D,20170202,000000,0.5,0.5,0.5,0.5,1941,0
DAM,D,20170203,000000,0.5,0.5,0.5,0.5,2063,0
DAM,D,20170206,000000,0.5,0.5,0.5,0.5,4552,0
DAM,D,20170207,000000,0.5,0.5,0.5,0.5,1009,0
DAM,D,20170208,000000,0.5,0.5,0.5,0.5,2800,0
DAM,D,20170209,000000,0.5,0.5,0.5,0.5,200,0
DAM,D,20170213,000000,0.5,0.5,0.5,0.5,6,0
DAM,D,20170214,000000,0.5,0.5,0.5,0.5,676,0
DAM,D,20170223,000000,0.5,0.5,0.5,0.5,2000,0
DAM,D,20170224,000000,0.5,0.5,0.5,0.5,100,0
DAM,D,20170227,000000,0.5,0.5,0.5,0.5,6036,0
DAM,D,20170310,000000,0.5,0.5,0.5,0.5,60,0
DAM,D,20170315,000000,0.5,0.5,0.5,0.5,200,0
DAM,D,20170328,000000,0.5,0.5,0.5,0.5,40,0
DAM,D,20170330,000000,0.5,0.5,0.5,0.5,611,0
DAM,D,20170331,000000,0.5,0.5,0.5,0.5,238,0
DAM,D,20170418,000000,0.5,0.5,0.5,0.5,56,0
DAM,D,20170419,000000,0.5,0.5,0.5,0.5,274,0
DAM,D,20170425,000000,0.5,0.5,0.5,0.5,140,0
DAM,D,20170426,000000,0.5,0.5,0.5,0.5,4,0
DAM,D,20170427,000000,0.5,0.5,0.5,0.5,108,0
DAM,D,20170517,000000,0.5,0.5,0.5,0.5,4,0
DAM,D,20170518,000000,0.5,0.5,0.5,0.5,4,0
DAM,D,20170519,000000,0.5,0.5,0.5,0.5,340,0
DAM,D,20170523,000000,0.5,0.5,0.5,0.5,6,0
DAM,D,20170524,000000,0.5,0.5,0.5,0.5,6,0
DAM,D,20170525,000000,0.5,0.5,0.5,0.5,4,0
DAM,D,20170529,000000,0.5,0.5,0.5,0.5,4,0
DAM,D,20170601,000000,0.5,0.5,0.5,0.5,194,0
DAM,D,20170616,000000,0.5,0.5,0.5,0.5,111,0
DAM,D,20170619,000000,0.5,0.5,0.5,0.5,4,0
DAM,D,20170620,000000,0.5,0.5,0.5,0.5,80,0
DAM,D,20170621,000000,0.5,0.5,0.5,0.5,200,0
DAM,D,20170626,000000,0.5,0.5,0.5,0.5,10,0
DAM,D,20170627,000000,0.5,0.5,0.5,0.5,10,0
DAM,D,20170628,000000,0.5,0.5,0.5,0.5,6,0
DAM,D,20170629,000000,0.5,0.5,0.5,0.5,2000,0
DAM,D,20170630,000000,0.5,0.5,0.5,0.5,1010,0
DAM,D,20170704,000000,0.5,0.5,0.5,0.5,10,0
DAM,D,20170706,000000,0.5,0.5,0.5,0.5,6,0
DAM,D,20170711,000000,0.5,0.5,0.5,0.5,2,0
DAM,D,20170718,000000,0.5,0.5,0.5,0.5,62,0
DAM,D,20170721,000000,0.5,0.5,0.5,0.5,200,0
DAM,D,20170724,000000,0.5,0.5,0.5,0.5,1200,0
DAM,D,20170725,000000,0.5,0.5,0.5,0.5,2,0
DAM,D,20170801,000000,0.5,0.5,0.5,0.5,3000,0
DAM,D,20170802,000000,0.5,0.5,0.5,0.5,6073,0
DAM,D,20170803,000000,0.5,0.5,0.5,0.5,456,0
DAM,D,20170804,000000,0.5,0.5,0.5,0.5,7800,0
DAM,D,20170807,000000,0.5,0.5,0.5,0.5,400,0
DAM,D,20170809,000000,0.5,0.5,0.5,0.5,3400,0
DAM,D,20170811,000000,0.5,0.5,0.5,0.5,7000,0
DAM,D,20170814,000000,0.5,0.5,0.5,0.5,200,0
DAM,D,20170818,000000,0.5,0.5,0.5,0.5,4,0
DAM,D,20170821,000000,0.5,0.5,0.5,0.5,30,0
DAM,D,20170822,000000,0.5,0.5,0.5,0.5,10,0
DAM,D,20170823,000000,0.5,0.5,0.5,0.5,10,0
DAM,D,20170824,000000,0.5,0.5,0.5,0.5,6,0
DAM,D,20170825,000000,0.5,0.5,0.5,0.5,6,0
DAM,D,20170828,000000,0.5,0.5,0.5,0.5,60002,0
DAM,D,20170829,000000,0.5,0.5,0.5,0.5,10237,0
DAM,D,20170901,000000,0.5,0.5,0.5,0.5,170,0
DAM,D,20170904,000000,0.5,0.5,0.5,0.5,417,0
DAM,D,20170906,000000,0.5,0.5,0.5,0.5,342,0
DAM,D,20170907,000000,0.5,0.5,0.5,0.5,33,0
DAM,D,20170908,000000,0.5,0.5,0.5,0.5,347,0
DAM,D,20170911,000000,0.5,0.5,0.5,0.5,3,0
DAM,D,20170912,000000,0.5,0.5,0.5,0.5,4,0
DAM,D,20170913,000000,0.5,0.5,0.5,0.5,4,0
DAM,D,20170914,000000,0.5,0.5,0.5,0.5,4,0
DAM,D,20170915,000000,0.5,0.5,0.5,0.5,4,0
DAM,D,20170918,000000,0.5,0.5,0.5,0.5,3,0
DAM,D,20170919,000000,0.5,0.5,0.5,0.5,3,0
DAM,D,20170920,000000,0.5,0.5,0.5,0.5,3,0
DAM,D,20170922,000000,0.5,0.5,0.5,0.5,2,0
DAM,D,20170925,000000,0.5,0.5,0.5,0.5,3,0
DAM,D,20170926,000000,0.5,0.5,0.5,0.5,3,0
DAM,D,20170927,000000,0.5,0.5,0.5,0.5,30,0
DAM,D,20170928,000000,0.5,0.5,0.5,0.5,3,0
DAM,D,20170929,000000,0.5,0.5,0.5,0.5,103,0
DAM,D,20171002,000000,0.5,0.5,0.5,0.5,3,0
DAM,D,20171003,000000,0.5,0.5,0.5,0.5,3,0
DAM,D,20171004,000000,0.5,0.5,0.5,0.5,3,0
DAM,D,20171005,000000,0.5,0.5,0.5,0.5,3,0
DAM,D,20171006,000000,0.5,0.5,0.5,0.5,3,0
DAM,D,20171009,000000,0.5,0.5,0.5,0.5,2603,0
DAM,D,20171010,000000,0.5,0.5,0.5,0.5,203,0
DAM,D,20171011,000000,0.5,0.5,0.5,0.5,3,0
DAM,D,20171012,000000,0.5,0.5,0.5,0.5,3,0
DAM,D,20171013,000000,0.5,0.5,0.5,0.5,47,0
DAM,D,20171016,000000,0.5,0.5,0.5,0.5,3,0
DAM,D,20171017,000000,0.5,0.5,0.5,0.5,3,0
DAM,D,20171018,000000,0.5,0.5,0.5,0.5,3,0
DAM,D,20171019,000000,0.5,0.5,0.5,0.5,4,0
DAM,D,20171020,000000,0.5,0.5,0.5,0.5,3,0
DAM,D,20171023,000000,0.5,0.5,0.5,0.5,3,0
DAM,D,20171024,000000,0.5,0.5,0.5,0.5,3,0
DAM,D,20171025,000000,0.5,0.5,0.5,0.5,3,0
DAM,D,20171026,000000,0.5,0.5,0.5,0.5,3,0
DAM,D,20171027,000000,0.5,0.5,0.5,0.5,3,0
DAM,D,20171030,000000,0.5,0.5,0.5,0.5,3,0
DAM,D,20171102,000000,0.5,0.5,0.5,0.5,5,0
DAM,D,20171103,000000,0.5,0.5,0.5,0.5,3,0
DAM,D,20171106,000000,0.5,0.5,0.5,0.5,3,0
DAM,D,20171107,000000,0.5,0.5,0.5,0.5,3,0
DAM,D,20171108,000000,0.5,0.5,0.5,0.5,3,0
DAM,D,20171109,000000,0.5,0.5,0.5,0.5,3,0
DAM,D,20171113,000000,0.5,0.5,0.5,0.5,3,0
DAM,D,20171114,000000,0.5,0.5,0.5,0.5,3,0
DAM,D,20171115,000000,0.5,0.5,0.5,0.5,3,0
DAM,D,20171116,000000,0.5,0.5,0.5,0.5,3,0
DAM,D,20171117,000000,0.5,0.5,0.5,0.5,3,0
DAM,D,20171120,000000,0.5,0.5,0.5,0.5,3,0
DAM,D,20171122,000000,0.5,0.5,0.5,0.5,3,0
DAM,D,20171124,000000,0.5,0.5,0.5,0.5,3,0
DAM,D,20171127,000000,0.5,0.5,0.5,0.5,3,0
DAM,D,20171128,000000,0.5,0.5,0.5,0.5,5424,0
DAM,D,20171129,000000,0.5,0.5,0.5,0.5,3,0
DAM,D,20171130,000000,0.5,0.5,0.5,0.5,3,0
DAM,D,20171201,000000,0.5,0.5,0.5,0.5,2007,0
DAM,D,20171204,000000,0.5,0.5,0.5,0.5,3,0
DAM,D,20171205,000000,0.5,0.5,0.5,0.5,3,0
DAM,D,20171206,000000,0.5,0.5,0.5,0.5,200,0
DAM,D,20171207,000000,0.5,0.5,0.5,0.5,3,0
DAM,D,20171208,000000,0.5,0.5,0.5,0.5,203,0
DAM,D,20171211,000000,0.5,0.5,0.5,0.5,3,0
DAM,D,20171212,000000,0.5,0.5,0.5,0.5,3,0
DAM,D,20171213,000000,0.5,0.5,0.5,0.5,3,0
DAM,D,20171214,000000,0.5,0.5,0.5,0.5,3,0
DAM,D,20171215,000000,0.5,0.5,0.5,0.5,3,0
DAM,D,20171218,000000,0.5,0.5,0.5,0.5,3,0
DAM,D,20171219,000000,0.5,0.5,0.5,0.5,203,0
DAM,D,20171220,000000,0.5,0.5,0.5,0.5,3,0
DAM,D,20171221,000000,0.5,0.5,0.5,0.5,3,0
DAM,D,20171222,000000,0.5,0.5,0.5,0.5,2,0
DAM,D,20171227,000000,0.5,0.5,0.5,0.5,3,0
DAM,D,20171228,000000,0.5,0.5,0.5,0.5,104,0
DAM,D,20171229,000000,0.5,0.5,0.5,0.5,3,0
DAM,D,20180111,000000,0.5,0.5,0.5,0.5,0,0
DAM,D,20180116,000000,0.5,0.5,0.5,0.5,200,0
DAM,D,20180123,000000,0.5,0.5,0.5,0.5,1800,0
DAM,D,20180201,000000,0.5,0.5,0.5,0.5,60,0
DAM,D,20180206,000000,0.5,0.5,0.5,0.5,9843,0
DAM,D,20180207,000000,0.5,0.5,0.5,0.5,400,0
DAM,D,20180213,000000,0.5,0.5,0.5,0.5,60,0
DAM,D,20180305,000000,0.5,0.5,0.5,0.5,90,0
DAM,D,20180607,000000,0.1,0.12,0.1,0.12,16418,0
DAM,D,20180611,000000,0.19,0.19,0.19,0.19,1404,0
DAM,D,20180612,000000,0.22,0.25,0.22,0.25,2496,0
DAM,D,20180614,000000,0.28,0.28,0.28,0.28,200,0
DAM,D,20180615,000000,0.28,0.28,0.28,0.28,20,0
DAM,D,20180622,000000,0.23,0.23,0.19,0.19,1419,0
DAM,D,20180625,000000,0.19,0.19,0.19,0.19,4800,0
DAM,D,20180626,000000,0.19,0.19,0.19,0.19,1090,0
DAM,D,20180627,000000,0.19,0.19,0.19,0.19,3513,0
DAM,D,20180628,000000,0.19,0.19,0.19,0.19,1600,0
DAM,D,20180629,000000,0.16,0.16,0.16,0.16,283,0
DAM,D,20180702,000000,0.16,0.19,0.16,0.19,661,0
DAM,D,20180703,000000,0.17,0.2,0.17,0.2,2695,0
DAM,D,20180704,000000,0.22,0.23,0.22,0.23,2305,0
DAM,D,20180705,000000,0.23,0.23,0.23,0.23,50,0
DAM,D,20180706,000000,0.23,0.23,0.23,0.23,50,0
DAM,D,20180709,000000,0.22,0.22,0.22,0.22,1000,0
DAM,D,20180710,000000,0.22,0.23,0.2,0.2,639,0
DAM,D,20180712,000000,0.16,0.19,0.13,0.18,4612,0
DAM,D,20180713,000000,0.15,0.15,0.13,0.13,389,0
DAM,D,20180716,000000,0.14,0.14,0.14,0.14,760,0
DAM,D,20180718,000000,0.12,0.12,0.12,0.12,800,0
DAM,D,20180719,000000,0.13,0.13,0.12,0.12,13111,0
DAM,D,20180720,000000,0.12,0.12,0.1,0.1,7192,0
DAM,D,20180723,000000,0.1,0.1,0.09,0.09,36896,0
DAM,D,20180724,000000,0.09,0.09,0.09,0.09,200,0
DAM,D,20180725,000000,0.09,0.09,0.09,0.09,1000,0
DAM,D,20180726,000000,0.09,0.09,0.09,0.09,2948,0
DAM,D,20180801,000000,0.08,0.09,0.07,0.07,1250,0
DAM,D,20180802,000000,0.07,0.09,0.07,0.09,62568,0
DAM,D,20180803,000000,0.09,0.1,0.08,0.08,3500,0
DAM,D,20180806,000000,0.07,0.07,0.07,0.07,19800,0
DAM,D,20180807,000000,0.07,0.07,0.07,0.07,15700,0
DAM,D,20180808,000000,0.07,0.07,0.06,0.06,54384,0
DAM,D,20180809,000000,0.07,0.07,0.07,0.07,10000,0
DAM,D,20180810,000000,0.06,0.06,0.06,0.06,27038,0
DAM,D,20180813,000000,0.07,0.08,0.07,0.08,5537,0
DAM,D,20180814,000000,0.09,0.09,0.09,0.09,150,0
DAM,D,20180816,000000,0.09,0.09,0.08,0.08,106,0
DAM,D,20180817,000000,0.08,0.09,0.08,0.09,249,0
DAM,D,20180820,000000,0.08,0.08,0.08,0.08,2537,0
DAM,D,20180821,000000,0.08,0.08,0.08,0.08,200,0
DAM,D,20180822,000000,0.08,0.08,0.08,0.08,200,0
DAM,D,20180823,000000,0.08,0.08,0.08,0.08,200,0
DAM,D,20180824,000000,0.1,0.1,0.09,0.09,4750,0
DAM,D,20180828,000000,0.12,0.12,0.12,0.12,1020,0
DAM,D,20180829,000000,0.13,0.13,0.11,0.13,20000,0
DAM,D,20180830,000000,0.13,0.14,0.13,0.14,5200,0
DAM,D,20180831,000000,0.14,0.14,0.13,0.13,2067,0
DAM,D,20180903,000000,0.13,0.14,0.13,0.14,2200,0
DAM,D,20180904,000000,0.14,0.16,0.13,0.13,16150,0
DAM,D,20180905,000000,0.14,0.17,0.13,0.13,3800,0
DAM,D,20180906,000000,0.15,0.15,0.15,0.15,340,0
DAM,D,20180907,000000,0.13,0.13,0.12,0.12,5987,0
DAM,D,20180910,000000,0.14,0.14,0.14,0.14,80,0
DAM,D,20180911,000000,0.14,0.14,0.14,0.14,16900,0
DAM,D,20180912,000000,0.13,0.13,0.13,0.13,1,0
DAM,D,20180914,000000,0.13,0.13,0.13,0.13,100,0
DAM,D,20180918,000000,0.13,0.13,0.12,0.12,20329,0
DAM,D,20180921,000000,0.1,0.1,0.1,0.1,3368,0
DAM,D,20180924,000000,0.1,0.1,0.1,0.1,12076,0
DAM,D,20181001,000000,0.1,0.1,0.1,0.1,150,0
DAM,D,20181002,000000,0.09,0.09,0.09,0.09,500,0
DAM,D,20181003,000000,0.1,0.1,0.1,0.1,100,0
DAM,D,20181004,000000,0.08,0.1,0.08,0.1,5895,0
DAM,D,20181005,000000,0.08,0.08,0.08,0.08,1320,0
DAM,D,20181008,000000,0.08,0.08,0.08,0.08,161,0
DAM,D,20181009,000000,0.08,0.08,0.08,0.08,700,0
DAM,D,20181010,000000,0.08,0.08,0.08,0.08,7730,0
DAM,D,20181012,000000,0.08,0.08,0.08,0.08,214,0
DAM,D,20181015,000000,0.08,0.08,0.08,0.08,150,0
DAM,D,20181017,000000,0.08,0.08,0.08,0.08,150,0
DAM,D,20181018,000000,0.08,0.08,0.08,0.08,150,0
DAM,D,20181019,000000,0.08,0.08,0.08,0.08,851,0
DAM,D,20181023,000000,0.08,0.08,0.08,0.08,200,0
DAM,D,20181025,000000,0.08,0.08,0.08,0.08,140,0
DAM,D,20181030,000000,0.07,0.07,0.07,0.07,400,0
DAM,D,20181107,000000,0.08,0.08,0.08,0.08,114,0
DAM,D,20181108,000000,0.08,0.08,0.08,0.08,150,0
DAM,D,20181109,000000,0.08,0.08,0.08,0.08,9303,0
DAM,D,20181114,000000,0.08,0.08,0.08,0.08,150,0
DAM,D,20181119,000000,0.08,0.08,0.08,0.08,150,0
DAM,D,20181122,000000,0.08,0.08,0.08,0.08,11355,0
DAM,D,20181123,000000,0.08,0.08,0.08,0.08,150,0
DAM,D,20181126,000000,0.08,0.08,0.08,0.08,150,0
DAM,D,20181127,000000,0.07,0.07,0.07,0.07,8000,0
DAM,D,20181129,000000,0.07,0.07,0.07,0.07,160,0
DAM,D,20181130,000000,0.08,0.08,0.08,0.08,250,0
DAM,D,20181205,000000,0.09,0.09,0.09,0.09,1260,0
DAM,D,20181206,000000,0.1,0.1,0.1,0.1,8740,0
DAM,D,20181207,000000,0.1,0.1,0.09,0.09,1639,0
DAM,D,20181214,000000,0.09,0.09,0.09,0.09,120,0
DAM,D,20181217,000000,0.09,0.09,0.09,0.09,120,0
DAM,D,20181218,000000,0.07,0.07,0.07,0.07,825,0
DAM,D,20181219,000000,0.07,0.07,0.07,0.07,12150,0
DAM,D,20181220,000000,0.07,0.07,0.07,0.07,2525,0
DAM,D,20181221,000000,0.06,0.07,0.06,0.07,16725,0
DAM,D,20190102,000000,0.07,0.07,0.07,0.07,20,0
DAM,D,20190104,000000,0.06,0.06,0.06,0.06,18787,0
DAM,D,20190107,000000,0.07,0.07,0.07,0.07,2000,0
DAM,D,20190108,000000,0.06,0.06,0.06,0.06,442,0
DAM,D,20190109,000000,0.06,0.06,0.06,0.06,200,0
DAM,D,20190110,000000,0.07,0.07,0.07,0.07,1336,0
DAM,D,20190111,000000,0.07,0.07,0.07,0.07,10760,0
DAM,D,20190121,000000,0.07,0.07,0.07,0.07,250,0
DAM,D,20190128,000000,0.08,0.08,0.08,0.08,150,0
DAM,D,20190130,000000,0.08,0.08,0.08,0.08,780,0
DAM,D,20190131,000000,0.08,0.09,0.08,0.09,1220,0
DAM,D,20190201,000000,0.08,0.08,0.08,0.08,10022,0
DAM,D,20190205,000000,0.08,0.08,0.08,0.08,58,0
DAM,D,20190208,000000,0.07,0.07,0.07,0.07,2000,0
DAM,D,20190212,000000,0.07,0.07,0.07,0.07,200,0
DAM,D,20190218,000000,0.07,0.07,0.07,0.07,200,0
DAM,D,20190219,000000,0.07,0.07,0.07,0.07,200,0
DAM,D,20190220,000000,0.07,0.07,0.07,0.07,2219,0
DAM,D,20190221,000000,0.07,0.07,0.07,0.07,200,0
DAM,D,20190222,000000,0.07,0.07,0.07,0.07,238,0
DAM,D,20190225,000000,0.07,0.07,0.07,0.07,2150,0
DAM,D,20190227,000000,0.07,0.07,0.07,0.07,10352,0
DAM,D,20190228,000000,0.07,0.07,0.07,0.07,24179,0
DAM,D,20190301,000000,0.08,0.08,0.08,0.08,150,0
DAM,D,20190306,000000,0.065,0.07,0.065,0.07,71,0
DAM,D,20190312,000000,0.051,0.051,0.05,0.05,37058,0
DAM,D,20190313,000000,0.06,0.06,0.06,0.06,4604,0
DAM,D,20190314,000000,0.06,0.06,0.06,0.06,200,0
DAM,D,20190315,000000,0.055,0.06,0.055,0.06,360,0
DAM,D,20190318,000000,0.055,0.06,0.055,0.06,150,0
DAM,D,20190319,000000,0.06,0.06,0.06,0.06,10663,0
DAM,D,20190321,000000,0.055,0.06,0.055,0.06,200,0
DAM,D,20190322,000000,0.06,0.06,0.06,0.06,100,0
DAM,D,20190325,000000,0.06,0.06,0.06,0.06,270,0
DAM,D,20190326,000000,0.06,0.06,0.06,0.06,170,0
DAM,D,20190328,000000,0.061,0.061,0.06,0.06,9760,0
DAM,D,20190329,000000,0.061,0.08,0.061,0.08,300,0
DAM,D,20190401,000000,0.0795,0.0795,0.07,0.07,6304,0
DAM,D,20190402,000000,0.08,0.08,0.08,0.08,200,0
DAM,D,20190403,000000,0.08,0.08,0.08,0.08,1400,0
DAM,D,20190404,000000,0.08,0.08,0.08,0.08,50,0
DAM,D,20190405,000000,0.08,0.08,0.08,0.08,31400,0
DAM,D,20190410,000000,0.08,0.09,0.08,0.09,300,0
DAM,D,20190416,000000,0.09,0.09,0.09,0.09,120,0
DAM,D,20190426,000000,0.09,0.09,0.09,0.09,120,0
DAM,D,20190506,000000,0.08,0.08,0.08,0.08,100,0
DAM,D,20190508,000000,0.075,0.08,0.075,0.08,100,0
DAM,D,20190513,000000,0.07,0.07,0.07,0.07,100,0
DAM,D,20190524,000000,0.066,0.07,0.066,0.07,64,0
DAM,D,20190531,000000,0.065,0.07,0.065,0.07,200,0
DAM,D,20190603,000000,0.0655,0.07,0.0655,0.07,50,0
DAM,D,20190605,000000,0.07,0.07,0.07,0.07,60,0
DAM,D,20190613,000000,0.07,0.07,0.07,0.07,50,0
DAM,D,20190619,000000,0.07,0.07,0.07,0.07,150,0
DAM,D,20190621,000000,0.065,0.07,0.065,0.07,10400,0
DAM,D,20190626,000000,0.065,0.07,0.065,0.07,150,0
DAM,D,20190701,000000,0.06,0.06,0.06,0.06,1,0
DAM,D,20190731,000000,0.06,0.06,0.06,0.06,304,0
DAM,D,20190806,000000,0.0605,0.0605,0.0605,0.0605,200,0
DAM,D,20190807,000000,0.0605,0.0605,0.0605,0.0605,170,0
DAM,D,20190812,000000,0.0605,0.0605,0.0605,0.0605,150,0
DAM,D,20190816,000000,0.069,0.069,0.069,0.069,120,0
DAM,D,20190819,000000,0.069,0.069,0.069,0.069,100,0
DAM,D,20190820,000000,0.069,0.069,0.069,0.069,15557,0
DAM,D,20190823,000000,0.069,0.069,0.069,0.069,1,0
DAM,D,20190828,000000,0.0605,0.0605,0.0605,0.0605,20000,0
DAM,D,20190830,000000,0.0605,0.0605,0.0605,0.0605,170,0
DAM,D,20190903,000000,0.0605,0.0605,0.0605,0.0605,470,0
DAM,D,20190905,000000,0.0605,0.0605,0.0605,0.0605,160,0
DAM,D,20190906,000000,0.0605,0.0605,0.0605,0.0605,150,0
DAM,D,20190909,000000,0.0605,0.0605,0.0605,0.0605,150,0
DAM,D,20190912,000000,0.0605,0.0605,0.0605,0.0605,150,0
DAM,D,20190913,000000,0.0605,0.0605,0.0605,0.0605,274,0
DAM,D,20190918,000000,0.0605,0.0605,0.0605,0.0605,150,0
DAM,D,20190919,000000,0.0605,0.0605,0.0605,0.0605,3392,0
DAM,D,20190924,000000,0.0605,0.0605,0.0605,0.0605,3455,0
DAM,D,20190925,000000,0.051,0.051,0.051,0.051,2596,0
DAM,D,20190926,000000,0.06,0.06,0.06,0.06,100,0
DAM,D,20191003,000000,0.06,0.06,0.06,0.06,170,0
DAM,D,20191007,000000,0.06,0.06,0.06,0.06,170,0
DAM,D,20191011,000000,0.06,0.06,0.06,0.06,150,0
DAM,D,20191017,000000,0.06,0.06,0.06,0.06,170,0
DAM,D,20191024,000000,0.06,0.06,0.06,0.06,150,0
DAM,D,20191025,000000,0.0505,0.0505,0.0505,0.0505,10375,0
DAM,D,20191028,000000,0.0505,0.0505,0.0505,0.0505,2529,0
DAM,D,20191104,000000,0.0505,0.0505,0.0505,0.0505,200,0
DAM,D,20191107,000000,0.05,0.05,0.05,0.05,10000,0
DAM,D,20191112,000000,0.05,0.05,0.04,0.04,2200,0
DAM,D,20191113,000000,0.04,0.04,0.04,0.04,120,0
DAM,D,20191114,000000,0.04,0.04,0.04,0.04,18000,0
DAM,D,20191115,000000,0.047,0.047,0.047,0.047,4000,0
DAM,D,20191120,000000,0.047,0.047,0.047,0.047,200,0
DAM,D,20191122,000000,0.0305,0.031,0.0305,0.031,34100,0
DAM,D,20191126,000000,0.035,0.035,0.035,0.035,14293,0
DAM,D,20191127,000000,0.04,0.04,0.04,0.04,13260,0
DAM,D,20191128,000000,0.04,0.04,0.04,0.04,19500,0
DAM,D,20191217,000000,0.027,0.027,0.027,0.027,4800,0
DAM,D,20191218,000000,0.027,0.03,0.027,0.03,2174,0
DAM,D,20191219,000000,0.03,0.035,0.03,0.035,226,0
DAM,D,20191220,000000,0.03,0.03,0.03,0.03,2947,0
DAM,D,20191223,000000,0.03,0.039,0.03,0.039,584,0
DAM,D,20191230,000000,0.03,0.035,0.03,0.035,2670,0
DAM,D,20200102,000000,0.0305,0.0305,0.0305,0.0305,16000,0
DAM,D,20200103,000000,0.0305,0.0305,0.0305,0.0305,1,0
DAM,D,20200107,000000,0.031,0.033,0.031,0.033,11545,0
DAM,D,20200108,000000,0.033,0.033,0.033,0.033,4855,0
DAM,D,20200109,000000,0.0335,0.0335,0.0335,0.0335,3645,0
DAM,D,20200110,000000,0.034,0.034,0.034,0.034,995,0
DAM,D,20200113,000000,0.034,0.034,0.034,0.034,6673,0
DAM,D,20200114,000000,0.034,0.034,0.034,0.034,100,0
DAM,D,20200116,000000,0.0395,0.0395,0.0395,0.0395,350,0
DAM,D,20200120,000000,0.04,0.04,0.04,0.04,100,0
DAM,D,20200121,000000,0.035,0.035,0.035,0.035,1000,0
DAM,D,20200122,000000,0.0345,0.0345,0.0345,0.0345,317,0
DAM,D,20200123,000000,0.0345,0.0345,0.0345,0.0345,1000,0
DAM,D,20200124,000000,0.0345,0.0345,0.0345,0.0345,6300,0
DAM,D,20200128,000000,0.0345,0.036,0.0345,0.036,4346,0
DAM,D,20200129,000000,0.038,0.038,0.038,0.038,101,0
DAM,D,20200130,000000,0.036,0.041,0.036,0.041,3729,0
DAM,D,20200131,000000,0.037,0.041,0.037,0.041,45117,0
DAM,D,20200203,000000,0.045,0.045,0.045,0.045,1000,0
DAM,D,20200205,000000,0.04,0.04,0.04,0.04,150,0
DAM,D,20200206,000000,0.04,0.04,0.04,0.04,200,0
DAM,D,20200207,000000,0.04,0.04,0.04,0.04,250,0
DAM,D,20200210,000000,0.04,0.04,0.04,0.04,20250,0
DAM,D,20200212,000000,0.04,0.04,0.04,0.04,250,0
DAM,D,20200213,000000,0.039,0.039,0.039,0.039,11220,0
DAM,D,20200214,000000,0.039,0.039,0.039,0.039,200,0
DAM,D,20200217,000000,0.0335,0.0335,0.0335,0.0335,70482,0
DAM,D,20200218,000000,0.0335,0.0335,0.0335,0.0335,374,0
DAM,D,20200224,000000,0.0275,0.0275,0.0275,0.0275,34047,0
DAM,D,20200225,000000,0.0275,0.0275,0.027,0.027,30960,0
DAM,D,20200227,000000,0.027,0.027,0.027,0.027,100470,0
DAM,D,20200302,000000,0.0205,0.0205,0.0205,0.0205,71000,0
DAM,D,20200303,000000,0.02,0.02,0.02,0.02,23500,0
DAM,D,20200304,000000,0.013,0.013,0.013,0.013,1000,0
DAM,D,20200305,000000,0.01,0.01,0.01,0.01,290000,0
DAM,D,20200306,000000,0.01,0.013,0.01,0.013,250064,0
DAM,D,20200309,000000,0.0165,0.0165,0.0165,0.0165,1000,0
DAM,D,20200310,000000,0.016,0.016,0.016,0.016,2000,0
DAM,D,20200311,000000,0.015,0.015,0.015,0.015,400,0
DAM,D,20200313,000000,0.015,0.015,0.015,0.015,100,0
DAM,D,20200317,000000,0.015,0.015,0.015,0.015,130,0
DAM,D,20200324,000000,0.01,0.01,0.01,0.01,6007,0
DAM,D,20200327,000000,0.013,0.013,0.013,0.013,502,0
DAM,D,20200330,000000,0.013,0.013,0.013,0.013,15000,0
DAM,D,20200331,000000,0.0185,0.0185,0.018,0.018,970,0
DAM,D,20200401,000000,0.018,0.018,0.018,0.018,34432,0
DAM,D,20200403,000000,0.0185,0.0185,0.014,0.014,21050,0
DAM,D,20200406,000000,0.0185,0.0195,0.0185,0.0195,201301,0
DAM,D,20200407,000000,0.0195,0.0195,0.0195,0.0195,18000,0
DAM,D,20200409,000000,0.0195,0.0195,0.0195,0.0195,1300,0
DAM,D,20200415,000000,0.0195,0.0195,0.0195,0.0195,100,0
DAM,D,20200421,000000,0.015,0.015,0.015,0.015,800,0
DAM,D,20200422,000000,0.015,0.015,0.015,0.015,11467,0
DAM,D,20200424,000000,0.011,0.011,0.011,0.011,6533,0
DAM,D,20200427,000000,0.012,0.012,0.012,0.012,4200,0
DAM,D,20200512,000000,0.0105,0.0105,0.0105,0.0105,150000,0
DAM,D,20200514,000000,0.015,0.015,0.015,0.015,71337,0
DAM,D,20200515,000000,0.0155,0.017,0.0155,0.017,29263,0
DAM,D,20200518,000000,0.018,0.018,0.018,0.018,281256,0
DAM,D,20200519,000000,0.0165,0.0165,0.0165,0.0165,96000,0
DAM,D,20200520,000000,0.0155,0.0155,0.0155,0.0155,1011,0
DAM,D,20200521,000000,0.011,0.015,0.011,0.015,322000,0
DAM,D,20200522,000000,0.0145,0.0145,0.0145,0.0145,201281,0
DAM,D,20200525,000000,0.0115,0.0115,0.0115,0.0115,27295,0
DAM,D,20200526,000000,0.013,0.013,0.013,0.013,127405,0
DAM,D,20200527,000000,0.015,0.019,0.015,0.019,50616,0
DAM,D,20200528,000000,0.02,0.021,0.02,0.021,153907,0
DAM,D,20200529,000000,0.032,0.032,0.032,0.032,35200,0
DAM,D,20200601,000000,0.04,0.04,0.039,0.039,61460,0
DAM,D,20200602,000000,0.049,0.049,0.049,0.049,89300,0
DAM,D,20200603,000000,0.049,0.049,0.045,0.045,55300,0
DAM,D,20200604,000000,0.035,0.035,0.029,0.029,49950,0
DAM,D,20200605,000000,0.03,0.032,0.03,0.032,60510,0
DAM,D,20200608,000000,0.031,0.031,0.03,0.03,23063,0
DAM,D,20200609,000000,0.032,0.032,0.032,0.032,22795,0
DAM,D,20200610,000000,0.032,0.034,0.032,0.034,12266,0
DAM,D,20200612,000000,0.034,0.034,0.034,0.034,2043,0
DAM,D,20200615,000000,0.035,0.036,0.035,0.036,9700,0
DAM,D,20200617,000000,0.044,0.044,0.044,0.044,500,0
DAM,D,20200618,000000,0.044,0.044,0.044,0.044,8000,0
DAM,D,20200619,000000,0.044,0.044,0.044,0.044,50,0
DAM,D,20200622,000000,0.035,0.035,0.035,0.035,700,0
DAM,D,20200623,000000,0.0305,0.0305,0.0305,0.0305,11037,0
DAM,D,20200624,000000,0.0305,0.0305,0.029,0.029,47036,0
DAM,D,20200625,000000,0.029,0.029,0.029,0.029,11669,0
DAM,D,20200626,000000,0.039,0.039,0.039,0.039,5000,0
DAM,D,20200629,000000,0.038,0.038,0.038,0.038,400,0
DAM,D,20200630,000000,0.037,0.037,0.03,0.03,201,0
DAM,D,20200701,000000,0.038,0.038,0.038,0.038,200,0
DAM,D,20200702,000000,0.039,0.039,0.039,0.039,3103,0
DAM,D,20200703,000000,0.039,0.039,0.039,0.039,300,0
DAM,D,20200706,000000,0.039,0.039,0.0205,0.0205,4100,0
DAM,D,20200707,000000,0.021,0.021,0.021,0.021,7702,0
DAM,D,20200708,000000,0.025,0.03,0.025,0.03,20500,0
DAM,D,20200709,000000,0.0375,0.039,0.0375,0.039,17525,0
DAM,D,20200710,000000,0.036,0.036,0.036,0.036,9190,0
DAM,D,20200714,000000,0.036,0.036,0.036,0.036,1800,0
DAM,D,20200716,000000,0.036,0.036,0.036,0.036,10,0
DAM,D,20200717,000000,0.035,0.035,0.025,0.025,1000,0
DAM,D,20200722,000000,0.0275,0.0275,0.0275,0.0275,2500,0
DAM,D,20200724,000000,0.0355,0.0355,0.0355,0.0355,5058,0
DAM,D,20200727,000000,0.039,0.039,0.036,0.036,118520,0
DAM,D,20200728,000000,0.035,0.036,0.035,0.036,127700,0
DAM,D,20200729,000000,0.04,0.04,0.04,0.04,1050,0
DAM,D,20200730,000000,0.049,0.05,0.049,0.05,285856,0
DAM,D,20200731,000000,0.06,0.06,0.06,0.06,21800,0
DAM,D,20200804,000000,0.068,0.068,0.068,0.068,6200,0
DAM,D,20200805,000000,0.095,0.118,0.095,0.118,95836,0
DAM,D,20200807,000000,0.15,0.18,0.15,0.18,237854,0
DAM,D,20200810,000000,0.185,0.185,0.18,0.18,84434,0
DAM,D,20200811,000000,0.145,0.145,0.13,0.13,57690,0
DAM,D,20200812,000000,0.102,0.102,0.094,0.094,90075,0
DAM,D,20200813,000000,0.117,0.119,0.117,0.119,45355,0
DAM,D,20200814,000000,0.13,0.13,0.13,0.13,23370,0
DAM,D,20200817,000000,0.129,0.129,0.128,0.128,1100,0
DAM,D,20200818,000000,0.127,0.13,0.127,0.13,26124,0
DAM,D,20200819,000000,0.135,0.137,0.135,0.137,215601,0
DAM,D,20200820,000000,0.161,0.161,0.161,0.161,60981,0
DAM,D,20200821,000000,0.28,0.28,0.28,0.28,180216,0
DAM,D,20200824,000000,0.41,0.41,0.41,0.41,180977,0
DAM,D,20200825,000000,0.49,0.49,0.49,0.49,284299,0
DAM,D,20200826,000000,0.51,0.51,0.51,0.51,125510,0
DAM,D,20200827,000000,0.408,0.408,0.36,0.36,13705,0
DAM,D,20200828,000000,0.33,0.33,0.31,0.31,11651,0
DAM,D,20200831,000000,0.31,0.31,0.31,0.31,31593,0
DAM,D,20200901,000000,0.33,0.33,0.33,0.33,5200,0
DAM,D,20200903,000000,0.33,0.33,0.32,0.32,3200,0
DAM,D,20200907,000000,0.202,0.202,0.202,0.202,12300,0
DAM,D,20200908,000000,0.208,0.25,0.208,0.25,16700,0
DAM,D,20200909,000000,0.208,0.21,0.208,0.21,9250,0
DAM,D,20200910,000000,0.27,0.27,0.27,0.27,15978,0
DAM,D,20200911,000000,0.27,0.27,0.25,0.25,12550,0
DAM,D,20200914,000000,0.25,0.25,0.25,0.25,5521,0
DAM,D,20200915,000000,0.27,0.31,0.27,0.31,34960,0
DAM,D,20200916,000000,0.4,0.43,0.4,0.43,20932,0
DAM,D,20200917,000000,0.54,0.645,0.54,0.645,137869,0
DAM,D,20200918,000000,0.52,0.52,0.436,0.436,143541,0
DAM,D,20200921,000000,0.42,0.42,0.4,0.4,36451,0
DAM,D,20200922,000000,0.4,0.4,0.4,0.4,5154,0
DAM,D,20200923,000000,0.4,0.4,0.32,0.32,24065,0
DAM,D,20200924,000000,0.322,0.33,0.322,0.33,20480,0
DAM,D,20200925,000000,0.33,0.338,0.33,0.338,11102,0
DAM,D,20200928,000000,0.35,0.398,0.35,0.398,12402,0
DAM,D,20200929,000000,0.416,0.416,0.414,0.414,95632,0
DAM,D,20200930,000000,0.416,0.416,0.4,0.4,8040,0
DAM,D,20201001,000000,0.398,0.398,0.398,0.398,1100,0
DAM,D,20201002,000000,0.4,0.4,0.4,0.4,1200,0
DAM,D,20201005,000000,0.398,0.418,0.398,0.418,16350,0
DAM,D,20201006,000000,0.43,0.43,0.43,0.43,2700,0
DAM,D,20201007,000000,0.42,0.42,0.42,0.42,2300,0
DAM,D,20201008,000000,0.42,0.42,0.42,0.42,1200,0
DAM,D,20201009,000000,0.35,0.35,0.34,0.34,28832,0
DAM,D,20201012,000000,0.34,0.34,0.324,0.324,20337,0
DAM,D,20201013,000000,0.288,0.306,0.288,0.306,7300,0
DAM,D,20201014,000000,0.32,0.32,0.32,0.32,2000,0
DAM,D,20201015,000000,0.288,0.288,0.288,0.288,5410,0
DAM,D,20201016,000000,0.262,0.28,0.262,0.28,11444,0
