<TICKER>,<PER>,<DATE>,<TIME>,<OPEN>,<HIGH>,<LOW>,<CLOSE>,<VOL>,<OPENINT>
ECK,D,20100701,000000,10.235,10.235,6.8889,7.1841,19843,0
ECK,D,20100702,000000,7.1841,7.1841,6.8889,7.0857,1698,0
ECK,D,20100705,000000,7.0857,7.0857,6.3968,6.4952,7319,0
ECK,D,20100706,000000,6.4952,6.4952,5.7079,6.4952,3230,0
ECK,D,20100707,000000,6.4952,6.5937,6.1016,6.5937,2015,0
ECK,D,20100708,000000,6.2984,6.4952,6.2,6.4952,391,0
ECK,D,20100709,000000,6.4952,6.8889,6.0032,6.0032,1093,0
ECK,D,20100712,000000,5.9048,5.9048,5.4127,5.9048,2101,0
ECK,D,20100713,000000,6.3968,6.4952,5.9048,5.9048,1887,0
ECK,D,20100714,000000,6.2984,6.2984,6.2984,6.2984,0,0
ECK,D,20100715,000000,6.3968,6.3968,5.8063,6.3968,366,0
ECK,D,20100716,000000,6.3968,6.6921,6.3968,6.6921,762,0
ECK,D,20100719,000000,6.5937,6.5937,6.5937,6.5937,0,0
ECK,D,20100720,000000,6.4952,6.4952,5.8063,6.2984,1539,0
ECK,D,20100721,000000,6.0032,6.2984,6.0032,6.2984,208,0
ECK,D,20100722,000000,5.9048,6.0032,5.9048,6.0032,2583,0
ECK,D,20100723,000000,6.0032,6.3968,5.9048,6.3968,859,0
ECK,D,20100726,000000,6.3968,7.1841,6.3968,6.8889,2475,0
ECK,D,20100727,000000,6.8889,6.8889,6.8889,6.8889,1841,0
ECK,D,20100728,000000,6.8889,7.4794,6.2,7.0857,11231,0
ECK,D,20100729,000000,7.4794,8.1683,6.8889,7.381,16460,0
ECK,D,20100730,000000,7.0857,7.2825,6.8889,7.2825,1615,0
ECK,D,20100802,000000,7.381,7.381,7.381,7.381,0,0
ECK,D,20100803,000000,7.381,7.381,7.381,7.381,0,0
ECK,D,20100804,000000,7.381,7.381,6.5937,6.6921,945,0
ECK,D,20100805,000000,6.4952,6.7905,6.4952,6.7905,965,0
ECK,D,20100806,000000,7.0857,7.0857,6.3968,6.8889,1421,0
ECK,D,20100809,000000,6.8889,6.8889,6.3968,6.3968,807,0
ECK,D,20100810,000000,6.7905,6.7905,6.7905,6.7905,0,0
ECK,D,20100811,000000,6.7905,6.7905,6.0032,6.6921,868,0
ECK,D,20100812,000000,6.1016,6.5937,5.9048,6.2,4322,0
ECK,D,20100813,000000,6.4952,6.4952,6.1016,6.4952,52,0
ECK,D,20100816,000000,6.4952,6.4952,6.4952,6.4952,0,0
ECK,D,20100817,000000,6.4952,6.4952,6.4952,6.4952,0,0
ECK,D,20100818,000000,6.4952,6.4952,6.4952,6.4952,709,0
ECK,D,20100819,000000,6.4952,6.4952,6.1016,6.4952,204,0
ECK,D,20100820,000000,6.4952,6.9873,6.4952,6.9873,4392,0
ECK,D,20100823,000000,6.8889,6.8889,6.8889,6.8889,102,0
ECK,D,20100824,000000,7.0857,7.0857,6.5937,6.5937,421,0
ECK,D,20100825,000000,6.5937,6.5937,6.5937,6.5937,428,0
ECK,D,20100826,000000,6.8889,6.8889,6.5937,6.5937,418,0
ECK,D,20100827,000000,6.7905,6.7905,6.7905,6.7905,0,0
ECK,D,20100830,000000,6.8889,6.8889,6.8889,6.8889,76,0
ECK,D,20100831,000000,6.5937,6.5937,6.0032,6.4952,1128,0
ECK,D,20100901,000000,6.4952,6.4952,6.4952,6.4952,153,0
ECK,D,20100902,000000,6.3968,6.3968,6.3968,6.3968,0,0
ECK,D,20100903,000000,6.3968,6.3968,6.3968,6.3968,254,0
ECK,D,20100906,000000,6.4952,6.5937,6.3968,6.3968,508,0
ECK,D,20100907,000000,6.5937,6.5937,6.2984,6.2984,1321,0
ECK,D,20100908,000000,6.2984,6.2984,6.2984,6.2984,0,0
ECK,D,20100909,000000,6.6921,6.6921,6.6921,6.6921,0,0
ECK,D,20100910,000000,6.5937,6.5937,6.0032,6.2984,523,0
ECK,D,20100913,000000,6.5937,6.5937,6.2,6.2,1707,0
ECK,D,20100914,000000,6.1016,6.5937,5.7079,6.5937,916,0
ECK,D,20100915,000000,6.5937,6.5937,6.5937,6.5937,0,0
ECK,D,20100916,000000,6.5937,6.5937,6.5937,6.5937,0,0
ECK,D,20100917,000000,6.5937,6.5937,6.5937,6.5937,0,0
ECK,D,20100920,000000,5.9048,6.2984,5.9048,6.2984,1829,0
ECK,D,20100921,000000,6.5937,6.5937,5.9048,6.0032,1558,0
ECK,D,20100922,000000,6.4952,6.7905,6.3968,6.3968,1524,0
ECK,D,20100923,000000,6.7905,6.7905,6.6921,6.6921,102,0
ECK,D,20100924,000000,6.6921,6.8889,6.5937,6.8889,1439,0
ECK,D,20100927,000000,6.8889,7.2825,6.4952,7.2825,1755,0
ECK,D,20100928,000000,6.3968,6.4952,5.9048,6.4952,3499,0
ECK,D,20100929,000000,6.2,6.5937,5.9048,6.0032,2359,0
ECK,D,20100930,000000,6.2984,6.2984,6.1016,6.1016,1078,0
ECK,D,20101001,000000,6.2,6.2,6.2,6.2,1326,0
ECK,D,20101004,000000,6.2984,6.6921,6.2,6.5937,2315,0
ECK,D,20101005,000000,6.5937,6.5937,6.2984,6.5937,408,0
ECK,D,20101006,000000,6.5937,6.7905,6.2,6.7905,4925,0
ECK,D,20101007,000000,6.7905,6.7905,6.0032,6.6921,628,0
ECK,D,20101008,000000,6.7905,6.9873,6.5937,6.7905,3799,0
ECK,D,20101011,000000,6.5937,6.8889,6.5937,6.8889,559,0
ECK,D,20101012,000000,7.1841,7.1841,6.8889,7.0857,468,0
ECK,D,20101013,000000,7.0857,7.0857,6.7905,6.9873,1463,0
ECK,D,20101014,000000,6.9873,6.9873,6.4952,6.8889,831,0
ECK,D,20101015,000000,6.9873,6.9873,6.9873,6.9873,0,0
ECK,D,20101018,000000,7.1841,7.6762,6.8889,7.6762,1944,0
ECK,D,20101019,000000,7.7746,7.7746,7.1841,7.1841,630,0
ECK,D,20101020,000000,6.8889,7.381,6.8889,7.381,637,0
ECK,D,20101021,000000,7.4794,7.4794,6.9873,7.2825,1258,0
ECK,D,20101022,000000,7.4794,7.7746,6.9873,7.7746,1269,0
ECK,D,20101025,000000,7.873,7.873,6.6921,6.8889,7353,0
ECK,D,20101026,000000,6.9873,7.0857,6.4952,7.0857,1067,0
ECK,D,20101027,000000,7.7746,7.7746,6.9873,7.4794,254,0
ECK,D,20101028,000000,7.873,7.873,7.7746,7.7746,0,0
ECK,D,20101029,000000,7.873,7.873,7.5778,7.5778,0,0
ECK,D,20101102,000000,7.381,7.381,6.7905,7.2825,102,0
ECK,D,20101103,000000,7.1841,7.1841,7.1841,7.1841,0,0
ECK,D,20101104,000000,7.2825,7.2825,6.7905,6.7905,153,0
ECK,D,20101105,000000,6.7905,6.7905,6.7905,6.7905,0,0
ECK,D,20101108,000000,6.7905,7.381,6.7905,7.1841,2879,0
ECK,D,20101109,000000,7.7746,7.7746,7.0857,7.7746,2016,0
ECK,D,20101110,000000,7.7746,7.7746,6.9873,7.0857,1040,0
ECK,D,20101112,000000,7.7746,7.7746,6.9873,7.6762,650,0
ECK,D,20101115,000000,7.6762,7.6762,7.6762,7.6762,0,0
ECK,D,20101116,000000,7.6762,7.6762,7.1841,7.381,645,0
ECK,D,20101117,000000,7.381,7.7746,7.0857,7.7746,720,0
ECK,D,20101118,000000,7.7746,7.7746,7.7746,7.7746,0,0
ECK,D,20101119,000000,7.7746,7.7746,7.6762,7.6762,0,0
ECK,D,20101122,000000,7.7746,7.7746,7.1841,7.7746,127,0
ECK,D,20101123,000000,7.7746,7.7746,6.5937,6.5937,0,0
ECK,D,20101124,000000,6.5937,7.7746,6.5937,7.7746,127,0
ECK,D,20101125,000000,7.7746,7.7746,7.7746,7.7746,0,0
ECK,D,20101126,000000,7.7746,7.7746,7.7746,7.7746,0,0
ECK,D,20101129,000000,7.7746,7.7746,7.7746,7.7746,0,0
ECK,D,20101130,000000,7.7746,7.7746,7.7746,7.7746,0,0
ECK,D,20101201,000000,7.7746,7.7746,7.7746,7.7746,0,0
ECK,D,20101202,000000,7.7746,7.7746,6.8889,7.7746,305,0
ECK,D,20101203,000000,7.7746,7.7746,7.7746,7.7746,0,0
ECK,D,20101206,000000,7.7746,7.7746,7.1841,7.1841,0,0
ECK,D,20101207,000000,7.1841,7.7746,6.6921,7.7746,158,0
ECK,D,20101208,000000,7.7746,7.7746,7.7746,7.7746,0,0
ECK,D,20101209,000000,7.6762,7.6762,7.6762,7.6762,0,0
ECK,D,20101210,000000,7.6762,7.6762,7.6762,7.6762,0,0
ECK,D,20101213,000000,7.6762,7.6762,7.6762,7.6762,0,0
ECK,D,20101214,000000,7.6762,7.6762,7.6762,7.6762,0,0
ECK,D,20101215,000000,7.6762,7.6762,7.2825,7.2825,0,0
ECK,D,20101216,000000,7.6762,7.6762,6.5937,6.5937,711,0
ECK,D,20101217,000000,6.3968,7.0857,6.3968,6.3968,102,0
ECK,D,20101220,000000,6.3968,6.3968,6.3968,6.3968,0,0
ECK,D,20101221,000000,6.3968,6.9873,6.3968,6.5937,935,0
ECK,D,20101222,000000,7.381,8.8571,6.8889,8.8571,4001,0
ECK,D,20101223,000000,9.3492,11.613,9.1524,10.727,2576,0
ECK,D,20101227,000000,9.3492,12.794,9.3492,12.695,3009,0
ECK,D,20101228,000000,13.384,13.384,12.794,13.384,1244,0
ECK,D,20101229,000000,13.581,13.581,12.203,12.99,1282,0
ECK,D,20101230,000000,12.99,12.99,11.908,12.794,920,0
ECK,D,20101231,000000,12.99,12.99,11.317,12.794,909,0
ECK,D,20110103,000000,12.794,13.778,11.317,13.778,9392,0
ECK,D,20110104,000000,13.581,15.451,13.581,15.254,1931,0
ECK,D,20110105,000000,17.419,19.683,17.419,19.683,1401,0
ECK,D,20110107,000000,23.619,24.406,18.895,22.635,1623,0
ECK,D,20110110,000000,22.438,22.438,20.47,21.651,366,0
ECK,D,20110111,000000,19.683,19.683,15.254,16.73,1062,0
ECK,D,20110112,000000,16.73,19.683,16.14,19.683,1067,0
ECK,D,20110113,000000,18.797,19.978,18.797,19.289,428,0
ECK,D,20110114,000000,19.19,19.19,17.714,18.6,480,0
ECK,D,20110117,000000,19.092,19.092,17.714,18.206,403,0
ECK,D,20110118,000000,18.206,18.698,16.533,18.698,425,0
ECK,D,20110119,000000,16.238,17.222,15.254,17.222,612,0
ECK,D,20110120,000000,15.943,17.616,15.943,17.616,621,0
ECK,D,20110121,000000,18.994,18.994,15.648,16.041,406,0
ECK,D,20110124,000000,16.041,16.041,15.943,16.041,164,0
ECK,D,20110125,000000,16.041,17.714,15.943,17.714,532,0
ECK,D,20110126,000000,17.616,17.616,17.025,17.517,109,0
ECK,D,20110127,000000,14.762,14.762,14.762,14.762,508,0
ECK,D,20110128,000000,14.762,14.762,13.975,13.975,727,0
ECK,D,20110131,000000,14.762,16.73,14.762,16.632,315,0
ECK,D,20110201,000000,17.124,17.616,17.124,17.616,4,0
ECK,D,20110202,000000,15.156,16.238,15.156,16.238,174,0
ECK,D,20110203,000000,17.616,17.616,14.663,17.616,257,0
ECK,D,20110204,000000,17.616,17.616,17.616,17.616,0,0
ECK,D,20110207,000000,17.616,17.616,15.549,17.616,112,0
ECK,D,20110208,000000,17.616,17.616,17.616,17.616,0,0
ECK,D,20110209,000000,17.616,17.616,17.616,17.616,0,0
ECK,D,20110210,000000,17.616,17.616,16.238,17.616,163,0
ECK,D,20110211,000000,17.616,17.616,14.27,14.27,888,0
ECK,D,20110214,000000,16.435,16.435,14.565,14.565,363,0
ECK,D,20110215,000000,15.156,15.156,12.203,15.156,1048,0
ECK,D,20110216,000000,13.089,13.089,11.81,11.81,626,0
ECK,D,20110217,000000,14.073,14.073,9.841,10.825,2064,0
ECK,D,20110218,000000,9.841,11.219,8.4635,11.219,1159,0
ECK,D,20110221,000000,9.94,9.94,9.054,9.841,2281,0
ECK,D,20110222,000000,9.841,9.841,7.873,8.9556,2273,0
ECK,D,20110223,000000,8.8571,10.727,8.4635,9.841,1310,0
ECK,D,20110224,000000,9.743,9.743,7.9714,8.3651,1200,0
ECK,D,20110225,000000,7.9714,8.4635,7.9714,8.3651,71,0
ECK,D,20110228,000000,8.2667,8.3651,8.2667,8.3651,188,0
ECK,D,20110301,000000,8.3651,8.8571,8.3651,8.8571,264,0
ECK,D,20110302,000000,9.4476,9.4476,8.4635,8.4635,0,0
ECK,D,20110303,000000,8.4635,8.4635,7.9714,8.4635,71,0
ECK,D,20110304,000000,8.4635,8.4635,8.4635,8.4635,0,0
ECK,D,20110307,000000,8.4635,8.4635,8.1683,8.4635,102,0
ECK,D,20110308,000000,8.0698,8.4635,7.9714,8.4635,539,0
ECK,D,20110309,000000,8.4635,8.4635,8.4635,8.4635,0,0
ECK,D,20110310,000000,8.4635,8.4635,8.0698,8.0698,0,0
ECK,D,20110311,000000,8.0698,8.0698,8.0698,8.0698,0,0
ECK,D,20110314,000000,7.4794,8.0698,7.0857,8.0698,5018,0
ECK,D,20110316,000000,7.381,7.381,7.381,7.381,180,0
ECK,D,20110317,000000,7.0857,7.381,7.0857,7.381,701,0
ECK,D,20110318,000000,7.5778,8.8571,7.5778,8.8571,640,0
ECK,D,20110321,000000,9.3492,9.3492,8.8571,8.8571,546,0
ECK,D,20110322,000000,7.873,8.3651,7.873,8.3651,62,0
ECK,D,20110323,000000,7.9714,7.9714,7.9714,7.9714,631,0
ECK,D,20110324,000000,7.6762,8.3651,7.6762,8.3651,954,0
ECK,D,20110325,000000,7.7746,7.7746,7.2825,7.2825,1062,0
ECK,D,20110328,000000,7.4794,7.4794,7.4794,7.4794,423,0
ECK,D,20110329,000000,6.8889,7.0857,6.0032,6.7905,4332,0
ECK,D,20110330,000000,6.3968,6.7905,5.5111,6.0032,12589,0
ECK,D,20110331,000000,5.9048,5.9048,5.7079,5.9048,511,0
ECK,D,20110401,000000,5.9048,5.9048,5.7079,5.9048,943,0
ECK,D,20110404,000000,5.9048,6.2,5.8063,6.1016,1561,0
ECK,D,20110405,000000,6.1016,6.1016,5.8063,5.8063,711,0
ECK,D,20110406,000000,5.8063,5.8063,5.8063,5.8063,656,0
ECK,D,20110408,000000,5.7079,5.8063,5.6095,5.8063,1635,0
ECK,D,20110413,000000,5.7079,5.9048,5.7079,5.9048,875,0
ECK,D,20110414,000000,6.0032,6.3968,6.0032,6.3968,2340,0
ECK,D,20110415,000000,6.3968,7.381,6.1016,6.8889,6411,0
ECK,D,20110418,000000,6.8889,6.8889,6.5937,6.8889,1648,0
ECK,D,20110419,000000,6.6921,6.6921,6.6921,6.6921,376,0
ECK,D,20110420,000000,6.3968,6.3968,5.9048,6.3968,1031,0
ECK,D,20110421,000000,6.2,6.2,6.2,6.2,333,0
ECK,D,20110426,000000,6.2,6.2,6.2,6.2,232,0
ECK,D,20110427,000000,6.2984,7.2825,6.2,7.2825,745,0
ECK,D,20110428,000000,6.6921,6.6921,6.6921,6.6921,389,0
ECK,D,20110429,000000,7.2825,7.2825,6.6921,6.8889,540,0
ECK,D,20110502,000000,7.6762,7.6762,6.3968,7.381,987,0
ECK,D,20110504,000000,6.9873,6.9873,6.2984,6.7905,478,0
ECK,D,20110505,000000,6.3968,6.3968,6.2984,6.2984,406,0
ECK,D,20110506,000000,6.2984,6.2984,6.2984,6.2984,305,0
ECK,D,20110509,000000,6.2984,6.2984,6.2984,6.2984,478,0
ECK,D,20110511,000000,6.2,6.2,6.1016,6.1016,102,0
ECK,D,20110512,000000,6.0032,6.0032,5.9048,5.9048,772,0
ECK,D,20110513,000000,5.9048,6.0032,5.9048,6.0032,293,0
ECK,D,20110516,000000,6.0032,6.0032,5.8063,5.8063,1067,0
ECK,D,20110517,000000,5.9048,6.2984,5.8063,5.9048,5707,0
ECK,D,20110518,000000,6.2,6.2,6.1016,6.1016,541,0
ECK,D,20110519,000000,6.3968,7.0857,6.3968,7.0857,1169,0
ECK,D,20110520,000000,6.4952,6.4952,6.4952,6.4952,488,0
ECK,D,20110524,000000,6.2984,6.2984,6.2984,6.2984,610,0
ECK,D,20110525,000000,6.5937,7.0857,6.5937,6.8889,978,0
ECK,D,20110601,000000,6.7905,6.7905,6.7905,6.7905,120,0
ECK,D,20110602,000000,6.7905,6.8889,6.5937,6.5937,4902,0
ECK,D,20110606,000000,6.4952,6.8889,6.4952,6.5937,253,0
ECK,D,20110607,000000,6.8889,6.8889,6.8889,6.8889,1,0
ECK,D,20110608,000000,6.8889,7.2825,6.8889,7.2825,590,0
ECK,D,20110609,000000,6.9873,7.2825,6.8889,7.2825,1751,0
ECK,D,20110610,000000,6.9873,7.4794,6.6921,7.1841,2127,0
ECK,D,20110613,000000,6.8889,7.4794,6.8889,7.4794,367,0
ECK,D,20110614,000000,6.7905,7.0857,6.7905,7.0857,651,0
ECK,D,20110617,000000,6.2984,6.4952,6.2984,6.3968,721,0
ECK,D,20110620,000000,6.6921,6.9873,6.4952,6.9873,1992,0
ECK,D,20110624,000000,6.3968,6.9873,6.3968,6.7905,1199,0
ECK,D,20110629,000000,6.3968,7.7746,6.3968,7.2825,1464,0
ECK,D,20110630,000000,6.8889,6.8889,5.9048,6.7905,3000,0
ECK,D,20110704,000000,5.9048,6.0032,5.9048,5.9048,1240,0
ECK,D,20110705,000000,5.9048,5.9048,5.9048,5.9048,569,0
ECK,D,20110706,000000,5.9048,5.9048,5.9048,5.9048,833,0
ECK,D,20110707,000000,5.9048,6.5937,5.9048,6.5937,49,0
ECK,D,20110712,000000,5.7079,6.0032,5.7079,6.0032,1996,0
ECK,D,20110714,000000,5.6095,5.6095,5.6095,5.6095,447,0
ECK,D,20110715,000000,5.7079,5.7079,5.7079,5.7079,152,0
ECK,D,20110718,000000,5.6095,5.6095,5.2159,5.3143,1057,0
ECK,D,20110719,000000,5.2159,5.2159,4.4286,4.7238,3475,0
ECK,D,20110720,000000,5.1175,5.1175,4.6254,4.6254,792,0
ECK,D,20110721,000000,4.2317,4.2317,3.9365,4.2317,427,0
ECK,D,20110722,000000,4.2317,4.2317,3.9365,3.9365,508,0
ECK,D,20110725,000000,4.0349,4.4286,4.0349,4.4286,83,0
ECK,D,20110726,000000,4.1333,4.2317,4.1333,4.2317,1067,0
ECK,D,20110727,000000,4.4286,4.4286,4.1333,4.1333,1403,0
ECK,D,20110728,000000,4.1333,4.1333,4.1333,4.1333,5182,0
ECK,D,20110729,000000,4.1333,4.4286,4.1333,4.1333,4069,0
ECK,D,20110801,000000,4.9206,4.9206,4.2317,4.2317,2195,0
ECK,D,20110802,000000,4.2317,4.2317,3.7397,3.9365,1992,0
ECK,D,20110803,000000,3.9365,4.0349,3.5429,3.6413,2058,0
ECK,D,20110804,000000,3.4444,4.0349,2.9524,2.9524,1772,0
ECK,D,20110808,000000,3.2476,3.2476,3.2476,3.2476,1270,0
ECK,D,20110810,000000,2.9524,3.346,2.9524,2.9524,3394,0
ECK,D,20110812,000000,2.9524,3.2476,2.6571,3.2476,33161,0
ECK,D,20110816,000000,3.4444,3.5429,3.346,3.346,25348,0
ECK,D,20110817,000000,3.4444,3.6413,3.4444,3.6413,184,0
ECK,D,20110818,000000,3.5429,3.5429,2.7556,2.854,13251,0
ECK,D,20110819,000000,2.7556,2.7556,2.7556,2.7556,508,0
ECK,D,20110822,000000,2.854,3.2476,2.854,3.1492,6900,0
ECK,D,20110823,000000,3.346,3.7397,3.2476,3.7397,1722,0
ECK,D,20110824,000000,3.1492,3.346,3.1492,3.346,1692,0
ECK,D,20110825,000000,3.4444,3.6413,3.4444,3.6413,6321,0
ECK,D,20110826,000000,3.4444,3.4444,3.2476,3.4444,843,0
ECK,D,20110829,000000,3.4444,3.4444,3.0508,3.0508,2063,0
ECK,D,20110830,000000,3.4444,3.4444,3.0508,3.0508,3363,0
ECK,D,20110831,000000,3.2476,3.2476,3.0508,3.0508,3973,0
ECK,D,20110901,000000,3.1492,3.2476,2.9524,3.1492,4231,0
ECK,D,20110902,000000,3.0508,3.0508,2.9524,2.9524,1423,0
ECK,D,20110905,000000,3.1492,3.346,2.854,3.1492,29173,0
ECK,D,20110906,000000,3.0508,3.2476,2.9524,3.1492,56077,0
ECK,D,20110907,000000,3.2476,4.1333,3.1492,4.1333,23197,0
ECK,D,20110908,000000,3.9365,4.8222,3.9365,4.527,9383,0
ECK,D,20110909,000000,4.0349,4.4286,3.9365,4.2317,2439,0
ECK,D,20110912,000000,3.8381,3.9365,3.8381,3.9365,10150,0
ECK,D,20110913,000000,3.8381,3.8381,3.7397,3.7397,1230,0
ECK,D,20110914,000000,3.4444,3.6413,3.2476,3.4444,19759,0
ECK,D,20110916,000000,3.346,3.346,3.346,3.346,1016,0
ECK,D,20110919,000000,3.2476,3.9365,3.2476,3.7397,3114,0
ECK,D,20110920,000000,3.5429,4.0349,3.1492,3.7397,5218,0
ECK,D,20110921,000000,3.4444,3.4444,3.4444,3.4444,813,0
ECK,D,20110922,000000,3.1492,3.4444,3.0508,3.4444,7824,0
ECK,D,20110923,000000,2.9524,3.346,2.854,3.346,3961,0
ECK,D,20110926,000000,3.346,3.5429,3.2476,3.2476,2032,0
ECK,D,20110927,000000,3.1492,3.2476,3.1492,3.2476,1677,0
ECK,D,20110928,000000,3.0508,3.0508,3.0508,3.0508,138,0
ECK,D,20110929,000000,3.1492,3.5429,3.1492,3.5429,610,0
ECK,D,20110930,000000,3.0508,3.1492,2.9524,3.0508,4079,0
ECK,D,20111003,000000,2.854,2.9524,2.854,2.854,3302,0
ECK,D,20111004,000000,3.2476,3.2476,3.0508,3.0508,4776,0
ECK,D,20111005,000000,3.1492,3.7397,3.1492,3.7397,1799,0
ECK,D,20111006,000000,3.6413,4.4286,3.6413,4.2317,2441,0
ECK,D,20111007,000000,3.8381,3.8381,3.8381,3.8381,305,0
ECK,D,20111010,000000,3.6413,3.6413,3.6413,3.6413,711,0
ECK,D,20111011,000000,3.2476,3.2476,3.2476,3.2476,915,0
ECK,D,20111013,000000,3.346,3.346,3.1492,3.2476,2642,0
ECK,D,20111014,000000,3.1492,3.1492,3.0508,3.0508,1677,0
ECK,D,20111024,000000,2.9524,3.2476,2.854,3.2476,3405,0
ECK,D,20111025,000000,2.854,2.854,2.854,2.854,5589,0
ECK,D,20111026,000000,2.9524,2.9524,2.9524,2.9524,406,0
ECK,D,20111031,000000,2.854,3.2476,2.854,3.2476,6910,0
ECK,D,20111103,000000,3.346,3.8381,2.9524,3.8381,3532,0
ECK,D,20111104,000000,3.346,3.346,3.346,3.346,508,0
ECK,D,20111107,000000,2.9524,3.9365,2.9524,3.5429,4491,0
ECK,D,20111110,000000,3.346,3.346,3.346,3.346,1016,0
ECK,D,20111114,000000,3.1492,3.1492,3.0508,3.0508,1219,0
ECK,D,20111115,000000,3.0508,3.0508,2.9524,2.9524,1727,0
ECK,D,20111116,000000,2.854,3.1492,2.854,3.1492,1128,0
ECK,D,20111117,000000,2.854,3.0508,2.854,3.0508,3048,0
ECK,D,20111122,000000,2.854,2.854,2.6571,2.6571,7113,0
ECK,D,20111123,000000,2.4603,2.4603,2.4603,2.4603,2539,0
ECK,D,20111124,000000,2.4603,2.5587,2.4603,2.5587,904,0
ECK,D,20111129,000000,2.5587,2.5587,2.5587,2.5587,1016,0
ECK,D,20111130,000000,2.854,2.854,2.854,2.854,915,0
ECK,D,20111201,000000,3.0508,3.346,3.0508,3.346,1179,0
ECK,D,20111212,000000,2.9524,3.346,2.9524,3.346,437,0
ECK,D,20111216,000000,2.9524,3.346,2.9524,3.346,1017,0
ECK,D,20111222,000000,2.7556,3.8381,2.7556,3.346,8299,0
ECK,D,20111227,000000,3.1492,3.346,3.0508,3.0508,2753,0
ECK,D,20111228,000000,3.0508,3.0508,2.9524,3.0508,1059,0
ECK,D,20111230,000000,3.2476,3.2476,3.2476,3.2476,254,0
ECK,D,20120103,000000,2.854,3.346,2.854,3.346,112,0
ECK,D,20120104,000000,2.9524,3.346,2.9524,3.346,1331,0
ECK,D,20120110,000000,3.346,3.346,3.346,3.346,3,0
ECK,D,20120120,000000,3.346,3.346,3.346,3.346,10,0
ECK,D,20120123,000000,3.2476,3.2476,3.2476,3.2476,6775,0
ECK,D,20120126,000000,2.854,3.4444,2.854,3.346,2253,0
ECK,D,20120206,000000,2.9524,2.9524,2.9524,2.9524,305,0
ECK,D,20120208,000000,3.0508,3.0508,3.0508,3.0508,30,0
ECK,D,20120209,000000,3.0508,3.0508,3.0508,3.0508,244,0
ECK,D,20120210,000000,2.9524,3.0508,2.854,3.0508,1026,0
ECK,D,20120213,000000,2.9524,2.9524,2.9524,2.9524,1118,0
ECK,D,20120214,000000,2.9524,2.9524,2.9524,2.9524,2032,0
ECK,D,20120216,000000,3.0508,3.0508,3.0508,3.0508,2032,0
ECK,D,20120217,000000,3.1492,3.2476,3.1492,3.2476,889,0
ECK,D,20120220,000000,3.2476,3.2476,3.2476,3.2476,102,0
ECK,D,20120224,000000,2.9524,2.9524,2.9524,2.9524,2794,0
ECK,D,20120228,000000,2.854,2.854,2.854,2.854,3455,0
ECK,D,20120229,000000,2.9524,3.0508,2.9524,3.0508,3125,0
ECK,D,20120301,000000,2.854,2.9524,2.854,2.9524,4847,0
ECK,D,20120302,000000,2.854,2.854,2.854,2.854,1219,0
ECK,D,20120307,000000,2.854,2.854,2.854,2.854,2032,0
ECK,D,20120308,000000,2.854,4.0349,2.854,4.0349,14611,0
ECK,D,20120309,000000,4.1333,4.3302,3.5429,3.5429,1253,0
ECK,D,20120312,000000,3.1492,3.346,2.9524,3.2476,2515,0
ECK,D,20120313,000000,2.9524,3.2476,2.9524,3.0508,1844,0
ECK,D,20120315,000000,2.854,3.0508,2.854,3.0508,389,0
ECK,D,20120319,000000,3.2476,3.2476,3.2476,3.2476,10,0
ECK,D,20120320,000000,2.854,3.2476,2.854,3.2476,498,0
ECK,D,20120321,000000,2.7556,3.0508,2.7556,3.0508,394,0
ECK,D,20120403,000000,2.854,2.854,2.854,2.854,1118,0
ECK,D,20120404,000000,2.9524,2.9524,2.9524,2.9524,305,0
ECK,D,20120413,000000,3.0508,3.0508,3.0508,3.0508,10,0
ECK,D,20120418,000000,2.7556,2.7556,2.7556,2.7556,203,0
ECK,D,20120423,000000,2.7556,2.7556,2.7556,2.7556,71,0
ECK,D,20120426,000000,2.9524,2.9524,2.9524,2.9524,996,0
ECK,D,20120427,000000,2.9524,2.9524,2.9524,2.9524,396,0
ECK,D,20120502,000000,2.9524,2.9524,2.9524,2.9524,305,0
ECK,D,20120504,000000,2.9524,3.4444,2.9524,3.4444,1989,0
ECK,D,20120508,000000,3.346,3.4444,2.9524,2.9524,371,0
ECK,D,20120510,000000,2.9524,2.9524,2.9524,2.9524,193,0
ECK,D,20120514,000000,3.346,3.8381,3.346,3.8381,1985,0
ECK,D,20120515,000000,3.8381,4.527,3.6413,4.527,17615,0
ECK,D,20120516,000000,4.0349,4.6254,4.0349,4.6254,2095,0
ECK,D,20120517,000000,4.2317,4.4286,4.2317,4.4286,767,0
ECK,D,20120518,000000,4.3302,5.3143,4.3302,4.3302,3813,0
ECK,D,20120521,000000,3.6413,5.019,3.6413,4.4286,1748,0
ECK,D,20120522,000000,4.527,4.8222,4.527,4.8222,1282,0
ECK,D,20120523,000000,4.4286,5.4127,4.4286,5.4127,1108,0
ECK,D,20120524,000000,5.019,6.2984,5.019,6.2984,4499,0
ECK,D,20120525,000000,7.2825,7.2825,7.1841,7.1841,223,0
ECK,D,20120528,000000,6.3968,7.1841,5.8063,5.8063,2573,0
ECK,D,20120529,000000,5.6095,5.6095,5.6095,5.6095,445,0
ECK,D,20120530,000000,5.6095,5.6095,5.6095,5.6095,2,0
ECK,D,20120601,000000,5.7079,5.7079,5.6095,5.6095,854,0
ECK,D,20120604,000000,5.2159,5.4127,5.2159,5.4127,813,0
ECK,D,20120605,000000,5.2159,5.2159,5.2159,5.2159,206,0
ECK,D,20120613,000000,4.4286,4.4286,4.4286,4.4286,203,0
ECK,D,20120614,000000,4.6254,4.6254,4.6254,4.6254,203,0
ECK,D,20120615,000000,4.9206,5.4127,4.9206,5.4127,508,0
ECK,D,20120622,000000,5.019,5.019,5.019,5.019,183,0
ECK,D,20120626,000000,4.7238,4.9206,4.7238,4.9206,412,0
ECK,D,20120629,000000,4.7238,4.7238,4.7238,4.7238,528,0
ECK,D,20120703,000000,4.2317,4.2317,4.2317,4.2317,584,0
ECK,D,20120705,000000,4.0349,5.019,4.0349,5.019,2885,0
ECK,D,20120706,000000,4.527,4.527,4.527,4.527,6,0
ECK,D,20120709,000000,4.1333,4.2317,4.1333,4.1333,2049,0
ECK,D,20120711,000000,3.9365,5.1175,3.9365,5.1175,2081,0
ECK,D,20120712,000000,4.9206,5.4127,4.9206,4.9206,742,0
ECK,D,20120713,000000,4.527,5.019,4.527,5.019,1762,0
ECK,D,20120716,000000,5.3143,5.7079,5.3143,5.7079,510,0
ECK,D,20120718,000000,5.4127,5.4127,5.2159,5.2159,551,0
ECK,D,20120720,000000,5.3143,5.3143,5.3143,5.3143,5,0
ECK,D,20120723,000000,4.8222,4.8222,4.4286,4.6254,1468,0
ECK,D,20120724,000000,4.4286,4.4286,4.4286,4.4286,655,0
ECK,D,20120725,000000,4.4286,4.4286,4.4286,4.4286,434,0
ECK,D,20120730,000000,4.0349,4.0349,4.0349,4.0349,660,0
ECK,D,20120806,000000,3.4444,3.4444,3.4444,3.4444,3,0
ECK,D,20120808,000000,3.9365,3.9365,3.9365,3.9365,152,0
ECK,D,20120809,000000,3.9365,4.7238,3.7397,4.7238,2026,0
ECK,D,20120817,000000,4.4286,6.3968,4.4286,5.8063,17354,0
ECK,D,20120820,000000,5.2159,6.2,4.8222,5.5111,2194,0
ECK,D,20120821,000000,5.4127,5.4127,5.019,5.019,1575,0
ECK,D,20120822,000000,4.8222,4.8222,4.8222,4.8222,386,0
ECK,D,20120827,000000,4.527,4.527,4.1333,4.1333,1448,0
ECK,D,20120828,000000,4.2317,4.2317,4.2317,4.2317,19,0
ECK,D,20120913,000000,4.2317,4.4286,4.2317,4.4286,1022,0
ECK,D,20120914,000000,4.527,4.527,4.527,4.527,610,0
ECK,D,20120917,000000,4.6254,4.6254,4.6254,4.6254,559,0
ECK,D,20120918,000000,4.527,4.9206,4.527,4.9206,2794,0
ECK,D,20120919,000000,4.9206,5.2159,4.8222,4.8222,31906,0
ECK,D,20120926,000000,4.8222,4.8222,4.8222,4.8222,149,0
ECK,D,20120927,000000,4.6254,4.9206,4.6254,4.9206,615,0
ECK,D,20121002,000000,4.4286,4.527,4.4286,4.4286,1027,0
ECK,D,20121004,000000,4.527,5.3143,4.527,4.7238,2205,0
ECK,D,20121016,000000,4.6254,4.6254,4.6254,4.6254,305,0
ECK,D,20121026,000000,4.4286,4.8222,4.4286,4.8222,2042,0
ECK,D,20121106,000000,4.6254,4.8222,4.6254,4.8222,427,0
ECK,D,20121108,000000,4.1333,5.7079,3.9365,4.3302,9741,0
ECK,D,20121112,000000,3.5429,4.9206,3.5429,4.9206,2021,0
ECK,D,20121113,000000,3.9365,4.7238,3.9365,4.7238,181,0
ECK,D,20121120,000000,3.9365,4.6254,3.9365,4.6254,772,0
ECK,D,20121121,000000,3.8381,3.8381,3.8381,3.8381,467,0
ECK,D,20121123,000000,3.9365,4.527,3.9365,4.527,793,0
ECK,D,20121126,000000,3.8381,4.2317,3.8381,4.2317,136,0
ECK,D,20121205,000000,4.1333,4.2317,4.1333,4.2317,508,0
ECK,D,20121217,000000,3.9365,4.2317,3.9365,4.2317,20,0
ECK,D,20121227,000000,4.2317,4.7238,4.2317,4.7238,823,0
ECK,D,20121228,000000,4.7238,4.7238,4.7238,4.7238,102,0
ECK,D,20130102,000000,4.9206,4.9206,4.9206,4.9206,10,0
ECK,D,20130122,000000,4.4286,4.4286,4.1333,4.3302,368,0
ECK,D,20130125,000000,3.5429,4.3302,3.5429,4.3302,105,0
ECK,D,20130128,000000,4.3302,4.3302,4.3302,4.3302,10,0
ECK,D,20130227,000000,3.5429,3.5429,3.5429,3.5429,427,0
ECK,D,20130402,000000,3.6413,3.9365,3.6413,3.9365,7103,0
ECK,D,20130405,000000,3.5429,3.5429,3.5429,3.5429,478,0
ECK,D,20130515,000000,2.9524,2.9524,2.9524,2.9524,1321,0
ECK,D,20130527,000000,3.0508,3.0508,3.0508,3.0508,335,0
ECK,D,20130528,000000,3.6413,3.6413,3.6413,3.6413,10,0
ECK,D,20130531,000000,3.6413,4.2317,3.6413,4.2317,5148,0
ECK,D,20130624,000000,3.7397,3.7397,3.7397,3.7397,7113,0
ECK,D,20130626,000000,4.2317,4.2317,3.8381,3.8381,6102,0
ECK,D,20130627,000000,3.6413,3.6413,3.0508,3.0508,1433,0
ECK,D,20130701,000000,3.0508,3.0508,3.0508,3.0508,4456,0
ECK,D,20130703,000000,3.7397,3.7397,3.7397,3.7397,122,0
ECK,D,20130710,000000,3.0508,3.0508,3.0508,3.0508,356,0
ECK,D,20130715,000000,3.5429,3.7397,3.5429,3.7397,671,0
ECK,D,20130716,000000,4.0349,4.0349,4.0349,4.0349,10,0
ECK,D,20130722,000000,4.0349,4.1333,4.0349,4.1333,782,0
ECK,D,20130724,000000,3.8381,3.8381,3.8381,3.8381,467,0
ECK,D,20130725,000000,3.8381,3.8381,3.8381,3.8381,457,0
ECK,D,20130726,000000,3.9365,4.7238,3.9365,4.7238,1358,0
ECK,D,20130729,000000,4.4286,5.1175,4.4286,5.1175,1406,0
ECK,D,20130730,000000,5.1175,5.2159,4.3302,5.1175,6747,0
ECK,D,20130731,000000,4.7238,5.3143,4.7238,5.3143,663,0
ECK,D,20130806,000000,4.9206,5.3143,4.9206,5.3143,2428,0
ECK,D,20130807,000000,4.6254,4.6254,4.6254,4.6254,366,0
ECK,D,20130812,000000,4.7238,4.7238,4.7238,4.7238,325,0
ECK,D,20130813,000000,5.2159,5.3143,5.2159,5.3143,1171,0
ECK,D,20130814,000000,5.3143,5.7079,5.019,5.7079,1401,0
ECK,D,20130816,000000,5.1175,5.1175,5.1175,5.1175,305,0
ECK,D,20130819,000000,4.1333,4.9206,4.1333,4.9206,115,0
ECK,D,20130905,000000,4.4286,4.4286,4.4286,4.4286,345,0
ECK,D,20130910,000000,4.4286,4.4286,4.4286,4.4286,203,0
ECK,D,20130917,000000,4.1333,4.1333,4.1333,4.1333,203,0
ECK,D,20130919,000000,4.527,4.527,4.527,4.527,356,0
ECK,D,20130924,000000,4.3302,4.3302,4.3302,4.3302,221,0
ECK,D,20130926,000000,3.9365,4.1333,3.9365,4.1333,709,0
ECK,D,20131002,000000,4.0349,4.0349,4.0349,4.0349,254,0
ECK,D,20131007,000000,4.0349,4.0349,4.0349,4.0349,203,0
ECK,D,20131015,000000,4.1333,4.1333,4.1333,4.1333,203,0
ECK,D,20131021,000000,3.7397,3.7397,3.7397,3.7397,528,0
ECK,D,20131029,000000,4.1333,4.4286,4.1333,4.4286,11955,0
ECK,D,20131105,000000,4.527,4.527,4.527,4.527,203,0
ECK,D,20131127,000000,4.6254,4.6254,4.6254,4.6254,0,0
ECK,D,20131213,000000,3.8381,3.8381,3.8381,3.8381,305,0
ECK,D,20131218,000000,4.4286,4.4286,4.3302,4.3302,17386,0
ECK,D,20131220,000000,3.9365,4.527,3.9365,4.527,204,0
ECK,D,20131223,000000,4.6254,4.6254,4.0349,4.4286,25708,0
ECK,D,20140107,000000,4.9206,4.9206,4.9206,4.9206,10,0
ECK,D,20140113,000000,3.9365,3.9365,3.9365,3.9365,691,0
ECK,D,20140122,000000,3.9365,3.9365,3.9365,3.9365,305,0
ECK,D,20140210,000000,3.6413,3.6413,3.6413,3.6413,203,0
ECK,D,20140214,000000,4.3302,4.4286,4.3302,4.4286,4985,0
ECK,D,20140217,000000,4.8222,4.8222,4.8222,4.8222,86,0
ECK,D,20140219,000000,4.3302,4.8222,4.3302,4.8222,11016,0
ECK,D,20140220,000000,4.4286,4.8222,4.4286,4.8222,12392,0
ECK,D,20140224,000000,4.8222,4.8222,4.8222,4.8222,2744,0
ECK,D,20140304,000000,4.1333,4.1333,4.1333,4.1333,254,0
ECK,D,20140313,000000,3.9365,3.9365,3.9365,3.9365,406,0
ECK,D,20140411,000000,4.0349,4.0349,4.0349,4.0349,381,0
ECK,D,20140415,000000,3.8381,3.8381,3.8381,3.8381,0,0
ECK,D,20140416,000000,4.0349,4.0349,4.0349,4.0349,10,0
ECK,D,20140423,000000,4.4286,4.527,4.4286,4.4286,1272,0
ECK,D,20140425,000000,4.9206,4.9206,4.4286,4.4286,20,0
ECK,D,20140521,000000,4.2317,4.2317,4.2317,4.2317,11381,0
ECK,D,20140529,000000,4.8222,4.8222,4.8222,4.8222,10,0
ECK,D,20140603,000000,4.2317,4.2317,4.2317,4.2317,762,0
ECK,D,20140609,000000,4.1333,4.1333,4.1333,4.1333,427,0
ECK,D,20140611,000000,4.6254,4.6254,4.6254,4.6254,508,0
ECK,D,20140612,000000,4.2317,4.2317,4.2317,4.2317,498,0
ECK,D,20140625,000000,4.2317,4.2317,4.2317,4.2317,386,0
ECK,D,20140626,000000,4.6254,4.6254,4.6254,4.6254,5,0
ECK,D,20140804,000000,3.7397,4.2317,3.7397,4.2317,344,0
ECK,D,20140813,000000,3.7397,3.7397,3.4444,3.4444,921,0
ECK,D,20140818,000000,3.2476,3.2476,3.2476,3.2476,508,0
ECK,D,20140819,000000,3.1492,3.1492,2.9524,2.9524,1316,0
ECK,D,20140826,000000,2.854,2.854,2.854,2.854,896,0
ECK,D,20140912,000000,3.0508,3.0508,3.0508,3.0508,10,0
ECK,D,20140917,000000,3.0508,3.0508,3.0508,3.0508,33,0
ECK,D,20141003,000000,3.0508,3.1492,3.0508,3.1492,383,0
ECK,D,20141006,000000,3.1492,3.1492,3.1492,3.1492,0,0
ECK,D,20141013,000000,3.7397,3.7397,3.7397,3.7397,305,0
ECK,D,20141014,000000,3.7397,3.7397,3.7397,3.7397,102,0
ECK,D,20141031,000000,3.1492,3.7397,3.1492,3.7397,275,0
ECK,D,20141103,000000,3.0508,3.0508,3.0508,3.0508,413,0
ECK,D,20141113,000000,3.0508,3.0508,3.0508,3.0508,1,0
ECK,D,20141121,000000,3.6413,3.6413,3.6413,3.6413,10,0
ECK,D,20141201,000000,3.2476,3.2476,3.2476,3.2476,2429,0
ECK,D,20141205,000000,3.1492,3.6413,3.1492,3.6413,694,0
ECK,D,20141218,000000,3.0508,3.0508,2.854,2.854,1502,0
ECK,D,20150122,000000,2.854,2.854,2.854,2.854,51,0
ECK,D,20150123,000000,2.5587,2.5587,2.5587,2.5587,305,0
ECK,D,20150204,000000,2.854,2.854,2.854,2.854,2,0
ECK,D,20150206,000000,2.5587,2.5587,2.4603,2.4603,1219,0
ECK,D,20150224,000000,2.1651,2.1651,2.1651,2.1651,711,0
ECK,D,20150225,000000,2.5587,2.5587,2.5587,2.5587,11,0
ECK,D,20150312,000000,2.5587,2.5587,2.5587,2.5587,599,0
ECK,D,20150313,000000,2.854,2.854,2.854,2.854,384,0
ECK,D,20150317,000000,3.4444,3.4444,3.4444,3.4444,53,0
ECK,D,20150318,000000,3.9365,3.9365,3.9365,3.9365,10,0
ECK,D,20150320,000000,3.8381,3.8381,3.7397,3.7397,2267,0
ECK,D,20150323,000000,3.8381,3.8381,3.8381,3.8381,102,0
ECK,D,20150420,000000,3.4444,3.7397,3.4444,3.7397,3302,0
ECK,D,20150421,000000,3.346,3.346,3.346,3.346,610,0
ECK,D,20150506,000000,2.5587,2.5587,2.5587,2.5587,610,0
ECK,D,20150507,000000,2.1651,2.1651,1.7714,1.7714,722,0
ECK,D,20150518,000000,2.0667,2.0667,2.0667,2.0667,610,0
ECK,D,20150521,000000,2.1651,2.4603,2.1651,2.4603,5125,0
ECK,D,20150525,000000,1.9683,1.9683,1.9683,1.9683,2032,0
ECK,D,20150526,000000,1.9683,2.0667,1.9683,2.0667,1067,0
ECK,D,20150529,000000,2.1651,2.1651,2.1651,2.1651,15293,0
ECK,D,20150617,000000,2.2635,2.2635,2.0863,2.0863,1402,0
ECK,D,20150618,000000,1.9486,1.9486,1.7714,1.9289,1047,0
ECK,D,20150619,000000,1.9289,1.9289,1.9289,1.9289,732,0
ECK,D,20150624,000000,1.8994,1.8994,1.8994,1.8994,610,0
ECK,D,20150630,000000,1.9683,1.9781,1.9683,1.9781,1016,0
ECK,D,20150702,000000,1.9781,1.9781,1.9781,1.9781,203,0
ECK,D,20150707,000000,1.9683,1.9683,1.8797,1.8797,2388,0
ECK,D,20150803,000000,1.7714,1.7714,1.7714,1.7714,915,0
ECK,D,20150813,000000,1.7714,1.7714,1.7714,1.7714,915,0
ECK,D,20150814,000000,1.8698,1.8698,1.4959,1.4959,2906,0
ECK,D,20150821,000000,1.2006,1.2006,1.2006,1.2006,6706,0
ECK,D,20150824,000000,1.0038,1.0038,1.0038,1.0038,1368,0
ECK,D,20150828,000000,1.181,1.181,1.181,1.181,1001,0
ECK,D,20150901,000000,1.181,1.181,1.181,1.181,1016,0
ECK,D,20150908,000000,1.2597,1.3187,1.2597,1.3187,4938,0
ECK,D,20150909,000000,1.3679,1.3679,1.181,1.181,676,0
ECK,D,20150916,000000,1.3679,1.3679,1.181,1.181,1677,0
ECK,D,20150922,000000,1.2302,1.2302,1.2302,1.2302,1016,0
ECK,D,20151013,000000,1.2006,1.2006,1.2006,1.2006,1219,0
ECK,D,20151014,000000,1.2006,1.2006,1.2006,1.2006,305,0
ECK,D,20151028,000000,1.2794,1.2794,1.0924,1.0924,2073,0
ECK,D,20151030,000000,1.0038,1.0038,1.0038,1.0038,1016,0
ECK,D,20151110,000000,1.0825,1.0825,1.0825,1.0825,2032,0
ECK,D,20151117,000000,0.9349,0.9349,0.9349,0.9349,2065,0
ECK,D,20151118,000000,0.9349,0.9349,0.9349,0.9349,915,0
ECK,D,20151207,000000,0.9841,0.9841,0.9841,0.9841,305,0
ECK,D,20151211,000000,0.8857,0.8857,0.8857,0.8857,2,0
ECK,D,20151214,000000,0.8857,0.8857,0.8857,0.8857,1016,0
ECK,D,20151215,000000,0.8562,0.8562,0.8562,0.8562,1016,0
ECK,D,20151221,000000,0.866,0.866,0.866,0.866,2032,0
ECK,D,20151222,000000,0.8365,0.8365,0.8365,0.8365,1219,0
ECK,D,20151223,000000,0.9054,0.9054,0.9054,0.9054,1118,0
ECK,D,20151228,000000,0.7479,0.8759,0.7479,0.8759,545,0
ECK,D,20151229,000000,0.9841,1.181,0.9841,1.181,959,0
ECK,D,20160104,000000,1.181,1.181,1.1317,1.1317,6097,0
ECK,D,20160105,000000,1.0629,1.0629,1.0629,1.0629,4065,0
ECK,D,20160107,000000,1.0137,1.0137,1.0137,1.0137,2031,0
ECK,D,20160112,000000,1.0629,1.0629,1.0629,1.0629,2032,0
ECK,D,20160113,000000,1.0629,1.0629,1.0137,1.0629,4814,0
ECK,D,20160119,000000,0.9841,0.9841,0.9841,0.9841,1015,0
ECK,D,20160122,000000,1.0038,1.0038,1.0038,1.0038,28960,0
ECK,D,20160128,000000,1.0038,1.0038,1.0038,1.0038,1016,0
ECK,D,20160129,000000,1.0038,1.0038,1.0038,1.0038,102,0
ECK,D,20160203,000000,1.0038,1.0038,1.0038,1.0038,1219,0
ECK,D,20160211,000000,0.9349,0.9349,0.9349,0.9349,2032,0
ECK,D,20160212,000000,0.9349,0.9349,0.866,0.866,2439,0
ECK,D,20160215,000000,0.9448,1.1317,0.9448,0.9841,3455,0
ECK,D,20160216,000000,0.9841,1.1416,0.9841,1.1416,2744,0
ECK,D,20160217,000000,1.3679,1.3679,1.3679,1.3679,46,0
ECK,D,20160223,000000,1.0235,1.0727,1.0235,1.0727,3048,0
ECK,D,20160229,000000,1.0038,1.0038,0.9448,0.9743,9013,0
ECK,D,20160317,000000,0.9349,0.9349,0.9349,0.9349,2032,0
ECK,D,20160322,000000,0.9152,0.9152,0.8956,0.8956,3658,0
ECK,D,20160405,000000,0.8365,0.8365,0.8365,0.8365,1016,0
ECK,D,20160414,000000,0.9349,0.9743,0.9349,0.9743,2540,0
ECK,D,20160415,000000,0.9743,0.9743,0.9743,0.9743,813,0
ECK,D,20160418,000000,0.9743,0.9743,0.9743,0.9743,1096,0
ECK,D,20160419,000000,0.9841,1.0333,0.9841,1.0333,4492,0
ECK,D,20160420,000000,1.0333,1.0333,1.0333,1.0333,487,0
ECK,D,20160421,000000,1.0727,1.2794,1.0727,1.2794,4847,0
ECK,D,20160422,000000,1.3778,1.4073,1.3778,1.4073,3405,0
ECK,D,20160425,000000,1.2302,1.2302,1.2302,1.2302,457,0
ECK,D,20160427,000000,1.24,1.24,1.24,1.24,406,0
ECK,D,20160428,000000,1.24,1.24,1.2105,1.2105,2032,0
ECK,D,20160505,000000,1.1514,1.1514,0.9841,1.0038,19865,0
ECK,D,20160506,000000,1.0038,1.0038,1.0038,1.0038,6097,0
ECK,D,20160510,000000,0.9841,0.9841,0.9841,0.9841,4065,0
ECK,D,20160512,000000,0.9349,0.9349,0.9349,0.9349,742,0
ECK,D,20160517,000000,0.9743,0.9743,0.9743,0.9743,559,0
ECK,D,20160519,000000,1.0137,1.0137,1.0137,1.0137,508,0
ECK,D,20160520,000000,0.9841,0.9841,0.9743,0.9841,7113,0
ECK,D,20160524,000000,0.9841,0.9841,0.9841,0.9841,4573,0
ECK,D,20160530,000000,0.994,0.994,0.994,0.994,6097,0
ECK,D,20160531,000000,0.9546,0.9546,0.9546,0.9546,610,0
ECK,D,20160602,000000,0.9152,0.9152,0.9152,0.9152,1016,0
ECK,D,20160603,000000,0.9644,0.9644,0.9644,0.9644,610,0
ECK,D,20160606,000000,0.9054,0.9054,0.9054,0.9054,1016,0
ECK,D,20160613,000000,0.9251,0.9251,0.9251,0.9251,610,0
ECK,D,20160620,000000,0.8956,0.8956,0.8956,0.8956,711,0
ECK,D,20160623,000000,0.8365,0.8365,0.8365,0.8365,2004,0
ECK,D,20160707,000000,0.8365,0.8365,0.8365,0.8365,988,0
ECK,D,20160711,000000,0.8365,0.8365,0.8365,0.8365,2004,0
ECK,D,20160713,000000,0.8365,0.8365,0.8365,0.8365,1975,0
ECK,D,20160714,000000,0.8365,0.8365,0.8365,0.8365,3020,0
ECK,D,20160718,000000,0.8365,0.866,0.8365,0.866,2068,0
ECK,D,20160721,000000,0.8365,0.8365,0.7873,0.7873,6097,0
ECK,D,20160725,000000,0.7873,0.7873,0.7873,0.7873,4065,0
ECK,D,20160817,000000,0.7479,0.7479,0.7479,0.7479,1423,0
ECK,D,20160818,000000,0.7086,0.7086,0.6889,0.6889,3455,0
ECK,D,20160830,000000,0.679,0.679,0.5905,0.5905,10161,0
ECK,D,20160901,000000,0.5905,0.5905,0.5905,0.5905,16876,0
ECK,D,20160905,000000,0.5806,0.5806,0.47238,0.47238,32516,0
ECK,D,20160919,000000,0.5314,0.5806,0.5314,0.5806,3556,0
ECK,D,20160920,000000,0.5708,0.5708,0.5708,0.5708,345,0
ECK,D,20160921,000000,0.5806,0.5806,0.5216,0.5216,3231,0
ECK,D,20160922,000000,0.48222,0.48222,0.48222,0.48222,3048,0
ECK,D,20160926,000000,0.47238,0.47238,0.47238,0.47238,2134,0
ECK,D,20160927,000000,0.48222,0.5708,0.48222,0.5708,5284,0
ECK,D,20161003,000000,0.5216,0.5216,0.5216,0.5216,1931,0
ECK,D,20161005,000000,0.5314,0.5314,0.5314,0.5314,1270,0
ECK,D,20161017,000000,0.5019,0.5019,0.49206,0.49206,2591,0
ECK,D,20161020,000000,0.48222,0.48222,0.48222,0.48222,254,0
ECK,D,20161103,000000,0.41333,0.41333,0.41333,0.41333,152,0
ECK,D,20161104,000000,0.49206,0.49206,0.49206,0.49206,2235,0
ECK,D,20161107,000000,0.44286,0.44286,0.44286,0.44286,2134,0
ECK,D,20161109,000000,0.4527,0.4527,0.4527,0.4527,417,0
ECK,D,20161114,000000,0.4527,0.4527,0.4527,0.4527,102,0
ECK,D,20161115,000000,0.38381,0.38381,0.38381,0.38381,2032,0
ECK,D,20161118,000000,0.37397,0.39365,0.37397,0.39365,12197,0
ECK,D,20161125,000000,0.36413,0.41333,0.36413,0.41333,4065,0
ECK,D,20161130,000000,0.37397,0.41333,0.37397,0.41333,4877,0
ECK,D,20161209,000000,0.34444,0.34444,0.34444,0.34444,203,0
ECK,D,20161212,000000,0.34444,0.34444,0.34444,0.34444,1,0
ECK,D,20161214,000000,0.43302,0.43302,0.43302,0.43302,2540,0
ECK,D,20161221,000000,0.41333,0.41333,0.41333,0.41333,1016,0
ECK,D,20161222,000000,0.40349,0.40349,0.40349,0.40349,711,0
ECK,D,20161227,000000,0.40349,0.40349,0.40349,0.40349,2743,0
ECK,D,20170119,000000,0.3346,0.3346,0.3346,0.3346,2134,0
ECK,D,20170127,000000,0.35429,0.35429,0.35429,0.35429,26,0
ECK,D,20170130,000000,0.41333,0.41333,0.41333,0.41333,2540,0
ECK,D,20170202,000000,0.38381,0.38381,0.38381,0.38381,3048,0
ECK,D,20170214,000000,0.40349,0.40349,0.40349,0.40349,508,0
ECK,D,20170215,000000,0.40349,0.44286,0.35429,0.35429,2764,0
ECK,D,20170220,000000,0.37397,0.37397,0.37397,0.37397,355,0
ECK,D,20170222,000000,0.44286,0.48222,0.44286,0.48222,2815,0
ECK,D,20170223,000000,0.48222,0.6397,0.47238,0.5905,38369,0
ECK,D,20170224,000000,0.5905,0.5905,0.47238,0.5511,6300,0
ECK,D,20170301,000000,0.48222,0.5708,0.48222,0.5708,2337,0
ECK,D,20170302,000000,0.5413,0.5413,0.46254,0.48222,2667,0
ECK,D,20170306,000000,0.48222,0.5511,0.40349,0.41333,20840,0
ECK,D,20170307,000000,0.48222,0.48222,0.46254,0.46254,7723,0
ECK,D,20170308,000000,0.5216,0.5413,0.5216,0.5413,6188,0
ECK,D,20170310,000000,0.5019,0.5019,0.49206,0.49206,4382,0
ECK,D,20170322,000000,0.49206,0.49206,0.49206,0.49206,191,0
ECK,D,20170328,000000,0.44286,0.44286,0.44286,0.44286,1775,0
ECK,D,20170413,000000,0.5019,0.5019,0.5019,0.5019,559,0
ECK,D,20170418,000000,0.43302,0.43302,0.43302,0.43302,5644,0
ECK,D,20170420,000000,0.4527,0.4527,0.4527,0.4527,508,0
ECK,D,20170421,000000,0.42317,0.42317,0.42317,0.42317,8129,0
ECK,D,20170425,000000,0.42317,0.42317,0.42317,0.42317,1016,0
ECK,D,20170428,000000,0.40349,0.40349,0.38381,0.40349,2611,0
ECK,D,20170502,000000,0.40349,0.40349,0.40349,0.40349,508,0
ECK,D,20170504,000000,0.39365,0.40349,0.39365,0.40349,3048,0
ECK,D,20170505,000000,0.40349,0.40349,0.40349,0.40349,1016,0
ECK,D,20170508,000000,0.40349,0.4527,0.40349,0.4527,7418,0
ECK,D,20170509,000000,0.42317,0.42317,0.42317,0.42317,508,0
ECK,D,20170510,000000,0.48222,0.5708,0.4527,0.5708,45468,0
ECK,D,20170511,000000,0.5806,0.5806,0.47238,0.5413,7684,0
ECK,D,20170515,000000,0.46254,0.5314,0.4527,0.5314,3750,0
ECK,D,20170516,000000,0.4527,0.4527,0.44286,0.44286,5081,0
ECK,D,20170518,000000,0.44286,0.5117,0.44286,0.5117,1829,0
ECK,D,20170524,000000,0.44286,0.44286,0.44286,0.44286,5419,0
ECK,D,20170526,000000,0.4527,0.5117,0.4527,0.5117,2550,0
ECK,D,20170529,000000,0.4527,0.4527,0.4527,0.4527,1524,0
ECK,D,20170609,000000,0.43302,0.43302,0.43302,0.43302,154,0
ECK,D,20170616,000000,0.43302,0.43302,0.43302,0.43302,2589,0
ECK,D,20170619,000000,0.42317,0.42317,0.42317,0.42317,1648,0
ECK,D,20170622,000000,0.47238,0.47238,0.47238,0.47238,78092,0
ECK,D,20170627,000000,0.42317,0.42317,0.42317,0.42317,17274,0
ECK,D,20170707,000000,0.41333,0.48222,0.41333,0.48222,1027,0
ECK,D,20170710,000000,0.48222,0.48222,0.48222,0.48222,13,0
ECK,D,20170713,000000,0.41333,0.41333,0.41333,0.41333,5565,0
ECK,D,20170714,000000,0.48222,0.48222,0.48222,0.48222,10,0
ECK,D,20170719,000000,0.42317,0.42317,0.42317,0.42317,305,0
ECK,D,20170721,000000,0.42317,0.48222,0.42317,0.48222,2247,0
ECK,D,20170724,000000,0.48222,0.48222,0.48222,0.48222,508,0
ECK,D,20170726,000000,0.43302,0.43302,0.43302,0.43302,1016,0
ECK,D,20170731,000000,0.43302,0.43302,0.43302,0.43302,1524,0
ECK,D,20170801,000000,0.40349,0.40349,0.40349,0.40349,1215,0
ECK,D,20170802,000000,0.43302,0.43302,0.43302,0.43302,10,0
ECK,D,20170804,000000,0.43302,0.43302,0.43302,0.43302,1509,0
ECK,D,20170807,000000,0.43302,0.43302,0.43302,0.43302,808,0
ECK,D,20170809,000000,0.43302,0.43302,0.43302,0.43302,508,0
ECK,D,20170810,000000,0.43302,0.43302,0.43302,0.43302,945,0
ECK,D,20170811,000000,0.43302,0.5117,0.43302,0.5117,19305,0
ECK,D,20170816,000000,0.5019,0.5019,0.5019,0.5019,173,0
ECK,D,20170817,000000,0.5216,0.5413,0.5019,0.5019,17365,0
ECK,D,20170818,000000,0.44286,0.46254,0.43302,0.43302,6290,0
ECK,D,20170821,000000,0.43302,0.5117,0.43302,0.5117,29698,0
ECK,D,20170822,000000,0.5117,0.5216,0.5117,0.5117,4877,0
ECK,D,20170823,000000,0.46254,0.5117,0.46254,0.5117,2744,0
ECK,D,20170824,000000,0.5216,0.5216,0.5216,0.5216,3,0
ECK,D,20170829,000000,0.4527,0.5117,0.4527,0.5117,2847,0
ECK,D,20170904,000000,0.47238,0.47238,0.4527,0.47238,5187,0
ECK,D,20170905,000000,0.47238,0.5019,0.47238,0.5019,19594,0
ECK,D,20170906,000000,0.42317,0.49206,0.42317,0.49206,10162,0
ECK,D,20170912,000000,0.48222,0.48222,0.48222,0.48222,15242,0
ECK,D,20171002,000000,0.43302,0.47238,0.42317,0.47238,5590,0
ECK,D,20171009,000000,0.41333,0.43302,0.39365,0.43302,4635,0
ECK,D,20171010,000000,0.42317,0.42317,0.36413,0.36413,3048,0
ECK,D,20171011,000000,0.36413,0.36413,0.34444,0.35429,13655,0
ECK,D,20171012,000000,0.35429,0.35429,0.35429,0.35429,707,0
ECK,D,20171013,000000,0.41333,0.41333,0.41333,0.41333,5,0
ECK,D,20171020,000000,0.41333,0.41333,0.41333,0.41333,600,0
ECK,D,20171023,000000,0.39365,0.39365,0.39365,0.39365,417,0
ECK,D,20171024,000000,0.35429,0.35429,0.35429,0.35429,2267,0
ECK,D,20171025,000000,0.35429,0.35429,0.35429,0.35429,3246,0
ECK,D,20171107,000000,0.31492,0.31492,0.31492,0.31492,1,0
ECK,D,20171109,000000,0.31492,0.31492,0.31492,0.31492,1,0
ECK,D,20171113,000000,0.31492,0.37397,0.31492,0.37397,2090,0
ECK,D,20171114,000000,0.36413,0.39365,0.3346,0.3346,4420,0
ECK,D,20171120,000000,0.32476,0.3346,0.32476,0.3346,4979,0
ECK,D,20171121,000000,0.32476,0.32476,0.32476,0.32476,1017,0
ECK,D,20171130,000000,0.3346,0.36413,0.3346,0.36413,4478,0
ECK,D,20171205,000000,0.3346,0.37397,0.32476,0.37397,19859,0
ECK,D,20171208,000000,0.34444,0.37397,0.34444,0.37397,332952,0
ECK,D,20171212,000000,0.37397,0.37397,0.37397,0.37397,3912,0
ECK,D,20171213,000000,0.37397,0.37397,0.37397,0.37397,1016,0
ECK,D,20171220,000000,0.3346,0.37397,0.3346,0.37397,152,0
ECK,D,20171221,000000,0.3346,0.37397,0.3346,0.37397,1170,0
ECK,D,20180105,000000,0.37397,0.38381,0.34444,0.34444,5082,0
ECK,D,20180108,000000,0.40349,0.40349,0.40349,0.40349,2311,0
ECK,D,20180109,000000,0.40349,0.40349,0.40349,0.40349,1016,0
ECK,D,20180112,000000,0.35429,0.41333,0.35429,0.41333,1945,0
ECK,D,20180124,000000,0.35429,0.35429,0.35429,0.35429,2033,0
ECK,D,20180201,000000,0.35429,0.35429,0.35429,0.35429,81,0
ECK,D,20180202,000000,0.35429,0.35429,0.35429,0.35429,332850,0
ECK,D,20180214,000000,0.35429,0.35429,0.3346,0.3346,9653,0
ECK,D,20180219,000000,0.3346,0.3346,0.3346,0.3346,3048,0
ECK,D,20180221,000000,0.3346,0.3346,0.3346,0.3346,508,0
ECK,D,20180222,000000,0.30508,0.30508,0.30508,0.30508,17274,0
ECK,D,20180223,000000,0.30508,0.30508,0.30508,0.30508,152,0
ECK,D,20180309,000000,0.30508,0.30508,0.30508,0.30508,1372,0
ECK,D,20180313,000000,0.29524,0.29524,0.29524,0.29524,2,0
ECK,D,20180326,000000,0.35429,0.35429,0.30508,0.30508,10161,0
ECK,D,20180327,000000,0.30508,0.30508,0.30508,0.30508,15389,0
ECK,D,20180404,000000,0.31492,0.31492,0.31492,0.31492,1016,0
ECK,D,20180405,000000,0.31492,0.31492,0.30508,0.30508,7113,0
ECK,D,20180406,000000,0.30508,0.30508,0.30508,0.30508,3048,0
ECK,D,20180410,000000,0.29524,0.31492,0.29524,0.31492,14785,0
ECK,D,20180411,000000,0.31492,0.31492,0.31492,0.31492,3423,0
ECK,D,20180419,000000,0.32476,0.32476,0.31492,0.31492,15242,0
ECK,D,20180423,000000,0.37397,0.37397,0.30508,0.32476,64773,0
ECK,D,20180427,000000,0.34444,0.34444,0.34444,0.34444,3048,0
ECK,D,20180502,000000,0.30508,0.30508,0.30508,0.30508,3048,0
ECK,D,20180504,000000,0.32476,0.3346,0.32476,0.3346,5160,0
ECK,D,20180507,000000,0.36413,0.37397,0.36413,0.37397,1219,0
ECK,D,20180508,000000,0.30508,0.30508,0.30508,0.30508,1219,0
ECK,D,20180510,000000,0.31492,0.31492,0.31492,0.31492,5081,0
ECK,D,20180515,000000,0.35429,0.35429,0.35429,0.35429,1067,0
ECK,D,20180518,000000,0.32476,0.36413,0.31492,0.36413,15405,0
ECK,D,20180521,000000,0.3346,0.3346,0.3346,0.3346,10151,0
ECK,D,20180522,000000,0.34444,0.34444,0.34444,0.34444,5894,0
ECK,D,20180523,000000,0.32476,0.32476,0.32476,0.32476,6097,0
ECK,D,20180525,000000,0.30508,0.3346,0.29524,0.3346,15770,0
ECK,D,20180528,000000,0.34444,0.34444,0.30508,0.30508,13930,0
ECK,D,20180529,000000,0.32476,0.34444,0.32476,0.34444,13413,0
ECK,D,20180606,000000,0.3346,0.3346,0.3346,0.3346,117678,0
ECK,D,20180618,000000,0.32476,0.32476,0.32476,0.32476,163,0
ECK,D,20180713,000000,0.32476,0.32476,0.32476,0.32476,3353,0
ECK,D,20180727,000000,0.31492,0.31492,0.31492,0.31492,2451,0
ECK,D,20180730,000000,0.31492,0.31492,0.31492,0.31492,18,0
ECK,D,20180814,000000,0.31492,0.31492,0.31492,0.31492,81,0
ECK,D,20180822,000000,0.35429,0.35429,0.35429,0.35429,102,0
ECK,D,20180906,000000,0.31492,0.31492,0.31492,0.31492,6524,0
ECK,D,20180913,000000,0.3346,0.3346,0.3346,0.3346,1097,0
ECK,D,20180920,000000,0.34444,0.34444,0.34444,0.34444,1016,0
ECK,D,20181127,000000,0.29524,0.29524,0.29524,0.29524,1610,0
ECK,D,20181129,000000,0.29524,0.29524,0.29524,0.29524,36,0
ECK,D,20181203,000000,0.34444,0.34444,0.34444,0.34444,6097,0
ECK,D,20181204,000000,0.37397,0.37397,0.37397,0.37397,508,0
ECK,D,20190128,000000,0.35429,0.35429,0.35429,0.35429,15,0
ECK,D,20190214,000000,0.35429,0.35429,0.35429,0.35429,6097,0
ECK,D,20190215,000000,0.42317,0.42317,0.42317,0.42317,1016,0
ECK,D,20190228,000000,0.39365,0.47238,0.34444,0.34444,21379,0
ECK,D,20190305,000000,0.41333,0.49206,0.41333,0.49206,432,0
ECK,D,20190306,000000,0.44286,0.44286,0.44286,0.44286,437,0
ECK,D,20190307,000000,0.46254,0.46254,0.46254,0.46254,3155,0
ECK,D,20190308,000000,0.46254,0.46254,0.46254,0.46254,1016,0
ECK,D,20190312,000000,0.46254,0.46254,0.46254,0.46254,401,0
ECK,D,20190321,000000,0.5019,0.5019,0.5019,0.5019,965,0
ECK,D,20190401,000000,0.40349,0.40349,0.40349,0.40349,5081,0
ECK,D,20190402,000000,0.46254,0.46254,0.46254,0.46254,203,0
ECK,D,20190411,000000,0.46254,0.46254,0.46254,0.46254,2032,0
ECK,D,20190416,000000,0.42317,0.42317,0.42317,0.42317,4065,0
ECK,D,20190507,000000,0.43302,0.43302,0.43302,0.43302,130,0
ECK,D,20190520,000000,0.40349,0.40349,0.40349,0.40349,813,0
ECK,D,20190521,000000,0.40349,0.40349,0.40349,0.40349,51,0
ECK,D,20190610,000000,0.40349,0.40349,0.40349,0.40349,152,0
ECK,D,20190618,000000,0.42317,0.42317,0.42317,0.42317,56,0
ECK,D,20190802,000000,0.42317,0.42317,0.42317,0.42317,127,0
ECK,D,20190806,000000,0.42317,0.42317,0.42317,0.42317,127,0
ECK,D,20190819,000000,0.37397,0.37397,0.34444,0.34444,6351,0
ECK,D,20190821,000000,0.34444,0.34444,0.34444,0.34444,15496,0
ECK,D,20190828,000000,0.32476,0.32476,0.32476,0.32476,10,0
ECK,D,20190830,000000,0.34444,0.41333,0.34444,0.37397,13616,0
ECK,D,20190902,000000,0.39365,0.39365,0.39365,0.39365,102,0
ECK,D,20190909,000000,0.39168,0.39168,0.39168,0.39168,383,0
ECK,D,20190919,000000,0.372,0.38381,0.372,0.38381,8711,0
ECK,D,20190927,000000,0.39365,0.39365,0.39365,0.39365,132,0
ECK,D,20191115,000000,0.34444,0.35429,0.34444,0.35429,15242,0
ECK,D,20191125,000000,0.32476,0.32476,0.32476,0.32476,1016,0
ECK,D,20191220,000000,0.36413,0.36413,0.36413,0.36413,17903,0
ECK,D,20191230,000000,0.37397,0.44286,0.37397,0.44286,6727,0
ECK,D,20200114,000000,0.39365,0.39365,0.39365,0.39365,5081,0
ECK,D,20200203,000000,0.37397,0.37397,0.37397,0.37397,6097,0
ECK,D,20200217,000000,0.38381,0.561,0.38381,0.46057,28101,0
ECK,D,20200218,000000,0.41333,0.44286,0.34444,0.43302,13820,0
ECK,D,20200220,000000,0.35429,0.40349,0.28933,0.40349,6707,0
ECK,D,20200227,000000,0.32476,0.32476,0.32476,0.32476,1809,0
ECK,D,20200309,000000,0.32476,0.32476,0.32476,0.32476,2591,0
ECK,D,20200318,000000,0.29524,0.29524,0.29524,0.29524,11177,0
ECK,D,20200319,000000,0.29524,0.29524,0.29524,0.29524,12194,0
ECK,D,20200324,000000,0.3346,0.3346,0.3346,0.3346,3048,0
ECK,D,20200330,000000,0.28737,0.28737,0.28737,0.28737,129,0
ECK,D,20200414,000000,0.3346,0.3346,0.3346,0.3346,6097,0
ECK,D,20200416,000000,0.37397,0.37397,0.32476,0.37397,5487,0
ECK,D,20200420,000000,0.40349,0.40349,0.40349,0.40349,1931,0
ECK,D,20200504,000000,0.41333,0.41333,0.41333,0.41333,813,0
ECK,D,20200525,000000,0.36413,0.40349,0.36413,0.40349,11481,0
ECK,D,20200526,000000,0.37397,0.37397,0.37397,0.37397,5894,0
ECK,D,20200615,000000,0.37397,0.37397,0.37397,0.37397,813,0
ECK,D,20200619,000000,0.37397,0.37397,0.37397,0.37397,4065,0
ECK,D,20200629,000000,0.39365,0.39365,0.35429,0.35429,8561,0
ECK,D,20200708,000000,0.36413,0.41333,0.35429,0.41333,26026,0
ECK,D,20200709,000000,0.41333,0.41333,0.39365,0.41333,8896,0
ECK,D,20200713,000000,0.41333,0.4527,0.41333,0.4527,13149,0
ECK,D,20200714,000000,0.44286,0.44286,0.39365,0.39365,11584,0
ECK,D,20200715,000000,0.39562,0.39562,0.39365,0.39365,6097,0
ECK,D,20200724,000000,0.41333,0.41333,0.41333,0.41333,5081,0
ECK,D,20200728,000000,0.44286,0.44286,0.44286,0.44286,2596,0
ECK,D,20200729,000000,0.44286,0.44286,0.40349,0.40349,508,0
ECK,D,20200731,000000,0.44286,0.5216,0.44286,0.5216,2185,0
ECK,D,20200803,000000,0.5314,0.5314,0.5314,0.5314,1829,0
ECK,D,20200804,000000,0.4527,0.5019,0.4527,0.5019,10241,0
ECK,D,20200805,000000,0.5019,0.5019,0.5019,0.5019,406,0
ECK,D,20200807,000000,0.5117,0.5117,0.49206,0.49206,1529,0
ECK,D,20200810,000000,0.5117,0.6102,0.47435,0.47435,14835,0
ECK,D,20200811,000000,0.5019,0.6298,0.49206,0.6298,38384,0
ECK,D,20200812,000000,0.7283,0.8217,0.6889,0.7381,57905,0
ECK,D,20200813,000000,0.7873,0.7873,0.6298,0.6298,24917,0
ECK,D,20200814,000000,0.6298,0.6397,0.62,0.62,9176,0
ECK,D,20200817,000000,0.64,0.765,0.64,0.765,7100,0
ECK,D,20200818,000000,0.69,0.69,0.65,0.66,5300,0
ECK,D,20200819,000000,0.67,0.67,0.67,0.67,2540,0
ECK,D,20200820,000000,0.63,0.63,0.61,0.61,1639,0
ECK,D,20200824,000000,0.61,0.61,0.61,0.61,3290,0
ECK,D,20200826,000000,0.61,0.61,0.56,0.56,20,0
ECK,D,20200827,000000,0.56,0.61,0.45,0.61,11238,0
ECK,D,20200902,000000,0.57,0.57,0.57,0.57,100,0
ECK,D,20200908,000000,0.52,0.52,0.52,0.52,3900,0
ECK,D,20200922,000000,0.48,0.48,0.48,0.48,1000,0
ECK,D,20200930,000000,0.47,0.47,0.47,0.47,1000,0
ECK,D,20201007,000000,0.47,0.47,0.47,0.47,1000,0
ECK,D,20201008,000000,0.47,0.47,0.46,0.46,2800,0
ECK,D,20201012,000000,0.51,0.51,0.49,0.49,1696,0
ECK,D,20201013,000000,0.49,0.49,0.49,0.49,510,0
ECK,D,20201016,000000,0.44,0.44,0.44,0.44,6506,0
