<TICKER>,<PER>,<DATE>,<TIME>,<OPEN>,<HIGH>,<LOW>,<CLOSE>,<VOL>,<OPENINT>
EFX,D,20130821,000000,17,20.26,16.5,20.14,13029,0
EFX,D,20130822,000000,20.32,23.1,20.14,23.1,8199,0
EFX,D,20130823,000000,23.14,27,20,24.26,6311,0
EFX,D,20130826,000000,25.02,32.98,25.02,32.98,5496,0
EFX,D,20130827,000000,33,33.27,26.4,26.7,6092,0
EFX,D,20130828,000000,23,23.5,17.8,17.8,9212,0
EFX,D,20130829,000000,17.8,19.6,17,17.69,6005,0
EFX,D,20130830,000000,17.3,17.3,15.2,15.32,3811,0
EFX,D,20130902,000000,15.33,16.3,15.3,15.8,1663,0
EFX,D,20130903,000000,15.8,20.55,15.8,20.2,13909,0
EFX,D,20130904,000000,20.2,21.6,16.4,16.99,7294,0
EFX,D,20130905,000000,17.3,17.3,14.03,15,2746,0
EFX,D,20130906,000000,15,15.2,13.1,14.5,1505,0
EFX,D,20130909,000000,14.4,14.4,12.8,13.86,1906,0
EFX,D,20130910,000000,13.7,13.85,12.61,13.85,1770,0
EFX,D,20130911,000000,12.71,13.24,12.4,13.11,1114,0
EFX,D,20130912,000000,12.9,14.63,11.81,13,2649,0
EFX,D,20130913,000000,12.4,14.8,12,14.7,8337,0
EFX,D,20130916,000000,13.87,14.8,12,13,5076,0
EFX,D,20130917,000000,12.7,13.2,12,13.2,1386,0
EFX,D,20130918,000000,12,13.2,11.56,12.3,2186,0
EFX,D,20130919,000000,12.3,13.64,12.3,13.5,2541,0
EFX,D,20130920,000000,13,13.5,12.06,13,422,0
EFX,D,20130923,000000,12.7,12.7,12,12.68,1175,0
EFX,D,20130924,000000,12.79,12.79,12,12.67,1090,0
EFX,D,20130925,000000,12,12.5,11,11.52,2840,0
EFX,D,20130926,000000,11.53,13.49,11.4,13,2145,0
EFX,D,20130927,000000,13.5,13.7,12.25,13.7,758,0
EFX,D,20130930,000000,13,13.8,12.5,13.8,155,0
EFX,D,20131001,000000,13.8,13.8,13.1,13.33,325,0
EFX,D,20131002,000000,13.2,13.2,12.5,12.5,228,0
EFX,D,20131003,000000,12.5,12.5,12.5,12.5,120,0
EFX,D,20131004,000000,12.5,12.79,12.5,12.79,130,0
EFX,D,20131008,000000,13,13,12.4,12.4,165,0
EFX,D,20131009,000000,12.4,12.4,12.4,12.4,84,0
EFX,D,20131010,000000,12.4,12.57,12.4,12.4,430,0
EFX,D,20131011,000000,12.9,14.08,12.9,14,782,0
EFX,D,20131014,000000,13.99,14.07,12.8,12.8,215,0
EFX,D,20131015,000000,14.08,14.08,14.08,14.08,1,0
EFX,D,20131016,000000,13.1,14.08,13,14.08,1247,0
EFX,D,20131017,000000,14,14,12,13.27,305,0
EFX,D,20131018,000000,13.15,13.85,13.15,13.85,150,0
EFX,D,20131021,000000,13.85,14.59,13.85,14.59,875,0
EFX,D,20131022,000000,14.6,15.7,14.5,15.7,1066,0
EFX,D,20131023,000000,15.69,15.8,14.6,14.6,751,0
EFX,D,20131024,000000,15.5,16,14.6,15.95,715,0
EFX,D,20131025,000000,15.3,15.7,15,15,153,0
EFX,D,20131028,000000,14.6,14.6,14.6,14.6,100,0
EFX,D,20131029,000000,14.6,15.6,14.6,15,427,0
EFX,D,20131031,000000,15.25,15.25,15.25,15.25,3,0
EFX,D,20131104,000000,15,15,14.2,15,302,0
EFX,D,20131105,000000,15,15,15,15,2,0
EFX,D,20131106,000000,15,15,15,15,192,0
EFX,D,20131107,000000,15.1,15.15,15.1,15.15,487,0
EFX,D,20131108,000000,15,15.15,14.8,14.8,400,0
EFX,D,20131112,000000,14.8,14.8,14.8,14.8,104,0
EFX,D,20131113,000000,15,15,15,15,5,0
EFX,D,20131114,000000,15,15,15,15,5,0
EFX,D,20131115,000000,15,15,15,15,352,0
EFX,D,20131118,000000,15,15,15,15,3,0
EFX,D,20131119,000000,14.6,14.6,13.7,13.7,649,0
EFX,D,20131120,000000,13.66,14.18,13.66,14.18,205,0
EFX,D,20131121,000000,14.18,14.18,13.6,13.6,247,0
EFX,D,20131125,000000,13.2,13.2,13,13,384,0
EFX,D,20131127,000000,13,13,13,13,92,0
EFX,D,20131128,000000,13.1,15.2,12.33,15.15,1528,0
EFX,D,20131129,000000,14.99,15,14,14.9,307,0
EFX,D,20131202,000000,14.8,14.8,14,14,426,0
EFX,D,20131203,000000,14,14,14,14,5,0
EFX,D,20131204,000000,14,14,14,14,2,0
EFX,D,20131205,000000,14,14,14,14,3,0
EFX,D,20131206,000000,14,14,14,14,2,0
EFX,D,20131209,000000,13.99,13.99,13.99,13.99,5,0
EFX,D,20131210,000000,13.99,14,13.99,14,263,0
EFX,D,20131211,000000,14,14,14,14,2,0
EFX,D,20131212,000000,13.99,14,13.99,14,743,0
EFX,D,20131213,000000,14,14,14,14,3,0
EFX,D,20131216,000000,13.99,13.99,13.99,13.99,2,0
EFX,D,20131217,000000,13.95,13.95,13.95,13.95,2,0
EFX,D,20131218,000000,13.95,13.95,13.5,13.95,202,0
EFX,D,20131219,000000,13.95,13.95,13.95,13.95,2,0
EFX,D,20131220,000000,13.95,13.95,13.95,13.95,2,0
EFX,D,20131223,000000,13.05,13.4,12.5,13.4,414,0
EFX,D,20131230,000000,13.4,13.4,13.4,13.4,2,0
EFX,D,20140103,000000,13.25,13.25,12.35,13.25,733,0
EFX,D,20140107,000000,13.25,13.25,13.25,13.25,103,0
EFX,D,20140108,000000,13.25,13.25,13.25,13.25,2,0
EFX,D,20140109,000000,13.25,13.98,13.25,13.98,502,0
EFX,D,20140110,000000,14,14,14,14,2,0
EFX,D,20140113,000000,14,14,13.97,13.97,202,0
EFX,D,20140114,000000,14,14,13.99,13.99,313,0
EFX,D,20140115,000000,14,14,14,14,2,0
EFX,D,20140116,000000,14,14,14,14,2,0
EFX,D,20140117,000000,14,14,14,14,1,0
EFX,D,20140120,000000,14,14,14,14,2,0
EFX,D,20140121,000000,14,14,13.2,13.2,12,0
EFX,D,20140122,000000,13.9,13.9,13.05,13.05,112,0
EFX,D,20140123,000000,13,13,13,13,20,0
EFX,D,20140124,000000,13,13,13,13,52,0
EFX,D,20140127,000000,12.9,12.9,10.35,11.3,1978,0
EFX,D,20140128,000000,11.4,11.4,10.56,10.56,317,0
EFX,D,20140129,000000,10.71,10.95,10.71,10.71,193,0
EFX,D,20140130,000000,10.71,10.99,10.7,10.99,377,0
EFX,D,20140131,000000,10.72,10.72,10,10.6,882,0
EFX,D,20140203,000000,10.2,10.2,8.9,9.4,1610,0
EFX,D,20140204,000000,9.75,9.75,9.75,9.75,100,0
EFX,D,20140205,000000,9.75,9.75,9.67,9.67,185,0
EFX,D,20140206,000000,9.75,9.75,9.3,9.56,421,0
EFX,D,20140207,000000,9.56,9.99,9.56,9.99,242,0
EFX,D,20140210,000000,9.56,10.1,9.56,10.1,168,0
EFX,D,20140211,000000,10.11,10.11,10.11,10.11,150,0
EFX,D,20140212,000000,10.15,10.6,10.14,10.6,315,0
EFX,D,20140213,000000,10.63,11.59,10.63,11.59,550,0
EFX,D,20140218,000000,11.3,11.3,11.3,11.3,2,0
EFX,D,20140219,000000,11.3,11.3,11.3,11.3,3,0
EFX,D,20140225,000000,11.3,11.3,11.3,11.3,5,0
EFX,D,20140226,000000,11.3,11.3,11.3,11.3,5,0
EFX,D,20140227,000000,11.3,11.3,11.3,11.3,5,0
EFX,D,20140228,000000,11.3,11.3,11.3,11.3,2,0
EFX,D,20140303,000000,11.28,11.3,11.28,11.3,905,0
EFX,D,20140304,000000,11.3,11.3,11,11,17,0
EFX,D,20140305,000000,10.85,10.85,10.7,10.7,175,0
EFX,D,20140310,000000,10.7,10.7,10.7,10.7,2,0
EFX,D,20140311,000000,10.7,10.7,10.7,10.7,2,0
EFX,D,20140312,000000,10.7,10.7,10.7,10.7,5,0
EFX,D,20140313,000000,10.7,10.7,10.7,10.7,5,0
EFX,D,20140317,000000,10.7,10.7,10.7,10.7,3,0
EFX,D,20140318,000000,10.7,10.7,10.7,10.7,5,0
EFX,D,20140319,000000,10.7,10.7,9.05,10,848,0
EFX,D,20140320,000000,9.6,9.6,9.5,9.5,49,0
EFX,D,20140328,000000,9.78,11.29,9.78,11.29,566,0
EFX,D,20140331,000000,10.25,10.25,10.25,10.25,150,0
EFX,D,20140401,000000,11.29,11.29,11.29,11.29,1,0
EFX,D,20140402,000000,10.2,10.58,9.8,10.58,332,0
EFX,D,20140403,000000,10.5,10.5,10.5,10.5,10,0
EFX,D,20140404,000000,10.5,10.5,10.5,10.5,5,0
EFX,D,20140407,000000,10.5,10.5,9.85,10.4,385,0
EFX,D,20140408,000000,9.95,10.79,8.5,10.69,2075,0
EFX,D,20140409,000000,10.5,10.5,10.5,10.5,5,0
EFX,D,20140410,000000,10.5,10.5,10.5,10.5,3,0
EFX,D,20140411,000000,10.5,10.5,10,10,152,0
EFX,D,20140414,000000,9.9,9.9,9.9,9.9,60,0
EFX,D,20140415,000000,9.9,9.9,9.9,9.9,10,0
EFX,D,20140416,000000,9.9,9.9,9.9,9.9,5,0
EFX,D,20140417,000000,9.9,9.9,9.9,9.9,5,0
EFX,D,20140422,000000,9.9,11.28,9.9,11.28,1389,0
EFX,D,20140423,000000,11,11,10.35,10.64,690,0
EFX,D,20140429,000000,9.9,9.9,9.9,9.9,5,0
EFX,D,20140502,000000,9.9,9.9,9.9,9.9,79,0
EFX,D,20140509,000000,9.8,9.8,9.8,9.8,20,0
EFX,D,20140515,000000,9.6,9.6,9.5,9.5,180,0
EFX,D,20140520,000000,9.5,9.5,9.5,9.5,140,0
EFX,D,20140523,000000,9.3,10.4,9.1,10.4,390,0
EFX,D,20140527,000000,9.11,10.93,9.11,10.85,1155,0
EFX,D,20140528,000000,10.4,10.4,10.1,10.1,155,0
EFX,D,20140529,000000,9.9,11,9.9,11,300,0
EFX,D,20140530,000000,10.93,10.93,10.93,10.93,2,0
EFX,D,20140605,000000,10,11.22,10,11.22,160,0
EFX,D,20140617,000000,11,11,10.3,10.98,223,0
EFX,D,20140618,000000,10.97,10.97,10.97,10.97,5,0
EFX,D,20140620,000000,10.98,10.98,10.3,10.3,60,0
EFX,D,20140627,000000,10.22,10.22,10.1,10.1,150,0
EFX,D,20140707,000000,9.85,11,9.31,11,525,0
EFX,D,20140715,000000,10.26,11,10.26,11,200,0
EFX,D,20140716,000000,10.8,11.44,10.8,11.44,525,0
EFX,D,20140721,000000,11.44,11.44,11.44,11.44,2,0
EFX,D,20140722,000000,11.44,11.44,11.44,11.44,2,0
EFX,D,20140723,000000,11.44,11.44,11.44,11.44,15,0
EFX,D,20140724,000000,11.44,11.44,11.44,11.44,2,0
EFX,D,20140725,000000,11.44,11.44,11.44,11.44,1,0
EFX,D,20140728,000000,11.44,11.44,10.63,10.63,162,0
EFX,D,20140730,000000,10.63,10.63,10.63,10.63,4,0
EFX,D,20140731,000000,10.5,10.5,10.5,10.5,1,0
EFX,D,20140801,000000,10.5,10.5,9.95,9.95,176,0
EFX,D,20140814,000000,9.95,9.95,9.45,9.45,100,0
EFX,D,20140828,000000,9.3,9.3,7.44,8.9,705,0
EFX,D,20140901,000000,8.5,8.9,8,8,1125,0
EFX,D,20140903,000000,7.95,7.95,7,7,300,0
EFX,D,20140904,000000,7.3,7.3,7.3,7.3,210,0
EFX,D,20140908,000000,7.1,7.1,6.95,6.95,460,0
EFX,D,20140909,000000,6.95,6.95,5.8,6.2,1059,0
EFX,D,20140910,000000,6.8,6.8,6.8,6.8,170,0
EFX,D,20140911,000000,6.8,7.75,6.8,7.75,425,0
EFX,D,20140912,000000,7.75,7.75,7.75,7.75,80,0
EFX,D,20140926,000000,7.55,7.55,7,7,250,0
EFX,D,20141002,000000,6.8,6.8,6.75,6.75,229,0
EFX,D,20141016,000000,7.15,7.5,7.15,7.5,820,0
EFX,D,20141017,000000,7.5,7.5,7.5,7.5,2,0
EFX,D,20141020,000000,7.5,7.5,7.49,7.5,1033,0
EFX,D,20141028,000000,7.5,8.18,7.5,8.18,430,0
EFX,D,20141030,000000,8.3,9,8.3,9,200,0
EFX,D,20141031,000000,9,9.54,9,9.53,200,0
EFX,D,20141106,000000,9.2,9.2,9.2,9.2,20,0
EFX,D,20141110,000000,9,9,8.3,8.3,210,0
EFX,D,20141114,000000,8.3,8.3,8.3,8.3,212,0
EFX,D,20141117,000000,8.29,8.29,8.29,8.29,1,0
EFX,D,20141118,000000,8.1,8.1,7,7,457,0
EFX,D,20141121,000000,6.6,6.6,5.5,5.5,109,0
EFX,D,20141124,000000,5.7,5.7,5.7,5.7,20,0
EFX,D,20141125,000000,5.7,5.7,5.7,5.7,90,0
EFX,D,20141126,000000,5.5,5.5,5.5,5.5,70,0
EFX,D,20141127,000000,5.5,5.5,5.4,5.4,405,0
EFX,D,20141202,000000,5.6,5.9,5.6,5.9,100,0
EFX,D,20141203,000000,5.9,5.9,5.9,5.9,2,0
EFX,D,20141204,000000,5.9,5.9,5.9,5.9,2,0
EFX,D,20141205,000000,5.9,5.9,5,5,51,0
EFX,D,20141216,000000,5.1,6,5.1,6,1225,0
EFX,D,20141217,000000,6,7.2,6,7,1195,0
EFX,D,20141218,000000,7.1,7.1,7.1,7.1,5,0
EFX,D,20141219,000000,7,7,7,7,2,0
EFX,D,20141222,000000,7,7,5.5,5.5,384,0
EFX,D,20141223,000000,5,5.73,5,5.73,494,0
EFX,D,20141229,000000,6,7.2,6,6.3,1090,0
EFX,D,20141230,000000,6.5,6.77,6.5,6.77,100,0
EFX,D,20150121,000000,6.6,7,6.6,7,109,0
EFX,D,20150122,000000,7,7.04,7,7.04,218,0
EFX,D,20150123,000000,6.8,7.1,6.8,7.1,1071,0
EFX,D,20150127,000000,6.75,6.75,6.75,6.75,75,0
EFX,D,20150128,000000,6.8,7.85,6.4,7.85,1240,0
EFX,D,20150130,000000,7.5,7.5,7.3,7.4,1045,0
EFX,D,20150202,000000,7.4,7.4,7.1,7.1,50,0
EFX,D,20150203,000000,7.2,8.6,7.2,8.6,315,0
EFX,D,20150204,000000,8.7,8.7,8.6,8.6,543,0
EFX,D,20150205,000000,8.6,8.6,8,8,382,0
EFX,D,20150206,000000,8,9.99,8,9.99,385,0
EFX,D,20150209,000000,9.99,9.99,9.99,9.99,2,0
EFX,D,20150210,000000,9.99,9.99,9.8,9.8,42,0
EFX,D,20150211,000000,9.99,9.99,9.1,9.57,78,0
EFX,D,20150212,000000,9.9,9.9,9.9,9.9,55,0
EFX,D,20150213,000000,9.99,9.99,9.6,9.6,70,0
EFX,D,20150218,000000,9.5,9.5,9.5,9.5,135,0
EFX,D,20150219,000000,9.5,9.5,9.5,9.5,2,0
EFX,D,20150220,000000,9.5,9.5,9.5,9.5,2,0
EFX,D,20150224,000000,9.59,9.59,9.59,9.59,10,0
EFX,D,20150225,000000,9.79,9.99,9.79,9.99,423,0
EFX,D,20150303,000000,10.02,10.12,10.02,10.12,60,0
EFX,D,20150304,000000,10.33,10.4,10.33,10.4,360,0
EFX,D,20150305,000000,10.4,10.4,10.4,10.4,2,0
EFX,D,20150306,000000,10.4,10.4,10.4,10.4,1,0
EFX,D,20150309,000000,10.42,10.42,10.42,10.42,2,0
EFX,D,20150310,000000,10.42,10.42,10.42,10.42,2,0
EFX,D,20150311,000000,10.42,10.42,10.42,10.42,1,0
EFX,D,20150312,000000,10.42,10.42,10.42,10.42,1,0
EFX,D,20150313,000000,10.42,10.42,10.42,10.42,1,0
EFX,D,20150316,000000,10.41,10.42,10.41,10.42,330,0
EFX,D,20150318,000000,10.65,11.55,10.65,11.55,245,0
EFX,D,20150319,000000,11.55,11.55,11.55,11.55,2,0
EFX,D,20150324,000000,11.6,11.6,11.6,11.6,20,0
EFX,D,20150325,000000,11.6,12.21,11.6,12.21,70,0
EFX,D,20150326,000000,12.2,12.2,12,12,250,0
EFX,D,20150327,000000,12,12,12,12,2,0
EFX,D,20150330,000000,12,12,12,12,1,0
EFX,D,20150331,000000,10.5,10.5,10.5,10.5,105,0
EFX,D,20150401,000000,10.5,10.5,10.5,10.5,2,0
EFX,D,20150402,000000,10.5,10.5,10.42,10.5,953,0
EFX,D,20150407,000000,10.85,12.04,10.85,12.04,895,0
EFX,D,20150408,000000,11.5,11.5,11.5,11.5,66,0
EFX,D,20150409,000000,11.2,11.2,11,11,97,0
EFX,D,20150410,000000,11,11,10.99,11,515,0
EFX,D,20150413,000000,11,11,11,11,88,0
EFX,D,20150416,000000,10.9,13,10.61,11.8,1055,0
EFX,D,20150427,000000,11.93,14,11.93,13,1114,0
EFX,D,20150428,000000,13.25,13.43,12.5,12.5,624,0
EFX,D,20150430,000000,12.5,12.5,12.5,12.5,8,0
EFX,D,20150505,000000,12.51,12.51,12.51,12.51,2,0
EFX,D,20150506,000000,12.51,12.51,11.8,11.93,342,0
EFX,D,20150508,000000,11.81,11.81,11.7,11.7,500,0
EFX,D,20150513,000000,12.04,12.68,12.04,12.68,170,0
EFX,D,20150526,000000,12.6,12.6,12.5,12.5,105,0
EFX,D,20150527,000000,12.5,12.5,12.05,12.05,525,0
EFX,D,20150528,000000,12.05,12.05,12.05,12.05,250,0
EFX,D,20150601,000000,12,12,11.9,11.9,100,0
EFX,D,20150602,000000,11.9,11.9,11.9,11.9,2,0
EFX,D,20150603,000000,11.9,11.9,11.9,11.9,1,0
EFX,D,20150605,000000,11.9,11.9,11.9,11.9,1,0
EFX,D,20150608,000000,11.9,11.9,11.9,11.9,151,0
EFX,D,20150609,000000,11.9,11.9,11.9,11.9,1,0
EFX,D,20150610,000000,11.9,11.9,11.9,11.9,1,0
EFX,D,20150611,000000,11.9,11.9,11.9,11.9,1,0
EFX,D,20150612,000000,11.9,11.9,11.9,11.9,252,0
EFX,D,20150615,000000,11.9,11.9,11.9,11.9,5,0
EFX,D,20150616,000000,11.9,11.9,11.9,11.9,5,0
EFX,D,20150617,000000,11.85,11.85,11.05,11.2,311,0
EFX,D,20150618,000000,11.05,11.05,10,10.3,225,0
EFX,D,20150619,000000,10.3,10.3,10.15,10.15,110,0
EFX,D,20150622,000000,10,10,9,9.03,430,0
EFX,D,20150623,000000,9,9,9,9,5,0
EFX,D,20150624,000000,9,9.3,9,9,345,0
EFX,D,20150625,000000,9.1,9.1,9.1,9.1,300,0
EFX,D,20150701,000000,9.22,9.24,9,9,315,0
EFX,D,20150702,000000,9.1,9.1,8.81,8.81,102,0
EFX,D,20150703,000000,8.8,9.72,8.8,9.72,1277,0
EFX,D,20150707,000000,9.8,11.25,9.8,11.25,300,0
EFX,D,20150716,000000,11.25,11.25,11.25,11.25,2,0
EFX,D,20150722,000000,11,11,10.65,10.65,135,0
EFX,D,20150807,000000,10.66,10.66,10.66,10.66,15,0
EFX,D,20150810,000000,10.66,10.66,10.66,10.66,180,0
EFX,D,20150811,000000,10.66,10.66,10.65,10.65,105,0
EFX,D,20150813,000000,10.4,10.4,10.1,10.1,145,0
EFX,D,20150817,000000,10.32,10.32,10.32,10.32,100,0
EFX,D,20150819,000000,10.35,10.35,10.35,10.35,140,0
EFX,D,20150820,000000,10.35,11,10.35,10.6,307,0
EFX,D,20150824,000000,10.85,11.5,10.35,11.5,345,0
EFX,D,20150827,000000,11.18,12.98,11.18,12.98,660,0
EFX,D,20150904,000000,14.14,14.14,14.14,14.14,35,0
EFX,D,20150908,000000,13.22,15,13.22,14.9,381,0
EFX,D,20150909,000000,14.9,14.9,13.5,14.51,96,0
EFX,D,20150911,000000,14.2,14.2,14.2,14.2,75,0
EFX,D,20150914,000000,14.45,14.45,14.45,14.45,100,0
EFX,D,20150930,000000,14.15,14.15,14.15,14.15,5,0
EFX,D,20151002,000000,14.04,14.04,14.04,14.04,1,0
EFX,D,20151005,000000,14.04,14.04,14.04,14.04,1,0
EFX,D,20151006,000000,14.09,14.09,14.09,14.09,1,0
EFX,D,20151007,000000,14.09,14.09,14.09,14.09,1,0
EFX,D,20151012,000000,13.8,13.8,13.75,13.75,26,0
EFX,D,20151013,000000,13.8,13.8,13.8,13.8,10,0
EFX,D,20151014,000000,13.6,13.6,13.45,13.45,100,0
EFX,D,20151015,000000,13.5,13.5,13.5,13.5,20,0
EFX,D,20151016,000000,13.55,13.55,13.55,13.55,2,0
EFX,D,20151019,000000,13.55,13.55,13.55,13.55,2,0
EFX,D,20151020,000000,13.4,13.4,13.4,13.4,1,0
EFX,D,20151023,000000,13.4,13.4,13.4,13.4,1,0
EFX,D,20151026,000000,13.1,13.1,13.1,13.1,20,0
EFX,D,20151027,000000,13.1,13.1,13.1,13.1,10,0
EFX,D,20151028,000000,13.1,13.1,13.1,13.1,1,0
EFX,D,20151029,000000,13.05,13.05,13.05,13.05,1,0
EFX,D,20151030,000000,13.05,13.05,13.05,13.05,2,0
EFX,D,20151102,000000,13.05,13.05,13.05,13.05,1,0
EFX,D,20151103,000000,13.05,13.05,13.05,13.05,36,0
EFX,D,20151104,000000,13.05,13.05,13.05,13.05,5,0
EFX,D,20151105,000000,13.05,13.05,13.05,13.05,2,0
EFX,D,20151106,000000,13.05,13.05,13.05,13.05,4,0
EFX,D,20151109,000000,13.05,14.05,11,13.05,1444,0
EFX,D,20151110,000000,13.59,14.04,13.59,14.04,155,0
EFX,D,20151112,000000,14.04,14.05,14,14.05,1490,0
EFX,D,20151113,000000,14.05,14.05,14,14.05,4223,0
EFX,D,20151116,000000,13.8,14.05,13.8,13.8,311,0
EFX,D,20151117,000000,13.8,13.8,13.8,13.8,5,0
EFX,D,20151118,000000,13.8,14.05,13.8,13.8,998,0
EFX,D,20151119,000000,13.85,13.85,13.2,13.2,3,0
EFX,D,20151120,000000,13.8,13.9,13.8,13.9,228,0
EFX,D,20151123,000000,13.5,13.5,13.21,13.4,266,0
EFX,D,20151124,000000,13.4,13.4,13.4,13.4,15,0
EFX,D,20151125,000000,13.4,13.4,13.4,13.4,1,0
EFX,D,20151126,000000,13.4,13.4,13.21,13.21,72,0
EFX,D,20151127,000000,13.21,13.21,13.21,13.21,1,0
EFX,D,20151130,000000,13.2,13.21,13.2,13.21,189,0
EFX,D,20151201,000000,13,13.22,12.89,13.22,325,0
EFX,D,20151202,000000,13.15,13.15,13.15,13.15,2,0
EFX,D,20151203,000000,13.15,13.15,13,13,10,0
EFX,D,20151204,000000,12.8,12.8,10.95,12,320,0
EFX,D,20151207,000000,12,12,11.77,11.77,77,0
EFX,D,20151208,000000,12,12,12,12,100,0
EFX,D,20151209,000000,12,12,11.77,11.77,91,0
EFX,D,20151210,000000,11.85,11.93,11.85,11.93,89,0
EFX,D,20151211,000000,11.92,11.92,11.92,11.92,1,0
EFX,D,20151214,000000,11.92,11.92,11.92,11.92,1,0
EFX,D,20151215,000000,11.92,11.92,11.1,11.1,107,0
EFX,D,20151217,000000,11.39,11.82,11.39,11.82,109,0
EFX,D,20151218,000000,11.85,12,11.82,12,689,0
EFX,D,20151221,000000,12.36,12.5,11.92,12.36,437,0
EFX,D,20151222,000000,11.95,11.95,11.92,11.92,958,0
EFX,D,20151223,000000,11.5,11.5,11.5,11.5,91,0
EFX,D,20151228,000000,11,11,11,11,203,0
EFX,D,20151229,000000,11.28,11.28,11.28,11.28,70,0
EFX,D,20160107,000000,8.5,10.1,8.5,10.1,417,0
EFX,D,20160108,000000,10.32,10.32,10.32,10.32,36,0
EFX,D,20160111,000000,10.32,10.32,10.32,10.32,54,0
EFX,D,20160118,000000,10.32,10.32,9.9,9.9,135,0
EFX,D,20160119,000000,10.32,10.32,10.32,10.32,18,0
EFX,D,20160122,000000,10.32,10.32,10.32,10.32,46,0
EFX,D,20160127,000000,10.32,10.32,10.32,10.32,48,0
EFX,D,20160128,000000,10.32,10.32,10.32,10.32,42,0
EFX,D,20160129,000000,10.58,12.69,10.58,12.69,221,0
EFX,D,20160201,000000,13.7,13.7,13.7,13.7,84,0
EFX,D,20160202,000000,13.5,13.5,10.85,10.9,514,0
EFX,D,20160204,000000,12,12,12,12,10,0
EFX,D,20160205,000000,10.9,10.9,10.9,10.9,22,0
EFX,D,20160210,000000,10.7,10.98,10.7,10.98,200,0
EFX,D,20160211,000000,10.85,10.85,10.2,10.42,459,0
EFX,D,20160212,000000,10.1,10.1,10.1,10.1,100,0
EFX,D,20160215,000000,10.1,10.1,10.1,10.1,50,0
EFX,D,20160216,000000,9.9,9.9,9.6,9.6,90,0
EFX,D,20160229,000000,9.6,9.6,9.5,9.59,858,0
EFX,D,20160304,000000,9.33,11.19,9.1,9.9,1617,0
EFX,D,20160309,000000,9.9,9.9,9.9,9.9,70,0
EFX,D,20160311,000000,9.7,9.7,9.5,9.5,50,0
EFX,D,20160318,000000,9.4,9.4,9.4,9.4,104,0
EFX,D,20160324,000000,9.4,9.4,9.1,9.1,568,0
EFX,D,20160411,000000,9.05,9.05,9,9,135,0
EFX,D,20160414,000000,9,10,9,9,282,0
EFX,D,20160415,000000,9.8,9.8,9.8,9.8,21,0
EFX,D,20160420,000000,9.3,11,9.3,9.7,320,0
EFX,D,20160421,000000,9.15,9.15,9.15,9.15,115,0
EFX,D,20160422,000000,9,9,8.2,8.81,330,0
EFX,D,20160505,000000,8.81,8.81,8.81,8.81,100,0
EFX,D,20160510,000000,8.3,8.3,7.1,7.1,385,0
EFX,D,20160511,000000,7.31,7.6,7.3,7.6,466,0
EFX,D,20160512,000000,7.35,7.35,6,6,1320,0
EFX,D,20160513,000000,6.1,6.1,6.1,6.1,20,0
EFX,D,20160516,000000,6.8,7,6.8,7,190,0
EFX,D,20160518,000000,6.7,6.7,6.7,6.7,155,0
EFX,D,20160520,000000,6.61,7.3,6.21,7.3,1166,0
EFX,D,20160523,000000,6.98,7.13,6.65,7.13,420,0
EFX,D,20160524,000000,6.78,7.55,6.31,7.55,549,0
EFX,D,20160525,000000,7.49,8.98,7.49,8.9,3563,0
EFX,D,20160527,000000,9,10.8,9,10.8,220,0
EFX,D,20160530,000000,10.8,10.8,9.8,9.8,321,0
EFX,D,20160531,000000,9.2,9.2,8.8,8.8,110,0
EFX,D,20160601,000000,9.4,11.2,7.61,11.09,3073,0
EFX,D,20160602,000000,10.98,10.98,10.45,10.45,2715,0
EFX,D,20160603,000000,10.5,10.5,9.9,9.9,82,0
EFX,D,20160606,000000,9.85,9.85,9.5,9.5,130,0
EFX,D,20160607,000000,9,10.25,9,10.25,365,0
EFX,D,20160608,000000,10.14,10.14,9.45,9.45,101,0
EFX,D,20160609,000000,9.66,9.66,9.66,9.66,82,0
EFX,D,20160610,000000,9,9.88,9,9.88,240,0
EFX,D,20160613,000000,8.9,9.88,8.9,9.88,240,0
EFX,D,20160615,000000,8.85,10.1,8.85,10.1,246,0
EFX,D,20160616,000000,9.51,9.51,9.51,9.51,2,0
EFX,D,20160617,000000,9.1,9.1,8.5,8.5,219,0
EFX,D,20160620,000000,8.55,8.55,8.55,8.55,100,0
EFX,D,20160621,000000,8.55,8.55,8.5,8.5,10,0
EFX,D,20160622,000000,8.5,8.5,8.3,8.4,144,0
EFX,D,20160623,000000,8.4,8.4,8.4,8.4,10,0
EFX,D,20160627,000000,8.39,9,8.39,9,250,0
EFX,D,20160628,000000,8.33,8.34,8.33,8.34,140,0
EFX,D,20160701,000000,8.2,8.3,8.06,8.3,263,0
EFX,D,20160704,000000,8.3,8.3,8.3,8.3,2,0
EFX,D,20160705,000000,8.3,9,8.3,8.45,334,0
EFX,D,20160707,000000,8.6,8.6,8.6,8.6,2,0
EFX,D,20160708,000000,8.6,8.6,8.6,8.6,2,0
EFX,D,20160719,000000,8.4,10.08,8.11,8.11,204,0
EFX,D,20160720,000000,9.73,11.67,8.11,9.6,2119,0
EFX,D,20160721,000000,9.6,9.6,9.6,9.6,50,0
EFX,D,20160722,000000,9.6,9.6,9.6,9.6,50,0
EFX,D,20160803,000000,9.6,9.6,9.6,9.6,55,0
EFX,D,20160804,000000,9.6,9.6,9.6,9.6,3,0
EFX,D,20160805,000000,9.6,9.6,9.6,9.6,2,0
EFX,D,20160808,000000,9.6,9.6,9.6,9.6,2,0
EFX,D,20160809,000000,9.6,9.6,9.6,9.6,2,0
EFX,D,20160810,000000,9.55,9.55,9.55,9.55,80,0
EFX,D,20160811,000000,9.55,9.55,8.1,8.1,132,0
EFX,D,20160812,000000,7.98,7.98,7.98,7.98,17,0
EFX,D,20160816,000000,6.39,7.04,6.03,7.04,641,0
EFX,D,20160817,000000,7,7,7,7,2,0
EFX,D,20160818,000000,7,7,7,7,5,0
EFX,D,20160819,000000,7,7,7,7,2,0
EFX,D,20160822,000000,7,7,7,7,15,0
EFX,D,20160823,000000,7,7,7,7,10,0
EFX,D,20160824,000000,7,7,7,7,10,0
EFX,D,20160825,000000,7,7,7,7,10,0
EFX,D,20160826,000000,7.3,7.3,7.3,7.3,35,0
EFX,D,20160831,000000,7.02,7.8,6.8,7.8,266,0
EFX,D,20160901,000000,7.85,7.85,7.85,7.85,10,0
EFX,D,20160902,000000,7.85,9.42,7.8,9.42,475,0
EFX,D,20160905,000000,9.02,9.02,9,9,21,0
EFX,D,20160906,000000,8,8,8,8,71,0
EFX,D,20160907,000000,8.2,8.2,7.7,7.7,99,0
EFX,D,20160913,000000,7.7,7.7,7.7,7.7,70,0
EFX,D,20160914,000000,7.6,7.9,7.21,7.9,325,0
EFX,D,20160915,000000,7.9,7.9,7.9,7.9,2,0
EFX,D,20160916,000000,7.9,7.9,7.9,7.9,2,0
EFX,D,20160919,000000,7.9,7.9,7.9,7.9,2,0
EFX,D,20160920,000000,7.9,7.9,7.9,7.9,2,0
EFX,D,20160921,000000,7.9,7.9,7.9,7.9,2,0
EFX,D,20160922,000000,7.9,7.9,7.9,7.9,2,0
EFX,D,20160923,000000,7.9,7.9,7.9,7.9,2,0
EFX,D,20160926,000000,7.9,7.9,7.9,7.9,5,0
EFX,D,20160927,000000,7.9,7.9,7.9,7.9,5,0
EFX,D,20160928,000000,7.9,7.9,7.9,7.9,10,0
EFX,D,20160929,000000,7.9,7.9,7.9,7.9,2,0
EFX,D,20160930,000000,7.9,7.9,7.9,7.9,2,0
EFX,D,20161003,000000,7.9,8.8,7.2,8.5,907,0
EFX,D,20161004,000000,8.5,8.5,8.5,8.5,2,0
EFX,D,20161005,000000,8.5,8.5,7.55,8,832,0
EFX,D,20161006,000000,8,8,8,8,52,0
EFX,D,20161007,000000,7.9,9.48,7.9,9.48,752,0
EFX,D,20161010,000000,8.48,9.54,7.9,8.1,4076,0
EFX,D,20161011,000000,8.1,8.1,7.8,7.8,265,0
EFX,D,20161017,000000,7.45,7.45,7.45,7.45,140,0
EFX,D,20161019,000000,7.35,7.35,7.3,7.3,106,0
EFX,D,20161020,000000,7.3,7.3,7.1,7.1,214,0
EFX,D,20161021,000000,7.05,7.05,7.05,7.05,3,0
EFX,D,20161024,000000,7.05,7.05,7.05,7.05,2,0
EFX,D,20161025,000000,7.05,7.05,6.75,6.75,128,0
EFX,D,20161031,000000,7.1,7.1,7.1,7.1,20,0
EFX,D,20161114,000000,7,7,6.95,6.95,300,0
EFX,D,20161115,000000,6.95,6.95,6.5,6.5,415,0
EFX,D,20161117,000000,6.6,7.9,6.6,7.9,265,0
EFX,D,20161118,000000,6.65,7.14,6.65,6.77,175,0
EFX,D,20161121,000000,6.3,6.3,6.3,6.3,185,0
EFX,D,20161122,000000,6.2,7.4,5.95,7.4,700,0
EFX,D,20161123,000000,7.05,8.4,6.9,7.55,1460,0
EFX,D,20161124,000000,7.3,8,7.2,8,305,0
EFX,D,20161125,000000,7.55,7.85,7.3,7.3,465,0
EFX,D,20161206,000000,7.3,7.3,7.05,7.05,100,0
EFX,D,20161208,000000,7.1,8,7.1,7.4,775,0
EFX,D,20161209,000000,7.1,7.1,7.1,7.1,100,0
EFX,D,20161212,000000,7.63,7.63,7.1,7.1,125,0
EFX,D,20161213,000000,7.1,7.1,7.1,7.1,200,0
EFX,D,20161214,000000,7.1,8.5,7.1,8.5,1700,0
EFX,D,20161215,000000,8.45,8.45,8.45,8.45,2,0
EFX,D,20161216,000000,8.45,8.45,8.45,8.45,2,0
EFX,D,20161219,000000,8.45,8.45,7.55,7.55,142,0
EFX,D,20161220,000000,7.1,7.1,7.1,7.1,145,0
EFX,D,20161221,000000,7.1,7.25,7.1,7.25,155,0
EFX,D,20161222,000000,7.25,7.25,7.25,7.25,660,0
EFX,D,20161223,000000,7.25,7.25,7.25,7.25,310,0
EFX,D,20161229,000000,7.45,7.45,7.45,7.45,30,0
EFX,D,20161230,000000,7.45,7.45,7.45,7.45,10,0
EFX,D,20170102,000000,7.26,7.26,7.01,7.1,645,0
EFX,D,20170103,000000,7,7.25,7,7.25,405,0
EFX,D,20170104,000000,7.05,7.05,7.05,7.05,30,0
EFX,D,20170109,000000,7.2,7.2,7.2,7.2,60,0
EFX,D,20170110,000000,7.15,7.15,7.05,7.05,500,0
EFX,D,20170111,000000,7.15,7.41,7.15,7.41,150,0
EFX,D,20170113,000000,7.41,7.6,7.41,7.6,25,0
EFX,D,20170116,000000,7.74,7.75,7.74,7.75,145,0
EFX,D,20170117,000000,7.85,7.85,7.85,7.85,20,0
EFX,D,20170118,000000,7.7,7.7,7.6,7.6,38,0
EFX,D,20170119,000000,7.6,7.6,7.6,7.6,5,0
EFX,D,20170120,000000,7.62,7.62,7.62,7.62,5,0
EFX,D,20170123,000000,7.62,7.62,7.55,7.55,1295,0
EFX,D,20170124,000000,7.55,7.55,7.55,7.55,224,0
EFX,D,20170127,000000,7.88,7.88,7.88,7.88,10,0
EFX,D,20170201,000000,7.81,8.1,7.81,8.1,560,0
EFX,D,20170207,000000,8.2,8.38,8.2,8.38,175,0
EFX,D,20170208,000000,8.3,8.3,8.3,8.3,2,0
EFX,D,20170210,000000,8.2,8.2,8.2,8.2,20,0
EFX,D,20170214,000000,8.2,8.2,8.2,8.2,2,0
EFX,D,20170215,000000,8.3,8.7,8.3,8.7,122,0
EFX,D,20170217,000000,8.6,8.6,8.6,8.6,10,0
EFX,D,20170220,000000,8.6,8.6,8.6,8.6,4,0
EFX,D,20170221,000000,8.6,8.6,8.6,8.6,10,0
EFX,D,20170222,000000,8.55,8.55,8.1,8.1,227,0
EFX,D,20170223,000000,8.1,8.55,8.1,8.55,92,0
EFX,D,20170227,000000,8.3,8.3,8.3,8.3,125,0
EFX,D,20170228,000000,8.43,8.43,8.16,8.16,2000,0
EFX,D,20170301,000000,8.1,8.21,8.1,8.1,5044,0
EFX,D,20170302,000000,8.1,8.43,8.1,8.43,127,0
EFX,D,20170303,000000,8.11,8.11,7.85,7.85,1110,0
EFX,D,20170306,000000,8.1,8.1,8.1,8.1,130,0
EFX,D,20170307,000000,8.1,8.1,7.71,7.71,590,0
EFX,D,20170310,000000,8.05,8.05,8.05,8.05,200,0
EFX,D,20170313,000000,8.05,8.05,8.05,8.05,2,0
EFX,D,20170314,000000,8.05,8.05,8.05,8.05,2,0
EFX,D,20170315,000000,8.05,8.05,8.05,8.05,3,0
EFX,D,20170316,000000,8.05,8.05,7.4,7.4,302,0
EFX,D,20170317,000000,7.8,7.95,7.8,7.95,533,0
EFX,D,20170320,000000,7.95,7.95,7.95,7.95,130,0
EFX,D,20170322,000000,7.75,7.75,7.5,7.5,1377,0
EFX,D,20170323,000000,7.9,7.9,7.5,7.5,525,0
EFX,D,20170324,000000,7.5,7.5,7.5,7.5,3,0
EFX,D,20170327,000000,7.95,7.95,7.95,7.95,130,0
EFX,D,20170329,000000,8.1,8.1,8.1,8.1,30,0
EFX,D,20170330,000000,7.85,7.85,7.8,7.8,1000,0
EFX,D,20170331,000000,7.8,7.8,7.8,7.8,1503,0
EFX,D,20170403,000000,7.8,7.8,7.8,7.8,2,0
EFX,D,20170404,000000,7.8,7.8,7.8,7.8,232,0
EFX,D,20170405,000000,7.8,7.8,7.8,7.8,5,0
EFX,D,20170412,000000,8.2,8.2,8.2,8.2,30,0
EFX,D,20170418,000000,7.85,7.85,7.6,7.6,495,0
EFX,D,20170421,000000,7.6,7.6,7.55,7.55,402,0
EFX,D,20170424,000000,7.85,7.85,7.6,7.6,320,0
EFX,D,20170425,000000,7.6,7.6,7.6,7.6,10,0
EFX,D,20170426,000000,7.6,7.95,7.6,7.8,470,0
EFX,D,20170504,000000,7.75,7.75,7.6,7.6,455,0
EFX,D,20170505,000000,7.6,7.6,7.6,7.6,600,0
EFX,D,20170508,000000,7.6,7.62,7.6,7.6,292,0
EFX,D,20170509,000000,7.6,7.6,7.6,7.6,188,0
EFX,D,20170516,000000,7.62,7.62,7.6,7.6,352,0
EFX,D,20170517,000000,7.6,7.6,7.6,7.6,78,0
EFX,D,20170522,000000,7.6,7.6,7.6,7.6,530,0
EFX,D,20170523,000000,7.6,7.6,7.55,7.55,1527,0
EFX,D,20170525,000000,7.35,7.35,7.35,7.35,25,0
EFX,D,20170608,000000,7.25,7.25,7.25,7.25,96,0
EFX,D,20170609,000000,7.52,7.52,7.52,7.52,86,0
EFX,D,20170714,000000,7.6,7.9,7.6,7.9,128,0
EFX,D,20170728,000000,7.7,7.7,7.6,7.6,132,0
EFX,D,20170801,000000,7.7,7.7,7.7,7.7,2,0
EFX,D,20170802,000000,7.7,7.7,7.7,7.7,2,0
EFX,D,20170803,000000,7.7,7.7,7.7,7.7,2,0
EFX,D,20170804,000000,7.7,7.7,7.7,7.7,2,0
EFX,D,20170807,000000,7.7,7.7,7.7,7.7,2,0
EFX,D,20170808,000000,7.7,7.7,7.7,7.7,2,0
EFX,D,20170809,000000,7.7,7.7,7.3,7.3,157,0
EFX,D,20170810,000000,7.2,7.2,7.2,7.2,4,0
EFX,D,20170811,000000,7.2,7.2,7.2,7.2,2,0
EFX,D,20170814,000000,7.05,7.05,6.95,6.95,50,0
EFX,D,20170817,000000,6.8,6.8,6.8,6.8,180,0
EFX,D,20170818,000000,6.8,6.8,6.6,6.6,160,0
EFX,D,20170821,000000,6.53,6.53,6.53,6.53,2,0
EFX,D,20170822,000000,6.5,6.5,6.5,6.5,10,0
EFX,D,20170825,000000,6.35,6.35,5.4,5.4,248,0
EFX,D,20170828,000000,6.45,6.45,6.45,6.45,1,0
EFX,D,20170831,000000,6,6,6,6,170,0
EFX,D,20170901,000000,6,6,6,6,2,0
EFX,D,20170904,000000,5.4,5.45,5.4,5.45,272,0
EFX,D,20170905,000000,5.85,5.85,5.45,5.45,191,0
EFX,D,20170906,000000,5.59,5.59,5.59,5.59,3,0
EFX,D,20170913,000000,5.59,5.59,5.59,5.59,1,0
EFX,D,20170914,000000,5.2,5.2,5.2,5.2,1,0
EFX,D,20170919,000000,5.2,5.2,5.2,5.2,4,0
EFX,D,20170920,000000,5.2,5.2,5.2,5.2,100,0
EFX,D,20171003,000000,5.15,5.15,5.15,5.15,1,0
EFX,D,20171004,000000,5.15,5.15,5.05,5.05,210,0
EFX,D,20171005,000000,5.03,5.03,5.03,5.03,5,0
EFX,D,20171006,000000,5.03,5.03,5.03,5.03,3,0
EFX,D,20171009,000000,5.03,5.03,5.03,5.03,3,0
EFX,D,20171010,000000,5.03,5.03,5.03,5.03,3,0
EFX,D,20171016,000000,5.03,5.03,5.03,5.03,3,0
EFX,D,20171017,000000,5.03,5.03,5.03,5.03,3,0
EFX,D,20171018,000000,5.21,5.21,5,5,350,0
EFX,D,20171019,000000,5,5.35,4.5,4.5,498,0
EFX,D,20171020,000000,4.95,5.26,4,4,880,0
EFX,D,20171023,000000,4,4,3.2,3.2,250,0
EFX,D,20171024,000000,3.2,3.2,3.2,3.2,10,0
EFX,D,20171030,000000,3.8,4,3.8,4,90,0
EFX,D,20171102,000000,4,4.46,4,4.46,5282,0
EFX,D,20171103,000000,4.46,5.35,4.46,5.35,290,0
EFX,D,20171106,000000,4.3,4.8,3.8,4.2,125,0
EFX,D,20171107,000000,4.55,5.46,4.55,5.46,297,0
EFX,D,20171108,000000,5.75,5.75,5.45,5.45,588,0
EFX,D,20171109,000000,5.45,6.49,5.45,6.49,354,0
EFX,D,20171110,000000,6.66,7.99,6.66,7.99,445,0
EFX,D,20171113,000000,8,8,6.41,6.41,1193,0
EFX,D,20171114,000000,6.88,6.88,6.4,6.4,176,0
EFX,D,20171115,000000,6,6,6,6,170,0
EFX,D,20171116,000000,7.1,7.1,7.1,7.1,1,0
EFX,D,20171117,000000,5.7,5.91,5.3,5.91,469,0
EFX,D,20171121,000000,5.5,5.5,5.5,5.5,323,0
EFX,D,20171122,000000,5.01,5.01,4.02,4.02,894,0
EFX,D,20171123,000000,4,4,4,4,30,0
EFX,D,20171124,000000,3.75,3.75,3,3.5,2318,0
EFX,D,20171127,000000,2.9,2.9,2.9,2.9,455,0
EFX,D,20171128,000000,3,3,3,3,120,0
EFX,D,20171201,000000,2.8,2.8,2.8,2.8,20,0
EFX,D,20171204,000000,2.75,2.81,2.75,2.81,799,0
EFX,D,20171205,000000,2.8,2.8,2.4,2.4,2255,0
EFX,D,20171206,000000,2.5,2.68,2.5,2.68,120,0
EFX,D,20171207,000000,2.68,2.84,2.68,2.84,835,0
EFX,D,20171213,000000,2.98,3,2.98,3,360,0
EFX,D,20171220,000000,2.89,2.89,2.88,2.88,250,0
EFX,D,20171227,000000,2.89,2.89,2.89,2.89,10,0
EFX,D,20171228,000000,2.89,2.89,2.89,2.89,7,0
EFX,D,20171229,000000,2.89,2.89,2.89,2.89,7,0
EFX,D,20180103,000000,2.88,2.88,2.88,2.88,90,0
EFX,D,20180104,000000,2.76,2.76,2.62,2.62,525,0
EFX,D,20180109,000000,2.62,2.62,2.5,2.5,475,0
EFX,D,20180110,000000,2.64,3.1,2.64,3.1,555,0
EFX,D,20180111,000000,3.1,3.7,3.1,3.7,82,0
EFX,D,20180112,000000,2.94,2.94,2.76,2.76,647,0
EFX,D,20180115,000000,2.76,2.76,2.62,2.62,90,0
EFX,D,20180116,000000,2.6,3.1,2.6,3.1,2090,0
EFX,D,20180117,000000,2.9,3.46,2.9,3.46,420,0
EFX,D,20180118,000000,3.3,3.3,2.82,3.02,1654,0
EFX,D,20180123,000000,3.02,3.02,3.02,3.02,4,0
EFX,D,20180124,000000,3.02,3.02,3.02,3.02,4,0
EFX,D,20180125,000000,3.02,3.02,3.02,3.02,5,0
EFX,D,20180126,000000,3.02,3.02,3.02,3.02,4,0
EFX,D,20180129,000000,3.02,3.02,3.02,3.02,4,0
EFX,D,20180131,000000,3.02,3.42,3.02,3.42,2754,0
EFX,D,20180202,000000,2.96,3,2.96,3,685,0
EFX,D,20180205,000000,3,3,2.88,2.88,690,0
EFX,D,20180206,000000,2.72,2.72,2.58,2.66,1150,0
EFX,D,20180207,000000,2.52,2.66,2.48,2.48,1510,0
EFX,D,20180208,000000,2.52,2.52,2.52,2.52,405,0
EFX,D,20180209,000000,2.46,2.52,2.3,2.52,1025,0
EFX,D,20180214,000000,2.5,2.5,2.46,2.46,243,0
EFX,D,20180215,000000,2.46,2.46,2.46,2.46,10,0
EFX,D,20180216,000000,2.46,2.46,2.46,2.46,10,0
EFX,D,20180219,000000,2.46,2.46,2.46,2.46,6,0
EFX,D,20180220,000000,2.46,2.46,2.46,2.46,5,0
EFX,D,20180221,000000,2.46,2.46,2.46,2.46,67,0
EFX,D,20180222,000000,2.46,2.46,2.46,2.46,300,0
EFX,D,20180223,000000,2.46,2.46,2.46,2.46,10,0
EFX,D,20180226,000000,2.46,2.46,2.46,2.46,6,0
EFX,D,20180227,000000,2.46,2.46,2.46,2.46,10,0
EFX,D,20180228,000000,2.46,2.46,2.46,2.46,36,0
EFX,D,20180301,000000,2.46,2.46,2.46,2.46,6,0
EFX,D,20180302,000000,2.46,2.46,2.46,2.46,6,0
EFX,D,20180305,000000,2.46,2.46,2.46,2.46,6,0
EFX,D,20180306,000000,2.46,2.46,2.46,2.46,6,0
EFX,D,20180307,000000,2.46,2.46,2.46,2.46,30,0
EFX,D,20180308,000000,2.46,2.46,2.46,2.46,10,0
EFX,D,20180309,000000,2.44,2.44,2.44,2.44,10,0
EFX,D,20180312,000000,2.44,2.44,2.44,2.44,10,0
EFX,D,20180313,000000,2.44,2.44,2.44,2.44,10,0
EFX,D,20180314,000000,2.44,2.44,2.44,2.44,10,0
EFX,D,20180315,000000,2.58,2.7,2.58,2.7,800,0
EFX,D,20180319,000000,2.8,2.84,2.8,2.84,390,0
EFX,D,20180321,000000,2.78,2.78,2.78,2.78,266,0
EFX,D,20180322,000000,2.88,2.88,2.42,2.42,406,0
EFX,D,20180323,000000,2.42,2.42,2.42,2.42,5,0
EFX,D,20180326,000000,2.42,2.42,2.42,2.42,6,0
EFX,D,20180327,000000,2.42,2.42,2.42,2.42,6,0
EFX,D,20180328,000000,2.42,2.42,2.42,2.42,5,0
EFX,D,20180329,000000,2.42,2.42,2.42,2.42,10,0
EFX,D,20180403,000000,2.42,2.42,2.42,2.42,6,0
EFX,D,20180404,000000,2.42,2.42,2.42,2.42,6,0
EFX,D,20180406,000000,2.58,2.98,2.58,2.98,755,0
EFX,D,20180411,000000,2.76,2.98,2.76,2.98,100,0
EFX,D,20180412,000000,2.8,2.98,2.8,2.98,1055,0
EFX,D,20180416,000000,2.98,2.98,2.98,2.98,339,0
EFX,D,20180417,000000,2.9,2.9,2.9,2.9,96,0
EFX,D,20180424,000000,3,3,3,3,330,0
EFX,D,20180425,000000,3,3,3,3,4,0
EFX,D,20180426,000000,3,3,3,3,4,0
EFX,D,20180427,000000,3,3,3,3,4,0
EFX,D,20180430,000000,3,3,3,3,4,0
EFX,D,20180502,000000,3,3,3,3,5,0
EFX,D,20180504,000000,3,3,3,3,4,0
EFX,D,20180507,000000,3,3,3,3,4,0
EFX,D,20180508,000000,3,3,3,3,4,0
EFX,D,20180509,000000,3,3,3,3,4,0
EFX,D,20180510,000000,3,3,3,3,4,0
EFX,D,20180511,000000,3,3,3,3,14,0
EFX,D,20180514,000000,3.1,3.12,2.92,3,2159,0
EFX,D,20180517,000000,3.12,3.12,3.12,3.12,300,0
EFX,D,20180615,000000,3.34,3.6,3.34,3.6,20,0
EFX,D,20180625,000000,3.34,3.34,3.34,3.34,50,0
EFX,D,20180626,000000,3.8,4,3.8,4,130,0
EFX,D,20180628,000000,4.5,5.4,4.5,5.4,100,0
EFX,D,20180629,000000,5.3,5.3,5.3,5.3,100,0
EFX,D,20180720,000000,5.4,5.4,5.4,5.4,3,0
EFX,D,20180723,000000,5.4,5.4,5.4,5.4,2,0
EFX,D,20180724,000000,5.3,5.3,5.3,5.3,280,0
EFX,D,20180725,000000,5.3,5.3,5.3,5.3,3,0
EFX,D,20180726,000000,5.3,5.3,5.3,5.3,1,0
EFX,D,20180907,000000,5.3,5.3,3.5,3.5,556,0
EFX,D,20180913,000000,3.52,3.52,3.52,3.52,462,0
EFX,D,20180914,000000,3.9,3.9,3.9,3.9,100,0
EFX,D,20181116,000000,3.9,3.9,3.52,3.52,700,0
EFX,D,20181119,000000,3.7,3.7,3.5,3.52,1400,0
EFX,D,20181121,000000,3.56,3.56,3.56,3.56,285,0
EFX,D,20181126,000000,3.5,3.5,3.5,3.5,100,0
EFX,D,20181127,000000,3.5,3.5,3.5,3.5,20,0
EFX,D,20181128,000000,3.5,3.5,3.5,3.5,3,0
EFX,D,20181129,000000,3.5,3.5,3.5,3.5,1104,0
EFX,D,20181130,000000,3.5,3.5,3.5,3.5,3,0
EFX,D,20181203,000000,3.5,3.5,3.5,3.5,3,0
EFX,D,20181204,000000,3.5,3.5,3.5,3.5,10,0
EFX,D,20181205,000000,3.5,3.5,3.5,3.5,3,0
EFX,D,20181206,000000,3.5,3.5,3.5,3.5,1034,0
EFX,D,20181207,000000,3.6,3.6,3.6,3.6,3,0
EFX,D,20181210,000000,3.6,3.6,3.6,3.6,3,0
EFX,D,20181211,000000,3.6,3.6,3.4,3.4,104,0
EFX,D,20181212,000000,3.4,3.4,3.4,3.4,3,0
EFX,D,20181213,000000,3.4,3.4,3.4,3.4,696,0
EFX,D,20181217,000000,3.38,3.38,3.38,3.38,300,0
EFX,D,20181221,000000,3.3,3.3,3.2,3.2,349,0
EFX,D,20181228,000000,3.2,3.2,3.2,3.2,320,0
EFX,D,20190102,000000,3.28,3.28,3.2,3.2,1551,0
EFX,D,20190114,000000,3.2,3.2,3.18,3.18,1335,0
EFX,D,20190227,000000,3.18,3.18,3.18,3.18,20,0
EFX,D,20190304,000000,3.18,3.18,3.18,3.18,1,0
EFX,D,20190308,000000,3.14,3.14,3.12,3.12,1030,0
EFX,D,20190311,000000,3.12,3.12,3.12,3.12,980,0
EFX,D,20190328,000000,3.18,3.18,3.18,3.18,1,0
EFX,D,20190403,000000,3.18,3.18,3.18,3.18,1,0
EFX,D,20190404,000000,3.18,3.18,3.18,3.18,1,0
EFX,D,20190410,000000,3.18,3.18,3.18,3.18,26,0
EFX,D,20190416,000000,3.1,3.1,3.1,3.1,3,0
EFX,D,20190417,000000,3.1,3.1,3.02,3.02,400,0
EFX,D,20190424,000000,2.44,2.44,2.44,2.44,835,0
EFX,D,20190508,000000,2.5,2.5,2.5,2.5,405,0
EFX,D,20190509,000000,2.5,2.5,2.5,2.5,5,0
EFX,D,20190513,000000,2.5,2.5,2.5,2.5,5,0
EFX,D,20190520,000000,2.5,2.5,2.5,2.5,5,0
EFX,D,20190527,000000,2.5,2.5,2.5,2.5,5,0
EFX,D,20190529,000000,2.5,2.5,2.5,2.5,5,0
EFX,D,20190603,000000,2.5,2.5,2.5,2.5,5,0
EFX,D,20190919,000000,2.5,2.5,2.5,2.5,5,0
EFX,D,20190920,000000,2.5,2.5,2.5,2.5,5,0
EFX,D,20190923,000000,2.5,2.5,2.5,2.5,5,0
EFX,D,20190924,000000,2.48,2.48,2.48,2.48,300,0
EFX,D,20190925,000000,2.5,2.5,2.5,2.5,5,0
EFX,D,20190926,000000,2.38,2.38,2.32,2.32,240,0
EFX,D,20190927,000000,2.32,2.32,2.32,2.32,5,0
EFX,D,20190930,000000,2.32,2.32,2.32,2.32,5,0
EFX,D,20191001,000000,2.32,2.32,2.32,2.32,5,0
EFX,D,20191002,000000,2.32,2.32,2.32,2.32,5,0
EFX,D,20191003,000000,2.3,2.3,2.3,2.3,5,0
EFX,D,20191004,000000,2.3,2.3,2.3,2.3,5,0
EFX,D,20191007,000000,2.3,2.3,2.3,2.3,5,0
EFX,D,20191008,000000,2.3,2.3,2.3,2.3,5,0
EFX,D,20191009,000000,2.3,2.3,2.3,2.3,5,0
EFX,D,20191010,000000,2.3,2.3,2.3,2.3,5,0
EFX,D,20191011,000000,2.3,2.3,2.3,2.3,5,0
EFX,D,20191014,000000,2.3,2.3,2.3,2.3,5,0
EFX,D,20191015,000000,2.3,2.3,2.3,2.3,13,0
EFX,D,20191016,000000,2.32,2.32,2.32,2.32,5,0
EFX,D,20191017,000000,2.32,2.32,2.32,2.32,5,0
EFX,D,20191018,000000,2.32,2.32,2.32,2.32,5,0
EFX,D,20191021,000000,2.32,2.32,2.32,2.32,50,0
EFX,D,20191022,000000,2.32,2.32,2.32,2.32,5,0
EFX,D,20191023,000000,2.32,2.32,2.32,2.32,6,0
EFX,D,20191024,000000,2.32,2.32,2.32,2.32,5,0
EFX,D,20191025,000000,2.32,2.32,2.32,2.32,5,0
EFX,D,20191028,000000,2.32,2.32,2.32,2.32,5,0
EFX,D,20191029,000000,2.32,2.32,2.32,2.32,6,0
EFX,D,20191030,000000,2.32,2.32,2.32,2.32,5,0
EFX,D,20191031,000000,2.32,2.32,2.32,2.32,5,0
EFX,D,20191104,000000,2.32,2.32,2.32,2.32,5,0
EFX,D,20191105,000000,2.32,2.32,2.32,2.32,5,0
EFX,D,20191106,000000,2.32,2.32,2.32,2.32,5,0
EFX,D,20191107,000000,2.32,2.32,2.32,2.32,5,0
EFX,D,20191108,000000,2.32,2.32,2.32,2.32,5,0
EFX,D,20191211,000000,1.55,1.55,1.55,1.55,1745,0
EFX,D,20191213,000000,1.65,1.65,1.65,1.65,310,0
EFX,D,20191223,000000,1.74,1.74,1.74,1.74,1,0
EFX,D,20200114,000000,1.54,1.54,1.54,1.54,26,0
EFX,D,20200116,000000,1.66,1.66,1.66,1.66,1,0
EFX,D,20200117,000000,1.74,1.74,1.74,1.74,25,0
EFX,D,20200121,000000,1.62,1.62,1.62,1.62,25,0
EFX,D,20200122,000000,1.62,1.62,1.62,1.62,100,0
EFX,D,20200123,000000,1.62,1.62,1.62,1.62,10,0
EFX,D,20200124,000000,1.62,1.62,1.62,1.62,10,0
EFX,D,20200128,000000,1.62,1.62,1.62,1.62,10,0
EFX,D,20200129,000000,1.62,1.62,1.62,1.62,10,0
EFX,D,20200130,000000,1.62,1.74,1.62,1.74,21,0
EFX,D,20200131,000000,1.74,1.74,1.74,1.74,1,0
EFX,D,20200221,000000,1.74,1.74,1.74,1.74,1,0
EFX,D,20200313,000000,1.7,1.7,1.7,1.7,30,0
EFX,D,20200316,000000,1.74,1.74,1.74,1.74,295,0
EFX,D,20200317,000000,1.74,1.74,1.74,1.74,2,0
EFX,D,20200318,000000,1.75,1.75,1.75,1.75,295,0
EFX,D,20200319,000000,1.8,1.8,1.8,1.8,50,0
EFX,D,20200320,000000,1.88,1.88,1.88,1.88,324,0
EFX,D,20200325,000000,2.2,2.3,2.2,2.3,645,0
EFX,D,20200326,000000,2.42,2.94,2.42,2.94,1025,0
EFX,D,20200327,000000,2.94,2.96,2.94,2.96,775,0
EFX,D,20200330,000000,3,3,3,3,185,0
EFX,D,20200331,000000,2.98,2.98,2.98,2.98,120,0
EFX,D,20200401,000000,3.1,3.1,3.1,3.1,19,0
EFX,D,20200408,000000,3.04,3.04,3.04,3.04,4,0
EFX,D,20200409,000000,3,3,3,3,146,0
EFX,D,20200414,000000,2.9,2.9,2.9,2.9,470,0
EFX,D,20200415,000000,2.9,2.9,2.9,2.9,20,0
EFX,D,20200416,000000,3.1,3.1,3.1,3.1,499,0
EFX,D,20200417,000000,2.9,2.9,2.9,2.9,1090,0
EFX,D,20200420,000000,2.9,2.9,2.9,2.9,500,0
EFX,D,20200421,000000,2.9,2.9,2.9,2.9,400,0
EFX,D,20200428,000000,3.08,3.08,3.08,3.08,201,0
EFX,D,20200429,000000,2.94,2.94,2.94,2.94,100,0
EFX,D,20200430,000000,2.92,3.1,2.92,3.1,119,0
EFX,D,20200504,000000,3.14,3.14,3.14,3.14,18,0
EFX,D,20200506,000000,2.92,2.92,2.92,2.92,99,0
EFX,D,20200508,000000,2.82,3.38,2.82,3.38,59,0
EFX,D,20200511,000000,3.3,3.3,3.3,3.3,10,0
EFX,D,20200512,000000,3.4,3.96,3.4,3.96,25,0
EFX,D,20200513,000000,3.94,3.94,3.94,3.94,2,0
EFX,D,20200515,000000,3.94,3.94,3.94,3.94,2,0
EFX,D,20200518,000000,4,4,4,4,16,0
EFX,D,20200519,000000,4.44,4.44,4.44,4.44,2,0
EFX,D,20200520,000000,4.4,4.4,4.4,4.4,50,0
EFX,D,20200522,000000,4.4,4.4,4.4,4.4,1,0
EFX,D,20200527,000000,4,4,4,4,1,0
EFX,D,20200529,000000,4.16,4.16,4.16,4.16,2,0
EFX,D,20200603,000000,4.16,4.16,4.16,4.16,10,0
EFX,D,20200604,000000,4.16,4.16,4.16,4.16,20,0
EFX,D,20200605,000000,4.16,4.16,4.16,4.16,968,0
EFX,D,20200617,000000,4.16,4.16,4.16,4.16,150,0
EFX,D,20200622,000000,4.4,4.44,4.4,4.44,439,0
EFX,D,20200623,000000,4.44,4.44,4.44,4.44,5852,0
EFX,D,20200625,000000,4.34,4.34,4.34,4.34,20,0
EFX,D,20200626,000000,4.34,4.34,4.34,4.34,1,0
EFX,D,20200629,000000,4.32,4.32,4.32,4.32,20,0
EFX,D,20200701,000000,4.34,4.34,4.34,4.34,11,0
EFX,D,20200702,000000,4.34,4.44,4.34,4.44,69,0
EFX,D,20200703,000000,4.44,5,4.44,5,2369,0
EFX,D,20200706,000000,5.4,5.4,5.4,5.4,1,0
EFX,D,20200707,000000,5.45,5.45,4.36,4.36,1448,0
EFX,D,20200708,000000,4.6,4.6,3.8,3.8,645,0
EFX,D,20200709,000000,4.4,5.25,4.28,5.2,1658,0
EFX,D,20200710,000000,6,7,5.1,7,655,0
