<TICKER>,<PER>,<DATE>,<TIME>,<OPEN>,<HIGH>,<LOW>,<CLOSE>,<VOL>,<OPENINT>
ERS,D,20110523,000000,3.9,3.9,2.49,2.49,64893,0
ERS,D,20110524,000000,2.25,2.35,2.15,2.18,16037,0
ERS,D,20110525,000000,2.28,2.55,2.28,2.43,5520,0
ERS,D,20110526,000000,2.43,2.67,2.26,2.52,4268,0
ERS,D,20110527,000000,2.3,2.48,2.12,2.4,5403,0
ERS,D,20110530,000000,2.48,2.82,2.48,2.82,10963,0
ERS,D,20110531,000000,2.9,2.9,2.75,2.9,1100,0
ERS,D,20110601,000000,2.9,2.9,2.84,2.84,540,0
ERS,D,20110602,000000,2.84,2.84,2.5,2.58,1412,0
ERS,D,20110603,000000,2.5,2.9,2.5,2.9,783,0
ERS,D,20110606,000000,2.85,3.13,2.5,3.13,2922,0
ERS,D,20110607,000000,3,3.05,2.7,2.9,1810,0
ERS,D,20110608,000000,2.6,2.9,2.6,2.9,1840,0
ERS,D,20110609,000000,2.65,2.9,2.6,2.9,3510,0
ERS,D,20110610,000000,2.65,2.75,2.5,2.52,2759,0
ERS,D,20110613,000000,2.52,2.67,2.5,2.67,4579,0
ERS,D,20110614,000000,2.75,3.15,2.75,3.1,3341,0
ERS,D,20110615,000000,2.9,3.7,2.73,3.59,8030,0
ERS,D,20110616,000000,3.49,3.49,2.88,3.48,4466,0
ERS,D,20110617,000000,3.1,3.4,3,3.4,1210,0
ERS,D,20110620,000000,3,3,2.73,2.75,1496,0
ERS,D,20110621,000000,2.5,2.6,2.5,2.6,3741,0
ERS,D,20110622,000000,2.27,2.77,2.27,2.5,1967,0
ERS,D,20110624,000000,2.31,2.6,2.05,2.1,3082,0
ERS,D,20110627,000000,2.05,2.3,2.05,2.3,696,0
ERS,D,20110628,000000,2.3,2.47,2.3,2.4,1100,0
ERS,D,20110629,000000,2.33,2.4,2.2,2.2,1315,0
ERS,D,20110630,000000,2.2,2.75,2,2.75,5530,0
ERS,D,20110701,000000,2.6,2.7,2.3,2.7,2170,0
ERS,D,20110705,000000,2.5,2.5,2.4,2.4,912,0
ERS,D,20110706,000000,2.4,2.69,2.31,2.55,2273,0
ERS,D,20110707,000000,2.31,2.7,2.31,2.7,1415,0
ERS,D,20110708,000000,2.4,2.9,2.4,2.9,1623,0
ERS,D,20110712,000000,2.85,2.85,2.7,2.7,70,0
ERS,D,20110713,000000,2.6,2.6,1.75,1.88,12256,0
ERS,D,20110714,000000,2.25,2.25,1.52,1.7,24933,0
ERS,D,20110715,000000,1.57,1.57,1.16,1.45,22998,0
ERS,D,20110718,000000,1.5,1.5,1.32,1.32,5446,0
ERS,D,20110719,000000,1.3,1.44,1.3,1.44,3176,0
ERS,D,20110720,000000,1.43,1.59,1.43,1.59,4300,0
ERS,D,20110721,000000,1.59,1.8,1.59,1.8,6,0
ERS,D,20110722,000000,1.79,1.79,1.7,1.7,2015,0
ERS,D,20110725,000000,1.82,2,1.46,1.5,14667,0
ERS,D,20110726,000000,1.45,1.45,1.25,1.25,6450,0
ERS,D,20110727,000000,1.2,1.38,1.05,1.25,4475,0
ERS,D,20110728,000000,1.2,1.25,1.08,1.25,1801,0
ERS,D,20110729,000000,1.07,1.25,1,1.14,12902,0
ERS,D,20110801,000000,0.95,1.19,0.91,1.19,56019,0
ERS,D,20110802,000000,1.19,1.3,1.15,1.29,1919,0
ERS,D,20110803,000000,1.3,1.49,1.17,1.17,2495,0
ERS,D,20110804,000000,1.11,1.11,0.8,0.8,12975,0
ERS,D,20110805,000000,0.8,0.8,0.65,0.75,9549,0
ERS,D,20110808,000000,0.6,0.75,0.6,0.75,1620,0
ERS,D,20110809,000000,0.6,0.7,0.5,0.7,25500,0
ERS,D,20110810,000000,0.7,0.74,0.57,0.62,11282,0
ERS,D,20110811,000000,0.57,0.57,0.5,0.5,27575,0
ERS,D,20110812,000000,0.56,0.6,0.56,0.6,6671,0
ERS,D,20110816,000000,0.6,0.69,0.6,0.65,23894,0
ERS,D,20110817,000000,0.64,0.65,0.59,0.6,23594,0
ERS,D,20110818,000000,0.6,0.6,0.51,0.51,14895,0
ERS,D,20110819,000000,0.51,0.51,0.5,0.5,1100,0
ERS,D,20110822,000000,0.49,0.55,0.47,0.5,24390,0
ERS,D,20110823,000000,0.47,0.48,0.44,0.48,6877,0
ERS,D,20110824,000000,0.44,0.44,0.4,0.44,23083,0
ERS,D,20110825,000000,0.44,0.52,0.44,0.47,113747,0
ERS,D,20110826,000000,0.47,0.47,0.4,0.4,129713,0
ERS,D,20110829,000000,0.4,0.41,0.39,0.39,52854,0
ERS,D,20110830,000000,0.39,0.4,0.37,0.39,71412,0
ERS,D,20110831,000000,0.39,0.4,0.36,0.4,29732,0
ERS,D,20110901,000000,0.39,0.39,0.38,0.38,4000,0
ERS,D,20110902,000000,0.38,0.38,0.38,0.38,11000,0
ERS,D,20110905,000000,0.41,0.41,0.37,0.4,7667,0
ERS,D,20110906,000000,0.4,0.4,0.35,0.38,88578,0
ERS,D,20110907,000000,0.38,0.39,0.37,0.39,16803,0
ERS,D,20110908,000000,0.39,0.39,0.36,0.39,3480,0
ERS,D,20110909,000000,0.37,0.39,0.36,0.36,12550,0
ERS,D,20110912,000000,0.36,0.39,0.36,0.39,11400,0
ERS,D,20110913,000000,0.39,0.4,0.38,0.39,22453,0
ERS,D,20110914,000000,0.39,0.41,0.39,0.4,22177,0
ERS,D,20110915,000000,0.41,0.41,0.38,0.38,9464,0
ERS,D,20110916,000000,0.37,0.41,0.37,0.41,18955,0
ERS,D,20110919,000000,0.41,0.41,0.38,0.38,4423,0
ERS,D,20110920,000000,0.38,0.4,0.38,0.39,16383,0
ERS,D,20110921,000000,0.39,0.39,0.34,0.36,23940,0
ERS,D,20110922,000000,0.33,0.36,0.33,0.36,4322,0
ERS,D,20110923,000000,0.33,0.33,0.31,0.33,26361,0
ERS,D,20110926,000000,0.33,0.39,0.33,0.39,28700,0
ERS,D,20110927,000000,0.42,0.42,0.39,0.39,6600,0
ERS,D,20110928,000000,0.39,0.39,0.39,0.39,2800,0
ERS,D,20110929,000000,0.41,0.41,0.41,0.41,250,0
ERS,D,20110930,000000,0.41,0.41,0.41,0.41,2000,0
ERS,D,20111003,000000,0.4,0.4,0.4,0.4,260,0
ERS,D,20111004,000000,0.4,0.4,0.4,0.4,100,0
ERS,D,20111005,000000,0.38,0.38,0.37,0.37,1800,0
ERS,D,20111006,000000,0.36,0.4,0.36,0.4,7790,0
ERS,D,20111010,000000,0.4,0.4,0.4,0.4,1100,0
ERS,D,20111011,000000,0.4,0.4,0.4,0.4,100,0
ERS,D,20111012,000000,0.4,0.4,0.32,0.32,22067,0
ERS,D,20111013,000000,0.33,0.35,0.3,0.3,27100,0
ERS,D,20111014,000000,0.31,0.32,0.27,0.3,41453,0
ERS,D,20111017,000000,0.27,0.29,0.26,0.28,85478,0
ERS,D,20111018,000000,0.28,0.3,0.26,0.3,20422,0
ERS,D,20111019,000000,0.31,0.46,0.31,0.46,115154,0
ERS,D,20111020,000000,0.48,0.64,0.46,0.55,42338,0
ERS,D,20111021,000000,0.55,0.65,0.47,0.51,250013,0
ERS,D,20111024,000000,0.51,0.51,0.41,0.45,24896,0
ERS,D,20111025,000000,0.45,0.45,0.31,0.35,366407,0
ERS,D,20111026,000000,0.35,0.37,0.33,0.35,21035,0
ERS,D,20111027,000000,0.35,0.5,0.35,0.5,146508,0
ERS,D,20111028,000000,0.59,0.7,0.5,0.7,188368,0
ERS,D,20111031,000000,0.75,0.83,0.61,0.65,198657,0
ERS,D,20111102,000000,0.6,0.82,0.56,0.8,177686,0
ERS,D,20111103,000000,0.78,0.96,0.73,0.78,66763,0
ERS,D,20111104,000000,0.84,0.84,0.68,0.76,93892,0
ERS,D,20111107,000000,0.77,0.86,0.72,0.72,59245,0
ERS,D,20111108,000000,0.71,0.79,0.68,0.74,34915,0
ERS,D,20111109,000000,0.74,0.74,0.61,0.65,37088,0
ERS,D,20111110,000000,0.66,0.71,0.66,0.66,9744,0
ERS,D,20111114,000000,0.69,0.69,0.69,0.69,1440,0
ERS,D,20111115,000000,0.66,0.66,0.61,0.61,4466,0
ERS,D,20111116,000000,0.61,0.63,0.51,0.55,15977,0
ERS,D,20111117,000000,0.57,0.57,0.44,0.45,22269,0
ERS,D,20111118,000000,0.45,0.45,0.4,0.42,18078,0
ERS,D,20111121,000000,0.44,0.44,0.36,0.36,1508,0
ERS,D,20111122,000000,0.35,0.48,0.34,0.47,61047,0
ERS,D,20111123,000000,0.49,0.64,0.49,0.64,59594,0
ERS,D,20111124,000000,0.63,0.63,0.55,0.59,17805,0
ERS,D,20111125,000000,0.58,0.65,0.58,0.63,25371,0
ERS,D,20111128,000000,0.67,0.73,0.63,0.72,25589,0
ERS,D,20111129,000000,0.75,0.75,0.71,0.71,9030,0
ERS,D,20111130,000000,0.68,0.68,0.64,0.64,5221,0
ERS,D,20111201,000000,0.66,0.85,0.66,0.8,43561,0
ERS,D,20111202,000000,0.8,0.8,0.78,0.78,16965,0
ERS,D,20111205,000000,0.78,0.92,0.65,0.87,84985,0
ERS,D,20111206,000000,0.94,1,0.8,0.8,39077,0
ERS,D,20111207,000000,0.84,0.84,0.7,0.7,12319,0
ERS,D,20111208,000000,0.68,0.7,0.62,0.7,8205,0
ERS,D,20111209,000000,0.7,0.74,0.67,0.74,4413,0
ERS,D,20111212,000000,0.74,0.79,0.74,0.79,1650,0
ERS,D,20111213,000000,0.79,0.79,0.7,0.7,3850,0
ERS,D,20111214,000000,0.7,0.7,0.6,0.6,3500,0
ERS,D,20111215,000000,0.57,0.59,0.55,0.59,4210,0
ERS,D,20111216,000000,0.59,0.67,0.59,0.67,6035,0
ERS,D,20111219,000000,0.7,0.7,0.7,0.7,100,0
ERS,D,20111220,000000,0.7,0.7,0.7,0.7,100,0
ERS,D,20111221,000000,0.7,0.7,0.56,0.6,6937,0
ERS,D,20111223,000000,0.57,0.6,0.5,0.5,3222,0
ERS,D,20111227,000000,0.5,0.5,0.45,0.49,4464,0
ERS,D,20111228,000000,0.5,0.5,0.5,0.5,2021,0
ERS,D,20111229,000000,0.5,0.5,0.5,0.5,2100,0
ERS,D,20111230,000000,0.5,0.55,0.5,0.55,2200,0
ERS,D,20120102,000000,0.54,0.54,0.5,0.5,1700,0
ERS,D,20120103,000000,0.5,0.5,0.5,0.5,1000,0
ERS,D,20120104,000000,0.5,0.5,0.5,0.5,100,0
ERS,D,20120105,000000,0.51,0.51,0.51,0.51,100,0
ERS,D,20120109,000000,0.51,0.51,0.51,0.51,100,0
ERS,D,20120110,000000,0.51,0.51,0.46,0.46,12664,0
ERS,D,20120111,000000,0.46,0.46,0.46,0.46,5100,0
ERS,D,20120112,000000,0.45,0.45,0.45,0.45,100,0
ERS,D,20120113,000000,0.45,0.54,0.4,0.4,10703,0
ERS,D,20120116,000000,0.4,0.4,0.4,0.4,200,0
ERS,D,20120117,000000,0.44,0.45,0.44,0.45,3200,0
ERS,D,20120118,000000,0.45,0.6,0.45,0.48,8894,0
ERS,D,20120119,000000,0.48,0.56,0.41,0.52,6416,0
ERS,D,20120120,000000,0.54,0.54,0.47,0.47,1026,0
ERS,D,20120123,000000,0.45,0.5,0.45,0.5,1700,0
ERS,D,20120124,000000,0.5,0.5,0.41,0.41,2291,0
ERS,D,20120125,000000,0.45,0.46,0.45,0.46,1000,0
ERS,D,20120127,000000,0.48,0.65,0.48,0.65,11927,0
ERS,D,20120130,000000,0.65,0.65,0.57,0.57,6150,0
ERS,D,20120131,000000,0.57,0.65,0.57,0.61,49023,0
ERS,D,20120201,000000,0.63,0.73,0.59,0.63,15151,0
ERS,D,20120202,000000,0.63,0.63,0.58,0.63,5015,0
ERS,D,20120203,000000,0.63,0.69,0.55,0.69,30584,0
ERS,D,20120206,000000,0.69,0.71,0.6,0.68,50936,0
ERS,D,20120207,000000,0.67,0.67,0.55,0.56,43553,0
ERS,D,20120208,000000,0.55,0.59,0.55,0.56,5017,0
ERS,D,20120209,000000,0.57,0.75,0.57,0.7,28457,0
ERS,D,20120210,000000,0.71,0.83,0.71,0.81,21298,0
ERS,D,20120213,000000,0.83,0.85,0.77,0.82,21280,0
ERS,D,20120214,000000,0.83,0.83,0.66,0.66,13516,0
ERS,D,20120215,000000,0.63,0.73,0.6,0.73,8345,0
ERS,D,20120216,000000,0.73,0.75,0.59,0.69,14201,0
ERS,D,20120217,000000,0.72,0.82,0.72,0.82,15743,0
ERS,D,20120220,000000,0.85,0.85,0.68,0.68,15355,0
ERS,D,20120221,000000,0.68,0.71,0.63,0.71,13338,0
ERS,D,20120222,000000,0.63,0.65,0.63,0.63,9388,0
ERS,D,20120223,000000,0.65,0.66,0.65,0.66,1000,0
ERS,D,20120224,000000,0.66,0.66,0.66,0.66,1,0
ERS,D,20120227,000000,0.66,0.68,0.61,0.62,12193,0
ERS,D,20120228,000000,0.7,0.7,0.64,0.64,1200,0
ERS,D,20120301,000000,0.6,0.65,0.6,0.65,3248,0
ERS,D,20120302,000000,0.67,0.68,0.67,0.68,1000,0
ERS,D,20120305,000000,0.63,0.63,0.63,0.63,6160,0
ERS,D,20120306,000000,0.63,0.63,0.6,0.6,2960,0
ERS,D,20120307,000000,0.63,0.63,0.63,0.63,160,0
ERS,D,20120308,000000,0.63,0.63,0.56,0.56,4367,0
ERS,D,20120309,000000,0.57,0.57,0.57,0.57,3100,0
ERS,D,20120313,000000,0.58,0.59,0.58,0.59,1000,0
ERS,D,20120315,000000,0.61,0.61,0.61,0.61,1000,0
ERS,D,20120316,000000,0.62,0.62,0.61,0.61,515,0
ERS,D,20120319,000000,0.61,0.61,0.6,0.6,3630,0
ERS,D,20120321,000000,0.61,0.61,0.61,0.61,170,0
ERS,D,20120322,000000,0.61,0.61,0.49,0.49,14692,0
ERS,D,20120323,000000,0.56,0.56,0.53,0.53,17650,0
ERS,D,20120326,000000,0.51,0.51,0.51,0.51,200,0
ERS,D,20120327,000000,0.51,0.51,0.48,0.48,2201,0
ERS,D,20120328,000000,0.49,0.49,0.49,0.49,1000,0
ERS,D,20120329,000000,0.49,0.51,0.49,0.51,1597,0
ERS,D,20120330,000000,0.55,0.6,0.46,0.5,19822,0
ERS,D,20120402,000000,0.5,0.5,0.5,0.5,200,0
ERS,D,20120403,000000,0.5,0.55,0.5,0.55,401,0
ERS,D,20120405,000000,0.54,0.66,0.53,0.6,20935,0
ERS,D,20120410,000000,0.7,0.7,0.64,0.64,7255,0
ERS,D,20120411,000000,0.64,0.64,0.64,0.64,162,0
ERS,D,20120413,000000,0.61,0.61,0.59,0.59,5300,0
ERS,D,20120416,000000,0.56,0.56,0.56,0.56,4000,0
ERS,D,20120417,000000,0.58,0.58,0.58,0.58,100,0
ERS,D,20120418,000000,0.56,0.56,0.56,0.56,4000,0
ERS,D,20120420,000000,0.52,0.61,0.52,0.6,10070,0
ERS,D,20120423,000000,0.6,0.65,0.6,0.65,19200,0
ERS,D,20120424,000000,0.65,0.78,0.65,0.78,72710,0
ERS,D,20120425,000000,0.78,0.88,0.78,0.87,24334,0
ERS,D,20120426,000000,0.88,0.9,0.82,0.82,12994,0
ERS,D,20120427,000000,0.87,0.87,0.78,0.83,6751,0
ERS,D,20120430,000000,0.83,0.83,0.83,0.83,120,0
ERS,D,20120502,000000,0.81,0.81,0.67,0.79,17847,0
ERS,D,20120504,000000,0.77,0.77,0.7,0.75,8945,0
ERS,D,20120507,000000,0.75,0.75,0.63,0.73,13959,0
ERS,D,20120508,000000,0.7,0.75,0.7,0.75,6118,0
ERS,D,20120509,000000,0.75,0.75,0.72,0.72,3900,0
ERS,D,20120510,000000,0.74,0.74,0.71,0.71,4300,0
ERS,D,20120511,000000,0.7,0.7,0.7,0.7,1117,0
ERS,D,20120514,000000,0.7,0.8,0.6,0.8,5556,0
ERS,D,20120515,000000,0.77,0.77,0.71,0.71,7080,0
ERS,D,20120516,000000,0.68,0.68,0.68,0.68,3900,0
ERS,D,20120517,000000,0.63,0.67,0.6,0.67,30470,0
ERS,D,20120518,000000,0.62,0.62,0.62,0.62,4725,0
ERS,D,20120523,000000,0.61,0.61,0.51,0.51,12701,0
ERS,D,20120524,000000,0.51,0.51,0.51,0.51,5576,0
ERS,D,20120525,000000,0.55,0.55,0.55,0.55,100,0
ERS,D,20120528,000000,0.55,0.55,0.55,0.55,2059,0
ERS,D,20120529,000000,0.53,0.53,0.51,0.52,10000,0
ERS,D,20120530,000000,0.53,0.53,0.53,0.53,2215,0
ERS,D,20120604,000000,0.54,0.54,0.54,0.54,100,0
ERS,D,20120605,000000,0.5,0.5,0.5,0.5,1900,0
ERS,D,20120606,000000,0.49,0.49,0.49,0.49,100,0
ERS,D,20120608,000000,0.49,0.49,0.49,0.49,100,0
ERS,D,20120611,000000,0.49,0.49,0.49,0.49,80,0
ERS,D,20120612,000000,0.49,0.5,0.49,0.5,1091,0
ERS,D,20120614,000000,0.5,0.6,0.5,0.6,14741,0
ERS,D,20120615,000000,0.6,0.6,0.6,0.6,1100,0
ERS,D,20120619,000000,0.56,0.56,0.48,0.54,5710,0
ERS,D,20120620,000000,0.5,0.54,0.5,0.54,10390,0
ERS,D,20120621,000000,0.55,0.64,0.55,0.59,32647,0
ERS,D,20120622,000000,0.6,0.6,0.6,0.6,7000,0
ERS,D,20120625,000000,0.61,0.62,0.61,0.62,600,0
ERS,D,20120626,000000,0.62,0.62,0.62,0.62,500,0
ERS,D,20120627,000000,0.63,0.65,0.57,0.57,3040,0
ERS,D,20120628,000000,0.57,0.57,0.53,0.53,1200,0
ERS,D,20120629,000000,0.53,0.7,0.53,0.7,5200,0
ERS,D,20120703,000000,0.7,0.8,0.63,0.79,21170,0
ERS,D,20120704,000000,0.77,0.77,0.7,0.75,20500,0
ERS,D,20120705,000000,0.76,0.76,0.76,0.76,2100,0
ERS,D,20120706,000000,0.7,0.7,0.65,0.65,3778,0
ERS,D,20120716,000000,0.65,0.65,0.6,0.64,4297,0
ERS,D,20120723,000000,0.56,0.56,0.55,0.55,4900,0
ERS,D,20120727,000000,0.56,0.56,0.53,0.53,60,0
ERS,D,20120730,000000,0.54,0.54,0.54,0.54,173,0
ERS,D,20120731,000000,0.54,0.6,0.54,0.6,780,0
ERS,D,20120801,000000,0.62,0.72,0.62,0.72,6538,0
ERS,D,20120806,000000,0.7,0.7,0.6,0.6,3553,0
ERS,D,20120813,000000,0.59,0.59,0.56,0.56,1118,0
ERS,D,20120814,000000,0.56,0.63,0.56,0.63,3663,0
ERS,D,20120816,000000,0.68,0.72,0.67,0.67,6108,0
ERS,D,20120822,000000,0.7,0.7,0.7,0.7,50,0
ERS,D,20120823,000000,0.7,0.7,0.7,0.7,50,0
ERS,D,20120824,000000,0.7,0.7,0.7,0.7,50,0
ERS,D,20120827,000000,0.7,0.7,0.7,0.7,50,0
ERS,D,20120828,000000,0.7,0.7,0.7,0.7,50,0
ERS,D,20120829,000000,0.7,0.7,0.7,0.7,50,0
ERS,D,20120830,000000,0.7,0.7,0.7,0.7,50,0
ERS,D,20120831,000000,0.7,0.7,0.7,0.7,100,0
ERS,D,20120903,000000,0.7,0.7,0.7,0.7,50,0
ERS,D,20120904,000000,0.7,0.73,0.7,0.72,22175,0
ERS,D,20120907,000000,0.72,0.72,0.72,0.72,50,0
ERS,D,20120911,000000,0.75,0.75,0.75,0.75,100,0
ERS,D,20120912,000000,0.75,0.75,0.75,0.75,50,0
ERS,D,20120913,000000,0.75,0.75,0.75,0.75,50,0
ERS,D,20120914,000000,0.75,0.75,0.72,0.72,150,0
ERS,D,20120919,000000,0.75,0.75,0.75,0.75,100,0
ERS,D,20120920,000000,0.75,0.75,0.75,0.75,397,0
ERS,D,20120921,000000,0.75,0.75,0.75,0.75,50,0
ERS,D,20120924,000000,0.75,0.75,0.75,0.75,50,0
ERS,D,20120925,000000,0.75,0.75,0.75,0.75,50,0
ERS,D,20120926,000000,0.74,0.74,0.74,0.74,30,0
ERS,D,20120927,000000,0.74,0.74,0.74,0.74,50,0
ERS,D,20120928,000000,0.74,0.74,0.74,0.74,50,0
ERS,D,20121001,000000,0.74,0.74,0.74,0.74,50,0
ERS,D,20121002,000000,0.74,0.74,0.74,0.74,20,0
ERS,D,20121003,000000,0.74,0.74,0.74,0.74,50,0
ERS,D,20121004,000000,0.74,0.74,0.74,0.74,40,0
ERS,D,20121005,000000,0.74,0.74,0.74,0.74,20,0
ERS,D,20121008,000000,0.74,0.74,0.74,0.74,50,0
ERS,D,20121009,000000,0.74,0.74,0.74,0.74,50,0
ERS,D,20121010,000000,0.74,0.74,0.74,0.74,30,0
ERS,D,20121011,000000,0.74,0.75,0.68,0.69,8120,0
ERS,D,20121015,000000,0.7,0.7,0.7,0.7,50,0
ERS,D,20121016,000000,0.7,0.7,0.7,0.7,30,0
ERS,D,20121017,000000,0.7,0.7,0.7,0.7,50,0
ERS,D,20121018,000000,0.7,0.7,0.7,0.7,30,0
ERS,D,20121019,000000,0.7,0.7,0.64,0.64,2640,0
ERS,D,20121022,000000,0.65,0.67,0.43,0.43,19401,0
ERS,D,20121023,000000,0.36,0.6,0.36,0.6,20246,0
ERS,D,20121024,000000,0.64,0.64,0.39,0.43,89554,0
ERS,D,20121025,000000,0.43,0.43,0.36,0.36,14649,0
ERS,D,20121026,000000,0.4,0.45,0.4,0.45,5520,0
ERS,D,20121029,000000,0.4,0.45,0.37,0.45,9963,0
ERS,D,20121030,000000,0.45,0.49,0.4,0.49,5702,0
ERS,D,20121031,000000,0.49,0.49,0.44,0.44,1216,0
ERS,D,20121102,000000,0.39,0.42,0.39,0.42,1522,0
ERS,D,20121105,000000,0.42,0.42,0.42,0.42,25,0
ERS,D,20121107,000000,0.4,0.4,0.4,0.4,100,0
ERS,D,20121108,000000,0.4,0.4,0.4,0.4,100,0
ERS,D,20121109,000000,0.4,0.41,0.4,0.41,1050,0
ERS,D,20121112,000000,0.41,0.45,0.41,0.43,7553,0
ERS,D,20121113,000000,0.46,0.49,0.46,0.49,275,0
ERS,D,20121114,000000,0.49,0.6,0.49,0.53,22608,0
ERS,D,20121115,000000,0.55,0.55,0.55,0.55,200,0
ERS,D,20121119,000000,0.51,0.51,0.45,0.45,7420,0
ERS,D,20121122,000000,0.44,0.44,0.44,0.44,1,0
ERS,D,20121123,000000,0.44,0.44,0.39,0.39,2900,0
ERS,D,20121126,000000,0.39,0.42,0.39,0.42,1100,0
ERS,D,20121127,000000,0.42,0.42,0.42,0.42,1673,0
ERS,D,20121128,000000,0.41,0.41,0.41,0.41,1300,0
ERS,D,20121129,000000,0.41,0.46,0.41,0.46,7600,0
ERS,D,20121130,000000,0.51,0.51,0.42,0.45,1843,0
ERS,D,20121203,000000,0.48,0.49,0.44,0.44,3200,0
ERS,D,20121204,000000,0.47,0.48,0.42,0.48,2158,0
ERS,D,20121205,000000,0.49,0.49,0.49,0.49,100,0
ERS,D,20121206,000000,0.45,0.45,0.4,0.45,12378,0
ERS,D,20121207,000000,0.45,0.45,0.45,0.45,50,0
ERS,D,20121210,000000,0.44,0.44,0.44,0.44,50,0
ERS,D,20121214,000000,0.44,0.47,0.44,0.47,4000,0
ERS,D,20121217,000000,0.47,0.51,0.47,0.51,5450,0
ERS,D,20121218,000000,0.54,0.54,0.49,0.49,3570,0
ERS,D,20121228,000000,0.49,0.49,0.49,0.49,50,0
ERS,D,20130102,000000,0.44,0.44,0.44,0.44,3000,0
ERS,D,20130110,000000,0.45,0.45,0.4,0.4,2000,0
ERS,D,20130111,000000,0.4,0.4,0.4,0.4,30,0
ERS,D,20130114,000000,0.4,0.4,0.4,0.4,50,0
ERS,D,20130115,000000,0.4,0.4,0.4,0.4,50,0
ERS,D,20130116,000000,0.4,0.4,0.4,0.4,470,0
ERS,D,20130117,000000,0.4,0.4,0.4,0.4,100,0
ERS,D,20130118,000000,0.4,0.4,0.4,0.4,3000,0
ERS,D,20130121,000000,0.4,0.4,0.4,0.4,50,0
ERS,D,20130122,000000,0.4,0.4,0.4,0.4,50,0
ERS,D,20130123,000000,0.4,0.4,0.4,0.4,50,0
ERS,D,20130124,000000,0.4,0.4,0.4,0.4,50,0
ERS,D,20130125,000000,0.4,0.4,0.4,0.4,50,0
ERS,D,20130129,000000,0.4,0.4,0.4,0.4,100,0
ERS,D,20130130,000000,0.4,0.4,0.4,0.4,30,0
ERS,D,20130131,000000,0.4,0.4,0.4,0.4,40,0
ERS,D,20130201,000000,0.4,0.4,0.4,0.4,50,0
ERS,D,20130204,000000,0.4,0.4,0.4,0.4,50,0
ERS,D,20130205,000000,0.4,0.4,0.35,0.36,8230,0
ERS,D,20130206,000000,0.36,0.39,0.36,0.39,1200,0
ERS,D,20130208,000000,0.4,0.4,0.39,0.39,300,0
ERS,D,20130212,000000,0.39,0.39,0.39,0.39,1707,0
ERS,D,20130213,000000,0.4,0.44,0.4,0.44,2030,0
ERS,D,20130214,000000,0.47,0.5,0.47,0.5,4410,0
ERS,D,20130215,000000,0.53,0.55,0.51,0.51,5740,0
ERS,D,20130218,000000,0.51,0.51,0.51,0.51,50,0
ERS,D,20130219,000000,0.51,0.51,0.51,0.51,300,0
ERS,D,20130220,000000,0.49,0.49,0.49,0.49,1000,0
ERS,D,20130221,000000,0.49,0.49,0.49,0.49,30,0
ERS,D,20130222,000000,0.48,0.5,0.48,0.5,2000,0
ERS,D,20130226,000000,0.5,0.5,0.5,0.5,100,0
ERS,D,20130227,000000,0.5,0.5,0.5,0.5,100,0
ERS,D,20130228,000000,0.5,0.5,0.5,0.5,100,0
ERS,D,20130301,000000,0.48,0.48,0.48,0.48,100,0
ERS,D,20130304,000000,0.47,0.47,0.41,0.41,1350,0
ERS,D,20130305,000000,0.37,0.37,0.35,0.37,8085,0
ERS,D,20130306,000000,0.37,0.37,0.36,0.36,1000,0
ERS,D,20130307,000000,0.37,0.37,0.37,0.37,300,0
ERS,D,20130311,000000,0.37,0.37,0.36,0.36,2130,0
ERS,D,20130312,000000,0.36,0.36,0.36,0.36,500,0
ERS,D,20130313,000000,0.36,0.36,0.36,0.36,200,0
ERS,D,20130314,000000,0.37,0.37,0.37,0.37,200,0
ERS,D,20130315,000000,0.37,0.4,0.37,0.4,400,0
ERS,D,20130319,000000,0.39,0.39,0.39,0.39,500,0
ERS,D,20130320,000000,0.39,0.39,0.39,0.39,50,0
ERS,D,20130321,000000,0.39,0.39,0.39,0.39,400,0
ERS,D,20130322,000000,0.39,0.39,0.39,0.39,22360,0
ERS,D,20130325,000000,0.39,0.39,0.39,0.39,100,0
ERS,D,20130326,000000,0.39,0.39,0.39,0.39,100,0
ERS,D,20130327,000000,0.39,0.39,0.39,0.39,100,0
ERS,D,20130328,000000,0.39,0.39,0.39,0.39,120,0
ERS,D,20130402,000000,0.39,0.39,0.39,0.39,150,0
ERS,D,20130403,000000,0.38,0.38,0.38,0.38,120,0
ERS,D,20130404,000000,0.38,0.38,0.38,0.38,140,0
ERS,D,20130405,000000,0.38,0.38,0.38,0.38,120,0
ERS,D,20130408,000000,0.38,0.38,0.38,0.38,100,0
ERS,D,20130409,000000,0.38,0.38,0.38,0.38,150,0
ERS,D,20130410,000000,0.38,0.38,0.38,0.38,500,0
ERS,D,20130411,000000,0.38,0.38,0.32,0.32,2100,0
ERS,D,20130412,000000,0.34,0.34,0.34,0.34,2000,0
ERS,D,20130417,000000,0.35,0.35,0.35,0.35,120,0
ERS,D,20130418,000000,0.35,0.35,0.35,0.35,80,0
ERS,D,20130419,000000,0.35,0.35,0.35,0.35,500,0
ERS,D,20130506,000000,0.35,0.35,0.3,0.3,4300,0
ERS,D,20130507,000000,0.3,0.33,0.3,0.33,700,0
ERS,D,20130508,000000,0.33,0.33,0.33,0.33,107,0
ERS,D,20130515,000000,0.33,0.33,0.33,0.33,100,0
ERS,D,20130516,000000,0.33,0.33,0.33,0.33,70,0
ERS,D,20130517,000000,0.37,0.37,0.37,0.37,100,0
ERS,D,20130527,000000,0.37,0.42,0.36,0.36,3185,0
ERS,D,20130528,000000,0.38,0.41,0.38,0.41,900,0
ERS,D,20130529,000000,0.41,0.42,0.41,0.42,1500,0
ERS,D,20130531,000000,0.42,0.42,0.42,0.42,100,0
ERS,D,20130603,000000,0.42,0.42,0.42,0.42,100,0
ERS,D,20130604,000000,0.39,0.39,0.38,0.38,320,0
ERS,D,20130605,000000,0.39,0.39,0.39,0.39,100,0
ERS,D,20130606,000000,0.39,0.39,0.39,0.39,50,0
ERS,D,20130607,000000,0.39,0.39,0.39,0.39,50,0
ERS,D,20130612,000000,0.39,0.39,0.39,0.39,100,0
ERS,D,20130613,000000,0.39,0.39,0.39,0.39,100,0
ERS,D,20130614,000000,0.39,0.39,0.39,0.39,100,0
ERS,D,20130617,000000,0.39,0.39,0.39,0.39,100,0
ERS,D,20130618,000000,0.39,0.42,0.36,0.36,1445,0
ERS,D,20130619,000000,0.36,0.36,0.36,0.36,630,0
ERS,D,20130620,000000,0.36,0.43,0.36,0.43,11885,0
ERS,D,20130621,000000,0.44,0.5,0.44,0.5,900,0
ERS,D,20130624,000000,0.52,0.54,0.52,0.54,3354,0
ERS,D,20130625,000000,0.54,0.54,0.54,0.54,50,0
ERS,D,20130626,000000,0.54,0.54,0.54,0.54,20,0
ERS,D,20130627,000000,0.54,0.58,0.54,0.58,700,0
ERS,D,20130628,000000,0.58,0.58,0.58,0.58,50,0
ERS,D,20130701,000000,0.58,0.58,0.58,0.58,50,0
ERS,D,20130702,000000,0.58,0.58,0.51,0.51,600,0
ERS,D,20130708,000000,0.51,0.51,0.49,0.49,250,0
ERS,D,20130709,000000,0.49,0.49,0.49,0.49,100,0
ERS,D,20130711,000000,0.49,0.49,0.49,0.49,100,0
ERS,D,20130712,000000,0.49,0.49,0.49,0.49,100,0
ERS,D,20130715,000000,0.49,0.49,0.48,0.48,110,0
ERS,D,20130716,000000,0.48,0.48,0.48,0.48,50,0
ERS,D,20130717,000000,0.48,0.48,0.48,0.48,100,0
ERS,D,20130718,000000,0.48,0.48,0.48,0.48,100,0
ERS,D,20130719,000000,0.48,0.48,0.42,0.42,800,0
ERS,D,20130724,000000,0.4,0.4,0.4,0.4,100,0
ERS,D,20130725,000000,0.4,0.4,0.4,0.4,30,0
ERS,D,20130726,000000,0.4,0.4,0.4,0.4,100,0
ERS,D,20130729,000000,0.4,0.4,0.4,0.4,100,0
ERS,D,20130730,000000,0.4,0.4,0.4,0.4,100,0
ERS,D,20130731,000000,0.4,0.4,0.4,0.4,100,0
ERS,D,20130801,000000,0.4,0.4,0.4,0.4,50,0
ERS,D,20130802,000000,0.4,0.4,0.4,0.4,100,0
ERS,D,20130805,000000,0.4,0.4,0.4,0.4,100,0
ERS,D,20130806,000000,0.4,0.4,0.4,0.4,100,0
ERS,D,20130807,000000,0.4,0.4,0.4,0.4,100,0
ERS,D,20130808,000000,0.4,0.4,0.4,0.4,1550,0
ERS,D,20130809,000000,0.4,0.4,0.4,0.4,100,0
ERS,D,20130812,000000,0.4,0.4,0.39,0.39,300,0
ERS,D,20130813,000000,0.39,0.39,0.39,0.39,200,0
ERS,D,20130814,000000,0.39,0.39,0.39,0.39,110,0
ERS,D,20130816,000000,0.39,0.39,0.39,0.39,100,0
ERS,D,20130819,000000,0.39,0.39,0.39,0.39,100,0
ERS,D,20130820,000000,0.39,0.39,0.39,0.39,100,0
ERS,D,20130821,000000,0.39,0.39,0.39,0.39,100,0
ERS,D,20130822,000000,0.39,0.39,0.39,0.39,100,0
ERS,D,20130823,000000,0.39,0.39,0.39,0.39,100,0
ERS,D,20130828,000000,0.38,0.38,0.38,0.38,50,0
ERS,D,20130829,000000,0.38,0.38,0.38,0.38,100,0
ERS,D,20130830,000000,0.38,0.38,0.38,0.38,100,0
ERS,D,20130902,000000,0.38,0.38,0.38,0.38,100,0
ERS,D,20130903,000000,0.38,0.38,0.38,0.38,50,0
ERS,D,20130904,000000,0.38,0.38,0.38,0.38,100,0
ERS,D,20130905,000000,0.38,0.38,0.38,0.38,50,0
ERS,D,20130906,000000,0.38,0.38,0.38,0.38,50,0
ERS,D,20130909,000000,0.38,0.38,0.38,0.38,100,0
ERS,D,20130910,000000,0.38,0.38,0.38,0.38,100,0
ERS,D,20130911,000000,0.38,0.38,0.38,0.38,100,0
ERS,D,20130912,000000,0.38,0.38,0.38,0.38,100,0
ERS,D,20130913,000000,0.38,0.38,0.38,0.38,60,0
ERS,D,20130919,000000,0.39,0.45,0.39,0.45,5080,0
ERS,D,20130923,000000,0.45,0.53,0.45,0.53,3800,0
ERS,D,20130924,000000,0.52,0.52,0.45,0.46,12630,0
ERS,D,20130925,000000,0.47,0.47,0.45,0.45,7220,0
ERS,D,20130930,000000,0.45,0.45,0.45,0.45,100,0
ERS,D,20131002,000000,0.42,0.42,0.42,0.42,50,0
ERS,D,20131003,000000,0.42,0.42,0.42,0.42,100,0
ERS,D,20131007,000000,0.42,0.42,0.42,0.42,50,0
ERS,D,20131008,000000,0.42,0.42,0.42,0.42,50,0
ERS,D,20131009,000000,0.42,0.42,0.42,0.42,100,0
ERS,D,20131010,000000,0.42,0.42,0.42,0.42,50,0
ERS,D,20131011,000000,0.42,0.42,0.42,0.42,3740,0
ERS,D,20131015,000000,0.42,0.42,0.42,0.42,200,0
ERS,D,20131016,000000,0.41,0.41,0.41,0.41,50,0
ERS,D,20131017,000000,0.41,0.41,0.41,0.41,50,0
ERS,D,20131018,000000,0.41,0.41,0.41,0.41,50,0
ERS,D,20131021,000000,0.41,0.41,0.41,0.41,100,0
ERS,D,20131022,000000,0.41,0.41,0.41,0.41,50,0
ERS,D,20131023,000000,0.41,0.41,0.41,0.41,50,0
ERS,D,20131024,000000,0.41,0.41,0.41,0.41,50,0
ERS,D,20131025,000000,0.41,0.41,0.41,0.41,100,0
ERS,D,20131028,000000,0.41,0.41,0.41,0.41,100,0
ERS,D,20131029,000000,0.41,0.41,0.41,0.41,50,0
ERS,D,20131030,000000,0.41,0.41,0.41,0.41,9150,0
ERS,D,20131104,000000,0.41,0.41,0.4,0.4,300,0
ERS,D,20131105,000000,0.4,0.4,0.4,0.4,50,0
ERS,D,20131106,000000,0.4,0.4,0.38,0.38,1490,0
ERS,D,20131107,000000,0.4,0.4,0.4,0.4,50,0
ERS,D,20131108,000000,0.4,0.4,0.4,0.4,50,0
ERS,D,20131112,000000,0.4,0.4,0.32,0.32,1600,0
ERS,D,20131113,000000,0.33,0.39,0.33,0.39,500,0
ERS,D,20131114,000000,0.39,0.46,0.32,0.46,53596,0
ERS,D,20131115,000000,0.45,0.46,0.43,0.45,15248,0
ERS,D,20131118,000000,0.48,0.54,0.48,0.54,1003,0
ERS,D,20131119,000000,0.56,0.56,0.56,0.56,40,0
ERS,D,20131120,000000,0.56,0.56,0.56,0.56,40,0
ERS,D,20131121,000000,0.46,0.46,0.46,0.46,300,0
ERS,D,20131122,000000,0.46,0.46,0.46,0.46,50,0
ERS,D,20131125,000000,0.45,0.45,0.45,0.45,100,0
ERS,D,20131126,000000,0.47,0.47,0.47,0.47,500,0
ERS,D,20131127,000000,0.5,0.5,0.43,0.43,280,0
ERS,D,20131202,000000,0.4,0.4,0.35,0.37,1000,0
ERS,D,20131204,000000,0.37,0.37,0.37,0.37,150,0
ERS,D,20131205,000000,0.37,0.37,0.37,0.37,50,0
ERS,D,20131206,000000,0.37,0.37,0.37,0.37,50,0
ERS,D,20131209,000000,0.37,0.37,0.37,0.37,40,0
ERS,D,20131210,000000,0.37,0.37,0.37,0.37,200,0
ERS,D,20131212,000000,0.38,0.39,0.38,0.39,143,0
ERS,D,20131213,000000,0.39,0.39,0.32,0.37,25123,0
ERS,D,20131216,000000,0.37,0.37,0.34,0.34,5500,0
ERS,D,20131217,000000,0.35,0.37,0.33,0.37,10051,0
ERS,D,20131219,000000,0.37,0.37,0.37,0.37,100,0
ERS,D,20140102,000000,0.38,0.38,0.38,0.38,350,0
ERS,D,20140103,000000,0.38,0.39,0.34,0.34,14536,0
ERS,D,20140107,000000,0.37,0.41,0.33,0.34,18956,0
ERS,D,20140108,000000,0.4,0.4,0.37,0.37,11000,0
ERS,D,20140109,000000,0.4,0.47,0.4,0.46,10670,0
ERS,D,20140110,000000,0.46,0.46,0.46,0.46,50,0
ERS,D,20140114,000000,0.44,0.44,0.44,0.44,50,0
ERS,D,20140115,000000,0.45,0.45,0.45,0.45,40,0
ERS,D,20140116,000000,0.45,0.45,0.45,0.45,50,0
ERS,D,20140117,000000,0.45,0.45,0.45,0.45,40,0
ERS,D,20140120,000000,0.45,0.45,0.45,0.45,30,0
ERS,D,20140121,000000,0.45,0.45,0.45,0.45,50,0
ERS,D,20140122,000000,0.45,0.46,0.45,0.46,10039,0
ERS,D,20140124,000000,0.46,0.46,0.46,0.46,50,0
ERS,D,20140129,000000,0.48,0.48,0.48,0.48,40,0
ERS,D,20140130,000000,0.46,0.46,0.46,0.46,40,0
ERS,D,20140131,000000,0.46,0.46,0.46,0.46,40,0
ERS,D,20140203,000000,0.48,0.48,0.48,0.48,40,0
ERS,D,20140204,000000,0.48,0.48,0.48,0.48,2988,0
ERS,D,20140205,000000,0.5,0.5,0.5,0.5,40,0
ERS,D,20140206,000000,0.5,0.5,0.5,0.5,1607,0
ERS,D,20140207,000000,0.5,0.5,0.41,0.46,5030,0
ERS,D,20140210,000000,0.37,0.41,0.37,0.4,3700,0
ERS,D,20140211,000000,0.38,0.42,0.38,0.42,5510,0
ERS,D,20140212,000000,0.42,0.42,0.4,0.4,10000,0
ERS,D,20140213,000000,0.41,0.43,0.4,0.41,10600,0
ERS,D,20140214,000000,0.41,0.49,0.37,0.49,46277,0
ERS,D,20140217,000000,0.52,0.55,0.52,0.55,7870,0
ERS,D,20140218,000000,0.54,0.6,0.47,0.6,6050,0
ERS,D,20140219,000000,0.52,0.52,0.42,0.42,25069,0
ERS,D,20140220,000000,0.38,0.4,0.38,0.39,14803,0
ERS,D,20140221,000000,0.38,0.38,0.38,0.38,1500,0
ERS,D,20140224,000000,0.38,0.38,0.38,0.38,50,0
ERS,D,20140225,000000,0.38,0.38,0.38,0.38,50,0
ERS,D,20140226,000000,0.38,0.38,0.38,0.38,50,0
ERS,D,20140227,000000,0.38,0.38,0.38,0.38,50,0
ERS,D,20140228,000000,0.38,0.38,0.38,0.38,50,0
ERS,D,20140304,000000,0.38,0.38,0.38,0.38,50,0
ERS,D,20140305,000000,0.38,0.44,0.37,0.44,50211,0
ERS,D,20140306,000000,0.44,0.44,0.44,0.44,40,0
ERS,D,20140307,000000,0.44,0.44,0.38,0.38,1960,0
ERS,D,20140310,000000,0.38,0.45,0.34,0.34,22381,0
ERS,D,20140311,000000,0.34,0.36,0.31,0.36,33278,0
ERS,D,20140312,000000,0.35,0.36,0.33,0.36,3393,0
ERS,D,20140318,000000,0.36,0.39,0.36,0.39,500,0
ERS,D,20140320,000000,0.39,0.42,0.39,0.42,350,0
ERS,D,20140321,000000,0.42,0.42,0.42,0.42,50,0
ERS,D,20140325,000000,0.4,0.4,0.4,0.4,100,0
ERS,D,20140326,000000,0.4,0.4,0.4,0.4,100,0
ERS,D,20140327,000000,0.4,0.4,0.4,0.4,100,0
ERS,D,20140328,000000,0.4,0.4,0.4,0.4,100,0
ERS,D,20140331,000000,0.38,0.38,0.33,0.33,5100,0
ERS,D,20140401,000000,0.36,0.36,0.36,0.36,2000,0
ERS,D,20140402,000000,0.36,0.36,0.36,0.36,200,0
ERS,D,20140403,000000,0.36,0.36,0.36,0.36,100,0
ERS,D,20140409,000000,0.34,0.34,0.34,0.34,541,0
ERS,D,20140411,000000,0.34,0.34,0.33,0.33,7770,0
ERS,D,20140422,000000,0.35,0.35,0.35,0.35,100,0
ERS,D,20140424,000000,0.37,0.37,0.37,0.37,100,0
ERS,D,20140425,000000,0.37,0.37,0.37,0.37,50,0
ERS,D,20140428,000000,0.37,0.37,0.35,0.35,300,0
ERS,D,20140429,000000,0.37,0.37,0.37,0.37,50,0
ERS,D,20140430,000000,0.37,0.37,0.35,0.35,150,0
ERS,D,20140502,000000,0.37,0.37,0.37,0.37,100,0
ERS,D,20140505,000000,0.37,0.37,0.37,0.37,50,0
ERS,D,20140506,000000,0.37,0.37,0.37,0.37,50,0
ERS,D,20140507,000000,0.37,0.37,0.37,0.37,40,0
ERS,D,20140508,000000,0.37,0.37,0.35,0.35,90,0
ERS,D,20140509,000000,0.37,0.37,0.37,0.37,40,0
ERS,D,20140512,000000,0.32,0.37,0.32,0.37,262,0
ERS,D,20140513,000000,0.37,0.37,0.37,0.37,50,0
ERS,D,20140514,000000,0.37,0.37,0.37,0.37,50,0
ERS,D,20140515,000000,0.37,0.37,0.31,0.31,3788,0
ERS,D,20140516,000000,0.32,0.32,0.31,0.31,400,0
ERS,D,20140519,000000,0.31,0.31,0.31,0.31,50,0
ERS,D,20140520,000000,0.31,0.31,0.3,0.3,812,0
ERS,D,20140521,000000,0.33,0.34,0.33,0.34,251,0
ERS,D,20140522,000000,0.3,0.34,0.3,0.34,551,0
ERS,D,20140523,000000,0.35,0.35,0.35,0.35,50,0
ERS,D,20140526,000000,0.35,0.35,0.32,0.32,101,0
ERS,D,20140530,000000,0.34,0.34,0.34,0.34,10,0
ERS,D,20140602,000000,0.34,0.34,0.34,0.34,200,0
ERS,D,20140603,000000,0.34,0.34,0.34,0.34,30,0
ERS,D,20140604,000000,0.34,0.34,0.34,0.34,150,0
ERS,D,20140605,000000,0.35,0.35,0.31,0.31,200,0
ERS,D,20140606,000000,0.34,0.34,0.34,0.34,1,0
ERS,D,20140609,000000,0.32,0.32,0.32,0.32,100,0
ERS,D,20140613,000000,0.35,0.35,0.35,0.35,50,0
ERS,D,20140616,000000,0.32,0.35,0.3,0.32,585,0
ERS,D,20140617,000000,0.31,0.31,0.3,0.3,265,0
ERS,D,20140618,000000,0.3,0.3,0.25,0.3,1721,0
ERS,D,20140624,000000,0.28,0.28,0.25,0.27,401,0
ERS,D,20140625,000000,0.27,0.28,0.27,0.28,500,0
ERS,D,20140626,000000,0.27,0.3,0.23,0.27,6690,0
ERS,D,20140630,000000,0.3,0.3,0.3,0.3,300,0
ERS,D,20140701,000000,0.3,0.3,0.3,0.3,11264,0
ERS,D,20140703,000000,0.3,0.3,0.3,0.3,50,0
ERS,D,20140707,000000,0.3,0.3,0.3,0.3,500,0
ERS,D,20140711,000000,0.3,0.3,0.3,0.3,100,0
ERS,D,20140714,000000,0.3,0.3,0.3,0.3,50,0
ERS,D,20140715,000000,0.3,0.3,0.3,0.3,1360,0
ERS,D,20140721,000000,0.3,0.3,0.3,0.3,100,0
ERS,D,20140722,000000,0.3,0.3,0.3,0.3,50,0
ERS,D,20140723,000000,0.3,0.3,0.3,0.3,50,0
ERS,D,20140724,000000,0.3,0.3,0.3,0.3,50,0
ERS,D,20140725,000000,0.3,0.3,0.3,0.3,50,0
ERS,D,20140728,000000,0.3,0.3,0.3,0.3,50,0
ERS,D,20140729,000000,0.3,0.3,0.3,0.3,150,0
ERS,D,20140730,000000,0.3,0.3,0.3,0.3,26929,0
ERS,D,20140801,000000,0.3,0.3,0.3,0.3,30,0
ERS,D,20140819,000000,0.3,0.3,0.3,0.3,100,0
ERS,D,20140821,000000,0.3,0.3,0.3,0.3,10800,0
ERS,D,20140909,000000,0.34,0.34,0.34,0.34,50,0
ERS,D,20140910,000000,0.34,0.34,0.34,0.34,50,0
ERS,D,20140911,000000,0.34,0.34,0.34,0.34,50,0
ERS,D,20140912,000000,0.34,0.34,0.34,0.34,50,0
ERS,D,20140915,000000,0.35,0.35,0.35,0.35,50,0
ERS,D,20140916,000000,0.35,0.35,0.35,0.35,50,0
ERS,D,20140917,000000,0.35,0.35,0.35,0.35,50,0
ERS,D,20140918,000000,0.35,0.35,0.35,0.35,50,0
ERS,D,20140919,000000,0.35,0.35,0.35,0.35,50,0
ERS,D,20140922,000000,0.35,0.35,0.35,0.35,50,0
ERS,D,20140923,000000,0.35,0.35,0.35,0.35,50,0
ERS,D,20140924,000000,0.35,0.35,0.35,0.35,50,0
ERS,D,20140925,000000,0.35,0.35,0.35,0.35,50,0
ERS,D,20140926,000000,0.35,0.37,0.35,0.37,11210,0
ERS,D,20140929,000000,0.4,0.4,0.39,0.4,1355,0
ERS,D,20140930,000000,0.43,0.43,0.43,0.43,50,0
ERS,D,20141001,000000,0.43,0.43,0.43,0.43,100,0
ERS,D,20141002,000000,0.42,0.42,0.42,0.42,50,0
ERS,D,20141003,000000,0.42,0.42,0.42,0.42,40,0
ERS,D,20141006,000000,0.42,0.42,0.42,0.42,50,0
ERS,D,20141007,000000,0.41,0.41,0.41,0.41,50,0
ERS,D,20141008,000000,0.42,0.42,0.42,0.42,30,0
ERS,D,20141009,000000,0.43,0.43,0.43,0.43,30,0
ERS,D,20141010,000000,0.43,0.43,0.43,0.43,40,0
ERS,D,20141013,000000,0.43,0.43,0.43,0.43,50,0
ERS,D,20141014,000000,0.42,0.42,0.35,0.35,5770,0
ERS,D,20141015,000000,0.35,0.39,0.35,0.39,10599,0
ERS,D,20141016,000000,0.42,0.42,0.38,0.38,51,0
ERS,D,20141017,000000,0.42,0.42,0.42,0.42,50,0
ERS,D,20141020,000000,0.42,0.42,0.42,0.42,50,0
ERS,D,20141021,000000,0.42,0.42,0.42,0.42,100,0
ERS,D,20141022,000000,0.42,0.42,0.42,0.42,40,0
ERS,D,20141023,000000,0.4,0.4,0.4,0.4,50,0
ERS,D,20141024,000000,0.42,0.42,0.42,0.42,50,0
ERS,D,20141028,000000,0.4,0.41,0.35,0.4,8565,0
ERS,D,20141031,000000,0.41,0.41,0.41,0.41,100,0
ERS,D,20141103,000000,0.42,0.42,0.42,0.42,760,0
ERS,D,20141104,000000,0.42,0.42,0.42,0.42,40,0
ERS,D,20141105,000000,0.42,0.42,0.42,0.42,3282,0
ERS,D,20141106,000000,0.42,0.42,0.42,0.42,50,0
ERS,D,20141107,000000,0.42,0.42,0.42,0.42,50,0
ERS,D,20141110,000000,0.43,0.43,0.43,0.43,40,0
ERS,D,20141112,000000,0.44,0.44,0.44,0.44,40,0
ERS,D,20141113,000000,0.42,0.42,0.36,0.36,3573,0
ERS,D,20141210,000000,0.41,0.41,0.41,0.41,100,0
ERS,D,20141211,000000,0.41,0.41,0.41,0.41,30,0
ERS,D,20141212,000000,0.41,0.41,0.41,0.41,30,0
ERS,D,20141215,000000,0.41,0.41,0.41,0.41,50,0
ERS,D,20141216,000000,0.41,0.41,0.41,0.41,50,0
ERS,D,20141217,000000,0.4,0.4,0.4,0.4,50,0
ERS,D,20141218,000000,0.4,0.4,0.4,0.4,150,0
ERS,D,20141219,000000,0.4,0.4,0.36,0.36,2407,0
ERS,D,20141223,000000,0.4,0.4,0.4,0.4,50,0
ERS,D,20141229,000000,0.4,0.4,0.4,0.4,100,0
ERS,D,20141230,000000,0.39,0.39,0.39,0.39,100,0
ERS,D,20150105,000000,0.4,0.4,0.4,0.4,30,0
ERS,D,20150113,000000,0.4,0.4,0.4,0.4,30,0
ERS,D,20150114,000000,0.37,0.37,0.3,0.3,620,0
ERS,D,20150115,000000,0.3,0.3,0.3,0.3,50,0
ERS,D,20150116,000000,0.3,0.3,0.3,0.3,100,0
ERS,D,20150119,000000,0.3,0.3,0.3,0.3,50,0
ERS,D,20150120,000000,0.3,0.3,0.3,0.3,350,0
ERS,D,20150121,000000,0.3,0.3,0.3,0.3,50,0
ERS,D,20150122,000000,0.3,0.3,0.3,0.3,50,0
ERS,D,20150123,000000,0.3,0.3,0.3,0.3,40,0
ERS,D,20150126,000000,0.3,0.3,0.3,0.3,40,0
ERS,D,20150127,000000,0.3,0.3,0.3,0.3,4250,0
ERS,D,20150209,000000,0.31,0.33,0.31,0.33,5800,0
ERS,D,20150216,000000,0.33,0.33,0.33,0.33,50,0
ERS,D,20150219,000000,0.35,0.35,0.35,0.35,700,0
ERS,D,20150220,000000,0.37,0.37,0.37,0.37,50,0
ERS,D,20150223,000000,0.37,0.37,0.37,0.37,40,0
ERS,D,20150224,000000,0.37,0.37,0.37,0.37,100,0
ERS,D,20150225,000000,0.37,0.37,0.37,0.37,40,0
ERS,D,20150226,000000,0.37,0.37,0.37,0.37,50,0
ERS,D,20150227,000000,0.37,0.37,0.37,0.37,40,0
ERS,D,20150302,000000,0.37,0.37,0.37,0.37,60,0
ERS,D,20150303,000000,0.37,0.37,0.37,0.37,50,0
ERS,D,20150304,000000,0.37,0.37,0.37,0.37,50,0
ERS,D,20150305,000000,0.37,0.37,0.37,0.37,50,0
ERS,D,20150306,000000,0.37,0.37,0.37,0.37,100,0
ERS,D,20150309,000000,0.37,0.37,0.37,0.37,50,0
ERS,D,20150319,000000,0.32,0.32,0.31,0.31,27320,0
ERS,D,20150325,000000,0.3,0.3,0.3,0.3,13954,0
ERS,D,20150330,000000,0.28,0.28,0.28,0.28,300,0
ERS,D,20150331,000000,0.28,0.28,0.28,0.28,100,0
ERS,D,20150414,000000,0.29,0.29,0.29,0.29,70,0
ERS,D,20150417,000000,0.3,0.3,0.3,0.3,800,0
ERS,D,20150424,000000,0.31,0.33,0.31,0.33,400,0
ERS,D,20150428,000000,0.33,0.33,0.33,0.33,50,0
ERS,D,20150430,000000,0.33,0.33,0.33,0.33,1250,0
ERS,D,20150504,000000,0.36,0.36,0.36,0.36,1540,0
ERS,D,20150505,000000,0.36,0.36,0.36,0.36,100,0
ERS,D,20150506,000000,0.36,0.36,0.36,0.36,50,0
ERS,D,20150507,000000,0.36,0.36,0.36,0.36,40,0
ERS,D,20150508,000000,0.36,0.37,0.36,0.37,1250,0
ERS,D,20150511,000000,0.37,0.37,0.37,0.37,40,0
ERS,D,20150512,000000,0.37,0.37,0.37,0.37,30,0
ERS,D,20150513,000000,0.37,0.37,0.37,0.37,50,0
ERS,D,20150514,000000,0.37,0.37,0.37,0.37,40,0
ERS,D,20150515,000000,0.37,0.37,0.37,0.37,50,0
ERS,D,20150518,000000,0.37,0.37,0.3,0.3,240,0
ERS,D,20150519,000000,0.31,0.31,0.31,0.31,100,0
ERS,D,20150520,000000,0.31,0.37,0.31,0.37,12100,0
ERS,D,20150521,000000,0.37,0.37,0.31,0.32,10940,0
ERS,D,20150522,000000,0.32,0.36,0.31,0.35,11556,0
ERS,D,20150526,000000,0.34,0.34,0.34,0.34,30,0
ERS,D,20150527,000000,0.34,0.34,0.34,0.34,40,0
ERS,D,20150528,000000,0.34,0.34,0.34,0.34,30,0
ERS,D,20150529,000000,0.34,0.34,0.34,0.34,40,0
ERS,D,20150601,000000,0.34,0.34,0.34,0.34,40,0
ERS,D,20150602,000000,0.34,0.34,0.34,0.34,40,0
ERS,D,20150603,000000,0.34,0.34,0.34,0.34,50,0
ERS,D,20150605,000000,0.34,0.34,0.34,0.34,35,0
ERS,D,20150608,000000,0.34,0.34,0.34,0.34,40,0
ERS,D,20150609,000000,0.34,0.34,0.34,0.34,40,0
ERS,D,20150610,000000,0.34,0.34,0.34,0.34,30,0
ERS,D,20150611,000000,0.34,0.34,0.34,0.34,30,0
ERS,D,20150612,000000,0.34,0.34,0.34,0.34,30,0
ERS,D,20150615,000000,0.34,0.34,0.34,0.34,30,0
ERS,D,20150616,000000,0.34,0.34,0.34,0.34,30,0
ERS,D,20150617,000000,0.34,0.34,0.34,0.34,30,0
ERS,D,20150618,000000,0.34,0.34,0.34,0.34,30,0
ERS,D,20150619,000000,0.34,0.34,0.34,0.34,30,0
ERS,D,20150622,000000,0.34,0.34,0.34,0.34,30,0
ERS,D,20150623,000000,0.34,0.34,0.34,0.34,30,0
ERS,D,20150624,000000,0.34,0.34,0.34,0.34,30,0
ERS,D,20150625,000000,0.34,0.34,0.34,0.34,100,0
ERS,D,20150626,000000,0.34,0.34,0.34,0.34,30,0
ERS,D,20150629,000000,0.34,0.34,0.34,0.34,30,0
ERS,D,20150630,000000,0.34,0.34,0.34,0.34,30,0
ERS,D,20150701,000000,0.34,0.34,0.34,0.34,40,0
ERS,D,20150702,000000,0.34,0.34,0.34,0.34,30,0
ERS,D,20150703,000000,0.34,0.34,0.34,0.34,50,0
ERS,D,20150706,000000,0.34,0.34,0.34,0.34,100,0
ERS,D,20150707,000000,0.34,0.34,0.34,0.34,50,0
ERS,D,20150708,000000,0.33,0.33,0.33,0.33,40,0
ERS,D,20150709,000000,0.33,0.33,0.33,0.33,100,0
ERS,D,20150710,000000,0.33,0.33,0.33,0.33,20,0
ERS,D,20150713,000000,0.33,0.33,0.33,0.33,35,0
ERS,D,20150714,000000,0.33,0.33,0.33,0.33,40,0
ERS,D,20150715,000000,0.33,0.33,0.27,0.27,2290,0
ERS,D,20150716,000000,0.27,0.27,0.27,0.27,100,0
ERS,D,20150717,000000,0.27,0.27,0.27,0.27,980,0
ERS,D,20150720,000000,0.27,0.27,0.27,0.27,100,0
ERS,D,20150721,000000,0.27,0.27,0.27,0.27,8490,0
ERS,D,20150818,000000,0.28,0.28,0.28,0.28,50,0
ERS,D,20150819,000000,0.28,0.28,0.28,0.28,100,0
ERS,D,20150820,000000,0.28,0.28,0.28,0.28,50,0
ERS,D,20150821,000000,0.28,0.28,0.28,0.28,50,0
ERS,D,20150824,000000,0.28,0.28,0.28,0.28,100,0
ERS,D,20150825,000000,0.28,0.28,0.28,0.28,100,0
ERS,D,20150826,000000,0.28,0.28,0.28,0.28,40,0
ERS,D,20150827,000000,0.28,0.28,0.28,0.28,40,0
ERS,D,20150828,000000,0.28,0.28,0.28,0.28,40,0
ERS,D,20150831,000000,0.28,0.28,0.28,0.28,40,0
ERS,D,20150901,000000,0.28,0.28,0.28,0.28,40,0
ERS,D,20150902,000000,0.28,0.28,0.28,0.28,30,0
ERS,D,20150903,000000,0.28,0.28,0.28,0.28,40,0
ERS,D,20150904,000000,0.28,0.28,0.28,0.28,40,0
ERS,D,20150907,000000,0.28,0.28,0.28,0.28,40,0
ERS,D,20150908,000000,0.28,0.28,0.28,0.28,50,0
ERS,D,20150909,000000,0.28,0.28,0.28,0.28,50,0
ERS,D,20150910,000000,0.28,0.28,0.28,0.28,40,0
ERS,D,20150911,000000,0.28,0.28,0.28,0.28,40,0
ERS,D,20150914,000000,0.28,0.28,0.28,0.28,40,0
ERS,D,20150915,000000,0.28,0.28,0.28,0.28,50,0
ERS,D,20150916,000000,0.28,0.28,0.28,0.28,50,0
ERS,D,20150917,000000,0.28,0.28,0.28,0.28,50,0
ERS,D,20150918,000000,0.28,0.28,0.28,0.28,50,0
ERS,D,20150921,000000,0.3,0.3,0.3,0.3,40,0
ERS,D,20150922,000000,0.3,0.3,0.3,0.3,40,0
ERS,D,20150923,000000,0.3,0.3,0.3,0.3,40,0
ERS,D,20150924,000000,0.3,0.3,0.3,0.3,40,0
ERS,D,20150925,000000,0.3,0.3,0.29,0.29,107550,0
ERS,D,20150928,000000,0.3,0.3,0.3,0.3,40,0
ERS,D,20150929,000000,0.3,0.3,0.3,0.3,40,0
ERS,D,20150930,000000,0.3,0.3,0.3,0.3,50,0
ERS,D,20151001,000000,0.3,0.3,0.3,0.3,40,0
ERS,D,20151002,000000,0.3,0.3,0.29,0.29,141,0
ERS,D,20151005,000000,0.3,0.3,0.3,0.3,40,0
ERS,D,20151006,000000,0.3,0.3,0.3,0.3,50,0
ERS,D,20151007,000000,0.28,0.28,0.28,0.28,50,0
ERS,D,20151008,000000,0.28,0.28,0.28,0.28,50,0
ERS,D,20151009,000000,0.28,0.28,0.25,0.25,150,0
ERS,D,20151012,000000,0.28,0.28,0.28,0.28,50,0
ERS,D,20151013,000000,0.28,0.28,0.28,0.28,50,0
ERS,D,20151014,000000,0.28,0.28,0.28,0.28,50,0
ERS,D,20151015,000000,0.28,0.28,0.28,0.28,50,0
ERS,D,20151016,000000,0.28,0.28,0.28,0.28,50,0
ERS,D,20151019,000000,0.28,0.28,0.28,0.28,50,0
ERS,D,20151020,000000,0.28,0.28,0.28,0.28,50,0
ERS,D,20151021,000000,0.28,0.28,0.28,0.28,50,0
ERS,D,20151022,000000,0.28,0.28,0.28,0.28,50,0
ERS,D,20151023,000000,0.28,0.28,0.28,0.28,50,0
ERS,D,20151026,000000,0.28,0.28,0.28,0.28,50,0
ERS,D,20151027,000000,0.28,0.28,0.28,0.28,50,0
ERS,D,20151028,000000,0.28,0.28,0.28,0.28,50,0
ERS,D,20151029,000000,0.28,0.28,0.28,0.28,50,0
ERS,D,20151030,000000,0.28,0.28,0.28,0.28,50,0
ERS,D,20151102,000000,0.3,0.3,0.24,0.25,5300,0
ERS,D,20151103,000000,0.2,0.2,0.2,0.2,1120,0
ERS,D,20151104,000000,0.21,0.21,0.21,0.21,50,0
ERS,D,20151105,000000,0.21,0.21,0.21,0.21,50,0
ERS,D,20151106,000000,0.22,0.22,0.22,0.22,50,0
ERS,D,20151109,000000,0.22,0.22,0.22,0.22,50,0
ERS,D,20151110,000000,0.22,0.22,0.21,0.21,18537,0
ERS,D,20151112,000000,0.19,0.19,0.18,0.18,1100,0
ERS,D,20151113,000000,0.2,0.22,0.17,0.18,40266,0
ERS,D,20151116,000000,0.2,0.2,0.19,0.19,15873,0
ERS,D,20151117,000000,0.2,0.27,0.2,0.21,123489,0
ERS,D,20151118,000000,0.24,0.24,0.2,0.24,63154,0
ERS,D,20151119,000000,0.23,0.23,0.2,0.21,10050,0
ERS,D,20151120,000000,0.22,0.22,0.22,0.22,50,0
ERS,D,20151123,000000,0.22,0.22,0.19,0.22,22350,0
ERS,D,20151124,000000,0.22,0.22,0.18,0.18,33637,0
ERS,D,20151125,000000,0.19,0.2,0.18,0.19,20339,0
ERS,D,20151126,000000,0.2,0.2,0.2,0.2,2500,0
ERS,D,20151127,000000,0.21,0.21,0.21,0.21,2700,0
ERS,D,20151130,000000,0.23,0.23,0.23,0.23,50,0
ERS,D,20151201,000000,0.23,0.23,0.19,0.19,400,0
ERS,D,20151202,000000,0.19,0.22,0.19,0.22,64454,0
ERS,D,20151203,000000,0.25,0.3,0.25,0.3,28055,0
ERS,D,20151204,000000,0.35,0.42,0.35,0.42,14914,0
ERS,D,20151207,000000,0.45,0.49,0.36,0.44,21545,0
ERS,D,20151208,000000,0.44,0.45,0.38,0.39,12519,0
ERS,D,20151209,000000,0.41,0.42,0.35,0.41,16847,0
ERS,D,20151210,000000,0.42,0.42,0.34,0.39,9168,0
ERS,D,20151211,000000,0.39,0.39,0.32,0.38,6426,0
ERS,D,20151214,000000,0.37,0.37,0.34,0.34,12902,0
ERS,D,20151215,000000,0.34,0.42,0.34,0.42,11700,0
ERS,D,20151216,000000,0.38,0.41,0.36,0.39,43500,0
ERS,D,20151217,000000,0.39,0.44,0.33,0.43,44808,0
ERS,D,20151218,000000,0.44,0.49,0.38,0.49,48811,0
ERS,D,20151221,000000,0.49,0.58,0.49,0.58,9127,0
ERS,D,20151222,000000,0.57,0.8,0.46,0.8,19274,0
ERS,D,20151223,000000,0.96,1.15,0.77,0.97,9109,0
ERS,D,20151228,000000,0.95,1.14,0.75,0.86,9524,0
ERS,D,20151229,000000,0.84,0.88,0.71,0.88,14160,0
ERS,D,20151230,000000,0.88,1.05,0.88,0.93,7453,0
ERS,D,20160104,000000,1.11,1.33,0.6,0.8,21852,0
ERS,D,20160105,000000,0.65,0.74,0.52,0.74,159869,0
ERS,D,20160107,000000,0.7,0.73,0.45,0.5,75113,0
ERS,D,20160108,000000,0.5,0.5,0.32,0.33,121229,0
ERS,D,20160111,000000,0.34,0.4,0.34,0.4,26626,0
ERS,D,20160112,000000,0.4,0.43,0.32,0.36,105385,0
ERS,D,20160113,000000,0.35,0.39,0.35,0.39,31255,0
ERS,D,20160114,000000,0.39,0.39,0.34,0.39,7228,0
ERS,D,20160115,000000,0.38,0.38,0.29,0.33,26432,0
ERS,D,20160118,000000,0.33,0.33,0.33,0.33,40,0
ERS,D,20160119,000000,0.33,0.33,0.33,0.33,50,0
ERS,D,20160120,000000,0.32,0.32,0.26,0.32,1371,0
ERS,D,20160121,000000,0.32,0.32,0.32,0.32,50,0
ERS,D,20160122,000000,0.32,0.32,0.27,0.32,61,0
ERS,D,20160125,000000,0.3,0.31,0.24,0.3,59849,0
ERS,D,20160126,000000,0.3,0.31,0.26,0.3,11153,0
ERS,D,20160127,000000,0.3,0.31,0.29,0.31,11395,0
ERS,D,20160128,000000,0.29,0.34,0.25,0.34,25136,0
ERS,D,20160129,000000,0.3,0.31,0.3,0.31,11773,0
ERS,D,20160201,000000,0.31,0.33,0.31,0.33,1450,0
ERS,D,20160202,000000,0.33,0.33,0.33,0.33,50,0
ERS,D,20160203,000000,0.33,0.33,0.33,0.33,50,0
ERS,D,20160204,000000,0.33,0.33,0.33,0.33,40,0
ERS,D,20160205,000000,0.33,0.33,0.33,0.33,40,0
ERS,D,20160208,000000,0.33,0.33,0.33,0.33,50,0
ERS,D,20160209,000000,0.33,0.33,0.28,0.28,690,0
ERS,D,20160210,000000,0.31,0.31,0.3,0.3,540,0
ERS,D,20160211,000000,0.31,0.31,0.31,0.31,110,0
ERS,D,20160212,000000,0.31,0.31,0.27,0.3,157,0
ERS,D,20160215,000000,0.31,0.31,0.31,0.31,50,0
ERS,D,20160216,000000,0.3,0.3,0.27,0.27,130,0
ERS,D,20160219,000000,0.25,0.29,0.25,0.29,842,0
ERS,D,20160222,000000,0.31,0.31,0.27,0.31,982,0
ERS,D,20160223,000000,0.31,0.31,0.31,0.31,40,0
ERS,D,20160224,000000,0.3,0.3,0.3,0.3,40,0
ERS,D,20160225,000000,0.31,0.31,0.25,0.25,87,0
ERS,D,20160226,000000,0.3,0.3,0.3,0.3,80,0
ERS,D,20160229,000000,0.31,0.31,0.31,0.31,40,0
ERS,D,20160301,000000,0.3,0.3,0.3,0.3,50,0
ERS,D,20160302,000000,0.3,0.3,0.3,0.3,40,0
ERS,D,20160303,000000,0.3,0.3,0.26,0.26,1040,0
ERS,D,20160304,000000,0.29,0.29,0.24,0.24,1352,0
ERS,D,20160307,000000,0.24,0.24,0.24,0.24,1296,0
ERS,D,20160308,000000,0.26,0.28,0.26,0.28,320,0
ERS,D,20160309,000000,0.28,0.28,0.28,0.28,50,0
ERS,D,20160310,000000,0.29,0.29,0.29,0.29,50,0
ERS,D,20160311,000000,0.29,0.29,0.29,0.29,50,0
ERS,D,20160314,000000,0.29,0.29,0.29,0.29,50,0
ERS,D,20160315,000000,0.29,0.29,0.29,0.29,50,0
ERS,D,20160316,000000,0.29,0.29,0.29,0.29,50,0
ERS,D,20160317,000000,0.29,0.29,0.29,0.29,50,0
ERS,D,20160318,000000,0.28,0.28,0.28,0.28,50,0
ERS,D,20160321,000000,0.29,0.29,0.23,0.23,7280,0
ERS,D,20160322,000000,0.23,0.25,0.23,0.25,300,0
ERS,D,20160323,000000,0.26,0.26,0.26,0.26,50,0
ERS,D,20160324,000000,0.26,0.26,0.26,0.26,50,0
ERS,D,20160329,000000,0.26,0.27,0.26,0.27,2050,0
ERS,D,20160330,000000,0.27,0.27,0.23,0.27,3300,0
ERS,D,20160331,000000,0.27,0.27,0.27,0.27,50,0
ERS,D,20160401,000000,0.27,0.27,0.27,0.27,50,0
ERS,D,20160404,000000,0.27,0.27,0.27,0.27,50,0
ERS,D,20160405,000000,0.27,0.27,0.27,0.27,50,0
ERS,D,20160406,000000,0.27,0.27,0.27,0.27,50,0
ERS,D,20160407,000000,0.27,0.27,0.27,0.27,100,0
ERS,D,20160408,000000,0.27,0.27,0.27,0.27,50,0
ERS,D,20160411,000000,0.27,0.37,0.27,0.37,21640,0
ERS,D,20160412,000000,0.36,0.43,0.33,0.43,15635,0
ERS,D,20160413,000000,0.42,0.42,0.37,0.39,2760,0
ERS,D,20160414,000000,0.38,0.38,0.38,0.38,40,0
ERS,D,20160415,000000,0.38,0.4,0.38,0.4,1330,0
ERS,D,20160418,000000,0.4,0.4,0.4,0.4,30,0
ERS,D,20160419,000000,0.4,0.4,0.32,0.32,9933,0
ERS,D,20160420,000000,0.32,0.32,0.23,0.25,38820,0
ERS,D,20160421,000000,0.27,0.28,0.27,0.28,2050,0
ERS,D,20160422,000000,0.28,0.28,0.28,0.28,50,0
ERS,D,20160425,000000,0.28,0.28,0.28,0.28,50,0
ERS,D,20160426,000000,0.28,0.28,0.28,0.28,50,0
ERS,D,20160427,000000,0.28,0.28,0.23,0.23,18050,0
ERS,D,20160428,000000,0.23,0.26,0.19,0.21,84279,0
ERS,D,20160429,000000,0.21,0.24,0.21,0.24,126854,0
ERS,D,20160502,000000,0.23,0.28,0.22,0.27,65210,0
ERS,D,20160504,000000,0.27,0.27,0.27,0.27,50,0
ERS,D,20160505,000000,0.27,0.27,0.27,0.27,50,0
ERS,D,20160506,000000,0.27,0.27,0.22,0.23,15082,0
ERS,D,20160509,000000,0.26,0.26,0.26,0.26,50,0
ERS,D,20160510,000000,0.26,0.26,0.26,0.26,50,0
ERS,D,20160511,000000,0.26,0.26,0.26,0.26,50,0
ERS,D,20160512,000000,0.26,0.26,0.26,0.26,50,0
ERS,D,20160513,000000,0.26,0.26,0.26,0.26,50,0
ERS,D,20160516,000000,0.26,0.27,0.25,0.26,11800,0
ERS,D,20160517,000000,0.27,0.27,0.24,0.26,3540,0
ERS,D,20160518,000000,0.26,0.26,0.26,0.26,50,0
ERS,D,20160519,000000,0.26,0.26,0.25,0.25,5350,0
ERS,D,20160520,000000,0.22,0.23,0.2,0.23,6500,0
ERS,D,20160524,000000,0.23,0.25,0.23,0.25,9000,0
ERS,D,20160525,000000,0.25,0.26,0.2,0.22,50740,0
ERS,D,20160527,000000,0.22,0.22,0.21,0.21,3000,0
ERS,D,20160530,000000,0.21,0.22,0.21,0.21,3350,0
ERS,D,20160531,000000,0.21,0.21,0.21,0.21,50,0
ERS,D,20160601,000000,0.21,0.21,0.21,0.21,50,0
ERS,D,20160602,000000,0.21,0.24,0.21,0.24,750,0
ERS,D,20160603,000000,0.23,0.23,0.22,0.22,1020,0
ERS,D,20160606,000000,0.24,0.24,0.24,0.24,50,0
ERS,D,20160607,000000,0.24,0.24,0.24,0.24,50,0
ERS,D,20160608,000000,0.24,0.24,0.24,0.24,50,0
ERS,D,20160609,000000,0.24,0.24,0.24,0.24,3200,0
ERS,D,20160610,000000,0.24,0.24,0.2,0.22,2380,0
ERS,D,20160613,000000,0.24,0.24,0.19,0.23,2870,0
ERS,D,20160614,000000,0.23,0.23,0.19,0.22,9951,0
ERS,D,20160615,000000,0.22,0.22,0.22,0.22,50,0
ERS,D,20160616,000000,0.22,0.22,0.22,0.22,50,0
ERS,D,20160617,000000,0.22,0.22,0.22,0.22,50,0
ERS,D,20160621,000000,0.24,0.24,0.24,0.24,50,0
ERS,D,20160622,000000,0.24,0.24,0.24,0.24,50,0
ERS,D,20160623,000000,0.24,0.24,0.24,0.24,50,0
ERS,D,20160624,000000,0.24,0.24,0.23,0.23,450,0
ERS,D,20160627,000000,0.24,0.24,0.24,0.24,50,0
ERS,D,20160628,000000,0.24,0.24,0.24,0.24,50,0
ERS,D,20160629,000000,0.15,0.18,0.13,0.18,46166,0
ERS,D,20160630,000000,0.2,0.2,0.2,0.2,100,0
ERS,D,20160701,000000,0.2,0.2,0.2,0.2,50,0
ERS,D,20160704,000000,0.17,0.19,0.15,0.19,12150,0
ERS,D,20160705,000000,0.18,0.18,0.16,0.16,2500,0
ERS,D,20160706,000000,0.16,0.16,0.16,0.16,100,0
ERS,D,20160707,000000,0.16,0.19,0.16,0.19,5324,0
ERS,D,20160708,000000,0.19,0.21,0.19,0.21,4572,0
ERS,D,20160711,000000,0.21,0.21,0.2,0.2,5150,0
ERS,D,20160712,000000,0.21,0.21,0.21,0.21,100,0
ERS,D,20160713,000000,0.21,0.21,0.21,0.21,100,0
ERS,D,20160714,000000,0.21,0.21,0.17,0.18,5523,0
ERS,D,20160715,000000,0.18,0.18,0.18,0.18,1100,0
ERS,D,20160722,000000,0.18,0.19,0.18,0.19,150,0
ERS,D,20160726,000000,0.17,0.17,0.14,0.14,2801,0
ERS,D,20160727,000000,0.16,0.18,0.13,0.16,35469,0
ERS,D,20160728,000000,0.18,0.18,0.18,0.18,10,0
ERS,D,20160729,000000,0.18,0.18,0.18,0.18,100,0
ERS,D,20160801,000000,0.17,0.17,0.17,0.17,200,0
ERS,D,20160802,000000,0.18,0.18,0.18,0.18,100,0
ERS,D,20160803,000000,0.18,0.22,0.16,0.22,30444,0
ERS,D,20160804,000000,0.22,0.26,0.22,0.26,43088,0
ERS,D,20160805,000000,0.26,0.26,0.26,0.26,50,0
ERS,D,20160808,000000,0.26,0.26,0.26,0.26,60,0
ERS,D,20160809,000000,0.22,0.22,0.22,0.22,100,0
ERS,D,20160810,000000,0.22,0.22,0.18,0.18,12988,0
ERS,D,20160811,000000,0.18,0.19,0.18,0.19,3650,0
ERS,D,20160816,000000,0.18,0.18,0.15,0.18,23900,0
ERS,D,20160817,000000,0.18,0.18,0.18,0.18,100,0
ERS,D,20160818,000000,0.18,0.18,0.18,0.18,100,0
ERS,D,20160819,000000,0.18,0.18,0.18,0.18,100,0
ERS,D,20160822,000000,0.18,0.18,0.18,0.18,100,0
ERS,D,20160823,000000,0.18,0.18,0.18,0.18,100,0
ERS,D,20160824,000000,0.18,0.18,0.18,0.18,100,0
ERS,D,20160825,000000,0.18,0.18,0.18,0.18,100,0
ERS,D,20160826,000000,0.18,0.18,0.15,0.15,1300,0
ERS,D,20160829,000000,0.15,0.15,0.15,0.15,150,0
ERS,D,20160830,000000,0.16,0.19,0.16,0.19,18800,0
ERS,D,20160831,000000,0.2,0.2,0.2,0.2,500,0
ERS,D,20160901,000000,0.22,0.28,0.22,0.28,45757,0
ERS,D,20160902,000000,0.28,0.29,0.23,0.23,3206,0
ERS,D,20160905,000000,0.24,0.24,0.22,0.22,130,0
ERS,D,20160906,000000,0.24,0.24,0.2,0.2,660,0
ERS,D,20160907,000000,0.23,0.23,0.2,0.23,1260,0
ERS,D,20160908,000000,0.23,0.25,0.23,0.25,4000,0
ERS,D,20160909,000000,0.25,0.25,0.25,0.25,50,0
ERS,D,20160912,000000,0.25,0.25,0.25,0.25,1290,0
ERS,D,20160913,000000,0.25,0.25,0.25,0.25,60,0
ERS,D,20160914,000000,0.25,0.25,0.25,0.25,100,0
ERS,D,20160915,000000,0.25,0.25,0.25,0.25,100,0
ERS,D,20160916,000000,0.25,0.25,0.2,0.2,2300,0
ERS,D,20160919,000000,0.2,0.23,0.2,0.23,200,0
ERS,D,20160920,000000,0.23,0.23,0.23,0.23,100,0
ERS,D,20160921,000000,0.25,0.25,0.25,0.25,100,0
ERS,D,20160922,000000,0.25,0.25,0.2,0.2,1100,0
ERS,D,20160923,000000,0.2,0.2,0.19,0.19,5900,0
ERS,D,20160928,000000,0.2,0.22,0.2,0.22,2101,0
ERS,D,20160929,000000,0.22,0.22,0.22,0.22,100,0
ERS,D,20160930,000000,0.21,0.21,0.21,0.21,80,0
ERS,D,20161003,000000,0.21,0.21,0.2,0.2,1560,0
ERS,D,20161004,000000,0.2,0.2,0.18,0.18,1800,0
ERS,D,20161005,000000,0.18,0.21,0.18,0.21,400,0
ERS,D,20161006,000000,0.18,0.19,0.17,0.19,900,0
ERS,D,20161007,000000,0.19,0.2,0.17,0.17,7100,0
ERS,D,20161010,000000,0.17,0.19,0.17,0.19,550,0
ERS,D,20161011,000000,0.19,0.22,0.17,0.2,104037,0
ERS,D,20161012,000000,0.2,0.28,0.17,0.27,371604,0
ERS,D,20161013,000000,0.31,0.37,0.27,0.37,298516,0
ERS,D,20161014,000000,0.44,0.52,0.31,0.35,986019,0
ERS,D,20161017,000000,0.33,0.35,0.31,0.33,34180,0
ERS,D,20161018,000000,0.31,0.34,0.3,0.33,18470,0
ERS,D,20161019,000000,0.33,0.33,0.25,0.27,77876,0
ERS,D,20161020,000000,0.3,0.3,0.25,0.29,35975,0
ERS,D,20161021,000000,0.29,0.33,0.28,0.32,30131,0
ERS,D,20161024,000000,0.33,0.33,0.27,0.27,3260,0
ERS,D,20161025,000000,0.26,0.31,0.25,0.31,11503,0
ERS,D,20161026,000000,0.26,0.3,0.24,0.3,54242,0
ERS,D,20161027,000000,0.31,0.35,0.3,0.32,18595,0
ERS,D,20161028,000000,0.34,0.39,0.3,0.34,20635,0
ERS,D,20161031,000000,0.34,0.34,0.29,0.31,13400,0
ERS,D,20161102,000000,0.32,0.34,0.31,0.32,23502,0
ERS,D,20161103,000000,0.35,0.36,0.34,0.35,24636,0
ERS,D,20161104,000000,0.37,0.37,0.3,0.36,21283,0
ERS,D,20161107,000000,0.36,0.36,0.36,0.36,50,0
ERS,D,20161109,000000,0.36,0.36,0.36,0.36,40,0
ERS,D,20161110,000000,0.31,0.31,0.31,0.31,1764,0
ERS,D,20161114,000000,0.29,0.29,0.24,0.24,36488,0
ERS,D,20161115,000000,0.23,0.23,0.19,0.22,67000,0
ERS,D,20161116,000000,0.22,0.22,0.22,0.22,1100,0
ERS,D,20161117,000000,0.22,0.22,0.18,0.21,21600,0
ERS,D,20161118,000000,0.21,0.21,0.17,0.21,45261,0
ERS,D,20161121,000000,0.21,0.21,0.19,0.19,16700,0
ERS,D,20161122,000000,0.19,0.24,0.19,0.23,9190,0
ERS,D,20161123,000000,0.24,0.26,0.22,0.26,15890,0
ERS,D,20161124,000000,0.26,0.26,0.22,0.26,9745,0
ERS,D,20161125,000000,0.25,0.27,0.25,0.27,4500,0
ERS,D,20161128,000000,0.24,0.24,0.2,0.2,122042,0
ERS,D,20161129,000000,0.19,0.19,0.16,0.19,143639,0
ERS,D,20161130,000000,0.19,0.19,0.17,0.18,24238,0
ERS,D,20161201,000000,0.17,0.18,0.16,0.18,44823,0
ERS,D,20161202,000000,0.18,0.18,0.18,0.18,4900,0
ERS,D,20161205,000000,0.18,0.18,0.18,0.18,8493,0
ERS,D,20161206,000000,0.19,0.19,0.19,0.19,12150,0
ERS,D,20161207,000000,0.19,0.24,0.19,0.21,305068,0
ERS,D,20161208,000000,0.23,0.23,0.2,0.2,23080,0
ERS,D,20161209,000000,0.2,0.2,0.2,0.2,100,0
ERS,D,20161212,000000,0.21,0.25,0.17,0.25,224710,0
ERS,D,20161213,000000,0.25,0.26,0.2,0.22,104194,0
ERS,D,20161214,000000,0.22,0.24,0.2,0.21,37464,0
ERS,D,20161215,000000,0.24,0.24,0.2,0.22,10291,0
ERS,D,20161216,000000,0.22,0.22,0.22,0.22,60,0
ERS,D,20161219,000000,0.22,0.22,0.22,0.22,60,0
ERS,D,20161220,000000,0.22,0.22,0.22,0.22,60,0
ERS,D,20161221,000000,0.22,0.23,0.22,0.22,1420,0
ERS,D,20161222,000000,0.23,0.23,0.19,0.23,650,0
ERS,D,20161223,000000,0.23,0.23,0.23,0.23,60,0
ERS,D,20161227,000000,0.23,0.23,0.23,0.23,5516,0
ERS,D,20161228,000000,0.2,0.22,0.18,0.22,5000,0
ERS,D,20161229,000000,0.23,0.23,0.23,0.23,60,0
ERS,D,20161230,000000,0.23,0.24,0.2,0.24,5766,0
ERS,D,20170103,000000,0.24,0.24,0.24,0.24,60,0
ERS,D,20170104,000000,0.24,0.24,0.24,0.24,160,0
ERS,D,20170105,000000,0.24,0.24,0.24,0.24,50,0
ERS,D,20170109,000000,0.24,0.24,0.21,0.24,2110,0
ERS,D,20170110,000000,0.24,0.24,0.24,0.24,100,0
ERS,D,20170111,000000,0.24,0.24,0.24,0.24,50,0
ERS,D,20170112,000000,0.24,0.24,0.22,0.22,3475,0
ERS,D,20170113,000000,0.24,0.24,0.22,0.22,60,0
ERS,D,20170116,000000,0.23,0.24,0.23,0.24,250,0
ERS,D,20170117,000000,0.24,0.24,0.2,0.23,23195,0
ERS,D,20170118,000000,0.24,0.24,0.24,0.24,50,0
ERS,D,20170119,000000,0.24,0.24,0.24,0.24,50,0
ERS,D,20170120,000000,0.24,0.24,0.21,0.23,36373,0
ERS,D,20170123,000000,0.23,0.23,0.19,0.21,16450,0
ERS,D,20170124,000000,0.21,0.21,0.21,0.21,1050,0
ERS,D,20170125,000000,0.19,0.22,0.19,0.22,13880,0
ERS,D,20170127,000000,0.22,0.22,0.22,0.22,1350,0
ERS,D,20170130,000000,0.23,0.23,0.22,0.22,1051,0
ERS,D,20170131,000000,0.22,0.22,0.19,0.2,27168,0
ERS,D,20170201,000000,0.21,0.21,0.21,0.21,50,0
ERS,D,20170202,000000,0.21,0.21,0.21,0.21,50,0
ERS,D,20170203,000000,0.21,0.21,0.18,0.19,23050,0
ERS,D,20170206,000000,0.19,0.21,0.19,0.21,1100,0
ERS,D,20170207,000000,0.21,0.21,0.19,0.2,10100,0
ERS,D,20170208,000000,0.19,0.2,0.19,0.2,8160,0
ERS,D,20170209,000000,0.21,0.25,0.21,0.24,78590,0
ERS,D,20170210,000000,0.25,0.29,0.25,0.28,181371,0
ERS,D,20170213,000000,0.29,0.29,0.26,0.28,3419,0
ERS,D,20170214,000000,0.26,0.28,0.25,0.28,901,0
ERS,D,20170215,000000,0.27,0.32,0.25,0.28,175745,0
ERS,D,20170216,000000,0.24,0.28,0.22,0.25,8978,0
ERS,D,20170217,000000,0.26,0.28,0.26,0.26,9998,0
ERS,D,20170220,000000,0.27,0.32,0.23,0.32,195958,0
ERS,D,20170221,000000,0.32,0.32,0.29,0.32,8840,0
ERS,D,20170222,000000,0.29,0.37,0.29,0.37,150311,0
ERS,D,20170223,000000,0.37,0.45,0.35,0.45,226473,0
ERS,D,20170224,000000,0.45,0.47,0.45,0.47,12326,0
ERS,D,20170227,000000,0.48,0.62,0.48,0.55,221081,0
ERS,D,20170228,000000,0.58,0.58,0.38,0.41,313564,0
ERS,D,20170301,000000,0.42,0.54,0.4,0.45,181019,0
ERS,D,20170302,000000,0.44,0.5,0.34,0.36,443606,0
ERS,D,20170303,000000,0.37,0.39,0.32,0.34,147725,0
ERS,D,20170306,000000,0.34,0.34,0.29,0.33,155960,0
ERS,D,20170307,000000,0.35,0.35,0.33,0.35,3072,0
ERS,D,20170308,000000,0.31,0.37,0.31,0.36,40735,0
ERS,D,20170309,000000,0.37,0.37,0.31,0.36,12892,0
ERS,D,20170310,000000,0.36,0.36,0.31,0.36,6051,0
ERS,D,20170313,000000,0.36,0.36,0.36,0.36,50,0
ERS,D,20170314,000000,0.34,0.4,0.31,0.4,79436,0
ERS,D,20170315,000000,0.39,0.4,0.36,0.4,4600,0
ERS,D,20170316,000000,0.4,0.4,0.33,0.39,11860,0
ERS,D,20170317,000000,0.39,0.39,0.33,0.39,8251,0
ERS,D,20170320,000000,0.39,0.39,0.39,0.39,50,0
ERS,D,20170321,000000,0.39,0.39,0.39,0.39,50,0
ERS,D,20170322,000000,0.39,0.39,0.39,0.39,40,0
ERS,D,20170323,000000,0.39,0.39,0.39,0.39,50,0
ERS,D,20170324,000000,0.36,0.39,0.36,0.36,8040,0
ERS,D,20170327,000000,0.36,0.36,0.32,0.36,2650,0
ERS,D,20170328,000000,0.36,0.36,0.32,0.36,1198,0
ERS,D,20170329,000000,0.36,0.36,0.36,0.36,50,0
ERS,D,20170330,000000,0.36,0.36,0.31,0.34,21464,0
ERS,D,20170331,000000,0.36,0.36,0.36,0.36,50,0
ERS,D,20170403,000000,0.36,0.36,0.33,0.36,12550,0
ERS,D,20170404,000000,0.36,0.36,0.32,0.36,2500,0
ERS,D,20170405,000000,0.36,0.36,0.36,0.36,40,0
ERS,D,20170406,000000,0.36,0.36,0.36,0.36,50,0
ERS,D,20170407,000000,0.36,0.36,0.36,0.36,50,0
ERS,D,20170410,000000,0.36,0.36,0.31,0.36,3100,0
ERS,D,20170411,000000,0.36,0.36,0.36,0.36,50,0
ERS,D,20170412,000000,0.36,0.36,0.31,0.32,4960,0
ERS,D,20170413,000000,0.33,0.35,0.33,0.35,1450,0
ERS,D,20170418,000000,0.35,0.35,0.29,0.29,12613,0
ERS,D,20170419,000000,0.29,0.32,0.29,0.32,4767,0
ERS,D,20170420,000000,0.31,0.31,0.27,0.31,8536,0
ERS,D,20170421,000000,0.31,0.31,0.31,0.31,50,0
ERS,D,20170424,000000,0.31,0.31,0.29,0.29,4650,0
ERS,D,20170425,000000,0.29,0.29,0.29,0.29,40,0
ERS,D,20170426,000000,0.29,0.29,0.29,0.29,50,0
ERS,D,20170427,000000,0.29,0.29,0.29,0.29,60,0
ERS,D,20170428,000000,0.29,0.29,0.29,0.29,60,0
ERS,D,20170502,000000,0.28,0.28,0.27,0.27,94403,0
ERS,D,20170504,000000,0.29,0.29,0.29,0.29,5060,0
ERS,D,20170505,000000,0.29,0.29,0.29,0.29,100,0
ERS,D,20170508,000000,0.29,0.29,0.29,0.29,60,0
ERS,D,20170509,000000,0.29,0.29,0.29,0.29,50,0
ERS,D,20170510,000000,0.29,0.31,0.28,0.31,9500,0
ERS,D,20170511,000000,0.31,0.31,0.31,0.31,50,0
ERS,D,20170512,000000,0.31,0.37,0.31,0.37,6000,0
ERS,D,20170515,000000,0.36,0.36,0.3,0.35,652,0
ERS,D,20170516,000000,0.35,0.35,0.35,0.35,50,0
ERS,D,20170517,000000,0.35,0.35,0.35,0.35,50,0
ERS,D,20170518,000000,0.35,0.35,0.35,0.35,50,0
ERS,D,20170519,000000,0.35,0.35,0.35,0.35,50,0
ERS,D,20170522,000000,0.35,0.35,0.35,0.35,30,0
ERS,D,20170523,000000,0.34,0.34,0.34,0.34,60,0
ERS,D,20170524,000000,0.35,0.35,0.35,0.35,60,0
ERS,D,20170525,000000,0.35,0.35,0.35,0.35,60,0
ERS,D,20170526,000000,0.35,0.35,0.35,0.35,50,0
ERS,D,20170529,000000,0.35,0.35,0.35,0.35,50,0
ERS,D,20170530,000000,0.35,0.35,0.35,0.35,50,0
ERS,D,20170531,000000,0.35,0.35,0.35,0.35,60,0
ERS,D,20170601,000000,0.35,0.35,0.35,0.35,50,0
ERS,D,20170602,000000,0.35,0.35,0.35,0.35,60,0
ERS,D,20170605,000000,0.35,0.35,0.3,0.33,5498,0
ERS,D,20170606,000000,0.27,0.3,0.26,0.27,10834,0
ERS,D,20170607,000000,0.32,0.32,0.32,0.32,1200,0
ERS,D,20170608,000000,0.31,0.31,0.27,0.27,7100,0
ERS,D,20170609,000000,0.29,0.29,0.25,0.25,9850,0
ERS,D,20170612,000000,0.27,0.27,0.22,0.26,3350,0
ERS,D,20170613,000000,0.26,0.26,0.26,0.26,50,0
ERS,D,20170614,000000,0.27,0.27,0.27,0.27,50,0
ERS,D,20170616,000000,0.27,0.27,0.27,0.27,60,0
ERS,D,20170619,000000,0.27,0.27,0.27,0.27,60,0
ERS,D,20170620,000000,0.27,0.27,0.27,0.27,142,0
ERS,D,20170621,000000,0.27,0.27,0.27,0.27,100,0
ERS,D,20170622,000000,0.27,0.27,0.27,0.27,60,0
ERS,D,20170623,000000,0.27,0.27,0.25,0.27,4117,0
ERS,D,20170626,000000,0.27,0.27,0.27,0.27,100,0
ERS,D,20170627,000000,0.27,0.27,0.27,0.27,100,0
ERS,D,20170628,000000,0.27,0.27,0.27,0.27,100,0
ERS,D,20170629,000000,0.27,0.27,0.27,0.27,100,0
ERS,D,20170630,000000,0.27,0.27,0.27,0.27,100,0
ERS,D,20170703,000000,0.27,0.27,0.27,0.27,300,0
ERS,D,20170704,000000,0.27,0.27,0.27,0.27,100,0
ERS,D,20170705,000000,0.27,0.27,0.27,0.27,100,0
ERS,D,20170706,000000,0.27,0.27,0.27,0.27,100,0
ERS,D,20170707,000000,0.27,0.27,0.27,0.27,150,0
ERS,D,20170710,000000,0.27,0.35,0.27,0.35,17548,0
ERS,D,20170711,000000,0.35,0.35,0.35,0.35,60,0
ERS,D,20170713,000000,0.35,0.35,0.35,0.35,60,0
ERS,D,20170714,000000,0.35,0.35,0.35,0.35,60,0
ERS,D,20170717,000000,0.34,0.35,0.34,0.35,1400,0
ERS,D,20170718,000000,0.35,0.35,0.35,0.35,60,0
ERS,D,20170719,000000,0.35,0.35,0.35,0.35,50,0
ERS,D,20170720,000000,0.35,0.35,0.35,0.35,60,0
ERS,D,20170721,000000,0.35,0.35,0.35,0.35,50,0
ERS,D,20170724,000000,0.35,0.35,0.35,0.35,50,0
ERS,D,20170725,000000,0.35,0.35,0.34,0.34,560,0
ERS,D,20170726,000000,0.35,0.35,0.35,0.35,50,0
ERS,D,20170727,000000,0.35,0.35,0.35,0.35,50,0
ERS,D,20170728,000000,0.35,0.35,0.27,0.33,20849,0
ERS,D,20170731,000000,0.3,0.33,0.29,0.32,5316,0
ERS,D,20170801,000000,0.33,0.33,0.33,0.33,50,0
ERS,D,20170802,000000,0.33,0.33,0.33,0.33,50,0
ERS,D,20170803,000000,0.33,0.33,0.33,0.33,1890,0
ERS,D,20170804,000000,0.33,0.33,0.33,0.33,50,0
ERS,D,20170807,000000,0.33,0.33,0.33,0.33,50,0
ERS,D,20170808,000000,0.33,0.33,0.33,0.33,50,0
ERS,D,20170809,000000,0.33,0.33,0.33,0.33,50,0
ERS,D,20170810,000000,0.33,0.33,0.33,0.33,9,0
ERS,D,20170814,000000,0.33,0.33,0.33,0.33,50,0
ERS,D,20170817,000000,0.33,0.34,0.33,0.34,501,0
ERS,D,20170822,000000,0.33,0.33,0.33,0.33,100,0
ERS,D,20170823,000000,0.33,0.33,0.33,0.33,100,0
ERS,D,20170824,000000,0.27,0.32,0.27,0.32,950,0
ERS,D,20170825,000000,0.33,0.35,0.33,0.34,11420,0
ERS,D,20170828,000000,0.34,0.35,0.34,0.34,18348,0
ERS,D,20170829,000000,0.34,0.34,0.34,0.34,100,0
ERS,D,20170830,000000,0.34,0.34,0.34,0.34,432,0
ERS,D,20170831,000000,0.34,0.34,0.34,0.34,30,0
ERS,D,20170901,000000,0.34,0.34,0.34,0.34,50,0
ERS,D,20170904,000000,0.34,0.34,0.34,0.34,50,0
ERS,D,20170905,000000,0.34,0.34,0.34,0.34,50,0
ERS,D,20170906,000000,0.34,0.34,0.34,0.34,50,0
ERS,D,20170907,000000,0.34,0.34,0.34,0.34,50,0
ERS,D,20170908,000000,0.34,0.34,0.34,0.34,50,0
ERS,D,20170911,000000,0.34,0.34,0.34,0.34,50,0
ERS,D,20170912,000000,0.34,0.34,0.23,0.3,81498,0
ERS,D,20170913,000000,0.27,0.29,0.27,0.29,11300,0
ERS,D,20170914,000000,0.29,0.29,0.29,0.29,50,0
ERS,D,20170915,000000,0.29,0.29,0.29,0.29,50,0
ERS,D,20170918,000000,0.29,0.29,0.29,0.29,50,0
ERS,D,20170919,000000,0.29,0.29,0.29,0.29,50,0
ERS,D,20170920,000000,0.29,0.29,0.29,0.29,50,0
ERS,D,20170921,000000,0.29,0.29,0.29,0.29,50,0
ERS,D,20170922,000000,0.29,0.29,0.29,0.29,50,0
ERS,D,20170925,000000,0.29,0.31,0.29,0.31,11000,0
ERS,D,20170926,000000,0.31,0.34,0.31,0.34,6610,0
ERS,D,20170927,000000,0.34,0.34,0.34,0.34,40,0
ERS,D,20170928,000000,0.3,0.43,0.3,0.41,91000,0
ERS,D,20170929,000000,0.36,0.4,0.36,0.4,4551,0
ERS,D,20171002,000000,0.4,0.4,0.33,0.37,22190,0
ERS,D,20171003,000000,0.36,0.36,0.36,0.36,100,0
ERS,D,20171004,000000,0.34,0.38,0.3,0.38,2580,0
ERS,D,20171009,000000,0.38,0.38,0.38,0.38,50,0
ERS,D,20171023,000000,0.35,0.35,0.35,0.35,50,0
ERS,D,20171024,000000,0.35,0.35,0.35,0.35,50,0
ERS,D,20171025,000000,0.35,0.35,0.35,0.35,40,0
ERS,D,20171026,000000,0.34,0.35,0.34,0.35,350,0
ERS,D,20171027,000000,0.36,0.36,0.36,0.36,200,0
ERS,D,20171031,000000,0.37,0.37,0.37,0.37,100,0
ERS,D,20171102,000000,0.37,0.37,0.37,0.37,50,0
ERS,D,20171103,000000,0.37,0.37,0.37,0.37,50,0
ERS,D,20171106,000000,0.37,0.37,0.37,0.37,50,0
ERS,D,20171107,000000,0.37,0.37,0.37,0.37,50,0
ERS,D,20171108,000000,0.37,0.37,0.37,0.37,50,0
ERS,D,20171109,000000,0.37,0.37,0.37,0.37,50,0
ERS,D,20171110,000000,0.37,0.37,0.36,0.36,100,0
ERS,D,20171113,000000,0.36,0.36,0.36,0.36,50,0
ERS,D,20171114,000000,0.36,0.36,0.36,0.36,50,0
ERS,D,20171115,000000,0.36,0.36,0.29,0.35,4442,0
ERS,D,20171116,000000,0.31,0.31,0.26,0.29,6382,0
ERS,D,20171117,000000,0.29,0.29,0.29,0.29,50,0
ERS,D,20171120,000000,0.29,0.29,0.29,0.29,50,0
ERS,D,20171121,000000,0.29,0.29,0.29,0.29,50,0
ERS,D,20171122,000000,0.29,0.29,0.29,0.29,50,0
ERS,D,20171123,000000,0.29,0.29,0.29,0.29,50,0
ERS,D,20171124,000000,0.29,0.29,0.29,0.29,60,0
ERS,D,20171127,000000,0.29,0.29,0.29,0.29,50,0
ERS,D,20171128,000000,0.29,0.29,0.29,0.29,50,0
ERS,D,20171129,000000,0.29,0.29,0.29,0.29,50,0
ERS,D,20171130,000000,0.29,0.29,0.29,0.29,50,0
ERS,D,20171201,000000,0.29,0.29,0.29,0.29,50,0
ERS,D,20171204,000000,0.29,0.29,0.29,0.29,50,0
ERS,D,20171205,000000,0.29,0.29,0.29,0.29,50,0
ERS,D,20171206,000000,0.29,0.29,0.29,0.29,50,0
ERS,D,20171207,000000,0.29,0.3,0.29,0.3,350,0
ERS,D,20171212,000000,0.29,0.29,0.29,0.29,50,0
ERS,D,20171213,000000,0.29,0.29,0.29,0.29,50,0
ERS,D,20171214,000000,0.29,0.29,0.29,0.29,50,0
ERS,D,20171215,000000,0.29,0.29,0.29,0.29,50,0
ERS,D,20171218,000000,0.29,0.29,0.29,0.29,50,0
ERS,D,20171219,000000,0.29,0.29,0.29,0.29,50,0
ERS,D,20171220,000000,0.29,0.29,0.29,0.29,50,0
ERS,D,20171221,000000,0.29,0.29,0.29,0.29,50,0
ERS,D,20171227,000000,0.29,0.29,0.26,0.29,101350,0
ERS,D,20171228,000000,0.29,0.29,0.29,0.29,50,0
ERS,D,20171229,000000,0.29,0.29,0.29,0.29,100,0
ERS,D,20180103,000000,0.29,0.31,0.29,0.31,300,0
ERS,D,20180104,000000,0.33,0.34,0.33,0.34,400,0
ERS,D,20180105,000000,0.35,0.35,0.35,0.35,300,0
ERS,D,20180109,000000,0.35,0.35,0.35,0.35,50,0
ERS,D,20180110,000000,0.35,0.35,0.35,0.35,50,0
ERS,D,20180111,000000,0.35,0.35,0.35,0.35,50,0
ERS,D,20180112,000000,0.35,0.35,0.35,0.35,50,0
ERS,D,20180116,000000,0.35,0.35,0.35,0.35,50,0
ERS,D,20180117,000000,0.33,0.33,0.33,0.33,50,0
ERS,D,20180118,000000,0.34,0.35,0.34,0.35,800,0
ERS,D,20180124,000000,0.34,0.34,0.34,0.34,50,0
ERS,D,20180125,000000,0.34,0.34,0.34,0.34,50,0
ERS,D,20180126,000000,0.34,0.34,0.34,0.34,50,0
ERS,D,20180129,000000,0.34,0.34,0.34,0.34,30,0
ERS,D,20180130,000000,0.34,0.34,0.34,0.34,100,0
ERS,D,20180131,000000,0.34,0.34,0.34,0.34,100,0
ERS,D,20180201,000000,0.34,0.34,0.34,0.34,100,0
ERS,D,20180202,000000,0.34,0.34,0.34,0.34,100,0
ERS,D,20180205,000000,0.34,0.34,0.34,0.34,50,0
ERS,D,20180206,000000,0.32,0.34,0.28,0.34,6785,0
ERS,D,20180209,000000,0.32,0.32,0.32,0.32,50,0
ERS,D,20180212,000000,0.32,0.32,0.32,0.32,50,0
ERS,D,20180213,000000,0.32,0.32,0.32,0.32,50,0
ERS,D,20180214,000000,0.32,0.32,0.32,0.32,50,0
ERS,D,20180215,000000,0.32,0.32,0.32,0.32,50,0
ERS,D,20180216,000000,0.32,0.32,0.32,0.32,50,0
ERS,D,20180219,000000,0.32,0.32,0.32,0.32,50,0
ERS,D,20180220,000000,0.32,0.32,0.32,0.32,50,0
ERS,D,20180221,000000,0.32,0.32,0.32,0.32,50,0
ERS,D,20180222,000000,0.32,0.32,0.32,0.32,50,0
ERS,D,20180223,000000,0.32,0.32,0.32,0.32,50,0
ERS,D,20180226,000000,0.32,0.32,0.26,0.32,434,0
ERS,D,20180227,000000,0.32,0.32,0.32,0.32,50,0
ERS,D,20180228,000000,0.32,0.32,0.32,0.32,50,0
ERS,D,20180301,000000,0.32,0.32,0.32,0.32,50,0
ERS,D,20180302,000000,0.32,0.38,0.31,0.37,37673,0
ERS,D,20180305,000000,0.37,0.39,0.3,0.31,60670,0
ERS,D,20180306,000000,0.32,0.36,0.29,0.34,14985,0
ERS,D,20180307,000000,0.34,0.34,0.29,0.34,3950,0
ERS,D,20180312,000000,0.34,0.34,0.34,0.34,50,0
ERS,D,20180313,000000,0.34,0.34,0.34,0.34,50,0
ERS,D,20180314,000000,0.34,0.34,0.34,0.34,50,0
ERS,D,20180315,000000,0.34,0.34,0.34,0.34,50,0
ERS,D,20180316,000000,0.34,0.34,0.34,0.34,50,0
ERS,D,20180319,000000,0.34,0.34,0.34,0.34,50,0
ERS,D,20180320,000000,0.34,0.34,0.34,0.34,50,0
ERS,D,20180321,000000,0.34,0.34,0.34,0.34,50,0
ERS,D,20180322,000000,0.34,0.34,0.34,0.34,50,0
ERS,D,20180323,000000,0.34,0.34,0.34,0.34,50,0
ERS,D,20180326,000000,0.34,0.34,0.34,0.34,50,0
ERS,D,20180327,000000,0.34,0.34,0.34,0.34,50,0
ERS,D,20180328,000000,0.34,0.34,0.34,0.34,50,0
ERS,D,20180329,000000,0.34,0.34,0.34,0.34,50,0
ERS,D,20180403,000000,0.34,0.34,0.34,0.34,50,0
ERS,D,20180404,000000,0.34,0.34,0.34,0.34,50,0
ERS,D,20180405,000000,0.34,0.34,0.34,0.34,50,0
ERS,D,20180406,000000,0.34,0.34,0.34,0.34,50,0
ERS,D,20180410,000000,0.34,0.34,0.34,0.34,50,0
ERS,D,20180411,000000,0.34,0.34,0.34,0.34,50,0
ERS,D,20180412,000000,0.34,0.34,0.34,0.34,50,0
ERS,D,20180413,000000,0.33,0.33,0.33,0.33,50,0
ERS,D,20180416,000000,0.33,0.33,0.33,0.33,50,0
ERS,D,20180417,000000,0.33,0.33,0.33,0.33,50,0
ERS,D,20180418,000000,0.33,0.33,0.27,0.31,13834,0
ERS,D,20180419,000000,0.32,0.32,0.32,0.32,50,0
ERS,D,20180420,000000,0.31,0.31,0.31,0.31,50,0
ERS,D,20180423,000000,0.31,0.31,0.31,0.31,50,0
ERS,D,20180424,000000,0.31,0.31,0.31,0.31,50,0
ERS,D,20180425,000000,0.31,0.31,0.31,0.31,50,0
ERS,D,20180426,000000,0.31,0.31,0.31,0.31,50,0
ERS,D,20180427,000000,0.31,0.31,0.31,0.31,50,0
ERS,D,20180430,000000,0.31,0.31,0.31,0.31,50,0
ERS,D,20180502,000000,0.31,0.31,0.31,0.31,20,0
ERS,D,20180504,000000,0.31,0.31,0.31,0.31,50,0
ERS,D,20180507,000000,0.31,0.31,0.31,0.31,50,0
ERS,D,20180508,000000,0.31,0.31,0.31,0.31,40,0
ERS,D,20180509,000000,0.31,0.31,0.31,0.31,40,0
ERS,D,20180510,000000,0.27,0.3,0.27,0.3,289,0
ERS,D,20180511,000000,0.3,0.3,0.3,0.3,50,0
ERS,D,20180514,000000,0.3,0.3,0.3,0.3,50,0
ERS,D,20180515,000000,0.3,0.3,0.3,0.3,50,0
ERS,D,20180517,000000,0.29,0.29,0.29,0.29,40,0
ERS,D,20180518,000000,0.29,0.29,0.24,0.24,5561,0
ERS,D,20180521,000000,0.23,0.23,0.23,0.23,4850,0
ERS,D,20180522,000000,0.23,0.23,0.23,0.23,50,0
ERS,D,20180523,000000,0.22,0.23,0.22,0.23,2200,0
ERS,D,20180524,000000,0.23,0.23,0.23,0.23,50,0
ERS,D,20180525,000000,0.23,0.23,0.23,0.23,50,0
ERS,D,20180528,000000,0.19,0.22,0.18,0.22,10620,0
ERS,D,20180530,000000,0.23,0.25,0.23,0.25,900,0
ERS,D,20180601,000000,0.26,0.26,0.26,0.26,150,0
ERS,D,20180604,000000,0.26,0.26,0.26,0.26,50,0
ERS,D,20180605,000000,0.26,0.31,0.26,0.31,23550,0
ERS,D,20180607,000000,0.29,0.29,0.29,0.29,50,0
ERS,D,20180608,000000,0.29,0.29,0.29,0.29,50,0
ERS,D,20180611,000000,0.29,0.29,0.29,0.29,50,0
ERS,D,20180612,000000,0.29,0.29,0.29,0.29,50,0
ERS,D,20180613,000000,0.28,0.28,0.23,0.28,640,0
ERS,D,20180614,000000,0.28,0.28,0.26,0.28,1100,0
ERS,D,20180615,000000,0.28,0.28,0.28,0.28,100,0
ERS,D,20180618,000000,0.28,0.28,0.28,0.28,50,0
ERS,D,20180619,000000,0.27,0.27,0.27,0.27,50,0
ERS,D,20180620,000000,0.27,0.28,0.22,0.22,3600,0
ERS,D,20180621,000000,0.25,0.27,0.24,0.27,1400,0
ERS,D,20180622,000000,0.27,0.27,0.22,0.24,25063,0
ERS,D,20180625,000000,0.24,0.24,0.2,0.22,24061,0
ERS,D,20180626,000000,0.22,0.22,0.22,0.22,910,0
ERS,D,20180627,000000,0.22,0.22,0.22,0.22,50,0
ERS,D,20180629,000000,0.22,0.22,0.22,0.22,50,0
ERS,D,20180702,000000,0.22,0.23,0.22,0.23,5544,0
ERS,D,20180703,000000,0.27,0.27,0.24,0.27,906,0
ERS,D,20180704,000000,0.27,0.27,0.27,0.27,50,0
ERS,D,20180705,000000,0.27,0.27,0.27,0.27,50,0
ERS,D,20180706,000000,0.27,0.27,0.27,0.27,50,0
ERS,D,20180712,000000,0.24,0.24,0.24,0.24,50,0
ERS,D,20180713,000000,0.24,0.24,0.24,0.24,50,0
ERS,D,20180716,000000,0.24,0.24,0.24,0.24,50,0
ERS,D,20180717,000000,0.24,0.24,0.24,0.24,50,0
ERS,D,20180718,000000,0.24,0.24,0.2,0.23,13985,0
ERS,D,20180720,000000,0.23,0.23,0.19,0.2,12050,0
ERS,D,20180723,000000,0.18,0.2,0.18,0.2,14900,0
ERS,D,20180724,000000,0.2,0.2,0.2,0.2,70,0
ERS,D,20180725,000000,0.21,0.21,0.18,0.21,2064,0
ERS,D,20180726,000000,0.21,0.21,0.21,0.21,50,0
ERS,D,20180727,000000,0.21,0.21,0.21,0.21,50,0
ERS,D,20180730,000000,0.21,0.21,0.21,0.21,50,0
ERS,D,20180731,000000,0.21,0.21,0.21,0.21,50,0
ERS,D,20180801,000000,0.21,0.21,0.21,0.21,50,0
ERS,D,20180802,000000,0.21,0.21,0.21,0.21,50,0
ERS,D,20180803,000000,0.21,0.21,0.21,0.21,50,0
ERS,D,20180806,000000,0.23,0.23,0.23,0.23,150,0
ERS,D,20180807,000000,0.23,0.23,0.23,0.23,50,0
ERS,D,20180808,000000,0.23,0.23,0.23,0.23,50,0
ERS,D,20180809,000000,0.23,0.23,0.23,0.23,250,0
ERS,D,20180810,000000,0.23,0.23,0.23,0.23,50,0
ERS,D,20180813,000000,0.23,0.23,0.23,0.23,50,0
ERS,D,20180814,000000,0.23,0.23,0.19,0.2,3250,0
ERS,D,20180816,000000,0.2,0.2,0.2,0.2,100,0
ERS,D,20180817,000000,0.2,0.2,0.2,0.2,100,0
ERS,D,20180820,000000,0.2,0.2,0.2,0.2,100,0
ERS,D,20180821,000000,0.2,0.2,0.2,0.2,100,0
ERS,D,20180822,000000,0.2,0.2,0.2,0.2,100,0
ERS,D,20180823,000000,0.2,0.2,0.2,0.2,120,0
ERS,D,20180824,000000,0.2,0.2,0.2,0.2,140,0
ERS,D,20180827,000000,0.2,0.2,0.2,0.2,100,0
ERS,D,20180828,000000,0.2,0.2,0.2,0.2,50,0
ERS,D,20180829,000000,0.2,0.2,0.2,0.2,50,0
ERS,D,20180830,000000,0.2,0.2,0.2,0.2,50,0
ERS,D,20180831,000000,0.2,0.2,0.2,0.2,50,0
ERS,D,20180903,000000,0.2,0.2,0.18,0.2,550,0
ERS,D,20180904,000000,0.2,0.2,0.2,0.2,50,0
ERS,D,20180905,000000,0.2,0.2,0.2,0.2,50,0
ERS,D,20180906,000000,0.2,0.2,0.2,0.2,50,0
ERS,D,20180907,000000,0.2,0.2,0.2,0.2,50,0
ERS,D,20180910,000000,0.2,0.2,0.2,0.2,50,0
ERS,D,20180911,000000,0.2,0.2,0.2,0.2,50,0
ERS,D,20180912,000000,0.2,0.2,0.2,0.2,50,0
ERS,D,20180913,000000,0.2,0.2,0.2,0.2,50,0
ERS,D,20180914,000000,0.2,0.2,0.2,0.2,50,0
ERS,D,20180917,000000,0.2,0.2,0.2,0.2,50,0
ERS,D,20180918,000000,0.2,0.2,0.2,0.2,50,0
ERS,D,20180919,000000,0.2,0.2,0.2,0.2,50,0
ERS,D,20180920,000000,0.2,0.2,0.2,0.2,50,0
ERS,D,20180921,000000,0.19,0.19,0.19,0.19,100,0
ERS,D,20180924,000000,0.19,0.19,0.15,0.18,29286,0
ERS,D,20181002,000000,0.18,0.19,0.18,0.19,2900,0
ERS,D,20181003,000000,0.19,0.19,0.19,0.19,80,0
ERS,D,20181004,000000,0.18,0.18,0.18,0.18,80,0
ERS,D,20181005,000000,0.18,0.18,0.18,0.18,80,0
ERS,D,20181008,000000,0.18,0.18,0.18,0.18,80,0
ERS,D,20181009,000000,0.18,0.18,0.18,0.18,70,0
ERS,D,20181010,000000,0.18,0.18,0.18,0.18,70,0
ERS,D,20181011,000000,0.18,0.18,0.18,0.18,80,0
ERS,D,20181012,000000,0.18,0.18,0.18,0.18,100,0
ERS,D,20181015,000000,0.18,0.18,0.18,0.18,60,0
ERS,D,20181016,000000,0.18,0.18,0.18,0.18,80,0
ERS,D,20181017,000000,0.18,0.18,0.18,0.18,80,0
ERS,D,20181018,000000,0.18,0.18,0.18,0.18,80,0
ERS,D,20181019,000000,0.18,0.18,0.18,0.18,70,0
ERS,D,20181022,000000,0.18,0.18,0.18,0.18,70,0
ERS,D,20181023,000000,0.17,0.17,0.17,0.17,80,0
ERS,D,20181024,000000,0.17,0.17,0.17,0.17,80,0
ERS,D,20181025,000000,0.17,0.17,0.17,0.17,70,0
ERS,D,20181026,000000,0.17,0.17,0.17,0.17,80,0
ERS,D,20181029,000000,0.17,0.17,0.17,0.17,80,0
ERS,D,20181030,000000,0.17,0.17,0.17,0.17,70,0
ERS,D,20181031,000000,0.17,0.17,0.17,0.17,80,0
ERS,D,20181106,000000,0.17,0.17,0.17,0.17,80,0
ERS,D,20181107,000000,0.17,0.17,0.17,0.17,80,0
ERS,D,20181108,000000,0.17,0.17,0.17,0.17,80,0
ERS,D,20181109,000000,0.17,0.17,0.17,0.17,80,0
ERS,D,20181113,000000,0.14,0.14,0.13,0.13,19300,0
ERS,D,20181121,000000,0.11,0.13,0.11,0.13,1160,0
ERS,D,20181122,000000,0.14,0.14,0.14,0.14,250,0
ERS,D,20181204,000000,0.1,0.16,0.1,0.16,4390,0
ERS,D,20181205,000000,0.16,0.18,0.16,0.18,300,0
ERS,D,20190201,000000,0.14,0.14,0.14,0.14,50,0
ERS,D,20190204,000000,0.12,0.14,0.1,0.14,2550,0
ERS,D,20190207,000000,0.14,0.14,0.14,0.14,100,0
ERS,D,20190208,000000,0.14,0.14,0.14,0.14,100,0
ERS,D,20190211,000000,0.14,0.14,0.14,0.14,100,0
ERS,D,20190212,000000,0.14,0.14,0.14,0.14,80,0
ERS,D,20190213,000000,0.14,0.14,0.14,0.14,100,0
ERS,D,20190214,000000,0.14,0.14,0.14,0.14,100,0
ERS,D,20190215,000000,0.14,0.14,0.14,0.14,100,0
ERS,D,20190218,000000,0.14,0.14,0.14,0.14,100,0
ERS,D,20190219,000000,0.14,0.14,0.14,0.14,100,0
ERS,D,20190220,000000,0.14,0.14,0.14,0.14,100,0
ERS,D,20190221,000000,0.14,0.14,0.14,0.14,20,0
ERS,D,20190222,000000,0.14,0.14,0.14,0.14,100,0
ERS,D,20190225,000000,0.14,0.14,0.14,0.14,100,0
ERS,D,20190226,000000,0.14,0.14,0.14,0.14,100,0
ERS,D,20190227,000000,0.14,0.14,0.14,0.14,80,0
ERS,D,20190228,000000,0.14,0.14,0.14,0.14,100,0
ERS,D,20190301,000000,0.14,0.14,0.14,0.14,100,0
ERS,D,20190304,000000,0.15,0.15,0.15,0.15,50,0
ERS,D,20190319,000000,0.14,0.14,0.14,0.14,100,0
ERS,D,20190320,000000,0.14,0.14,0.14,0.14,100,0
ERS,D,20190321,000000,0.14,0.14,0.14,0.14,100,0
ERS,D,20190322,000000,0.14,0.14,0.14,0.14,100,0
ERS,D,20190325,000000,0.14,0.14,0.14,0.14,100,0
ERS,D,20190326,000000,0.14,0.14,0.14,0.14,100,0
ERS,D,20190327,000000,0.14,0.14,0.14,0.14,100,0
ERS,D,20190328,000000,0.14,0.14,0.14,0.14,100,0
ERS,D,20190329,000000,0.14,0.14,0.14,0.14,100,0
ERS,D,20190401,000000,0.14,0.14,0.14,0.14,100,0
ERS,D,20190402,000000,0.14,0.14,0.14,0.14,80,0
ERS,D,20190403,000000,0.14,0.14,0.14,0.14,80,0
ERS,D,20190404,000000,0.14,0.14,0.14,0.14,80,0
ERS,D,20190405,000000,0.14,0.14,0.14,0.14,80,0
ERS,D,20190409,000000,0.14,0.14,0.14,0.14,70,0
ERS,D,20190417,000000,0.1,0.1,0.1,0.1,15500,0
ERS,D,20190418,000000,0.12,0.135,0.12,0.14,150,0
ERS,D,20190603,000000,0.135,0.14,0.135,0.14,80,0
ERS,D,20190604,000000,0.135,0.14,0.135,0.14,90,0
ERS,D,20190605,000000,0.135,0.14,0.135,0.14,80,0
ERS,D,20190708,000000,0.1,0.1,0.1,0.1,1000,0
ERS,D,20190715,000000,0.08,0.08,0.08,0.08,11500,0
ERS,D,20190718,000000,0.08,0.08,0.08,0.08,1952,0
ERS,D,20190801,000000,0.08,0.08,0.08,0.08,140,0
ERS,D,20190805,000000,0.08,0.08,0.08,0.08,150,0
ERS,D,20190806,000000,0.08,0.08,0.08,0.08,130,0
ERS,D,20190809,000000,0.0805,0.0805,0.0805,0.0805,500,0
ERS,D,20190812,000000,0.0805,0.0805,0.0805,0.0805,500,0
ERS,D,20190813,000000,0.09,0.1,0.09,0.1,1000,0
ERS,D,20190814,000000,0.06,0.06,0.06,0.06,17350,0
ERS,D,20190816,000000,0.078,0.09,0.078,0.09,40,0
ERS,D,20190819,000000,0.09,0.09,0.09,0.09,5377,0
ERS,D,20190820,000000,0.063,0.063,0.063,0.063,3500,0
ERS,D,20190821,000000,0.06,0.06,0.06,0.06,3977,0
ERS,D,20190827,000000,0.08,0.08,0.08,0.08,4977,0
ERS,D,20190828,000000,0.08,0.08,0.08,0.08,4373,0
ERS,D,20190829,000000,0.08,0.08,0.08,0.08,150,0
ERS,D,20190902,000000,0.08,0.08,0.08,0.08,150,0
ERS,D,20190903,000000,0.08,0.08,0.08,0.08,150,0
ERS,D,20190904,000000,0.08,0.08,0.08,0.08,145,0
ERS,D,20190905,000000,0.08,0.08,0.08,0.08,150,0
ERS,D,20190906,000000,0.09,0.09,0.09,0.09,120,0
ERS,D,20190909,000000,0.09,0.09,0.09,0.09,150,0
ERS,D,20190910,000000,0.09,0.09,0.09,0.09,120,0
ERS,D,20190911,000000,0.09,0.09,0.09,0.09,120,0
ERS,D,20190912,000000,0.09,0.09,0.09,0.09,120,0
ERS,D,20190913,000000,0.09,0.09,0.09,0.09,120,0
ERS,D,20190916,000000,0.09,0.09,0.09,0.09,120,0
ERS,D,20190917,000000,0.09,0.09,0.09,0.09,120,0
ERS,D,20190918,000000,0.09,0.09,0.09,0.09,120,0
ERS,D,20190919,000000,0.09,0.09,0.09,0.09,120,0
ERS,D,20191001,000000,0.08,0.08,0.08,0.08,150,0
ERS,D,20191002,000000,0.08,0.08,0.08,0.08,130,0
ERS,D,20191003,000000,0.08,0.08,0.08,0.08,140,0
ERS,D,20191004,000000,0.08,0.08,0.08,0.08,150,0
ERS,D,20191009,000000,0.08,0.08,0.064,0.064,190,0
ERS,D,20191010,000000,0.06,0.06,0.06,0.06,950,0
ERS,D,20191011,000000,0.06,0.06,0.06,0.06,150,0
ERS,D,20191014,000000,0.06,0.06,0.06,0.06,3805,0
ERS,D,20191016,000000,0.06,0.06,0.06,0.06,170,0
ERS,D,20191017,000000,0.06,0.06,0.06,0.06,170,0
ERS,D,20191018,000000,0.06,0.06,0.06,0.06,170,0
ERS,D,20191022,000000,0.06,0.06,0.06,0.06,170,0
ERS,D,20191023,000000,0.06,0.06,0.06,0.06,1750,0
ERS,D,20191024,000000,0.06,0.06,0.06,0.06,150,0
ERS,D,20191025,000000,0.06,0.06,0.06,0.06,150,0
ERS,D,20191028,000000,0.06,0.06,0.06,0.06,200,0
ERS,D,20191029,000000,0.06,0.06,0.06,0.06,30,0
ERS,D,20191030,000000,0.06,0.06,0.06,0.06,170,0
ERS,D,20191031,000000,0.06,0.06,0.05,0.05,250,0
ERS,D,20191105,000000,0.05,0.05,0.05,0.05,200,0
ERS,D,20191106,000000,0.05,0.05,0.05,0.05,30,0
ERS,D,20191108,000000,0.05,0.05,0.05,0.05,250,0
ERS,D,20191112,000000,0.04,0.04,0.04,0.04,45000,0
ERS,D,20191113,000000,0.04,0.04,0.04,0.04,2035,0
ERS,D,20191114,000000,0.04,0.04,0.04,0.04,250,0
ERS,D,20191115,000000,0.04,0.04,0.04,0.04,300,0
ERS,D,20191118,000000,0.04,0.04,0.03,0.03,237415,0
ERS,D,20191119,000000,0.0295,0.0295,0.0295,0.0295,50000,0
ERS,D,20191126,000000,0.022,0.022,0.022,0.022,66100,0
ERS,D,20191127,000000,0.025,0.025,0.025,0.025,100,0
ERS,D,20191128,000000,0.025,0.025,0.025,0.025,50,0
ERS,D,20191202,000000,0.022,0.022,0.022,0.022,20000,0
ERS,D,20191203,000000,0.0285,0.0285,0.0285,0.0285,100,0
ERS,D,20191204,000000,0.0225,0.029,0.0225,0.029,10000,0
ERS,D,20191213,000000,0.03,0.03,0.0225,0.0225,4310,0
ERS,D,20191216,000000,0.023,0.023,0.023,0.023,500,0
ERS,D,20191217,000000,0.028,0.028,0.028,0.028,3600,0
ERS,D,20191227,000000,0.0225,0.0225,0.0225,0.0225,13790,0
ERS,D,20191230,000000,0.029,0.029,0.029,0.029,100,0
ERS,D,20200102,000000,0.029,0.029,0.029,0.029,27050,0
ERS,D,20200103,000000,0.035,0.035,0.029,0.029,89370,0
ERS,D,20200107,000000,0.035,0.035,0.033,0.033,9647,0
ERS,D,20200108,000000,0.046,0.046,0.046,0.046,8000,0
ERS,D,20200110,000000,0.058,0.058,0.058,0.058,800,0
ERS,D,20200113,000000,0.058,0.058,0.058,0.058,100,0
ERS,D,20200114,000000,0.058,0.058,0.058,0.058,100,0
ERS,D,20200115,000000,0.058,0.058,0.058,0.058,100,0
ERS,D,20200116,000000,0.058,0.058,0.058,0.058,100,0
ERS,D,20200117,000000,0.058,0.058,0.058,0.058,100,0
ERS,D,20200120,000000,0.058,0.058,0.058,0.058,200,0
ERS,D,20200124,000000,0.0495,0.0495,0.0495,0.0495,2000,0
ERS,D,20200213,000000,0.049,0.049,0.049,0.049,24890,0
ERS,D,20200214,000000,0.049,0.06,0.049,0.06,25110,0
ERS,D,20200217,000000,0.06,0.06,0.06,0.06,1600,0
ERS,D,20200218,000000,0.06,0.06,0.06,0.06,200,0
ERS,D,20200219,000000,0.03,0.039,0.03,0.039,47259,0
ERS,D,20200221,000000,0.04,0.045,0.04,0.045,6000,0
ERS,D,20200224,000000,0.045,0.0495,0.045,0.0495,600,0
ERS,D,20200225,000000,0.035,0.045,0.035,0.045,17731,0
ERS,D,20200226,000000,0.05,0.05,0.05,0.05,30,0
ERS,D,20200305,000000,0.0495,0.0495,0.0495,0.0495,3030,0
ERS,D,20200317,000000,0.04,0.04,0.04,0.04,300,0
ERS,D,20200318,000000,0.0495,0.0495,0.0495,0.0495,200,0
ERS,D,20200324,000000,0.03,0.03,0.03,0.03,2000,0
ERS,D,20200325,000000,0.036,0.036,0.0245,0.0245,1572,0
ERS,D,20200326,000000,0.03,0.03,0.03,0.03,5000,0
ERS,D,20200327,000000,0.0385,0.04,0.0385,0.04,9592,0
ERS,D,20200331,000000,0.0495,0.0495,0.0495,0.0495,500,0
ERS,D,20200511,000000,0.045,0.045,0.045,0.045,100,0
ERS,D,20200521,000000,0.025,0.03,0.025,0.03,8594,0
ERS,D,20200522,000000,0.0385,0.0385,0.0385,0.0385,18681,0
ERS,D,20200525,000000,0.047,0.047,0.047,0.047,200,0
ERS,D,20200528,000000,0.046,0.046,0.046,0.046,386,0
ERS,D,20200529,000000,0.039,0.041,0.039,0.041,5277,0
ERS,D,20200601,000000,0.041,0.041,0.041,0.041,250,0
ERS,D,20200602,000000,0.046,0.0495,0.046,0.0495,2300,0
ERS,D,20200619,000000,0.0495,0.0495,0.0495,0.0495,12975,0
ERS,D,20200622,000000,0.0495,0.0495,0.0495,0.0495,30000,0
ERS,D,20200623,000000,0.056,0.056,0.056,0.056,573,0
ERS,D,20200624,000000,0.0565,0.0565,0.056,0.056,500,0
ERS,D,20200626,000000,0.042,0.042,0.042,0.042,500,0
ERS,D,20200630,000000,0.054,0.054,0.054,0.054,200,0
ERS,D,20200706,000000,0.054,0.054,0.054,0.054,100,0
ERS,D,20200707,000000,0.054,0.054,0.054,0.054,1000,0
ERS,D,20200708,000000,0.054,0.054,0.054,0.054,1300,0
ERS,D,20200709,000000,0.0415,0.0415,0.035,0.035,8873,0
ERS,D,20200710,000000,0.045,0.045,0.04,0.04,25200,0
ERS,D,20200713,000000,0.04,0.05,0.04,0.05,13567,0
ERS,D,20200714,000000,0.04,0.04,0.04,0.04,1764,0
ERS,D,20200716,000000,0.035,0.035,0.035,0.035,2000,0
ERS,D,20200717,000000,0.025,0.027,0.025,0.027,54467,0
ERS,D,20200720,000000,0.025,0.026,0.025,0.026,80330,0
ERS,D,20200721,000000,0.0205,0.0235,0.0205,0.0235,47946,0
ERS,D,20200722,000000,0.035,0.036,0.035,0.036,11535,0
ERS,D,20200723,000000,0.036,0.036,0.036,0.036,35500,0
ERS,D,20200724,000000,0.035,0.035,0.035,0.035,20771,0
ERS,D,20200727,000000,0.034,0.034,0.034,0.034,29098,0
ERS,D,20200729,000000,0.03,0.03,0.03,0.03,5000,0
ERS,D,20200730,000000,0.024,0.024,0.024,0.024,18000,0
ERS,D,20200731,000000,0.024,0.024,0.024,0.024,21500,0
ERS,D,20200803,000000,0.025,0.025,0.025,0.025,2340,0
ERS,D,20200804,000000,0.0325,0.0325,0.0325,0.0325,7142,0
