<TICKER>,<PER>,<DATE>,<TIME>,<OPEN>,<HIGH>,<LOW>,<CLOSE>,<VOL>,<OPENINT>
EXC,D,20140915,000000,0.11391,0.12138,0.10084,0.12138,332570,0
EXC,D,20140916,000000,0.12138,0.12138,0.11204,0.11951,148670,0
EXC,D,20140917,000000,0.11951,0.12138,0.11204,0.12138,124390,0
EXC,D,20140918,000000,0.12138,0.12138,0.11858,0.12138,15090,0
EXC,D,20140919,000000,0.12138,0.12324,0.12138,0.12324,96360,0
EXC,D,20140922,000000,0.12324,0.12418,0.12231,0.12231,23560,0
EXC,D,20140923,000000,0.12511,0.12511,0.12511,0.12511,8570,0
EXC,D,20140924,000000,0.12511,0.12511,0.12511,0.12511,1070,0
EXC,D,20140925,000000,0.12511,0.12511,0.12231,0.12511,66290,0
EXC,D,20140926,000000,0.12605,0.12698,0.12511,0.12698,103060,0
EXC,D,20140929,000000,0.12791,0.14845,0.12791,0.14845,1610220,0
EXC,D,20140930,000000,0.14939,0.15872,0.14939,0.15872,1804470,0
EXC,D,20141001,000000,0.16526,0.16713,0.15872,0.16619,92190,0
EXC,D,20141002,000000,0.16713,0.16713,0.15312,0.16526,76260,0
EXC,D,20141003,000000,0.15032,0.16526,0.14005,0.15966,186520,0
EXC,D,20141006,000000,0.15126,0.15126,0.12231,0.13725,1234220,0
EXC,D,20141007,000000,0.13725,0.13725,0.13071,0.13445,31220,0
EXC,D,20141008,000000,0.13818,0.13818,0.12138,0.12978,125410,0
EXC,D,20141009,000000,0.12978,0.13818,0.12978,0.13818,22490,0
EXC,D,20141010,000000,0.13818,0.13818,0.11671,0.11671,25700,0
EXC,D,20141013,000000,0.13071,0.14005,0.10831,0.11297,244100,0
EXC,D,20141014,000000,0.11204,0.11764,0.08963,0.10737,354670,0
EXC,D,20141015,000000,0.1027,0.10737,0.09804,0.10551,564940,0
EXC,D,20141016,000000,0.10737,0.10737,0.0999,0.10551,18840,0
EXC,D,20141017,000000,0.10644,0.10737,0.10364,0.10737,57470,0
EXC,D,20141020,000000,0.10737,0.12138,0.10737,0.12138,106720,0
EXC,D,20141021,000000,0.12231,0.12231,0.11858,0.11858,11890,0
EXC,D,20141022,000000,0.12418,0.12418,0.12418,0.12418,1070,0
EXC,D,20141023,000000,0.12605,0.12605,0.12138,0.12138,19840,0
EXC,D,20141024,000000,0.11858,0.12605,0.11858,0.12605,33630,0
EXC,D,20141027,000000,0.12698,0.12885,0.12138,0.12885,121070,0
EXC,D,20141028,000000,0.12978,0.12978,0.12605,0.12605,22490,0
EXC,D,20141029,000000,0.12791,0.12978,0.11297,0.12978,19110,0
EXC,D,20141030,000000,0.13165,0.13538,0.13165,0.13538,1610,0
EXC,D,20141031,000000,0.13632,0.14005,0.13071,0.14005,489350,0
EXC,D,20141103,000000,0.13632,0.13632,0.13632,0.13632,2710,0
EXC,D,20141104,000000,0.12978,0.13352,0.12978,0.13352,10710,0
EXC,D,20141105,000000,0.13632,0.13632,0.13632,0.13632,1180,0
EXC,D,20141106,000000,0.13538,0.13538,0.12791,0.13445,3660,0
EXC,D,20141107,000000,0.13445,0.13445,0.12978,0.13445,12320,0
EXC,D,20141110,000000,0.12791,0.13445,0.12791,0.13445,9350,0
EXC,D,20141112,000000,0.13071,0.13445,0.13071,0.13071,44560,0
EXC,D,20141113,000000,0.13071,0.13071,0.13071,0.13071,18710,0
EXC,D,20141114,000000,0.13258,0.13258,0.13071,0.13071,62380,0
EXC,D,20141117,000000,0.13632,0.14472,0.13258,0.14472,56230,0
EXC,D,20141118,000000,0.14192,0.14845,0.14192,0.14659,87400,0
EXC,D,20141119,000000,0.14845,0.14845,0.14845,0.14845,320,0
EXC,D,20141121,000000,0.13538,0.14472,0.13538,0.14472,3320,0
EXC,D,20141125,000000,0.14565,0.14565,0.14565,0.14565,540,0
EXC,D,20141126,000000,0.13538,0.14845,0.13165,0.14845,63520,0
EXC,D,20141127,000000,0.14845,0.14845,0.14845,0.14845,4070,0
EXC,D,20141201,000000,0.14659,0.14659,0.14659,0.14659,210,0
EXC,D,20141202,000000,0.13538,0.14845,0.13165,0.14845,41670,0
EXC,D,20141203,000000,0.14752,0.14752,0.14752,0.14752,210,0
EXC,D,20141204,000000,0.14752,0.14752,0.14752,0.14752,210,0
EXC,D,20141205,000000,0.14752,0.14752,0.14752,0.14752,210,0
EXC,D,20141208,000000,0.14005,0.14005,0.14005,0.14005,210,0
EXC,D,20141209,000000,0.14005,0.14005,0.14005,0.14005,270,0
EXC,D,20141210,000000,0.14005,0.14005,0.14005,0.14005,210,0
EXC,D,20141211,000000,0.14005,0.14005,0.14005,0.14005,210,0
EXC,D,20141212,000000,0.14005,0.14005,0.14005,0.14005,210,0
EXC,D,20141215,000000,0.14472,0.14472,0.14472,0.14472,210,0
EXC,D,20141216,000000,0.14659,0.14659,0.14659,0.14659,210,0
EXC,D,20141217,000000,0.14659,0.14659,0.14659,0.14659,210,0
EXC,D,20141218,000000,0.14659,0.14659,0.14659,0.14659,270,0
EXC,D,20141219,000000,0.14659,0.14659,0.14659,0.14659,110,0
EXC,D,20141222,000000,0.14659,0.14659,0.14659,0.14659,210,0
EXC,D,20141223,000000,0.14659,0.14659,0.14659,0.14659,210,0
EXC,D,20141229,000000,0.14659,0.14659,0.13725,0.14098,5580,0
EXC,D,20141230,000000,0.14379,0.14379,0.14379,0.14379,210,0
EXC,D,20150102,000000,0.14472,0.16806,0.14472,0.16806,33100,0
EXC,D,20150105,000000,0.16339,0.16339,0.16339,0.16339,7500,0
EXC,D,20150107,000000,0.16339,0.1718,0.16339,0.16993,14140,0
EXC,D,20150108,000000,0.16993,0.16993,0.16993,0.16993,270,0
EXC,D,20150109,000000,0.16806,0.16806,0.16806,0.16806,160,0
EXC,D,20150112,000000,0.16806,0.16806,0.16806,0.16806,110,0
EXC,D,20150113,000000,0.16806,0.16806,0.16806,0.16806,210,0
EXC,D,20150114,000000,0.16806,0.16806,0.16806,0.16806,210,0
EXC,D,20150115,000000,0.16806,0.16806,0.16806,0.16806,160,0
EXC,D,20150119,000000,0.16806,0.16806,0.16806,0.16806,210,0
EXC,D,20150120,000000,0.16806,0.16806,0.16806,0.16806,210,0
EXC,D,20150121,000000,0.16806,0.16806,0.16806,0.16806,160,0
EXC,D,20150122,000000,0.16806,0.16806,0.16806,0.16806,160,0
EXC,D,20150123,000000,0.16806,0.16806,0.16806,0.16806,110,0
EXC,D,20150126,000000,0.16806,0.1774,0.16806,0.16806,15170,0
EXC,D,20150129,000000,0.16806,0.16806,0.16806,0.16806,210,0
EXC,D,20150130,000000,0.16806,0.16806,0.16806,0.16806,110,0
EXC,D,20150202,000000,0.16806,0.16806,0.16806,0.16806,160,0
EXC,D,20150203,000000,0.16806,0.16806,0.16806,0.16806,160,0
EXC,D,20150204,000000,0.16806,0.16806,0.16806,0.16806,110,0
EXC,D,20150205,000000,0.16806,0.16806,0.16806,0.16806,160,0
EXC,D,20150206,000000,0.16806,0.16806,0.16806,0.16806,110,0
EXC,D,20150209,000000,0.16806,0.16806,0.16806,0.16806,210,0
EXC,D,20150210,000000,0.16806,0.16806,0.16806,0.16806,160,0
EXC,D,20150211,000000,0.16806,0.16806,0.15406,0.15406,5730,0
EXC,D,20150212,000000,0.14659,0.16806,0.14192,0.16806,6270,0
EXC,D,20150213,000000,0.14005,0.14005,0.13912,0.13912,65870,0
EXC,D,20150217,000000,0.14939,0.1774,0.14939,0.1774,34660,0
EXC,D,20150218,000000,0.17646,0.17646,0.17646,0.17646,110,0
EXC,D,20150219,000000,0.15406,0.15779,0.14192,0.15779,8160,0
EXC,D,20150220,000000,0.15406,0.15406,0.15406,0.15406,110,0
EXC,D,20150223,000000,0.16059,0.16059,0.16059,0.16059,110,0
EXC,D,20150224,000000,0.15686,0.15686,0.15686,0.15686,110,0
EXC,D,20150225,000000,0.15686,0.15686,0.15686,0.15686,110,0
EXC,D,20150226,000000,0.15686,0.15686,0.15686,0.15686,110,0
EXC,D,20150227,000000,0.15686,0.15686,0.15686,0.15686,110,0
EXC,D,20150302,000000,0.15686,0.15686,0.15686,0.15686,110,0
EXC,D,20150303,000000,0.15312,0.15312,0.14005,0.14005,4710,0
EXC,D,20150304,000000,0.14472,0.14472,0.14472,0.14472,480,0
EXC,D,20150305,000000,0.13818,0.14472,0.13818,0.14472,27200,0
EXC,D,20150306,000000,0.14472,0.14659,0.14472,0.14659,2890,0
EXC,D,20150313,000000,0.14939,0.14939,0.14939,0.14939,270,0
EXC,D,20150319,000000,0.14659,0.15032,0.14659,0.15032,8570,0
EXC,D,20150323,000000,0.15406,0.15406,0.15406,0.15406,110,0
EXC,D,20150326,000000,0.15406,0.15406,0.15406,0.15406,110,0
EXC,D,20150330,000000,0.14659,0.15872,0.14659,0.15872,12850,0
EXC,D,20150401,000000,0.15872,0.15872,0.15872,0.15872,110,0
EXC,D,20150402,000000,0.15779,0.15779,0.15779,0.15779,110,0
EXC,D,20150407,000000,0.15779,0.15872,0.15779,0.15872,270,0
EXC,D,20150408,000000,0.15872,0.15872,0.15872,0.15872,160,0
EXC,D,20150409,000000,0.15872,0.15872,0.15872,0.15872,160,0
EXC,D,20150410,000000,0.15872,0.15872,0.15872,0.15872,110,0
EXC,D,20150413,000000,0.15872,0.15872,0.15872,0.15872,3320,0
EXC,D,20150414,000000,0.15872,0.15872,0.15872,0.15872,110,0
EXC,D,20150415,000000,0.15872,0.15872,0.15872,0.15872,110,0
EXC,D,20150416,000000,0.15872,0.15872,0.15872,0.15872,110,0
EXC,D,20150417,000000,0.15872,0.15872,0.15872,0.15872,110,0
EXC,D,20150420,000000,0.15872,0.15872,0.15872,0.15872,160,0
EXC,D,20150421,000000,0.15872,0.15872,0.15872,0.15872,110,0
EXC,D,20150422,000000,0.15872,0.15872,0.15872,0.15872,110,0
EXC,D,20150423,000000,0.15872,0.15872,0.15872,0.15872,110,0
EXC,D,20150424,000000,0.15872,0.15872,0.15872,0.15872,110,0
EXC,D,20150427,000000,0.15872,0.15872,0.15872,0.15872,110,0
EXC,D,20150428,000000,0.15779,0.15779,0.15779,0.15779,1290,0
EXC,D,20150429,000000,0.15872,0.15872,0.15872,0.15872,110,0
EXC,D,20150430,000000,0.15779,0.15779,0.15779,0.15779,110,0
EXC,D,20150504,000000,0.15872,0.15872,0.15872,0.15872,110,0
EXC,D,20150505,000000,0.15872,0.15872,0.15872,0.15872,110,0
EXC,D,20150506,000000,0.15872,0.15872,0.15872,0.15872,110,0
EXC,D,20150507,000000,0.15872,0.15872,0.15872,0.15872,160,0
EXC,D,20150508,000000,0.15872,0.15966,0.15872,0.15966,10820,0
EXC,D,20150511,000000,0.16153,0.16153,0.16153,0.16153,110,0
EXC,D,20150514,000000,0.16153,0.16153,0.16153,0.16153,110,0
EXC,D,20150515,000000,0.16059,0.16059,0.16059,0.16059,430,0
EXC,D,20150518,000000,0.16339,0.16339,0.16339,0.16339,210,0
EXC,D,20150519,000000,0.16339,0.16339,0.16339,0.16339,210,0
EXC,D,20150520,000000,0.16339,0.16339,0.16339,0.16339,110,0
EXC,D,20150521,000000,0.16246,0.16246,0.16246,0.16246,110,0
EXC,D,20150522,000000,0.14472,0.16246,0.14005,0.16246,57200,0
EXC,D,20150526,000000,0.15872,0.15872,0.15872,0.15872,110,0
EXC,D,20150527,000000,0.15406,0.15406,0.15406,0.15406,3640,0
EXC,D,20150528,000000,0.15872,0.15872,0.15872,0.15872,110,0
EXC,D,20150529,000000,0.15406,0.15406,0.14472,0.14472,4280,0
EXC,D,20150601,000000,0.15406,0.15406,0.15406,0.15406,190,0
EXC,D,20150602,000000,0.15406,0.15406,0.15406,0.15406,210,0
EXC,D,20150603,000000,0.15499,0.15499,0.15499,0.15499,3640,0
EXC,D,20150608,000000,0.15499,0.15499,0.15499,0.15499,110,0
EXC,D,20150609,000000,0.15872,0.15872,0.15872,0.15872,110,0
EXC,D,20150610,000000,0.15499,0.16526,0.15499,0.16526,12790,0
EXC,D,20150611,000000,0.15872,0.15872,0.15872,0.15872,70,0
EXC,D,20150612,000000,0.16993,0.16993,0.16993,0.16993,1070,0
EXC,D,20150615,000000,0.16993,0.16993,0.16993,0.16993,110,0
EXC,D,20150616,000000,0.17086,0.17086,0.17086,0.17086,110,0
EXC,D,20150617,000000,0.16806,0.16806,0.16806,0.16806,110,0
EXC,D,20150618,000000,0.17086,0.17366,0.17086,0.17086,3750,0
EXC,D,20150619,000000,0.17366,0.17366,0.17366,0.17366,2360,0
EXC,D,20150622,000000,0.17646,0.17646,0.16433,0.16433,4070,0
EXC,D,20150623,000000,0.16806,0.16806,0.16806,0.16806,70,0
EXC,D,20150624,000000,0.16339,0.16339,0.16339,0.16339,540,0
EXC,D,20150625,000000,0.16993,0.16993,0.16993,0.16993,1070,0
EXC,D,20150626,000000,0.16619,0.16619,0.16619,0.16619,210,0
EXC,D,20150629,000000,0.16339,0.16339,0.15592,0.15592,4390,0
EXC,D,20150707,000000,0.16339,0.16899,0.16339,0.16899,2460,0
EXC,D,20150708,000000,0.16899,0.16899,0.16899,0.16899,110,0
EXC,D,20150709,000000,0.16899,0.16899,0.16899,0.16899,210,0
EXC,D,20150710,000000,0.16899,0.16899,0.16899,0.16899,110,0
EXC,D,20150713,000000,0.16899,0.16899,0.15312,0.16246,10140,0
EXC,D,20150715,000000,0.15406,0.15406,0.14098,0.14098,14460,0
EXC,D,20150716,000000,0.14845,0.14845,0.14845,0.14845,3210,0
EXC,D,20150722,000000,0.14752,0.14752,0.14752,0.14752,110,0
EXC,D,20150724,000000,0.14005,0.14005,0.13445,0.13445,1250,0
EXC,D,20150727,000000,0.14379,0.14752,0.14379,0.14752,5090,0
EXC,D,20150728,000000,0.14565,0.14565,0.14565,0.14565,110,0
EXC,D,20150803,000000,0.14845,0.15872,0.14845,0.15872,3860,0
EXC,D,20150804,000000,0.16339,0.16899,0.16339,0.16899,6990,0
EXC,D,20150805,000000,0.16899,0.16899,0.16339,0.16339,640,0
EXC,D,20150806,000000,0.16806,0.16806,0.16806,0.16806,110,0
EXC,D,20150807,000000,0.16899,0.16899,0.16806,0.16806,450,0
EXC,D,20150810,000000,0.16806,0.16806,0.16806,0.16806,110,0
EXC,D,20150811,000000,0.16619,0.16619,0.16619,0.16619,210,0
EXC,D,20150812,000000,0.16899,0.16899,0.16899,0.16899,160,0
EXC,D,20150813,000000,0.16899,0.16899,0.16899,0.16899,110,0
EXC,D,20150814,000000,0.16899,0.16899,0.15126,0.15126,4610,0
EXC,D,20150818,000000,0.15126,0.15126,0.15126,0.15126,110,0
EXC,D,20150819,000000,0.15406,0.15872,0.15406,0.15872,320,0
EXC,D,20150824,000000,0.15406,0.15406,0.15406,0.15406,110,0
EXC,D,20150827,000000,0.15406,0.15406,0.15406,0.15406,210,0
EXC,D,20150828,000000,0.15872,0.15872,0.15872,0.15872,110,0
EXC,D,20150831,000000,0.15872,0.15872,0.15872,0.15872,110,0
EXC,D,20150901,000000,0.15872,0.15872,0.15872,0.15872,110,0
EXC,D,20150903,000000,0.15872,0.15872,0.15872,0.15872,110,0
EXC,D,20150904,000000,0.15872,0.15872,0.15872,0.15872,110,0
EXC,D,20150907,000000,0.15872,0.15872,0.15872,0.15872,110,0
EXC,D,20150908,000000,0.15872,0.15872,0.15872,0.15872,110,0
EXC,D,20150909,000000,0.15872,0.15872,0.12698,0.14752,9370,0
EXC,D,20150929,000000,0.14939,0.14939,0.13071,0.13071,5780,0
EXC,D,20150930,000000,0.13912,0.13912,0.13912,0.13912,540,0
EXC,D,20151006,000000,0.14005,0.14005,0.14005,0.14005,110,0
EXC,D,20151007,000000,0.14005,0.14005,0.14005,0.14005,110,0
EXC,D,20151008,000000,0.14005,0.14005,0.14005,0.14005,110,0
EXC,D,20151012,000000,0.15312,0.15312,0.15312,0.15312,2250,0
EXC,D,20151013,000000,0.15312,0.15312,0.15312,0.15312,110,0
EXC,D,20151014,000000,0.15312,0.15312,0.15312,0.15312,110,0
EXC,D,20151015,000000,0.15312,0.15312,0.15312,0.15312,110,0
EXC,D,20151016,000000,0.15312,0.15312,0.15312,0.15312,110,0
EXC,D,20151019,000000,0.15312,0.15312,0.15312,0.15312,110,0
EXC,D,20151020,000000,0.15312,0.15312,0.15312,0.15312,5250,0
EXC,D,20151021,000000,0.15312,0.15312,0.15312,0.15312,110,0
EXC,D,20151022,000000,0.15312,0.15312,0.15312,0.15312,110,0
EXC,D,20151023,000000,0.15312,0.15312,0.15312,0.15312,110,0
EXC,D,20151026,000000,0.15312,0.15312,0.15312,0.15312,110,0
EXC,D,20151027,000000,0.15312,0.15312,0.15312,0.15312,4820,0
EXC,D,20151028,000000,0.15312,0.15312,0.15312,0.15312,110,0
EXC,D,20151029,000000,0.15312,0.15312,0.15312,0.15312,110,0
EXC,D,20151030,000000,0.15312,0.15312,0.14472,0.14472,120,0
EXC,D,20151102,000000,0.15312,0.15312,0.15312,0.15312,110,0
EXC,D,20151103,000000,0.15312,0.15312,0.15312,0.15312,110,0
EXC,D,20151104,000000,0.15312,0.15312,0.15312,0.15312,4290,0
EXC,D,20151105,000000,0.15312,0.15312,0.15312,0.15312,110,0
EXC,D,20151106,000000,0.15312,0.15779,0.15312,0.15779,1610,0
EXC,D,20151109,000000,0.15872,0.15872,0.15872,0.15872,110,0
EXC,D,20151110,000000,0.15872,0.15872,0.15872,0.15872,110,0
EXC,D,20151112,000000,0.15872,0.15872,0.15872,0.15872,110,0
EXC,D,20151113,000000,0.15779,0.15779,0.15779,0.15779,520,0
EXC,D,20151116,000000,0.15872,0.15872,0.15872,0.15872,110,0
EXC,D,20151118,000000,0.15872,0.15872,0.15872,0.15872,110,0
EXC,D,20151119,000000,0.15872,0.15872,0.15872,0.15872,110,0
EXC,D,20151120,000000,0.15872,0.15872,0.15872,0.15872,110,0
EXC,D,20151123,000000,0.15872,0.15872,0.15872,0.15872,110,0
EXC,D,20151124,000000,0.15872,0.15872,0.15872,0.15872,110,0
EXC,D,20151125,000000,0.15872,0.15872,0.15872,0.15872,110,0
EXC,D,20151126,000000,0.15872,0.15872,0.15872,0.15872,110,0
EXC,D,20151127,000000,0.15872,0.15872,0.15872,0.15872,110,0
EXC,D,20151130,000000,0.15872,0.15872,0.15872,0.15872,110,0
EXC,D,20151201,000000,0.15872,0.15872,0.15872,0.15872,110,0
EXC,D,20151202,000000,0.15872,0.15872,0.15872,0.15872,110,0
EXC,D,20151203,000000,0.15872,0.15872,0.15872,0.15872,110,0
EXC,D,20151204,000000,0.15872,0.15872,0.15872,0.15872,110,0
EXC,D,20151207,000000,0.15872,0.15872,0.14472,0.14472,1700,0
EXC,D,20151215,000000,0.15592,0.15592,0.15592,0.15592,110,0
EXC,D,20151216,000000,0.15872,0.15872,0.15872,0.15872,110,0
EXC,D,20151217,000000,0.15872,0.15872,0.15872,0.15872,110,0
EXC,D,20151218,000000,0.15872,0.15872,0.15872,0.15872,110,0
EXC,D,20151221,000000,0.15872,0.15872,0.15872,0.15872,110,0
EXC,D,20151222,000000,0.15872,0.15872,0.15872,0.15872,110,0
EXC,D,20151223,000000,0.15872,0.15872,0.13071,0.13071,7390,0
EXC,D,20151228,000000,0.13165,0.13165,0.12138,0.12138,5460,0
EXC,D,20151229,000000,0.12231,0.13538,0.12231,0.12885,32500,0
EXC,D,20151230,000000,0.13445,0.13445,0.13445,0.13445,110,0
EXC,D,20160104,000000,0.13445,0.13445,0.13445,0.13445,110,0
EXC,D,20160105,000000,0.13445,0.13445,0.13445,0.13445,110,0
EXC,D,20160107,000000,0.13445,0.13445,0.13445,0.13445,110,0
EXC,D,20160108,000000,0.13445,0.13445,0.12138,0.12138,640,0
EXC,D,20160111,000000,0.13352,0.13352,0.13071,0.13071,6530,0
EXC,D,20160112,000000,0.13538,0.13538,0.13538,0.13538,110,0
EXC,D,20160113,000000,0.13538,0.13538,0.13538,0.13538,110,0
EXC,D,20160114,000000,0.13071,0.13071,0.13071,0.13071,110,0
EXC,D,20160115,000000,0.13071,0.13071,0.13071,0.13071,110,0
EXC,D,20160118,000000,0.13071,0.13071,0.12138,0.12138,3530,0
EXC,D,20160119,000000,0.13071,0.13071,0.13071,0.13071,110,0
EXC,D,20160120,000000,0.13071,0.13071,0.13071,0.13071,110,0
EXC,D,20160121,000000,0.13071,0.13071,0.13071,0.13071,110,0
EXC,D,20160122,000000,0.13071,0.13071,0.13071,0.13071,110,0
EXC,D,20160125,000000,0.13071,0.13071,0.13071,0.13071,110,0
EXC,D,20160126,000000,0.13071,0.13071,0.13071,0.13071,10920,0
EXC,D,20160127,000000,0.13538,0.13538,0.13538,0.13538,110,0
EXC,D,20160128,000000,0.13538,0.13538,0.13538,0.13538,110,0
EXC,D,20160129,000000,0.13538,0.13538,0.13538,0.13538,110,0
EXC,D,20160201,000000,0.13538,0.13538,0.13538,0.13538,110,0
EXC,D,20160202,000000,0.13538,0.13538,0.13538,0.13538,110,0
EXC,D,20160203,000000,0.13538,0.13538,0.13538,0.13538,110,0
EXC,D,20160204,000000,0.13538,0.13538,0.13538,0.13538,110,0
EXC,D,20160205,000000,0.13538,0.13538,0.13538,0.13538,110,0
EXC,D,20160208,000000,0.13538,0.13538,0.13538,0.13538,110,0
EXC,D,20160209,000000,0.13538,0.13538,0.13538,0.13538,110,0
EXC,D,20160210,000000,0.13538,0.13538,0.13538,0.13538,110,0
EXC,D,20160224,000000,0.13445,0.13445,0.13445,0.13445,110,0
EXC,D,20160225,000000,0.13445,0.13445,0.13445,0.13445,110,0
EXC,D,20160226,000000,0.13445,0.13445,0.13445,0.13445,110,0
EXC,D,20160229,000000,0.13445,0.13445,0.13445,0.13445,110,0
EXC,D,20160301,000000,0.13445,0.13445,0.13445,0.13445,110,0
EXC,D,20160302,000000,0.13071,0.13071,0.13071,0.13071,110,0
EXC,D,20160303,000000,0.13445,0.13445,0.13445,0.13445,110,0
EXC,D,20160304,000000,0.13445,0.13445,0.13445,0.13445,110,0
EXC,D,20160307,000000,0.13445,0.13445,0.13445,0.13445,110,0
EXC,D,20160308,000000,0.13445,0.13445,0.13445,0.13445,110,0
EXC,D,20160309,000000,0.13445,0.13445,0.13445,0.13445,110,0
EXC,D,20160310,000000,0.13445,0.13445,0.13445,0.13445,110,0
EXC,D,20160311,000000,0.13445,0.13445,0.13445,0.13445,110,0
EXC,D,20160314,000000,0.13445,0.15872,0.13445,0.15872,34760,0
EXC,D,20160315,000000,0.16899,0.20447,0.16806,0.20447,19860,0
EXC,D,20160316,000000,0.18954,0.20541,0.18954,0.20541,3940,0
EXC,D,20160317,000000,0.19607,0.19607,0.19607,0.19607,110,0
EXC,D,20160318,000000,0.20447,0.20541,0.20447,0.20541,210,0
EXC,D,20160322,000000,0.1774,0.1774,0.1774,0.1774,2030,0
EXC,D,20160323,000000,0.1774,0.20541,0.1774,0.20541,2570,0
EXC,D,20160324,000000,0.15872,0.21474,0.15126,0.21474,22100,0
EXC,D,20160329,000000,0.25209,0.25209,0.22408,0.22408,3790,0
EXC,D,20160330,000000,0.21474,0.21474,0.21008,0.21194,2780,0
EXC,D,20160331,000000,0.20074,0.21194,0.18207,0.20074,10120,0
EXC,D,20160401,000000,0.20074,0.20074,0.20074,0.20074,50,0
EXC,D,20160406,000000,0.20354,0.20354,0.16993,0.16993,6480,0
EXC,D,20160407,000000,0.17366,0.17366,0.17366,0.17366,110,0
EXC,D,20160408,000000,0.16806,0.16806,0.15686,0.15686,2140,0
EXC,D,20160411,000000,0.17366,0.17366,0.15126,0.17366,4500,0
EXC,D,20160414,000000,0.14939,0.16059,0.14192,0.14285,7070,0
EXC,D,20160415,000000,0.14939,0.14939,0.14939,0.14939,110,0
EXC,D,20160425,000000,0.14939,0.14939,0.14939,0.14939,150,0
EXC,D,20160428,000000,0.14005,0.14005,0.13071,0.14005,13170,0
EXC,D,20160429,000000,0.14005,0.15406,0.13071,0.15406,22490,0
EXC,D,20160504,000000,0.13071,0.14005,0.11204,0.14005,34270,0
EXC,D,20160505,000000,0.13538,0.14005,0.13538,0.14005,4080,0
EXC,D,20160511,000000,0.14005,0.16433,0.14005,0.16433,24840,0
EXC,D,20160512,000000,0.1746,0.1746,0.15406,0.15406,6980,0
EXC,D,20160513,000000,0.14939,0.14939,0.14939,0.14939,110,0
EXC,D,20160516,000000,0.14939,0.14939,0.14379,0.14379,1310,0
EXC,D,20160517,000000,0.14939,0.16246,0.14939,0.16246,5230,0
EXC,D,20160518,000000,0.16246,0.18673,0.16246,0.1774,63460,0
EXC,D,20160519,000000,0.1774,0.1774,0.1774,0.1774,110,0
EXC,D,20160520,000000,0.17366,0.18207,0.17366,0.18207,3750,0
EXC,D,20160525,000000,0.1774,0.1774,0.1774,0.1774,110,0
EXC,D,20160527,000000,0.1774,0.1774,0.1774,0.1774,110,0
EXC,D,20160609,000000,0.17553,0.17553,0.17553,0.17553,110,0
EXC,D,20160610,000000,0.17553,0.17553,0.17553,0.17553,110,0
EXC,D,20160613,000000,0.17553,0.17553,0.17553,0.17553,110,0
EXC,D,20160614,000000,0.17553,0.17553,0.17553,0.17553,110,0
EXC,D,20160615,000000,0.17553,0.17553,0.17553,0.17553,110,0
EXC,D,20160616,000000,0.17553,0.17553,0.17553,0.17553,110,0
EXC,D,20160617,000000,0.1746,0.1746,0.1746,0.1746,110,0
EXC,D,20160620,000000,0.1746,0.1746,0.1746,0.1746,110,0
EXC,D,20160621,000000,0.17553,0.17553,0.17553,0.17553,110,0
EXC,D,20160622,000000,0.17553,0.17553,0.17553,0.17553,110,0
EXC,D,20160623,000000,0.17553,0.17553,0.17553,0.17553,110,0
EXC,D,20160624,000000,0.17553,0.17553,0.17553,0.17553,110,0
EXC,D,20160627,000000,0.17553,0.17553,0.17553,0.17553,5250,0
EXC,D,20160628,000000,0.17553,0.17553,0.17553,0.17553,110,0
EXC,D,20160629,000000,0.17553,0.17553,0.17553,0.17553,110,0
EXC,D,20160630,000000,0.17553,0.17553,0.17553,0.17553,110,0
EXC,D,20160701,000000,0.17553,0.17553,0.17553,0.17553,110,0
EXC,D,20160704,000000,0.17553,0.17553,0.17553,0.17553,110,0
EXC,D,20160705,000000,0.17553,0.17553,0.17553,0.17553,210,0
EXC,D,20160706,000000,0.17553,0.17553,0.17553,0.17553,210,0
EXC,D,20160707,000000,0.17553,0.17553,0.1718,0.1718,430,0
EXC,D,20160712,000000,0.1746,0.1746,0.1746,0.1746,1610,0
EXC,D,20160713,000000,0.1746,0.1746,0.1746,0.1746,160,0
EXC,D,20160714,000000,0.17273,0.17273,0.17273,0.17273,210,0
EXC,D,20160715,000000,0.17273,0.17273,0.17273,0.17273,210,0
EXC,D,20160718,000000,0.17273,0.17273,0.17273,0.17273,2250,0
EXC,D,20160719,000000,0.17273,0.17273,0.17273,0.17273,210,0
EXC,D,20160720,000000,0.17273,0.17273,0.17273,0.17273,640,0
EXC,D,20160721,000000,0.17273,0.17273,0.17273,0.17273,210,0
EXC,D,20160722,000000,0.17273,0.17273,0.17273,0.17273,180,0
EXC,D,20160725,000000,0.1746,0.1746,0.1746,0.1746,210,0
EXC,D,20160726,000000,0.1746,0.1746,0.1746,0.1746,210,0
EXC,D,20160727,000000,0.1746,0.1746,0.1746,0.1746,10920,0
EXC,D,20160728,000000,0.1746,0.1746,0.1746,0.1746,160,0
EXC,D,20160729,000000,0.1746,0.1746,0.1746,0.1746,210,0
EXC,D,20160801,000000,0.1746,0.1746,0.1746,0.1746,210,0
EXC,D,20160802,000000,0.1746,0.1746,0.16806,0.16806,540,0
EXC,D,20160803,000000,0.16806,0.16806,0.16806,0.16806,210,0
EXC,D,20160804,000000,0.16806,0.16806,0.16806,0.16806,210,0
EXC,D,20160805,000000,0.16806,0.16806,0.16806,0.16806,110,0
EXC,D,20160816,000000,0.16433,0.16433,0.16433,0.16433,6320,0
EXC,D,20160823,000000,0.16806,0.1746,0.16806,0.1746,630,0
EXC,D,20160824,000000,0.1746,0.1746,0.1746,0.1746,110,0
EXC,D,20160825,000000,0.1746,0.1746,0.16806,0.17366,21960,0
EXC,D,20160826,000000,0.1746,0.1746,0.1746,0.1746,110,0
EXC,D,20160829,000000,0.1746,0.1746,0.1746,0.1746,160,0
EXC,D,20160830,000000,0.1746,0.1746,0.16993,0.16993,320,0
EXC,D,20160831,000000,0.1746,0.1746,0.16806,0.16806,430,0
EXC,D,20160901,000000,0.1746,0.19981,0.1746,0.19981,114710,0
EXC,D,20160902,000000,0.183,0.183,0.183,0.183,12750,0
EXC,D,20160905,000000,0.148,0.172,0.148,0.172,11000,0
EXC,D,20160906,000000,0.172,0.18,0.172,0.18,2000,0
EXC,D,20160907,000000,0.18,0.182,0.18,0.182,2500,0
EXC,D,20160909,000000,0.182,0.185,0.182,0.185,3000,0
EXC,D,20160912,000000,0.185,0.193,0.185,0.193,1590,0
EXC,D,20160915,000000,0.194,0.194,0.194,0.194,100,0
EXC,D,20160916,000000,0.192,0.192,0.154,0.16,11190,0
EXC,D,20160923,000000,0.17,0.18,0.17,0.18,12000,0
EXC,D,20160926,000000,0.185,0.185,0.185,0.185,200,0
EXC,D,20160927,000000,0.198,0.198,0.185,0.185,400,0
EXC,D,20160928,000000,0.185,0.185,0.185,0.185,200,0
EXC,D,20160929,000000,0.18,0.18,0.175,0.18,20000,0
EXC,D,20160930,000000,0.185,0.195,0.185,0.195,200,0
EXC,D,20161003,000000,0.195,0.198,0.185,0.185,11400,0
EXC,D,20161004,000000,0.19,0.19,0.172,0.182,17650,0
EXC,D,20161006,000000,0.172,0.174,0.172,0.174,15300,0
EXC,D,20161007,000000,0.175,0.18,0.175,0.18,11700,0
EXC,D,20161013,000000,0.172,0.172,0.172,0.172,11000,0
EXC,D,20161019,000000,0.172,0.172,0.172,0.172,3000,0
EXC,D,20161026,000000,0.17,0.17,0.15,0.15,38900,0
EXC,D,20161027,000000,0.151,0.165,0.151,0.165,21900,0
EXC,D,20161031,000000,0.153,0.153,0.153,0.153,200,0
EXC,D,20161103,000000,0.153,0.153,0.153,0.153,200,0
EXC,D,20161104,000000,0.153,0.153,0.153,0.153,200,0
EXC,D,20161107,000000,0.153,0.153,0.153,0.153,150,0
EXC,D,20161121,000000,0.153,0.153,0.152,0.152,13250,0
EXC,D,20161125,000000,0.155,0.155,0.155,0.155,100,0
EXC,D,20161128,000000,0.155,0.155,0.155,0.155,100,0
EXC,D,20161129,000000,0.155,0.155,0.155,0.155,100,0
EXC,D,20161130,000000,0.155,0.155,0.155,0.155,100,0
EXC,D,20161201,000000,0.144,0.144,0.142,0.142,7100,0
EXC,D,20161202,000000,0.145,0.145,0.145,0.145,100,0
EXC,D,20161205,000000,0.145,0.15,0.145,0.15,20000,0
EXC,D,20161209,000000,0.15,0.154,0.15,0.154,5000,0
EXC,D,20161222,000000,0.145,0.145,0.145,0.145,400,0
EXC,D,20161223,000000,0.145,0.145,0.145,0.145,100,0
EXC,D,20161227,000000,0.144,0.154,0.144,0.154,310,0
EXC,D,20170111,000000,0.144,0.144,0.144,0.144,10970,0
EXC,D,20170112,000000,0.154,0.154,0.154,0.154,750,0
EXC,D,20170123,000000,0.154,0.154,0.154,0.154,10000,0
EXC,D,20170130,000000,0.154,0.154,0.154,0.154,10,0
EXC,D,20170210,000000,0.154,0.154,0.154,0.154,380,0
EXC,D,20170224,000000,0.154,0.154,0.154,0.154,150,0
EXC,D,20170227,000000,0.144,0.144,0.135,0.135,30000,0
EXC,D,20170306,000000,0.135,0.135,0.135,0.135,560,0
EXC,D,20170313,000000,0.145,0.145,0.145,0.145,50,0
EXC,D,20170322,000000,0.135,0.135,0.135,0.135,500,0
EXC,D,20170327,000000,0.135,0.135,0.131,0.131,1580,0
EXC,D,20170328,000000,0.131,0.131,0.131,0.131,100,0
EXC,D,20170329,000000,0.131,0.131,0.131,0.131,100,0
EXC,D,20170330,000000,0.131,0.131,0.131,0.131,100,0
EXC,D,20170331,000000,0.143,0.143,0.142,0.142,2500,0
EXC,D,20170404,000000,0.14,0.14,0.14,0.14,100,0
EXC,D,20170405,000000,0.14,0.14,0.14,0.14,100,0
EXC,D,20170406,000000,0.14,0.14,0.14,0.14,100,0
EXC,D,20170407,000000,0.14,0.14,0.14,0.14,150,0
EXC,D,20170410,000000,0.14,0.14,0.14,0.14,100,0
EXC,D,20170411,000000,0.135,0.135,0.131,0.131,20820,0
EXC,D,20170426,000000,0.123,0.123,0.121,0.121,14130,0
EXC,D,20170427,000000,0.121,0.121,0.121,0.121,500,0
EXC,D,20170428,000000,0.121,0.121,0.121,0.121,200,0
EXC,D,20170502,000000,0.121,0.121,0.121,0.121,100,0
EXC,D,20170504,000000,0.121,0.121,0.121,0.121,200,0
EXC,D,20170505,000000,0.121,0.121,0.121,0.121,500,0
EXC,D,20170508,000000,0.121,0.121,0.121,0.121,4300,0
EXC,D,20170512,000000,0.121,0.121,0.121,0.121,600,0
EXC,D,20170515,000000,0.124,0.124,0.122,0.122,30800,0
EXC,D,20170516,000000,0.121,0.121,0.121,0.121,2500,0
EXC,D,20170517,000000,0.12,0.12,0.12,0.12,2300,0
EXC,D,20170519,000000,0.12,0.12,0.12,0.12,800,0
EXC,D,20170531,000000,0.115,0.115,0.113,0.113,27200,0
EXC,D,20170605,000000,0.114,0.114,0.114,0.114,50,0
EXC,D,20170612,000000,0.114,0.114,0.114,0.114,10,0
EXC,D,20170614,000000,0.113,0.113,0.1,0.1,19750,0
EXC,D,20170616,000000,0.095,0.101,0.095,0.101,19750,0
EXC,D,20170619,000000,0.101,0.102,0.101,0.102,300,0
EXC,D,20170620,000000,0.102,0.102,0.102,0.102,100,0
EXC,D,20170622,000000,0.105,0.105,0.105,0.105,100,0
EXC,D,20170623,000000,0.095,0.095,0.095,0.095,1300,0
EXC,D,20170626,000000,0.11,0.11,0.11,0.11,30,0
EXC,D,20170629,000000,0.102,0.102,0.102,0.102,1600,0
EXC,D,20170705,000000,0.102,0.102,0.102,0.102,230,0
EXC,D,20170706,000000,0.097,0.102,0.097,0.102,1160,0
EXC,D,20170710,000000,0.102,0.102,0.102,0.102,60,0
EXC,D,20170714,000000,0.102,0.102,0.102,0.102,10,0
EXC,D,20170803,000000,0.102,0.11,0.102,0.11,10100,0
EXC,D,20170804,000000,0.11,0.11,0.11,0.11,100,0
EXC,D,20170808,000000,0.11,0.11,0.11,0.11,100,0
EXC,D,20170809,000000,0.11,0.11,0.11,0.11,100,0
EXC,D,20170810,000000,0.11,0.11,0.11,0.11,100,0
EXC,D,20170811,000000,0.11,0.11,0.11,0.11,100,0
EXC,D,20170814,000000,0.109,0.11,0.109,0.11,14900,0
EXC,D,20170816,000000,0.11,0.11,0.11,0.11,150,0
EXC,D,20170817,000000,0.11,0.11,0.11,0.11,100,0
EXC,D,20170821,000000,0.11,0.11,0.11,0.11,300,0
EXC,D,20170822,000000,0.11,0.11,0.11,0.11,300,0
EXC,D,20170823,000000,0.11,0.11,0.11,0.11,300,0
EXC,D,20170824,000000,0.11,0.11,0.11,0.11,300,0
EXC,D,20170825,000000,0.11,0.11,0.11,0.11,200,0
EXC,D,20170828,000000,0.11,0.112,0.11,0.112,13150,0
EXC,D,20170829,000000,0.101,0.112,0.097,0.112,590,0
EXC,D,20170830,000000,0.112,0.115,0.112,0.115,10000,0
EXC,D,20170831,000000,0.115,0.115,0.115,0.115,100,0
EXC,D,20170901,000000,0.115,0.115,0.115,0.115,100,0
EXC,D,20170904,000000,0.115,0.115,0.115,0.115,100,0
EXC,D,20170905,000000,0.115,0.115,0.115,0.115,100,0
EXC,D,20170906,000000,0.115,0.115,0.102,0.11,20100,0
EXC,D,20170913,000000,0.109,0.109,0.109,0.109,5000,0
EXC,D,20170921,000000,0.109,0.11,0.109,0.11,10000,0
EXC,D,20170922,000000,0.11,0.117,0.11,0.117,8000,0
EXC,D,20170925,000000,0.117,0.121,0.117,0.121,14700,0
EXC,D,20170926,000000,0.121,0.123,0.121,0.123,7900,0
EXC,D,20170927,000000,0.124,0.128,0.124,0.128,30100,0
EXC,D,20170928,000000,0.128,0.128,0.128,0.128,2910,0
EXC,D,20170929,000000,0.128,0.131,0.121,0.128,118760,0
EXC,D,20171002,000000,0.135,0.135,0.129,0.135,10220,0
EXC,D,20171003,000000,0.135,0.136,0.135,0.135,31390,0
EXC,D,20171004,000000,0.141,0.158,0.139,0.158,100490,0
EXC,D,20171005,000000,0.15,0.158,0.148,0.148,52100,0
EXC,D,20171006,000000,0.149,0.155,0.148,0.149,103710,0
EXC,D,20171009,000000,0.143,0.143,0.143,0.143,7100,0
EXC,D,20171010,000000,0.143,0.143,0.143,0.143,100,0
EXC,D,20171011,000000,0.135,0.14,0.13,0.14,4900,0
EXC,D,20171012,000000,0.14,0.16,0.127,0.156,57850,0
EXC,D,20171013,000000,0.155,0.155,0.14,0.14,6600,0
EXC,D,20171016,000000,0.14,0.153,0.14,0.153,5100,0
EXC,D,20171017,000000,0.155,0.155,0.145,0.15,8100,0
EXC,D,20171020,000000,0.138,0.138,0.127,0.137,17000,0
EXC,D,20171023,000000,0.137,0.14,0.137,0.14,9400,0
EXC,D,20171024,000000,0.145,0.171,0.145,0.17,315790,0
EXC,D,20171025,000000,0.2,0.2,0.173,0.175,48270,0
EXC,D,20171026,000000,0.171,0.171,0.155,0.159,47200,0
EXC,D,20171027,000000,0.16,0.16,0.128,0.145,567320,0
EXC,D,20171030,000000,0.142,0.18,0.14,0.18,425200,0
EXC,D,20171031,000000,0.179,0.179,0.144,0.152,58770,0
EXC,D,20171102,000000,0.152,0.17,0.14,0.15,158540,0
EXC,D,20171103,000000,0.161,0.161,0.15,0.15,32500,0
EXC,D,20171106,000000,0.145,0.15,0.145,0.15,51370,0
EXC,D,20171108,000000,0.148,0.148,0.148,0.148,100,0
EXC,D,20171109,000000,0.148,0.148,0.148,0.148,100,0
EXC,D,20171110,000000,0.147,0.148,0.147,0.148,332900,0
EXC,D,20171113,000000,0.15,0.15,0.144,0.144,700,0
EXC,D,20171114,000000,0.145,0.145,0.145,0.145,11000,0
EXC,D,20171117,000000,0.149,0.149,0.149,0.149,100,0
EXC,D,20171121,000000,0.15,0.15,0.15,0.15,100,0
EXC,D,20171122,000000,0.15,0.15,0.15,0.15,200,0
EXC,D,20171123,000000,0.15,0.15,0.15,0.15,800,0
EXC,D,20171124,000000,0.15,0.15,0.15,0.15,100,0
EXC,D,20171127,000000,0.15,0.15,0.15,0.15,200,0
EXC,D,20171128,000000,0.15,0.15,0.15,0.15,100,0
EXC,D,20171129,000000,0.128,0.15,0.128,0.14,74350,0
EXC,D,20171130,000000,0.13,0.13,0.127,0.127,10000,0
EXC,D,20171204,000000,0.127,0.127,0.127,0.127,200,0
EXC,D,20171205,000000,0.127,0.13,0.125,0.125,20800,0
EXC,D,20171207,000000,0.13,0.139,0.13,0.139,8000,0
EXC,D,20171208,000000,0.139,0.139,0.139,0.139,100,0
EXC,D,20171211,000000,0.125,0.138,0.102,0.13,1878620,0
EXC,D,20171213,000000,0.13,0.138,0.118,0.138,12590,0
EXC,D,20171214,000000,0.139,0.139,0.139,0.139,150,0
EXC,D,20171215,000000,0.139,0.139,0.139,0.139,100,0
EXC,D,20171218,000000,0.139,0.139,0.139,0.139,600,0
EXC,D,20171219,000000,0.13,0.13,0.11,0.11,14350,0
EXC,D,20171220,000000,0.11,0.132,0.11,0.132,20100,0
EXC,D,20171221,000000,0.11,0.11,0.105,0.105,700,0
EXC,D,20180103,000000,0.11,0.11,0.1,0.11,14200,0
EXC,D,20180104,000000,0.125,0.135,0.125,0.135,700,0
EXC,D,20180105,000000,0.125,0.125,0.1,0.1,61800,0
EXC,D,20180108,000000,0.11,0.11,0.1,0.1,50200,0
EXC,D,20180109,000000,0.105,0.105,0.105,0.105,5000,0
EXC,D,20180110,000000,0.109,0.11,0.109,0.11,3100,0
EXC,D,20180111,000000,0.115,0.12,0.115,0.12,9800,0
EXC,D,20180126,000000,0.125,0.125,0.12,0.12,740,0
EXC,D,20180208,000000,0.13,0.13,0.13,0.13,2000,0
EXC,D,20180214,000000,0.139,0.139,0.139,0.139,18100,0
EXC,D,20180215,000000,0.139,0.139,0.139,0.139,100,0
EXC,D,20180216,000000,0.139,0.139,0.13,0.13,500,0
EXC,D,20180219,000000,0.139,0.139,0.139,0.139,100,0
EXC,D,20180220,000000,0.139,0.139,0.139,0.139,100,0
EXC,D,20180222,000000,0.139,0.139,0.139,0.139,50,0
EXC,D,20180223,000000,0.139,0.139,0.139,0.139,100,0
EXC,D,20180226,000000,0.139,0.139,0.139,0.139,100,0
EXC,D,20180228,000000,0.139,0.139,0.125,0.13,20700,0
EXC,D,20180301,000000,0.13,0.14,0.13,0.14,11200,0
EXC,D,20180302,000000,0.125,0.125,0.125,0.125,9900,0
EXC,D,20180305,000000,0.13,0.13,0.13,0.13,1000,0
EXC,D,20180321,000000,0.125,0.125,0.125,0.125,100,0
EXC,D,20180322,000000,0.125,0.125,0.125,0.125,100,0
EXC,D,20180328,000000,0.125,0.125,0.125,0.125,100,0
EXC,D,20180403,000000,0.125,0.125,0.125,0.125,100,0
EXC,D,20180404,000000,0.125,0.125,0.125,0.125,2200,0
EXC,D,20180405,000000,0.125,0.125,0.125,0.125,100,0
EXC,D,20180406,000000,0.125,0.125,0.125,0.125,100,0
EXC,D,20180409,000000,0.125,0.14,0.125,0.14,690,0
EXC,D,20180411,000000,0.135,0.135,0.135,0.135,400,0
EXC,D,20180412,000000,0.135,0.135,0.135,0.135,100,0
EXC,D,20180413,000000,0.135,0.135,0.135,0.135,100,0
EXC,D,20180416,000000,0.135,0.135,0.135,0.135,100,0
EXC,D,20180417,000000,0.135,0.135,0.135,0.135,100,0
EXC,D,20180418,000000,0.135,0.135,0.135,0.135,100,0
EXC,D,20180419,000000,0.135,0.135,0.135,0.135,100,0
EXC,D,20180420,000000,0.135,0.135,0.135,0.135,100,0
EXC,D,20180423,000000,0.135,0.135,0.135,0.135,100,0
EXC,D,20180424,000000,0.135,0.135,0.135,0.135,100,0
EXC,D,20180425,000000,0.135,0.135,0.135,0.135,100,0
EXC,D,20180426,000000,0.135,0.135,0.135,0.135,100,0
EXC,D,20180427,000000,0.135,0.135,0.125,0.125,9740,0
EXC,D,20180504,000000,0.125,0.125,0.125,0.125,100,0
EXC,D,20180507,000000,0.125,0.125,0.125,0.125,100,0
EXC,D,20180508,000000,0.125,0.125,0.125,0.125,100,0
EXC,D,20180509,000000,0.125,0.125,0.125,0.125,7600,0
EXC,D,20180510,000000,0.125,0.125,0.125,0.125,100,0
EXC,D,20180511,000000,0.125,0.125,0.125,0.125,100,0
EXC,D,20180514,000000,0.125,0.13,0.125,0.13,7900,0
EXC,D,20180515,000000,0.13,0.13,0.13,0.13,7800,0
EXC,D,20180521,000000,0.125,0.135,0.105,0.105,23500,0
EXC,D,20180523,000000,0.111,0.111,0.111,0.111,100,0
EXC,D,20180524,000000,0.111,0.111,0.111,0.111,100,0
EXC,D,20180525,000000,0.1,0.14,0.08,0.14,13158,0
EXC,D,20180528,000000,0.15,0.16,0.15,0.16,14972,0
EXC,D,20180529,000000,0.16,0.16,0.15,0.15,65100,0
EXC,D,20180530,000000,0.15,0.15,0.15,0.15,100,0
EXC,D,20180604,000000,0.15,0.15,0.15,0.15,1100,0
EXC,D,20180605,000000,0.15,0.15,0.15,0.15,100,0
EXC,D,20180606,000000,0.14,0.14,0.14,0.14,100,0
EXC,D,20180607,000000,0.14,0.14,0.14,0.14,100,0
EXC,D,20180611,000000,0.14,0.14,0.14,0.14,100,0
EXC,D,20180612,000000,0.14,0.14,0.14,0.14,100,0
EXC,D,20180615,000000,0.14,0.14,0.14,0.14,200,0
EXC,D,20180618,000000,0.14,0.14,0.14,0.14,100,0
EXC,D,20180626,000000,0.12,0.12,0.1,0.1,2200,0
EXC,D,20180627,000000,0.1,0.12,0.1,0.12,550,0
EXC,D,20180628,000000,0.13,0.14,0.12,0.12,77150,0
EXC,D,20180629,000000,0.13,0.13,0.12,0.12,55000,0
EXC,D,20180711,000000,0.12,0.13,0.12,0.13,1000,0
EXC,D,20180712,000000,0.12,0.13,0.12,0.13,500,0
EXC,D,20180716,000000,0.13,0.13,0.13,0.13,500,0
EXC,D,20180717,000000,0.13,0.13,0.13,0.13,100,0
EXC,D,20180718,000000,0.13,0.13,0.13,0.13,100,0
EXC,D,20180719,000000,0.13,0.13,0.13,0.13,100,0
EXC,D,20180720,000000,0.13,0.13,0.13,0.13,100,0
EXC,D,20180723,000000,0.13,0.13,0.13,0.13,100,0
EXC,D,20180724,000000,0.13,0.13,0.13,0.13,100,0
EXC,D,20180726,000000,0.13,0.13,0.13,0.13,80,0
EXC,D,20180727,000000,0.13,0.13,0.13,0.13,80,0
EXC,D,20180730,000000,0.13,0.13,0.13,0.13,100,0
EXC,D,20180801,000000,0.13,0.13,0.13,0.13,100,0
EXC,D,20180802,000000,0.13,0.13,0.13,0.13,5097,0
EXC,D,20180803,000000,0.13,0.13,0.13,0.13,32435,0
EXC,D,20180806,000000,0.12,0.12,0.12,0.12,1500,0
EXC,D,20180807,000000,0.13,0.13,0.13,0.13,100,0
EXC,D,20180808,000000,0.12,0.12,0.12,0.12,3500,0
EXC,D,20180809,000000,0.13,0.13,0.13,0.13,90,0
EXC,D,20180810,000000,0.13,0.13,0.13,0.13,80,0
EXC,D,20180813,000000,0.13,0.13,0.13,0.13,1580,0
EXC,D,20180814,000000,0.13,0.13,0.13,0.13,1080,0
EXC,D,20180816,000000,0.13,0.13,0.13,0.13,1000,0
EXC,D,20180817,000000,0.13,0.13,0.13,0.13,100,0
EXC,D,20180820,000000,0.13,0.13,0.13,0.13,100,0
EXC,D,20180821,000000,0.13,0.13,0.13,0.13,100,0
EXC,D,20180822,000000,0.13,0.13,0.13,0.13,200,0
EXC,D,20180823,000000,0.13,0.13,0.13,0.13,200,0
EXC,D,20180824,000000,0.13,0.13,0.13,0.13,200,0
EXC,D,20180827,000000,0.13,0.13,0.13,0.13,200,0
EXC,D,20180829,000000,0.13,0.13,0.13,0.13,100,0
EXC,D,20180830,000000,0.13,0.13,0.13,0.13,100,0
EXC,D,20180903,000000,0.13,0.13,0.13,0.13,100,0
EXC,D,20180905,000000,0.13,0.13,0.13,0.13,100,0
EXC,D,20180906,000000,0.13,0.13,0.13,0.13,100,0
EXC,D,20180907,000000,0.13,0.13,0.13,0.13,100,0
EXC,D,20180910,000000,0.13,0.13,0.13,0.13,80,0
EXC,D,20180912,000000,0.13,0.13,0.13,0.13,100,0
EXC,D,20180913,000000,0.12,0.13,0.12,0.13,2000,0
EXC,D,20180918,000000,0.13,0.13,0.13,0.13,100,0
EXC,D,20180919,000000,0.13,0.13,0.13,0.13,100,0
EXC,D,20180924,000000,0.13,0.13,0.13,0.13,454,0
EXC,D,20180925,000000,0.13,0.13,0.13,0.13,100,0
EXC,D,20180926,000000,0.13,0.13,0.13,0.13,100,0
EXC,D,20181002,000000,0.13,0.13,0.13,0.13,80,0
EXC,D,20181004,000000,0.13,0.13,0.13,0.13,90,0
EXC,D,20181005,000000,0.13,0.13,0.13,0.13,80,0
EXC,D,20181008,000000,0.13,0.13,0.13,0.13,100,0
EXC,D,20181009,000000,0.13,0.13,0.12,0.12,18080,0
EXC,D,20181010,000000,0.13,0.13,0.13,0.13,25,0
EXC,D,20181011,000000,0.13,0.13,0.13,0.13,100,0
EXC,D,20181012,000000,0.13,0.13,0.13,0.13,100,0
EXC,D,20181015,000000,0.13,0.13,0.13,0.13,90,0
EXC,D,20181016,000000,0.13,0.13,0.13,0.13,19,0
EXC,D,20181017,000000,0.13,0.13,0.11,0.11,18700,0
EXC,D,20181019,000000,0.11,0.11,0.11,0.11,1400,0
EXC,D,20181023,000000,0.11,0.13,0.11,0.13,6400,0
EXC,D,20181024,000000,0.13,0.13,0.13,0.13,250,0
EXC,D,20181025,000000,0.13,0.13,0.13,0.13,100,0
EXC,D,20181029,000000,0.13,0.13,0.13,0.13,100,0
EXC,D,20181031,000000,0.13,0.13,0.13,0.13,90,0
EXC,D,20181109,000000,0.13,0.13,0.13,0.13,100,0
EXC,D,20181113,000000,0.13,0.13,0.13,0.13,90,0
EXC,D,20181114,000000,0.13,0.13,0.13,0.13,100,0
EXC,D,20181116,000000,0.13,0.13,0.13,0.13,450,0
EXC,D,20181119,000000,0.13,0.13,0.13,0.13,81,0
EXC,D,20181121,000000,0.13,0.13,0.13,0.13,90,0
EXC,D,20181122,000000,0.13,0.13,0.13,0.13,830,0
EXC,D,20181123,000000,0.13,0.13,0.13,0.13,80,0
EXC,D,20181126,000000,0.13,0.13,0.13,0.13,90,0
EXC,D,20181127,000000,0.13,0.13,0.13,0.13,100,0
EXC,D,20181128,000000,0.13,0.13,0.13,0.13,80,0
EXC,D,20181129,000000,0.13,0.13,0.13,0.13,100,0
EXC,D,20181130,000000,0.13,0.13,0.13,0.13,100,0
EXC,D,20181203,000000,0.13,0.13,0.13,0.13,19,0
EXC,D,20181204,000000,0.13,0.13,0.13,0.13,1148,0
EXC,D,20181205,000000,0.13,0.13,0.13,0.13,80,0
EXC,D,20181206,000000,0.13,0.13,0.11,0.11,49966,0
EXC,D,20181210,000000,0.11,0.11,0.11,0.11,23610,0
EXC,D,20181211,000000,0.11,0.11,0.11,0.11,100,0
EXC,D,20181212,000000,0.11,0.11,0.11,0.11,105,0
EXC,D,20181213,000000,0.11,0.11,0.11,0.11,100,0
EXC,D,20181214,000000,0.11,0.11,0.11,0.11,100,0
EXC,D,20181217,000000,0.11,0.11,0.11,0.11,100,0
EXC,D,20181218,000000,0.1,0.11,0.1,0.11,6800,0
EXC,D,20181220,000000,0.11,0.11,0.11,0.11,100,0
EXC,D,20181221,000000,0.11,0.11,0.11,0.11,100,0
EXC,D,20181227,000000,0.11,0.11,0.11,0.11,200,0
EXC,D,20181228,000000,0.11,0.11,0.11,0.11,100,0
EXC,D,20190102,000000,0.1,0.1,0.09,0.09,5500,0
EXC,D,20190103,000000,0.1,0.1,0.1,0.1,300,0
EXC,D,20190104,000000,0.11,0.11,0.11,0.11,100,0
EXC,D,20190108,000000,0.11,0.11,0.11,0.11,100,0
EXC,D,20190109,000000,0.11,0.11,0.11,0.11,100,0
EXC,D,20190110,000000,0.11,0.15,0.11,0.12,254109,0
EXC,D,20190111,000000,0.12,0.13,0.12,0.13,200,0
EXC,D,20190114,000000,0.13,0.13,0.13,0.13,80,0
EXC,D,20190115,000000,0.13,0.13,0.13,0.13,80,0
EXC,D,20190116,000000,0.13,0.13,0.13,0.13,100,0
EXC,D,20190117,000000,0.13,0.13,0.13,0.13,80,0
EXC,D,20190118,000000,0.13,0.13,0.13,0.13,100,0
EXC,D,20190121,000000,0.13,0.13,0.13,0.13,100,0
EXC,D,20190122,000000,0.13,0.13,0.13,0.13,90,0
EXC,D,20190123,000000,0.13,0.13,0.13,0.13,80,0
EXC,D,20190124,000000,0.13,0.13,0.13,0.13,100,0
EXC,D,20190125,000000,0.13,0.13,0.13,0.13,90,0
EXC,D,20190128,000000,0.13,0.13,0.13,0.13,100,0
EXC,D,20190129,000000,0.13,0.13,0.13,0.13,100,0
EXC,D,20190201,000000,0.13,0.13,0.13,0.13,100,0
EXC,D,20190204,000000,0.13,0.13,0.13,0.13,100,0
EXC,D,20190205,000000,0.13,0.13,0.13,0.13,100,0
EXC,D,20190206,000000,0.13,0.13,0.13,0.13,100,0
EXC,D,20190207,000000,0.13,0.13,0.13,0.13,100,0
EXC,D,20190211,000000,0.13,0.13,0.13,0.13,100,0
EXC,D,20190212,000000,0.13,0.13,0.13,0.13,100,0
EXC,D,20190218,000000,0.12,0.12,0.1,0.1,10721,0
EXC,D,20190220,000000,0.1,0.1,0.1,0.1,2451,0
EXC,D,20190221,000000,0.1,0.1,0.1,0.1,200,0
EXC,D,20190222,000000,0.1,0.1,0.1,0.1,200,0
EXC,D,20190226,000000,0.1,0.1,0.09,0.09,5100,0
EXC,D,20190227,000000,0.1,0.1,0.1,0.1,100,0
EXC,D,20190305,000000,0.08,0.08,0.08,0.08,14829,0
EXC,D,20190306,000000,0.0895,0.0895,0.063,0.06,850,0
EXC,D,20190307,000000,0.07,0.0895,0.07,0.09,5650,0
EXC,D,20190311,000000,0.1,0.1,0.1,0.1,267,0
EXC,D,20190313,000000,0.1,0.1,0.1,0.1,100,0
EXC,D,20190314,000000,0.1,0.1,0.1,0.1,100,0
EXC,D,20190315,000000,0.1,0.1,0.1,0.1,100,0
EXC,D,20190318,000000,0.1,0.1,0.1,0.1,100,0
EXC,D,20190320,000000,0.08,0.09,0.08,0.09,1110,0
EXC,D,20190321,000000,0.1,0.1,0.1,0.1,100,0
EXC,D,20190322,000000,0.1,0.1,0.1,0.1,100,0
EXC,D,20190325,000000,0.1,0.1,0.1,0.1,100,0
EXC,D,20190326,000000,0.1,0.1,0.1,0.1,100,0
EXC,D,20190327,000000,0.1,0.1,0.1,0.1,100,0
EXC,D,20190328,000000,0.1,0.1,0.1,0.1,100,0
EXC,D,20190329,000000,0.1,0.1,0.1,0.1,100,0
EXC,D,20190401,000000,0.1,0.1,0.1,0.1,100,0
EXC,D,20190402,000000,0.1,0.1,0.1,0.1,100,0
EXC,D,20190403,000000,0.1,0.1,0.1,0.1,100,0
EXC,D,20190404,000000,0.1,0.1,0.1,0.1,100,0
EXC,D,20190405,000000,0.1,0.1,0.1,0.1,100,0
EXC,D,20190408,000000,0.1,0.1,0.1,0.1,100,0
EXC,D,20190409,000000,0.1,0.1,0.1,0.1,1500,0
EXC,D,20190410,000000,0.1,0.1,0.1,0.1,150,0
EXC,D,20190411,000000,0.1,0.1,0.1,0.1,100,0
EXC,D,20190412,000000,0.1,0.1,0.1,0.1,10100,0
EXC,D,20190415,000000,0.1,0.1,0.1,0.1,100,0
EXC,D,20190417,000000,0.1,0.1,0.1,0.1,100,0
EXC,D,20190423,000000,0.1,0.1,0.1,0.1,4100,0
EXC,D,20190424,000000,0.1,0.1,0.1,0.1,5004,0
EXC,D,20190425,000000,0.1,0.1,0.1,0.1,100,0
EXC,D,20190426,000000,0.1,0.1,0.1,0.1,100,0
EXC,D,20190429,000000,0.08,0.1,0.08,0.1,2090,0
EXC,D,20190430,000000,0.1,0.1,0.1,0.1,100,0
EXC,D,20190502,000000,0.1,0.1,0.1,0.1,100,0
EXC,D,20190506,000000,0.1,0.1,0.1,0.1,100,0
EXC,D,20190507,000000,0.1,0.1,0.1,0.1,100,0
EXC,D,20190508,000000,0.1,0.1,0.1,0.1,100,0
EXC,D,20190509,000000,0.1,0.1,0.1,0.1,100,0
EXC,D,20190513,000000,0.1,0.1,0.1,0.1,100,0
EXC,D,20190514,000000,0.1,0.1,0.1,0.1,100,0
EXC,D,20190515,000000,0.1,0.1,0.1,0.1,100,0
EXC,D,20190516,000000,0.1,0.1,0.1,0.1,100,0
EXC,D,20190517,000000,0.1,0.1,0.1,0.1,100,0
EXC,D,20190521,000000,0.1,0.1,0.1,0.1,100,0
EXC,D,20190522,000000,0.1,0.1,0.1,0.1,100,0
EXC,D,20190527,000000,0.08,0.09,0.08,0.08,20000,0
EXC,D,20190530,000000,0.09,0.09,0.09,0.09,5000,0
EXC,D,20190603,000000,0.09,0.09,0.09,0.09,9,0
EXC,D,20190604,000000,0.082,0.082,0.082,0.08,4500,0
EXC,D,20190605,000000,0.089,0.089,0.089,0.09,500,0
EXC,D,20190612,000000,0.09,0.09,0.09,0.09,5,0
EXC,D,20190613,000000,0.09,0.1,0.09,0.1,1000,0
EXC,D,20190624,000000,0.06,0.06,0.06,0.06,670,0
EXC,D,20190708,000000,0.06,0.06,0.06,0.06,100,0
EXC,D,20190709,000000,0.06,0.06,0.06,0.06,100,0
EXC,D,20190710,000000,0.06,0.06,0.06,0.06,100,0
EXC,D,20190711,000000,0.06,0.06,0.06,0.06,100,0
EXC,D,20190712,000000,0.06,0.06,0.06,0.06,100,0
EXC,D,20190715,000000,0.06,0.06,0.06,0.06,59,0
EXC,D,20190801,000000,0.07,0.07,0.07,0.07,500,0
EXC,D,20190802,000000,0.08,0.08,0.08,0.08,500,0
EXC,D,20190805,000000,0.09,0.1,0.09,0.1,8000,0
EXC,D,20190806,000000,0.1,0.1,0.1,0.1,100,0
EXC,D,20190812,000000,0.1,0.1,0.1,0.1,100,0
EXC,D,20190819,000000,0.1,0.1,0.1,0.1,100,0
EXC,D,20190820,000000,0.1,0.1,0.1,0.1,100,0
EXC,D,20190821,000000,0.1,0.1,0.1,0.1,100,0
EXC,D,20190823,000000,0.1,0.1,0.1,0.1,100,0
EXC,D,20190827,000000,0.1,0.11,0.1,0.11,112097,0
EXC,D,20190828,000000,0.11,0.11,0.11,0.11,70,0
EXC,D,20190829,000000,0.11,0.11,0.11,0.11,100,0
EXC,D,20190909,000000,0.11,0.11,0.11,0.11,530,0
EXC,D,20190910,000000,0.11,0.12,0.11,0.12,26572,0
EXC,D,20190913,000000,0.12,0.12,0.12,0.12,100,0
EXC,D,20190916,000000,0.12,0.12,0.12,0.12,90,0
EXC,D,20190917,000000,0.09,0.09,0.09,0.09,24,0
EXC,D,20190918,000000,0.12,0.12,0.12,0.12,30,0
EXC,D,20190924,000000,0.12,0.12,0.12,0.12,25,0
EXC,D,20191001,000000,0.12,0.12,0.12,0.12,3400,0
EXC,D,20191004,000000,0.12,0.12,0.12,0.12,100,0
EXC,D,20191007,000000,0.12,0.125,0.12,0.125,49945,0
EXC,D,20191009,000000,0.125,0.125,0.125,0.125,80,0
EXC,D,20191011,000000,0.125,0.125,0.125,0.125,100,0
EXC,D,20191016,000000,0.121,0.125,0.121,0.125,10000,0
EXC,D,20191021,000000,0.125,0.125,0.125,0.125,80,0
EXC,D,20191022,000000,0.125,0.125,0.125,0.125,100,0
EXC,D,20191023,000000,0.125,0.125,0.125,0.125,100,0
EXC,D,20191024,000000,0.125,0.125,0.125,0.125,80,0
EXC,D,20191025,000000,0.102,0.102,0.102,0.102,20,0
EXC,D,20191028,000000,0.11,0.11,0.102,0.102,15000,0
EXC,D,20191031,000000,0.102,0.102,0.102,0.102,100,0
EXC,D,20191104,000000,0.105,0.105,0.105,0.105,3051,0
EXC,D,20191105,000000,0.105,0.125,0.105,0.125,150,0
EXC,D,20191106,000000,0.125,0.125,0.125,0.125,4256,0
EXC,D,20191107,000000,0.13,0.13,0.13,0.13,50,0
EXC,D,20191108,000000,0.13,0.13,0.13,0.13,1000,0
EXC,D,20191118,000000,0.11,0.14,0.11,0.14,30108,0
EXC,D,20191119,000000,0.14,0.14,0.14,0.14,142,0
EXC,D,20191122,000000,0.112,0.112,0.112,0.112,2200,0
EXC,D,20191125,000000,0.112,0.12,0.112,0.12,450,0
EXC,D,20191127,000000,0.101,0.101,0.0985,0.0985,31150,0
EXC,D,20191204,000000,0.108,0.109,0.108,0.109,1000,0
EXC,D,20191205,000000,0.109,0.109,0.109,0.109,100,0
EXC,D,20191209,000000,0.109,0.109,0.109,0.109,100,0
EXC,D,20191210,000000,0.109,0.109,0.109,0.109,100,0
EXC,D,20191211,000000,0.109,0.109,0.109,0.109,200,0
EXC,D,20191213,000000,0.109,0.109,0.109,0.109,1000,0
EXC,D,20191217,000000,0.109,0.109,0.1,0.1,200,0
EXC,D,20191219,000000,0.08,0.109,0.08,0.109,2400,0
EXC,D,20191220,000000,0.109,0.109,0.109,0.109,100,0
EXC,D,20191223,000000,0.1,0.1,0.1,0.1,1000,0
EXC,D,20191227,000000,0.1,0.1,0.1,0.1,100,0
EXC,D,20191230,000000,0.1,0.1,0.1,0.1,2100,0
EXC,D,20200103,000000,0.1,0.1,0.1,0.1,1570,0
EXC,D,20200107,000000,0.1,0.1,0.1,0.1,100,0
EXC,D,20200108,000000,0.1,0.1,0.1,0.1,100,0
EXC,D,20200110,000000,0.1,0.1,0.1,0.1,100,0
EXC,D,20200113,000000,0.1,0.1,0.1,0.1,100,0
EXC,D,20200120,000000,0.1,0.1,0.1,0.1,100,0
EXC,D,20200121,000000,0.1,0.1,0.1,0.1,100,0
EXC,D,20200122,000000,0.1,0.1,0.1,0.1,100,0
EXC,D,20200127,000000,0.1,0.1,0.1,0.1,100,0
EXC,D,20200128,000000,0.1,0.12,0.1,0.12,26400,0
EXC,D,20200129,000000,0.12,0.12,0.12,0.12,1000,0
EXC,D,20200131,000000,0.12,0.12,0.12,0.12,100,0
EXC,D,20200203,000000,0.12,0.12,0.12,0.12,100,0
EXC,D,20200204,000000,0.12,0.12,0.12,0.12,100,0
EXC,D,20200212,000000,0.12,0.12,0.12,0.12,10200,0
EXC,D,20200213,000000,0.13,0.15,0.13,0.15,6250,0
EXC,D,20200214,000000,0.15,0.15,0.13,0.15,10429,0
EXC,D,20200217,000000,0.15,0.15,0.15,0.15,5100,0
EXC,D,20200218,000000,0.15,0.15,0.15,0.15,4100,0
EXC,D,20200219,000000,0.145,0.145,0.145,0.145,5000,0
EXC,D,20200220,000000,0.145,0.145,0.145,0.145,100,0
EXC,D,20200224,000000,0.12,0.12,0.1,0.1,47465,0
EXC,D,20200225,000000,0.12,0.12,0.119,0.12,17600,0
EXC,D,20200302,000000,0.11,0.11,0.101,0.101,3000,0
EXC,D,20200303,000000,0.11,0.116,0.11,0.116,600,0
EXC,D,20200306,000000,0.116,0.116,0.116,0.116,415,0
EXC,D,20200309,000000,0.15,0.15,0.15,0.15,510,0
EXC,D,20200310,000000,0.15,0.15,0.15,0.15,6000,0
EXC,D,20200311,000000,0.13,0.14,0.13,0.14,20000,0
EXC,D,20200312,000000,0.12,0.12,0.12,0.12,2000,0
EXC,D,20200318,000000,0.15,0.15,0.15,0.15,75,0
EXC,D,20200320,000000,0.094,0.094,0.094,0.094,44,0
EXC,D,20200323,000000,0.088,0.088,0.088,0.088,10466,0
EXC,D,20200324,000000,0.088,0.09,0.08,0.08,13344,0
EXC,D,20200325,000000,0.08,0.08,0.08,0.08,5800,0
EXC,D,20200327,000000,0.08,0.08,0.08,0.08,4200,0
EXC,D,20200330,000000,0.08,0.08,0.08,0.08,6000,0
EXC,D,20200403,000000,0.09,0.09,0.08,0.08,6000,0
EXC,D,20200406,000000,0.082,0.1,0.082,0.1,4350,0
EXC,D,20200407,000000,0.1,0.1,0.09,0.09,26200,0
EXC,D,20200408,000000,0.09,0.09,0.09,0.09,3420,0
EXC,D,20200409,000000,0.1,0.1,0.08,0.08,1200,0
EXC,D,20200414,000000,0.1,0.1,0.1,0.1,100,0
EXC,D,20200415,000000,0.1,0.13,0.08,0.13,23900,0
EXC,D,20200416,000000,0.12,0.12,0.12,0.12,7101,0
EXC,D,20200422,000000,0.12,0.12,0.12,0.12,100,0
EXC,D,20200423,000000,0.12,0.12,0.12,0.12,100,0
EXC,D,20200427,000000,0.1,0.1,0.1,0.1,1730,0
EXC,D,20200428,000000,0.1,0.12,0.09,0.12,18751,0
EXC,D,20200511,000000,0.11,0.11,0.1,0.1,7283,0
EXC,D,20200512,000000,0.091,0.113,0.085,0.113,117042,0
EXC,D,20200513,000000,0.113,0.113,0.0905,0.0905,50200,0
EXC,D,20200514,000000,0.0905,0.112,0.08,0.11,56670,0
EXC,D,20200515,000000,0.108,0.108,0.108,0.108,100,0
EXC,D,20200521,000000,0.104,0.108,0.104,0.108,2000,0
EXC,D,20200522,000000,0.108,0.108,0.091,0.091,3650,0
EXC,D,20200526,000000,0.0905,0.0905,0.08,0.08,23112,0
EXC,D,20200527,000000,0.09,0.098,0.09,0.098,59715,0
EXC,D,20200528,000000,0.098,0.098,0.098,0.098,220,0
EXC,D,20200529,000000,0.098,0.098,0.098,0.098,10,0
EXC,D,20200601,000000,0.098,0.098,0.098,0.098,120,0
EXC,D,20200602,000000,0.098,0.098,0.098,0.098,100,0
EXC,D,20200603,000000,0.098,0.098,0.09,0.09,2620,0
EXC,D,20200604,000000,0.098,0.098,0.095,0.098,3100,0
EXC,D,20200605,000000,0.098,0.113,0.09,0.09,16741,0
EXC,D,20200608,000000,0.09,0.09,0.09,0.09,150,0
EXC,D,20200609,000000,0.09,0.105,0.09,0.09,12449,0
EXC,D,20200612,000000,0.1,0.1,0.085,0.085,1220,0
EXC,D,20200616,000000,0.1,0.12,0.1,0.12,41083,0
EXC,D,20200617,000000,0.144,0.144,0.13,0.143,1700,0
EXC,D,20200618,000000,0.143,0.144,0.143,0.143,8760,0
EXC,D,20200619,000000,0.138,0.139,0.111,0.111,3985,0
EXC,D,20200622,000000,0.137,0.138,0.111,0.12,10170,0
EXC,D,20200623,000000,0.13,0.13,0.128,0.128,1705,0
EXC,D,20200624,000000,0.126,0.126,0.12,0.12,10143,0
EXC,D,20200625,000000,0.134,0.134,0.12,0.134,9152,0
EXC,D,20200626,000000,0.11,0.12,0.11,0.12,11000,0
EXC,D,20200629,000000,0.129,0.13,0.09,0.13,18703,0
EXC,D,20200630,000000,0.114,0.13,0.1,0.13,25879,0
EXC,D,20200701,000000,0.125,0.128,0.1,0.12,21580,0
EXC,D,20200702,000000,0.12,0.12,0.12,0.12,100,0
EXC,D,20200703,000000,0.123,0.129,0.123,0.129,3175,0
EXC,D,20200706,000000,0.129,0.129,0.129,0.129,1525,0
EXC,D,20200707,000000,0.128,0.128,0.128,0.128,6400,0
EXC,D,20200708,000000,0.128,0.128,0.11,0.126,14410,0
EXC,D,20200709,000000,0.126,0.126,0.101,0.101,10935,0
EXC,D,20200710,000000,0.12,0.126,0.12,0.126,9655,0
EXC,D,20200713,000000,0.127,0.127,0.12,0.126,5795,0
EXC,D,20200714,000000,0.126,0.13,0.126,0.128,18580,0
EXC,D,20200715,000000,0.13,0.13,0.128,0.128,5565,0
EXC,D,20200716,000000,0.128,0.128,0.127,0.128,7080,0
EXC,D,20200717,000000,0.128,0.128,0.128,0.128,1210,0
EXC,D,20200720,000000,0.13,0.13,0.128,0.128,9239,0
EXC,D,20200721,000000,0.128,0.128,0.126,0.128,6390,0
EXC,D,20200722,000000,0.128,0.128,0.128,0.128,3000,0
EXC,D,20200723,000000,0.128,0.138,0.128,0.138,9535,0
EXC,D,20200724,000000,0.14,0.144,0.13,0.144,30205,0
EXC,D,20200727,000000,0.144,0.17,0.144,0.17,19915,0
EXC,D,20200728,000000,0.22,0.264,0.22,0.25,131017,0
EXC,D,20200729,000000,0.25,0.28,0.21,0.25,374243,0
EXC,D,20200730,000000,0.25,0.3,0.25,0.3,3221648,0
EXC,D,20200731,000000,0.36,0.432,0.36,0.432,1520358,0
EXC,D,20200804,000000,0.6,0.6,0.6,0.6,1565768,0
EXC,D,20200805,000000,0.81,0.81,0.62,0.81,2075189,0
EXC,D,20200806,000000,0.9,1.1,0.82,0.95,3236447,0
EXC,D,20200807,000000,0.95,0.97,0.66,0.8,1389380,0
EXC,D,20200810,000000,0.85,1.03,0.71,0.925,1986487,0
EXC,D,20200811,000000,0.88,0.88,0.78,0.78,910300,0
EXC,D,20200812,000000,0.87,0.87,0.56,0.81,823154,0
EXC,D,20200813,000000,0.85,0.85,0.57,0.7,957624,0
EXC,D,20200814,000000,0.565,0.75,0.565,0.655,361309,0
EXC,D,20200817,000000,0.65,0.65,0.52,0.59,853728,0
EXC,D,20200818,000000,0.6,0.64,0.53,0.565,399236,0
EXC,D,20200819,000000,0.565,0.615,0.54,0.58,271165,0
EXC,D,20200820,000000,0.565,0.58,0.5,0.53,193567,0
EXC,D,20200821,000000,0.53,0.555,0.45,0.494,394732,0
EXC,D,20200824,000000,0.545,0.69,0.5,0.69,356842,0
EXC,D,20200825,000000,0.69,0.69,0.555,0.64,337559,0
EXC,D,20200826,000000,0.65,0.67,0.53,0.62,173002,0
EXC,D,20200827,000000,0.63,0.755,0.505,0.67,1915182,0
EXC,D,20200828,000000,0.73,1.05,0.625,0.96,3664191,0
EXC,D,20200831,000000,1.07,1.07,0.74,0.83,2060238,0
EXC,D,20200901,000000,0.83,0.87,0.665,0.745,1061811,0
EXC,D,20200902,000000,0.7,0.85,0.7,0.79,392087,0
EXC,D,20200903,000000,0.795,0.83,0.72,0.73,273890,0
EXC,D,20200904,000000,0.7,0.78,0.68,0.72,342352,0
EXC,D,20200907,000000,0.715,0.77,0.64,0.68,380044,0
EXC,D,20200908,000000,0.68,0.68,0.46,0.53,745260,0
EXC,D,20200909,000000,0.47,0.655,0.47,0.655,472746,0
EXC,D,20200910,000000,0.605,0.67,0.57,0.62,268782,0
EXC,D,20200911,000000,0.65,0.65,0.585,0.61,90939,0
EXC,D,20200914,000000,0.6,0.615,0.55,0.57,158590,0
EXC,D,20200915,000000,0.565,0.6,0.52,0.6,219503,0
EXC,D,20200916,000000,0.595,0.6,0.55,0.59,145947,0
EXC,D,20200917,000000,0.59,0.7,0.57,0.605,546452,0
EXC,D,20200918,000000,0.59,0.64,0.58,0.59,107968,0
EXC,D,20200921,000000,0.575,0.63,0.56,0.6,269700,0
EXC,D,20200922,000000,0.61,0.61,0.55,0.585,246329,0
EXC,D,20200923,000000,0.59,0.595,0.53,0.56,361026,0
EXC,D,20200924,000000,0.56,0.58,0.54,0.57,97178,0
EXC,D,20200925,000000,0.57,0.605,0.54,0.58,393921,0
EXC,D,20200928,000000,0.59,0.63,0.57,0.615,431846,0
EXC,D,20200929,000000,0.62,0.63,0.605,0.63,169369,0
EXC,D,20200930,000000,0.62,0.65,0.555,0.63,1005213,0
EXC,D,20201001,000000,0.635,0.635,0.55,0.61,1315064,0
EXC,D,20201002,000000,0.62,0.62,0.54,0.615,1297580,0
EXC,D,20201005,000000,0.62,0.66,0.498,0.52,3271451,0
EXC,D,20201006,000000,0.59,0.6,0.472,0.488,6474872,0
EXC,D,20201007,000000,0.498,0.54,0.462,0.5,1478942,0
EXC,D,20201008,000000,0.52,0.52,0.46,0.498,2016821,0
EXC,D,20201009,000000,0.505,0.725,0.486,0.545,26128410,0
EXC,D,20201012,000000,0.6,0.63,0.53,0.595,9007130,0
EXC,D,20201013,000000,0.595,0.61,0.515,0.555,3788049,0
EXC,D,20201014,000000,0.54,0.555,0.51,0.535,1023076,0
EXC,D,20201015,000000,0.585,0.585,0.48,0.49,3273452,0
EXC,D,20201016,000000,0.5,0.54,0.49,0.515,2164404,0
