<TICKER>,<PER>,<DATE>,<TIME>,<OPEN>,<HIGH>,<LOW>,<CLOSE>,<VOL>,<OPENINT>
FAV,D,20120215,000000,1.42,2.01,1.42,1.63,651301,0
FAV,D,20120216,000000,1.59,1.66,1.41,1.41,619091,0
FAV,D,20120217,000000,1.47,1.55,1.39,1.43,957162,0
FAV,D,20120220,000000,1.46,1.46,1.19,1.2,720019,0
FAV,D,20120221,000000,1.25,1.3,1.24,1.25,315156,0
FAV,D,20120222,000000,1.3,1.34,1.14,1.2,535989,0
FAV,D,20120223,000000,1.19,1.27,1.09,1.27,491022,0
FAV,D,20120224,000000,1.28,1.29,1.05,1.07,1454593,0
FAV,D,20120227,000000,1.07,1.09,0.89,0.9,1251608,0
FAV,D,20120228,000000,0.92,0.95,0.75,0.75,1211422,0
FAV,D,20120229,000000,0.76,0.84,0.76,0.81,1076659,0
FAV,D,20120301,000000,0.84,0.85,0.74,0.75,1167316,0
FAV,D,20120302,000000,0.76,0.84,0.7,0.7,3039900,0
FAV,D,20120305,000000,0.69,0.72,0.56,0.56,1085780,0
FAV,D,20120306,000000,0.59,0.6,0.49,0.5,1342909,0
FAV,D,20120307,000000,0.49,0.55,0.47,0.52,276131,0
FAV,D,20120308,000000,0.55,0.58,0.52,0.53,1202718,0
FAV,D,20120309,000000,0.53,0.53,0.48,0.49,67409,0
FAV,D,20120312,000000,0.49,0.55,0.47,0.49,246130,0
FAV,D,20120313,000000,0.48,0.5,0.42,0.42,139214,0
FAV,D,20120314,000000,0.42,0.43,0.39,0.43,51753,0
FAV,D,20120315,000000,0.45,0.45,0.42,0.42,41958,0
FAV,D,20120316,000000,0.41,0.48,0.36,0.47,103343,0
FAV,D,20120319,000000,0.47,0.47,0.42,0.46,4172,0
FAV,D,20120320,000000,0.46,0.46,0.42,0.46,3250,0
FAV,D,20120321,000000,0.46,0.46,0.39,0.44,29029,0
FAV,D,20120322,000000,0.41,0.44,0.37,0.39,109265,0
FAV,D,20120323,000000,0.4,0.41,0.33,0.41,44987,0
FAV,D,20120326,000000,0.38,0.41,0.35,0.41,27288,0
FAV,D,20120327,000000,0.41,0.43,0.38,0.43,22860,0
FAV,D,20120328,000000,0.44,0.61,0.42,0.61,396408,0
FAV,D,20120329,000000,0.64,0.7,0.5,0.67,1291569,0
FAV,D,20120330,000000,0.7,0.72,0.58,0.6,1188100,0
FAV,D,20120402,000000,0.65,0.82,0.64,0.82,1084284,0
FAV,D,20120403,000000,0.9,1.24,0.86,1.1,1574376,0
FAV,D,20120404,000000,1.06,1.17,0.85,0.86,747126,0
FAV,D,20120405,000000,0.86,0.93,0.79,0.92,230498,0
FAV,D,20120410,000000,0.89,1.05,0.87,0.94,187402,0
FAV,D,20120411,000000,0.97,0.97,0.84,0.85,138129,0
FAV,D,20120412,000000,0.76,0.83,0.71,0.72,142772,0
FAV,D,20120413,000000,0.71,0.75,0.64,0.73,45449,0
FAV,D,20120416,000000,0.76,0.76,0.65,0.68,108432,0
FAV,D,20120417,000000,0.65,0.69,0.63,0.68,62778,0
FAV,D,20120418,000000,0.68,0.81,0.64,0.74,143796,0
FAV,D,20120419,000000,0.74,0.84,0.7,0.77,122401,0
FAV,D,20120420,000000,0.77,0.82,0.74,0.74,29209,0
FAV,D,20120423,000000,0.77,0.77,0.66,0.68,42788,0
FAV,D,20120424,000000,0.69,0.7,0.62,0.63,68960,0
FAV,D,20120425,000000,0.63,0.72,0.62,0.65,198617,0
FAV,D,20120426,000000,0.66,0.67,0.53,0.54,218428,0
FAV,D,20120427,000000,0.55,0.57,0.44,0.49,583698,0
FAV,D,20120430,000000,0.49,0.52,0.45,0.47,97676,0
FAV,D,20120502,000000,0.46,0.49,0.46,0.48,23986,0
FAV,D,20120504,000000,0.48,0.57,0.45,0.49,155620,0
FAV,D,20120507,000000,0.49,0.49,0.44,0.47,108768,0
FAV,D,20120508,000000,0.47,0.52,0.38,0.47,355913,0
FAV,D,20120509,000000,0.47,0.47,0.38,0.39,306192,0
FAV,D,20120510,000000,0.39,0.41,0.39,0.4,59809,0
FAV,D,20120511,000000,0.42,0.42,0.36,0.38,70103,0
FAV,D,20120514,000000,0.39,0.4,0.37,0.39,16636,0
FAV,D,20120515,000000,0.36,0.39,0.34,0.36,118305,0
FAV,D,20120516,000000,0.33,0.34,0.3,0.34,127924,0
FAV,D,20120517,000000,0.34,0.44,0.33,0.36,363992,0
FAV,D,20120518,000000,0.35,0.48,0.27,0.27,7017995,0
FAV,D,20120521,000000,0.29,0.31,0.28,0.3,288221,0
FAV,D,20120522,000000,0.3,0.33,0.29,0.3,378412,0
FAV,D,20120523,000000,0.31,0.31,0.27,0.3,143890,0
FAV,D,20120524,000000,0.34,0.4,0.31,0.4,1350956,0
FAV,D,20120525,000000,0.4,0.44,0.37,0.39,817066,0
FAV,D,20120528,000000,0.37,0.37,0.33,0.35,158690,0
FAV,D,20120529,000000,0.35,0.36,0.29,0.32,484599,0
FAV,D,20120530,000000,0.3,0.32,0.29,0.3,194105,0
FAV,D,20120531,000000,0.3,0.31,0.28,0.31,90633,0
FAV,D,20120601,000000,0.31,0.32,0.29,0.3,156512,0
FAV,D,20120604,000000,0.3,0.31,0.29,0.3,38690,0
FAV,D,20120605,000000,0.3,0.3,0.27,0.27,68702,0
FAV,D,20120606,000000,0.28,0.29,0.27,0.28,26971,0
FAV,D,20120608,000000,0.28,0.3,0.28,0.3,96334,0
FAV,D,20120611,000000,0.29,0.31,0.29,0.29,54069,0
FAV,D,20120612,000000,0.3,0.3,0.26,0.28,135201,0
FAV,D,20120613,000000,0.28,0.28,0.25,0.26,152636,0
FAV,D,20120614,000000,0.27,0.27,0.24,0.24,53307,0
FAV,D,20120615,000000,0.24,0.25,0.22,0.24,47858,0
FAV,D,20120618,000000,0.26,0.26,0.26,0.26,860,0
FAV,D,20120619,000000,0.26,0.28,0.25,0.27,58338,0
FAV,D,20120620,000000,0.28,0.32,0.26,0.28,284519,0
FAV,D,20120621,000000,0.28,0.28,0.25,0.26,145480,0
FAV,D,20120622,000000,0.26,0.26,0.24,0.24,48059,0
FAV,D,20120625,000000,0.25,0.25,0.24,0.25,7488,0
FAV,D,20120626,000000,0.25,0.25,0.24,0.25,36667,0
FAV,D,20120627,000000,0.25,0.25,0.23,0.24,91880,0
FAV,D,20120628,000000,0.23,0.23,0.19,0.22,176904,0
FAV,D,20120629,000000,0.22,0.22,0.2,0.22,52376,0
FAV,D,20120702,000000,0.21,0.24,0.21,0.23,100420,0
FAV,D,20120703,000000,0.23,0.23,0.21,0.23,51867,0
FAV,D,20120704,000000,0.23,0.23,0.19,0.2,131827,0
FAV,D,20120705,000000,0.2,0.2,0.16,0.17,173153,0
FAV,D,20120706,000000,0.17,0.18,0.15,0.17,199030,0
FAV,D,20120709,000000,0.17,0.17,0.15,0.16,69788,0
FAV,D,20120710,000000,0.16,0.22,0.16,0.22,557175,0
FAV,D,20120711,000000,0.26,0.31,0.21,0.23,1092569,0
FAV,D,20120712,000000,0.23,0.24,0.19,0.21,161198,0
FAV,D,20120713,000000,0.2,0.21,0.19,0.2,45789,0
FAV,D,20120716,000000,0.19,0.19,0.16,0.16,540900,0
FAV,D,20120717,000000,0.15,0.2,0.14,0.2,305855,0
FAV,D,20120718,000000,0.2,0.2,0.17,0.18,167494,0
FAV,D,20120719,000000,0.17,0.18,0.15,0.15,325727,0
FAV,D,20120720,000000,0.14,0.15,0.12,0.15,677353,0
FAV,D,20120723,000000,0.14,0.17,0.13,0.16,248281,0
FAV,D,20120724,000000,0.16,0.16,0.14,0.15,58089,0
FAV,D,20120725,000000,0.14,0.15,0.13,0.14,96249,0
FAV,D,20120726,000000,0.13,0.15,0.13,0.14,90350,0
FAV,D,20120727,000000,0.14,0.14,0.13,0.14,59712,0
FAV,D,20120730,000000,0.14,0.14,0.13,0.14,49178,0
FAV,D,20120731,000000,0.13,0.14,0.12,0.13,45723,0
FAV,D,20120801,000000,0.12,0.13,0.12,0.13,75721,0
FAV,D,20120802,000000,0.13,0.13,0.11,0.11,113360,0
FAV,D,20120803,000000,0.12,0.16,0.12,0.16,389920,0
FAV,D,20120806,000000,0.18,0.19,0.15,0.15,543694,0
FAV,D,20120807,000000,0.15,0.16,0.14,0.16,142846,0
FAV,D,20120808,000000,0.16,0.18,0.15,0.15,130955,0
FAV,D,20120809,000000,0.15,0.15,0.13,0.14,63093,0
FAV,D,20120810,000000,0.14,0.15,0.13,0.15,75170,0
FAV,D,20120813,000000,0.16,0.16,0.15,0.15,20002,0
FAV,D,20120814,000000,0.16,0.17,0.14,0.15,119277,0
FAV,D,20120816,000000,0.16,0.16,0.14,0.15,34817,0
FAV,D,20120817,000000,0.16,0.16,0.14,0.16,9979,0
FAV,D,20120820,000000,0.16,0.16,0.14,0.14,7105,0
FAV,D,20120821,000000,0.15,0.15,0.13,0.14,265771,0
FAV,D,20120822,000000,0.13,0.14,0.13,0.13,110330,0
FAV,D,20120823,000000,0.12,0.14,0.11,0.14,239220,0
FAV,D,20120824,000000,0.14,0.15,0.13,0.13,150133,0
FAV,D,20120827,000000,0.13,0.14,0.12,0.13,27035,0
FAV,D,20120828,000000,0.14,0.14,0.12,0.14,45924,0
FAV,D,20120829,000000,0.13,0.13,0.12,0.13,280540,0
FAV,D,20120830,000000,0.13,0.13,0.12,0.12,41306,0
FAV,D,20120831,000000,0.12,0.13,0.12,0.13,76627,0
FAV,D,20120903,000000,0.13,0.14,0.12,0.14,142482,0
FAV,D,20120904,000000,0.14,0.14,0.14,0.14,18527,0
FAV,D,20120905,000000,0.14,0.15,0.14,0.15,70557,0
FAV,D,20120906,000000,0.14,0.14,0.13,0.14,18440,0
FAV,D,20120907,000000,0.14,0.14,0.13,0.14,15010,0
FAV,D,20120910,000000,0.14,0.15,0.14,0.15,29691,0
FAV,D,20120911,000000,0.15,0.15,0.13,0.15,47870,0
FAV,D,20120912,000000,0.15,0.15,0.13,0.14,16898,0
FAV,D,20120913,000000,0.14,0.15,0.13,0.14,93206,0
FAV,D,20120914,000000,0.13,0.15,0.13,0.13,75044,0
FAV,D,20120917,000000,0.15,0.15,0.14,0.14,18269,0
FAV,D,20120918,000000,0.14,0.15,0.14,0.15,7543,0
FAV,D,20120919,000000,0.15,0.17,0.14,0.16,270234,0
FAV,D,20120920,000000,0.16,0.22,0.16,0.22,1136965,0
FAV,D,20120921,000000,0.22,0.24,0.18,0.19,610575,0
FAV,D,20120924,000000,0.18,0.19,0.16,0.16,139625,0
FAV,D,20120925,000000,0.15,0.18,0.14,0.15,126052,0
FAV,D,20120926,000000,0.14,0.15,0.13,0.14,446938,0
FAV,D,20120927,000000,0.13,0.14,0.13,0.13,144856,0
FAV,D,20120928,000000,0.14,0.14,0.13,0.14,146227,0
FAV,D,20121001,000000,0.14,0.14,0.13,0.14,15447,0
FAV,D,20121002,000000,0.14,0.14,0.13,0.14,54976,0
FAV,D,20121003,000000,0.14,0.14,0.12,0.12,111034,0
FAV,D,20121004,000000,0.13,0.14,0.12,0.14,35546,0
FAV,D,20121005,000000,0.14,0.14,0.14,0.14,994,0
FAV,D,20121008,000000,0.13,0.14,0.13,0.14,13210,0
FAV,D,20121009,000000,0.13,0.14,0.13,0.14,3342,0
FAV,D,20121010,000000,0.14,0.14,0.13,0.14,26581,0
FAV,D,20121011,000000,0.14,0.14,0.12,0.14,267321,0
FAV,D,20121012,000000,0.13,0.13,0.13,0.13,44000,0
FAV,D,20121015,000000,0.14,0.14,0.12,0.13,103896,0
FAV,D,20121016,000000,0.13,0.14,0.12,0.14,63615,0
FAV,D,20121017,000000,0.14,0.14,0.13,0.14,69091,0
FAV,D,20121018,000000,0.13,0.14,0.13,0.14,44279,0
FAV,D,20121019,000000,0.13,0.13,0.13,0.13,17867,0
FAV,D,20121022,000000,0.13,0.14,0.13,0.14,30802,0
FAV,D,20121023,000000,0.14,0.14,0.13,0.14,12300,0
FAV,D,20121024,000000,0.12,0.14,0.12,0.14,29873,0
FAV,D,20121025,000000,0.14,0.14,0.13,0.14,9882,0
FAV,D,20121026,000000,0.13,0.13,0.12,0.13,13401,0
FAV,D,20121029,000000,0.13,0.14,0.13,0.14,36150,0
FAV,D,20121030,000000,0.14,0.15,0.13,0.14,90494,0
FAV,D,20121031,000000,0.14,0.16,0.14,0.15,69261,0
FAV,D,20121102,000000,0.15,0.15,0.15,0.15,14573,0
FAV,D,20121105,000000,0.14,0.15,0.13,0.14,59872,0
FAV,D,20121106,000000,0.14,0.19,0.14,0.19,377528,0
FAV,D,20121107,000000,0.19,0.19,0.13,0.14,448821,0
FAV,D,20121108,000000,0.14,0.14,0.13,0.13,43901,0
FAV,D,20121109,000000,0.13,0.14,0.13,0.14,199985,0
FAV,D,20121112,000000,0.13,0.13,0.13,0.13,29136,0
FAV,D,20121113,000000,0.13,0.13,0.13,0.13,7890,0
FAV,D,20121114,000000,0.13,0.13,0.12,0.13,42712,0
FAV,D,20121115,000000,0.12,0.13,0.12,0.13,177290,0
FAV,D,20121116,000000,0.12,0.14,0.12,0.14,301200,0
FAV,D,20121119,000000,0.14,0.15,0.12,0.13,58084,0
FAV,D,20121120,000000,0.13,0.13,0.12,0.13,143778,0
FAV,D,20121121,000000,0.13,0.14,0.12,0.13,213771,0
FAV,D,20121122,000000,0.13,0.13,0.12,0.13,46069,0
FAV,D,20121123,000000,0.13,0.13,0.13,0.13,29700,0
FAV,D,20121126,000000,0.13,0.13,0.13,0.13,2300,0
FAV,D,20121127,000000,0.13,0.13,0.13,0.13,5300,0
FAV,D,20121128,000000,0.13,0.13,0.12,0.13,59470,0
FAV,D,20121129,000000,0.13,0.13,0.12,0.12,10118,0
FAV,D,20121130,000000,0.12,0.14,0.12,0.14,40097,0
FAV,D,20121203,000000,0.14,0.14,0.13,0.14,46801,0
FAV,D,20121204,000000,0.13,0.14,0.12,0.14,94070,0
FAV,D,20121205,000000,0.13,0.14,0.13,0.14,68199,0
FAV,D,20121206,000000,0.14,0.14,0.13,0.14,8101,0
FAV,D,20121207,000000,0.13,0.14,0.13,0.14,27501,0
FAV,D,20121210,000000,0.13,0.14,0.12,0.14,32962,0
FAV,D,20121211,000000,0.14,0.14,0.14,0.14,9780,0
FAV,D,20121212,000000,0.14,0.14,0.13,0.14,13610,0
FAV,D,20121213,000000,0.14,0.15,0.14,0.15,93378,0
FAV,D,20121214,000000,0.15,0.15,0.14,0.14,209013,0
FAV,D,20121217,000000,0.13,0.13,0.13,0.13,43006,0
FAV,D,20121218,000000,0.13,0.13,0.13,0.13,21354,0
FAV,D,20121219,000000,0.13,0.13,0.12,0.13,2873,0
FAV,D,20121220,000000,0.13,0.13,0.12,0.12,13272,0
FAV,D,20121221,000000,0.12,0.13,0.12,0.12,7390,0
FAV,D,20121227,000000,0.12,0.12,0.12,0.12,140748,0
FAV,D,20121228,000000,0.12,0.13,0.11,0.13,81943,0
FAV,D,20130102,000000,0.13,0.13,0.11,0.11,8340,0
FAV,D,20130103,000000,0.11,0.13,0.11,0.13,124676,0
FAV,D,20130104,000000,0.13,0.13,0.13,0.13,100,0
FAV,D,20130107,000000,0.12,0.12,0.12,0.12,39300,0
FAV,D,20130108,000000,0.12,0.12,0.12,0.12,5100,0
FAV,D,20130109,000000,0.12,0.12,0.12,0.12,9600,0
FAV,D,20130110,000000,0.13,0.13,0.12,0.12,7900,0
FAV,D,20130111,000000,0.11,0.12,0.11,0.12,47502,0
FAV,D,20130114,000000,0.12,0.14,0.11,0.13,216597,0
FAV,D,20130115,000000,0.13,0.14,0.13,0.13,14567,0
FAV,D,20130116,000000,0.13,0.13,0.13,0.13,13762,0
FAV,D,20130117,000000,0.13,0.13,0.13,0.13,473,0
FAV,D,20130118,000000,0.13,0.13,0.13,0.13,1000,0
FAV,D,20130121,000000,0.12,0.13,0.12,0.13,89834,0
FAV,D,20130122,000000,0.13,0.13,0.12,0.12,41752,0
FAV,D,20130123,000000,0.12,0.12,0.12,0.12,33250,0
FAV,D,20130124,000000,0.12,0.12,0.12,0.12,53024,0
FAV,D,20130125,000000,0.12,0.12,0.11,0.12,96001,0
FAV,D,20130128,000000,0.12,0.12,0.11,0.12,8351,0
FAV,D,20130129,000000,0.12,0.12,0.12,0.12,150,0
FAV,D,20130130,000000,0.12,0.12,0.11,0.11,12887,0
FAV,D,20130131,000000,0.11,0.12,0.11,0.12,23265,0
FAV,D,20130201,000000,0.12,0.12,0.12,0.12,5600,0
FAV,D,20130204,000000,0.12,0.12,0.11,0.12,5281,0
FAV,D,20130205,000000,0.12,0.12,0.11,0.11,7537,0
FAV,D,20130206,000000,0.11,0.12,0.11,0.12,34366,0
FAV,D,20130207,000000,0.12,0.12,0.12,0.12,2000,0
FAV,D,20130208,000000,0.12,0.12,0.11,0.11,11350,0
FAV,D,20130211,000000,0.11,0.11,0.11,0.11,500,0
FAV,D,20130212,000000,0.11,0.11,0.11,0.11,5650,0
FAV,D,20130213,000000,0.11,0.11,0.1,0.1,18837,0
FAV,D,20130214,000000,0.1,0.11,0.09,0.11,6002,0
FAV,D,20130215,000000,0.11,0.11,0.09,0.11,37700,0
FAV,D,20130218,000000,0.11,0.11,0.11,0.11,450,0
FAV,D,20130219,000000,0.11,0.11,0.1,0.1,9250,0
FAV,D,20130220,000000,0.1,0.11,0.09,0.09,46316,0
FAV,D,20130221,000000,0.09,0.11,0.09,0.11,75557,0
FAV,D,20130222,000000,0.12,0.12,0.11,0.12,25908,0
FAV,D,20130225,000000,0.12,0.13,0.12,0.12,65959,0
FAV,D,20130226,000000,0.11,0.11,0.11,0.11,39999,0
FAV,D,20130227,000000,0.11,0.11,0.11,0.11,4000,0
FAV,D,20130228,000000,0.11,0.11,0.11,0.11,3248,0
FAV,D,20130301,000000,0.11,0.11,0.11,0.11,400,0
FAV,D,20130304,000000,0.11,0.11,0.11,0.11,200,0
FAV,D,20130305,000000,0.11,0.11,0.11,0.11,2100,0
FAV,D,20130306,000000,0.11,0.11,0.11,0.11,6522,0
FAV,D,20130307,000000,0.11,0.11,0.11,0.11,1300,0
FAV,D,20130308,000000,0.11,0.11,0.11,0.11,4689,0
FAV,D,20130311,000000,0.11,0.11,0.1,0.1,27097,0
FAV,D,20130312,000000,0.1,0.1,0.1,0.1,300,0
FAV,D,20130313,000000,0.1,0.12,0.1,0.12,28407,0
FAV,D,20130314,000000,0.11,0.11,0.11,0.11,4500,0
FAV,D,20130315,000000,0.11,0.11,0.11,0.11,2400,0
FAV,D,20130318,000000,0.11,0.11,0.11,0.11,6050,0
FAV,D,20130319,000000,0.11,0.11,0.11,0.11,500,0
FAV,D,20130320,000000,0.11,0.11,0.11,0.11,400,0
FAV,D,20130321,000000,0.11,0.11,0.1,0.1,41651,0
FAV,D,20130322,000000,0.1,0.1,0.1,0.1,17500,0
FAV,D,20130325,000000,0.1,0.1,0.1,0.1,32524,0
FAV,D,20130326,000000,0.1,0.1,0.1,0.1,1845,0
FAV,D,20130327,000000,0.1,0.1,0.1,0.1,1000,0
FAV,D,20130328,000000,0.1,0.1,0.1,0.1,10740,0
FAV,D,20130402,000000,0.1,0.11,0.09,0.11,12170,0
FAV,D,20130403,000000,0.11,0.11,0.1,0.1,21524,0
FAV,D,20130404,000000,0.1,0.11,0.09,0.09,2200,0
FAV,D,20130405,000000,0.09,0.1,0.09,0.1,6151,0
FAV,D,20130408,000000,0.1,0.1,0.08,0.09,55368,0
FAV,D,20130409,000000,0.09,0.09,0.09,0.09,1200,0
FAV,D,20130410,000000,0.09,0.12,0.09,0.11,190742,0
FAV,D,20130411,000000,0.11,0.11,0.09,0.1,37190,0
FAV,D,20130412,000000,0.1,0.11,0.09,0.1,14808,0
FAV,D,20130415,000000,0.1,0.1,0.1,0.1,250,0
FAV,D,20130417,000000,0.1,0.1,0.1,0.1,5600,0
FAV,D,20130418,000000,0.1,0.1,0.1,0.1,25037,0
FAV,D,20130419,000000,0.1,0.11,0.1,0.1,11000,0
FAV,D,20130422,000000,0.1,0.11,0.1,0.11,14564,0
FAV,D,20130423,000000,0.11,0.11,0.1,0.1,11175,0
FAV,D,20130424,000000,0.1,0.1,0.09,0.09,6875,0
FAV,D,20130425,000000,0.09,0.09,0.09,0.09,10790,0
FAV,D,20130426,000000,0.1,0.11,0.1,0.1,20800,0
FAV,D,20130429,000000,0.11,0.11,0.1,0.1,4646,0
FAV,D,20130430,000000,0.11,0.11,0.11,0.11,3911,0
FAV,D,20130502,000000,0.11,0.11,0.1,0.1,15150,0
FAV,D,20130506,000000,0.1,0.1,0.1,0.1,6834,0
FAV,D,20130508,000000,0.1,0.1,0.09,0.09,46839,0
FAV,D,20130510,000000,0.09,0.11,0.09,0.11,11930,0
FAV,D,20130513,000000,0.11,0.11,0.09,0.09,12300,0
FAV,D,20130514,000000,0.09,0.1,0.09,0.1,2401,0
FAV,D,20130515,000000,0.1,0.1,0.1,0.1,500,0
FAV,D,20130516,000000,0.1,0.1,0.1,0.1,300,0
FAV,D,20130517,000000,0.1,0.1,0.1,0.1,250,0
FAV,D,20130520,000000,0.1,0.1,0.1,0.1,500,0
FAV,D,20130521,000000,0.1,0.1,0.09,0.1,2151,0
FAV,D,20130522,000000,0.1,0.1,0.1,0.1,500,0
FAV,D,20130523,000000,0.1,0.1,0.1,0.1,200,0
FAV,D,20130524,000000,0.1,0.1,0.1,0.1,350,0
FAV,D,20130527,000000,0.1,0.1,0.08,0.08,118011,0
FAV,D,20130528,000000,0.08,0.09,0.08,0.09,22733,0
FAV,D,20130529,000000,0.09,0.09,0.08,0.09,1091,0
FAV,D,20130531,000000,0.09,0.09,0.08,0.09,11401,0
FAV,D,20130603,000000,0.09,0.09,0.08,0.08,10600,0
FAV,D,20130604,000000,0.08,0.09,0.08,0.09,5041,0
FAV,D,20130605,000000,0.09,0.09,0.09,0.09,200,0
FAV,D,20130606,000000,0.09,0.09,0.09,0.09,200,0
FAV,D,20130607,000000,0.09,0.09,0.09,0.09,300,0
FAV,D,20130610,000000,0.09,0.09,0.09,0.09,300,0
FAV,D,20130611,000000,0.08,0.09,0.08,0.09,48382,0
FAV,D,20130612,000000,0.09,0.09,0.09,0.09,1476,0
FAV,D,20130613,000000,0.09,0.09,0.09,0.09,500,0
FAV,D,20130614,000000,0.09,0.09,0.09,0.09,5300,0
FAV,D,20130617,000000,0.09,0.09,0.09,0.09,400,0
FAV,D,20130618,000000,0.09,0.09,0.08,0.09,12701,0
FAV,D,20130619,000000,0.09,0.09,0.09,0.09,400,0
FAV,D,20130620,000000,0.09,0.09,0.09,0.09,150,0
FAV,D,20130621,000000,0.09,0.09,0.09,0.09,200,0
FAV,D,20130624,000000,0.09,0.09,0.09,0.09,200,0
FAV,D,20130625,000000,0.09,0.09,0.09,0.09,1911,0
FAV,D,20130626,000000,0.09,0.09,0.09,0.09,200,0
FAV,D,20130627,000000,0.09,0.09,0.09,0.09,200,0
FAV,D,20130628,000000,0.09,0.09,0.08,0.09,1201,0
FAV,D,20130701,000000,0.09,0.09,0.09,0.09,2,0
FAV,D,20130702,000000,0.09,0.09,0.09,0.09,1,0
FAV,D,20130717,000000,0.08,0.08,0.08,0.08,1,0
FAV,D,20130718,000000,0.08,0.08,0.08,0.08,2,0
FAV,D,20130719,000000,0.08,0.08,0.07,0.07,2,0
FAV,D,20130722,000000,0.08,0.08,0.08,0.08,1,0
FAV,D,20130723,000000,0.08,0.08,0.08,0.08,1,0
FAV,D,20130724,000000,0.08,0.08,0.08,0.08,1,0
FAV,D,20130725,000000,0.07,0.07,0.07,0.07,3,0
FAV,D,20130726,000000,0.07,0.07,0.07,0.07,7,0
FAV,D,20130729,000000,0.07,0.07,0.07,0.07,1,0
FAV,D,20130730,000000,0.07,0.07,0.07,0.07,3,0
FAV,D,20130731,000000,0.07,0.08,0.07,0.08,14,0
FAV,D,20130801,000000,0.08,0.08,0.08,0.08,3,0
FAV,D,20130802,000000,0.08,0.09,0.08,0.09,4,0
FAV,D,20130805,000000,0.09,0.09,0.09,0.09,2,0
FAV,D,20130808,000000,0.09,0.09,0.09,0.09,1,0
FAV,D,20130809,000000,0.09,0.09,0.09,0.09,1,0
FAV,D,20130812,000000,0.09,0.09,0.09,0.09,1,0
FAV,D,20130813,000000,0.08,0.09,0.08,0.09,3,0
FAV,D,20130814,000000,0.09,0.09,0.07,0.07,3,0
FAV,D,20130816,000000,0.08,0.09,0.08,0.09,3,0
FAV,D,20130819,000000,0.09,0.09,0.09,0.09,9,0
FAV,D,20130820,000000,0.08,0.09,0.08,0.09,3,0
FAV,D,20130821,000000,0.09,0.09,0.09,0.09,1,0
FAV,D,20130822,000000,0.09,0.09,0.08,0.08,3,0
FAV,D,20130823,000000,0.08,0.08,0.08,0.08,2,0
FAV,D,20130826,000000,0.08,0.08,0.08,0.08,3,0
FAV,D,20130827,000000,0.08,0.08,0.08,0.08,1,0
FAV,D,20130828,000000,0.08,0.08,0.08,0.08,3,0
FAV,D,20130830,000000,0.09,0.09,0.09,0.09,4,0
FAV,D,20130902,000000,0.09,0.09,0.09,0.09,2,0
FAV,D,20130903,000000,0.09,0.09,0.09,0.09,1,0
FAV,D,20130904,000000,0.09,0.09,0.09,0.09,1,0
FAV,D,20130905,000000,0.09,0.09,0.09,0.09,1,0
FAV,D,20130906,000000,0.09,0.09,0.09,0.09,1,0
FAV,D,20130909,000000,0.09,0.09,0.09,0.09,1,0
FAV,D,20130910,000000,0.09,0.09,0.09,0.09,2,0
FAV,D,20130911,000000,0.09,0.1,0.09,0.1,10,0
FAV,D,20130912,000000,0.11,0.11,0.11,0.11,24,0
FAV,D,20130913,000000,0.12,0.12,0.12,0.12,16,0
FAV,D,20130916,000000,0.14,0.14,0.13,0.13,17,0
FAV,D,20130917,000000,0.12,0.12,0.1,0.1,8,0
FAV,D,20130918,000000,0.1,0.1,0.09,0.09,4,0
FAV,D,20130919,000000,0.09,0.09,0.09,0.09,5,0
FAV,D,20130920,000000,0.1,0.1,0.1,0.1,2,0
FAV,D,20130923,000000,0.1,0.1,0.1,0.1,2,0
FAV,D,20130924,000000,0.1,0.1,0.1,0.1,1,0
FAV,D,20130925,000000,0.1,0.1,0.1,0.1,1,0
FAV,D,20130926,000000,0.1,0.1,0.1,0.1,1,0
FAV,D,20130927,000000,0.09,0.09,0.08,0.08,6,0
FAV,D,20131002,000000,0.08,0.08,0.08,0.08,5,0
FAV,D,20131003,000000,0.09,0.1,0.09,0.1,14,0
FAV,D,20131004,000000,0.11,0.11,0.11,0.11,12,0
FAV,D,20131007,000000,0.11,0.11,0.11,0.11,3,0
FAV,D,20131008,000000,0.11,0.11,0.11,0.11,2,0
FAV,D,20131009,000000,0.11,0.11,0.11,0.11,8,0
FAV,D,20131010,000000,0.11,0.11,0.1,0.1,6,0
FAV,D,20131011,000000,0.11,0.11,0.11,0.11,7,0
FAV,D,20131014,000000,0.11,0.11,0.1,0.1,5,0
FAV,D,20131015,000000,0.1,0.11,0.1,0.11,10,0
FAV,D,20131016,000000,0.11,0.11,0.11,0.11,14,0
FAV,D,20131017,000000,0.11,0.12,0.11,0.12,5,0
FAV,D,20131018,000000,0.12,0.12,0.11,0.11,2,0
FAV,D,20131021,000000,0.11,0.11,0.11,0.11,4,0
FAV,D,20131022,000000,0.11,0.11,0.11,0.11,5,0
FAV,D,20131023,000000,0.11,0.11,0.11,0.11,8,0
FAV,D,20131024,000000,0.12,0.12,0.12,0.12,1,0
FAV,D,20131025,000000,0.11,0.11,0.11,0.11,8,0
FAV,D,20131028,000000,0.1,0.1,0.1,0.1,2,0
FAV,D,20131029,000000,0.1,0.11,0.1,0.11,3,0
FAV,D,20131030,000000,0.11,0.11,0.11,0.11,4,0
FAV,D,20131031,000000,0.11,0.11,0.11,0.11,8,0
FAV,D,20131104,000000,0.11,0.11,0.11,0.11,1,0
FAV,D,20131106,000000,0.12,0.12,0.12,0.12,1,0
FAV,D,20131107,000000,0.11,0.11,0.11,0.11,3,0
FAV,D,20131108,000000,0.12,0.12,0.12,0.12,8,0
FAV,D,20131112,000000,0.12,0.12,0.12,0.12,9,0
FAV,D,20131113,000000,0.14,0.14,0.14,0.14,15,0
FAV,D,20131114,000000,0.14,0.15,0.14,0.15,13,0
FAV,D,20131115,000000,0.15,0.15,0.15,0.15,6,0
FAV,D,20131118,000000,0.17,0.17,0.17,0.17,1,0
FAV,D,20131119,000000,0.18,0.18,0.18,0.18,7,0
FAV,D,20131120,000000,0.17,0.17,0.15,0.15,10,0
FAV,D,20131121,000000,0.15,0.15,0.15,0.15,3,0
FAV,D,20131122,000000,0.14,0.14,0.14,0.14,3,0
FAV,D,20131125,000000,0.15,0.15,0.15,0.15,2,0
FAV,D,20131126,000000,0.14,0.14,0.14,0.14,2,0
FAV,D,20131127,000000,0.14,0.15,0.14,0.15,5,0
FAV,D,20131128,000000,0.15,0.15,0.15,0.15,1,0
FAV,D,20131129,000000,0.15,0.15,0.15,0.15,2,0
FAV,D,20131202,000000,0.15,0.15,0.15,0.15,1,0
FAV,D,20131203,000000,0.15,0.15,0.15,0.15,1,0
FAV,D,20131204,000000,0.15,0.15,0.15,0.15,1,0
FAV,D,20131205,000000,0.15,0.15,0.15,0.15,4,0
FAV,D,20131206,000000,0.15,0.15,0.15,0.15,1,0
FAV,D,20131209,000000,0.15,0.15,0.15,0.15,1,0
FAV,D,20131211,000000,0.15,0.15,0.15,0.15,1,0
FAV,D,20131213,000000,0.15,0.15,0.15,0.15,6,0
FAV,D,20131216,000000,0.17,0.17,0.17,0.17,1,0
FAV,D,20131217,000000,0.16,0.16,0.16,0.16,1,0
FAV,D,20131219,000000,0.19,0.19,0.19,0.19,14,0
FAV,D,20131220,000000,0.17,0.17,0.17,0.17,1,0
FAV,D,20140102,000000,0.17,0.2,0.17,0.2,39485,0
FAV,D,20140103,000000,0.2,0.24,0.19,0.24,50720,0
FAV,D,20140107,000000,0.24,0.24,0.24,0.24,3742,0
FAV,D,20140108,000000,0.24,0.24,0.23,0.23,1139,0
FAV,D,20140109,000000,0.23,0.23,0.19,0.2,21850,0
FAV,D,20140110,000000,0.2,0.21,0.2,0.2,8273,0
FAV,D,20140113,000000,0.21,0.25,0.21,0.23,12600,0
FAV,D,20140114,000000,0.23,0.25,0.2,0.22,32500,0
FAV,D,20140115,000000,0.23,0.23,0.23,0.23,50,0
FAV,D,20140116,000000,0.23,0.23,0.2,0.21,2050,0
FAV,D,20140117,000000,0.21,0.21,0.21,0.21,100,0
FAV,D,20140120,000000,0.21,0.21,0.19,0.21,10050,0
FAV,D,20140121,000000,0.21,0.21,0.21,0.21,50,0
FAV,D,20140122,000000,0.21,0.21,0.21,0.21,50,0
FAV,D,20140123,000000,0.21,0.21,0.19,0.19,4405,0
FAV,D,20140124,000000,0.18,0.21,0.18,0.21,3750,0
FAV,D,20140127,000000,0.2,0.21,0.2,0.21,4500,0
FAV,D,20140128,000000,0.21,0.21,0.2,0.21,5450,0
FAV,D,20140130,000000,0.19,0.19,0.17,0.18,13800,0
FAV,D,20140131,000000,0.18,0.18,0.14,0.15,13281,0
FAV,D,20140203,000000,0.17,0.18,0.15,0.18,12550,0
FAV,D,20140204,000000,0.18,0.18,0.18,0.18,80,0
FAV,D,20140205,000000,0.18,0.18,0.18,0.18,60,0
FAV,D,20140206,000000,0.18,0.18,0.18,0.18,60,0
FAV,D,20140207,000000,0.18,0.18,0.15,0.18,4850,0
FAV,D,20140210,000000,0.18,0.18,0.16,0.16,8200,0
FAV,D,20140211,000000,0.16,0.16,0.15,0.16,16350,0
FAV,D,20140212,000000,0.17,0.17,0.17,0.17,200,0
FAV,D,20140213,000000,0.17,0.17,0.17,0.17,100,0
FAV,D,20140214,000000,0.17,0.18,0.17,0.18,42832,0
FAV,D,20140217,000000,0.18,0.21,0.18,0.2,25368,0
FAV,D,20140218,000000,0.2,0.2,0.16,0.18,12200,0
FAV,D,20140219,000000,0.18,0.19,0.18,0.19,18412,0
FAV,D,20140220,000000,0.19,0.2,0.19,0.2,1650,0
FAV,D,20140221,000000,0.2,0.2,0.2,0.2,200,0
FAV,D,20140224,000000,0.2,0.2,0.17,0.2,13700,0
FAV,D,20140226,000000,0.19,0.19,0.19,0.19,15826,0
FAV,D,20140227,000000,0.2,0.2,0.2,0.2,1590,0
FAV,D,20140228,000000,0.2,0.2,0.19,0.19,2323,0
FAV,D,20140303,000000,0.18,0.19,0.17,0.19,10600,0
FAV,D,20140304,000000,0.19,0.19,0.19,0.19,100,0
FAV,D,20140305,000000,0.19,0.19,0.19,0.19,60,0
FAV,D,20140306,000000,0.19,0.19,0.19,0.19,100,0
FAV,D,20140307,000000,0.19,0.19,0.19,0.19,100,0
FAV,D,20140310,000000,0.18,0.18,0.18,0.18,100,0
FAV,D,20140311,000000,0.17,0.19,0.17,0.17,25874,0
FAV,D,20140312,000000,0.18,0.19,0.18,0.19,926,0
FAV,D,20140313,000000,0.19,0.19,0.19,0.19,100,0
FAV,D,20140314,000000,0.19,0.19,0.16,0.18,10100,0
FAV,D,20140317,000000,0.18,0.18,0.18,0.18,100,0
FAV,D,20140318,000000,0.18,0.18,0.18,0.18,60,0
FAV,D,20140319,000000,0.18,0.18,0.18,0.18,100,0
FAV,D,20140320,000000,0.18,0.18,0.17,0.18,59483,0
FAV,D,20140321,000000,0.16,0.18,0.15,0.18,9400,0
FAV,D,20140324,000000,0.15,0.18,0.15,0.18,6100,0
FAV,D,20140325,000000,0.18,0.18,0.18,0.18,150,0
FAV,D,20140326,000000,0.18,0.18,0.18,0.18,1700,0
FAV,D,20140327,000000,0.18,0.18,0.15,0.16,5231,0
FAV,D,20140328,000000,0.17,0.17,0.14,0.14,12800,0
FAV,D,20140331,000000,0.16,0.16,0.14,0.16,7970,0
FAV,D,20140401,000000,0.16,0.16,0.16,0.16,100,0
FAV,D,20140402,000000,0.16,0.16,0.13,0.15,16800,0
FAV,D,20140403,000000,0.16,0.16,0.16,0.16,750,0
FAV,D,20140404,000000,0.15,0.15,0.12,0.14,22400,0
FAV,D,20140407,000000,0.14,0.15,0.14,0.15,19651,0
FAV,D,20140408,000000,0.15,0.17,0.15,0.15,15471,0
FAV,D,20140409,000000,0.16,0.17,0.13,0.16,89690,0
FAV,D,20140410,000000,0.16,0.16,0.16,0.16,13469,0
FAV,D,20140411,000000,0.16,0.17,0.16,0.16,43421,0
FAV,D,20140414,000000,0.16,0.19,0.16,0.19,98002,0
FAV,D,20140415,000000,0.19,0.19,0.16,0.18,42515,0
FAV,D,20140416,000000,0.18,0.22,0.18,0.22,95189,0
FAV,D,20140417,000000,0.23,0.25,0.19,0.22,60453,0
FAV,D,20140422,000000,0.22,0.3,0.2,0.26,299967,0
FAV,D,20140423,000000,0.28,0.36,0.26,0.3,558762,0
FAV,D,20140424,000000,0.32,0.33,0.26,0.29,440337,0
FAV,D,20140425,000000,0.29,0.29,0.24,0.25,240324,0
FAV,D,20140428,000000,0.26,0.26,0.23,0.23,126925,0
FAV,D,20140429,000000,0.24,0.27,0.22,0.24,106666,0
FAV,D,20140430,000000,0.25,0.25,0.21,0.22,120822,0
FAV,D,20140502,000000,0.22,0.3,0.22,0.28,231374,0
FAV,D,20140505,000000,0.3,0.3,0.26,0.28,48285,0
FAV,D,20140506,000000,0.25,0.29,0.24,0.26,68506,0
FAV,D,20140507,000000,0.25,0.26,0.24,0.26,39295,0
FAV,D,20140508,000000,0.25,0.26,0.24,0.26,42775,0
FAV,D,20140509,000000,0.26,0.26,0.22,0.23,116217,0
FAV,D,20140512,000000,0.24,0.24,0.23,0.23,350,0
FAV,D,20140513,000000,0.23,0.23,0.21,0.23,43500,0
FAV,D,20140514,000000,0.23,0.23,0.23,0.23,2512,0
FAV,D,20140515,000000,0.23,0.24,0.23,0.24,10895,0
FAV,D,20140516,000000,0.21,0.23,0.2,0.21,44998,0
FAV,D,20140519,000000,0.24,0.24,0.2,0.2,17450,0
FAV,D,20140520,000000,0.21,0.21,0.19,0.2,72157,0
FAV,D,20140521,000000,0.2,0.2,0.19,0.2,2072,0
FAV,D,20140522,000000,0.2,0.2,0.2,0.2,1680,0
FAV,D,20140523,000000,0.2,0.2,0.18,0.18,18201,0
FAV,D,20140526,000000,0.2,0.2,0.17,0.18,3398,0
FAV,D,20140527,000000,0.18,0.18,0.18,0.18,151,0
FAV,D,20140528,000000,0.18,0.21,0.17,0.2,7920,0
FAV,D,20140529,000000,0.2,0.21,0.17,0.19,47395,0
FAV,D,20140530,000000,0.19,0.19,0.18,0.19,855,0
FAV,D,20140602,000000,0.18,0.18,0.16,0.17,16131,0
FAV,D,20140603,000000,0.18,0.18,0.17,0.17,10254,0
FAV,D,20140604,000000,0.18,0.18,0.16,0.18,24455,0
FAV,D,20140605,000000,0.18,0.18,0.17,0.17,1318,0
FAV,D,20140606,000000,0.18,0.18,0.15,0.18,31463,0
FAV,D,20140609,000000,0.18,0.19,0.18,0.19,51549,0
FAV,D,20140610,000000,0.19,0.21,0.19,0.2,70040,0
FAV,D,20140611,000000,0.2,0.2,0.19,0.2,5994,0
FAV,D,20140612,000000,0.2,0.23,0.2,0.2,67013,0
FAV,D,20140613,000000,0.2,0.23,0.19,0.23,92270,0
FAV,D,20140616,000000,0.22,0.22,0.19,0.19,17117,0
FAV,D,20140617,000000,0.19,0.2,0.18,0.18,23551,0
FAV,D,20140618,000000,0.18,0.21,0.18,0.21,91127,0
FAV,D,20140620,000000,0.22,0.26,0.22,0.22,214707,0
FAV,D,20140623,000000,0.24,0.25,0.21,0.21,10999,0
FAV,D,20140624,000000,0.21,0.25,0.2,0.22,47867,0
FAV,D,20140625,000000,0.23,0.25,0.22,0.25,50050,0
FAV,D,20140626,000000,0.25,0.27,0.23,0.26,21500,0
FAV,D,20140627,000000,0.27,0.27,0.22,0.23,12090,0
FAV,D,20140630,000000,0.23,0.23,0.21,0.23,11149,0
FAV,D,20140701,000000,0.22,0.23,0.21,0.21,9538,0
FAV,D,20140702,000000,0.21,0.25,0.21,0.25,88076,0
FAV,D,20140703,000000,0.24,0.25,0.21,0.22,92247,0
FAV,D,20140704,000000,0.22,0.23,0.18,0.2,271694,0
FAV,D,20140707,000000,0.21,0.21,0.18,0.2,110169,0
FAV,D,20140708,000000,0.19,0.2,0.19,0.2,16934,0
FAV,D,20140709,000000,0.2,0.21,0.2,0.21,4051,0
FAV,D,20140710,000000,0.2,0.2,0.2,0.2,5788,0
FAV,D,20140711,000000,0.21,0.22,0.21,0.21,58875,0
FAV,D,20140714,000000,0.23,0.23,0.2,0.2,26001,0
FAV,D,20140715,000000,0.2,0.2,0.19,0.2,18649,0
FAV,D,20140716,000000,0.19,0.21,0.19,0.21,21649,0
FAV,D,20140717,000000,0.19,0.2,0.19,0.19,35123,0
FAV,D,20140718,000000,0.19,0.19,0.18,0.19,9791,0
FAV,D,20140721,000000,0.19,0.2,0.19,0.19,5000,0
FAV,D,20140722,000000,0.19,0.19,0.18,0.19,52686,0
FAV,D,20140723,000000,0.19,0.19,0.18,0.19,14298,0
FAV,D,20140724,000000,0.19,0.19,0.18,0.19,3250,0
FAV,D,20140725,000000,0.19,0.19,0.19,0.19,4178,0
FAV,D,20140728,000000,0.18,0.2,0.18,0.2,25136,0
FAV,D,20140729,000000,0.2,0.2,0.19,0.19,17648,0
FAV,D,20140730,000000,0.19,0.19,0.19,0.19,100,0
FAV,D,20140731,000000,0.19,0.19,0.18,0.19,7084,0
FAV,D,20140801,000000,0.19,0.19,0.18,0.19,21918,0
FAV,D,20140804,000000,0.19,0.19,0.18,0.19,10551,0
FAV,D,20140805,000000,0.19,0.19,0.18,0.18,10116,0
FAV,D,20140806,000000,0.18,0.19,0.18,0.18,13200,0
FAV,D,20140807,000000,0.18,0.18,0.18,0.18,7797,0
FAV,D,20140808,000000,0.19,0.19,0.18,0.18,1949,0
FAV,D,20140811,000000,0.18,0.19,0.18,0.18,17201,0
FAV,D,20140812,000000,0.18,0.19,0.18,0.19,2049,0
FAV,D,20140813,000000,0.18,0.18,0.18,0.18,3756,0
FAV,D,20140814,000000,0.17,0.19,0.17,0.19,10051,0
FAV,D,20140818,000000,0.16,0.18,0.16,0.18,3500,0
FAV,D,20140819,000000,0.17,0.17,0.16,0.16,11350,0
FAV,D,20140820,000000,0.17,0.17,0.16,0.17,7750,0
FAV,D,20140821,000000,0.17,0.17,0.17,0.17,149,0
FAV,D,20140822,000000,0.17,0.17,0.17,0.17,5460,0
FAV,D,20140825,000000,0.17,0.18,0.17,0.18,45005,0
FAV,D,20140826,000000,0.18,0.18,0.17,0.17,13692,0
FAV,D,20140827,000000,0.18,0.18,0.16,0.16,1500,0
FAV,D,20140828,000000,0.16,0.16,0.16,0.16,7100,0
FAV,D,20140829,000000,0.17,0.17,0.17,0.17,402,0
FAV,D,20140901,000000,0.17,0.17,0.17,0.17,49,0
FAV,D,20140902,000000,0.17,0.17,0.16,0.17,6178,0
FAV,D,20140903,000000,0.17,0.17,0.15,0.16,22634,0
FAV,D,20140904,000000,0.16,0.16,0.16,0.16,6250,0
FAV,D,20140905,000000,0.17,0.17,0.16,0.16,17428,0
FAV,D,20140908,000000,0.17,0.17,0.16,0.16,800,0
FAV,D,20140909,000000,0.17,0.17,0.15,0.16,16427,0
FAV,D,20140910,000000,0.16,0.16,0.15,0.16,25239,0
FAV,D,20140911,000000,0.15,0.16,0.15,0.16,5951,0
FAV,D,20140912,000000,0.16,0.16,0.16,0.16,100,0
FAV,D,20140915,000000,0.15,0.15,0.15,0.15,949,0
FAV,D,20140916,000000,0.15,0.15,0.15,0.15,100,0
FAV,D,20140917,000000,0.15,0.15,0.15,0.15,119,0
FAV,D,20140918,000000,0.15,0.15,0.15,0.15,100,0
FAV,D,20140919,000000,0.15,0.15,0.13,0.14,6151,0
FAV,D,20140922,000000,0.15,0.15,0.15,0.15,149,0
FAV,D,20140923,000000,0.15,0.15,0.15,0.15,198,0
FAV,D,20140924,000000,0.15,0.15,0.15,0.15,188,0
FAV,D,20140925,000000,0.15,0.15,0.15,0.15,149,0
FAV,D,20140926,000000,0.15,0.15,0.15,0.15,100,0
FAV,D,20140929,000000,0.15,0.15,0.13,0.15,15248,0
FAV,D,20140930,000000,0.15,0.15,0.11,0.13,81982,0
FAV,D,20141001,000000,0.13,0.13,0.12,0.12,9081,0
FAV,D,20141002,000000,0.12,0.13,0.12,0.13,13449,0
FAV,D,20141003,000000,0.13,0.13,0.13,0.13,149,0
FAV,D,20141006,000000,0.13,0.13,0.12,0.12,3330,0
FAV,D,20141007,000000,0.12,0.12,0.11,0.12,40264,0
FAV,D,20141008,000000,0.12,0.12,0.12,0.12,149,0
FAV,D,20141009,000000,0.12,0.12,0.11,0.12,2024,0
FAV,D,20141010,000000,0.12,0.12,0.11,0.12,10587,0
FAV,D,20141013,000000,0.12,0.12,0.12,0.12,200,0
FAV,D,20141014,000000,0.12,0.12,0.12,0.12,11549,0
FAV,D,20141015,000000,0.12,0.12,0.12,0.12,149,0
FAV,D,20141016,000000,0.12,0.12,0.12,0.12,18968,0
FAV,D,20141017,000000,0.12,0.12,0.11,0.12,3298,0
FAV,D,20141020,000000,0.12,0.13,0.12,0.13,7080,0
FAV,D,20141021,000000,0.13,0.13,0.12,0.13,3349,0
FAV,D,20141022,000000,0.13,0.13,0.11,0.13,2408,0
FAV,D,20141023,000000,0.13,0.13,0.13,0.13,310,0
FAV,D,20141024,000000,0.13,0.13,0.11,0.11,18568,0
FAV,D,20141027,000000,0.13,0.15,0.13,0.15,74641,0
FAV,D,20141028,000000,0.16,0.19,0.15,0.17,179445,0
FAV,D,20141029,000000,0.18,0.18,0.15,0.16,21066,0
FAV,D,20141030,000000,0.16,0.16,0.15,0.15,8914,0
FAV,D,20141031,000000,0.16,0.18,0.15,0.18,218224,0
FAV,D,20141103,000000,0.18,0.18,0.17,0.18,12055,0
FAV,D,20141104,000000,0.18,0.18,0.16,0.17,46550,0
FAV,D,20141105,000000,0.17,0.17,0.15,0.17,20199,0
FAV,D,20141106,000000,0.17,0.18,0.17,0.18,10399,0
FAV,D,20141107,000000,0.18,0.18,0.18,0.18,149,0
FAV,D,20141110,000000,0.18,0.18,0.18,0.18,198,0
FAV,D,20141112,000000,0.18,0.21,0.18,0.2,358777,0
FAV,D,20141113,000000,0.2,0.22,0.18,0.2,180475,0
FAV,D,20141114,000000,0.18,0.2,0.18,0.2,26370,0
FAV,D,20141117,000000,0.18,0.18,0.16,0.17,55509,0
FAV,D,20141118,000000,0.17,0.17,0.15,0.15,33600,0
FAV,D,20141119,000000,0.14,0.16,0.14,0.15,4718,0
FAV,D,20141120,000000,0.15,0.16,0.15,0.16,53882,0
FAV,D,20141121,000000,0.16,0.16,0.16,0.16,1100,0
FAV,D,20141124,000000,0.15,0.15,0.14,0.14,7423,0
FAV,D,20141125,000000,0.14,0.15,0.14,0.14,7149,0
FAV,D,20141126,000000,0.14,0.16,0.14,0.16,1151,0
FAV,D,20141127,000000,0.17,0.17,0.17,0.17,100,0
FAV,D,20141128,000000,0.17,0.17,0.17,0.17,149,0
FAV,D,20141201,000000,0.17,0.17,0.17,0.17,100,0
FAV,D,20141202,000000,0.17,0.17,0.15,0.15,10850,0
FAV,D,20141203,000000,0.16,0.16,0.14,0.14,150,0
FAV,D,20141204,000000,0.14,0.15,0.14,0.15,14408,0
FAV,D,20141205,000000,0.16,0.16,0.13,0.14,2207,0
FAV,D,20141208,000000,0.16,0.16,0.16,0.16,849,0
FAV,D,20141209,000000,0.16,0.16,0.16,0.16,149,0
FAV,D,20141210,000000,0.16,0.16,0.16,0.16,149,0
FAV,D,20141211,000000,0.16,0.16,0.16,0.16,149,0
FAV,D,20141212,000000,0.16,0.16,0.14,0.16,1081,0
FAV,D,20141215,000000,0.16,0.16,0.16,0.16,149,0
FAV,D,20141216,000000,0.16,0.16,0.16,0.16,149,0
FAV,D,20141217,000000,0.16,0.16,0.16,0.16,100,0
FAV,D,20141218,000000,0.16,0.16,0.15,0.16,2798,0
FAV,D,20141219,000000,0.16,0.16,0.16,0.16,148,0
FAV,D,20141222,000000,0.16,0.16,0.16,0.16,9990,0
FAV,D,20141223,000000,0.17,0.17,0.17,0.17,100,0
FAV,D,20141229,000000,0.16,0.2,0.16,0.17,255219,0
FAV,D,20141230,000000,0.19,0.19,0.17,0.19,493,0
FAV,D,20150102,000000,0.19,0.19,0.19,0.19,2200,0
FAV,D,20150105,000000,0.2,0.2,0.19,0.2,25649,0
FAV,D,20150107,000000,0.2,0.2,0.2,0.2,50,0
FAV,D,20150108,000000,0.2,0.2,0.16,0.18,3241,0
FAV,D,20150109,000000,0.19,0.19,0.14,0.16,109742,0
FAV,D,20150112,000000,0.16,0.16,0.13,0.15,133559,0
FAV,D,20150113,000000,0.14,0.18,0.14,0.17,273296,0
FAV,D,20150114,000000,0.17,0.18,0.17,0.17,20393,0
FAV,D,20150115,000000,0.17,0.17,0.15,0.15,73522,0
FAV,D,20150116,000000,0.16,0.18,0.15,0.15,75986,0
FAV,D,20150119,000000,0.17,0.17,0.15,0.15,31279,0
FAV,D,20150120,000000,0.16,0.16,0.14,0.15,2487,0
FAV,D,20150121,000000,0.16,0.17,0.15,0.17,46320,0
FAV,D,20150122,000000,0.17,0.18,0.15,0.16,207528,0
FAV,D,20150123,000000,0.17,0.17,0.16,0.16,36464,0
FAV,D,20150126,000000,0.16,0.16,0.16,0.16,100,0
FAV,D,20150127,000000,0.16,0.16,0.15,0.16,34574,0
FAV,D,20150128,000000,0.16,0.16,0.14,0.15,58760,0
FAV,D,20150129,000000,0.15,0.16,0.15,0.16,52100,0
FAV,D,20150130,000000,0.16,0.16,0.14,0.15,29088,0
FAV,D,20150202,000000,0.15,0.15,0.15,0.15,2200,0
FAV,D,20150203,000000,0.16,0.16,0.15,0.16,3359,0
FAV,D,20150204,000000,0.16,0.16,0.15,0.15,5300,0
FAV,D,20150205,000000,0.14,0.15,0.14,0.15,2300,0
FAV,D,20150206,000000,0.15,0.15,0.15,0.15,1650,0
FAV,D,20150209,000000,0.16,0.16,0.15,0.16,16398,0
FAV,D,20150210,000000,0.16,0.16,0.16,0.16,200,0
FAV,D,20150211,000000,0.16,0.16,0.15,0.15,499,0
FAV,D,20150212,000000,0.16,0.16,0.14,0.15,85546,0
FAV,D,20150213,000000,0.15,0.15,0.14,0.15,7200,0
FAV,D,20150216,000000,0.15,0.15,0.14,0.15,3327,0
FAV,D,20150217,000000,0.15,0.15,0.15,0.15,449,0
FAV,D,20150318,000000,0.13,0.15,0.13,0.15,116211,0
FAV,D,20150319,000000,0.15,0.17,0.14,0.17,107823,0
FAV,D,20150320,000000,0.18,0.18,0.16,0.17,189082,0
FAV,D,20150323,000000,0.17,0.17,0.16,0.17,121198,0
FAV,D,20150324,000000,0.17,0.17,0.17,0.17,200,0
FAV,D,20150325,000000,0.17,0.17,0.16,0.16,61849,0
FAV,D,20150326,000000,0.16,0.16,0.16,0.16,7170,0
FAV,D,20150327,000000,0.17,0.18,0.16,0.17,77092,0
FAV,D,20150330,000000,0.18,0.18,0.18,0.18,10108,0
FAV,D,20150331,000000,0.18,0.18,0.18,0.18,100,0
FAV,D,20150401,000000,0.18,0.18,0.18,0.18,100,0
FAV,D,20150402,000000,0.18,0.18,0.18,0.18,149,0
FAV,D,20150407,000000,0.18,0.18,0.18,0.18,150,0
FAV,D,20150408,000000,0.17,0.17,0.17,0.17,26150,0
FAV,D,20150409,000000,0.17,0.17,0.17,0.17,30950,0
FAV,D,20150410,000000,0.18,0.18,0.18,0.18,100,0
FAV,D,20150413,000000,0.18,0.18,0.18,0.18,121,0
FAV,D,20150414,000000,0.18,0.18,0.18,0.18,100,0
FAV,D,20150415,000000,0.18,0.18,0.18,0.18,1845,0
FAV,D,20150416,000000,0.18,0.18,0.18,0.18,860,0
FAV,D,20150417,000000,0.18,0.18,0.17,0.17,1100,0
FAV,D,20150420,000000,0.17,0.17,0.14,0.14,106099,0
FAV,D,20150421,000000,0.14,0.15,0.12,0.14,566938,0
FAV,D,20150422,000000,0.14,0.15,0.11,0.11,596157,0
FAV,D,20150423,000000,0.12,0.13,0.11,0.13,105489,0
FAV,D,20150424,000000,0.11,0.12,0.11,0.12,19100,0
FAV,D,20150427,000000,0.13,0.14,0.12,0.14,428600,0
FAV,D,20150428,000000,0.13,0.14,0.12,0.13,203865,0
FAV,D,20150429,000000,0.13,0.13,0.12,0.12,79741,0
FAV,D,20150430,000000,0.12,0.13,0.12,0.12,23327,0
FAV,D,20150504,000000,0.13,0.13,0.13,0.13,84549,0
FAV,D,20150505,000000,0.13,0.13,0.12,0.13,32700,0
FAV,D,20150506,000000,0.13,0.13,0.12,0.13,72079,0
FAV,D,20150507,000000,0.13,0.13,0.12,0.12,2600,0
FAV,D,20150508,000000,0.12,0.13,0.12,0.12,71969,0
FAV,D,20150511,000000,0.12,0.13,0.12,0.13,201,0
FAV,D,20150512,000000,0.13,0.13,0.12,0.12,19413,0
FAV,D,20150513,000000,0.13,0.13,0.12,0.12,19940,0
FAV,D,20150514,000000,0.13,0.13,0.11,0.12,15149,0
FAV,D,20150515,000000,0.11,0.11,0.11,0.11,23500,0
FAV,D,20150518,000000,0.12,0.12,0.11,0.11,381,0
FAV,D,20150519,000000,0.11,0.12,0.11,0.11,12919,0
FAV,D,20150520,000000,0.11,0.11,0.11,0.11,700,0
FAV,D,20150521,000000,0.11,0.11,0.11,0.11,8981,0
FAV,D,20150522,000000,0.11,0.11,0.11,0.11,1094,0
FAV,D,20150525,000000,0.12,0.12,0.11,0.11,3206,0
FAV,D,20150526,000000,0.11,0.11,0.11,0.11,2150,0
FAV,D,20150527,000000,0.1,0.11,0.1,0.11,3267,0
FAV,D,20150528,000000,0.12,0.12,0.12,0.12,101551,0
FAV,D,20150529,000000,0.13,0.13,0.12,0.12,14639,0
FAV,D,20150601,000000,0.12,0.12,0.12,0.12,100,0
FAV,D,20150602,000000,0.12,0.13,0.12,0.12,24500,0
FAV,D,20150603,000000,0.13,0.13,0.13,0.13,100,0
FAV,D,20150605,000000,0.13,0.13,0.12,0.12,5101,0
FAV,D,20150608,000000,0.12,0.12,0.12,0.12,100,0
FAV,D,20150609,000000,0.13,0.13,0.11,0.12,14389,0
FAV,D,20150610,000000,0.12,0.12,0.12,0.12,511,0
FAV,D,20150611,000000,0.1,0.11,0.1,0.11,84762,0
FAV,D,20150612,000000,0.12,0.12,0.12,0.12,49,0
FAV,D,20150615,000000,0.12,0.12,0.12,0.12,35100,0
FAV,D,20150616,000000,0.12,0.13,0.1,0.13,53776,0
FAV,D,20150617,000000,0.13,0.13,0.13,0.13,100,0
FAV,D,20150618,000000,0.13,0.13,0.13,0.13,100,0
FAV,D,20150619,000000,0.13,0.13,0.13,0.13,14152,0
FAV,D,20150622,000000,0.13,0.14,0.13,0.13,22245,0
FAV,D,20150623,000000,0.14,0.14,0.13,0.14,5600,0
FAV,D,20150624,000000,0.14,0.14,0.13,0.13,4100,0
FAV,D,20150625,000000,0.13,0.13,0.13,0.13,5500,0
FAV,D,20150626,000000,0.13,0.13,0.13,0.13,4220,0
FAV,D,20150629,000000,0.11,0.13,0.11,0.12,63929,0
FAV,D,20150630,000000,0.12,0.12,0.12,0.12,100,0
FAV,D,20150701,000000,0.13,0.14,0.13,0.14,45659,0
FAV,D,20150702,000000,0.14,0.14,0.14,0.14,100,0
FAV,D,20150703,000000,0.14,0.14,0.14,0.14,200,0
FAV,D,20150706,000000,0.14,0.14,0.14,0.14,200,0
FAV,D,20150707,000000,0.14,0.14,0.14,0.14,41015,0
FAV,D,20150708,000000,0.14,0.15,0.14,0.15,1300,0
FAV,D,20150709,000000,0.15,0.15,0.15,0.15,100,0
FAV,D,20150710,000000,0.15,0.16,0.15,0.15,162164,0
FAV,D,20150713,000000,0.15,0.17,0.15,0.17,19751,0
FAV,D,20150714,000000,0.17,0.17,0.16,0.16,6631,0
FAV,D,20150715,000000,0.17,0.17,0.16,0.16,9118,0
FAV,D,20150716,000000,0.16,0.16,0.16,0.16,6382,0
FAV,D,20150717,000000,0.15,0.15,0.14,0.15,31650,0
FAV,D,20150720,000000,0.16,0.2,0.16,0.2,326809,0
FAV,D,20150721,000000,0.2,0.2,0.17,0.19,27275,0
FAV,D,20150722,000000,0.19,0.19,0.19,0.19,101,0
FAV,D,20150723,000000,0.19,0.21,0.19,0.2,59829,0
FAV,D,20150724,000000,0.2,0.21,0.2,0.2,20661,0
FAV,D,20150727,000000,0.21,0.21,0.21,0.21,149,0
FAV,D,20150728,000000,0.2,0.2,0.19,0.2,161,0
FAV,D,20150729,000000,0.2,0.2,0.2,0.2,43639,0
FAV,D,20150730,000000,0.21,0.21,0.2,0.2,41250,0
FAV,D,20150731,000000,0.21,0.21,0.19,0.19,28231,0
FAV,D,20150803,000000,0.19,0.19,0.16,0.19,35200,0
FAV,D,20150804,000000,0.2,0.2,0.19,0.19,2050,0
FAV,D,20150805,000000,0.17,0.2,0.17,0.19,178106,0
FAV,D,20150810,000000,0.2,0.22,0.2,0.22,33568,0
FAV,D,20150811,000000,0.22,0.22,0.2,0.2,10600,0
FAV,D,20150812,000000,0.2,0.2,0.17,0.19,18920,0
FAV,D,20150813,000000,0.19,0.19,0.19,0.19,50,0
FAV,D,20150814,000000,0.19,0.19,0.18,0.18,1000,0
FAV,D,20150817,000000,0.19,0.19,0.19,0.19,600,0
FAV,D,20150818,000000,0.19,0.22,0.19,0.22,32154,0
FAV,D,20150819,000000,0.22,0.22,0.22,0.22,100,0
FAV,D,20150820,000000,0.22,0.22,0.21,0.22,2100,0
FAV,D,20150821,000000,0.22,0.22,0.22,0.22,50,0
FAV,D,20150824,000000,0.22,0.22,0.22,0.22,100,0
FAV,D,20150825,000000,0.22,0.22,0.22,0.22,100,0
FAV,D,20150826,000000,0.21,0.21,0.18,0.18,3400,0
FAV,D,20150827,000000,0.2,0.2,0.2,0.2,150,0
FAV,D,20150828,000000,0.2,0.2,0.19,0.19,2700,0
FAV,D,20150831,000000,0.19,0.19,0.19,0.19,100,0
FAV,D,20150901,000000,0.2,0.2,0.2,0.2,60,0
FAV,D,20150902,000000,0.18,0.2,0.17,0.2,2269,0
FAV,D,20150903,000000,0.2,0.2,0.2,0.2,5050,0
FAV,D,20150904,000000,0.2,0.2,0.2,0.2,50,0
FAV,D,20150907,000000,0.2,0.2,0.18,0.18,400,0
FAV,D,20150908,000000,0.19,0.19,0.19,0.19,100,0
FAV,D,20150909,000000,0.19,0.2,0.19,0.19,20800,0
FAV,D,20150910,000000,0.19,0.19,0.19,0.19,25071,0
FAV,D,20150911,000000,0.2,0.2,0.19,0.19,200,0
FAV,D,20150914,000000,0.19,0.19,0.19,0.19,100,0
FAV,D,20150915,000000,0.19,0.19,0.18,0.18,300,0
FAV,D,20150916,000000,0.18,0.18,0.18,0.18,59800,0
FAV,D,20150917,000000,0.18,0.18,0.18,0.18,12550,0
FAV,D,20150918,000000,0.18,0.18,0.18,0.18,100,0
FAV,D,20150921,000000,0.19,0.19,0.19,0.19,700,0
FAV,D,20150922,000000,0.19,0.2,0.19,0.19,61500,0
FAV,D,20150923,000000,0.2,0.2,0.2,0.2,50,0
FAV,D,20150924,000000,0.2,0.2,0.2,0.2,10050,0
FAV,D,20150925,000000,0.19,0.19,0.19,0.19,1100,0
FAV,D,20150928,000000,0.19,0.19,0.19,0.19,60,0
FAV,D,20150929,000000,0.19,0.19,0.19,0.19,60,0
FAV,D,20150930,000000,0.19,0.19,0.19,0.19,80,0
FAV,D,20151001,000000,0.19,0.19,0.19,0.19,100,0
FAV,D,20151002,000000,0.19,0.19,0.19,0.19,100,0
FAV,D,20151005,000000,0.19,0.19,0.19,0.19,100,0
FAV,D,20151006,000000,0.18,0.18,0.17,0.17,20806,0
FAV,D,20151007,000000,0.18,0.18,0.18,0.18,100,0
FAV,D,20151008,000000,0.18,0.18,0.17,0.17,9170,0
FAV,D,20151009,000000,0.18,0.18,0.17,0.17,30200,0
FAV,D,20151012,000000,0.18,0.18,0.18,0.18,46800,0
FAV,D,20151013,000000,0.19,0.19,0.19,0.19,2209,0
FAV,D,20151014,000000,0.19,0.19,0.19,0.19,70,0
FAV,D,20151015,000000,0.19,0.19,0.19,0.19,100,0
FAV,D,20151016,000000,0.19,0.19,0.19,0.19,100,0
FAV,D,20151019,000000,0.18,0.18,0.18,0.18,250,0
FAV,D,20151020,000000,0.18,0.19,0.18,0.19,900,0
FAV,D,20151021,000000,0.19,0.19,0.19,0.19,6200,0
FAV,D,20151022,000000,0.19,0.19,0.19,0.19,100,0
FAV,D,20151023,000000,0.19,0.19,0.18,0.18,250,0
FAV,D,20151026,000000,0.18,0.18,0.18,0.18,200,0
FAV,D,20151027,000000,0.19,0.19,0.19,0.19,100,0
FAV,D,20151028,000000,0.19,0.19,0.19,0.19,100,0
FAV,D,20151029,000000,0.18,0.18,0.17,0.17,113,0
FAV,D,20151030,000000,0.18,0.18,0.18,0.18,100,0
FAV,D,20151102,000000,0.18,0.18,0.18,0.18,100,0
FAV,D,20151103,000000,0.18,0.18,0.18,0.18,100,0
FAV,D,20151104,000000,0.18,0.18,0.18,0.18,100,0
FAV,D,20151105,000000,0.18,0.18,0.16,0.16,17200,0
FAV,D,20151106,000000,0.16,0.16,0.16,0.16,15034,0
FAV,D,20151109,000000,0.16,0.16,0.16,0.16,66895,0
FAV,D,20151110,000000,0.16,0.16,0.15,0.15,3200,0
FAV,D,20151112,000000,0.14,0.14,0.13,0.14,96848,0
FAV,D,20151113,000000,0.14,0.14,0.11,0.11,54066,0
FAV,D,20151116,000000,0.11,0.11,0.11,0.11,44841,0
FAV,D,20151117,000000,0.11,0.11,0.11,0.11,110114,0
FAV,D,20151118,000000,0.11,0.11,0.11,0.11,101345,0
FAV,D,20151119,000000,0.11,0.14,0.11,0.14,114420,0
FAV,D,20151120,000000,0.14,0.14,0.14,0.14,2030,0
FAV,D,20151123,000000,0.14,0.15,0.14,0.15,9168,0
FAV,D,20151124,000000,0.15,0.15,0.13,0.15,10110,0
FAV,D,20151125,000000,0.15,0.15,0.15,0.15,100,0
FAV,D,20151126,000000,0.15,0.15,0.15,0.15,107965,0
FAV,D,20151127,000000,0.15,0.15,0.15,0.15,100,0
FAV,D,20151130,000000,0.15,0.15,0.13,0.15,407,0
FAV,D,20151201,000000,0.15,0.15,0.15,0.15,100,0
FAV,D,20151202,000000,0.15,0.15,0.12,0.15,19657,0
FAV,D,20151203,000000,0.15,0.15,0.12,0.14,17110,0
FAV,D,20151204,000000,0.14,0.15,0.14,0.15,16110,0
FAV,D,20151207,000000,0.15,0.15,0.15,0.15,43287,0
FAV,D,20151208,000000,0.16,0.16,0.16,0.16,85819,0
FAV,D,20151209,000000,0.16,0.16,0.13,0.15,47416,0
FAV,D,20151210,000000,0.15,0.16,0.15,0.16,2000,0
FAV,D,20151211,000000,0.16,0.16,0.16,0.16,100,0
FAV,D,20151214,000000,0.16,0.16,0.16,0.16,45094,0
FAV,D,20151215,000000,0.16,0.16,0.16,0.16,220,0
FAV,D,20151216,000000,0.15,0.17,0.15,0.16,10281,0
FAV,D,20151217,000000,0.16,0.16,0.16,0.16,100,0
FAV,D,20151218,000000,0.15,0.16,0.15,0.16,80315,0
FAV,D,20151221,000000,0.17,0.17,0.16,0.16,10100,0
FAV,D,20151222,000000,0.17,0.17,0.16,0.16,4100,0
FAV,D,20151223,000000,0.16,0.16,0.14,0.14,24600,0
FAV,D,20151228,000000,0.16,0.17,0.14,0.15,11427,0
FAV,D,20151229,000000,0.17,0.17,0.16,0.17,8613,0
FAV,D,20151230,000000,0.17,0.17,0.17,0.17,100,0
FAV,D,20160104,000000,0.17,0.17,0.16,0.16,1600,0
FAV,D,20160105,000000,0.17,0.17,0.17,0.17,100,0
FAV,D,20160107,000000,0.16,0.16,0.16,0.16,100,0
FAV,D,20160108,000000,0.16,0.16,0.15,0.15,73650,0
FAV,D,20160111,000000,0.17,0.17,0.17,0.17,100,0
FAV,D,20160112,000000,0.17,0.17,0.17,0.17,100,0
FAV,D,20160113,000000,0.17,0.17,0.17,0.17,100,0
FAV,D,20160114,000000,0.17,0.17,0.17,0.17,100,0
FAV,D,20160115,000000,0.16,0.16,0.16,0.16,20099,0
FAV,D,20160118,000000,0.16,0.16,0.16,0.16,50,0
FAV,D,20160119,000000,0.17,0.17,0.14,0.14,7500,0
FAV,D,20160120,000000,0.16,0.16,0.16,0.16,100,0
FAV,D,20160121,000000,0.16,0.17,0.16,0.16,25100,0
FAV,D,20160122,000000,0.16,0.16,0.16,0.16,150,0
FAV,D,20160125,000000,0.16,0.16,0.16,0.16,100,0
FAV,D,20160126,000000,0.16,0.16,0.16,0.16,10100,0
FAV,D,20160127,000000,0.16,0.17,0.15,0.17,807,0
FAV,D,20160128,000000,0.17,0.17,0.17,0.17,23342,0
FAV,D,20160129,000000,0.17,0.18,0.17,0.18,49839,0
FAV,D,20160201,000000,0.19,0.19,0.19,0.19,100,0
FAV,D,20160202,000000,0.19,0.19,0.19,0.19,100,0
FAV,D,20160203,000000,0.19,0.2,0.18,0.18,72750,0
FAV,D,20160204,000000,0.18,0.2,0.18,0.2,1410,0
FAV,D,20160205,000000,0.2,0.2,0.2,0.2,50,0
FAV,D,20160208,000000,0.2,0.2,0.19,0.19,990,0
FAV,D,20160209,000000,0.19,0.19,0.18,0.18,19600,0
FAV,D,20160210,000000,0.19,0.19,0.19,0.19,100,0
FAV,D,20160211,000000,0.19,0.19,0.19,0.19,100,0
FAV,D,20160212,000000,0.19,0.19,0.19,0.19,100,0
FAV,D,20160215,000000,0.19,0.19,0.16,0.16,4198,0
FAV,D,20160216,000000,0.15,0.19,0.15,0.15,1832,0
FAV,D,20160217,000000,0.15,0.18,0.15,0.18,491,0
FAV,D,20160218,000000,0.19,0.19,0.19,0.19,100,0
FAV,D,20160219,000000,0.19,0.19,0.19,0.19,2951,0
FAV,D,20160222,000000,0.19,0.19,0.16,0.16,6100,0
FAV,D,20160223,000000,0.16,0.16,0.16,0.16,100,0
FAV,D,20160224,000000,0.19,0.19,0.19,0.19,70,0
FAV,D,20160225,000000,0.18,0.18,0.18,0.18,130,0
FAV,D,20160226,000000,0.18,0.18,0.18,0.18,80,0
FAV,D,20160229,000000,0.18,0.18,0.18,0.18,60,0
FAV,D,20160301,000000,0.18,0.18,0.18,0.18,80,0
FAV,D,20160302,000000,0.18,0.18,0.18,0.18,903,0
FAV,D,20160303,000000,0.19,0.19,0.19,0.19,100,0
FAV,D,20160304,000000,0.18,0.18,0.18,0.18,100,0
FAV,D,20160307,000000,0.19,0.21,0.16,0.16,313897,0
FAV,D,20160308,000000,0.16,0.17,0.13,0.16,202355,0
FAV,D,20160309,000000,0.17,0.17,0.17,0.17,100,0
FAV,D,20160310,000000,0.17,0.18,0.17,0.18,20608,0
FAV,D,20160311,000000,0.18,0.18,0.17,0.18,8100,0
FAV,D,20160314,000000,0.18,0.18,0.15,0.16,79250,0
FAV,D,20160315,000000,0.17,0.17,0.17,0.17,5100,0
FAV,D,20160316,000000,0.17,0.17,0.17,0.17,5150,0
FAV,D,20160317,000000,0.17,0.17,0.17,0.17,20242,0
FAV,D,20160318,000000,0.18,0.18,0.15,0.17,10422,0
FAV,D,20160321,000000,0.17,0.17,0.17,0.17,5100,0
FAV,D,20160322,000000,0.17,0.17,0.17,0.17,1901,0
FAV,D,20160323,000000,0.17,0.17,0.17,0.17,22100,0
FAV,D,20160324,000000,0.17,0.17,0.17,0.17,11100,0
FAV,D,20160329,000000,0.17,0.17,0.17,0.17,100,0
FAV,D,20160330,000000,0.17,0.17,0.17,0.17,9149,0
FAV,D,20160331,000000,0.18,0.18,0.17,0.17,1293,0
FAV,D,20160401,000000,0.18,0.18,0.17,0.17,15200,0
FAV,D,20160404,000000,0.18,0.18,0.18,0.18,80,0
FAV,D,20160405,000000,0.18,0.18,0.18,0.18,3080,0
FAV,D,20160406,000000,0.18,0.18,0.18,0.18,5591,0
FAV,D,20160407,000000,0.18,0.19,0.18,0.19,37154,0
FAV,D,20160408,000000,0.19,0.19,0.18,0.18,153484,0
FAV,D,20160411,000000,0.19,0.19,0.18,0.18,24835,0
FAV,D,20160412,000000,0.18,0.19,0.18,0.18,7033,0
FAV,D,20160413,000000,0.19,0.19,0.18,0.18,89887,0
FAV,D,20160414,000000,0.19,0.19,0.19,0.19,3543,0
FAV,D,20160415,000000,0.19,0.19,0.18,0.18,10700,0
FAV,D,20160418,000000,0.19,0.19,0.18,0.18,219076,0
FAV,D,20160419,000000,0.18,0.19,0.17,0.18,111615,0
FAV,D,20160420,000000,0.19,0.19,0.19,0.19,16145,0
FAV,D,20160421,000000,0.18,0.18,0.18,0.18,8740,0
FAV,D,20160422,000000,0.19,0.19,0.17,0.19,9100,0
FAV,D,20160425,000000,0.17,0.19,0.17,0.19,5500,0
FAV,D,20160426,000000,0.19,0.19,0.19,0.19,100,0
FAV,D,20160427,000000,0.19,0.19,0.18,0.18,13749,0
FAV,D,20160428,000000,0.18,0.18,0.17,0.17,400,0
FAV,D,20160429,000000,0.18,0.19,0.18,0.19,8899,0
FAV,D,20160502,000000,0.19,0.19,0.18,0.18,5056,0
FAV,D,20160504,000000,0.19,0.19,0.19,0.19,100,0
FAV,D,20160505,000000,0.19,0.19,0.18,0.18,24610,0
FAV,D,20160506,000000,0.19,0.19,0.19,0.19,1100,0
FAV,D,20160509,000000,0.19,0.19,0.19,0.19,2050,0
FAV,D,20160510,000000,0.19,0.19,0.19,0.19,100,0
FAV,D,20160511,000000,0.19,0.19,0.19,0.19,100,0
FAV,D,20160512,000000,0.19,0.19,0.18,0.18,50493,0
FAV,D,20160513,000000,0.19,0.19,0.18,0.18,22100,0
FAV,D,20160516,000000,0.19,0.19,0.19,0.19,80,0
FAV,D,20160517,000000,0.19,0.19,0.18,0.19,141133,0
FAV,D,20160518,000000,0.19,0.21,0.19,0.19,143920,0
FAV,D,20160519,000000,0.19,0.19,0.19,0.19,100,0
FAV,D,20160520,000000,0.2,0.21,0.19,0.21,44950,0
FAV,D,20160523,000000,0.2,0.2,0.2,0.2,60,0
FAV,D,20160524,000000,0.2,0.2,0.19,0.19,11874,0
FAV,D,20160525,000000,0.19,0.19,0.19,0.19,100,0
FAV,D,20160527,000000,0.2,0.2,0.2,0.2,50,0
FAV,D,20160530,000000,0.2,0.24,0.2,0.24,215409,0
FAV,D,20160531,000000,0.23,0.25,0.21,0.24,226977,0
FAV,D,20160601,000000,0.25,0.26,0.22,0.25,145492,0
FAV,D,20160602,000000,0.26,0.27,0.23,0.26,226228,0
FAV,D,20160603,000000,0.26,0.37,0.26,0.35,251228,0
FAV,D,20160606,000000,0.35,0.4,0.35,0.35,86547,0
FAV,D,20160607,000000,0.33,0.34,0.29,0.31,206696,0
FAV,D,20160608,000000,0.31,0.33,0.28,0.28,160772,0
FAV,D,20160609,000000,0.3,0.33,0.3,0.33,34138,0
FAV,D,20160610,000000,0.33,0.34,0.3,0.33,28780,0
FAV,D,20160613,000000,0.31,0.32,0.31,0.32,15260,0
FAV,D,20160614,000000,0.32,0.32,0.28,0.28,7150,0
FAV,D,20160615,000000,0.28,0.28,0.27,0.28,41487,0
FAV,D,20160616,000000,0.28,0.3,0.27,0.27,87616,0
FAV,D,20160617,000000,0.3,0.3,0.28,0.28,400,0
FAV,D,20160620,000000,0.27,0.28,0.26,0.26,32450,0
FAV,D,20160621,000000,0.26,0.26,0.26,0.26,50,0
FAV,D,20160622,000000,0.26,0.27,0.26,0.27,5350,0
FAV,D,20160623,000000,0.28,0.28,0.24,0.28,11150,0
FAV,D,20160624,000000,0.27,0.27,0.27,0.27,50,0
FAV,D,20160627,000000,0.28,0.28,0.28,0.28,50,0
FAV,D,20160628,000000,0.28,0.28,0.24,0.26,28100,0
FAV,D,20160629,000000,0.27,0.27,0.26,0.26,5000,0
FAV,D,20160630,000000,0.27,0.27,0.24,0.27,19300,0
FAV,D,20160701,000000,0.26,0.26,0.23,0.26,115496,0
FAV,D,20160704,000000,0.26,0.27,0.22,0.27,45304,0
FAV,D,20160705,000000,0.26,0.26,0.22,0.22,67917,0
FAV,D,20160706,000000,0.22,0.26,0.22,0.26,56299,0
FAV,D,20160707,000000,0.25,0.25,0.25,0.25,2000,0
FAV,D,20160708,000000,0.26,0.26,0.26,0.26,6233,0
FAV,D,20160711,000000,0.26,0.26,0.26,0.26,150,0
FAV,D,20160712,000000,0.26,0.26,0.26,0.26,10000,0
FAV,D,20160713,000000,0.26,0.26,0.26,0.26,8083,0
FAV,D,20160714,000000,0.26,0.26,0.26,0.26,4,0
FAV,D,20160715,000000,0.27,0.27,0.27,0.27,100,0
FAV,D,20160718,000000,0.27,0.27,0.27,0.27,100,0
FAV,D,20160719,000000,0.27,0.27,0.27,0.27,100,0
FAV,D,20160720,000000,0.27,0.27,0.27,0.27,100,0
FAV,D,20160721,000000,0.27,0.27,0.27,0.27,267,0
FAV,D,20160722,000000,0.26,0.29,0.26,0.29,14758,0
FAV,D,20160725,000000,0.3,0.3,0.3,0.3,105,0
FAV,D,20160726,000000,0.3,0.3,0.28,0.3,8470,0
FAV,D,20160727,000000,0.3,0.3,0.3,0.3,100,0
FAV,D,20160728,000000,0.3,0.3,0.3,0.3,400,0
FAV,D,20160729,000000,0.3,0.3,0.26,0.26,2600,0
FAV,D,20160801,000000,0.3,0.3,0.26,0.26,300,0
FAV,D,20160802,000000,0.26,0.26,0.26,0.26,100,0
FAV,D,20160803,000000,0.27,0.27,0.26,0.26,3654,0
FAV,D,20160804,000000,0.27,0.29,0.27,0.29,1500,0
FAV,D,20160805,000000,0.28,0.37,0.28,0.35,63239,0
FAV,D,20160808,000000,0.33,0.33,0.32,0.32,16300,0
FAV,D,20160809,000000,0.34,0.39,0.34,0.39,41007,0
FAV,D,20160810,000000,0.39,0.39,0.34,0.34,2404,0
FAV,D,20160811,000000,0.39,0.41,0.38,0.41,32542,0
FAV,D,20160812,000000,0.41,0.41,0.35,0.39,23900,0
FAV,D,20160816,000000,0.39,0.39,0.36,0.39,19720,0
FAV,D,20160817,000000,0.39,0.55,0.39,0.47,108532,0
FAV,D,20160818,000000,0.47,0.55,0.47,0.49,31941,0
FAV,D,20160819,000000,0.5,0.52,0.48,0.48,44943,0
FAV,D,20160822,000000,0.48,0.48,0.4,0.48,85650,0
FAV,D,20160823,000000,0.47,0.5,0.47,0.5,12160,0
FAV,D,20160824,000000,0.5,0.51,0.49,0.49,5920,0
FAV,D,20160825,000000,0.5,0.5,0.44,0.5,25412,0
FAV,D,20160826,000000,0.49,0.5,0.49,0.5,8600,0
FAV,D,20160829,000000,0.5,0.51,0.46,0.48,31010,0
FAV,D,20160830,000000,0.48,0.48,0.48,0.48,50,0
FAV,D,20160831,000000,0.46,0.48,0.46,0.48,3650,0
FAV,D,20160901,000000,0.48,0.48,0.46,0.48,5165,0
FAV,D,20160902,000000,0.48,0.48,0.42,0.48,36040,0
FAV,D,20160905,000000,0.48,0.48,0.43,0.48,4450,0
FAV,D,20160906,000000,0.48,0.48,0.43,0.47,17241,0
FAV,D,20160907,000000,0.47,0.47,0.4,0.45,69822,0
FAV,D,20160908,000000,0.45,0.45,0.45,0.45,1060,0
FAV,D,20160909,000000,0.45,0.45,0.42,0.44,35660,0
FAV,D,20160912,000000,0.45,0.45,0.41,0.43,28175,0
FAV,D,20160913,000000,0.42,0.43,0.34,0.43,67675,0
FAV,D,20160914,000000,0.43,0.43,0.4,0.42,54700,0
FAV,D,20160915,000000,0.4,0.42,0.4,0.42,40309,0
FAV,D,20160916,000000,0.42,0.42,0.4,0.42,3250,0
FAV,D,20160919,000000,0.42,0.42,0.4,0.42,3620,0
FAV,D,20160920,000000,0.42,0.45,0.41,0.45,13005,0
FAV,D,20160921,000000,0.44,0.44,0.4,0.44,31001,0
FAV,D,20160922,000000,0.44,0.59,0.44,0.58,329047,0
FAV,D,20160923,000000,0.59,0.59,0.53,0.56,31757,0
FAV,D,20160926,000000,0.53,0.54,0.5,0.54,19818,0
FAV,D,20160927,000000,0.54,0.59,0.54,0.59,19523,0
FAV,D,20160928,000000,0.56,0.56,0.54,0.56,3400,0
FAV,D,20160929,000000,0.56,0.6,0.55,0.6,49450,0
FAV,D,20160930,000000,0.6,0.62,0.53,0.55,80315,0
FAV,D,20161003,000000,0.57,0.62,0.57,0.62,24000,0
FAV,D,20161004,000000,0.59,0.61,0.59,0.61,86157,0
FAV,D,20161005,000000,0.64,0.64,0.64,0.64,20041,0
FAV,D,20161006,000000,0.65,0.65,0.65,0.65,23250,0
FAV,D,20161007,000000,0.68,0.68,0.68,0.68,84619,0
FAV,D,20161010,000000,0.72,0.72,0.72,0.72,51541,0
FAV,D,20161011,000000,0.72,0.72,0.72,0.72,14112,0
FAV,D,20161012,000000,0.71,0.71,0.69,0.69,21050,0
FAV,D,20161013,000000,0.67,0.67,0.66,0.66,23993,0
FAV,D,20161014,000000,0.68,0.68,0.68,0.68,193861,0
FAV,D,20161017,000000,0.68,0.7,0.68,0.7,25600,0
FAV,D,20161018,000000,0.72,0.72,0.71,0.71,2520,0
FAV,D,20161019,000000,0.72,0.72,0.72,0.72,4680,0
FAV,D,20161020,000000,0.84,0.84,0.83,0.83,97556,0
FAV,D,20161021,000000,0.82,0.82,0.82,0.82,33116,0
FAV,D,20161024,000000,0.78,0.78,0.78,0.78,59956,0
FAV,D,20161025,000000,0.8,0.8,0.8,0.8,77461,0
FAV,D,20161026,000000,0.8,0.81,0.8,0.81,4950,0
FAV,D,20161027,000000,0.82,0.82,0.82,0.82,2810,0
FAV,D,20161028,000000,0.82,0.82,0.82,0.82,2500,0
FAV,D,20161031,000000,0.81,0.81,0.81,0.81,1930,0
FAV,D,20161102,000000,0.78,0.78,0.78,0.78,580,0
FAV,D,20161103,000000,0.75,0.75,0.75,0.75,4180,0
FAV,D,20161104,000000,0.7,0.7,0.66,0.66,12896,0
FAV,D,20161107,000000,0.67,0.67,0.67,0.67,1810,0
FAV,D,20161108,000000,0.68,0.68,0.68,0.68,1530,0
FAV,D,20161109,000000,0.68,0.68,0.68,0.68,4000,0
FAV,D,20161110,000000,0.75,0.75,0.75,0.75,1158,0
FAV,D,20161114,000000,0.75,0.75,0.66,0.66,4700,0
FAV,D,20161115,000000,0.67,0.67,0.67,0.67,1000,0
FAV,D,20161116,000000,0.67,0.67,0.67,0.67,6800,0
FAV,D,20161117,000000,0.7,0.7,0.7,0.7,100,0
FAV,D,20161118,000000,0.69,0.69,0.69,0.69,1830,0
FAV,D,20161122,000000,0.7,0.7,0.7,0.7,1000,0
FAV,D,20161123,000000,0.7,0.7,0.7,0.7,8175,0
FAV,D,20161124,000000,0.71,0.71,0.71,0.71,30332,0
FAV,D,20161125,000000,0.75,0.75,0.75,0.75,24585,0
FAV,D,20161128,000000,0.75,0.8,0.75,0.8,20992,0
FAV,D,20161129,000000,0.8,0.8,0.8,0.8,3600,0
FAV,D,20161130,000000,0.8,0.8,0.8,0.8,30,0
FAV,D,20161201,000000,0.79,0.79,0.79,0.79,91347,0
FAV,D,20161202,000000,0.8,0.82,0.8,0.82,64804,0
FAV,D,20161205,000000,0.81,0.81,0.8,0.8,1388,0
FAV,D,20161207,000000,0.8,0.8,0.8,0.8,16130,0
FAV,D,20161208,000000,0.78,0.8,0.78,0.8,2050,0
FAV,D,20161209,000000,0.78,0.8,0.78,0.8,56669,0
FAV,D,20161212,000000,0.8,0.83,0.8,0.83,7500,0
FAV,D,20161213,000000,0.83,0.83,0.83,0.83,6500,0
FAV,D,20161214,000000,0.82,0.82,0.82,0.82,1250,0
FAV,D,20161215,000000,0.8,0.82,0.8,0.82,4309,0
FAV,D,20161216,000000,0.8,0.81,0.8,0.81,39707,0
FAV,D,20161219,000000,0.81,0.81,0.81,0.81,5760,0
FAV,D,20161220,000000,0.81,0.81,0.81,0.81,22950,0
FAV,D,20161221,000000,0.82,0.82,0.82,0.82,8400,0
FAV,D,20161222,000000,0.82,0.82,0.82,0.82,11136,0
FAV,D,20161223,000000,0.81,0.83,0.81,0.83,32507,0
FAV,D,20161227,000000,0.84,0.84,0.82,0.82,7500,0
FAV,D,20161228,000000,0.82,0.84,0.82,0.84,105,0
FAV,D,20161229,000000,0.84,0.84,0.84,0.84,20,0
FAV,D,20161230,000000,0.84,0.84,0.84,0.84,6129,0
FAV,D,20170102,000000,0.91,1.05,0.85,1.01,2933,0
FAV,D,20170103,000000,1.01,1.04,0.91,1.02,13760,0
FAV,D,20170104,000000,1.02,1.02,0.84,0.89,15915,0
FAV,D,20170105,000000,0.9,0.9,0.89,0.89,9002,0
FAV,D,20170109,000000,0.89,0.89,0.84,0.88,4245,0
FAV,D,20170110,000000,0.92,1.1,0.87,0.95,111196,0
FAV,D,20170111,000000,0.94,0.99,0.87,0.87,40466,0
FAV,D,20170112,000000,0.87,0.96,0.85,0.93,408007,0
FAV,D,20170113,000000,0.93,1.01,0.93,0.93,82195,0
FAV,D,20170116,000000,1,1.02,0.9,1.02,30402,0
FAV,D,20170117,000000,1.03,1.08,1,1.08,26170,0
FAV,D,20170118,000000,1.08,1.16,1.04,1.16,35953,0
FAV,D,20170119,000000,1.35,1.48,1.25,1.39,89539,0
FAV,D,20170120,000000,1.45,1.45,1.36,1.4,23774,0
FAV,D,20170123,000000,1.4,1.4,1.16,1.36,22091,0
FAV,D,20170124,000000,1.38,1.38,1.19,1.34,12201,0
FAV,D,20170125,000000,1.33,1.34,1.33,1.34,1010,0
FAV,D,20170126,000000,1.34,1.34,1.34,1.34,3410,0
FAV,D,20170127,000000,1.34,1.34,1.22,1.32,2315,0
FAV,D,20170130,000000,1.34,1.34,1.15,1.15,4970,0
FAV,D,20170131,000000,1.05,1.24,1.02,1.15,29754,0
FAV,D,20170201,000000,1.05,1.26,1.05,1.19,7179,0
FAV,D,20170202,000000,1.1,1.15,1,1.04,77295,0
FAV,D,20170203,000000,1.02,1.13,0.92,1,69557,0
FAV,D,20170206,000000,1.1,1.19,0.95,1.1,75565,0
FAV,D,20170207,000000,1.15,1.18,1.04,1.18,2541,0
FAV,D,20170208,000000,1.06,1.18,0.9,1.17,82951,0
FAV,D,20170209,000000,1.17,1.17,1.03,1.15,10435,0
FAV,D,20170210,000000,1.1,1.17,1.05,1.14,30810,0
FAV,D,20170213,000000,1.1,1.13,0.87,0.94,165627,0
FAV,D,20170214,000000,0.97,1.02,0.97,1,22826,0
FAV,D,20170215,000000,1,1,0.88,1,14085,0
FAV,D,20170216,000000,1,1,0.96,0.99,11810,0
FAV,D,20170217,000000,0.97,0.98,0.95,0.97,10833,0
FAV,D,20170220,000000,0.95,0.97,0.95,0.96,10400,0
FAV,D,20170221,000000,0.96,0.97,0.92,0.97,2750,0
FAV,D,20170222,000000,0.99,1,0.91,1,14790,0
FAV,D,20170223,000000,0.99,0.99,0.93,0.99,9327,0
FAV,D,20170224,000000,0.99,1,0.92,0.98,7048,0
FAV,D,20170227,000000,1,1,0.9,0.99,39797,0
FAV,D,20170228,000000,0.99,1,0.93,0.99,21357,0
FAV,D,20170301,000000,1.01,1.05,0.9,1,61732,0
FAV,D,20170302,000000,1.01,1.01,0.95,1,6052,0
FAV,D,20170303,000000,0.99,1.03,0.9,1.02,31450,0
FAV,D,20170306,000000,1.02,1.02,0.91,0.91,29785,0
FAV,D,20170307,000000,0.92,1,0.9,1,85488,0
FAV,D,20170308,000000,0.97,1,0.78,0.89,81249,0
FAV,D,20170309,000000,0.89,0.92,0.89,0.92,2920,0
FAV,D,20170310,000000,0.9,0.97,0.9,0.96,16221,0
FAV,D,20170313,000000,0.96,0.98,0.96,0.98,5580,0
FAV,D,20170314,000000,0.98,0.99,0.97,0.98,18860,0
FAV,D,20170315,000000,0.97,0.97,0.97,0.97,50,0
FAV,D,20170316,000000,0.99,0.99,0.99,0.99,20,0
FAV,D,20170317,000000,0.96,0.97,0.96,0.97,3150,0
FAV,D,20170320,000000,0.97,0.97,0.83,0.97,11114,0
FAV,D,20170321,000000,0.98,0.98,0.98,0.98,20,0
FAV,D,20170322,000000,0.97,0.98,0.95,0.98,1350,0
FAV,D,20170323,000000,0.97,0.98,0.97,0.98,430,0
FAV,D,20170324,000000,0.97,0.98,0.96,0.97,10220,0
FAV,D,20170327,000000,0.97,0.98,0.97,0.97,44160,0
FAV,D,20170328,000000,0.97,0.98,0.96,0.97,52797,0
FAV,D,20170329,000000,0.98,0.99,0.97,0.99,1349,0
FAV,D,20170330,000000,0.99,0.99,0.97,0.99,7070,0
FAV,D,20170331,000000,0.99,0.99,0.97,0.99,15020,0
FAV,D,20170403,000000,0.96,1,0.96,1,3200,0
FAV,D,20170404,000000,0.99,1.04,0.98,1.04,36515,0
FAV,D,20170405,000000,1.04,1.06,1,1.06,15262,0
FAV,D,20170406,000000,1.05,1.09,1.05,1.09,27302,0
FAV,D,20170407,000000,1.09,1.15,1.07,1.15,4080,0
FAV,D,20170410,000000,1.16,1.16,1,1.15,9671,0
FAV,D,20170411,000000,1.13,1.15,1.03,1.15,33500,0
FAV,D,20170412,000000,1.16,1.22,1.08,1.2,6204,0
FAV,D,20170413,000000,1.2,1.2,1.2,1.2,75,0
FAV,D,20170418,000000,1.15,1.24,1.15,1.24,13770,0
FAV,D,20170419,000000,1.19,1.24,1.12,1.24,1980,0
FAV,D,20170420,000000,1.22,1.25,1.2,1.25,18060,0
FAV,D,20170421,000000,1.15,1.23,1.14,1.23,27000,0
FAV,D,20170424,000000,1.23,1.23,1.16,1.23,645,0
FAV,D,20170425,000000,1.23,1.23,1.17,1.22,1734,0
FAV,D,20170426,000000,1.23,1.23,1.23,1.23,15,0
FAV,D,20170427,000000,1.21,1.23,1.16,1.23,39320,0
FAV,D,20170428,000000,1.17,1.26,1.12,1.26,48200,0
FAV,D,20170502,000000,1.24,1.28,1.24,1.28,9515,0
FAV,D,20170504,000000,1.28,1.28,1.15,1.28,6660,0
FAV,D,20170505,000000,1.27,1.28,1.27,1.28,5010,0
FAV,D,20170508,000000,1.29,1.29,1.28,1.28,1700,0
FAV,D,20170509,000000,1.28,1.28,1.28,1.28,10,0
FAV,D,20170510,000000,1.27,1.28,1.2,1.27,7219,0
FAV,D,20170512,000000,1.24,1.28,1.13,1.28,58930,0
FAV,D,20170515,000000,1.28,1.28,1.2,1.28,12720,0
FAV,D,20170516,000000,1.27,1.28,1.26,1.28,7062,0
FAV,D,20170517,000000,1.28,1.28,1.28,1.28,923,0
FAV,D,20170518,000000,1.28,1.28,1.28,1.28,10,0
FAV,D,20170522,000000,1.26,1.26,1.21,1.26,1765,0
FAV,D,20170523,000000,1.24,1.24,1.02,1.24,13395,0
FAV,D,20170524,000000,1.21,1.24,1.21,1.24,5310,0
FAV,D,20170525,000000,1.24,1.24,1.23,1.23,1011,0
FAV,D,20170526,000000,1.23,1.24,1.23,1.24,5010,0
FAV,D,20170529,000000,1.24,1.24,1.16,1.24,2110,0
FAV,D,20170530,000000,1.22,1.22,1.1,1.1,95013,0
FAV,D,20170531,000000,1.12,1.25,1.1,1.25,89060,0
FAV,D,20170601,000000,1.24,1.25,1.24,1.25,3310,0
FAV,D,20170602,000000,1.25,1.26,1.25,1.26,3565,0
FAV,D,20170605,000000,1.23,1.23,1.2,1.23,16650,0
FAV,D,20170606,000000,1.2,1.21,1.18,1.21,3515,0
FAV,D,20170607,000000,1.21,1.24,1.21,1.24,5288,0
FAV,D,20170608,000000,1.24,1.24,1.2,1.24,3130,0
FAV,D,20170609,000000,1.24,1.24,1.22,1.22,4264,0
FAV,D,20170612,000000,1.21,1.21,1.16,1.2,2869,0
FAV,D,20170613,000000,1.15,1.23,1.15,1.23,350,0
FAV,D,20170614,000000,1.23,1.23,1.23,1.23,15,0
FAV,D,20170616,000000,1.15,1.22,1.15,1.22,3181,0
FAV,D,20170619,000000,1.22,1.24,1.22,1.24,8510,0
FAV,D,20170620,000000,1.24,1.24,1.24,1.24,2010,0
FAV,D,20170621,000000,1.24,1.24,1.24,1.24,10,0
FAV,D,20170622,000000,1.24,1.24,1.13,1.13,3595,0
FAV,D,20170623,000000,1.24,1.26,1.1,1.1,47793,0
FAV,D,20170626,000000,1.15,1.16,1.15,1.16,300,0
FAV,D,20170627,000000,1.06,1.24,1.05,1.24,16885,0
FAV,D,20170628,000000,1.1,1.23,1.1,1.23,46500,0
FAV,D,20170629,000000,1.23,1.23,1.23,1.23,20,0
FAV,D,20170630,000000,1.24,1.26,1.24,1.26,13015,0
FAV,D,20170703,000000,1.26,1.26,1.23,1.24,2598,0
FAV,D,20170704,000000,1.24,1.24,1.15,1.15,12910,0
FAV,D,20170705,000000,1.24,1.24,1.03,1.1,20210,0
FAV,D,20170706,000000,1.14,1.17,1.14,1.17,2800,0
FAV,D,20170707,000000,1.17,1.17,1.1,1.17,2025,0
FAV,D,20170710,000000,1.1,1.1,1.07,1.1,9654,0
FAV,D,20170711,000000,1.16,1.16,1.05,1.11,14620,0
FAV,D,20170712,000000,1.16,1.17,1.11,1.16,3230,0
FAV,D,20170713,000000,1.16,1.16,1.08,1.1,1983,0
FAV,D,20170714,000000,1.06,1.13,1,1,16372,0
FAV,D,20170717,000000,1,1.05,0.96,1.05,8830,0
FAV,D,20170718,000000,1.05,1.1,1.05,1.1,2215,0
FAV,D,20170719,000000,1.1,1.14,1.1,1.1,116410,0
FAV,D,20170720,000000,1.1,1.15,1.03,1.15,4715,0
FAV,D,20170721,000000,1.1,1.23,1.09,1.23,56556,0
FAV,D,20170724,000000,1.24,1.24,1.15,1.22,1836,0
FAV,D,20170725,000000,1.22,1.23,1.08,1.2,8548,0
FAV,D,20170726,000000,1.12,1.19,1.03,1.19,50404,0
FAV,D,20170727,000000,1.17,1.17,1.02,1.14,37221,0
FAV,D,20170728,000000,1.1,1.25,1.1,1.25,26521,0
FAV,D,20170731,000000,1.25,1.26,1.04,1.26,149470,0
FAV,D,20170801,000000,1.26,1.26,1.13,1.14,58150,0
FAV,D,20170802,000000,1.21,1.21,1.04,1.04,82828,0
FAV,D,20170803,000000,1.13,1.13,1.04,1.1,3230,0
FAV,D,20170804,000000,1.08,1.09,1.08,1.09,2515,0
FAV,D,20170807,000000,1.09,1.09,1,1.09,4511,0
FAV,D,20170808,000000,1.05,1.1,1.05,1.1,1870,0
FAV,D,20170809,000000,1.07,1.15,1.07,1.15,28834,0
FAV,D,20170810,000000,1.14,1.14,1.03,1.13,23710,0
FAV,D,20170811,000000,1.05,1.12,1.03,1.08,25631,0
FAV,D,20170814,000000,1.07,1.09,0.99,0.99,16450,0
FAV,D,20170816,000000,0.98,1.06,0.9,1.02,22770,0
FAV,D,20170817,000000,0.9,0.9,0.79,0.79,49335,0
FAV,D,20170818,000000,0.83,0.83,0.63,0.78,123783,0
FAV,D,20170822,000000,0.39,0.39,0.3,0.3,656127,0
FAV,D,20170823,000000,0.27,0.29,0.19,0.22,4490778,0
FAV,D,20170824,000000,0.24,0.27,0.24,0.25,2174900,0
FAV,D,20170825,000000,0.25,0.25,0.2,0.21,1859259,0
FAV,D,20170828,000000,0.18,0.21,0.18,0.19,1338530,0
FAV,D,20170829,000000,0.19,0.21,0.18,0.18,1690927,0
FAV,D,20170830,000000,0.19,0.19,0.18,0.19,396297,0
FAV,D,20170831,000000,0.18,0.18,0.13,0.14,3622752,0
FAV,D,20170901,000000,0.14,0.18,0.14,0.16,5748996,0
FAV,D,20170904,000000,0.16,0.16,0.11,0.11,7919040,0
FAV,D,20170905,000000,0.11,0.12,0.1,0.11,2894977,0
FAV,D,20170906,000000,0.11,0.12,0.08,0.09,5663085,0
FAV,D,20170907,000000,0.09,0.1,0.09,0.09,2375068,0
FAV,D,20170908,000000,0.1,0.1,0.09,0.1,2122760,0
FAV,D,20170911,000000,0.09,0.09,0.07,0.08,7775828,0
FAV,D,20170912,000000,0.07,0.08,0.07,0.07,329119,0
FAV,D,20170913,000000,0.08,0.09,0.07,0.08,2216967,0
FAV,D,20170914,000000,0.08,0.09,0.08,0.09,675968,0
FAV,D,20170915,000000,0.09,0.09,0.08,0.08,562792,0
FAV,D,20170918,000000,0.08,0.09,0.07,0.08,499534,0
FAV,D,20170919,000000,0.08,0.08,0.07,0.08,272943,0
FAV,D,20170920,000000,0.08,0.09,0.07,0.08,241311,0
FAV,D,20170921,000000,0.08,0.09,0.08,0.08,469813,0
FAV,D,20170922,000000,0.08,0.09,0.08,0.08,287638,0
FAV,D,20170925,000000,0.09,0.1,0.08,0.1,1991616,0
FAV,D,20170926,000000,0.1,0.11,0.08,0.1,1861736,0
FAV,D,20170927,000000,0.1,0.1,0.08,0.09,483637,0
FAV,D,20170928,000000,0.08,0.09,0.07,0.07,4632367,0
FAV,D,20170929,000000,0.07,0.07,0.06,0.07,2089569,0
FAV,D,20171002,000000,0.06,0.07,0.06,0.07,1782680,0
FAV,D,20171003,000000,0.08,0.09,0.08,0.09,2731691,0
FAV,D,20171004,000000,0.09,0.09,0.08,0.08,2445075,0
FAV,D,20171005,000000,0.08,0.09,0.08,0.09,828801,0
FAV,D,20171006,000000,0.09,0.09,0.08,0.08,300387,0
FAV,D,20171009,000000,0.08,0.08,0.08,0.08,1202843,0
FAV,D,20171010,000000,0.08,0.08,0.07,0.07,1503280,0
FAV,D,20171011,000000,0.07,0.07,0.07,0.07,353317,0
FAV,D,20171012,000000,0.07,0.07,0.06,0.06,2703498,0
FAV,D,20171013,000000,0.06,0.06,0.05,0.05,4967229,0
FAV,D,20171016,000000,0.04,0.04,0.04,0.04,1786224,0
FAV,D,20171017,000000,0.05,0.05,0.05,0.05,2459751,0
FAV,D,20171018,000000,0.05,0.06,0.05,0.06,497475,0
FAV,D,20171019,000000,0.06,0.06,0.06,0.06,911687,0
FAV,D,20171020,000000,0.06,0.06,0.05,0.05,148577,0
FAV,D,20171023,000000,0.06,0.06,0.05,0.05,230600,0
FAV,D,20171024,000000,0.06,0.06,0.06,0.06,63577,0
FAV,D,20171025,000000,0.05,0.05,0.05,0.05,1552415,0
FAV,D,20171026,000000,0.05,0.05,0.05,0.05,646881,0
FAV,D,20171027,000000,0.04,0.04,0.04,0.04,4386825,0
FAV,D,20171030,000000,0.04,0.04,0.04,0.04,1318831,0
FAV,D,20171031,000000,0.04,0.04,0.04,0.04,1684568,0
FAV,D,20171102,000000,0.04,0.04,0.04,0.04,208000,0
FAV,D,20171103,000000,0.04,0.04,0.03,0.03,1583920,0
FAV,D,20171106,000000,0.02,0.02,0.02,0.02,1737007,0
FAV,D,20171107,000000,0.02,0.02,0.02,0.02,770532,0
FAV,D,20171108,000000,0.02,0.03,0.02,0.03,658246,0
FAV,D,20171109,000000,0.03,0.04,0.03,0.04,5694467,0
FAV,D,20171110,000000,0.04,0.04,0.04,0.04,1219918,0
FAV,D,20171113,000000,0.05,0.05,0.04,0.04,703241,0
FAV,D,20171114,000000,0.04,0.04,0.03,0.03,271133,0
FAV,D,20171115,000000,0.03,0.03,0.03,0.03,156143,0
FAV,D,20171116,000000,0.03,0.03,0.03,0.03,155846,0
FAV,D,20171117,000000,0.04,0.04,0.03,0.03,3031592,0
FAV,D,20171120,000000,0.04,0.04,0.03,0.03,310609,0
FAV,D,20171121,000000,0.03,0.03,0.03,0.03,122001,0
FAV,D,20171122,000000,0.03,0.04,0.03,0.04,560972,0
FAV,D,20171123,000000,0.03,0.04,0.03,0.04,451867,0
FAV,D,20171124,000000,0.03,0.04,0.03,0.04,82900,0
FAV,D,20171127,000000,0.04,0.04,0.03,0.03,156055,0
FAV,D,20171128,000000,0.03,0.03,0.03,0.03,637533,0
FAV,D,20171129,000000,0.04,0.04,0.04,0.04,934766,0
FAV,D,20171130,000000,0.03,0.03,0.03,0.03,179900,0
FAV,D,20171201,000000,0.04,0.04,0.04,0.04,126900,0
FAV,D,20171204,000000,0.04,0.04,0.03,0.03,11214,0
FAV,D,20171205,000000,0.03,0.04,0.03,0.04,758100,0
FAV,D,20171206,000000,0.03,0.03,0.03,0.03,64175,0
FAV,D,20171207,000000,0.03,0.04,0.03,0.04,95100,0
FAV,D,20171208,000000,0.03,0.03,0.03,0.03,834822,0
FAV,D,20171211,000000,0.04,0.04,0.03,0.03,392000,0
FAV,D,20171212,000000,0.03,0.04,0.03,0.04,395000,0
FAV,D,20171213,000000,0.03,0.04,0.03,0.04,245300,0
FAV,D,20171214,000000,0.03,0.04,0.03,0.04,199382,0
FAV,D,20171218,000000,0.03,0.03,0.03,0.03,211733,0
FAV,D,20171219,000000,0.03,0.03,0.03,0.03,863842,0
FAV,D,20171220,000000,0.03,0.03,0.03,0.03,937373,0
FAV,D,20171221,000000,0.03,0.03,0.03,0.03,432707,0
FAV,D,20171222,000000,0.03,0.03,0.03,0.03,91500,0
FAV,D,20171227,000000,0.04,0.04,0.03,0.03,113687,0
FAV,D,20171228,000000,0.03,0.03,0.03,0.03,39134,0
FAV,D,20171229,000000,0.03,0.03,0.03,0.03,13293,0
FAV,D,20180103,000000,0.03,0.04,0.03,0.04,311000,0
FAV,D,20180104,000000,0.04,0.04,0.04,0.04,878289,0
FAV,D,20180105,000000,0.04,0.04,0.04,0.04,257057,0
FAV,D,20180108,000000,0.05,0.05,0.05,0.05,35000,0
FAV,D,20180109,000000,0.05,0.05,0.04,0.04,703505,0
FAV,D,20180110,000000,0.04,0.04,0.04,0.04,186300,0
FAV,D,20180111,000000,0.04,0.04,0.04,0.04,42882,0
FAV,D,20180112,000000,0.04,0.04,0.04,0.04,873634,0
FAV,D,20180115,000000,0.04,0.04,0.03,0.03,227425,0
FAV,D,20180116,000000,0.04,0.04,0.04,0.04,25550,0
FAV,D,20180117,000000,0.03,0.03,0.03,0.03,7500,0
FAV,D,20180118,000000,0.03,0.03,0.03,0.03,80700,0
FAV,D,20180119,000000,0.03,0.03,0.03,0.03,152000,0
FAV,D,20180122,000000,0.04,0.04,0.04,0.04,29035,0
FAV,D,20180123,000000,0.04,0.04,0.04,0.04,10175,0
FAV,D,20180124,000000,0.04,0.04,0.03,0.03,157000,0
FAV,D,20180125,000000,0.04,0.04,0.03,0.03,297000,0
FAV,D,20180126,000000,0.04,0.04,0.03,0.03,68937,0
FAV,D,20180129,000000,0.03,0.03,0.03,0.03,400,0
FAV,D,20180130,000000,0.03,0.03,0.03,0.03,1837490,0
FAV,D,20180131,000000,0.03,0.03,0.02,0.02,238965,0
FAV,D,20180201,000000,0.03,0.03,0.03,0.03,232600,0
FAV,D,20180202,000000,0.03,0.03,0.03,0.03,101215,0
FAV,D,20180205,000000,0.03,0.03,0.03,0.03,137357,0
FAV,D,20180206,000000,0.03,0.03,0.02,0.02,43000,0
FAV,D,20180207,000000,0.02,0.03,0.02,0.03,89798,0
FAV,D,20180208,000000,0.03,0.03,0.03,0.03,36140,0
FAV,D,20180209,000000,0.02,0.03,0.02,0.03,49895,0
FAV,D,20180212,000000,0.03,0.03,0.03,0.03,118294,0
FAV,D,20180213,000000,0.04,0.04,0.03,0.03,69133,0
FAV,D,20180214,000000,0.03,0.03,0.03,0.03,316000,0
FAV,D,20180215,000000,0.03,0.03,0.03,0.03,1361293,0
FAV,D,20180216,000000,0.03,0.03,0.03,0.03,334000,0
FAV,D,20180219,000000,0.02,0.02,0.02,0.02,1382596,0
FAV,D,20180220,000000,0.03,0.03,0.03,0.03,23010,0
FAV,D,20180221,000000,0.03,0.03,0.03,0.03,42850,0
FAV,D,20180222,000000,0.02,0.02,0.02,0.02,1000,0
FAV,D,20180223,000000,0.03,0.03,0.03,0.03,96710,0
FAV,D,20180226,000000,0.03,0.03,0.02,0.02,3311248,0
FAV,D,20180227,000000,0.02,0.02,0.02,0.02,219555,0
FAV,D,20180228,000000,0.02,0.02,0.02,0.02,20000,0
FAV,D,20180302,000000,0.02,0.02,0.02,0.02,46611,0
FAV,D,20180306,000000,0.03,0.03,0.03,0.03,29366,0
FAV,D,20180307,000000,0.03,0.03,0.03,0.03,9350,0
FAV,D,20180308,000000,0.03,0.03,0.03,0.03,9333,0
FAV,D,20180309,000000,0.03,0.03,0.03,0.03,500,0
FAV,D,20180312,000000,0.03,0.03,0.03,0.03,350,0
FAV,D,20180313,000000,0.03,0.03,0.03,0.03,4000,0
FAV,D,20180314,000000,0.03,0.03,0.03,0.03,350,0
FAV,D,20180315,000000,0.03,0.03,0.03,0.03,15275,0
FAV,D,20180319,000000,0.03,0.03,0.03,0.03,9593,0
FAV,D,20180320,000000,0.02,0.02,0.02,0.02,105000,0
FAV,D,20180321,000000,0.02,0.02,0.02,0.02,396887,0
FAV,D,20180322,000000,0.02,0.02,0.02,0.02,112650,0
FAV,D,20180323,000000,0.02,0.03,0.02,0.03,5250,0
FAV,D,20180326,000000,0.03,0.03,0.03,0.03,350,0
FAV,D,20180327,000000,0.02,0.02,0.02,0.02,470297,0
FAV,D,20180328,000000,0.02,0.02,0.02,0.02,24279,0
FAV,D,20180329,000000,0.02,0.02,0.02,0.02,211417,0
FAV,D,20180403,000000,0.02,0.02,0.02,0.02,500,0
FAV,D,20180404,000000,0.02,0.02,0.02,0.02,125500,0
FAV,D,20180405,000000,0.01,0.01,0.01,0.01,67500,0
FAV,D,20180406,000000,0.02,0.02,0.02,0.02,12500,0
FAV,D,20180409,000000,0.02,0.02,0.02,0.02,12000,0
FAV,D,20180410,000000,0.02,0.02,0.01,0.01,38450,0
FAV,D,20180411,000000,0.02,0.02,0.02,0.02,13630,0
FAV,D,20180412,000000,0.02,0.02,0.02,0.02,18205,0
FAV,D,20180413,000000,0.02,0.02,0.01,0.01,44992,0
FAV,D,20180416,000000,0.01,0.01,0.01,0.01,1158676,0
FAV,D,20180417,000000,0.01,0.02,0.01,0.02,156795,0
FAV,D,20180418,000000,0.01,0.01,0.01,0.01,1318099,0
FAV,D,20180419,000000,0.02,0.02,0.02,0.02,141715,0
FAV,D,20180420,000000,0.02,0.02,0.01,0.01,271000,0
FAV,D,20180423,000000,0.02,0.02,0.02,0.02,87721,0
FAV,D,20180425,000000,0.02,0.02,0.02,0.02,16900,0
FAV,D,20180426,000000,0.02,0.02,0.02,0.02,100000,0
FAV,D,20180427,000000,0.01,0.01,0.01,0.01,266,0
FAV,D,20180430,000000,0.01,0.02,0.01,0.02,64850,0
FAV,D,20180502,000000,0.02,0.02,0.02,0.02,33500,0
FAV,D,20180504,000000,0.02,0.02,0.02,0.02,30000,0
FAV,D,20180507,000000,0.01,0.01,0.01,0.01,510450,0
FAV,D,20180508,000000,0.02,0.02,0.01,0.01,308233,0
FAV,D,20180509,000000,0.01,0.01,0.01,0.01,300500,0
FAV,D,20180510,000000,0.02,0.02,0.02,0.02,1000,0
FAV,D,20180511,000000,0.02,0.02,0.01,0.01,1918056,0
FAV,D,20180514,000000,0.01,0.02,0.01,0.02,47651,0
FAV,D,20180516,000000,0.02,0.02,0.01,0.01,417850,0
FAV,D,20180517,000000,0.02,0.02,0.02,0.02,617161,0
FAV,D,20180518,000000,0.01,0.02,0.01,0.02,646001,0
FAV,D,20180521,000000,0.02,0.02,0.02,0.02,14200,0
FAV,D,20180522,000000,0.02,0.02,0.01,0.01,309000,0
FAV,D,20180523,000000,0.01,0.01,0.01,0.01,380300,0
FAV,D,20180524,000000,0.01,0.01,0.01,0.01,600000,0
FAV,D,20180525,000000,0.01,0.02,0.01,0.02,200501,0
FAV,D,20180528,000000,0.02,0.02,0.02,0.02,690500,0
FAV,D,20180529,000000,0.02,0.02,0.02,0.02,539000,0
FAV,D,20180530,000000,0.02,0.02,0.02,0.02,318850,0
FAV,D,20180601,000000,0.02,0.02,0.02,0.02,50000,0
FAV,D,20180604,000000,0.02,0.02,0.02,0.02,55487,0
FAV,D,20180606,000000,0.02,0.02,0.02,0.02,350,0
FAV,D,20180607,000000,0.01,0.01,0.01,0.01,9989,0
FAV,D,20180608,000000,0.02,0.02,0.02,0.02,5454,0
FAV,D,20180612,000000,0.02,0.02,0.02,0.02,1000,0
FAV,D,20180615,000000,0.02,0.02,0.02,0.02,10000,0
FAV,D,20180618,000000,0.02,0.02,0.02,0.02,10000,0
FAV,D,20180622,000000,0.02,0.02,0.02,0.02,20000,0
FAV,D,20180625,000000,0.02,0.02,0.02,0.02,15,0
FAV,D,20180626,000000,0.02,0.02,0.02,0.02,27441,0
FAV,D,20180627,000000,0.02,0.02,0.02,0.02,363,0
FAV,D,20180628,000000,0.02,0.02,0.02,0.02,5000,0
FAV,D,20180710,000000,0.02,0.02,0.02,0.02,249252,0
FAV,D,20180711,000000,0.01,0.01,0.01,0.01,10000,0
FAV,D,20180712,000000,0.02,0.02,0.02,0.02,1000,0
FAV,D,20180713,000000,0.02,0.02,0.02,0.02,72100,0
FAV,D,20180716,000000,0.02,0.02,0.02,0.02,35739,0
FAV,D,20180718,000000,0.01,0.01,0.01,0.01,1598499,0
FAV,D,20180719,000000,0.02,0.02,0.02,0.02,61600,0
FAV,D,20180720,000000,0.01,0.02,0.01,0.02,1338684,0
FAV,D,20180723,000000,0.02,0.02,0.02,0.02,112011,0
FAV,D,20180724,000000,0.02,0.02,0.01,0.01,1300,0
FAV,D,20180725,000000,0.01,0.01,0.01,0.01,2921,0
FAV,D,20180726,000000,0.02,0.02,0.02,0.02,8350,0
FAV,D,20180727,000000,0.02,0.02,0.02,0.02,52000,0
FAV,D,20180731,000000,0.01,0.02,0.01,0.02,4130,0
FAV,D,20180801,000000,0.01,0.01,0.01,0.01,111039,0
FAV,D,20180802,000000,0.02,0.02,0.02,0.02,10000,0
FAV,D,20180803,000000,0.02,0.02,0.02,0.02,500,0
FAV,D,20180806,000000,0.02,0.02,0.02,0.02,500,0
FAV,D,20180807,000000,0.02,0.02,0.02,0.02,500,0
FAV,D,20180808,000000,0.01,0.02,0.01,0.02,31716,0
FAV,D,20180809,000000,0.01,0.01,0.01,0.01,900560,0
FAV,D,20180810,000000,0.02,0.02,0.01,0.01,5765,0
FAV,D,20180813,000000,0.01,0.01,0.01,0.01,9900,0
FAV,D,20180814,000000,0.01,0.01,0.01,0.01,1888567,0
FAV,D,20180816,000000,0.01,0.01,0.01,0.01,2541127,0
FAV,D,20180817,000000,0.01,0.02,0.01,0.02,471700,0
FAV,D,20180820,000000,0.01,0.01,0.01,0.01,159151,0
FAV,D,20180821,000000,0.01,0.01,0.01,0.01,125489,0
FAV,D,20180822,000000,0.01,0.02,0.01,0.02,101216,0
FAV,D,20180823,000000,0.01,0.02,0.01,0.02,1266,0
FAV,D,20180824,000000,0.01,0.02,0.01,0.02,5201,0
FAV,D,20180827,000000,0.02,0.02,0.02,0.02,200,0
FAV,D,20180828,000000,0.01,0.01,0.01,0.01,565900,0
FAV,D,20180829,000000,0.01,0.01,0.01,0.01,378907,0
FAV,D,20180830,000000,0.01,0.01,0.01,0.01,30000,0
FAV,D,20180903,000000,0.01,0.01,0.01,0.01,50000,0
FAV,D,20180904,000000,0.01,0.01,0.01,0.01,1034200,0
FAV,D,20180905,000000,0.01,0.01,0.01,0.01,52222,0
FAV,D,20180906,000000,0.01,0.01,0.01,0.01,509569,0
FAV,D,20180907,000000,0.01,0.01,0.01,0.01,1000,0
FAV,D,20180911,000000,0.01,0.01,0.01,0.01,600,0
FAV,D,20180914,000000,0.01,0.01,0.01,0.01,935,0
FAV,D,20180917,000000,0.01,0.01,0.01,0.01,100000,0
FAV,D,20180926,000000,0.01,0.01,0.01,0.01,51700,0
FAV,D,20180927,000000,0.01,0.01,0.01,0.01,99500,0
FAV,D,20181002,000000,0.01,0.01,0.01,0.01,745,0
FAV,D,20181003,000000,0.01,0.01,0.01,0.01,2700,0
FAV,D,20181010,000000,0.01,0.01,0.01,0.01,5000,0
FAV,D,20181015,000000,0.01,0.01,0.01,0.01,14700,0
FAV,D,20181017,000000,0.01,0.01,0.01,0.01,33000,0
FAV,D,20181023,000000,0.01,0.01,0.01,0.01,30000,0
FAV,D,20181029,000000,0.01,0.01,0.01,0.01,50000,0
FAV,D,20181102,000000,0.01,0.01,0.01,0.01,1000,0
FAV,D,20181128,000000,0.01,0.01,0.01,0.01,4985,0
FAV,D,20181129,000000,0.01,0.01,0.01,0.01,90000,0
FAV,D,20181205,000000,0.01,0.01,0.01,0.01,1000,0
FAV,D,20181221,000000,0.01,0.01,0.01,0.01,40000,0
FAV,D,20181227,000000,0.01,0.01,0.01,0.01,200,0
FAV,D,20190107,000000,0.01,0.01,0.01,0.01,14000,0
FAV,D,20190110,000000,0.01,0.01,0.01,0.01,6500,0
FAV,D,20190111,000000,0.01,0.01,0.01,0.01,22000,0
FAV,D,20190114,000000,0.01,0.01,0.01,0.01,50000,0
FAV,D,20190115,000000,0.01,0.01,0.01,0.01,5000,0
FAV,D,20190130,000000,0.01,0.01,0.01,0.01,20700,0
FAV,D,20190206,000000,0.01,0.01,0.01,0.01,54700,0
FAV,D,20190207,000000,0.01,0.01,0.01,0.01,19700,0
FAV,D,20190208,000000,0.01,0.01,0.01,0.01,73764,0
FAV,D,20190219,000000,0.01,0.01,0.01,0.01,6300,0
FAV,D,20190228,000000,0.01,0.01,0.01,0.01,11000,0
FAV,D,20190312,000000,0.01,0.01,0.01,0.01,170360,0
FAV,D,20190322,000000,0.01,0.01,0.01,0.01,1000,0
FAV,D,20190325,000000,0.01,0.01,0.01,0.01,62500,0
FAV,D,20190326,000000,0.01,0.01,0.01,0.01,51700,0
FAV,D,20190402,000000,0.01,0.01,0.01,0.01,9344,0
FAV,D,20190403,000000,0.01,0.01,0.01,0.01,116,0
