<TICKER>,<PER>,<DATE>,<TIME>,<OPEN>,<HIGH>,<LOW>,<CLOSE>,<VOL>,<OPENINT>
FPO,D,20120522,000000,14,14.6,13,14.6,1692,0
FPO,D,20120523,000000,14,15,14,14.28,292,0
FPO,D,20120524,000000,14.1,14.99,14,14,458,0
FPO,D,20120525,000000,14.1,14.7,13.6,14,747,0
FPO,D,20120528,000000,14,14,13.4,13.4,30,0
FPO,D,20120529,000000,13.4,13.4,13.4,13.4,10,0
FPO,D,20120605,000000,13.6,13.6,13.5,13.5,200,0
FPO,D,20120608,000000,13.5,13.5,13,13.5,3714,0
FPO,D,20120619,000000,13.7,14.5,13.7,14.5,202,0
FPO,D,20120621,000000,14.5,14.5,14.5,14.5,15,0
FPO,D,20120622,000000,14.35,14.35,14.35,14.35,5,0
FPO,D,20120626,000000,14.1,14.1,13.5,13.6,4007,0
FPO,D,20120703,000000,13.5,13.5,13.04,13.44,86,0
FPO,D,20120713,000000,13.5,13.5,13.5,13.5,4805,0
FPO,D,20120731,000000,13.6,13.6,13.5,13.5,10,0
FPO,D,20120808,000000,13.5,13.5,13.5,13.5,11,0
FPO,D,20120809,000000,13.5,13.5,13.5,13.5,10,0
FPO,D,20120810,000000,13.5,13.5,13.5,13.5,10,0
FPO,D,20120830,000000,13.5,13.5,13.5,13.5,10,0
FPO,D,20120831,000000,13.49,13.5,13.49,13.5,10,0
FPO,D,20120913,000000,13.5,13.6,13.5,13.6,105004,0
FPO,D,20120924,000000,13.52,13.52,13.04,13.04,140,0
FPO,D,20121010,000000,13.13,13.13,13.13,13.13,10,0
FPO,D,20121016,000000,13,13,10.51,13,3915,0
FPO,D,20121031,000000,12.95,13,12.95,13,3505,0
FPO,D,20121120,000000,13.05,13.05,13.05,13.05,10,0
FPO,D,20121210,000000,13.13,13.13,13.13,13.13,5,0
FPO,D,20121218,000000,13.13,13.13,13,13,10,0
FPO,D,20130102,000000,13.15,13.15,13.15,13.15,300,0
FPO,D,20130109,000000,13.15,13.15,13.15,13.15,5,0
FPO,D,20130122,000000,13.15,13.15,13.15,13.15,2,0
FPO,D,20130123,000000,13.15,13.15,13.15,13.15,5,0
FPO,D,20130124,000000,13.15,13.15,13,13,20,0
FPO,D,20130125,000000,13,13,13,13,10,0
FPO,D,20130128,000000,13,13,13,13,40,0
FPO,D,20130129,000000,13,13,13,13,10,0
FPO,D,20130130,000000,13,13,13,13,10,0
FPO,D,20130131,000000,13,13,13,13,10,0
FPO,D,20130201,000000,13,13,13,13,10,0
FPO,D,20130204,000000,13,13,13,13,6,0
FPO,D,20130205,000000,13,13,13,13,1,0
FPO,D,20130206,000000,13,13,13,13,1,0
FPO,D,20130207,000000,13,13,13,13,1,0
FPO,D,20130208,000000,13,13,13,13,1,0
FPO,D,20130211,000000,13,13,13,13,1,0
FPO,D,20130212,000000,13,13,13,13,1,0
FPO,D,20130213,000000,13,13,13,13,1,0
FPO,D,20130214,000000,13,13,13,13,1,0
FPO,D,20130215,000000,13,13,13,13,1,0
FPO,D,20130218,000000,13,13,13,13,1,0
FPO,D,20130219,000000,12.8,12.8,12.8,12.8,20,0
FPO,D,20130225,000000,12.79,13,12.79,13,140,0
FPO,D,20130226,000000,13,13,13,13,1,0
FPO,D,20130227,000000,12.8,12.8,12.8,12.8,5,0
FPO,D,20130228,000000,12.5,12.5,12.49,12.5,140,0
FPO,D,20130314,000000,12.5,12.63,12.5,12.63,15,0
FPO,D,20130320,000000,12.7,12.9,12.7,12.9,20,0
FPO,D,20130321,000000,13,13,13,13,1,0
FPO,D,20130322,000000,13,13,12.98,12.99,2262,0
FPO,D,20130325,000000,13,13,13,13,1,0
FPO,D,20130326,000000,13,13,13,13,1,0
FPO,D,20130327,000000,13,13,10.5,10.88,596,0
FPO,D,20130411,000000,11,11.28,11,11.28,150,0
FPO,D,20130506,000000,11.2,11.2,11.2,11.2,5,0
FPO,D,20130510,000000,11.11,11.11,10.9,10.9,310,0
FPO,D,20130603,000000,10.91,10.91,10.91,10.91,5,0
FPO,D,20130607,000000,10.8,10.8,8.7,8.7,750,0
FPO,D,20130610,000000,8.8,9.2,8.8,9.1,2760,0
FPO,D,20130613,000000,9.1,9.19,9.1,9.12,525,0
FPO,D,20130620,000000,9.05,9.05,8.95,8.95,10,0
FPO,D,20130627,000000,8.95,8.95,8.95,8.95,2,0
FPO,D,20130628,000000,8.95,8.95,8.5,8.5,72,0
FPO,D,20130711,000000,8.5,8.5,8.5,8.5,2,0
FPO,D,20130712,000000,8.5,8.5,8.5,8.5,2,0
FPO,D,20130715,000000,8.5,8.5,8.5,8.5,2,0
FPO,D,20130716,000000,8.5,8.5,8.5,8.5,2,0
FPO,D,20130717,000000,8.5,8.5,8.5,8.5,2,0
FPO,D,20130718,000000,8.5,8.5,8.5,8.5,2,0
FPO,D,20130722,000000,8.5,8.5,8.5,8.5,2,0
FPO,D,20130723,000000,8.5,8.5,8.5,8.5,2,0
FPO,D,20130724,000000,8.5,8.5,8.5,8.5,2,0
FPO,D,20130725,000000,8.5,8.5,8.5,8.5,2,0
FPO,D,20130729,000000,8.5,8.5,8.5,8.5,2,0
FPO,D,20130730,000000,8.5,8.5,8.5,8.5,2,0
FPO,D,20130731,000000,8.5,8.5,8.5,8.5,2,0
FPO,D,20130801,000000,8.5,8.5,8.5,8.5,2,0
FPO,D,20130802,000000,8.5,8.5,8.5,8.5,2,0
FPO,D,20130805,000000,8.5,8.5,8.5,8.5,2,0
FPO,D,20130806,000000,8.5,8.5,8.5,8.5,2,0
FPO,D,20130808,000000,8.5,8.5,8.5,8.5,2,0
FPO,D,20130809,000000,8.5,8.5,8.5,8.5,2,0
FPO,D,20130813,000000,8.5,8.5,8.5,8.5,2,0
FPO,D,20130816,000000,8.5,8.5,8.5,8.5,2,0
FPO,D,20130819,000000,8.5,8.5,8.5,8.5,2,0
FPO,D,20130820,000000,8.5,8.5,8.5,8.5,2,0
FPO,D,20130823,000000,8.5,8.5,8.5,8.5,2,0
FPO,D,20130826,000000,8.5,8.5,8.5,8.5,2,0
FPO,D,20130827,000000,8.5,8.5,8.5,8.5,4,0
FPO,D,20130830,000000,8.5,8.5,8.5,8.5,4,0
FPO,D,20130902,000000,8.5,8.5,8.5,8.5,2,0
FPO,D,20130903,000000,8.5,8.5,8.5,8.5,2,0
FPO,D,20130906,000000,8.5,8.5,8.5,8.5,2,0
FPO,D,20130912,000000,8.5,8.5,8.5,8.5,2,0
FPO,D,20130916,000000,8.5,8.5,8.5,8.5,4,0
FPO,D,20130917,000000,8.5,8.5,8.5,8.5,2,0
FPO,D,20130920,000000,8.5,8.5,8.5,8.5,2,0
FPO,D,20130925,000000,8.5,8.5,8.5,8.5,2,0
FPO,D,20130926,000000,8.5,8.5,8.5,8.5,4,0
FPO,D,20130927,000000,8.5,8.5,8.5,8.5,2,0
FPO,D,20130930,000000,8.5,8.5,8.5,8.5,2,0
FPO,D,20131001,000000,8.5,8.5,8.5,8.5,2,0
FPO,D,20131002,000000,8.5,8.5,8.5,8.5,2,0
FPO,D,20131003,000000,8.5,8.5,8.5,8.5,2,0
FPO,D,20131004,000000,8.5,8.5,8.5,8.5,2,0
FPO,D,20131007,000000,8.5,8.5,8.5,8.5,2,0
FPO,D,20131008,000000,8.5,8.5,8.5,8.5,2,0
FPO,D,20131009,000000,8.5,8.5,8.5,8.5,2,0
FPO,D,20131010,000000,8.5,8.5,8.5,8.5,2,0
FPO,D,20131011,000000,8.5,8.5,8.5,8.5,2,0
FPO,D,20131014,000000,8.5,8.5,8.5,8.5,72,0
FPO,D,20131015,000000,8.5,8.5,8.5,8.5,2,0
FPO,D,20131016,000000,8.5,8.7,8.5,8.6,419,0
FPO,D,20131017,000000,8.56,8.56,8.25,8.3,1815,0
FPO,D,20131022,000000,8.33,8.75,8.33,8.75,220,0
FPO,D,20131023,000000,8.75,9.9,8.75,9.42,796,0
FPO,D,20131025,000000,10.14,10.14,10.14,10.14,25,0
FPO,D,20131029,000000,10.12,10.12,10.12,10.12,2,0
FPO,D,20131030,000000,10.1,10.1,10.1,10.1,2,0
FPO,D,20131031,000000,10,10,10,10,2,0
FPO,D,20131104,000000,10.09,10.09,10.01,10.06,1842,0
FPO,D,20131105,000000,10,10.02,10,10,600,0
FPO,D,20131106,000000,10.01,10.01,9.88,9.88,130,0
FPO,D,20131107,000000,9.85,9.85,9.85,9.85,4,0
FPO,D,20131112,000000,9.85,9.85,9.85,9.85,3,0
FPO,D,20131114,000000,9.85,9.85,9.84,9.84,8,0
FPO,D,20131115,000000,9.84,9.84,9.82,9.82,4,0
FPO,D,20131119,000000,9.82,9.82,9.82,9.82,8,0
FPO,D,20131120,000000,9.82,9.82,9.82,9.82,2,0
FPO,D,20131121,000000,9.82,9.82,9.82,9.82,2,0
FPO,D,20131125,000000,9.82,9.82,9.82,9.82,2,0
FPO,D,20131126,000000,9.82,9.82,9.82,9.82,2,0
FPO,D,20131127,000000,9.9,9.9,9.63,9.63,108,0
FPO,D,20131128,000000,9.63,9.63,9.63,9.63,2,0
FPO,D,20131129,000000,9.63,9.64,9.4,9.4,468,0
FPO,D,20131202,000000,9.4,9.4,9.4,9.4,200,0
FPO,D,20131203,000000,9.4,9.4,9.4,9.4,3,0
FPO,D,20131204,000000,9.4,9.4,9.4,9.4,8,0
FPO,D,20131206,000000,9.4,9.4,9.4,9.4,2,0
FPO,D,20131210,000000,9.4,9.4,9.4,9.4,2,0
FPO,D,20131212,000000,9.4,9.4,9.4,9.4,2,0
FPO,D,20131213,000000,9.4,9.54,9.4,9.54,294,0
FPO,D,20131216,000000,9.54,9.84,9.54,9.6,290,0
FPO,D,20131217,000000,9.53,9.53,9.53,9.53,11005,0
FPO,D,20131220,000000,9.53,9.53,9.53,9.53,5,0
FPO,D,20131223,000000,9.53,9.53,9.53,9.53,2,0
FPO,D,20131227,000000,9.53,9.53,9.53,9.53,10,0
FPO,D,20140102,000000,9.53,9.53,9.27,9.27,292,0
FPO,D,20140107,000000,9.26,9.26,9.26,9.26,2,0
FPO,D,20140109,000000,9.26,9.26,9.26,9.26,2,0
FPO,D,20140110,000000,9.26,9.26,9.26,9.26,2,0
FPO,D,20140113,000000,9.26,9.26,9.26,9.26,2,0
FPO,D,20140114,000000,9.26,9.26,9.26,9.26,2,0
FPO,D,20140115,000000,9.25,9.3,9.25,9.25,320,0
FPO,D,20140116,000000,9.25,9.25,9.25,9.25,110,0
FPO,D,20140117,000000,9.25,9.25,9.06,9.25,395,0
FPO,D,20140120,000000,9.22,9.22,9.05,9.05,295,0
FPO,D,20140121,000000,9,9,9,9,5,0
FPO,D,20140122,000000,9,9,8.51,8.51,347,0
FPO,D,20140123,000000,8.5,8.5,8.05,8.05,477,0
FPO,D,20140124,000000,8.05,8.05,7.54,7.55,482,0
FPO,D,20140127,000000,7.55,7.55,7.5,7.54,20,0
FPO,D,20140128,000000,7.6,7.66,7.6,7.66,4,0
FPO,D,20140210,000000,7.44,7.44,7.2,7.2,400,0
FPO,D,20140212,000000,7.2,7.2,7.2,7.2,138399,0
FPO,D,20140218,000000,7.21,7.34,7.21,7.34,140,0
FPO,D,20140219,000000,8,8,7.33,7.33,368,0
FPO,D,20140220,000000,7.44,7.64,7.44,7.64,180,0
FPO,D,20140221,000000,7.66,7.8,7.66,7.71,150,0
FPO,D,20140224,000000,7.71,7.71,7.71,7.71,5,0
FPO,D,20140225,000000,7.7,7.7,7.7,7.7,20,0
FPO,D,20140310,000000,7.66,7.66,7.4,7.4,140,0
FPO,D,20140314,000000,7.37,7.37,7.3,7.3,10,0
FPO,D,20140403,000000,7.35,7.35,7.35,7.35,5,0
FPO,D,20140408,000000,7.4,7.45,7.4,7.45,10,0
FPO,D,20140410,000000,7.3,7.3,7.05,7.05,130,0
FPO,D,20140425,000000,6,6.2,6,6.2,220,0
FPO,D,20140513,000000,6.2,6.2,6.2,6.2,10,0
FPO,D,20140514,000000,6.2,6.5,6.2,6.5,420,0
FPO,D,20140523,000000,6.5,6.61,6.5,6.61,100,0
FPO,D,20140611,000000,6.66,6.71,6.66,6.71,100,0
FPO,D,20140702,000000,6.7,6.8,6.7,6.8,385,0
FPO,D,20140717,000000,6.95,6.95,6.95,6.95,5,0
FPO,D,20140729,000000,6.9,6.9,6.75,6.75,100,0
FPO,D,20140730,000000,6.8,6.9,6.8,6.9,10,0
FPO,D,20140731,000000,7,7,7,7,2,0
FPO,D,20140801,000000,7,7,7,7,2,0
FPO,D,20140808,000000,7,7.04,7,7.04,10,0
FPO,D,20140826,000000,6.96,6.96,6.96,6.96,2,0
FPO,D,20140827,000000,6.96,6.96,6.96,6.96,5,0
FPO,D,20140828,000000,6.96,6.96,6.96,6.96,2,0
FPO,D,20140829,000000,6.96,6.96,6.96,6.96,2,0
FPO,D,20140901,000000,6.96,6.96,6.96,6.96,3,0
FPO,D,20140902,000000,6.96,6.96,6.94,6.94,5992,0
FPO,D,20140903,000000,6.96,6.96,6.96,6.96,1,0
FPO,D,20140904,000000,6.96,6.96,6.96,6.96,2,0
FPO,D,20140905,000000,6.96,6.96,6.96,6.96,2,0
FPO,D,20140908,000000,6.96,6.96,6.96,6.96,2,0
FPO,D,20140909,000000,6.96,6.96,6.88,6.88,5,0
FPO,D,20140910,000000,6.96,6.96,6.96,6.96,2,0
FPO,D,20140911,000000,6.96,6.96,6.96,6.96,3,0
FPO,D,20140912,000000,6.92,6.92,6.92,6.92,2,0
FPO,D,20140919,000000,6.9,6.9,6.9,6.9,3,0
FPO,D,20140922,000000,6.9,6.9,6.9,6.9,2,0
FPO,D,20140925,000000,6.9,6.9,6.9,6.9,2,0
FPO,D,20140926,000000,6.9,6.9,6.9,6.9,2,0
FPO,D,20140929,000000,6.9,6.9,6.9,6.9,2,0
FPO,D,20141001,000000,6.9,6.9,6.9,6.9,2,0
FPO,D,20141006,000000,6.9,6.9,6.9,6.9,2,0
FPO,D,20141007,000000,6.9,6.9,6.9,6.9,4,0
FPO,D,20141010,000000,6.9,6.9,6.9,6.9,2,0
FPO,D,20141013,000000,6.9,6.9,6.9,6.9,4,0
FPO,D,20141014,000000,6.9,6.9,6.9,6.9,3,0
FPO,D,20141015,000000,6.9,6.9,6.9,6.9,2,0
FPO,D,20141016,000000,6.9,6.9,6.9,6.9,2,0
FPO,D,20141017,000000,6.9,6.9,6.9,6.9,2,0
FPO,D,20141020,000000,6.9,6.9,6.9,6.9,2,0
FPO,D,20141021,000000,6.9,6.9,6.9,6.9,2,0
FPO,D,20141022,000000,6.9,6.9,6.9,6.9,2,0
FPO,D,20141023,000000,6.9,6.9,6.9,6.9,2,0
FPO,D,20141024,000000,6.9,6.9,6.9,6.9,2,0
FPO,D,20141027,000000,6.9,6.9,6.9,6.9,2,0
FPO,D,20141028,000000,6.9,6.9,6.9,6.9,2,0
FPO,D,20141029,000000,6.9,6.9,6.9,6.9,2,0
FPO,D,20141030,000000,6.9,6.9,6.9,6.9,2,0
FPO,D,20141031,000000,6.9,6.9,6.9,6.9,2,0
FPO,D,20141103,000000,6.9,6.9,6.9,6.9,2,0
FPO,D,20141104,000000,6.9,6.9,6.9,6.9,2,0
FPO,D,20141105,000000,6.9,6.9,6.9,6.9,2,0
FPO,D,20141106,000000,6.9,6.9,6.9,6.9,3,0
FPO,D,20141107,000000,6.9,6.9,6.9,6.9,2,0
FPO,D,20141110,000000,6.9,6.9,6.9,6.9,2,0
FPO,D,20141112,000000,6.9,6.9,6.9,6.9,2,0
FPO,D,20141113,000000,6.88,6.88,6.88,6.88,2,0
FPO,D,20141117,000000,6.9,6.9,6.9,6.9,2,0
FPO,D,20141118,000000,6.9,6.9,6.9,6.9,2,0
FPO,D,20141119,000000,6.88,6.88,6.88,6.88,2,0
FPO,D,20141120,000000,6.9,6.9,6.9,6.9,2,0
FPO,D,20141121,000000,6.9,6.9,6.9,6.9,2,0
FPO,D,20141124,000000,6.88,6.88,6.88,6.88,2,0
FPO,D,20141125,000000,6.88,6.88,6.88,6.88,2,0
FPO,D,20141126,000000,6.9,6.9,6.9,6.9,2,0
FPO,D,20141127,000000,6.9,6.9,6.9,6.9,2,0
FPO,D,20141128,000000,6.88,6.88,6.88,6.88,2,0
FPO,D,20141201,000000,6.99,6.99,6.99,6.99,2,0
FPO,D,20141202,000000,6.99,6.99,6.99,6.99,5,0
FPO,D,20141203,000000,6.99,6.99,6.99,6.99,2,0
FPO,D,20141204,000000,6.99,6.99,6.99,6.99,2,0
FPO,D,20141205,000000,6.99,6.99,6.99,6.99,2,0
FPO,D,20141208,000000,6.99,6.99,6.99,6.99,2,0
FPO,D,20141209,000000,6.98,6.98,6.98,6.98,2,0
FPO,D,20141210,000000,6.99,6.99,6.99,6.99,2,0
FPO,D,20141211,000000,6.99,6.99,6.99,6.99,3,0
FPO,D,20141212,000000,6.98,6.98,6.98,6.98,2,0
FPO,D,20141215,000000,6.98,6.98,6.98,6.98,3,0
FPO,D,20141216,000000,6.99,6.99,6.99,6.99,2,0
FPO,D,20141217,000000,6.98,6.98,6.98,6.98,2,0
FPO,D,20141218,000000,6.98,6.98,6.98,6.98,2,0
FPO,D,20141219,000000,6.99,6.99,6.99,6.99,2,0
FPO,D,20141222,000000,6.99,6.99,6.99,6.99,3,0
FPO,D,20141223,000000,6.99,6.99,6.99,6.99,2,0
FPO,D,20141229,000000,6.98,6.98,6.98,6.98,2,0
FPO,D,20150102,000000,6.9,6.9,6.9,6.9,5,0
FPO,D,20150105,000000,6.88,6.88,6.88,6.88,2,0
FPO,D,20150107,000000,6.9,6.9,6.9,6.9,2,0
FPO,D,20150108,000000,6.9,6.9,6.9,6.9,5,0
FPO,D,20150109,000000,6.9,6.9,6.9,6.9,3,0
FPO,D,20150112,000000,6.85,6.85,5.66,6.85,238,0
FPO,D,20150126,000000,6.5,6.5,5.35,5.5,985,0
FPO,D,20150127,000000,5.45,5.45,5.45,5.45,5,0
FPO,D,20150202,000000,5.33,5.33,5.33,5.33,5,0
FPO,D,20150203,000000,5.3,5.3,5.3,5.3,10,0
FPO,D,20150204,000000,5.3,5.3,5.3,5.3,5,0
FPO,D,20150205,000000,5.3,5.3,5.3,5.3,5,0
FPO,D,20150206,000000,5.3,5.3,5.3,5.3,3,0
FPO,D,20150209,000000,5.3,5.3,5.3,5.3,3,0
FPO,D,20150210,000000,5.3,5.3,5.3,5.3,2,0
FPO,D,20150211,000000,5.3,5.3,5.16,5.16,10,0
FPO,D,20150212,000000,5.16,5.16,5.16,5.16,5,0
FPO,D,20150213,000000,5.16,5.16,5.16,5.16,3,0
FPO,D,20150216,000000,5.16,5.16,4.3,4.3,518,0
FPO,D,20150217,000000,4.05,4.05,3.95,3.95,394,0
FPO,D,20150223,000000,3.8,3.8,3.8,3.8,10,0
FPO,D,20150224,000000,3.8,3.8,3.8,3.8,3,0
FPO,D,20150227,000000,3.4,3.4,2.99,2.99,365,0
FPO,D,20150304,000000,2.77,2.77,2.77,2.77,10,0
FPO,D,20150306,000000,2.53,2.53,2.53,2.53,10,0
FPO,D,20150309,000000,2.5,2.5,2.5,2.5,5,0
FPO,D,20150310,000000,2.5,2.5,2.5,2.5,5,0
FPO,D,20150311,000000,2.5,2.5,2.5,2.5,5,0
FPO,D,20150312,000000,2.5,2.5,2.5,2.5,2,0
FPO,D,20150313,000000,2.5,2.5,2.5,2.5,3,0
FPO,D,20150316,000000,2.5,2.5,2.5,2.5,3,0
FPO,D,20150317,000000,2.5,2.5,2.5,2.5,3,0
FPO,D,20150318,000000,2.5,2.5,2.5,2.5,3,0
FPO,D,20150319,000000,2.5,2.5,2.5,2.5,4,0
FPO,D,20150325,000000,2.5,2.5,2.5,2.5,7,0
FPO,D,20150326,000000,2.5,2.5,2.5,2.5,3,0
FPO,D,20150327,000000,2.5,2.5,2.5,2.5,4,0
FPO,D,20150330,000000,2.5,2.5,2.5,2.5,3,0
FPO,D,20150331,000000,2.45,2.45,2.45,2.45,5,0
FPO,D,20150401,000000,2.45,2.45,2.45,2.45,5,0
FPO,D,20150402,000000,2.45,2.45,2.45,2.45,5,0
FPO,D,20150407,000000,2.45,2.45,2.45,2.45,3,0
FPO,D,20150408,000000,2.36,2.36,2.28,2.28,15,0
FPO,D,20150414,000000,2.1,2.1,2.1,2.1,10,0
FPO,D,20150423,000000,2.1,2.1,2.1,2.1,5,0
FPO,D,20150424,000000,2.1,2.1,2.1,2.1,5,0
FPO,D,20150427,000000,2.1,2.1,2.1,2.1,5,0
FPO,D,20150428,000000,2.1,2.1,2.1,2.1,15,0
FPO,D,20150429,000000,2.1,2.1,2.1,2.1,3,0
FPO,D,20150511,000000,2.1,2.1,1.98,1.98,15,0
FPO,D,20150512,000000,1.98,1.98,1.98,1.98,5,0
FPO,D,20150514,000000,1.98,1.98,1.98,1.98,10,0
FPO,D,20150515,000000,1.98,1.98,1.98,1.98,2,0
FPO,D,20150518,000000,1.98,1.98,1.98,1.98,5,0
FPO,D,20150519,000000,1.98,1.98,1.98,1.98,3,0
FPO,D,20150521,000000,1.9,1.9,1.9,1.9,10,0
FPO,D,20150522,000000,1.9,1.9,1.9,1.9,2,0
FPO,D,20150525,000000,1.9,1.9,1.9,1.9,3,0
FPO,D,20150526,000000,1.9,1.9,1.9,1.9,10,0
FPO,D,20150527,000000,1.9,1.9,1.8,1.8,12,0
FPO,D,20150528,000000,1.9,1.9,1.9,1.9,1,0
FPO,D,20150529,000000,1.9,1.9,1.9,1.9,1,0
FPO,D,20150601,000000,1.9,1.9,1.9,1.9,3,0
FPO,D,20150602,000000,1.9,1.9,1.9,1.9,5,0
FPO,D,20150603,000000,1.89,1.89,1.89,1.89,10,0
FPO,D,20150609,000000,1.89,1.89,1.68,1.68,11,0
FPO,D,20150610,000000,1.68,1.68,1.68,1.68,10,0
FPO,D,20150611,000000,1.68,1.68,1.68,1.68,5,0
FPO,D,20150612,000000,1.68,1.68,1.68,1.68,2,0
FPO,D,20150616,000000,1.9,1.9,1.9,1.9,2,0
FPO,D,20150617,000000,1.89,1.89,1.89,1.89,2,0
FPO,D,20150618,000000,1.88,1.88,1.88,1.88,5,0
FPO,D,20150619,000000,1.88,1.88,1.88,1.88,1,0
FPO,D,20150622,000000,1.9,1.9,1.9,1.9,1,0
FPO,D,20150623,000000,1.99,1.99,1.99,1.99,2,0
FPO,D,20150624,000000,1.99,1.99,1.99,1.99,1,0
FPO,D,20150626,000000,1.99,1.99,1.99,1.99,2,0
FPO,D,20150629,000000,1.99,1.99,1.99,1.99,1,0
FPO,D,20150630,000000,1.7,1.7,1.7,1.7,10,0
FPO,D,20150701,000000,1.55,1.55,1.55,1.55,10,0
FPO,D,20150702,000000,1.6,1.6,1.55,1.55,6,0
FPO,D,20150703,000000,1.59,1.59,1.59,1.59,1,0
FPO,D,20150706,000000,1.6,1.6,1.6,1.6,1,0
FPO,D,20150707,000000,1.59,1.59,1.59,1.59,1,0
FPO,D,20150708,000000,1.59,1.59,1.59,1.59,2,0
FPO,D,20150709,000000,1.59,1.59,1.59,1.59,1,0
FPO,D,20150710,000000,1.58,1.58,1.58,1.58,1,0
FPO,D,20150713,000000,1.58,1.58,1.58,1.58,1,0
FPO,D,20150714,000000,1.55,1.55,1.55,1.55,5,0
FPO,D,20150715,000000,1.5,1.5,1.5,1.5,1,0
FPO,D,20150716,000000,1.5,1.5,1.5,1.5,1,0
FPO,D,20150717,000000,1.5,1.5,1.5,1.5,3,0
FPO,D,20150720,000000,1.5,1.5,1.5,1.5,2,0
FPO,D,20150721,000000,1.5,1.5,1.5,1.5,2,0
FPO,D,20150722,000000,1.5,1.5,1.5,1.5,2,0
FPO,D,20150723,000000,1.5,1.5,1.5,1.5,3,0
FPO,D,20150724,000000,1.5,1.5,1.5,1.5,2,0
FPO,D,20150727,000000,1.5,1.5,1.5,1.5,2,0
FPO,D,20150728,000000,1.5,1.5,1.5,1.5,3,0
FPO,D,20150729,000000,1.5,1.5,1.5,1.5,3,0
FPO,D,20150730,000000,1.5,1.5,1.5,1.5,3,0
FPO,D,20150731,000000,1.49,1.49,1.49,1.49,2,0
FPO,D,20150803,000000,1.5,1.5,1.5,1.5,2,0
FPO,D,20150804,000000,1.5,1.5,1.5,1.5,2,0
FPO,D,20150805,000000,1.5,1.5,1.5,1.5,2,0
FPO,D,20150806,000000,1.5,1.5,1.5,1.5,3,0
FPO,D,20150810,000000,1.5,1.5,1.5,1.5,3,0
FPO,D,20150811,000000,1.5,1.5,1.5,1.5,3,0
FPO,D,20150812,000000,1.5,1.5,1.5,1.5,2,0
FPO,D,20150813,000000,1.5,1.5,1.5,1.5,2,0
FPO,D,20150814,000000,1.5,1.5,1.5,1.5,2,0
FPO,D,20150817,000000,1.5,1.5,1.5,1.5,2,0
FPO,D,20150818,000000,1.51,1.51,1.51,1.51,10,0
FPO,D,20150819,000000,1.49,1.49,1.42,1.42,12,0
FPO,D,20150820,000000,1.42,1.42,1.42,1.42,3,0
FPO,D,20150821,000000,1.49,1.49,1.49,1.49,2,0
FPO,D,20150824,000000,1.49,1.49,1.3,1.3,7,0
FPO,D,20150825,000000,1.49,1.49,1.49,1.49,2,0
FPO,D,20150826,000000,1.3,1.3,1.3,1.3,5,0
FPO,D,20150827,000000,1.3,1.3,1.3,1.3,2,0
FPO,D,20150828,000000,1.3,1.3,1.3,1.3,2,0
FPO,D,20150831,000000,1.3,1.3,1.3,1.3,10,0
FPO,D,20150901,000000,1.3,1.3,1.3,1.3,3,0
FPO,D,20150902,000000,1.3,1.3,1.3,1.3,2,0
FPO,D,20150903,000000,1.3,1.3,1.3,1.3,5,0
FPO,D,20150904,000000,1.3,1.3,1.3,1.3,2,0
FPO,D,20150907,000000,1.3,1.3,1.3,1.3,2,0
FPO,D,20150908,000000,1.18,1.18,1.18,1.18,5,0
FPO,D,20150909,000000,1.11,1.11,1.11,1.11,5,0
FPO,D,20150910,000000,1.11,1.11,1.11,1.11,2,0
FPO,D,20150911,000000,1.1,1.1,1.1,1.1,200,0
FPO,D,20150914,000000,1.1,1.1,1.1,1.1,2,0
FPO,D,20150915,000000,1.1,1.1,1.1,1.1,10,0
FPO,D,20150916,000000,1.1,1.1,1.1,1.1,2,0
FPO,D,20150917,000000,1.1,1.1,1.1,1.1,10,0
FPO,D,20150921,000000,1.1,1.1,1.1,1.1,5,0
FPO,D,20150922,000000,1.1,1.1,1.1,1.1,2,0
FPO,D,20150923,000000,1.1,1.1,1.1,1.1,2,0
FPO,D,20150924,000000,1.1,1.1,1.1,1.1,2,0
FPO,D,20150925,000000,1.1,1.1,1.1,1.1,2,0
FPO,D,20150928,000000,1.01,1.01,1.01,1.01,500,0
FPO,D,20150930,000000,1.01,1.01,1.01,1.01,2,0
FPO,D,20151001,000000,1.01,1.01,1.01,1.01,2,0
FPO,D,20151002,000000,1.01,1.01,1.01,1.01,2,0
FPO,D,20151006,000000,1.01,1.01,1.01,1.01,5,0
FPO,D,20151007,000000,1.01,1.01,1.01,1.01,2,0
FPO,D,20151008,000000,1.01,1.01,1.01,1.01,10,0
FPO,D,20151009,000000,1.01,1.01,1.01,1.01,2,0
FPO,D,20151012,000000,1,1,1,1,50,0
FPO,D,20151014,000000,1.01,1.01,1.01,1.01,2,0
FPO,D,20151023,000000,0.95,0.95,0.95,0.95,15,0
FPO,D,20151029,000000,0.95,0.95,0.95,0.95,20,0
FPO,D,20151030,000000,0.95,0.95,0.95,0.95,50,0
FPO,D,20151102,000000,0.93,0.93,0.93,0.93,50,0
FPO,D,20151103,000000,0.91,0.91,0.91,0.91,25,0
FPO,D,20151104,000000,0.91,0.91,0.9,0.91,3025,0
FPO,D,20151105,000000,0.93,0.93,0.92,0.92,7020,0
FPO,D,20151106,000000,0.93,0.93,0.93,0.93,200,0
FPO,D,20151109,000000,0.92,0.92,0.91,0.92,2100,0
FPO,D,20151110,000000,0.93,0.93,0.93,0.93,100,0
FPO,D,20151112,000000,0.93,0.93,0.92,0.92,2025,0
FPO,D,20151113,000000,0.93,0.93,0.93,0.93,15,0
FPO,D,20151116,000000,0.93,0.93,0.93,0.93,25,0
FPO,D,20151117,000000,0.93,0.93,0.93,0.93,50,0
FPO,D,20151118,000000,0.92,0.93,0.92,0.93,1100,0
FPO,D,20151119,000000,0.92,0.92,0.92,0.92,50,0
FPO,D,20151120,000000,0.93,0.93,0.93,0.93,50,0
FPO,D,20151123,000000,0.93,0.93,0.93,0.93,25,0
FPO,D,20151124,000000,0.93,0.93,0.93,0.93,25,0
FPO,D,20151125,000000,0.93,0.93,0.93,0.93,50,0
FPO,D,20151126,000000,0.9,0.9,0.83,0.83,2709,0
FPO,D,20151203,000000,0.8,0.8,0.8,0.8,11225,0
FPO,D,20151204,000000,0.8,0.8,0.8,0.8,10,0
FPO,D,20151207,000000,0.8,0.8,0.8,0.8,15,0
FPO,D,20151208,000000,0.8,0.8,0.8,0.8,25,0
FPO,D,20151215,000000,0.77,0.77,0.75,0.75,50,0
FPO,D,20151216,000000,0.74,0.74,0.74,0.74,30,0
FPO,D,20151217,000000,0.72,0.72,0.72,0.72,25,0
FPO,D,20151218,000000,0.72,0.72,0.72,0.72,15,0
FPO,D,20151221,000000,0.71,0.71,0.66,0.66,408,0
FPO,D,20151223,000000,0.66,0.66,0.66,0.66,25,0
FPO,D,20151228,000000,0.65,0.65,0.65,0.65,20,0
FPO,D,20151230,000000,0.65,0.65,0.65,0.65,2000,0
FPO,D,20160108,000000,0.65,0.65,0.65,0.65,2000,0
FPO,D,20160111,000000,0.65,0.65,0.65,0.65,20,0
FPO,D,20160112,000000,0.68,0.68,0.68,0.68,11370,0
FPO,D,20160120,000000,0.64,0.64,0.62,0.62,150,0
FPO,D,20160126,000000,0.62,0.62,0.56,0.56,5015,0
FPO,D,20160127,000000,0.56,0.56,0.49,0.5,10250,0
FPO,D,20160128,000000,0.5,0.5,0.5,0.5,15,0
FPO,D,20160129,000000,0.49,0.49,0.49,0.49,50,0
FPO,D,20160201,000000,0.48,0.48,0.48,0.48,30,0
FPO,D,20160202,000000,0.47,0.56,0.4,0.55,101779,0
FPO,D,20160203,000000,0.58,0.68,0.55,0.6,38194,0
FPO,D,20160204,000000,0.6,0.71,0.6,0.71,35319,0
FPO,D,20160205,000000,0.69,0.87,0.59,0.87,46453,0
FPO,D,20160208,000000,1.03,1.23,0.93,1.21,68315,0
FPO,D,20160209,000000,1,1.2,0.92,1.19,53126,0
FPO,D,20160210,000000,1.2,1.71,0.96,1.64,17762,0
FPO,D,20160211,000000,1.64,1.93,1.45,1.88,15057,0
FPO,D,20160212,000000,2.04,2.44,1.85,2.38,6104,0
FPO,D,20160215,000000,2.6,2.76,1.7,2,9212,0
FPO,D,20160216,000000,1.7,2,1.42,1.55,22212,0
FPO,D,20160217,000000,1.24,1.48,1.1,1.1,29563,0
FPO,D,20160218,000000,1.1,1.32,1,1.28,8582,0
FPO,D,20160219,000000,1.34,1.59,1.15,1.15,7346,0
FPO,D,20160222,000000,1.33,1.44,1.15,1.37,1368,0
FPO,D,20160223,000000,1.54,1.84,1.35,1.84,10234,0
FPO,D,20160224,000000,2.2,2.4,1.76,2.19,8023,0
FPO,D,20160225,000000,2.25,2.35,1.8,2.05,9314,0
FPO,D,20160226,000000,2.07,2.29,1.82,2.26,5271,0
FPO,D,20160229,000000,2.28,2.73,2,2.38,13634,0
FPO,D,20160301,000000,2.8,3.36,2.8,3.35,14090,0
FPO,D,20160302,000000,4,4,3.25,3.77,9027,0
FPO,D,20160303,000000,3.77,3.77,2.75,3.25,6855,0
FPO,D,20160304,000000,3.39,3.5,2.72,2.72,11221,0
FPO,D,20160307,000000,2.62,3.14,2.5,2.8,11744,0
FPO,D,20160308,000000,2.88,3.13,2.87,3.12,753,0
FPO,D,20160309,000000,2.95,2.95,2.36,2.42,4746,0
FPO,D,20160310,000000,2.41,2.68,1.98,2.01,36990,0
FPO,D,20160311,000000,2.25,2.26,1.84,2.09,10306,0
FPO,D,20160314,000000,1.97,2.09,1.8,2.09,2278,0
FPO,D,20160315,000000,1.93,2.13,1.77,1.89,3593,0
FPO,D,20160316,000000,1.78,1.95,1.78,1.95,923,0
FPO,D,20160317,000000,1.83,1.9,1.79,1.79,1433,0
FPO,D,20160318,000000,1.72,1.78,1.6,1.74,4126,0
FPO,D,20160321,000000,1.72,1.85,1.6,1.72,4334,0
FPO,D,20160322,000000,1.8,1.8,1.79,1.79,987,0
FPO,D,20160323,000000,1.79,1.79,1.78,1.78,425,0
FPO,D,20160324,000000,1.7,1.7,1.5,1.67,2185,0
FPO,D,20160329,000000,1.67,1.67,1.4,1.45,4071,0
FPO,D,20160330,000000,1.46,1.68,1.46,1.67,3903,0
FPO,D,20160331,000000,1.6,1.82,1.6,1.77,4969,0
FPO,D,20160401,000000,1.82,1.82,1.71,1.71,150,0
FPO,D,20160404,000000,1.8,1.8,1.7,1.7,25,0
FPO,D,20160405,000000,1.58,1.58,1.25,1.25,3900,0
FPO,D,20160406,000000,1.25,1.25,1.25,1.25,15,0
FPO,D,20160407,000000,1.48,1.48,1.48,1.48,1589,0
FPO,D,20160408,000000,1.44,1.47,1.44,1.47,1285,0
FPO,D,20160411,000000,1.47,1.47,1.47,1.47,15,0
FPO,D,20160412,000000,1.47,1.47,1.47,1.47,30,0
FPO,D,20160413,000000,1.37,1.37,1.37,1.37,10,0
FPO,D,20160414,000000,1.23,1.3,1.23,1.3,1880,0
FPO,D,20160415,000000,1.29,1.29,1.29,1.29,10,0
FPO,D,20160418,000000,1.28,1.28,1.28,1.28,10,0
FPO,D,20160419,000000,1.26,1.26,1.26,1.26,1395,0
FPO,D,20160420,000000,1.3,1.3,1.3,1.3,2775,0
FPO,D,20160421,000000,1.35,1.39,1.35,1.39,1535,0
FPO,D,20160422,000000,1.39,1.39,1.39,1.39,115,0
FPO,D,20160425,000000,1.39,1.48,1.39,1.48,1916,0
FPO,D,20160426,000000,1.47,1.47,1.47,1.47,500,0
FPO,D,20160427,000000,1.45,1.45,1.34,1.34,320,0
FPO,D,20160428,000000,1.42,1.42,1.42,1.42,25,0
FPO,D,20160429,000000,1.41,1.41,1.41,1.41,10,0
FPO,D,20160502,000000,1.43,1.48,1.43,1.48,1935,0
FPO,D,20160504,000000,1.58,1.58,1.58,1.58,1641,0
FPO,D,20160505,000000,1.6,1.6,1.6,1.6,55,0
FPO,D,20160506,000000,1.67,1.67,1.67,1.67,80,0
FPO,D,20160509,000000,1.67,1.67,1.67,1.67,8285,0
FPO,D,20160510,000000,1.68,1.68,1.68,1.68,2453,0
FPO,D,20160511,000000,1.68,1.68,1.68,1.68,5,0
FPO,D,20160512,000000,1.78,1.78,1.77,1.77,2613,0
FPO,D,20160513,000000,1.77,1.77,1.77,1.77,15,0
FPO,D,20160516,000000,1.55,1.55,1.3,1.3,60,0
FPO,D,20160517,000000,1.3,1.3,1.3,1.3,1740,0
FPO,D,20160518,000000,1.4,1.4,1.4,1.4,365,0
FPO,D,20160519,000000,1.29,1.29,1.29,1.29,1000,0
FPO,D,20160520,000000,1.4,1.4,1.4,1.4,2130,0
FPO,D,20160523,000000,1.5,1.5,1.5,1.5,50,0
FPO,D,20160524,000000,1.39,1.39,1.39,1.39,10,0
FPO,D,20160525,000000,1.2,1.2,1.2,1.2,470,0
FPO,D,20160527,000000,1.19,1.19,1.19,1.19,10,0
FPO,D,20160530,000000,1.19,1.19,1.19,1.19,10,0
FPO,D,20160531,000000,1.09,1.09,1.09,1.09,25,0
FPO,D,20160601,000000,1,1,1,1,1040,0
FPO,D,20160603,000000,0.73,0.73,0.73,0.73,4455,0
FPO,D,20160606,000000,0.7,0.7,0.65,0.65,405,0
FPO,D,20160607,000000,0.69,0.69,0.6,0.6,13675,0
FPO,D,20160608,000000,0.6,0.6,0.6,0.6,4695,0
FPO,D,20160609,000000,0.55,0.55,0.52,0.52,9005,0
FPO,D,20160610,000000,0.55,0.55,0.55,0.55,41856,0
FPO,D,20160613,000000,0.66,0.66,0.66,0.66,500,0
FPO,D,20160614,000000,0.65,0.65,0.65,0.65,5899,0
FPO,D,20160615,000000,0.6,0.6,0.6,0.6,6910,0
FPO,D,20160616,000000,0.5,0.5,0.5,0.5,27558,0
FPO,D,20160620,000000,0.53,0.54,0.53,0.54,3423,0
FPO,D,20160621,000000,0.59,0.59,0.59,0.59,6940,0
FPO,D,20160622,000000,0.7,0.7,0.7,0.7,17008,0
FPO,D,20160623,000000,0.79,0.85,0.79,0.85,11926,0
FPO,D,20160624,000000,0.75,0.87,0.75,0.87,22415,0
FPO,D,20160627,000000,0.92,0.92,0.92,0.92,4650,0
FPO,D,20160628,000000,0.78,0.78,0.78,0.78,1000,0
FPO,D,20160629,000000,0.75,0.75,0.74,0.74,16806,0
FPO,D,20160630,000000,0.88,0.88,0.8,0.8,12601,0
FPO,D,20160701,000000,0.94,0.96,0.79,0.87,1840,0
FPO,D,20160704,000000,0.77,0.8,0.75,0.8,4085,0
FPO,D,20160705,000000,0.73,0.73,0.6,0.62,11900,0
FPO,D,20160706,000000,0.71,0.74,0.58,0.58,19297,0
FPO,D,20160707,000000,0.61,0.65,0.54,0.65,14566,0
FPO,D,20160708,000000,0.67,0.67,0.67,0.67,7,0
FPO,D,20160711,000000,0.65,0.67,0.65,0.67,520,0
FPO,D,20160712,000000,0.64,0.67,0.6,0.67,4440,0
FPO,D,20160713,000000,0.61,0.68,0.6,0.65,15504,0
FPO,D,20160714,000000,0.62,0.73,0.62,0.65,19066,0
FPO,D,20160715,000000,0.72,0.75,0.63,0.72,17805,0
FPO,D,20160718,000000,0.75,0.75,0.66,0.67,4277,0
FPO,D,20160719,000000,0.66,0.93,0.61,0.93,47054,0
FPO,D,20160720,000000,0.95,1.34,0.95,1.11,36750,0
FPO,D,20160721,000000,1.05,1.25,0.97,1.19,15745,0
FPO,D,20160722,000000,1.19,1.2,0.98,1.04,18816,0
FPO,D,20160725,000000,1.1,1.12,0.98,1.09,18807,0
FPO,D,20160726,000000,1.09,1.46,1.09,1.46,48128,0
FPO,D,20160727,000000,1.49,1.72,1.47,1.62,55897,0
FPO,D,20160728,000000,1.69,1.69,1.36,1.56,28386,0
FPO,D,20160729,000000,1.44,1.53,1.26,1.37,8853,0
FPO,D,20160801,000000,1.3,1.49,1.04,1.15,24872,0
FPO,D,20160802,000000,1.24,1.27,1.11,1.19,12536,0
FPO,D,20160803,000000,1.19,1.25,0.96,0.96,27049,0
FPO,D,20160804,000000,1,1.08,0.95,1.07,6870,0
FPO,D,20160805,000000,0.96,1.05,0.89,0.99,14578,0
FPO,D,20160808,000000,0.98,1.09,0.92,1.01,18668,0
FPO,D,20160809,000000,1.03,1.13,1,1.05,7096,0
FPO,D,20160810,000000,1.11,1.17,1.01,1.17,8620,0
FPO,D,20160811,000000,1.22,1.22,1.07,1.19,1264,0
FPO,D,20160812,000000,1.18,1.18,1.07,1.16,1690,0
FPO,D,20160816,000000,1.06,1.06,0.75,0.78,15912,0
FPO,D,20160817,000000,0.81,0.98,0.8,0.98,9521,0
FPO,D,20160818,000000,0.96,1.35,0.95,1.24,33641,0
FPO,D,20160819,000000,1.17,1.21,1.07,1.21,13445,0
FPO,D,20160822,000000,1.2,1.2,1.01,1.06,6664,0
FPO,D,20160823,000000,1.12,1.12,0.95,1.04,6463,0
FPO,D,20160824,000000,0.94,1.04,0.88,0.98,5261,0
FPO,D,20160825,000000,0.91,0.97,0.8,0.86,13680,0
FPO,D,20160826,000000,0.86,0.86,0.78,0.85,1094,0
FPO,D,20160829,000000,0.82,0.85,0.82,0.85,690,0
FPO,D,20160830,000000,0.81,0.81,0.74,0.78,6351,0
FPO,D,20160831,000000,0.75,0.75,0.61,0.73,4581,0
FPO,D,20160901,000000,0.67,0.73,0.64,0.73,14636,0
FPO,D,20160902,000000,0.73,0.73,0.62,0.66,8070,0
FPO,D,20160905,000000,0.66,0.72,0.66,0.72,2150,0
FPO,D,20160906,000000,0.71,0.78,0.58,0.58,26269,0
FPO,D,20160907,000000,0.61,0.68,0.58,0.68,17972,0
FPO,D,20160908,000000,0.68,0.73,0.58,0.73,5255,0
FPO,D,20160909,000000,0.72,0.73,0.62,0.72,9266,0
FPO,D,20160912,000000,0.7,0.7,0.63,0.7,1230,0
FPO,D,20160913,000000,0.63,0.69,0.62,0.62,4905,0
FPO,D,20160914,000000,0.62,0.62,0.62,0.62,506,0
FPO,D,20160915,000000,0.65,0.65,0.62,0.62,2109,0
FPO,D,20160916,000000,0.62,0.62,0.62,0.62,50,0
FPO,D,20160919,000000,0.61,0.61,0.55,0.61,4179,0
FPO,D,20160920,000000,0.61,0.61,0.56,0.56,2700,0
FPO,D,20160921,000000,0.57,0.6,0.57,0.57,540,0
FPO,D,20160922,000000,0.57,0.66,0.56,0.66,3587,0
FPO,D,20160923,000000,0.65,0.7,0.62,0.69,7267,0
FPO,D,20160926,000000,0.69,0.7,0.64,0.7,3913,0
FPO,D,20160927,000000,0.7,0.73,0.66,0.73,7086,0
FPO,D,20160928,000000,0.68,0.71,0.68,0.71,1380,0
FPO,D,20160929,000000,0.7,0.7,0.65,0.7,2270,0
FPO,D,20160930,000000,0.7,0.7,0.69,0.7,160,0
FPO,D,20161003,000000,0.66,0.66,0.66,0.66,1400,0
FPO,D,20161004,000000,0.65,0.68,0.63,0.68,1065,0
FPO,D,20161005,000000,0.68,0.68,0.68,0.68,150,0
FPO,D,20161006,000000,0.67,0.67,0.67,0.67,50,0
FPO,D,20161007,000000,0.67,0.67,0.67,0.67,100,0
FPO,D,20161010,000000,0.66,0.68,0.66,0.68,1000,0
FPO,D,20161011,000000,0.68,0.68,0.68,0.68,100,0
FPO,D,20161012,000000,0.68,0.68,0.68,0.68,100,0
FPO,D,20161013,000000,0.68,0.68,0.67,0.68,1100,0
FPO,D,20161014,000000,0.68,0.68,0.68,0.68,100,0
FPO,D,20161017,000000,0.68,0.68,0.68,0.68,50,0
FPO,D,20161018,000000,0.65,0.67,0.6,0.63,2552,0
FPO,D,20161019,000000,0.6,0.6,0.53,0.58,23635,0
FPO,D,20161020,000000,0.58,0.58,0.51,0.56,8899,0
FPO,D,20161021,000000,0.52,0.6,0.5,0.6,19800,0
FPO,D,20161024,000000,0.6,0.6,0.53,0.57,7609,0
FPO,D,20161025,000000,0.57,0.6,0.57,0.59,4050,0
FPO,D,20161026,000000,0.6,0.62,0.52,0.55,14005,0
FPO,D,20161027,000000,0.55,0.57,0.5,0.57,11095,0
FPO,D,20161028,000000,0.57,0.57,0.54,0.54,200,0
FPO,D,20161031,000000,0.56,0.57,0.56,0.57,2225,0
FPO,D,20161102,000000,0.57,0.59,0.55,0.58,12284,0
FPO,D,20161103,000000,0.58,0.65,0.57,0.65,9895,0
FPO,D,20161104,000000,0.65,0.67,0.53,0.56,17802,0
FPO,D,20161107,000000,0.58,0.61,0.58,0.61,700,0
FPO,D,20161108,000000,0.6,0.6,0.6,0.6,100,0
FPO,D,20161109,000000,0.58,0.59,0.53,0.59,6750,0
FPO,D,20161110,000000,0.55,0.57,0.53,0.57,5300,0
FPO,D,20161114,000000,0.57,0.57,0.48,0.56,16111,0
FPO,D,20161115,000000,0.51,0.52,0.51,0.52,1700,0
FPO,D,20161116,000000,0.51,0.51,0.45,0.45,6500,0
FPO,D,20161117,000000,0.45,0.48,0.45,0.48,500,0
FPO,D,20161118,000000,0.47,0.47,0.46,0.47,10105,0
FPO,D,20161121,000000,0.47,0.47,0.45,0.45,2100,0
FPO,D,20161122,000000,0.47,0.51,0.42,0.51,24337,0
FPO,D,20161123,000000,0.5,0.63,0.5,0.62,22280,0
FPO,D,20161124,000000,0.62,0.73,0.62,0.7,32883,0
FPO,D,20161125,000000,0.67,0.71,0.63,0.71,3928,0
FPO,D,20161128,000000,0.65,0.7,0.57,0.62,14852,0
FPO,D,20161129,000000,0.62,0.62,0.61,0.62,1836,0
FPO,D,20161130,000000,0.62,0.62,0.52,0.57,13061,0
FPO,D,20161201,000000,0.54,0.57,0.53,0.55,5150,0
FPO,D,20161202,000000,0.54,0.54,0.51,0.53,18349,0
FPO,D,20161205,000000,0.53,0.6,0.52,0.6,6200,0
FPO,D,20161206,000000,0.55,0.59,0.55,0.59,16986,0
FPO,D,20161207,000000,0.58,0.58,0.57,0.58,1100,0
FPO,D,20161208,000000,0.54,0.59,0.5,0.59,7350,0
FPO,D,20161213,000000,0.58,0.58,0.58,0.58,50,0
FPO,D,20161214,000000,0.58,0.58,0.58,0.58,50,0
FPO,D,20161215,000000,0.57,0.59,0.52,0.59,12060,0
FPO,D,20161216,000000,0.58,0.58,0.58,0.58,50,0
FPO,D,20161219,000000,0.58,0.58,0.58,0.58,50,0
FPO,D,20161220,000000,0.54,0.58,0.52,0.58,1025,0
FPO,D,20161221,000000,0.58,0.58,0.57,0.58,220,0
FPO,D,20161222,000000,0.58,0.58,0.57,0.58,485,0
FPO,D,20161223,000000,0.58,0.58,0.58,0.58,25,0
FPO,D,20161227,000000,0.58,0.68,0.57,0.65,19515,0
FPO,D,20161228,000000,0.62,0.66,0.62,0.66,5500,0
FPO,D,20161229,000000,0.65,0.65,0.59,0.65,2130,0
FPO,D,20161230,000000,0.6,0.64,0.55,0.6,5292,0
FPO,D,20170102,000000,0.6,0.63,0.6,0.63,150,0
FPO,D,20170103,000000,0.6,0.6,0.6,0.6,407,0
FPO,D,20170104,000000,0.6,0.63,0.6,0.63,1470,0
FPO,D,20170105,000000,0.63,0.63,0.62,0.63,1100,0
FPO,D,20170109,000000,0.63,0.64,0.59,0.64,4652,0
FPO,D,20170110,000000,0.64,0.64,0.59,0.64,2500,0
FPO,D,20170111,000000,0.63,0.63,0.62,0.63,550,0
FPO,D,20170112,000000,0.63,0.64,0.62,0.64,5240,0
FPO,D,20170113,000000,0.64,0.64,0.64,0.64,350,0
FPO,D,20170116,000000,0.65,0.66,0.65,0.66,4750,0
FPO,D,20170117,000000,0.66,0.66,0.65,0.66,1941,0
FPO,D,20170118,000000,0.66,0.66,0.66,0.66,50,0
FPO,D,20170119,000000,0.66,0.66,0.66,0.66,50,0
FPO,D,20170120,000000,0.66,0.67,0.65,0.67,950,0
FPO,D,20170123,000000,0.63,0.67,0.6,0.67,1703,0
FPO,D,20170124,000000,0.66,0.94,0.66,0.94,57575,0
FPO,D,20170125,000000,0.95,0.98,0.78,0.78,43579,0
FPO,D,20170126,000000,0.76,0.79,0.68,0.72,23152,0
FPO,D,20170127,000000,0.73,0.74,0.7,0.74,1011,0
FPO,D,20170130,000000,0.74,0.76,0.67,0.76,3973,0
FPO,D,20170131,000000,0.75,0.75,0.69,0.73,1260,0
FPO,D,20170201,000000,0.69,0.72,0.68,0.72,990,0
FPO,D,20170202,000000,0.72,0.98,0.71,0.91,69203,0
FPO,D,20170203,000000,0.85,1.02,0.8,1.02,54743,0
FPO,D,20170206,000000,1.02,1.1,0.85,1.04,56784,0
FPO,D,20170207,000000,0.98,0.98,0.85,0.98,11634,0
FPO,D,20170208,000000,0.92,0.92,0.76,0.81,33879,0
FPO,D,20170209,000000,0.81,0.83,0.76,0.83,9250,0
FPO,D,20170210,000000,0.83,0.9,0.83,0.86,1715,0
FPO,D,20170213,000000,0.85,0.88,0.84,0.88,2812,0
FPO,D,20170214,000000,0.84,0.85,0.77,0.78,12639,0
FPO,D,20170215,000000,0.78,0.78,0.72,0.72,5569,0
FPO,D,20170216,000000,0.73,0.73,0.59,0.64,40370,0
FPO,D,20170217,000000,0.61,0.63,0.6,0.63,2657,0
FPO,D,20170220,000000,0.63,0.64,0.61,0.63,5893,0
FPO,D,20170221,000000,0.62,0.62,0.59,0.61,1601,0
FPO,D,20170222,000000,0.61,0.61,0.58,0.61,2400,0
FPO,D,20170223,000000,0.59,0.64,0.59,0.64,2256,0
FPO,D,20170224,000000,0.65,0.65,0.64,0.65,1300,0
FPO,D,20170227,000000,0.65,0.68,0.63,0.63,1641,0
FPO,D,20170228,000000,0.63,0.63,0.63,0.63,100,0
FPO,D,20170301,000000,0.62,0.62,0.61,0.61,1130,0
FPO,D,20170302,000000,0.6,0.6,0.53,0.58,12037,0
FPO,D,20170303,000000,0.56,0.59,0.54,0.59,20891,0
FPO,D,20170306,000000,0.55,0.59,0.53,0.53,35258,0
FPO,D,20170307,000000,0.53,0.56,0.53,0.56,5836,0
FPO,D,20170308,000000,0.56,0.58,0.53,0.58,10326,0
FPO,D,20170309,000000,0.58,0.6,0.58,0.6,200,0
FPO,D,20170310,000000,0.59,0.59,0.55,0.55,2050,0
FPO,D,20170313,000000,0.54,0.57,0.53,0.53,6618,0
FPO,D,20170315,000000,0.53,0.56,0.53,0.55,1106,0
FPO,D,20170316,000000,0.56,0.56,0.52,0.55,4201,0
FPO,D,20170317,000000,0.56,0.65,0.52,0.62,36423,0
FPO,D,20170320,000000,0.63,0.63,0.63,0.63,100,0
FPO,D,20170321,000000,0.63,0.63,0.52,0.54,5766,0
FPO,D,20170322,000000,0.54,0.55,0.53,0.55,306,0
FPO,D,20170323,000000,0.56,0.56,0.54,0.54,450,0
FPO,D,20170324,000000,0.53,0.56,0.53,0.56,961,0
FPO,D,20170327,000000,0.56,0.56,0.56,0.56,50,0
FPO,D,20170328,000000,0.56,0.56,0.56,0.56,100,0
FPO,D,20170329,000000,0.56,0.56,0.56,0.56,100,0
FPO,D,20170330,000000,0.54,0.54,0.54,0.54,100,0
FPO,D,20170331,000000,0.54,0.54,0.54,0.54,158,0
FPO,D,20170403,000000,0.53,0.55,0.51,0.55,2050,0
FPO,D,20170404,000000,0.56,0.56,0.56,0.56,50,0
FPO,D,20170405,000000,0.55,0.55,0.55,0.55,50,0
FPO,D,20170406,000000,0.55,0.58,0.54,0.58,5068,0
FPO,D,20170407,000000,0.58,0.58,0.56,0.56,805,0
FPO,D,20170410,000000,0.58,0.58,0.58,0.58,150,0
FPO,D,20170411,000000,0.58,0.63,0.58,0.63,4801,0
FPO,D,20170412,000000,0.63,0.63,0.6,0.6,145,0
FPO,D,20170413,000000,0.62,0.64,0.61,0.64,2293,0
FPO,D,20170418,000000,0.63,0.63,0.59,0.59,250,0
FPO,D,20170419,000000,0.61,0.61,0.56,0.58,2261,0
FPO,D,20170420,000000,0.57,0.6,0.55,0.6,2666,0
FPO,D,20170421,000000,0.6,0.6,0.6,0.6,20,0
FPO,D,20170424,000000,0.57,0.57,0.53,0.57,2001,0
FPO,D,20170425,000000,0.56,0.56,0.56,0.56,25,0
FPO,D,20170426,000000,0.55,0.57,0.55,0.57,201,0
FPO,D,20170427,000000,0.55,0.55,0.55,0.55,63,0
FPO,D,20170504,000000,0.55,0.55,0.55,0.55,96,0
FPO,D,20170510,000000,0.55,0.55,0.48,0.53,5051,0
FPO,D,20170512,000000,0.5,0.53,0.47,0.53,3510,0
FPO,D,20170515,000000,0.49,0.49,0.47,0.47,1982,0
FPO,D,20170516,000000,0.46,0.47,0.44,0.47,12273,0
FPO,D,20170517,000000,0.44,0.47,0.44,0.47,1001,0
FPO,D,20170518,000000,0.47,0.47,0.47,0.47,350,0
FPO,D,20170519,000000,0.48,0.48,0.48,0.48,1,0
FPO,D,20170522,000000,0.48,0.49,0.48,0.49,701,0
FPO,D,20170523,000000,0.48,0.48,0.48,0.48,100,0
FPO,D,20170524,000000,0.48,0.48,0.48,0.48,50,0
FPO,D,20170525,000000,0.48,0.48,0.48,0.48,50,0
FPO,D,20170526,000000,0.48,0.48,0.48,0.48,100,0
FPO,D,20170529,000000,0.48,0.48,0.42,0.42,10100,0
FPO,D,20170530,000000,0.46,0.46,0.46,0.46,50,0
FPO,D,20170531,000000,0.46,0.46,0.46,0.46,50,0
FPO,D,20170601,000000,0.46,0.46,0.46,0.46,100,0
FPO,D,20170602,000000,0.46,0.47,0.46,0.47,502,0
FPO,D,20170605,000000,0.47,0.47,0.47,0.47,50,0
FPO,D,20170606,000000,0.47,0.47,0.47,0.47,150,0
FPO,D,20170607,000000,0.47,0.47,0.47,0.47,50,0
FPO,D,20170608,000000,0.47,0.47,0.42,0.47,851,0
FPO,D,20170609,000000,0.47,0.47,0.47,0.47,100,0
FPO,D,20170612,000000,0.47,0.47,0.47,0.47,213,0
FPO,D,20170613,000000,0.47,0.47,0.47,0.47,30,0
FPO,D,20170614,000000,0.47,0.47,0.41,0.46,1881,0
FPO,D,20170616,000000,0.46,0.46,0.41,0.43,5845,0
FPO,D,20170622,000000,0.44,0.45,0.44,0.45,200,0
FPO,D,20170623,000000,0.45,0.45,0.45,0.45,100,0
FPO,D,20170626,000000,0.45,0.45,0.45,0.45,50,0
FPO,D,20170627,000000,0.45,0.45,0.45,0.45,50,0
FPO,D,20170628,000000,0.45,0.45,0.41,0.41,350,0
FPO,D,20170629,000000,0.41,0.41,0.41,0.41,2406,0
FPO,D,20170630,000000,0.42,0.43,0.42,0.43,401,0
FPO,D,20170703,000000,0.43,0.43,0.43,0.43,50,0
FPO,D,20170704,000000,0.43,0.43,0.43,0.43,50,0
FPO,D,20170705,000000,0.43,0.43,0.43,0.43,100,0
FPO,D,20170706,000000,0.43,0.47,0.42,0.47,5010,0
FPO,D,20170710,000000,0.46,0.51,0.46,0.51,5144,0
FPO,D,20170712,000000,0.45,0.5,0.45,0.5,61,0
FPO,D,20170717,000000,0.5,0.5,0.5,0.5,25,0
FPO,D,20170718,000000,0.5,0.5,0.43,0.49,3150,0
FPO,D,20170719,000000,0.5,0.5,0.47,0.48,410,0
FPO,D,20170720,000000,0.43,0.47,0.41,0.42,3011,0
FPO,D,20170721,000000,0.43,0.43,0.41,0.41,2000,0
FPO,D,20170724,000000,0.44,0.44,0.44,0.44,70,0
FPO,D,20170725,000000,0.44,0.44,0.44,0.44,40,0
FPO,D,20170726,000000,0.44,0.44,0.44,0.44,30,0
FPO,D,20170727,000000,0.44,0.44,0.44,0.44,50,0
FPO,D,20170728,000000,0.44,0.44,0.44,0.44,100,0
FPO,D,20170731,000000,0.44,0.44,0.44,0.44,100,0
FPO,D,20170801,000000,0.44,0.44,0.44,0.44,30,0
FPO,D,20170802,000000,0.44,0.44,0.44,0.44,516,0
FPO,D,20170803,000000,0.44,0.44,0.44,0.44,30,0
FPO,D,20170804,000000,0.44,0.44,0.44,0.44,100,0
FPO,D,20170807,000000,0.44,0.44,0.44,0.44,100,0
FPO,D,20170808,000000,0.44,0.44,0.44,0.44,100,0
FPO,D,20170809,000000,0.44,0.44,0.44,0.44,100,0
FPO,D,20170810,000000,0.44,0.44,0.44,0.44,100,0
FPO,D,20170811,000000,0.44,0.44,0.44,0.44,34,0
FPO,D,20170814,000000,0.42,0.46,0.4,0.46,7501,0
FPO,D,20170822,000000,0.42,0.42,0.42,0.42,100,0
FPO,D,20170823,000000,0.42,0.42,0.42,0.42,100,0
FPO,D,20170824,000000,0.42,0.45,0.42,0.45,4441,0
FPO,D,20170830,000000,0.42,0.42,0.41,0.41,300,0
FPO,D,20170831,000000,0.39,0.4,0.39,0.4,3411,0
FPO,D,20170901,000000,0.41,0.41,0.41,0.41,100,0
FPO,D,20170904,000000,0.4,0.4,0.4,0.4,50,0
FPO,D,20170906,000000,0.4,0.4,0.4,0.4,100,0
FPO,D,20170907,000000,0.4,0.4,0.4,0.4,100,0
FPO,D,20170908,000000,0.4,0.4,0.4,0.4,100,0
FPO,D,20170911,000000,0.39,0.39,0.39,0.39,100,0
FPO,D,20170912,000000,0.39,0.4,0.39,0.39,6111,0
FPO,D,20170913,000000,0.39,0.39,0.39,0.39,300,0
FPO,D,20170914,000000,0.39,0.39,0.39,0.39,100,0
FPO,D,20170915,000000,0.39,0.41,0.39,0.41,2678,0
FPO,D,20170918,000000,0.41,0.41,0.41,0.41,30,0
FPO,D,20170919,000000,0.41,0.41,0.41,0.41,30,0
FPO,D,20170920,000000,0.41,0.41,0.41,0.41,1000,0
FPO,D,20170921,000000,0.41,0.41,0.41,0.41,45,0
FPO,D,20170922,000000,0.41,0.42,0.41,0.42,295,0
FPO,D,20170925,000000,0.41,0.44,0.4,0.44,956,0
FPO,D,20170926,000000,0.45,0.45,0.45,0.45,100,0
FPO,D,20170927,000000,0.45,0.45,0.45,0.45,100,0
FPO,D,20170928,000000,0.45,0.45,0.45,0.45,100,0
FPO,D,20170929,000000,0.44,0.47,0.44,0.47,5758,0
FPO,D,20171002,000000,0.47,0.49,0.47,0.49,200,0
FPO,D,20171003,000000,0.43,0.48,0.43,0.48,5601,0
FPO,D,20171004,000000,0.48,0.48,0.48,0.48,100,0
FPO,D,20171005,000000,0.48,0.48,0.42,0.44,610,0
FPO,D,20171019,000000,0.43,0.43,0.4,0.4,2948,0
FPO,D,20171020,000000,0.4,0.4,0.4,0.4,1139,0
FPO,D,20171025,000000,0.4,0.4,0.39,0.39,2000,0
FPO,D,20171026,000000,0.39,0.39,0.39,0.39,100,0
FPO,D,20171027,000000,0.39,0.39,0.39,0.39,100,0
FPO,D,20171030,000000,0.39,0.39,0.39,0.39,811,0
FPO,D,20171102,000000,0.39,0.39,0.38,0.38,1594,0
FPO,D,20171103,000000,0.38,0.38,0.38,0.38,450,0
FPO,D,20171106,000000,0.38,0.38,0.38,0.38,544,0
FPO,D,20171107,000000,0.38,0.38,0.38,0.38,100,0
FPO,D,20171108,000000,0.38,0.38,0.38,0.38,150,0
FPO,D,20171109,000000,0.38,0.38,0.38,0.38,1450,0
FPO,D,20171110,000000,0.38,0.38,0.38,0.38,100,0
FPO,D,20171113,000000,0.38,0.38,0.38,0.38,100,0
FPO,D,20171114,000000,0.38,0.38,0.38,0.38,100,0
FPO,D,20171115,000000,0.38,0.38,0.38,0.38,100,0
FPO,D,20171116,000000,0.38,0.38,0.38,0.38,100,0
FPO,D,20171117,000000,0.38,0.38,0.38,0.38,100,0
FPO,D,20171127,000000,0.37,0.41,0.36,0.41,5429,0
FPO,D,20171128,000000,0.4,0.43,0.4,0.42,5132,0
FPO,D,20171129,000000,0.42,0.42,0.42,0.42,100,0
FPO,D,20171130,000000,0.42,0.44,0.42,0.44,101,0
FPO,D,20171201,000000,0.42,0.42,0.42,0.42,100,0
FPO,D,20171204,000000,0.42,0.42,0.4,0.4,391,0
FPO,D,20171205,000000,0.42,0.42,0.41,0.42,700,0
FPO,D,20171206,000000,0.42,0.42,0.42,0.42,30,0
FPO,D,20171207,000000,0.42,0.42,0.42,0.42,100,0
FPO,D,20171208,000000,0.42,0.42,0.42,0.42,100,0
FPO,D,20171211,000000,0.39,0.44,0.37,0.43,14948,0
FPO,D,20171212,000000,0.43,0.43,0.43,0.43,100,0
FPO,D,20171213,000000,0.42,0.42,0.42,0.42,100,0
FPO,D,20171215,000000,0.4,0.4,0.4,0.4,100,0
FPO,D,20171220,000000,0.39,0.39,0.37,0.37,2148,0
FPO,D,20171221,000000,0.38,0.41,0.38,0.41,201,0
FPO,D,20180104,000000,0.43,0.43,0.43,0.43,100,0
FPO,D,20180105,000000,0.43,0.43,0.43,0.43,150,0
FPO,D,20180108,000000,0.43,0.43,0.43,0.43,50,0
FPO,D,20180109,000000,0.43,0.43,0.43,0.43,100,0
FPO,D,20180110,000000,0.43,0.43,0.43,0.43,100,0
FPO,D,20180111,000000,0.43,0.43,0.43,0.43,30,0
FPO,D,20180112,000000,0.43,0.43,0.43,0.43,100,0
FPO,D,20180115,000000,0.43,0.43,0.43,0.43,30,0
FPO,D,20180116,000000,0.43,0.43,0.43,0.43,30,0
FPO,D,20180117,000000,0.43,0.47,0.43,0.44,3200,0
FPO,D,20180118,000000,0.44,0.44,0.44,0.44,3000,0
FPO,D,20180119,000000,0.44,0.44,0.44,0.44,100,0
FPO,D,20180122,000000,0.44,0.44,0.44,0.44,100,0
FPO,D,20180123,000000,0.44,0.46,0.44,0.46,2650,0
FPO,D,20180125,000000,0.44,0.44,0.44,0.44,129,0
FPO,D,20180131,000000,0.46,0.47,0.46,0.47,102,0
FPO,D,20180206,000000,0.47,0.47,0.47,0.47,100,0
FPO,D,20180207,000000,0.47,0.47,0.47,0.47,50,0
FPO,D,20180209,000000,0.47,0.47,0.47,0.47,50,0
FPO,D,20180212,000000,0.47,0.47,0.47,0.47,100,0
FPO,D,20180213,000000,0.47,0.47,0.44,0.44,200,0
FPO,D,20180214,000000,0.44,0.44,0.44,0.44,50,0
FPO,D,20180215,000000,0.44,0.44,0.44,0.44,515,0
FPO,D,20180228,000000,0.42,0.42,0.42,0.42,47,0
FPO,D,20180308,000000,0.44,0.44,0.44,0.44,10,0
FPO,D,20180327,000000,0.42,0.44,0.38,0.44,301,0
FPO,D,20180427,000000,0.4,0.44,0.37,0.44,1818,0
FPO,D,20180504,000000,0.39,0.39,0.32,0.33,6000,0
FPO,D,20180507,000000,0.31,0.31,0.28,0.28,3000,0
FPO,D,20180508,000000,0.28,0.3,0.28,0.3,1040,0
FPO,D,20180509,000000,0.28,0.3,0.27,0.3,3060,0
FPO,D,20180510,000000,0.27,0.27,0.25,0.27,4400,0
FPO,D,20180605,000000,0.28,0.33,0.28,0.32,8000,0
FPO,D,20180606,000000,0.32,0.32,0.32,0.32,100,0
FPO,D,20180612,000000,0.32,0.33,0.31,0.33,10600,0
FPO,D,20180619,000000,0.34,0.34,0.34,0.34,50,0
FPO,D,20180621,000000,0.34,0.34,0.34,0.34,50,0
FPO,D,20180625,000000,0.34,0.34,0.34,0.34,25,0
FPO,D,20180627,000000,0.34,0.34,0.34,0.34,50,0
FPO,D,20180628,000000,0.34,0.34,0.34,0.34,50,0
FPO,D,20180629,000000,0.34,0.34,0.34,0.34,50,0
FPO,D,20180704,000000,0.32,0.32,0.32,0.32,50,0
FPO,D,20180706,000000,0.31,0.31,0.31,0.31,50,0
FPO,D,20180709,000000,0.31,0.31,0.31,0.31,50,0
FPO,D,20180711,000000,0.31,0.37,0.31,0.37,8100,0
FPO,D,20180712,000000,0.37,0.44,0.3,0.3,36220,0
FPO,D,20180716,000000,0.33,0.34,0.33,0.34,1000,0
FPO,D,20180717,000000,0.38,0.38,0.34,0.34,2801,0
FPO,D,20180718,000000,0.34,0.36,0.34,0.36,3499,0
FPO,D,20180719,000000,0.38,0.39,0.34,0.39,6822,0
FPO,D,20180720,000000,0.39,0.4,0.35,0.4,2851,0
FPO,D,20180724,000000,0.34,0.34,0.3,0.3,12221,0
FPO,D,20180725,000000,0.3,0.3,0.3,0.3,2000,0
FPO,D,20180803,000000,0.28,0.31,0.27,0.31,511,0
FPO,D,20180808,000000,0.31,0.31,0.31,0.31,1900,0
FPO,D,20180830,000000,0.3,0.3,0.3,0.3,100,0
FPO,D,20180906,000000,0.28,0.28,0.25,0.25,2507,0
FPO,D,20180914,000000,0.25,0.25,0.23,0.23,2544,0
FPO,D,20180917,000000,0.25,0.25,0.25,0.25,3211,0
FPO,D,20181109,000000,0.24,0.24,0.21,0.21,2700,0
FPO,D,20181114,000000,0.21,0.21,0.19,0.19,800,0
FPO,D,20181204,000000,0.2,0.24,0.2,0.24,37681,0
FPO,D,20181205,000000,0.25,0.3,0.25,0.3,13471,0
FPO,D,20181206,000000,0.3,0.3,0.25,0.25,2100,0
FPO,D,20181207,000000,0.25,0.27,0.25,0.27,1290,0
FPO,D,20181210,000000,0.23,0.23,0.2,0.2,15200,0
FPO,D,20181211,000000,0.22,0.23,0.22,0.23,600,0
FPO,D,20181212,000000,0.23,0.24,0.23,0.24,821,0
FPO,D,20181214,000000,0.23,0.23,0.23,0.23,1,0
FPO,D,20181217,000000,0.21,0.24,0.18,0.24,8600,0
FPO,D,20181218,000000,0.22,0.22,0.19,0.19,5599,0
FPO,D,20181219,000000,0.18,0.18,0.18,0.18,100,0
FPO,D,20181221,000000,0.17,0.2,0.15,0.18,6080,0
FPO,D,20181227,000000,0.17,0.17,0.17,0.17,500,0
FPO,D,20181228,000000,0.17,0.17,0.16,0.16,1560,0
FPO,D,20190102,000000,0.16,0.19,0.16,0.16,271,0
FPO,D,20190103,000000,0.19,0.19,0.19,0.19,1,0
FPO,D,20190104,000000,0.19,0.19,0.19,0.19,1598,0
FPO,D,20190117,000000,0.19,0.19,0.17,0.17,2660,0
FPO,D,20190118,000000,0.17,0.17,0.17,0.17,54,0
FPO,D,20190121,000000,0.17,0.17,0.17,0.17,1420,0
FPO,D,20190122,000000,0.17,0.17,0.16,0.16,1600,0
FPO,D,20190123,000000,0.16,0.16,0.16,0.16,1698,0
FPO,D,20190124,000000,0.16,0.16,0.16,0.16,70,0
FPO,D,20190125,000000,0.16,0.16,0.16,0.16,100,0
FPO,D,20190128,000000,0.16,0.16,0.16,0.16,50,0
FPO,D,20190129,000000,0.16,0.16,0.16,0.16,100,0
FPO,D,20190130,000000,0.16,0.16,0.16,0.16,100,0
FPO,D,20190201,000000,0.16,0.16,0.16,0.16,100,0
FPO,D,20190204,000000,0.16,0.16,0.16,0.16,100,0
FPO,D,20190205,000000,0.16,0.16,0.16,0.16,200,0
FPO,D,20190206,000000,0.16,0.16,0.16,0.16,1450,0
FPO,D,20190207,000000,0.16,0.16,0.16,0.16,100,0
FPO,D,20190208,000000,0.17,0.2,0.17,0.2,400,0
FPO,D,20190212,000000,0.2,0.24,0.2,0.24,1101,0
FPO,D,20190213,000000,0.24,0.28,0.24,0.26,16850,0
FPO,D,20190214,000000,0.26,0.26,0.21,0.26,14763,0
FPO,D,20190215,000000,0.26,0.26,0.26,0.26,100,0
FPO,D,20190222,000000,0.26,0.26,0.26,0.26,50,0
FPO,D,20190225,000000,0.26,0.26,0.26,0.26,100,0
FPO,D,20190227,000000,0.25,0.25,0.25,0.25,50,0
FPO,D,20190228,000000,0.25,0.25,0.25,0.25,50,0
FPO,D,20190301,000000,0.25,0.25,0.25,0.25,100,0
FPO,D,20190304,000000,0.25,0.25,0.25,0.25,100,0
FPO,D,20190305,000000,0.25,0.25,0.25,0.25,50,0
FPO,D,20190306,000000,0.25,0.25,0.25,0.25,100,0
FPO,D,20190311,000000,0.25,0.25,0.25,0.25,50,0
FPO,D,20190312,000000,0.25,0.25,0.25,0.25,100,0
FPO,D,20190313,000000,0.25,0.25,0.25,0.25,50,0
FPO,D,20190314,000000,0.25,0.25,0.25,0.25,50,0
FPO,D,20190315,000000,0.25,0.25,0.25,0.25,50,0
FPO,D,20190318,000000,0.25,0.25,0.25,0.25,450,0
FPO,D,20190319,000000,0.25,0.25,0.25,0.25,50,0
FPO,D,20190320,000000,0.25,0.25,0.25,0.25,50,0
FPO,D,20190321,000000,0.25,0.25,0.25,0.25,100,0
FPO,D,20190322,000000,0.25,0.25,0.25,0.25,50,0
FPO,D,20190325,000000,0.25,0.25,0.25,0.25,50,0
FPO,D,20190326,000000,0.25,0.25,0.25,0.25,50,0
FPO,D,20190327,000000,0.25,0.25,0.25,0.25,50,0
FPO,D,20190328,000000,0.25,0.25,0.25,0.25,9064,0
FPO,D,20190329,000000,0.25,0.25,0.25,0.25,986,0
FPO,D,20190401,000000,0.25,0.27,0.25,0.27,1114,0
FPO,D,20190402,000000,0.27,0.27,0.27,0.27,100,0
FPO,D,20190403,000000,0.29,0.348,0.29,0.35,10942,0
FPO,D,20190404,000000,0.36,0.432,0.34,0.37,29012,0
FPO,D,20190405,000000,0.37,0.398,0.37,0.4,4962,0
FPO,D,20190408,000000,0.35,0.398,0.35,0.4,15048,0
FPO,D,20190409,000000,0.41,0.41,0.38,0.4,1437,0
FPO,D,20190410,000000,0.398,0.41,0.38,0.41,3511,0
FPO,D,20190411,000000,0.41,0.41,0.41,0.41,1150,0
FPO,D,20190412,000000,0.41,0.41,0.38,0.41,5237,0
FPO,D,20190415,000000,0.406,0.418,0.382,0.42,1514,0
FPO,D,20190416,000000,0.418,0.418,0.418,0.42,50,0
FPO,D,20190417,000000,0.418,0.418,0.418,0.42,100,0
FPO,D,20190418,000000,0.418,0.418,0.418,0.42,101,0
FPO,D,20190423,000000,0.408,0.408,0.408,0.41,100,0
FPO,D,20190424,000000,0.408,0.408,0.38,0.38,7372,0
FPO,D,20190425,000000,0.392,0.47,0.38,0.47,19712,0
FPO,D,20190426,000000,0.488,0.49,0.42,0.47,5950,0
FPO,D,20190429,000000,0.47,0.47,0.4,0.46,306,0
FPO,D,20190430,000000,0.4,0.464,0.38,0.44,6960,0
FPO,D,20190502,000000,0.436,0.438,0.436,0.44,248,0
FPO,D,20190506,000000,0.438,0.438,0.438,0.44,100,0
FPO,D,20190507,000000,0.438,0.438,0.38,0.38,750,0
FPO,D,20190508,000000,0.4,0.44,0.39,0.39,1001,0
FPO,D,20190509,000000,0.428,0.428,0.378,0.42,1302,0
FPO,D,20190510,000000,0.418,0.418,0.418,0.42,100,0
FPO,D,20190513,000000,0.418,0.418,0.418,0.42,100,0
FPO,D,20190514,000000,0.418,0.418,0.418,0.42,394,0
FPO,D,20190515,000000,0.39,0.39,0.378,0.38,351,0
FPO,D,20190516,000000,0.41,0.41,0.378,0.38,101,0
FPO,D,20190517,000000,0.41,0.41,0.41,0.41,1,0
FPO,D,20190520,000000,0.41,0.41,0.41,0.41,1,0
FPO,D,20190521,000000,0.38,0.408,0.38,0.41,795,0
FPO,D,20190522,000000,0.408,0.408,0.378,0.38,2205,0
FPO,D,20190523,000000,0.378,0.378,0.378,0.38,1749,0
FPO,D,20190524,000000,0.38,0.408,0.38,0.41,101,0
FPO,D,20190531,000000,0.42,0.42,0.42,0.42,1608,0
FPO,D,20190603,000000,0.424,0.43,0.424,0.43,900,0
FPO,D,20190605,000000,0.438,0.438,0.36,0.4,4301,0
FPO,D,20190606,000000,0.4,0.458,0.4,0.46,3270,0
FPO,D,20190607,000000,0.458,0.458,0.4,0.44,10018,0
FPO,D,20190610,000000,0.438,0.438,0.438,0.44,100,0
FPO,D,20190611,000000,0.438,0.438,0.438,0.44,1,0
FPO,D,20190612,000000,0.438,0.44,0.438,0.44,3914,0
FPO,D,20190613,000000,0.48,0.65,0.48,0.64,13565,0
FPO,D,20190614,000000,0.64,0.75,0.57,0.6,35053,0
FPO,D,20190617,000000,0.605,0.65,0.55,0.65,5148,0
FPO,D,20190619,000000,0.645,0.645,0.64,0.65,7099,0
FPO,D,20190621,000000,0.65,0.74,0.645,0.73,14837,0
FPO,D,20190624,000000,0.72,0.755,0.69,0.76,10668,0
FPO,D,20190625,000000,0.85,0.95,0.71,0.88,59691,0
FPO,D,20190626,000000,0.88,0.93,0.78,0.84,37357,0
FPO,D,20190627,000000,0.84,0.84,0.66,0.71,17159,0
FPO,D,20190628,000000,0.74,0.74,0.69,0.74,1794,0
FPO,D,20190701,000000,0.74,0.76,0.74,0.76,802,0
FPO,D,20190702,000000,0.75,0.785,0.75,0.79,2000,0
FPO,D,20190703,000000,0.785,0.8,0.73,0.8,3315,0
FPO,D,20190705,000000,0.76,0.8,0.72,0.8,2915,0
FPO,D,20190708,000000,0.77,0.785,0.71,0.79,1926,0
FPO,D,20190709,000000,0.7,0.725,0.7,0.73,424,0
FPO,D,20190710,000000,0.69,0.69,0.65,0.65,2235,0
FPO,D,20190711,000000,0.62,0.68,0.56,0.68,7292,0
FPO,D,20190712,000000,0.7,0.7,0.65,0.7,1557,0
FPO,D,20190715,000000,0.67,0.795,0.67,0.8,13729,0
FPO,D,20190716,000000,0.74,0.74,0.72,0.74,201,0
FPO,D,20190717,000000,0.77,0.79,0.76,0.79,500,0
FPO,D,20190718,000000,0.79,0.79,0.79,0.79,1,0
FPO,D,20190719,000000,0.79,0.79,0.71,0.79,1502,0
FPO,D,20190724,000000,0.74,0.75,0.74,0.75,194,0
FPO,D,20190725,000000,0.75,0.75,0.75,0.75,98,0
FPO,D,20190729,000000,0.77,0.815,0.74,0.74,701,0
FPO,D,20190730,000000,0.74,0.74,0.74,0.74,100,0
FPO,D,20190731,000000,0.74,0.74,0.74,0.74,50,0
FPO,D,20190801,000000,0.74,0.74,0.74,0.74,50,0
FPO,D,20190802,000000,0.74,0.74,0.74,0.74,50,0
FPO,D,20190806,000000,0.74,0.74,0.74,0.74,50,0
FPO,D,20190807,000000,0.74,0.74,0.74,0.74,100,0
FPO,D,20190808,000000,0.6,0.7,0.6,0.7,2799,0
FPO,D,20190812,000000,0.68,0.68,0.68,0.68,300,0
FPO,D,20190813,000000,0.7,0.7,0.7,0.7,1,0
FPO,D,20190814,000000,0.7,0.71,0.7,0.71,298,0
FPO,D,20190816,000000,0.7,0.7,0.64,0.7,1802,0
FPO,D,20190902,000000,0.67,0.67,0.55,0.59,7852,0
FPO,D,20190911,000000,0.55,0.55,0.55,0.55,100,0
FPO,D,20190912,000000,0.55,0.55,0.55,0.55,100,0
FPO,D,20190916,000000,0.51,0.51,0.47,0.47,3250,0
FPO,D,20190918,000000,0.49,0.49,0.49,0.49,2061,0
FPO,D,20190920,000000,0.48,0.49,0.48,0.49,2160,0
FPO,D,20190923,000000,0.52,0.52,0.52,0.52,1,0
FPO,D,20190925,000000,0.5,0.5,0.5,0.5,2553,0
FPO,D,20190927,000000,0.52,0.52,0.52,0.52,100,0
FPO,D,20190930,000000,0.52,0.52,0.52,0.52,50,0
FPO,D,20191001,000000,0.5,0.5,0.5,0.5,50,0
FPO,D,20191004,000000,0.5,0.5,0.5,0.5,141,0
FPO,D,20191029,000000,0.5,0.5,0.48,0.48,150,0
FPO,D,20191030,000000,0.48,0.48,0.4,0.4,4847,0
FPO,D,20191031,000000,0.4,0.4,0.4,0.4,100,0
FPO,D,20191104,000000,0.4,0.4,0.4,0.4,100,0
FPO,D,20191105,000000,0.4,0.4,0.4,0.4,50,0
FPO,D,20191106,000000,0.4,0.4,0.4,0.4,100,0
FPO,D,20191107,000000,0.4,0.48,0.4,0.48,4953,0
FPO,D,20191108,000000,0.5,0.54,0.45,0.54,1097,0
FPO,D,20191112,000000,0.5,0.54,0.5,0.54,551,0
FPO,D,20191114,000000,0.54,0.55,0.53,0.53,1850,0
FPO,D,20191118,000000,0.53,0.53,0.5,0.5,2236,0
FPO,D,20191121,000000,0.48,0.48,0.48,0.48,100,0
FPO,D,20191205,000000,0.46,0.46,0.45,0.45,2345,0
FPO,D,20191209,000000,0.45,0.45,0.45,0.45,100,0
FPO,D,20191210,000000,0.45,0.45,0.4,0.4,3599,0
FPO,D,20191217,000000,0.45,0.46,0.45,0.46,301,0
FPO,D,20191218,000000,0.5,0.5,0.5,0.5,100,0
FPO,D,20191220,000000,0.5,0.5,0.48,0.48,4100,0
FPO,D,20191227,000000,0.49,0.49,0.49,0.49,3000,0
FPO,D,20191230,000000,0.49,0.49,0.49,0.49,8847,0
FPO,D,20200102,000000,0.5,0.52,0.49,0.49,4165,0
FPO,D,20200113,000000,0.49,0.49,0.49,0.49,136,0
FPO,D,20200116,000000,0.47,0.5,0.43,0.5,3425,0
FPO,D,20200117,000000,0.47,0.48,0.47,0.48,2100,0
FPO,D,20200120,000000,0.48,0.48,0.48,0.48,50,0
FPO,D,20200121,000000,0.5,0.58,0.5,0.58,2879,0
FPO,D,20200122,000000,0.58,0.6,0.52,0.52,2004,0
FPO,D,20200123,000000,0.51,0.51,0.47,0.47,9641,0
FPO,D,20200127,000000,0.45,0.45,0.42,0.42,3000,0
FPO,D,20200212,000000,0.42,0.42,0.374,0.374,400,0
FPO,D,20200213,000000,0.4,0.4,0.4,0.4,1250,0
FPO,D,20200214,000000,0.398,0.498,0.398,0.47,8892,0
FPO,D,20200217,000000,0.42,0.42,0.42,0.42,2602,0
FPO,D,20200219,000000,0.43,0.43,0.43,0.43,2100,0
FPO,D,20200220,000000,0.43,0.43,0.43,0.43,50,0
FPO,D,20200221,000000,0.43,0.44,0.43,0.44,1100,0
FPO,D,20200224,000000,0.41,0.45,0.372,0.45,3051,0
FPO,D,20200227,000000,0.448,0.448,0.448,0.448,100,0
FPO,D,20200228,000000,0.42,0.42,0.42,0.42,100,0
FPO,D,20200303,000000,0.4,0.4,0.372,0.372,890,0
FPO,D,20200309,000000,0.37,0.37,0.37,0.37,3390,0
FPO,D,20200317,000000,0.34,0.34,0.34,0.34,100,0
FPO,D,20200319,000000,0.35,0.35,0.35,0.35,100,0
FPO,D,20200323,000000,0.34,0.34,0.34,0.34,100,0
FPO,D,20200330,000000,0.3,0.3,0.3,0.3,2400,0
FPO,D,20200331,000000,0.33,0.39,0.33,0.39,5249,0
FPO,D,20200401,000000,0.38,0.38,0.36,0.36,4595,0
FPO,D,20200406,000000,0.35,0.4,0.3,0.4,10617,0
FPO,D,20200407,000000,0.4,0.478,0.4,0.45,11555,0
FPO,D,20200408,000000,0.41,0.41,0.41,0.41,1350,0
FPO,D,20200409,000000,0.486,0.49,0.45,0.45,3311,0
FPO,D,20200414,000000,0.488,0.49,0.47,0.47,600,0
FPO,D,20200416,000000,0.45,0.45,0.45,0.45,10,0
FPO,D,20200420,000000,0.47,0.49,0.47,0.48,201,0
FPO,D,20200422,000000,0.46,0.46,0.46,0.46,1500,0
FPO,D,20200423,000000,0.46,0.468,0.45,0.45,201,0
FPO,D,20200424,000000,0.46,0.55,0.46,0.55,15685,0
FPO,D,20200427,000000,0.55,0.62,0.55,0.62,11728,0
FPO,D,20200428,000000,0.63,0.65,0.57,0.64,441,0
FPO,D,20200429,000000,0.59,0.62,0.54,0.62,2200,0
FPO,D,20200504,000000,0.57,0.57,0.565,0.57,971,0
FPO,D,20200505,000000,0.57,0.57,0.57,0.57,100,0
FPO,D,20200506,000000,0.55,0.55,0.48,0.48,2535,0
FPO,D,20200507,000000,0.49,0.5,0.49,0.5,196,0
FPO,D,20200508,000000,0.5,0.54,0.5,0.53,600,0
FPO,D,20200512,000000,0.535,0.55,0.535,0.55,2679,0
FPO,D,20200513,000000,0.53,0.54,0.5,0.54,8241,0
FPO,D,20200518,000000,0.51,0.51,0.41,0.41,6601,0
FPO,D,20200519,000000,0.42,0.5,0.37,0.5,8649,0
FPO,D,20200520,000000,0.47,0.47,0.43,0.44,6100,0
FPO,D,20200521,000000,0.42,0.42,0.39,0.39,4000,0
FPO,D,20200522,000000,0.39,0.43,0.372,0.43,774,0
FPO,D,20200525,000000,0.43,0.45,0.36,0.4,16756,0
FPO,D,20200526,000000,0.4,0.5,0.38,0.5,18929,0
FPO,D,20200529,000000,0.49,0.49,0.49,0.49,100,0
FPO,D,20200601,000000,0.49,0.49,0.49,0.49,100,0
FPO,D,20200602,000000,0.49,0.49,0.49,0.49,100,0
FPO,D,20200604,000000,0.47,0.5,0.47,0.49,3810,0
FPO,D,20200608,000000,0.488,0.488,0.488,0.488,100,0
FPO,D,20200609,000000,0.488,0.488,0.488,0.488,100,0
FPO,D,20200610,000000,0.488,0.488,0.488,0.488,50,0
FPO,D,20200612,000000,0.486,0.488,0.392,0.47,9360,0
FPO,D,20200616,000000,0.47,0.47,0.47,0.47,40,0
FPO,D,20200617,000000,0.47,0.47,0.47,0.47,100,0
FPO,D,20200618,000000,0.45,0.45,0.45,0.45,500,0
FPO,D,20200619,000000,0.47,0.47,0.47,0.47,100,0
FPO,D,20200622,000000,0.47,0.47,0.47,0.47,50,0
FPO,D,20200623,000000,0.47,0.47,0.47,0.47,127,0
FPO,D,20200624,000000,0.47,0.47,0.47,0.47,50,0
FPO,D,20200625,000000,0.47,0.47,0.47,0.47,100,0
FPO,D,20200626,000000,0.47,0.49,0.47,0.49,2506,0
FPO,D,20200629,000000,0.496,0.51,0.496,0.51,1239,0
FPO,D,20200630,000000,0.505,0.51,0.44,0.44,3721,0
FPO,D,20200702,000000,0.44,0.47,0.44,0.47,400,0
FPO,D,20200703,000000,0.47,0.47,0.44,0.44,4441,0
FPO,D,20200706,000000,0.46,0.49,0.46,0.48,3765,0
FPO,D,20200707,000000,0.48,0.505,0.48,0.505,277,0
FPO,D,20200708,000000,0.51,0.51,0.505,0.505,2482,0
FPO,D,20200709,000000,0.51,0.51,0.452,0.452,650,0
FPO,D,20200714,000000,0.45,0.45,0.45,0.45,105,0
FPO,D,20200715,000000,0.45,0.645,0.45,0.645,11681,0
FPO,D,20200716,000000,0.7,1,0.7,1,36775,0
FPO,D,20200717,000000,1.14,1.44,1.1,1.44,38220,0
FPO,D,20200720,000000,1.69,2.06,1.36,1.4,64701,0
FPO,D,20200721,000000,1.2,1.28,0.95,1.28,78972,0
FPO,D,20200722,000000,1.26,1.44,1.01,1.09,32740,0
FPO,D,20200723,000000,1.09,1.09,0.92,1.04,14615,0
FPO,D,20200724,000000,1,1.05,0.87,0.965,21951,0
FPO,D,20200727,000000,0.76,0.91,0.76,0.9,26693,0
FPO,D,20200728,000000,0.92,1.05,0.72,0.77,113110,0
FPO,D,20200729,000000,0.72,0.88,0.72,0.85,30150,0
FPO,D,20200730,000000,0.85,0.85,0.76,0.77,10780,0
FPO,D,20200731,000000,0.8,0.87,0.8,0.87,8652,0
FPO,D,20200803,000000,0.9,0.98,0.88,0.95,7057,0
FPO,D,20200804,000000,0.93,0.97,0.93,0.95,6994,0
FPO,D,20200805,000000,0.94,0.94,0.8,0.8,5016,0
FPO,D,20200806,000000,0.85,0.875,0.8,0.875,5991,0
FPO,D,20200807,000000,0.875,0.875,0.875,0.875,1100,0
FPO,D,20200810,000000,0.875,0.89,0.85,0.89,626,0
FPO,D,20200811,000000,0.91,0.93,0.91,0.93,1727,0
FPO,D,20200812,000000,0.915,0.915,0.74,0.74,9651,0
FPO,D,20200813,000000,0.77,0.84,0.7,0.72,10582,0
FPO,D,20200814,000000,0.73,0.73,0.66,0.69,6464,0
FPO,D,20200817,000000,0.7,0.7,0.7,0.7,2000,0
FPO,D,20200818,000000,0.7,0.84,0.7,0.83,19547,0
FPO,D,20200819,000000,0.83,1.03,0.83,0.99,23308,0
FPO,D,20200820,000000,1.03,1.2,0.825,1.16,31879,0
FPO,D,20200821,000000,1.22,1.44,1.13,1.26,27693,0
FPO,D,20200824,000000,1.28,1.35,1.1,1.28,2844,0
FPO,D,20200825,000000,1.3,1.3,1.05,1.2,550,0
FPO,D,20200826,000000,1.05,1.07,0.84,0.84,50310,0
FPO,D,20200827,000000,0.84,0.915,0.725,0.84,12008,0
FPO,D,20200828,000000,0.77,0.83,0.725,0.82,7755,0
FPO,D,20200831,000000,0.82,0.83,0.8,0.83,650,0
FPO,D,20200901,000000,0.84,0.84,0.84,0.84,165,0
FPO,D,20200902,000000,0.86,0.86,0.86,0.86,100,0
FPO,D,20200903,000000,0.895,0.895,0.85,0.88,427,0
FPO,D,20200904,000000,0.85,0.85,0.725,0.77,7323,0
FPO,D,20200907,000000,0.86,0.86,0.72,0.8,2435,0
FPO,D,20200908,000000,0.8,0.83,0.67,0.67,13197,0
FPO,D,20200909,000000,0.7,0.7,0.6,0.68,19028,0
FPO,D,20200910,000000,0.72,0.72,0.72,0.72,400,0
FPO,D,20200911,000000,0.72,0.72,0.67,0.72,2702,0
FPO,D,20200914,000000,0.7,0.84,0.7,0.77,5987,0
FPO,D,20200915,000000,0.74,0.82,0.71,0.77,14182,0
FPO,D,20200916,000000,0.77,0.78,0.69,0.74,5423,0
FPO,D,20200917,000000,0.74,0.74,0.74,0.74,1,0
FPO,D,20200918,000000,0.74,0.74,0.68,0.74,1594,0
FPO,D,20200921,000000,0.74,0.74,0.74,0.74,1,0
FPO,D,20200922,000000,0.74,0.96,0.74,0.895,37249,0
FPO,D,20200923,000000,0.85,0.885,0.85,0.885,201,0
FPO,D,20200924,000000,0.885,0.885,0.885,0.885,1,0
FPO,D,20200925,000000,0.84,0.865,0.76,0.83,3692,0
FPO,D,20200928,000000,0.76,0.91,0.76,0.8,16364,0
FPO,D,20200929,000000,0.84,0.89,0.84,0.89,1691,0
FPO,D,20200930,000000,0.85,0.85,0.745,0.745,10970,0
FPO,D,20201001,000000,0.745,0.77,0.7,0.76,4140,0
FPO,D,20201002,000000,0.74,0.74,0.74,0.74,29,0
FPO,D,20201005,000000,0.76,0.76,0.705,0.705,221,0
FPO,D,20201006,000000,0.74,0.885,0.74,0.88,25593,0
FPO,D,20201007,000000,0.885,0.9,0.72,0.72,14329,0
FPO,D,20201008,000000,0.79,0.8,0.68,0.73,7632,0
FPO,D,20201009,000000,0.75,0.81,0.75,0.77,3750,0
FPO,D,20201012,000000,0.8,0.8,0.72,0.72,2750,0
FPO,D,20201013,000000,0.72,0.72,0.68,0.68,2000,0
FPO,D,20201014,000000,0.72,0.72,0.66,0.66,2655,0
