<TICKER>,<PER>,<DATE>,<TIME>,<OPEN>,<HIGH>,<LOW>,<CLOSE>,<VOL>,<OPENINT>
GEM,D,20110826,000000,2.09,2.09,1.7,1.9,48047,0
GEM,D,20110829,000000,1.77,1.87,1.52,1.64,7590,0
GEM,D,20110830,000000,1.6,1.6,1.55,1.55,505,0
GEM,D,20110831,000000,1.45,1.59,1.38,1.59,5120,0
GEM,D,20110901,000000,1.4,1.5,1.3,1.41,3863,0
GEM,D,20110902,000000,1.35,1.35,1.25,1.25,3710,0
GEM,D,20110906,000000,1.1,1.15,1,1.1,11950,0
GEM,D,20110908,000000,0.97,0.97,0.88,0.91,5772,0
GEM,D,20110909,000000,0.85,1,0.77,0.87,9385,0
GEM,D,20110912,000000,0.86,0.86,0.7,0.8,9370,0
GEM,D,20110914,000000,0.66,0.68,0.61,0.61,22747,0
GEM,D,20110915,000000,0.56,0.61,0.49,0.5,38779,0
GEM,D,20110916,000000,0.56,0.56,0.45,0.49,61463,0
GEM,D,20110919,000000,0.45,0.53,0.44,0.52,50947,0
GEM,D,20110920,000000,0.55,0.65,0.45,0.58,49360,0
GEM,D,20110921,000000,0.54,0.64,0.54,0.61,9631,0
GEM,D,20110922,000000,0.53,0.56,0.5,0.56,6501,0
GEM,D,20110923,000000,0.51,0.62,0.45,0.62,88268,0
GEM,D,20110926,000000,0.53,0.56,0.51,0.53,13270,0
GEM,D,20110927,000000,0.54,0.59,0.54,0.58,7500,0
GEM,D,20110928,000000,0.56,0.68,0.56,0.68,18121,0
GEM,D,20110929,000000,0.64,0.9,0.64,0.9,18115,0
GEM,D,20110930,000000,0.92,0.93,0.92,0.92,7862,0
GEM,D,20111003,000000,0.84,0.89,0.78,0.83,8650,0
GEM,D,20111004,000000,0.8,0.99,0.8,0.99,3550,0
GEM,D,20111005,000000,1,1,0.85,0.9,3650,0
GEM,D,20111006,000000,0.81,1,0.81,1,3400,0
GEM,D,20111007,000000,0.84,0.98,0.84,0.87,7103,0
GEM,D,20111010,000000,0.96,0.96,0.87,0.92,3400,0
GEM,D,20111011,000000,0.83,0.88,0.83,0.88,3400,0
GEM,D,20111012,000000,0.79,0.99,0.79,0.99,6650,0
GEM,D,20111017,000000,0.85,0.95,0.8,0.95,6750,0
GEM,D,20111018,000000,0.81,0.81,0.81,0.81,999,0
GEM,D,20111019,000000,0.75,0.75,0.75,0.75,3400,0
GEM,D,20111020,000000,0.71,0.76,0.71,0.76,4001,0
GEM,D,20111024,000000,0.67,0.72,0.63,0.68,8620,0
GEM,D,20111025,000000,0.64,0.77,0.61,0.77,17900,0
GEM,D,20111026,000000,0.7,0.82,0.65,0.75,121717,0
GEM,D,20111027,000000,0.68,0.68,0.68,0.68,3700,0
GEM,D,20111028,000000,0.66,0.67,0.66,0.67,51000,0
GEM,D,20111031,000000,0.68,0.75,0.68,0.75,4600,0
GEM,D,20111102,000000,0.71,0.71,0.71,0.71,100,0
GEM,D,20111103,000000,0.74,0.74,0.74,0.74,100,0
GEM,D,20111104,000000,0.76,0.95,0.76,0.95,3500,0
GEM,D,20111108,000000,0.71,0.71,0.71,0.71,4000,0
GEM,D,20111109,000000,0.71,0.89,0.71,0.89,5906,0
GEM,D,20111115,000000,0.71,0.71,0.71,0.71,1199,0
GEM,D,20111116,000000,0.72,0.8,0.72,0.8,3502,0
GEM,D,20111117,000000,0.71,0.71,0.71,0.71,3600,0
GEM,D,20111118,000000,0.71,0.71,0.58,0.69,34098,0
GEM,D,20111122,000000,0.63,0.72,0.63,0.72,4001,0
GEM,D,20111124,000000,0.6,0.61,0.6,0.61,4400,0
GEM,D,20111128,000000,0.56,0.61,0.56,0.61,4501,0
GEM,D,20111130,000000,0.58,0.72,0.58,0.72,4501,0
GEM,D,20111206,000000,0.64,0.64,0.64,0.64,100,0
GEM,D,20111209,000000,0.64,0.8,0.64,0.8,18108,0
GEM,D,20111212,000000,0.75,0.9,0.75,0.9,9100,0
GEM,D,20111216,000000,0.78,0.78,0.78,0.78,3500,0
GEM,D,20111219,000000,0.8,0.8,0.8,0.8,625,0
GEM,D,20111220,000000,0.7,0.75,0.7,0.75,3001,0
GEM,D,20111221,000000,0.67,0.67,0.67,0.67,4000,0
GEM,D,20111222,000000,0.68,0.68,0.6,0.65,16550,0
GEM,D,20111223,000000,0.64,0.64,0.52,0.52,35,0
GEM,D,20111227,000000,0.52,0.64,0.52,0.64,5990,0
GEM,D,20111228,000000,0.64,0.64,0.64,0.64,1,0
GEM,D,20111229,000000,0.59,0.59,0.59,0.59,1000,0
GEM,D,20120102,000000,0.6,0.6,0.58,0.6,1111,0
GEM,D,20120103,000000,0.61,0.62,0.61,0.62,100,0
GEM,D,20120104,000000,0.62,0.62,0.62,0.62,15,0
GEM,D,20120105,000000,0.63,0.63,0.5,0.55,30731,0
GEM,D,20120109,000000,0.58,0.59,0.49,0.49,31397,0
GEM,D,20120110,000000,0.49,0.5,0.46,0.5,23010,0
GEM,D,20120111,000000,0.46,0.5,0.42,0.44,19630,0
GEM,D,20120112,000000,0.44,0.44,0.41,0.41,6510,0
GEM,D,20120113,000000,0.4,0.42,0.37,0.42,5267,0
GEM,D,20120116,000000,0.42,0.42,0.42,0.42,3,0
GEM,D,20120117,000000,0.42,0.42,0.34,0.36,17205,0
GEM,D,20120118,000000,0.36,0.43,0.36,0.43,9118,0
GEM,D,20120119,000000,0.41,0.45,0.41,0.45,18000,0
GEM,D,20120120,000000,0.44,0.49,0.44,0.49,5503,0
GEM,D,20120124,000000,0.45,0.58,0.45,0.58,38712,0
GEM,D,20120125,000000,0.55,0.66,0.55,0.66,198737,0
GEM,D,20120126,000000,0.67,0.67,0.57,0.61,9671,0
GEM,D,20120127,000000,0.61,0.61,0.57,0.61,4826,0
GEM,D,20120130,000000,0.61,0.61,0.61,0.61,20,0
GEM,D,20120131,000000,0.61,0.61,0.57,0.61,1406,0
GEM,D,20120201,000000,0.66,0.66,0.66,0.66,5,0
GEM,D,20120202,000000,0.66,0.66,0.66,0.66,15,0
GEM,D,20120203,000000,0.66,0.66,0.66,0.66,10,0
GEM,D,20120206,000000,0.66,0.66,0.57,0.6,5014,0
GEM,D,20120207,000000,0.6,0.6,0.6,0.6,2,0
GEM,D,20120208,000000,0.6,0.6,0.6,0.6,10,0
GEM,D,20120209,000000,0.57,0.57,0.57,0.57,14001,0
GEM,D,20120210,000000,0.57,0.57,0.57,0.57,5,0
GEM,D,20120213,000000,0.6,0.6,0.6,0.6,5,0
GEM,D,20120214,000000,0.6,0.6,0.57,0.57,8008,0
GEM,D,20120215,000000,0.6,0.6,0.6,0.6,10,0
GEM,D,20120216,000000,0.6,0.6,0.6,0.6,10,0
GEM,D,20120217,000000,0.6,0.6,0.6,0.6,6000,0
GEM,D,20120220,000000,0.6,0.6,0.6,0.6,30,0
GEM,D,20120221,000000,0.6,0.6,0.56,0.56,9657,0
GEM,D,20120222,000000,0.6,0.6,0.6,0.6,5,0
GEM,D,20120223,000000,0.6,0.6,0.55,0.55,150010,0
GEM,D,20120224,000000,0.59,0.59,0.59,0.59,50,0
GEM,D,20120227,000000,0.59,0.59,0.55,0.55,4651,0
GEM,D,20120228,000000,0.55,0.55,0.48,0.48,17253,0
GEM,D,20120229,000000,0.55,0.55,0.43,0.55,6521,0
GEM,D,20120301,000000,0.55,0.55,0.46,0.46,5512,0
GEM,D,20120302,000000,0.42,0.48,0.36,0.48,31297,0
GEM,D,20120305,000000,0.55,0.55,0.46,0.46,5530,0
GEM,D,20120306,000000,0.49,0.49,0.49,0.49,1000,0
GEM,D,20120307,000000,0.45,0.55,0.42,0.55,11668,0
GEM,D,20120308,000000,0.48,0.48,0.44,0.44,15300,0
GEM,D,20120309,000000,0.37,0.5,0.37,0.44,15781,0
GEM,D,20120312,000000,0.49,0.49,0.42,0.42,5300,0
GEM,D,20120313,000000,0.41,0.5,0.41,0.5,10851,0
GEM,D,20120314,000000,0.54,0.6,0.54,0.6,23700,0
GEM,D,20120315,000000,0.6,0.6,0.55,0.6,45050,0
GEM,D,20120316,000000,0.53,0.6,0.5,0.6,38600,0
GEM,D,20120319,000000,0.6,0.6,0.53,0.54,9408,0
GEM,D,20120320,000000,0.6,0.6,0.57,0.57,4430,0
GEM,D,20120321,000000,0.6,0.6,0.6,0.6,10215,0
GEM,D,20120322,000000,0.55,0.55,0.5,0.5,17800,0
GEM,D,20120323,000000,0.6,0.6,0.5,0.51,5010,0
GEM,D,20120326,000000,0.45,0.48,0.45,0.48,12500,0
GEM,D,20120327,000000,0.53,0.53,0.45,0.49,9200,0
GEM,D,20120328,000000,0.42,0.42,0.42,0.42,10,0
GEM,D,20120329,000000,0.42,0.6,0.42,0.6,8115,0
GEM,D,20120330,000000,0.54,0.6,0.54,0.6,15600,0
GEM,D,20120402,000000,0.58,0.66,0.58,0.66,22650,0
GEM,D,20120403,000000,0.55,0.7,0.55,0.69,130806,0
GEM,D,20120404,000000,0.61,0.74,0.61,0.74,8070,0
GEM,D,20120405,000000,0.74,0.85,0.69,0.84,19015,0
GEM,D,20120410,000000,0.85,1,0.84,0.97,15925,0
GEM,D,20120411,000000,0.97,1.14,0.82,1.09,26663,0
GEM,D,20120412,000000,0.88,0.93,0.82,0.82,13706,0
GEM,D,20120413,000000,0.95,0.95,0.76,0.8,13028,0
GEM,D,20120416,000000,0.9,0.9,0.78,0.78,1450,0
GEM,D,20120417,000000,0.9,0.9,0.62,0.72,8300,0
GEM,D,20120418,000000,0.62,0.7,0.62,0.64,228170,0
GEM,D,20120419,000000,0.76,0.83,0.72,0.8,28846,0
GEM,D,20120420,000000,0.8,0.95,0.73,0.95,12890,0
GEM,D,20120423,000000,0.95,0.95,0.76,0.95,10373,0
GEM,D,20120424,000000,0.95,0.95,0.76,0.76,11770,0
GEM,D,20120425,000000,0.8,0.9,0.77,0.81,12588,0
GEM,D,20120426,000000,0.9,0.9,0.81,0.81,15,0
GEM,D,20120427,000000,0.78,0.78,0.78,0.78,525,0
GEM,D,20120430,000000,0.78,0.78,0.78,0.78,3015,0
GEM,D,20120502,000000,0.78,0.78,0.78,0.78,25,0
GEM,D,20120504,000000,0.78,0.78,0.78,0.78,5,0
GEM,D,20120507,000000,0.78,0.78,0.78,0.78,4801,0
GEM,D,20120508,000000,0.78,0.78,0.75,0.76,1007,0
GEM,D,20120509,000000,0.78,0.78,0.7,0.72,6448,0
GEM,D,20120510,000000,0.72,0.72,0.67,0.72,29402,0
GEM,D,20120511,000000,0.72,0.72,0.72,0.72,2,0
GEM,D,20120514,000000,0.71,0.72,0.71,0.72,28010,0
GEM,D,20120515,000000,0.71,0.71,0.67,0.67,257,0
GEM,D,20120516,000000,0.72,0.72,0.72,0.72,5,0
GEM,D,20120517,000000,0.71,0.71,0.58,0.58,12869,0
GEM,D,20120518,000000,0.42,0.56,0.42,0.5,19345,0
GEM,D,20120521,000000,0.6,0.69,0.6,0.69,9961,0
GEM,D,20120522,000000,0.69,0.69,0.69,0.69,50,0
GEM,D,20120523,000000,0.65,0.65,0.65,0.65,1000,0
GEM,D,20120524,000000,0.65,0.65,0.65,0.65,15,0
GEM,D,20120525,000000,0.65,0.65,0.65,0.65,10,0
GEM,D,20120528,000000,0.69,0.69,0.69,0.69,1,0
GEM,D,20120529,000000,0.65,0.65,0.65,0.65,20,0
GEM,D,20120530,000000,0.65,0.65,0.65,0.65,8,0
GEM,D,20120531,000000,0.65,0.65,0.61,0.61,17,0
GEM,D,20120601,000000,0.65,0.65,0.61,0.61,4184,0
GEM,D,20120604,000000,0.61,0.61,0.55,0.61,9105,0
GEM,D,20120605,000000,0.61,0.61,0.5,0.58,34905,0
GEM,D,20120606,000000,0.61,0.61,0.52,0.55,103300,0
GEM,D,20120608,000000,0.61,0.61,0.61,0.61,6,0
GEM,D,20120611,000000,0.55,0.61,0.55,0.61,5022,0
GEM,D,20120612,000000,0.61,0.61,0.61,0.61,5,0
GEM,D,20120613,000000,0.61,0.61,0.5,0.57,13405,0
GEM,D,20120614,000000,0.61,0.61,0.51,0.54,12315,0
GEM,D,20120615,000000,0.6,0.6,0.6,0.6,4,0
GEM,D,20120618,000000,0.6,0.71,0.5,0.71,117908,0
GEM,D,20120619,000000,0.71,0.73,0.63,0.73,21715,0
GEM,D,20120620,000000,0.85,0.85,0.85,0.85,100,0
GEM,D,20120621,000000,0.7,0.8,0.7,0.8,3976,0
GEM,D,20120622,000000,0.8,0.8,0.8,0.8,2,0
GEM,D,20120625,000000,0.66,0.85,0.64,0.85,108628,0
GEM,D,20120626,000000,0.85,0.85,0.85,0.85,1607,0
GEM,D,20120627,000000,0.75,0.75,0.68,0.68,3505,0
GEM,D,20120628,000000,0.75,0.75,0.75,0.75,11,0
GEM,D,20120629,000000,0.75,0.75,0.75,0.75,15,0
GEM,D,20120702,000000,0.75,0.85,0.69,0.85,7167,0
GEM,D,20120703,000000,0.99,0.99,0.99,0.99,1,0
GEM,D,20120704,000000,1.14,1.14,1.14,1.14,1,0
GEM,D,20120705,000000,1.15,1.15,0.92,1.14,1689,0
GEM,D,20120706,000000,1.13,1.13,1,1.11,1518,0
GEM,D,20120709,000000,1.21,1.21,1.21,1.21,2000,0
GEM,D,20120710,000000,1.22,1.22,1.22,1.22,2,0
GEM,D,20120711,000000,1.35,1.35,1.35,1.35,2504,0
GEM,D,20120712,000000,1.08,1.23,1.08,1.23,1950,0
GEM,D,20120713,000000,1.3,1.3,1.3,1.3,2,0
GEM,D,20120716,000000,1.3,1.3,1.3,1.3,3,0
GEM,D,20120717,000000,1.35,1.35,1.35,1.35,2,0
GEM,D,20120718,000000,1.35,1.35,1.35,1.35,1,0
GEM,D,20120719,000000,1.35,1.35,1.35,1.35,2,0
GEM,D,20120720,000000,1.35,1.35,1.35,1.35,2,0
GEM,D,20120723,000000,1.35,1.35,0.92,0.92,3504,0
GEM,D,20120724,000000,0.98,0.98,0.8,0.8,5401,0
GEM,D,20120725,000000,0.75,0.85,0.75,0.85,7675,0
GEM,D,20120726,000000,0.81,0.96,0.79,0.79,4401,0
GEM,D,20120727,000000,0.93,0.93,0.72,0.72,2112,0
GEM,D,20120730,000000,0.75,0.75,0.75,0.75,1,0
GEM,D,20120808,000000,0.68,0.68,0.67,0.67,52253,0
GEM,D,20120809,000000,0.68,0.78,0.68,0.78,2500,0
GEM,D,20120813,000000,0.7,0.75,0.7,0.75,2003,0
GEM,D,20120814,000000,0.7,0.78,0.7,0.78,2001,0
GEM,D,20120820,000000,0.72,0.72,0.72,0.72,500,0
GEM,D,20120821,000000,0.66,0.74,0.66,0.74,4577,0
GEM,D,20120823,000000,0.67,0.67,0.67,0.67,2243,0
GEM,D,20120824,000000,0.57,0.7,0.57,0.7,3767,0
GEM,D,20120827,000000,0.73,0.73,0.73,0.73,1000,0
GEM,D,20120828,000000,0.73,0.83,0.71,0.83,3935,0
GEM,D,20120829,000000,0.98,0.98,0.98,0.98,1,0
GEM,D,20120830,000000,0.95,0.95,0.95,0.95,800,0
GEM,D,20120831,000000,0.78,0.98,0.78,0.98,2426,0
GEM,D,20120903,000000,0.98,0.98,0.84,0.98,4845,0
GEM,D,20120910,000000,0.79,0.98,0.79,0.98,1908,0
GEM,D,20120911,000000,0.79,0.98,0.79,0.98,1806,0
GEM,D,20120912,000000,0.79,0.98,0.79,0.98,690,0
GEM,D,20121001,000000,0.8,0.96,0.8,0.96,2900,0
GEM,D,20121002,000000,0.76,0.83,0.7,0.83,2201,0
GEM,D,20121003,000000,0.92,0.92,0.92,0.92,2,0
GEM,D,20121004,000000,0.92,0.92,0.92,0.92,3,0
GEM,D,20121005,000000,0.92,0.92,0.92,0.92,2,0
GEM,D,20121008,000000,0.92,0.92,0.92,0.92,1,0
GEM,D,20121009,000000,0.92,0.92,0.81,0.81,2,0
GEM,D,20121010,000000,0.82,0.82,0.7,0.82,21816,0
GEM,D,20121011,000000,0.82,0.82,0.73,0.73,2,0
GEM,D,20121012,000000,0.82,0.82,0.82,0.82,2,0
GEM,D,20121015,000000,0.82,0.82,0.82,0.82,1,0
GEM,D,20121017,000000,0.82,0.82,0.82,0.82,1,0
GEM,D,20121018,000000,0.82,0.82,0.66,0.82,303,0
GEM,D,20121019,000000,0.82,0.82,0.82,0.82,1,0
GEM,D,20121022,000000,0.82,0.82,0.82,0.82,1,0
GEM,D,20121023,000000,0.82,0.82,0.82,0.82,1,0
GEM,D,20121025,000000,0.82,0.82,0.73,0.82,2248,0
GEM,D,20121026,000000,0.82,0.82,0.82,0.82,1,0
GEM,D,20121029,000000,0.82,0.82,0.82,0.82,1,0
GEM,D,20121030,000000,0.82,0.82,0.82,0.82,1,0
GEM,D,20121031,000000,0.82,0.82,0.82,0.82,1,0
GEM,D,20121102,000000,0.82,0.82,0.82,0.82,1,0
GEM,D,20121105,000000,0.82,0.82,0.82,0.82,1,0
GEM,D,20121106,000000,0.82,0.82,0.82,0.82,1,0
GEM,D,20121107,000000,0.82,0.82,0.82,0.82,1,0
GEM,D,20121109,000000,0.82,0.82,0.82,0.82,1,0
GEM,D,20121112,000000,0.82,0.82,0.82,0.82,1,0
GEM,D,20121113,000000,0.82,0.82,0.82,0.82,1,0
GEM,D,20121114,000000,0.82,0.82,0.82,0.82,1,0
GEM,D,20121115,000000,0.82,0.82,0.82,0.82,1,0
GEM,D,20121116,000000,0.82,0.82,0.82,0.82,1,0
GEM,D,20121119,000000,0.82,0.82,0.82,0.82,1,0
GEM,D,20121120,000000,0.82,0.82,0.82,0.82,1,0
GEM,D,20121121,000000,0.82,0.82,0.82,0.82,1,0
GEM,D,20121122,000000,0.73,0.82,0.73,0.82,2100,0
GEM,D,20121123,000000,0.82,0.82,0.76,0.82,2106,0
GEM,D,20121126,000000,0.82,0.82,0.82,0.82,4,0
GEM,D,20121127,000000,0.82,0.82,0.82,0.82,3,0
GEM,D,20121128,000000,0.82,0.82,0.82,0.82,5,0
GEM,D,20121129,000000,0.82,0.82,0.82,0.82,4,0
GEM,D,20121130,000000,0.82,0.82,0.82,0.82,3,0
GEM,D,20121203,000000,0.82,0.82,0.82,0.82,4,0
GEM,D,20121204,000000,0.82,0.82,0.82,0.82,1,0
GEM,D,20121205,000000,0.82,0.82,0.82,0.82,1,0
GEM,D,20121206,000000,0.82,0.82,0.82,0.82,30,0
GEM,D,20121207,000000,0.82,0.96,0.8,0.96,9703,0
GEM,D,20121210,000000,0.96,0.98,0.96,0.98,580,0
GEM,D,20121211,000000,0.97,0.97,0.82,0.82,1005,0
GEM,D,20121212,000000,0.98,0.98,0.98,0.98,2,0
GEM,D,20121213,000000,0.95,0.95,0.95,0.95,3,0
GEM,D,20121217,000000,0.95,0.95,0.95,0.95,4,0
GEM,D,20121218,000000,0.94,0.94,0.94,0.94,3,0
GEM,D,20121219,000000,0.95,0.95,0.95,0.95,4,0
GEM,D,20121220,000000,0.95,0.95,0.95,0.95,3,0
GEM,D,20121221,000000,0.95,0.95,0.95,0.95,5,0
GEM,D,20121227,000000,0.95,0.95,0.9,0.95,4761,0
GEM,D,20121228,000000,0.95,0.95,0.88,0.95,5230,0
GEM,D,20130102,000000,0.9,0.95,0.9,0.95,2001,0
GEM,D,20130103,000000,0.95,0.95,0.95,0.95,3,0
GEM,D,20130104,000000,0.95,0.95,0.84,0.95,2255,0
GEM,D,20130107,000000,0.82,0.9,0.82,0.9,2001,0
GEM,D,20130108,000000,0.9,0.9,0.79,0.79,1913,0
GEM,D,20130109,000000,0.85,0.85,0.85,0.85,100,0
GEM,D,20130110,000000,0.95,0.95,0.79,0.93,2037,0
GEM,D,20130118,000000,0.83,0.83,0.83,0.83,3,0
GEM,D,20130123,000000,0.75,0.83,0.75,0.83,2100,0
GEM,D,20130128,000000,0.83,0.83,0.83,0.83,2,0
GEM,D,20130129,000000,0.83,0.83,0.83,0.83,3,0
GEM,D,20130130,000000,0.83,0.83,0.83,0.83,3,0
GEM,D,20130131,000000,0.83,0.83,0.71,0.74,2439,0
GEM,D,20130205,000000,0.68,0.76,0.68,0.76,2415,0
GEM,D,20130211,000000,0.75,0.75,0.75,0.75,50,0
GEM,D,20130212,000000,0.67,0.67,0.67,0.67,1480,0
GEM,D,20130213,000000,0.73,0.75,0.56,0.75,17663,0
GEM,D,20130218,000000,0.65,0.68,0.65,0.68,2413,0
GEM,D,20130220,000000,0.59,0.59,0.55,0.55,2503,0
GEM,D,20130221,000000,0.53,0.53,0.45,0.45,701,0
GEM,D,20130222,000000,0.43,0.51,0.43,0.43,16200,0
GEM,D,20130225,000000,0.4,0.4,0.4,0.4,100,0
GEM,D,20130226,000000,0.33,0.48,0.33,0.4,1620,0
GEM,D,20130227,000000,0.35,0.48,0.35,0.42,3820,0
GEM,D,20130228,000000,0.5,0.56,0.45,0.53,1500,0
GEM,D,20130301,000000,0.57,0.57,0.57,0.57,100,0
GEM,D,20130304,000000,0.66,0.66,0.63,0.63,4905,0
GEM,D,20130305,000000,0.53,0.53,0.53,0.53,100,0
GEM,D,20130306,000000,0.63,0.63,0.63,0.63,1,0
GEM,D,20130307,000000,0.61,0.63,0.61,0.63,5136,0
GEM,D,20130311,000000,0.56,0.6,0.56,0.6,2800,0
GEM,D,20130312,000000,0.63,0.63,0.61,0.61,275,0
GEM,D,20130313,000000,0.63,0.63,0.63,0.63,3,0
GEM,D,20130314,000000,0.63,0.63,0.63,0.63,4,0
GEM,D,20130315,000000,0.63,0.63,0.63,0.63,6,0
GEM,D,20130318,000000,0.63,0.63,0.56,0.63,409,0
GEM,D,20130320,000000,0.63,0.63,0.63,0.63,4,0
GEM,D,20130321,000000,0.63,0.63,0.63,0.63,5,0
GEM,D,20130322,000000,0.63,0.63,0.63,0.63,7,0
GEM,D,20130325,000000,0.63,0.63,0.63,0.63,4,0
GEM,D,20130326,000000,0.63,0.63,0.63,0.63,4,0
GEM,D,20130327,000000,0.63,0.63,0.63,0.63,5,0
GEM,D,20130328,000000,0.63,0.75,0.51,0.75,126720,0
GEM,D,20130402,000000,0.9,0.9,0.74,0.74,4069,0
GEM,D,20130403,000000,0.7,0.74,0.7,0.74,2610,0
GEM,D,20130404,000000,0.74,0.74,0.74,0.74,3,0
GEM,D,20130405,000000,0.63,0.74,0.63,0.74,2471,0
GEM,D,20130408,000000,0.74,0.74,0.74,0.74,6,0
GEM,D,20130409,000000,0.74,0.74,0.74,0.74,2,0
GEM,D,20130410,000000,0.74,0.74,0.74,0.74,5,0
GEM,D,20130411,000000,0.74,0.74,0.74,0.74,3,0
GEM,D,20130412,000000,0.74,0.74,0.74,0.74,4,0
GEM,D,20130417,000000,0.66,0.66,0.66,0.66,25,0
GEM,D,20130419,000000,0.74,0.74,0.74,0.74,100,0
GEM,D,20130506,000000,0.88,0.88,0.88,0.88,2100,0
GEM,D,20130524,000000,0.98,1.17,0.84,0.87,9250,0
GEM,D,20130527,000000,0.95,0.95,0.95,0.95,50,0
GEM,D,20130603,000000,0.95,0.95,0.82,0.82,1903,0
GEM,D,20130604,000000,0.82,0.82,0.75,0.8,2000,0
GEM,D,20130617,000000,0.72,0.72,0.72,0.72,250,0
GEM,D,20130624,000000,0.69,0.77,0.69,0.77,2200,0
GEM,D,20130701,000000,0.65,0.65,0.57,0.57,4930,0
GEM,D,20130702,000000,0.53,0.53,0.45,0.5,8900,0
GEM,D,20130703,000000,0.42,0.49,0.35,0.49,3807,0
GEM,D,20130704,000000,0.49,0.49,0.49,0.49,1,0
GEM,D,20130705,000000,0.49,0.49,0.49,0.49,2,0
GEM,D,20130708,000000,0.49,0.49,0.47,0.49,4002,0
GEM,D,20130709,000000,0.49,0.49,0.49,0.49,50,0
GEM,D,20130710,000000,0.4,0.4,0.4,0.4,825,0
GEM,D,20130711,000000,0.47,0.49,0.47,0.49,1200,0
GEM,D,20130716,000000,0.49,0.49,0.47,0.49,5001,0
GEM,D,20130717,000000,0.49,0.49,0.49,0.49,1,0
GEM,D,20130719,000000,0.49,0.49,0.49,0.49,1002,0
GEM,D,20130722,000000,0.49,0.58,0.49,0.58,5200,0
GEM,D,20130723,000000,0.57,0.57,0.5,0.55,3112,0
GEM,D,20130725,000000,0.57,0.58,0.57,0.58,4107,0
GEM,D,20130729,000000,0.58,0.58,0.58,0.58,2,0
GEM,D,20130730,000000,0.65,0.65,0.65,0.65,10,0
GEM,D,20130731,000000,0.65,0.65,0.65,0.65,2,0
GEM,D,20130801,000000,0.65,0.65,0.54,0.54,2800,0
GEM,D,20130802,000000,0.54,0.54,0.54,0.54,1102,0
GEM,D,20130805,000000,0.55,0.55,0.55,0.55,2000,0
GEM,D,20130806,000000,0.65,0.65,0.65,0.65,3,0
GEM,D,20130807,000000,0.65,0.65,0.65,0.65,5,0
GEM,D,20130808,000000,0.65,0.65,0.65,0.65,2,0
GEM,D,20130809,000000,0.65,0.65,0.65,0.65,2,0
GEM,D,20130812,000000,0.65,0.65,0.65,0.65,2,0
GEM,D,20130903,000000,0.59,0.65,0.51,0.65,24433,0
GEM,D,20130905,000000,0.59,0.59,0.59,0.59,11000,0
GEM,D,20130906,000000,0.6,0.6,0.49,0.51,89385,0
GEM,D,20130909,000000,0.61,0.61,0.61,0.61,2827,0
GEM,D,20130913,000000,0.51,0.51,0.41,0.49,5962,0
GEM,D,20130916,000000,0.49,0.49,0.49,0.49,1,0
GEM,D,20130918,000000,0.49,0.49,0.49,0.49,1,0
GEM,D,20130919,000000,0.49,0.49,0.49,0.49,1,0
GEM,D,20130923,000000,0.49,0.63,0.47,0.63,29519,0
GEM,D,20130924,000000,0.64,0.64,0.64,0.64,1,0
GEM,D,20130925,000000,0.64,0.64,0.64,0.64,1,0
GEM,D,20130927,000000,0.66,0.66,0.66,0.66,1,0
GEM,D,20130930,000000,0.66,0.78,0.6,0.78,20457,0
GEM,D,20131001,000000,0.86,0.86,0.71,0.85,3519,0
GEM,D,20131008,000000,0.69,0.69,0.69,0.69,100,0
GEM,D,20131009,000000,0.75,0.75,0.75,0.75,100,0
GEM,D,20131010,000000,0.82,0.82,0.82,0.82,100,0
GEM,D,20131018,000000,0.75,0.75,0.75,0.75,20,0
GEM,D,20131021,000000,0.75,0.75,0.75,0.75,3,0
GEM,D,20131022,000000,0.75,0.75,0.75,0.75,5,0
GEM,D,20131023,000000,0.75,0.75,0.73,0.75,111,0
GEM,D,20131024,000000,0.75,0.75,0.75,0.75,2,0
GEM,D,20131025,000000,0.75,0.75,0.75,0.75,9,0
GEM,D,20131028,000000,0.75,0.75,0.75,0.75,11,0
GEM,D,20131029,000000,0.75,0.75,0.75,0.75,2,0
GEM,D,20131030,000000,0.75,0.75,0.75,0.75,9,0
GEM,D,20131031,000000,0.75,0.75,0.75,0.75,3,0
GEM,D,20131113,000000,0.75,0.8,0.75,0.8,3700,0
GEM,D,20131114,000000,0.8,0.9,0.8,0.9,5010,0
GEM,D,20131211,000000,0.8,0.96,0.8,0.96,5100,0
GEM,D,20131213,000000,1.1,1.1,1,1.1,1530,0
GEM,D,20131216,000000,1.05,1.26,1,1.2,7110,0
GEM,D,20131217,000000,1.3,1.5,1.12,1.42,1502,0
GEM,D,20131218,000000,1.5,1.8,1.35,1.77,5402,0
GEM,D,20131219,000000,1.85,1.85,1.85,1.85,5,0
GEM,D,20131220,000000,1.85,1.9,1.53,1.68,2862,0
GEM,D,20131223,000000,1.9,2.1,1.66,1.66,1867,0
GEM,D,20131227,000000,1.55,1.6,1.3,1.3,1133,0
GEM,D,20131230,000000,1.4,1.4,1.05,1.06,1276,0
GEM,D,20140102,000000,1.2,1.44,1.2,1.44,196,0
GEM,D,20140103,000000,1.45,1.72,1.45,1.72,1100,0
GEM,D,20140107,000000,1.52,1.82,1.37,1.82,3945,0
GEM,D,20140108,000000,1.9,2,1.9,2,795,0
GEM,D,20140109,000000,2.2,2.39,1.85,2.39,2246,0
GEM,D,20140110,000000,2.39,2.39,2.39,2.39,1,0
GEM,D,20140113,000000,2.39,2.7,2.39,2.7,763,0
GEM,D,20140114,000000,2.7,2.7,2.7,2.7,4,0
GEM,D,20140115,000000,2.7,2.7,2.7,2.7,1,0
GEM,D,20140116,000000,2.7,2.7,2.7,2.7,3,0
GEM,D,20140120,000000,2.6,2.6,2.6,2.6,14,0
GEM,D,20140121,000000,2.6,2.6,2.6,2.6,3,0
GEM,D,20140122,000000,2.6,2.6,2.6,2.6,2,0
GEM,D,20140123,000000,2.6,2.6,2.6,2.6,2,0
GEM,D,20140124,000000,2.6,2.6,2.6,2.6,4,0
GEM,D,20140127,000000,2.6,2.6,2.6,2.6,3,0
GEM,D,20140128,000000,2.59,2.59,2.59,2.59,3,0
GEM,D,20140129,000000,2.59,2.59,2.17,2.3,1514,0
GEM,D,20140130,000000,2.3,2.3,2.14,2.3,732,0
GEM,D,20140131,000000,2.3,2.3,1.85,2.3,840,0
GEM,D,20140203,000000,2.3,2.3,2.3,2.3,5,0
GEM,D,20140204,000000,2.7,2.7,2.6,2.6,5,0
GEM,D,20140205,000000,2.6,2.6,2.6,2.6,4,0
GEM,D,20140206,000000,2.6,2.6,2.6,2.6,5,0
GEM,D,20140207,000000,2.6,2.6,2.6,2.6,8,0
GEM,D,20140210,000000,2.6,2.6,2.6,2.6,6,0
GEM,D,20140211,000000,2.6,2.6,2.6,2.6,4,0
GEM,D,20140212,000000,2.6,2.6,2.6,2.6,2,0
GEM,D,20140213,000000,2.6,2.6,2.6,2.6,4,0
GEM,D,20140303,000000,2.7,2.7,2.7,2.7,3,0
GEM,D,20140304,000000,2.7,2.7,1.96,1.96,1708,0
GEM,D,20140305,000000,2.16,2.16,1.96,2.16,1029,0
GEM,D,20140306,000000,2.16,2.16,1.95,2.16,799,0
GEM,D,20140307,000000,2.16,2.16,2.16,2.16,7,0
GEM,D,20140310,000000,2.16,2.16,1.86,1.86,815,0
GEM,D,20140311,000000,2.16,2.16,1.9,2.16,58,0
GEM,D,20140312,000000,2.16,2.16,1.75,2.16,872,0
GEM,D,20140313,000000,2.16,2.16,2.16,2.16,4,0
GEM,D,20140314,000000,2.16,2.16,2.16,2.16,3,0
GEM,D,20140317,000000,2.16,2.16,2.16,2.16,5,0
GEM,D,20140318,000000,2.16,2.16,2.16,2.16,6,0
GEM,D,20140319,000000,2.16,2.16,2.16,2.16,4,0
GEM,D,20140320,000000,2.16,2.16,2.16,2.16,5,0
GEM,D,20140321,000000,1.83,1.83,1.5,1.5,1541,0
GEM,D,20140324,000000,1.5,1.5,1.5,1.5,3,0
GEM,D,20140325,000000,1.5,1.5,1.5,1.5,16,0
GEM,D,20140327,000000,1.5,1.5,1.36,1.5,1120,0
GEM,D,20140328,000000,1.5,1.5,1.5,1.5,1071,0
GEM,D,20140331,000000,1.4,1.4,1.4,1.4,5,0
GEM,D,20140402,000000,1.68,1.68,1.68,1.68,3,0
GEM,D,20140404,000000,1.9,1.9,1.9,1.9,1,0
GEM,D,20140407,000000,2.1,2.1,2.1,2.1,4,0
GEM,D,20140408,000000,2.1,2.1,2.1,2.1,2,0
GEM,D,20140414,000000,2,2,1.65,2,914,0
GEM,D,20140415,000000,2,2,2,2,1,0
GEM,D,20140416,000000,2,2,2,2,1,0
GEM,D,20140417,000000,2,2,2,2,1,0
GEM,D,20140422,000000,2,2,2,2,1,0
GEM,D,20140423,000000,2,2,2,2,1,0
GEM,D,20140424,000000,2,2,2,2,1,0
GEM,D,20140425,000000,2,2,2,2,1,0
GEM,D,20140428,000000,2,2,2,2,2,0
GEM,D,20140429,000000,2,2,2,2,1,0
GEM,D,20140430,000000,2,2,2,2,1,0
GEM,D,20140502,000000,2,2,2,2,1,0
GEM,D,20140505,000000,2,2,2,2,1,0
GEM,D,20140506,000000,2.05,2.05,2.05,2.05,15,0
GEM,D,20140507,000000,2.09,2.09,2.09,2.09,5,0
GEM,D,20140509,000000,2.29,2.29,2.29,2.29,3,0
GEM,D,20140512,000000,2.7,2.7,2.29,2.6,2001,0
GEM,D,20140513,000000,2.59,2.59,2.59,2.59,1,0
GEM,D,20140516,000000,2.19,2.19,1.78,2,265,0
GEM,D,20140521,000000,2.19,2.19,2.19,2.19,1,0
GEM,D,20140527,000000,2.07,2.07,2.07,2.07,83,0
GEM,D,20140617,000000,1.69,1.69,1.69,1.69,1,0
GEM,D,20140618,000000,1.69,1.69,1.69,1.69,3,0
GEM,D,20140620,000000,1.69,1.7,1.45,1.7,839,0
GEM,D,20140625,000000,1.5,1.5,1.5,1.5,206,0
GEM,D,20140701,000000,1.37,1.5,1.35,1.5,480,0
GEM,D,20140722,000000,1.32,1.32,1.26,1.3,1175,0
GEM,D,20140731,000000,1.35,1.35,1.35,1.35,10,0
GEM,D,20140826,000000,1.22,1.22,1.22,1.22,200,0
GEM,D,20140908,000000,1.07,1.07,1.07,1.07,256,0
GEM,D,20140910,000000,1.05,1.05,0.92,0.92,1662,0
GEM,D,20140911,000000,0.73,0.73,0.73,0.73,1165,0
GEM,D,20140912,000000,0.87,0.92,0.87,0.92,19,0
GEM,D,20140915,000000,1.1,1.1,1.1,1.1,150,0
GEM,D,20140919,000000,1.24,1.24,1.24,1.24,1,0
GEM,D,20140924,000000,0.98,1.12,0.98,1.12,695,0
GEM,D,20140926,000000,1.15,1.15,1.15,1.15,83,0
GEM,D,20140930,000000,1.16,1.16,1.16,1.16,1,0
GEM,D,20141003,000000,1.16,1.16,1.16,1.16,1,0
GEM,D,20141007,000000,1.21,1.21,1.21,1.21,1,0
GEM,D,20141107,000000,1.17,1.17,1.17,1.17,10,0
GEM,D,20141110,000000,1.37,1.37,1.37,1.37,1,0
GEM,D,20141112,000000,1.18,1.18,1.18,1.18,1,0
GEM,D,20141114,000000,0.95,0.95,0.95,0.95,104,0
GEM,D,20141120,000000,0.96,0.96,0.96,0.96,1,0
GEM,D,20141203,000000,0.77,0.77,0.77,0.77,650,0
GEM,D,20141204,000000,0.76,0.96,0.76,0.96,501,0
GEM,D,20141205,000000,1.15,1.15,1.15,1.15,1,0
GEM,D,20141208,000000,1.2,1.2,1.2,1.2,2,0
GEM,D,20141209,000000,1.2,1.37,1.2,1.37,2,0
GEM,D,20141210,000000,1.2,1.2,1.2,1.2,52,0
GEM,D,20141211,000000,1.19,1.19,1.19,1.19,1,0
GEM,D,20141212,000000,1.37,1.37,1.37,1.37,1,0
GEM,D,20141215,000000,1.37,1.37,1.37,1.37,58,0
GEM,D,20141216,000000,1.37,1.37,1.37,1.37,1,0
GEM,D,20141217,000000,1.37,1.37,1.37,1.37,1,0
GEM,D,20141218,000000,1.37,1.37,1.37,1.37,1,0
GEM,D,20141219,000000,1.37,1.37,1.37,1.37,1,0
GEM,D,20150102,000000,1.64,1.96,1.64,1.96,2,0
GEM,D,20150113,000000,1.57,1.57,1.57,1.57,1,0
GEM,D,20150114,000000,1.41,1.41,1.25,1.26,322,0
GEM,D,20150115,000000,1.02,1.02,0.99,0.99,785,0
GEM,D,20150119,000000,1.18,1.18,1.18,1.18,1,0
GEM,D,20150127,000000,0.93,0.94,0.93,0.94,433,0
GEM,D,20150128,000000,0.94,0.94,0.94,0.94,5,0
GEM,D,20150129,000000,0.94,0.94,0.87,0.94,577,0
GEM,D,20150130,000000,0.94,0.94,0.94,0.94,1,0
GEM,D,20150202,000000,0.94,0.94,0.87,0.94,1736,0
GEM,D,20150203,000000,0.94,0.94,0.94,0.94,1,0
GEM,D,20150204,000000,0.94,0.94,0.94,0.94,1,0
GEM,D,20150205,000000,0.94,0.94,0.94,0.94,2,0
GEM,D,20150206,000000,0.94,0.94,0.94,0.94,3,0
GEM,D,20150209,000000,0.94,0.94,0.94,0.94,1,0
GEM,D,20150210,000000,0.94,0.94,0.94,0.94,5,0
GEM,D,20150211,000000,0.94,0.94,0.76,0.93,888,0
GEM,D,20150212,000000,0.93,0.93,0.93,0.93,2,0
GEM,D,20150213,000000,0.93,0.93,0.93,0.93,1,0
GEM,D,20150216,000000,0.93,0.93,0.93,0.93,2,0
GEM,D,20150217,000000,0.93,0.93,0.93,0.93,3,0
GEM,D,20150218,000000,0.93,0.93,0.82,0.93,792,0
GEM,D,20150219,000000,0.93,0.93,0.93,0.93,3,0
GEM,D,20150220,000000,0.93,0.93,0.93,0.93,8,0
GEM,D,20150223,000000,0.93,0.93,0.93,0.93,4,0
GEM,D,20150224,000000,0.92,0.92,0.92,0.92,1,0
GEM,D,20150225,000000,0.92,0.92,0.92,0.92,3,0
GEM,D,20150226,000000,0.92,0.92,0.92,0.92,3,0
GEM,D,20150227,000000,0.92,0.92,0.92,0.92,8,0
GEM,D,20150302,000000,0.92,0.92,0.92,0.92,3,0
GEM,D,20150303,000000,0.9,0.9,0.9,0.9,4,0
GEM,D,20150304,000000,0.88,0.88,0.88,0.88,3,0
GEM,D,20150305,000000,0.88,0.88,0.88,0.88,2,0
GEM,D,20150306,000000,0.88,0.88,0.62,0.78,3408,0
GEM,D,20150311,000000,0.93,1.11,0.93,1.11,329,0
GEM,D,20150312,000000,1.33,1.33,1.33,1.33,1,0
GEM,D,20150316,000000,1.36,1.36,1.36,1.36,1,0
GEM,D,20150325,000000,0.97,0.97,0.97,0.97,101,0
GEM,D,20150326,000000,0.97,0.97,0.97,0.97,2,0
GEM,D,20150327,000000,0.97,0.97,0.97,0.97,2,0
GEM,D,20150330,000000,1.16,1.16,1.16,1.16,4,0
GEM,D,20150331,000000,1.39,1.39,1.39,1.39,1,0
GEM,D,20150413,000000,1.12,1.12,0.99,0.99,202,0
GEM,D,20150415,000000,1.18,1.18,0.76,0.82,2052,0
GEM,D,20150416,000000,0.82,0.82,0.82,0.82,2,0
GEM,D,20150417,000000,0.82,0.82,0.82,0.82,1,0
GEM,D,20150420,000000,0.82,0.82,0.82,0.82,2,0
GEM,D,20150421,000000,0.82,0.82,0.7,0.82,414,0
GEM,D,20150422,000000,0.82,0.82,0.82,0.82,1,0
GEM,D,20150423,000000,0.82,0.82,0.82,0.82,1,0
GEM,D,20150424,000000,0.82,0.82,0.82,0.82,1,0
GEM,D,20150427,000000,0.82,0.82,0.82,0.82,1,0
GEM,D,20150428,000000,0.82,0.82,0.82,0.82,1,0
GEM,D,20150429,000000,0.82,0.82,0.82,0.82,1,0
GEM,D,20150430,000000,0.82,0.82,0.82,0.82,1,0
GEM,D,20150605,000000,0.88,0.88,0.88,0.88,5,0
GEM,D,20150619,000000,0.88,0.88,0.88,0.88,3,0
GEM,D,20150622,000000,0.88,0.88,0.88,0.88,43,0
GEM,D,20150623,000000,0.88,0.88,0.88,0.88,97,0
GEM,D,20150624,000000,0.88,0.88,0.88,0.88,1,0
GEM,D,20150625,000000,0.88,0.88,0.88,0.88,41,0
GEM,D,20150626,000000,0.88,0.88,0.88,0.88,56,0
GEM,D,20150710,000000,0.77,0.77,0.77,0.77,12,0
GEM,D,20150824,000000,0.62,0.62,0.51,0.51,6250,0
GEM,D,20150825,000000,0.61,0.61,0.41,0.41,80254,0
GEM,D,20150826,000000,0.33,0.35,0.26,0.26,9923,0
GEM,D,20150827,000000,0.21,0.21,0.17,0.17,20503,0
GEM,D,20150828,000000,0.17,0.17,0.17,0.17,3,0
GEM,D,20150831,000000,0.17,0.17,0.17,0.17,8,0
GEM,D,20150901,000000,0.19,0.19,0.19,0.19,270,0
GEM,D,20150902,000000,0.2,0.21,0.16,0.21,42309,0
GEM,D,20150903,000000,0.17,0.2,0.13,0.13,128366,0
GEM,D,20150904,000000,0.14,0.14,0.13,0.14,607726,0
GEM,D,20150907,000000,0.14,0.14,0.12,0.13,248,0
GEM,D,20150908,000000,0.12,0.14,0.1,0.11,42243,0
GEM,D,20150909,000000,0.11,0.13,0.09,0.09,25021,0
GEM,D,20150910,000000,0.09,0.11,0.08,0.11,637401,0
GEM,D,20150911,000000,0.13,0.16,0.13,0.16,56612,0
GEM,D,20150914,000000,0.19,0.22,0.19,0.22,9437,0
GEM,D,20150915,000000,0.24,0.27,0.24,0.27,17037,0
GEM,D,20150916,000000,0.32,0.34,0.21,0.23,16288,0
GEM,D,20150917,000000,0.27,0.27,0.27,0.27,5,0
GEM,D,20150918,000000,0.27,0.27,0.22,0.22,254,0
GEM,D,20150921,000000,0.22,0.22,0.18,0.22,266,0
GEM,D,20150922,000000,0.2,0.2,0.16,0.19,4595,0
GEM,D,20150923,000000,0.15,0.17,0.15,0.17,8951,0
GEM,D,20150924,000000,0.19,0.19,0.19,0.19,80,0
GEM,D,20150925,000000,0.19,0.2,0.19,0.2,3244,0
GEM,D,20150928,000000,0.21,0.21,0.18,0.21,3040,0
GEM,D,20150929,000000,0.21,0.21,0.21,0.21,64,0
GEM,D,20150930,000000,0.21,0.21,0.21,0.21,62,0
GEM,D,20151001,000000,0.21,0.21,0.21,0.21,1,0
GEM,D,20151002,000000,0.21,0.21,0.19,0.19,4001,0
GEM,D,20151005,000000,0.21,0.21,0.21,0.21,1,0
GEM,D,20151006,000000,0.21,0.21,0.21,0.21,10,0
GEM,D,20151007,000000,0.19,0.19,0.19,0.19,2,0
GEM,D,20151008,000000,0.19,0.19,0.19,0.19,2,0
GEM,D,20151009,000000,0.19,0.19,0.19,0.19,2,0
GEM,D,20151012,000000,0.18,0.18,0.18,0.18,19,0
GEM,D,20151013,000000,0.18,0.18,0.18,0.18,10,0
GEM,D,20151014,000000,0.18,0.21,0.18,0.2,92622,0
GEM,D,20151015,000000,0.2,0.2,0.16,0.18,112418,0
GEM,D,20151016,000000,0.15,0.2,0.15,0.18,170878,0
GEM,D,20151019,000000,0.18,0.18,0.15,0.15,2555,0
GEM,D,20151020,000000,0.15,0.15,0.15,0.15,15,0
GEM,D,20151021,000000,0.15,0.15,0.12,0.13,120095,0
GEM,D,20151022,000000,0.13,0.13,0.1,0.11,161316,0
GEM,D,20151023,000000,0.12,0.12,0.1,0.1,165083,0
GEM,D,20151026,000000,0.11,0.13,0.1,0.1,668661,0
GEM,D,20151027,000000,0.11,0.11,0.08,0.08,425459,0
GEM,D,20151028,000000,0.09,0.1,0.09,0.1,262461,0
GEM,D,20151029,000000,0.12,0.14,0.1,0.14,445372,0
GEM,D,20151030,000000,0.15,0.18,0.15,0.18,184505,0
GEM,D,20151102,000000,0.24,0.27,0.19,0.24,947524,0
GEM,D,20151103,000000,0.22,0.23,0.19,0.2,272758,0
GEM,D,20151104,000000,0.22,0.23,0.18,0.19,229543,0
GEM,D,20151105,000000,0.16,0.18,0.15,0.17,92225,0
GEM,D,20151106,000000,0.17,0.17,0.13,0.16,229417,0
GEM,D,20151109,000000,0.17,0.17,0.13,0.14,44189,0
GEM,D,20151110,000000,0.14,0.17,0.13,0.17,31880,0
GEM,D,20151112,000000,0.17,0.17,0.14,0.15,10470,0
GEM,D,20151113,000000,0.13,0.15,0.11,0.14,57250,0
GEM,D,20151116,000000,0.14,0.14,0.12,0.14,25062,0
GEM,D,20151117,000000,0.13,0.14,0.11,0.13,103348,0
GEM,D,20151118,000000,0.13,0.14,0.11,0.13,20792,0
GEM,D,20151119,000000,0.13,0.14,0.12,0.14,19942,0
GEM,D,20151120,000000,0.14,0.18,0.14,0.17,108779,0
GEM,D,20151123,000000,0.16,0.16,0.14,0.15,5139,0
GEM,D,20151124,000000,0.15,0.15,0.13,0.15,7345,0
GEM,D,20151125,000000,0.15,0.15,0.12,0.15,29368,0
GEM,D,20151126,000000,0.14,0.14,0.12,0.13,29251,0
GEM,D,20151127,000000,0.15,0.16,0.13,0.13,223327,0
GEM,D,20151130,000000,0.15,0.16,0.14,0.15,129718,0
GEM,D,20151201,000000,0.15,0.15,0.13,0.14,17373,0
GEM,D,20151202,000000,0.14,0.15,0.13,0.15,25888,0
GEM,D,20151203,000000,0.14,0.15,0.14,0.15,17575,0
GEM,D,20151204,000000,0.15,0.15,0.13,0.15,20320,0
GEM,D,20151207,000000,0.14,0.14,0.13,0.14,20793,0
GEM,D,20151208,000000,0.15,0.15,0.13,0.14,21109,0
GEM,D,20151209,000000,0.14,0.14,0.13,0.14,122,0
GEM,D,20151210,000000,0.14,0.14,0.12,0.14,236,0
GEM,D,20151211,000000,0.14,0.14,0.12,0.14,2022,0
GEM,D,20151214,000000,0.14,0.14,0.14,0.14,21,0
GEM,D,20151215,000000,0.14,0.14,0.11,0.12,29112,0
GEM,D,20151216,000000,0.12,0.12,0.11,0.12,23,0
GEM,D,20151217,000000,0.11,0.11,0.1,0.11,46090,0
GEM,D,20151218,000000,0.1,0.11,0.1,0.11,17230,0
GEM,D,20151221,000000,0.11,0.11,0.1,0.11,16459,0
GEM,D,20151222,000000,0.1,0.11,0.09,0.11,99972,0
GEM,D,20151223,000000,0.12,0.12,0.12,0.12,2545,0
GEM,D,20151228,000000,0.11,0.12,0.11,0.12,8900,0
GEM,D,20151229,000000,0.1,0.12,0.1,0.12,8895,0
GEM,D,20151230,000000,0.12,0.12,0.12,0.12,13,0
GEM,D,20160104,000000,0.12,0.12,0.12,0.12,25,0
GEM,D,20160105,000000,0.12,0.12,0.12,0.12,350,0
GEM,D,20160107,000000,0.12,0.12,0.12,0.12,13,0
GEM,D,20160108,000000,0.12,0.12,0.12,0.12,20,0
GEM,D,20160111,000000,0.12,0.12,0.12,0.12,20,0
GEM,D,20160112,000000,0.11,0.12,0.1,0.12,9010,0
GEM,D,20160113,000000,0.12,0.12,0.1,0.12,18050,0
GEM,D,20160114,000000,0.12,0.12,0.1,0.12,2027,0
GEM,D,20160115,000000,0.12,0.12,0.12,0.12,7,0
GEM,D,20160118,000000,0.12,0.12,0.12,0.12,22,0
GEM,D,20160119,000000,0.12,0.12,0.12,0.12,18,0
GEM,D,20160120,000000,0.12,0.12,0.12,0.12,24,0
GEM,D,20160121,000000,0.12,0.12,0.12,0.12,19,0
GEM,D,20160122,000000,0.12,0.12,0.12,0.12,22,0
GEM,D,20160125,000000,0.12,0.12,0.12,0.12,17,0
GEM,D,20160126,000000,0.11,0.11,0.09,0.1,11246,0
GEM,D,20160127,000000,0.1,0.1,0.1,0.1,3,0
GEM,D,20160128,000000,0.1,0.1,0.09,0.1,12603,0
GEM,D,20160129,000000,0.1,0.11,0.1,0.11,10182,0
GEM,D,20160201,000000,0.11,0.11,0.11,0.11,6,0
GEM,D,20160202,000000,0.11,0.11,0.11,0.11,5,0
GEM,D,20160203,000000,0.11,0.11,0.1,0.11,10007,0
GEM,D,20160204,000000,0.11,0.11,0.09,0.1,47105,0
GEM,D,20160205,000000,0.11,0.11,0.11,0.11,10,0
GEM,D,20160208,000000,0.11,0.11,0.1,0.11,5003,0
GEM,D,20160209,000000,0.11,0.11,0.11,0.11,3,0
GEM,D,20160210,000000,0.11,0.11,0.11,0.11,412,0
GEM,D,20160211,000000,0.11,0.11,0.09,0.11,6006,0
GEM,D,20160212,000000,0.11,0.11,0.1,0.11,11638,0
GEM,D,20160215,000000,0.11,0.11,0.1,0.1,29000,0
GEM,D,20160216,000000,0.1,0.11,0.1,0.11,4534,0
GEM,D,20160217,000000,0.11,0.11,0.11,0.11,10,0
GEM,D,20160218,000000,0.1,0.11,0.1,0.11,9408,0
GEM,D,20160219,000000,0.11,0.11,0.09,0.11,41182,0
GEM,D,20160222,000000,0.11,0.11,0.09,0.1,22051,0
GEM,D,20160223,000000,0.1,0.12,0.1,0.12,67907,0
GEM,D,20160224,000000,0.14,0.14,0.14,0.14,4380,0
GEM,D,20160225,000000,0.14,0.15,0.12,0.13,43048,0
GEM,D,20160226,000000,0.13,0.14,0.1,0.1,49844,0
GEM,D,20160229,000000,0.11,0.11,0.11,0.11,358,0
GEM,D,20160301,000000,0.11,0.11,0.11,0.11,13973,0
GEM,D,20160302,000000,0.13,0.13,0.13,0.13,3,0
GEM,D,20160303,000000,0.13,0.13,0.13,0.13,5,0
GEM,D,20160304,000000,0.13,0.13,0.13,0.13,10,0
GEM,D,20160307,000000,0.13,0.13,0.13,0.13,1308,0
GEM,D,20160308,000000,0.13,0.13,0.13,0.13,10,0
GEM,D,20160309,000000,0.13,0.13,0.13,0.13,11,0
GEM,D,20160310,000000,0.13,0.13,0.13,0.13,5,0
GEM,D,20160311,000000,0.12,0.12,0.09,0.1,89609,0
GEM,D,20160314,000000,0.11,0.11,0.11,0.11,11,0
GEM,D,20160315,000000,0.11,0.11,0.1,0.11,23023,0
GEM,D,20160316,000000,0.11,0.11,0.11,0.11,19,0
GEM,D,20160317,000000,0.11,0.11,0.1,0.11,7010,0
GEM,D,20160318,000000,0.11,0.11,0.1,0.11,6319,0
GEM,D,20160321,000000,0.11,0.11,0.11,0.11,6,0
GEM,D,20160322,000000,0.11,0.11,0.11,0.11,5,0
GEM,D,20160323,000000,0.11,0.11,0.11,0.11,5,0
GEM,D,20160324,000000,0.1,0.1,0.1,0.1,560,0
GEM,D,20160329,000000,0.11,0.11,0.11,0.11,6,0
GEM,D,20160330,000000,0.11,0.11,0.11,0.11,5,0
GEM,D,20160331,000000,0.11,0.11,0.11,0.11,3,0
GEM,D,20160401,000000,0.11,0.11,0.11,0.11,8,0
GEM,D,20160404,000000,0.11,0.11,0.11,0.11,8,0
GEM,D,20160405,000000,0.11,0.11,0.1,0.11,5123,0
GEM,D,20160406,000000,0.11,0.11,0.1,0.11,4309,0
GEM,D,20160407,000000,0.11,0.11,0.11,0.11,9,0
GEM,D,20160408,000000,0.11,0.11,0.11,0.11,7,0
GEM,D,20160411,000000,0.11,0.11,0.11,0.11,7,0
GEM,D,20160412,000000,0.11,0.11,0.1,0.1,2559,0
GEM,D,20160413,000000,0.1,0.1,0.1,0.1,28,0
GEM,D,20160414,000000,0.1,0.1,0.1,0.1,1500,0
GEM,D,20160415,000000,0.1,0.11,0.1,0.11,11023,0
GEM,D,20160418,000000,0.11,0.11,0.11,0.11,27,0
GEM,D,20160419,000000,0.11,0.11,0.11,0.11,11,0
GEM,D,20160420,000000,0.11,0.11,0.11,0.11,10,0
GEM,D,20160421,000000,0.11,0.11,0.09,0.1,51022,0
GEM,D,20160422,000000,0.1,0.1,0.08,0.1,27894,0
GEM,D,20160425,000000,0.1,0.1,0.1,0.1,10,0
GEM,D,20160426,000000,0.1,0.1,0.1,0.1,5,0
GEM,D,20160427,000000,0.1,0.11,0.1,0.11,9008,0
GEM,D,20160428,000000,0.1,0.1,0.1,0.1,10,0
GEM,D,20160429,000000,0.1,0.1,0.1,0.1,3,0
GEM,D,20160502,000000,0.1,0.11,0.1,0.11,10010,0
GEM,D,20160504,000000,0.11,0.11,0.11,0.11,10,0
GEM,D,20160505,000000,0.11,0.15,0.11,0.15,257857,0
GEM,D,20160506,000000,0.18,0.21,0.18,0.21,349660,0
GEM,D,20160509,000000,0.23,0.25,0.16,0.16,655117,0
GEM,D,20160510,000000,0.15,0.18,0.14,0.17,387656,0
GEM,D,20160511,000000,0.17,0.18,0.14,0.14,210404,0
GEM,D,20160512,000000,0.14,0.16,0.14,0.16,50125,0
GEM,D,20160513,000000,0.15,0.15,0.14,0.15,9199,0
GEM,D,20160516,000000,0.15,0.15,0.13,0.15,14395,0
GEM,D,20160517,000000,0.15,0.15,0.13,0.15,543,0
GEM,D,20160518,000000,0.13,0.14,0.13,0.14,70166,0
GEM,D,20160519,000000,0.14,0.14,0.14,0.14,3,0
GEM,D,20160520,000000,0.14,0.14,0.12,0.14,9412,0
GEM,D,20160523,000000,0.13,0.13,0.13,0.13,315,0
GEM,D,20160524,000000,0.13,0.13,0.13,0.13,804,0
GEM,D,20160525,000000,0.13,0.13,0.13,0.13,26,0
GEM,D,20160527,000000,0.13,0.13,0.13,0.13,504,0
GEM,D,20160530,000000,0.13,0.13,0.11,0.12,9589,0
GEM,D,20160531,000000,0.11,0.13,0.1,0.13,118333,0
GEM,D,20160601,000000,0.13,0.17,0.13,0.17,169297,0
GEM,D,20160602,000000,0.15,0.16,0.14,0.16,28106,0
GEM,D,20160603,000000,0.15,0.15,0.15,0.15,400,0
GEM,D,20160606,000000,0.14,0.19,0.12,0.18,260518,0
GEM,D,20160607,000000,0.19,0.19,0.13,0.13,354238,0
GEM,D,20160608,000000,0.14,0.15,0.11,0.12,305845,0
GEM,D,20160609,000000,0.13,0.13,0.11,0.12,5013,0
GEM,D,20160610,000000,0.11,0.12,0.11,0.12,10827,0
GEM,D,20160613,000000,0.12,0.13,0.11,0.12,37405,0
GEM,D,20160614,000000,0.13,0.13,0.13,0.13,9,0
GEM,D,20160615,000000,0.13,0.13,0.11,0.11,69740,0
GEM,D,20160616,000000,0.12,0.12,0.11,0.12,2536,0
GEM,D,20160617,000000,0.12,0.13,0.12,0.13,2563,0
GEM,D,20160620,000000,0.13,0.13,0.13,0.13,12,0
GEM,D,20160621,000000,0.13,0.13,0.1,0.12,13020,0
GEM,D,20160622,000000,0.12,0.12,0.1,0.11,9505,0
GEM,D,20160623,000000,0.12,0.12,0.11,0.11,5005,0
GEM,D,20160624,000000,0.09,0.1,0.09,0.1,71099,0
GEM,D,20160627,000000,0.11,0.11,0.11,0.11,1301,0
GEM,D,20160628,000000,0.11,0.11,0.11,0.11,5103,0
GEM,D,20160629,000000,0.11,0.11,0.1,0.11,100021,0
GEM,D,20160630,000000,0.11,0.11,0.11,0.11,2,0
GEM,D,20160701,000000,0.12,0.12,0.11,0.11,1003,0
GEM,D,20160704,000000,0.11,0.11,0.11,0.11,2,0
GEM,D,20160705,000000,0.1,0.1,0.1,0.1,10000,0
GEM,D,20160706,000000,0.1,0.1,0.1,0.1,9464,0
GEM,D,20160707,000000,0.1,0.1,0.1,0.1,9830,0
GEM,D,20160711,000000,0.1,0.1,0.09,0.09,80766,0
GEM,D,20160712,000000,0.1,0.12,0.1,0.12,55446,0
GEM,D,20160713,000000,0.11,0.12,0.11,0.12,5674,0
GEM,D,20160714,000000,0.11,0.11,0.11,0.11,2,0
GEM,D,20160715,000000,0.11,0.11,0.11,0.11,24,0
GEM,D,20160718,000000,0.11,0.11,0.1,0.11,15015,0
GEM,D,20160719,000000,0.11,0.11,0.11,0.11,8,0
GEM,D,20160720,000000,0.11,0.11,0.11,0.11,3,0
GEM,D,20160721,000000,0.11,0.11,0.09,0.1,3586,0
GEM,D,20160722,000000,0.1,0.1,0.09,0.1,16606,0
GEM,D,20160725,000000,0.1,0.1,0.1,0.1,1010,0
GEM,D,20160726,000000,0.1,0.1,0.1,0.1,5,0
GEM,D,20160727,000000,0.09,0.1,0.09,0.1,7000,0
GEM,D,20160728,000000,0.09,0.12,0.09,0.12,20395,0
GEM,D,20160729,000000,0.11,0.11,0.11,0.11,255,0
GEM,D,20160801,000000,0.11,0.11,0.11,0.11,3,0
GEM,D,20160802,000000,0.09,0.09,0.09,0.09,35756,0
GEM,D,20160803,000000,0.1,0.11,0.1,0.1,30440,0
GEM,D,20160804,000000,0.11,0.11,0.11,0.11,6,0
GEM,D,20160805,000000,0.11,0.13,0.1,0.13,154122,0
GEM,D,20160808,000000,0.14,0.14,0.12,0.12,6264,0
GEM,D,20160809,000000,0.13,0.13,0.13,0.13,8,0
GEM,D,20160810,000000,0.13,0.13,0.13,0.13,31,0
GEM,D,20160811,000000,0.13,0.13,0.12,0.12,28,0
GEM,D,20160812,000000,0.12,0.12,0.1,0.12,47,0
GEM,D,20160816,000000,0.12,0.12,0.12,0.12,21,0
GEM,D,20160817,000000,0.12,0.12,0.12,0.12,33,0
GEM,D,20160818,000000,0.12,0.12,0.1,0.11,7901,0
GEM,D,20160819,000000,0.11,0.11,0.11,0.11,34,0
GEM,D,20160822,000000,0.11,0.11,0.11,0.11,19,0
GEM,D,20160823,000000,0.11,0.11,0.1,0.11,4935,0
GEM,D,20160824,000000,0.11,0.11,0.1,0.11,2008,0
GEM,D,20160825,000000,0.11,0.11,0.11,0.11,9,0
GEM,D,20160826,000000,0.11,0.11,0.11,0.11,12,0
GEM,D,20160829,000000,0.11,0.11,0.1,0.1,106,0
GEM,D,20160830,000000,0.1,0.1,0.1,0.1,3197,0
GEM,D,20160831,000000,0.11,0.11,0.11,0.11,8,0
GEM,D,20160901,000000,0.11,0.11,0.11,0.11,11,0
GEM,D,20160902,000000,0.11,0.11,0.11,0.11,14,0
GEM,D,20160905,000000,0.11,0.11,0.09,0.1,6399,0
GEM,D,20160906,000000,0.11,0.11,0.1,0.1,2138,0
GEM,D,20160907,000000,0.1,0.11,0.1,0.11,9774,0
GEM,D,20160908,000000,0.11,0.11,0.11,0.11,6,0
GEM,D,20160909,000000,0.11,0.11,0.11,0.11,5,0
GEM,D,20160912,000000,0.11,0.11,0.11,0.11,5,0
GEM,D,20160913,000000,0.11,0.12,0.1,0.1,20006,0
GEM,D,20160914,000000,0.11,0.11,0.1,0.1,5,0
GEM,D,20160915,000000,0.11,0.11,0.11,0.11,9,0
GEM,D,20160916,000000,0.11,0.11,0.11,0.11,5,0
GEM,D,20160919,000000,0.11,0.11,0.11,0.11,8,0
GEM,D,20160920,000000,0.11,0.11,0.09,0.11,15011,0
GEM,D,20160921,000000,0.11,0.11,0.11,0.11,2,0
GEM,D,20160922,000000,0.11,0.11,0.11,0.11,15,0
GEM,D,20160923,000000,0.11,0.11,0.11,0.11,2,0
GEM,D,20160926,000000,0.11,0.13,0.11,0.13,102582,0
GEM,D,20160927,000000,0.12,0.12,0.11,0.11,32367,0
GEM,D,20160928,000000,0.12,0.12,0.09,0.1,70476,0
GEM,D,20160929,000000,0.11,0.11,0.1,0.1,52206,0
GEM,D,20160930,000000,0.11,0.13,0.11,0.12,318314,0
GEM,D,20161003,000000,0.11,0.13,0.1,0.12,60798,0
GEM,D,20161004,000000,0.1,0.12,0.1,0.12,52053,0
GEM,D,20161005,000000,0.1,0.11,0.1,0.11,25809,0
GEM,D,20161006,000000,0.11,0.11,0.11,0.11,29,0
GEM,D,20161007,000000,0.11,0.11,0.1,0.1,4718,0
GEM,D,20161010,000000,0.1,0.1,0.1,0.1,53,0
GEM,D,20161011,000000,0.09,0.1,0.09,0.1,39247,0
GEM,D,20161012,000000,0.11,0.11,0.11,0.11,23,0
GEM,D,20161013,000000,0.1,0.1,0.1,0.1,4005,0
GEM,D,20161014,000000,0.11,0.11,0.11,0.11,16,0
GEM,D,20161017,000000,0.11,0.11,0.11,0.11,23,0
GEM,D,20161018,000000,0.11,0.11,0.11,0.11,20003,0
GEM,D,20161019,000000,0.11,0.11,0.11,0.11,21,0
GEM,D,20161020,000000,0.11,0.11,0.11,0.11,31,0
GEM,D,20161021,000000,0.1,0.11,0.1,0.11,11,0
GEM,D,20161024,000000,0.11,0.11,0.11,0.11,57,0
GEM,D,20161025,000000,0.11,0.11,0.11,0.11,40,0
GEM,D,20161026,000000,0.1,0.11,0.1,0.11,4087,0
GEM,D,20161027,000000,0.11,0.11,0.11,0.11,2213,0
GEM,D,20161028,000000,0.11,0.11,0.1,0.11,2065,0
GEM,D,20161031,000000,0.11,0.11,0.11,0.11,127,0
GEM,D,20161102,000000,0.11,0.11,0.11,0.11,116,0
GEM,D,20161103,000000,0.11,0.11,0.11,0.11,23,0
GEM,D,20161104,000000,0.11,0.11,0.11,0.11,33,0
GEM,D,20161107,000000,0.11,0.11,0.1,0.11,2041,0
GEM,D,20161108,000000,0.11,0.11,0.1,0.11,16099,0
GEM,D,20161109,000000,0.11,0.11,0.11,0.11,38,0
GEM,D,20161110,000000,0.11,0.11,0.1,0.11,8353,0
GEM,D,20161114,000000,0.11,0.11,0.11,0.11,38,0
GEM,D,20161115,000000,0.11,0.11,0.11,0.11,27,0
GEM,D,20161116,000000,0.11,0.11,0.11,0.11,35,0
GEM,D,20161117,000000,0.11,0.11,0.11,0.11,42,0
GEM,D,20161118,000000,0.11,0.11,0.11,0.11,11,0
GEM,D,20161121,000000,0.11,0.11,0.11,0.11,87,0
GEM,D,20161122,000000,0.11,0.11,0.11,0.11,57,0
GEM,D,20161123,000000,0.11,0.11,0.11,0.11,37,0
GEM,D,20161124,000000,0.11,0.11,0.11,0.11,25,0
GEM,D,20161125,000000,0.11,0.12,0.09,0.11,28917,0
GEM,D,20161128,000000,0.11,0.11,0.11,0.11,52,0
GEM,D,20161129,000000,0.11,0.11,0.11,0.11,5,0
GEM,D,20161130,000000,0.11,0.11,0.09,0.1,27582,0
GEM,D,20161201,000000,0.1,0.1,0.1,0.1,2,0
GEM,D,20161202,000000,0.1,0.1,0.1,0.1,23,0
GEM,D,20161205,000000,0.1,0.1,0.1,0.1,39,0
GEM,D,20161206,000000,0.1,0.1,0.1,0.1,15,0
GEM,D,20161207,000000,0.1,0.1,0.1,0.1,47,0
GEM,D,20161208,000000,0.1,0.1,0.1,0.1,5,0
GEM,D,20161209,000000,0.1,0.1,0.1,0.1,5,0
GEM,D,20161212,000000,0.1,0.1,0.1,0.1,26,0
GEM,D,20161213,000000,0.1,0.1,0.1,0.1,3,0
GEM,D,20161214,000000,0.1,0.1,0.1,0.1,25,0
GEM,D,20161215,000000,0.09,0.1,0.09,0.1,9821,0
GEM,D,20161216,000000,0.1,0.1,0.1,0.1,3,0
GEM,D,20161219,000000,0.1,0.1,0.1,0.1,18,0
GEM,D,20161220,000000,0.1,0.1,0.09,0.1,28123,0
GEM,D,20161221,000000,0.1,0.1,0.1,0.1,33,0
GEM,D,20161222,000000,0.1,0.1,0.1,0.1,44,0
GEM,D,20161223,000000,0.1,0.1,0.1,0.1,10,0
GEM,D,20161227,000000,0.1,0.1,0.1,0.1,28,0
GEM,D,20161228,000000,0.1,0.1,0.1,0.1,15,0
GEM,D,20161229,000000,0.1,0.1,0.09,0.1,130,0
GEM,D,20161230,000000,0.1,0.1,0.1,0.1,27,0
GEM,D,20170102,000000,0.1,0.1,0.08,0.09,5357,0
GEM,D,20170103,000000,0.09,0.1,0.09,0.09,15331,0
GEM,D,20170104,000000,0.1,0.1,0.1,0.1,26,0
GEM,D,20170105,000000,0.1,0.1,0.1,0.1,57,0
GEM,D,20170109,000000,0.1,0.1,0.09,0.1,2478,0
GEM,D,20170110,000000,0.1,0.1,0.1,0.1,28,0
GEM,D,20170111,000000,0.1,0.1,0.1,0.1,24,0
GEM,D,20170112,000000,0.1,0.1,0.09,0.1,691,0
GEM,D,20170113,000000,0.1,0.1,0.1,0.1,6,0
GEM,D,20170116,000000,0.1,0.1,0.1,0.1,31,0
GEM,D,20170117,000000,0.1,0.1,0.1,0.1,21,0
GEM,D,20170118,000000,0.1,0.1,0.09,0.09,12014,0
GEM,D,20170119,000000,0.09,0.1,0.09,0.1,121693,0
GEM,D,20170120,000000,0.11,0.13,0.1,0.13,199110,0
GEM,D,20170123,000000,0.14,0.16,0.14,0.15,133878,0
GEM,D,20170124,000000,0.15,0.15,0.14,0.14,37719,0
GEM,D,20170125,000000,0.15,0.15,0.12,0.14,20009,0
GEM,D,20170126,000000,0.14,0.19,0.12,0.19,235470,0
GEM,D,20170127,000000,0.2,0.2,0.18,0.18,39228,0
GEM,D,20170130,000000,0.18,0.2,0.15,0.16,16002,0
GEM,D,20170131,000000,0.18,0.18,0.12,0.14,152537,0
GEM,D,20170201,000000,0.14,0.14,0.1,0.11,626438,0
GEM,D,20170202,000000,0.11,0.11,0.1,0.11,57059,0
GEM,D,20170203,000000,0.11,0.12,0.1,0.12,59861,0
GEM,D,20170206,000000,0.12,0.12,0.11,0.11,6205,0
GEM,D,20170208,000000,0.11,0.11,0.11,0.11,20,0
GEM,D,20170210,000000,0.1,0.11,0.1,0.11,66902,0
GEM,D,20170213,000000,0.12,0.12,0.12,0.12,42,0
GEM,D,20170214,000000,0.11,0.12,0.11,0.12,18537,0
GEM,D,20170215,000000,0.12,0.12,0.12,0.12,37,0
GEM,D,20170216,000000,0.12,0.12,0.12,0.12,2,0
GEM,D,20170217,000000,0.11,0.11,0.1,0.11,57476,0
GEM,D,20170220,000000,0.11,0.11,0.09,0.1,15073,0
GEM,D,20170221,000000,0.1,0.1,0.09,0.1,77943,0
GEM,D,20170222,000000,0.1,0.1,0.1,0.1,22,0
GEM,D,20170223,000000,0.1,0.1,0.1,0.1,40,0
GEM,D,20170224,000000,0.1,0.1,0.09,0.1,14565,0
GEM,D,20170227,000000,0.1,0.1,0.1,0.1,1298,0
GEM,D,20170228,000000,0.1,0.1,0.1,0.1,27,0
GEM,D,20170301,000000,0.1,0.1,0.1,0.1,26,0
GEM,D,20170302,000000,0.1,0.1,0.1,0.1,40,0
GEM,D,20170303,000000,0.1,0.1,0.1,0.1,18,0
GEM,D,20170306,000000,0.1,0.1,0.1,0.1,23,0
GEM,D,20170307,000000,0.1,0.1,0.09,0.1,11229,0
GEM,D,20170308,000000,0.08,0.09,0.08,0.09,54015,0
GEM,D,20170309,000000,0.1,0.1,0.1,0.1,111,0
GEM,D,20170310,000000,0.1,0.1,0.09,0.1,666,0
GEM,D,20170313,000000,0.1,0.1,0.1,0.1,2,0
GEM,D,20170314,000000,0.08,0.08,0.08,0.08,2100,0
GEM,D,20170315,000000,0.09,0.1,0.09,0.1,21220,0
GEM,D,20170316,000000,0.1,0.1,0.1,0.1,10,0
GEM,D,20170320,000000,0.1,0.1,0.1,0.1,23,0
GEM,D,20170321,000000,0.08,0.09,0.08,0.09,10010,0
GEM,D,20170322,000000,0.09,0.09,0.09,0.09,46,0
GEM,D,20170323,000000,0.09,0.1,0.09,0.1,24364,0
GEM,D,20170324,000000,0.1,0.1,0.08,0.1,8441,0
GEM,D,20170327,000000,0.1,0.1,0.1,0.1,16,0
GEM,D,20170328,000000,0.1,0.1,0.1,0.1,2,0
GEM,D,20170329,000000,0.1,0.1,0.1,0.1,23,0
GEM,D,20170330,000000,0.1,0.1,0.08,0.08,46288,0
GEM,D,20170331,000000,0.09,0.09,0.09,0.09,15553,0
GEM,D,20170403,000000,0.09,0.1,0.09,0.09,13969,0
GEM,D,20170404,000000,0.1,0.1,0.1,0.1,18,0
GEM,D,20170405,000000,0.1,0.1,0.1,0.1,23,0
GEM,D,20170407,000000,0.1,0.1,0.1,0.1,1,0
GEM,D,20170412,000000,0.09,0.1,0.09,0.1,15062,0
GEM,D,20170419,000000,0.09,0.09,0.09,0.09,17000,0
GEM,D,20170420,000000,0.1,0.1,0.1,0.1,1,0
GEM,D,20170421,000000,0.1,0.1,0.1,0.1,1,0
GEM,D,20170424,000000,0.1,0.1,0.1,0.1,1,0
GEM,D,20170425,000000,0.1,0.1,0.08,0.1,34680,0
GEM,D,20170426,000000,0.1,0.1,0.1,0.1,7,0
GEM,D,20170428,000000,0.1,0.1,0.1,0.1,1,0
GEM,D,20170502,000000,0.1,0.1,0.09,0.09,427,0
GEM,D,20170504,000000,0.09,0.09,0.09,0.09,6500,0
GEM,D,20170505,000000,0.09,0.09,0.09,0.09,13253,0
GEM,D,20170508,000000,0.09,0.09,0.09,0.09,874,0
GEM,D,20170509,000000,0.09,0.09,0.09,0.09,6000,0
GEM,D,20170510,000000,0.1,0.1,0.1,0.1,1,0
GEM,D,20170511,000000,0.09,0.1,0.09,0.1,13043,0
GEM,D,20170512,000000,0.1,0.1,0.1,0.1,1,0
GEM,D,20170515,000000,0.1,0.1,0.1,0.1,1,0
GEM,D,20170517,000000,0.1,0.1,0.1,0.1,1000,0
GEM,D,20170518,000000,0.1,0.1,0.09,0.1,7002,0
GEM,D,20170519,000000,0.1,0.1,0.1,0.1,1,0
GEM,D,20170523,000000,0.1,0.1,0.1,0.1,1,0
GEM,D,20170524,000000,0.1,0.1,0.1,0.1,5,0
GEM,D,20170525,000000,0.1,0.1,0.1,0.1,2,0
GEM,D,20170526,000000,0.1,0.1,0.1,0.1,2,0
GEM,D,20170529,000000,0.1,0.1,0.09,0.09,2002,0
GEM,D,20170530,000000,0.09,0.09,0.09,0.09,5,0
GEM,D,20170531,000000,0.1,0.1,0.1,0.1,5,0
GEM,D,20170601,000000,0.1,0.1,0.08,0.09,82997,0
GEM,D,20170602,000000,0.1,0.1,0.1,0.1,5,0
GEM,D,20170605,000000,0.1,0.1,0.1,0.1,4,0
GEM,D,20170606,000000,0.1,0.1,0.1,0.1,14,0
GEM,D,20170607,000000,0.1,0.1,0.1,0.1,6,0
GEM,D,20170608,000000,0.1,0.1,0.1,0.1,4,0
GEM,D,20170609,000000,0.1,0.1,0.1,0.1,1,0
GEM,D,20170612,000000,0.1,0.1,0.1,0.1,3,0
GEM,D,20170613,000000,0.1,0.1,0.1,0.1,8,0
GEM,D,20170614,000000,0.1,0.1,0.1,0.1,2,0
GEM,D,20170616,000000,0.1,0.1,0.1,0.1,1,0
GEM,D,20170619,000000,0.1,0.1,0.1,0.1,3,0
GEM,D,20170620,000000,0.1,0.1,0.1,0.1,2,0
GEM,D,20170621,000000,0.1,0.1,0.1,0.1,5,0
GEM,D,20170622,000000,0.1,0.1,0.09,0.1,203,0
GEM,D,20170623,000000,0.1,0.1,0.1,0.1,7,0
GEM,D,20170626,000000,0.1,0.1,0.09,0.1,341,0
GEM,D,20170627,000000,0.1,0.1,0.1,0.1,713,0
GEM,D,20170628,000000,0.1,0.1,0.1,0.1,3,0
GEM,D,20170629,000000,0.1,0.1,0.1,0.1,1,0
GEM,D,20170630,000000,0.1,0.1,0.1,0.1,4,0
GEM,D,20170703,000000,0.1,0.1,0.1,0.1,5,0
GEM,D,20170704,000000,0.1,0.1,0.1,0.1,5,0
GEM,D,20170705,000000,0.1,0.1,0.1,0.1,5,0
GEM,D,20170706,000000,0.1,0.1,0.1,0.1,5,0
GEM,D,20170707,000000,0.1,0.1,0.1,0.1,5,0
GEM,D,20170710,000000,0.1,0.1,0.1,0.1,5,0
GEM,D,20170711,000000,0.1,0.1,0.08,0.1,8271,0
GEM,D,20170712,000000,0.1,0.1,0.1,0.1,5,0
GEM,D,20170713,000000,0.1,0.1,0.1,0.1,5,0
GEM,D,20170714,000000,0.1,0.1,0.1,0.1,15,0
GEM,D,20170717,000000,0.1,0.1,0.1,0.1,8,0
GEM,D,20170718,000000,0.1,0.1,0.09,0.1,10,0
GEM,D,20170719,000000,0.1,0.1,0.1,0.1,5,0
GEM,D,20170720,000000,0.1,0.1,0.1,0.1,8,0
GEM,D,20170721,000000,0.1,0.1,0.1,0.1,2,0
GEM,D,20170724,000000,0.1,0.1,0.1,0.1,4,0
GEM,D,20170725,000000,0.1,0.1,0.1,0.1,6,0
GEM,D,20170726,000000,0.1,0.1,0.1,0.1,4,0
GEM,D,20170727,000000,0.1,0.1,0.1,0.1,4,0
GEM,D,20170728,000000,0.1,0.1,0.08,0.1,5021,0
GEM,D,20170731,000000,0.1,0.1,0.1,0.1,5,0
GEM,D,20170801,000000,0.1,0.1,0.1,0.1,16,0
GEM,D,20170802,000000,0.1,0.1,0.1,0.1,3,0
GEM,D,20170803,000000,0.1,0.1,0.1,0.1,2,0
GEM,D,20170804,000000,0.1,0.1,0.1,0.1,10,0
GEM,D,20170807,000000,0.1,0.1,0.1,0.1,21,0
GEM,D,20170808,000000,0.1,0.1,0.1,0.1,5,0
GEM,D,20170809,000000,0.09,0.1,0.09,0.1,3444,0
GEM,D,20170810,000000,0.1,0.1,0.1,0.1,1,0
GEM,D,20170811,000000,0.1,0.1,0.1,0.1,2,0
GEM,D,20170814,000000,0.1,0.1,0.1,0.1,3,0
GEM,D,20170816,000000,0.1,0.1,0.1,0.1,3,0
GEM,D,20170817,000000,0.1,0.1,0.09,0.09,2105,0
GEM,D,20170818,000000,0.1,0.1,0.1,0.1,1867,0
GEM,D,20170821,000000,0.1,0.1,0.1,0.1,1,0
GEM,D,20170822,000000,0.1,0.1,0.1,0.1,4,0
GEM,D,20170823,000000,0.1,0.1,0.1,0.1,3,0
GEM,D,20170824,000000,0.1,0.1,0.1,0.1,2,0
GEM,D,20170825,000000,0.1,0.1,0.1,0.1,3,0
GEM,D,20170828,000000,0.1,0.1,0.1,0.1,5,0
GEM,D,20170829,000000,0.1,0.1,0.1,0.1,10,0
GEM,D,20170830,000000,0.1,0.1,0.1,0.1,3,0
GEM,D,20170831,000000,0.1,0.1,0.1,0.1,5,0
GEM,D,20170901,000000,0.1,0.1,0.1,0.1,3,0
GEM,D,20170904,000000,0.1,0.1,0.1,0.1,13,0
GEM,D,20170905,000000,0.1,0.1,0.1,0.1,5,0
GEM,D,20170906,000000,0.1,0.1,0.1,0.1,3,0
GEM,D,20170907,000000,0.1,0.1,0.1,0.1,7,0
GEM,D,20170908,000000,0.1,0.1,0.1,0.1,10,0
GEM,D,20170911,000000,0.1,0.1,0.1,0.1,5,0
GEM,D,20170912,000000,0.1,0.1,0.1,0.1,10,0
GEM,D,20170913,000000,0.1,0.1,0.1,0.1,4,0
GEM,D,20170914,000000,0.1,0.1,0.1,0.1,1,0
GEM,D,20170915,000000,0.1,0.1,0.1,0.1,3,0
GEM,D,20170918,000000,0.1,0.1,0.1,0.1,3,0
GEM,D,20170919,000000,0.1,0.1,0.1,0.1,6,0
GEM,D,20170920,000000,0.1,0.1,0.1,0.1,4,0
GEM,D,20170921,000000,0.1,0.1,0.1,0.1,10,0
GEM,D,20170922,000000,0.1,0.1,0.1,0.1,5,0
GEM,D,20170925,000000,0.1,0.1,0.1,0.1,10,0
GEM,D,20170926,000000,0.1,0.1,0.1,0.1,5,0
GEM,D,20170927,000000,0.1,0.1,0.1,0.1,5,0
GEM,D,20170928,000000,0.1,0.1,0.1,0.1,1,0
GEM,D,20170929,000000,0.1,0.1,0.1,0.1,3,0
GEM,D,20171002,000000,0.1,0.1,0.1,0.1,3,0
GEM,D,20171003,000000,0.1,0.12,0.1,0.12,39147,0
GEM,D,20171004,000000,0.12,0.12,0.12,0.12,111,0
GEM,D,20171005,000000,0.12,0.12,0.11,0.11,172,0
GEM,D,20171006,000000,0.12,0.12,0.12,0.12,4,0
GEM,D,20171009,000000,0.12,0.12,0.12,0.12,3,0
GEM,D,20171010,000000,0.11,0.11,0.11,0.11,28,0
GEM,D,20171011,000000,0.11,0.11,0.11,0.11,1005,0
GEM,D,20171012,000000,0.11,0.11,0.11,0.11,4,0
GEM,D,20171030,000000,0.11,0.11,0.11,0.11,2,0
GEM,D,20171031,000000,0.11,0.11,0.11,0.11,2,0
GEM,D,20171102,000000,0.11,0.11,0.11,0.11,2,0
GEM,D,20171103,000000,0.11,0.11,0.11,0.11,1,0
GEM,D,20171107,000000,0.11,0.11,0.11,0.11,2,0
GEM,D,20171108,000000,0.11,0.11,0.11,0.11,2,0
GEM,D,20171109,000000,0.11,0.11,0.11,0.11,2,0
GEM,D,20171113,000000,0.11,0.11,0.11,0.11,2,0
GEM,D,20171116,000000,0.11,0.11,0.11,0.11,2219,0
GEM,D,20171120,000000,0.11,0.11,0.11,0.11,2,0
GEM,D,20171121,000000,0.11,0.11,0.11,0.11,2,0
GEM,D,20171122,000000,0.11,0.11,0.11,0.11,1,0
GEM,D,20171123,000000,0.11,0.11,0.11,0.11,1,0
GEM,D,20171124,000000,0.11,0.11,0.11,0.11,2,0
GEM,D,20171127,000000,0.11,0.11,0.11,0.11,2,0
GEM,D,20171128,000000,0.11,0.11,0.11,0.11,2,0
GEM,D,20171129,000000,0.11,0.11,0.11,0.11,2,0
GEM,D,20171130,000000,0.11,0.11,0.11,0.11,2,0
GEM,D,20171201,000000,0.11,0.11,0.11,0.11,1,0
GEM,D,20171204,000000,0.11,0.11,0.11,0.11,1,0
GEM,D,20171205,000000,0.11,0.11,0.11,0.11,5,0
GEM,D,20171206,000000,0.11,0.11,0.11,0.11,3,0
GEM,D,20171207,000000,0.11,0.11,0.11,0.11,2,0
GEM,D,20171211,000000,0.1,0.1,0.1,0.1,2,0
GEM,D,20171212,000000,0.1,0.1,0.1,0.1,2,0
GEM,D,20171214,000000,0.1,0.1,0.1,0.1,2,0
GEM,D,20171215,000000,0.1,0.1,0.1,0.1,2,0
GEM,D,20171218,000000,0.1,0.1,0.1,0.1,2,0
GEM,D,20171219,000000,0.1,0.1,0.1,0.1,1,0
GEM,D,20171220,000000,0.1,0.1,0.1,0.1,2,0
GEM,D,20171221,000000,0.1,0.1,0.1,0.1,1,0
GEM,D,20171222,000000,0.1,0.1,0.1,0.1,1,0
GEM,D,20171227,000000,0.1,0.1,0.09,0.1,6003,0
GEM,D,20171228,000000,0.11,0.11,0.11,0.11,1,0
GEM,D,20171229,000000,0.11,0.11,0.11,0.11,1,0
GEM,D,20180103,000000,0.11,0.11,0.11,0.11,5,0
GEM,D,20180104,000000,0.11,0.11,0.11,0.11,7,0
GEM,D,20180105,000000,0.11,0.11,0.11,0.11,7,0
GEM,D,20180108,000000,0.11,0.11,0.11,0.11,3,0
GEM,D,20180109,000000,0.11,0.11,0.11,0.11,10,0
GEM,D,20180110,000000,0.11,0.11,0.11,0.11,2,0
GEM,D,20180111,000000,0.11,0.11,0.11,0.11,2,0
GEM,D,20180112,000000,0.11,0.11,0.11,0.11,3,0
GEM,D,20180115,000000,0.11,0.11,0.11,0.11,2,0
GEM,D,20180116,000000,0.11,0.11,0.09,0.11,8803,0
GEM,D,20180117,000000,0.11,0.11,0.11,0.11,2,0
GEM,D,20180118,000000,0.11,0.11,0.11,0.11,3,0
GEM,D,20180119,000000,0.11,0.11,0.11,0.11,3,0
GEM,D,20180122,000000,0.11,0.11,0.11,0.11,2,0
GEM,D,20180123,000000,0.11,0.11,0.11,0.11,3,0
GEM,D,20180124,000000,0.11,0.11,0.11,0.11,2,0
GEM,D,20180125,000000,0.11,0.11,0.11,0.11,5,0
GEM,D,20180126,000000,0.11,0.11,0.11,0.11,1,0
GEM,D,20180129,000000,0.11,0.11,0.11,0.11,4,0
GEM,D,20180131,000000,0.07,0.08,0.07,0.07,260393,0
GEM,D,20180201,000000,0.07,0.07,0.07,0.07,1153,0
GEM,D,20180202,000000,0.07,0.07,0.07,0.07,8,0
GEM,D,20180205,000000,0.07,0.07,0.07,0.07,2,0
GEM,D,20180206,000000,0.07,0.07,0.07,0.07,5451,0
GEM,D,20180207,000000,0.07,0.07,0.07,0.07,2,0
GEM,D,20180208,000000,0.07,0.07,0.06,0.06,10005,0
GEM,D,20180209,000000,0.07,0.07,0.07,0.07,1,0
GEM,D,20180212,000000,0.07,0.07,0.07,0.07,2,0
GEM,D,20180213,000000,0.07,0.07,0.07,0.07,3,0
GEM,D,20180215,000000,0.07,0.07,0.07,0.07,1,0
GEM,D,20180216,000000,0.07,0.07,0.07,0.07,3,0
GEM,D,20180219,000000,0.07,0.07,0.07,0.07,1,0
GEM,D,20180226,000000,0.07,0.07,0.07,0.07,5,0
GEM,D,20180227,000000,0.07,0.07,0.07,0.07,3,0
GEM,D,20180228,000000,0.07,0.07,0.07,0.07,3,0
GEM,D,20180301,000000,0.06,0.06,0.06,0.06,2,0
GEM,D,20180305,000000,0.06,0.07,0.06,0.07,4361,0
GEM,D,20180306,000000,0.07,0.07,0.06,0.07,1165,0
GEM,D,20180307,000000,0.07,0.07,0.07,0.07,2,0
GEM,D,20180308,000000,0.07,0.07,0.07,0.07,2,0
GEM,D,20180309,000000,0.07,0.07,0.07,0.07,1,0
GEM,D,20180312,000000,0.07,0.07,0.07,0.07,3,0
GEM,D,20180314,000000,0.07,0.07,0.07,0.07,1,0
GEM,D,20180315,000000,0.07,0.07,0.07,0.07,1,0
GEM,D,20180316,000000,0.07,0.07,0.07,0.07,1,0
GEM,D,20180319,000000,0.07,0.07,0.07,0.07,1,0
GEM,D,20180329,000000,0.07,0.07,0.07,0.07,1,0
GEM,D,20180403,000000,0.07,0.07,0.07,0.07,1,0
GEM,D,20180404,000000,0.06,0.06,0.06,0.06,110,0
GEM,D,20180409,000000,0.06,0.06,0.06,0.06,2,0
GEM,D,20180411,000000,0.06,0.06,0.06,0.06,1,0
GEM,D,20180413,000000,0.06,0.06,0.06,0.06,1,0
GEM,D,20180416,000000,0.06,0.06,0.06,0.06,1,0
GEM,D,20180417,000000,0.06,0.06,0.06,0.06,1,0
GEM,D,20180419,000000,0.06,0.06,0.06,0.06,1,0
GEM,D,20180420,000000,0.06,0.06,0.06,0.06,2,0
GEM,D,20180423,000000,0.06,0.06,0.06,0.06,1,0
GEM,D,20180426,000000,0.06,0.06,0.06,0.06,3,0
GEM,D,20180427,000000,0.06,0.06,0.06,0.06,1,0
GEM,D,20180430,000000,0.06,0.06,0.06,0.06,1,0
GEM,D,20180504,000000,0.06,0.06,0.06,0.06,1,0
GEM,D,20180508,000000,0.06,0.06,0.06,0.06,5,0
GEM,D,20180509,000000,0.06,0.06,0.06,0.06,1,0
GEM,D,20180516,000000,0.06,0.06,0.06,0.06,1,0
GEM,D,20180522,000000,0.06,0.06,0.06,0.06,1,0
GEM,D,20180523,000000,0.06,0.06,0.06,0.06,1,0
GEM,D,20180524,000000,0.06,0.06,0.06,0.06,1,0
GEM,D,20180529,000000,0.06,0.06,0.06,0.06,1,0
GEM,D,20180530,000000,0.06,0.06,0.06,0.06,1,0
GEM,D,20180601,000000,0.06,0.06,0.06,0.06,1,0
GEM,D,20180606,000000,0.06,0.06,0.06,0.06,1,0
GEM,D,20180607,000000,0.05,0.06,0.05,0.06,1005,0
GEM,D,20180608,000000,0.06,0.06,0.06,0.06,1,0
GEM,D,20180611,000000,0.06,0.06,0.06,0.06,1,0
GEM,D,20180612,000000,0.06,0.06,0.06,0.06,3,0
GEM,D,20180613,000000,0.06,0.06,0.06,0.06,3,0
GEM,D,20180615,000000,0.06,0.06,0.06,0.06,3,0
GEM,D,20180618,000000,0.06,0.06,0.06,0.06,3,0
GEM,D,20180621,000000,0.06,0.06,0.06,0.06,3,0
GEM,D,20180622,000000,0.06,0.06,0.06,0.06,3,0
GEM,D,20180625,000000,0.06,0.06,0.06,0.06,3,0
GEM,D,20180626,000000,0.06,0.06,0.06,0.06,3,0
GEM,D,20180627,000000,0.06,0.06,0.06,0.06,3,0
GEM,D,20180628,000000,0.06,0.06,0.06,0.06,3,0
GEM,D,20180629,000000,0.06,0.06,0.06,0.06,3,0
GEM,D,20180702,000000,0.06,0.06,0.06,0.06,3,0
GEM,D,20180703,000000,0.06,0.06,0.06,0.06,3,0
GEM,D,20180704,000000,0.06,0.06,0.06,0.06,3,0
GEM,D,20180705,000000,0.06,0.06,0.06,0.06,3,0
GEM,D,20180706,000000,0.06,0.06,0.05,0.06,12023,0
GEM,D,20180709,000000,0.06,0.06,0.06,0.06,2,0
GEM,D,20180710,000000,0.06,0.06,0.06,0.06,3,0
GEM,D,20180711,000000,0.06,0.06,0.06,0.06,3,0
GEM,D,20180712,000000,0.06,0.06,0.06,0.06,3,0
GEM,D,20180713,000000,0.06,0.06,0.06,0.06,3,0
GEM,D,20180716,000000,0.06,0.06,0.06,0.06,3,0
GEM,D,20180717,000000,0.06,0.06,0.06,0.06,3,0
GEM,D,20180718,000000,0.06,0.06,0.06,0.06,3,0
GEM,D,20180719,000000,0.06,0.06,0.06,0.06,3,0
GEM,D,20180720,000000,0.06,0.06,0.06,0.06,3,0
GEM,D,20180723,000000,0.06,0.06,0.06,0.06,3,0
GEM,D,20180724,000000,0.06,0.06,0.06,0.06,2,0
GEM,D,20180725,000000,0.06,0.06,0.06,0.06,3,0
GEM,D,20180726,000000,0.06,0.06,0.06,0.06,3,0
GEM,D,20180727,000000,0.06,0.06,0.06,0.06,3,0
GEM,D,20180730,000000,0.06,0.06,0.06,0.06,3,0
GEM,D,20180731,000000,0.06,0.06,0.06,0.06,5,0
GEM,D,20180801,000000,0.06,0.06,0.06,0.06,2,0
GEM,D,20180802,000000,0.06,0.06,0.06,0.06,2,0
GEM,D,20180803,000000,0.06,0.06,0.06,0.06,1,0
GEM,D,20180806,000000,0.06,0.06,0.06,0.06,3,0
GEM,D,20180807,000000,0.06,0.06,0.06,0.06,2,0
GEM,D,20180808,000000,0.06,0.06,0.06,0.06,3,0
GEM,D,20180809,000000,0.06,0.06,0.06,0.06,3,0
GEM,D,20180813,000000,0.06,0.06,0.06,0.06,3,0
GEM,D,20180814,000000,0.06,0.06,0.06,0.06,3,0
GEM,D,20180816,000000,0.06,0.06,0.06,0.06,3,0
GEM,D,20180820,000000,0.06,0.06,0.06,0.06,2,0
GEM,D,20180821,000000,0.06,0.06,0.06,0.06,3,0
GEM,D,20180822,000000,0.06,0.06,0.06,0.06,3,0
GEM,D,20180823,000000,0.06,0.06,0.06,0.06,3,0
GEM,D,20180824,000000,0.06,0.06,0.06,0.06,3,0
GEM,D,20180827,000000,0.06,0.06,0.06,0.06,3,0
GEM,D,20180828,000000,0.06,0.06,0.06,0.06,3,0
GEM,D,20180829,000000,0.06,0.06,0.06,0.06,3,0
GEM,D,20180830,000000,0.06,0.06,0.06,0.06,3,0
GEM,D,20180831,000000,0.06,0.06,0.06,0.06,3,0
GEM,D,20180903,000000,0.06,0.06,0.06,0.06,2,0
GEM,D,20180904,000000,0.06,0.06,0.06,0.06,2,0
GEM,D,20180905,000000,0.06,0.06,0.06,0.06,2,0
GEM,D,20180906,000000,0.06,0.06,0.06,0.06,2,0
GEM,D,20180907,000000,0.06,0.06,0.06,0.06,3,0
GEM,D,20180910,000000,0.06,0.06,0.06,0.06,1,0
GEM,D,20180911,000000,0.05,0.05,0.05,0.05,1602,0
GEM,D,20180912,000000,0.05,0.05,0.05,0.05,2,0
GEM,D,20180913,000000,0.05,0.05,0.05,0.05,2,0
GEM,D,20180914,000000,0.05,0.05,0.05,0.05,3,0
GEM,D,20180917,000000,0.05,0.05,0.05,0.05,3,0
GEM,D,20180918,000000,0.05,0.05,0.05,0.05,3,0
GEM,D,20180921,000000,0.05,0.05,0.05,0.05,2,0
GEM,D,20180924,000000,0.05,0.05,0.05,0.05,31,0
GEM,D,20180925,000000,0.05,0.05,0.05,0.05,2,0
GEM,D,20180926,000000,0.05,0.05,0.05,0.05,3,0
GEM,D,20181001,000000,0.05,0.05,0.05,0.05,5,0
GEM,D,20181002,000000,0.05,0.05,0.05,0.05,2,0
GEM,D,20181004,000000,0.05,0.05,0.05,0.05,5,0
GEM,D,20181005,000000,0.05,0.05,0.05,0.05,5,0
GEM,D,20181009,000000,0.05,0.05,0.05,0.05,5,0
GEM,D,20181010,000000,0.05,0.05,0.05,0.05,3,0
GEM,D,20181011,000000,0.05,0.05,0.05,0.05,3,0
GEM,D,20181012,000000,0.05,0.05,0.05,0.05,2,0
GEM,D,20181015,000000,0.05,0.05,0.05,0.05,3,0
GEM,D,20181016,000000,0.05,0.05,0.05,0.05,3,0
GEM,D,20181017,000000,0.05,0.05,0.05,0.05,3,0
GEM,D,20181018,000000,0.05,0.05,0.05,0.05,3,0
GEM,D,20181019,000000,0.05,0.05,0.05,0.05,3,0
GEM,D,20181022,000000,0.05,0.05,0.05,0.05,3,0
GEM,D,20181023,000000,0.05,0.05,0.05,0.05,3,0
GEM,D,20181024,000000,0.05,0.05,0.05,0.05,2,0
GEM,D,20181025,000000,0.05,0.05,0.05,0.05,2,0
GEM,D,20181026,000000,0.05,0.05,0.05,0.05,2,0
GEM,D,20181029,000000,0.05,0.05,0.05,0.05,3,0
GEM,D,20181030,000000,0.05,0.05,0.05,0.05,7000,0
GEM,D,20181031,000000,0.05,0.05,0.05,0.05,3,0
GEM,D,20181102,000000,0.05,0.06,0.05,0.06,6613,0
GEM,D,20181105,000000,0.06,0.06,0.06,0.06,1400,0
GEM,D,20181106,000000,0.06,0.06,0.06,0.06,2,0
GEM,D,20181108,000000,0.06,0.06,0.06,0.06,2,0
GEM,D,20181109,000000,0.06,0.06,0.04,0.04,1402,0
GEM,D,20181113,000000,0.05,0.05,0.05,0.05,2,0
GEM,D,20181114,000000,0.05,0.05,0.05,0.05,3,0
GEM,D,20181115,000000,0.05,0.05,0.05,0.05,3,0
GEM,D,20181116,000000,0.05,0.05,0.05,0.05,2,0
GEM,D,20181119,000000,0.05,0.05,0.05,0.05,1390,0
GEM,D,20181120,000000,0.06,0.06,0.06,0.06,3,0
GEM,D,20181121,000000,0.06,0.06,0.06,0.06,3,0
GEM,D,20181122,000000,0.06,0.06,0.06,0.06,1,0
GEM,D,20181123,000000,0.06,0.06,0.06,0.06,2,0
GEM,D,20181126,000000,0.06,0.06,0.06,0.06,2,0
GEM,D,20181127,000000,0.06,0.06,0.06,0.06,3,0
GEM,D,20181128,000000,0.06,0.06,0.06,0.06,2,0
GEM,D,20181129,000000,0.06,0.06,0.06,0.06,2,0
GEM,D,20181130,000000,0.06,0.06,0.06,0.06,1,0
GEM,D,20181203,000000,0.06,0.06,0.06,0.06,2,0
GEM,D,20181204,000000,0.06,0.06,0.06,0.06,2,0
GEM,D,20181206,000000,0.06,0.06,0.06,0.06,2,0
GEM,D,20181212,000000,0.06,0.06,0.06,0.06,2,0
GEM,D,20181219,000000,0.05,0.05,0.05,0.05,11,0
GEM,D,20181221,000000,0.05,0.05,0.05,0.05,10091,0
GEM,D,20181228,000000,0.06,0.06,0.06,0.06,600,0
GEM,D,20190102,000000,0.06,0.06,0.06,0.06,2,0
GEM,D,20190103,000000,0.06,0.06,0.06,0.06,3,0
GEM,D,20190104,000000,0.06,0.06,0.06,0.06,3,0
GEM,D,20190107,000000,0.06,0.06,0.06,0.06,1500,0
GEM,D,20190109,000000,0.06,0.06,0.06,0.06,3,0
GEM,D,20190110,000000,0.06,0.06,0.06,0.06,5,0
GEM,D,20190111,000000,0.06,0.06,0.06,0.06,2,0
GEM,D,20190114,000000,0.06,0.06,0.06,0.06,3,0
GEM,D,20190115,000000,0.06,0.06,0.06,0.06,2,0
GEM,D,20190117,000000,0.06,0.06,0.06,0.06,464,0
GEM,D,20190118,000000,0.06,0.06,0.06,0.06,10,0
GEM,D,20190121,000000,0.06,0.06,0.06,0.06,997,0
GEM,D,20190122,000000,0.06,0.06,0.06,0.06,3,0
GEM,D,20190123,000000,0.06,0.06,0.06,0.06,2,0
GEM,D,20190125,000000,0.06,0.06,0.06,0.06,3,0
GEM,D,20190130,000000,0.06,0.06,0.06,0.06,3,0
GEM,D,20190131,000000,0.06,0.06,0.06,0.06,3,0
GEM,D,20190201,000000,0.06,0.06,0.06,0.06,10,0
GEM,D,20190204,000000,0.06,0.06,0.06,0.06,1000,0
GEM,D,20190205,000000,0.06,0.06,0.06,0.06,10,0
GEM,D,20190206,000000,0.06,0.06,0.06,0.06,7,0
GEM,D,20190207,000000,0.06,0.06,0.06,0.06,4,0
GEM,D,20190208,000000,0.06,0.06,0.06,0.06,5,0
GEM,D,20190211,000000,0.06,0.06,0.06,0.06,3,0
GEM,D,20190212,000000,0.06,0.06,0.06,0.06,3,0
GEM,D,20190213,000000,0.06,0.06,0.06,0.06,2001,0
GEM,D,20190214,000000,0.06,0.06,0.06,0.06,4,0
GEM,D,20190215,000000,0.06,0.06,0.06,0.06,5,0
GEM,D,20190315,000000,0.06,0.06,0.06,0.06,100,0
GEM,D,20190319,000000,0.06,0.06,0.06,0.06,150,0
GEM,D,20190322,000000,0.06,0.06,0.06,0.06,100,0
GEM,D,20190325,000000,0.06,0.06,0.06,0.06,100,0
GEM,D,20190327,000000,0.06,0.06,0.06,0.06,120,0
GEM,D,20190401,000000,0.0775,0.0775,0.0775,0.08,220,0
GEM,D,20190402,000000,0.076,0.076,0.076,0.08,7000,0
GEM,D,20190403,000000,0.076,0.076,0.076,0.08,100,0
GEM,D,20190409,000000,0.0755,0.0755,0.0755,0.08,100,0
GEM,D,20190410,000000,0.0755,0.0755,0.0755,0.08,100,0
GEM,D,20190424,000000,0.053,0.0675,0.053,0.07,87079,0
GEM,D,20190506,000000,0.065,0.065,0.065,0.07,5,0
GEM,D,20190510,000000,0.07,0.07,0.07,0.07,100,0
GEM,D,20190531,000000,0.079,0.079,0.079,0.08,100,0
GEM,D,20190603,000000,0.0715,0.0715,0.0715,0.07,22,0
GEM,D,20190604,000000,0.0505,0.06,0.0505,0.06,50000,0
GEM,D,20190605,000000,0.07,0.07,0.07,0.07,100,0
GEM,D,20190611,000000,0.0785,0.0785,0.078,0.08,677,0
GEM,D,20190612,000000,0.0795,0.08,0.056,0.06,90202,0
GEM,D,20190613,000000,0.056,0.059,0.056,0.06,129,0
GEM,D,20190614,000000,0.059,0.059,0.059,0.06,11,0
GEM,D,20190619,000000,0.05,0.065,0.05,0.07,10000,0
GEM,D,20190705,000000,0.0595,0.0595,0.0595,0.06,1250,0
GEM,D,20190723,000000,0.0605,0.0605,0.0605,0.06,44,0
GEM,D,20190729,000000,0.065,0.065,0.05,0.05,266,0
GEM,D,20190816,000000,0.05,0.065,0.05,0.065,30000,0
GEM,D,20190828,000000,0.0625,0.0625,0.0625,0.0625,3000,0
GEM,D,20190904,000000,0.0645,0.065,0.0645,0.065,30000,0
GEM,D,20190906,000000,0.0605,0.0605,0.0605,0.0605,150,0
GEM,D,20190920,000000,0.064,0.064,0.064,0.064,50,0
GEM,D,20190925,000000,0.0695,0.07,0.0695,0.07,30000,0
GEM,D,20190926,000000,0.06,0.06,0.05,0.05,15600,0
GEM,D,20190930,000000,0.045,0.05,0.04,0.05,22000,0
GEM,D,20191002,000000,0.035,0.0455,0.03,0.0455,4030,0
GEM,D,20191009,000000,0.05,0.05,0.05,0.05,800,0
GEM,D,20191011,000000,0.05,0.06,0.05,0.06,20000,0
GEM,D,20191115,000000,0.057,0.057,0.057,0.057,350,0
GEM,D,20191118,000000,0.057,0.057,0.057,0.057,45000,0
GEM,D,20191126,000000,0.045,0.045,0.045,0.045,2475,0
GEM,D,20191202,000000,0.0495,0.0495,0.0495,0.0495,11120,0
GEM,D,20191203,000000,0.035,0.035,0.035,0.035,2306,0
GEM,D,20191204,000000,0.04,0.04,0.04,0.04,1600,0
GEM,D,20191212,000000,0.035,0.035,0.035,0.035,430,0
GEM,D,20191219,000000,0.04,0.04,0.04,0.04,299,0
GEM,D,20200102,000000,0.045,0.045,0.045,0.045,2500,0
GEM,D,20200124,000000,0.04,0.04,0.04,0.04,5340,0
GEM,D,20200131,000000,0.045,0.058,0.045,0.058,737,0
GEM,D,20200203,000000,0.058,0.058,0.058,0.058,1,0
GEM,D,20200204,000000,0.058,0.068,0.058,0.068,2020,0
GEM,D,20200205,000000,0.068,0.068,0.068,0.068,30,0
GEM,D,20200206,000000,0.067,0.067,0.067,0.067,1,0
GEM,D,20200213,000000,0.06,0.06,0.06,0.06,1,0
GEM,D,20200214,000000,0.06,0.06,0.06,0.06,90,0
GEM,D,20200219,000000,0.05,0.05,0.05,0.05,1,0
GEM,D,20200220,000000,0.035,0.0455,0.035,0.0455,5999,0
GEM,D,20200224,000000,0.0365,0.048,0.0365,0.0365,14264,0
GEM,D,20200225,000000,0.0365,0.0365,0.0365,0.0365,1000,0
GEM,D,20200226,000000,0.0365,0.0365,0.0355,0.0355,3909,0
GEM,D,20200302,000000,0.04,0.04,0.04,0.04,450,0
GEM,D,20200303,000000,0.0355,0.0355,0.0355,0.0355,4000,0
GEM,D,20200313,000000,0.035,0.035,0.035,0.035,590,0
GEM,D,20200414,000000,0.04,0.04,0.04,0.04,153,0
GEM,D,20200415,000000,0.04,0.04,0.04,0.04,6633,0
GEM,D,20200416,000000,0.0305,0.0305,0.0305,0.0305,200,0
GEM,D,20200521,000000,0.031,0.031,0.031,0.031,70,0
GEM,D,20200602,000000,0.04,0.04,0.04,0.04,98,0
GEM,D,20200604,000000,0.05,0.05,0.05,0.05,29560,0
GEM,D,20200605,000000,0.06,0.06,0.06,0.06,15,0
GEM,D,20200609,000000,0.0645,0.0645,0.0645,0.0645,10,0
GEM,D,20200610,000000,0.0645,0.0645,0.0645,0.0645,10,0
GEM,D,20200612,000000,0.064,0.064,0.064,0.064,1000,0
GEM,D,20200615,000000,0.063,0.063,0.063,0.063,800,0
GEM,D,20200616,000000,0.064,0.064,0.064,0.064,10,0
GEM,D,20200617,000000,0.063,0.063,0.063,0.063,20000,0
GEM,D,20200619,000000,0.063,0.063,0.063,0.063,15000,0
GEM,D,20200702,000000,0.061,0.061,0.061,0.061,10,0
GEM,D,20200707,000000,0.061,0.061,0.061,0.061,151,0
GEM,D,20200710,000000,0.061,0.061,0.061,0.061,15001,0
GEM,D,20200713,000000,0.06,0.06,0.06,0.06,2040,0
GEM,D,20200722,000000,0.066,0.066,0.066,0.066,12000,0
GEM,D,20200723,000000,0.069,0.069,0.069,0.069,1000,0
GEM,D,20200724,000000,0.069,0.069,0.069,0.069,2600,0
GEM,D,20200731,000000,0.07,0.07,0.07,0.07,15,0
GEM,D,20200803,000000,0.07,0.072,0.07,0.072,29505,0
GEM,D,20200804,000000,0.09,0.09,0.09,0.09,25265,0
