<TICKER>,<PER>,<DATE>,<TIME>,<OPEN>,<HIGH>,<LOW>,<CLOSE>,<VOL>,<OPENINT>
GRC,D,20110111,000000,21.41,22.89,20.5,21,107538,0
GRC,D,20110112,000000,21,22.86,20.5,21.8,11162,0
GRC,D,20110113,000000,21.7,22.48,20.5,21.3,27825,0
GRC,D,20110114,000000,21.2,21.69,21,21.69,7729,0
GRC,D,20110117,000000,21.69,24.89,20.73,24.89,5895,0
GRC,D,20110118,000000,24.89,26.49,23.66,25,13371,0
GRC,D,20110119,000000,25.1,25.9,24.8,25,2596,0
GRC,D,20110120,000000,24.21,25.4,23.1,25,2883,0
GRC,D,20110121,000000,25,25,23.25,23.5,2892,0
GRC,D,20110124,000000,23.73,24.89,22.5,23.72,3956,0
GRC,D,20110126,000000,23.8,24.85,23.2,24.85,371,0
GRC,D,20110127,000000,24.5,24.8,24.1,24.1,68,0
GRC,D,20110128,000000,23.5,24.89,23.25,23.75,725,0
GRC,D,20110131,000000,24,24.88,24,24.77,1695,0
GRC,D,20110201,000000,24.5,24.5,24,24.5,470,0
GRC,D,20110202,000000,23.75,24.58,23.25,24.58,12668,0
GRC,D,20110203,000000,24,24,23.6,24,172,0
GRC,D,20110204,000000,23.35,24,23.35,24,726,0
GRC,D,20110207,000000,23.5,23.72,22.7,23.72,2691,0
GRC,D,20110208,000000,23.4,24.5,23.4,24.5,928,0
GRC,D,20110209,000000,24.4,24.4,22.8,23.8,410,0
GRC,D,20110210,000000,22.81,23,22.25,23,459,0
GRC,D,20110211,000000,23.1,24.3,23.1,24.3,610,0
GRC,D,20110214,000000,24.5,24.5,22.8,24.45,6950,0
GRC,D,20110215,000000,23.6,23.6,22.05,23.49,1972,0
GRC,D,20110216,000000,23.35,24,23.35,24,2125,0
GRC,D,20110217,000000,23.2,23.75,23.2,23.75,202,0
GRC,D,20110218,000000,24,24,22.4,23.95,2309,0
GRC,D,20110221,000000,23,23.49,22.05,23.49,2321,0
GRC,D,20110222,000000,22.1,23.94,22.1,23.94,435,0
GRC,D,20110225,000000,23,23.9,22.6,23.9,512,0
GRC,D,20110228,000000,23.89,23.89,22.75,23.84,174,0
GRC,D,20110302,000000,23.19,23.19,23.19,23.19,10,0
GRC,D,20110304,000000,23.2,23.2,22.1,23.2,210,0
GRC,D,20110307,000000,22.05,23.1,22.05,23.1,229,0
GRC,D,20110308,000000,21.6,22.5,21.55,22.5,535,0
GRC,D,20110309,000000,22.3,23,22.3,23,1730,0
GRC,D,20110310,000000,22.94,22.94,22.94,22.94,5,0
GRC,D,20110311,000000,21.85,22.98,21.85,22.5,242,0
GRC,D,20110314,000000,22.5,22.96,20,22.95,464,0
GRC,D,20110315,000000,21.9,22.94,21.85,22.55,343,0
GRC,D,20110317,000000,22,22.94,21.45,22.89,1023,0
GRC,D,20110321,000000,22.6,22.6,22.6,22.6,10,0
GRC,D,20110322,000000,22.8,22.8,21.6,22.46,424,0
GRC,D,20110323,000000,22.46,22.46,22.46,22.46,5,0
GRC,D,20110324,000000,21.7,21.7,21.13,21.7,1554,0
GRC,D,20110325,000000,22.04,22.79,20.8,22.79,22780,0
GRC,D,20110328,000000,22.85,22.89,22.85,22.89,130,0
GRC,D,20110329,000000,21.8,22.84,21.8,22.84,118,0
GRC,D,20110330,000000,21.8,22.88,21.8,22.88,530,0
GRC,D,20110331,000000,22.75,22.75,21.7,22.7,247,0
GRC,D,20110401,000000,22.74,22.75,22.01,22.7,52440,0
GRC,D,20110404,000000,22.6,22.6,22.6,22.6,20,0
GRC,D,20110405,000000,22.65,22.65,22.65,22.65,111,0
GRC,D,20110406,000000,22.59,22.59,22,22.59,33,0
GRC,D,20110407,000000,22.58,22.58,22.58,22.58,10,0
GRC,D,20110408,000000,21.01,22.2,21.01,22.2,545,0
GRC,D,20110411,000000,22.58,22.58,21.1,22.55,4230,0
GRC,D,20110412,000000,21.75,21.75,20.87,21.73,1135,0
GRC,D,20110413,000000,22.05,22.79,21,21.7,5542,0
GRC,D,20110414,000000,22,22,21,21.7,3098,0
GRC,D,20110415,000000,21.7,21.7,21.6,21.6,105,0
GRC,D,20110418,000000,21.68,21.68,21.5,21.5,395,0
GRC,D,20110419,000000,21.6,21.6,21.6,21.6,5,0
GRC,D,20110420,000000,21.68,22.79,21.25,22.78,9189,0
GRC,D,20110421,000000,22.77,26,22,25.8,5925,0
GRC,D,20110426,000000,23.85,25,21.01,25,999,0
GRC,D,20110427,000000,24.5,26.5,22.9,25.89,6604,0
GRC,D,20110428,000000,25.35,25.5,23.5,25.49,2841,0
GRC,D,20110429,000000,25.3,25.3,23.81,25.2,589,0
GRC,D,20110502,000000,25.3,25.3,25.3,25.3,5,0
GRC,D,20110504,000000,23.81,25,23.81,25,225,0
GRC,D,20110505,000000,25,25,22.92,24.8,1281,0
GRC,D,20110506,000000,23.35,24.8,22.73,22.86,833,0
GRC,D,20110509,000000,23,24.5,22.91,24.49,13301,0
GRC,D,20110510,000000,23.2,23.99,23.2,23.99,112,0
GRC,D,20110511,000000,23,24.48,22.96,24.47,869,0
GRC,D,20110512,000000,24,24.45,24,24.45,2005,0
GRC,D,20110513,000000,24.4,24.4,24.4,24.4,5,0
GRC,D,20110516,000000,23.5,24,23.2,24,316,0
GRC,D,20110517,000000,24.1,24.42,21.91,24.35,1495,0
GRC,D,20110518,000000,22.86,23.99,22.86,23.99,125,0
GRC,D,20110519,000000,22.87,24,22.87,24,120,0
GRC,D,20110520,000000,24.28,24.28,22.87,24.23,240,0
GRC,D,20110523,000000,23.97,23.99,21.97,23.98,650,0
GRC,D,20110524,000000,23.98,23.98,23.31,23.98,135,0
GRC,D,20110525,000000,23.98,23.98,23.62,23.98,325,0
GRC,D,20110526,000000,23.96,23.96,23.95,23.96,565,0
GRC,D,20110527,000000,23.96,23.96,23.96,23.96,5,0
GRC,D,20110530,000000,23.96,23.96,23.96,23.96,5,0
GRC,D,20110531,000000,23.96,23.96,23.96,23.96,5,0
GRC,D,20110601,000000,23.96,23.96,23.96,23.96,410,0
GRC,D,20110602,000000,23.92,23.96,23.1,23.89,875,0
GRC,D,20110603,000000,23.8,23.8,23.8,23.8,320,0
GRC,D,20110606,000000,23.79,23.9,22.5,23.82,3494,0
GRC,D,20110607,000000,23.8,23.8,23.8,23.8,3,0
GRC,D,20110608,000000,23.35,24.99,23.3,24.49,6007,0
GRC,D,20110609,000000,24.49,24.49,23.25,24.49,1315,0
GRC,D,20110610,000000,24.48,24.48,23.5,24.48,1115,0
GRC,D,20110613,000000,24,24,24,24,85,0
GRC,D,20110614,000000,24,24,23.94,23.94,95,0
GRC,D,20110615,000000,23.93,24,22.9,24,3215,0
GRC,D,20110616,000000,23.98,23.98,22.86,23.9,125,0
GRC,D,20110617,000000,23.98,23.98,23.98,23.98,5,0
GRC,D,20110620,000000,23.98,23.98,23.98,23.98,5,0
GRC,D,20110621,000000,23.98,23.98,23.41,23.98,118,0
GRC,D,20110622,000000,23.98,23.99,23.41,23.99,3285,0
GRC,D,20110624,000000,23.94,23.94,23.94,23.94,5,0
GRC,D,20110627,000000,23.85,23.85,22.21,22.21,647,0
GRC,D,20110628,000000,23,23,23,23,10,0
GRC,D,20110629,000000,23.29,23.29,23.29,23.29,5,0
GRC,D,20110630,000000,23.29,23.29,23.29,23.29,5,0
GRC,D,20110701,000000,23.29,23.29,23.29,23.29,5,0
GRC,D,20110704,000000,23.29,23.29,23.25,23.25,273,0
GRC,D,20110705,000000,23.2,23.2,23.2,23.2,5,0
GRC,D,20110706,000000,23.2,23.2,23.2,23.2,3,0
GRC,D,20110707,000000,23.19,23.19,23.19,23.19,5,0
GRC,D,20110708,000000,23.19,23.19,23.19,23.19,5,0
GRC,D,20110711,000000,22.9,23.19,22.9,23.19,25,0
GRC,D,20110712,000000,22.21,23.19,22.21,23.19,286,0
GRC,D,20110714,000000,23.17,23.17,22,23.17,210,0
GRC,D,20110715,000000,23,23,22,22.99,157,0
GRC,D,20110718,000000,23,23,21.6,22.7,987,0
GRC,D,20110719,000000,23.17,23.17,21.99,23.17,852,0
GRC,D,20110720,000000,23.16,23.16,22.1,23.13,234,0
GRC,D,20110721,000000,23.13,23.13,23.13,23.13,5,0
GRC,D,20110722,000000,23.13,23.13,23.13,23.13,5,0
GRC,D,20110725,000000,23.13,23.13,23.13,23.13,3,0
GRC,D,20110726,000000,22.8,23.13,21.85,23,46101,0
GRC,D,20110727,000000,22.99,22.99,21.9,22.89,2911,0
GRC,D,20110728,000000,22.89,22.89,22.89,22.89,3,0
GRC,D,20110729,000000,22.89,22.89,22.89,22.89,2,0
GRC,D,20110801,000000,22.89,22.89,22.89,22.89,2,0
GRC,D,20110802,000000,22.89,22.89,22.89,22.89,2,0
GRC,D,20110803,000000,22.89,22.89,22.89,22.89,2,0
GRC,D,20110804,000000,22.89,22.89,22.89,22.89,3,0
GRC,D,20110808,000000,22.89,22.89,22.89,22.89,2,0
GRC,D,20110811,000000,21.84,22.89,20.75,20.8,1372,0
GRC,D,20110812,000000,20.4,22.89,20.2,22.3,4274,0
GRC,D,20110816,000000,22.3,22.89,22.3,22.89,230,0
GRC,D,20110817,000000,22.89,22.89,22.89,22.89,3,0
GRC,D,20110818,000000,22.89,22.89,22.89,22.89,2,0
GRC,D,20110822,000000,22.58,22.58,20.96,22.58,651,0
GRC,D,20110823,000000,22.58,22.58,22.58,22.58,5,0
GRC,D,20110824,000000,22.58,22.58,22.57,22.57,55,0
GRC,D,20110825,000000,22.58,22.58,21.5,22.57,272,0
GRC,D,20110826,000000,22.58,22.58,22.58,22.58,3,0
GRC,D,20110829,000000,21.2,22.2,21.2,22.2,248,0
GRC,D,20110830,000000,21.31,22.2,20,20,1395,0
GRC,D,20110831,000000,20.48,21.9,20.48,21.9,58,0
GRC,D,20110901,000000,20.69,20.8,20.69,20.8,134,0
GRC,D,20110902,000000,19.86,21.9,19.86,21.9,221,0
GRC,D,20110905,000000,21.9,21.9,20.85,21.89,132,0
GRC,D,20110906,000000,20.9,21.9,20.9,21.9,124,0
GRC,D,20110907,000000,20.99,21,20.5,20.98,17041,0
GRC,D,20110908,000000,20.5,21.9,20.5,21.9,23852,0
GRC,D,20110909,000000,21.9,21.9,19.99,21.5,217,0
GRC,D,20110912,000000,21.89,21.89,19.5,21,480,0
GRC,D,20110913,000000,19.8,21.5,19.3,21.5,662,0
GRC,D,20110914,000000,21.5,21.5,19.55,21.21,866,0
GRC,D,20110915,000000,20.5,21.5,20.1,21.5,363,0
GRC,D,20110916,000000,21.5,21.5,21.5,21.5,3,0
GRC,D,20110920,000000,21,21,21,21,5,0
GRC,D,20110922,000000,21,21,21,21,2,0
GRC,D,20110923,000000,21,21,21,21,2,0
GRC,D,20110926,000000,21,21,20.52,20.99,507,0
GRC,D,20110927,000000,20.99,20.99,20.99,20.99,5,0
GRC,D,20110929,000000,20.99,20.99,19.98,20.96,656,0
GRC,D,20110930,000000,20.96,20.96,19.95,20.95,133,0
GRC,D,20111003,000000,20.95,20.95,20.95,20.95,5,0
GRC,D,20111004,000000,20.95,20.95,19.94,20.95,245,0
GRC,D,20111006,000000,20.9,20.9,20.9,20.9,3,0
GRC,D,20111007,000000,20.89,20.89,19.55,20.5,241,0
GRC,D,20111010,000000,20.6,20.6,20.6,20.6,2,0
GRC,D,20111011,000000,20.6,20.6,20.6,20.6,4,0
GRC,D,20111012,000000,20.6,20.6,20.6,20.6,3,0
GRC,D,20111013,000000,20.6,20.6,20.6,20.6,3,0
GRC,D,20111014,000000,20.6,20.6,20.6,20.6,5,0
GRC,D,20111017,000000,20.32,20.6,19.8,20.6,864,0
GRC,D,20111018,000000,20.59,20.59,19.5,20.58,1066,0
GRC,D,20111019,000000,20.58,20.58,19.8,20.58,140,0
GRC,D,20111020,000000,20.58,20.58,20.58,20.58,2,0
GRC,D,20111021,000000,20.32,20.32,20.32,20.32,5,0
GRC,D,20111024,000000,20.32,20.32,20.32,20.32,5,0
GRC,D,20111025,000000,20.32,20.32,19.36,19.36,134,0
GRC,D,20111026,000000,19.36,20.26,19.3,19.95,744,0
GRC,D,20111027,000000,20.26,20.26,19.36,20.25,275,0
GRC,D,20111028,000000,20.59,20.59,19.36,20.59,130,0
GRC,D,20111031,000000,19.73,20.9,19.73,20.9,135,0
GRC,D,20111102,000000,19.73,22.55,19.73,22.55,152,0
GRC,D,20111103,000000,22.58,22.58,20.5,22.58,125,0
GRC,D,20111104,000000,22.58,22.58,22.58,22.58,3,0
GRC,D,20111107,000000,22.58,22.58,19.5,20.47,271,0
GRC,D,20111108,000000,22.49,22.49,22.49,22.49,5,0
GRC,D,20111109,000000,22.49,22.49,22.49,22.49,5,0
GRC,D,20111110,000000,22.4,22.4,22.4,22.4,5,0
GRC,D,20111114,000000,22.4,22.4,20.52,22.39,120,0
GRC,D,20111115,000000,22.39,22.39,22.39,22.39,5,0
GRC,D,20111116,000000,22.39,22.39,22.39,22.39,5,0
GRC,D,20111117,000000,22.3,22.3,22.3,22.3,5,0
GRC,D,20111118,000000,22.3,22.3,22.3,22.3,5,0
GRC,D,20111121,000000,22.29,22.29,22.29,22.29,5,0
GRC,D,20111122,000000,22.29,22.29,22.29,22.29,5,0
GRC,D,20111123,000000,22.29,22.29,22.29,22.29,5,0
GRC,D,20111124,000000,22.29,22.29,22.29,22.29,2,0
GRC,D,20111125,000000,22.19,22.19,22.19,22.19,5,0
GRC,D,20111128,000000,22.19,22.19,22.19,22.19,5,0
GRC,D,20111129,000000,22.15,22.15,22.15,22.15,5,0
GRC,D,20111130,000000,21,21,21,21,5,0
GRC,D,20111201,000000,21,21,21,21,5,0
GRC,D,20111202,000000,19.55,22.19,19.55,21.39,1257,0
GRC,D,20111205,000000,21.3,21.3,20.2,21.2,137,0
GRC,D,20111206,000000,21.3,21.3,21.3,21.3,5,0
GRC,D,20111207,000000,21,21,21,21,2,0
GRC,D,20111208,000000,20.99,20.99,20,20,8,0
GRC,D,20111209,000000,20,20.95,19.93,20.95,603,0
GRC,D,20111212,000000,20.99,20.99,20.99,20.99,5,0
GRC,D,20111213,000000,20.98,20.98,20.98,20.98,3,0
GRC,D,20111214,000000,20.98,20.98,20.98,20.98,3,0
GRC,D,20111215,000000,20.98,20.98,20.98,20.98,3,0
GRC,D,20111216,000000,20.98,20.98,20.98,20.98,5,0
GRC,D,20111219,000000,20.98,20.98,20.98,20.98,5,0
GRC,D,20111220,000000,20.98,20.98,20.98,20.98,3,0
GRC,D,20111228,000000,19.93,20.98,18.99,20.98,356,0
GRC,D,20111229,000000,20.98,20.98,18.99,20.9,141,0
GRC,D,20111230,000000,19,20.8,18.62,20.8,190,0
GRC,D,20120103,000000,19.54,21.8,19.3,21.8,657,0
GRC,D,20120104,000000,21.7,21.7,19.2,21.7,140,0
GRC,D,20120110,000000,19.74,19.74,19.74,19.74,1,0
GRC,D,20120111,000000,19.74,21.4,19.3,19.73,427,0
GRC,D,20120112,000000,19.72,19.72,19.72,19.72,10,0
GRC,D,20120113,000000,19.73,20.2,19.6,19.95,399,0
GRC,D,20120116,000000,20,20,20,20,5,0
GRC,D,20120118,000000,19.94,19.94,19.94,19.94,5,0
GRC,D,20120119,000000,19.94,19.94,19.94,19.94,5,0
GRC,D,20120123,000000,19.94,19.94,19.94,19.94,10,0
GRC,D,20120124,000000,18.82,19.91,18.81,19.75,328,0
GRC,D,20120125,000000,19.91,19.91,19.91,19.91,3,0
GRC,D,20120126,000000,19.91,19.91,19.91,19.91,3,0
GRC,D,20120127,000000,19.91,22,19.54,22,335,0
GRC,D,20120130,000000,22.35,22.35,22.35,22.35,5,0
GRC,D,20120131,000000,22.3,22.3,22.3,22.3,5,0
GRC,D,20120201,000000,21.5,21.5,21.5,21.5,3,0
GRC,D,20120202,000000,21.5,21.5,21.5,21.5,5,0
GRC,D,20120203,000000,21.5,21.5,21.5,21.5,2,0
GRC,D,20120206,000000,21.5,21.5,21.5,21.5,3,0
GRC,D,20120207,000000,21.5,21.5,21.5,21.5,3,0
GRC,D,20120208,000000,21,21,21,21,3,0
GRC,D,20120209,000000,21,21,21,21,5,0
GRC,D,20120213,000000,21,21,21,21,3,0
GRC,D,20120214,000000,21,21,21,21,3,0
GRC,D,20120215,000000,21,21,21,21,3,0
GRC,D,20120217,000000,21,21,21,21,2,0
GRC,D,20120220,000000,21,21,21,21,3,0
GRC,D,20120222,000000,20,20,20,20,2,0
GRC,D,20120223,000000,20,20,20,20,2,0
GRC,D,20120224,000000,20,20,20,20,3,0
GRC,D,20120227,000000,19.98,20,19.98,20,1100,0
GRC,D,20120228,000000,20,21,20,21,5,0
GRC,D,20120301,000000,21,21,21,21,3,0
GRC,D,20120302,000000,21,21,21,21,2,0
GRC,D,20120306,000000,20.99,20.99,20.13,20.98,34,0
GRC,D,20120308,000000,20,20.99,20,20.99,72,0
GRC,D,20120312,000000,20.99,20.99,20.99,20.99,5,0
GRC,D,20120314,000000,20.99,20.99,20.99,20.99,3,0
GRC,D,20120321,000000,20.99,20.99,20.99,20.99,3,0
GRC,D,20120327,000000,20.5,20.5,20.5,20.5,2,0
GRC,D,20120330,000000,19.36,19.36,19.36,19.36,132,0
GRC,D,20120402,000000,19.36,19.84,19.26,19.84,433,0
GRC,D,20120404,000000,20.5,20.5,20.5,20.5,2,0
GRC,D,20120405,000000,19.5,20.46,19.5,20.46,192,0
GRC,D,20120412,000000,19.74,20.46,19.74,20.46,130,0
GRC,D,20120417,000000,20.46,20.46,20.46,20.46,2,0
GRC,D,20120418,000000,20.46,20.46,20.46,20.46,2,0
GRC,D,20120419,000000,20.46,20.46,20.46,20.46,2,0
GRC,D,20120420,000000,19.3,20.46,19.3,20.46,2,0
GRC,D,20120423,000000,19.1,19.1,19.1,19.1,131,0
GRC,D,20120424,000000,20.04,20.04,19.32,19.32,133,0
GRC,D,20120430,000000,20,20,20,20,2,0
GRC,D,20120502,000000,19.74,20,19.74,20,129,0
GRC,D,20120504,000000,20,20,20,20,2,0
GRC,D,20120507,000000,20,20,20,20,2,0
GRC,D,20120508,000000,20,20,20,20,2,0
GRC,D,20120509,000000,20,20,20,20,2,0
GRC,D,20120510,000000,20,20,20,20,2,0
GRC,D,20120511,000000,20,20,20,20,2,0
GRC,D,20120514,000000,20,20,20,20,2,0
GRC,D,20120516,000000,20,20,20,20,2,0
GRC,D,20120525,000000,19.5,19.5,19,19,182,0
GRC,D,20120528,000000,19,19.94,18.99,19.94,510,0
GRC,D,20120530,000000,19.95,19.95,19.95,19.95,3,0
GRC,D,20120531,000000,20,20,20,20,2,0
GRC,D,20120601,000000,20,20,20,20,5,0
GRC,D,20120605,000000,19,19.49,19,19.49,134,0
GRC,D,20120606,000000,19.11,20,19.11,20,163,0
GRC,D,20120608,000000,19.5,20,19.5,20,138,0
GRC,D,20120611,000000,20,20,20,20,2,0
GRC,D,20120612,000000,20,20,19.5,19.95,134,0
GRC,D,20120613,000000,20,20,20,20,2,0
GRC,D,20120614,000000,20,20,20,20,2,0
GRC,D,20120615,000000,20,20,20,20,2,0
GRC,D,20120618,000000,20,20,19,19.42,204,0
GRC,D,20120619,000000,18.5,19.3,18.46,19.3,999,0
GRC,D,20120620,000000,19.3,19.3,18.36,18.98,142,0
GRC,D,20120621,000000,17.95,18.84,17.95,18.8,1337,0
GRC,D,20120625,000000,18.79,18.79,18.79,18.79,2,0
GRC,D,20120626,000000,18.79,18.79,18.79,18.79,2,0
GRC,D,20120627,000000,18.5,18.77,18,18.77,1092,0
GRC,D,20120628,000000,18.77,18.77,18.3,18.77,804,0
GRC,D,20120629,000000,18.77,18.77,17.5,17.99,3298,0
GRC,D,20120702,000000,18,18,17.2,18,179,0
GRC,D,20120703,000000,18,18,18,18,2,0
GRC,D,20120704,000000,18,18,18,18,243,0
GRC,D,20120709,000000,18,18,18,18,2,0
GRC,D,20120710,000000,18,18,18,18,2,0
GRC,D,20120712,000000,17.97,17.97,17.97,17.97,120,0
GRC,D,20120716,000000,17.97,17.97,17.97,17.97,2,0
GRC,D,20120719,000000,17.97,17.97,17.97,17.97,2,0
GRC,D,20120720,000000,17.97,17.97,17.97,17.97,10,0
GRC,D,20120726,000000,17.97,17.97,17.97,17.97,2,0
GRC,D,20120727,000000,16.74,16.74,15.58,15.58,201,0
GRC,D,20120731,000000,15.56,15.58,15.56,15.58,10000,0
GRC,D,20120802,000000,14.5,14.5,14.5,14.5,107,0
GRC,D,20120803,000000,14.39,14.39,14.39,14.39,104,0
GRC,D,20120809,000000,14.4,14.4,14.4,14.4,2,0
GRC,D,20120810,000000,14.38,14.38,14.38,14.38,100,0
GRC,D,20120814,000000,14.38,14.38,14.38,14.38,6936,0
GRC,D,20120816,000000,14.38,14.38,14.38,14.38,300,0
GRC,D,20120906,000000,14.3,14.5,14.3,14.5,98,0
GRC,D,20120912,000000,14,14.39,14,14.39,230,0
GRC,D,20120913,000000,14.44,14.44,14.44,14.44,2,0
GRC,D,20120917,000000,14.44,14.44,14.44,14.44,3,0
GRC,D,20120919,000000,13.45,13.45,13.45,13.45,116,0
GRC,D,20120920,000000,13.45,14.44,13.45,14.44,356,0
GRC,D,20120924,000000,14.19,14.19,14.19,14.19,50,0
GRC,D,20120925,000000,16.99,16.99,16.99,16.99,2,0
GRC,D,20121001,000000,14.79,14.79,14.79,14.79,60,0
GRC,D,20121005,000000,14.9,14.9,14.9,14.9,2,0
GRC,D,20121016,000000,13.78,14.8,13.78,14.8,114,0
GRC,D,20121017,000000,14.79,14.79,13.5,14.5,336,0
GRC,D,20121018,000000,13.78,14.78,13.78,14.78,114,0
GRC,D,20121019,000000,14,14.7,14,14.7,113,0
GRC,D,20121022,000000,13.78,14.65,13.78,14.55,470,0
GRC,D,20121023,000000,14.65,14.65,14.65,14.65,2,0
GRC,D,20121024,000000,16,16,16,16,5,0
GRC,D,20121025,000000,13.97,15,12.85,15,4698,0
GRC,D,20121029,000000,13,15.99,12.1,13.5,21046,0
GRC,D,20121030,000000,14.38,14.38,14.38,14.38,2,0
GRC,D,20121102,000000,14.38,14.38,14.38,14.38,2,0
GRC,D,20121105,000000,15.99,15.99,15.99,15.99,2,0
GRC,D,20121108,000000,15.98,15.98,15.98,15.98,2,0
GRC,D,20121109,000000,15.98,15.98,15.98,15.98,2,0
GRC,D,20121112,000000,15.98,15.98,15.98,15.98,2,0
GRC,D,20121115,000000,15.98,15.98,15.98,15.98,2,0
GRC,D,20121122,000000,13.78,15,13.78,15,117,0
GRC,D,20121126,000000,15,15,15,15,2,0
GRC,D,20121128,000000,13.03,13.9,13.03,13.85,221,0
GRC,D,20121129,000000,13.03,13.9,13.03,13.9,120,0
GRC,D,20121130,000000,12.57,13.4,12.1,13.4,257,0
GRC,D,20121203,000000,13.4,13.4,12.31,13.2,281,0
GRC,D,20121204,000000,12.57,13.2,12.17,13.07,254,0
GRC,D,20121206,000000,12.08,12.08,11.33,12,930,0
GRC,D,20121210,000000,11.74,12,11.27,12,272,0
GRC,D,20121211,000000,11.7,11.7,11.7,11.7,5000,0
GRC,D,20121212,000000,11.59,11.6,11.13,11.6,351,0
GRC,D,20121217,000000,11.6,11.6,11.6,11.6,3,0
GRC,D,20121219,000000,11.13,11.5,9.28,11.12,887,0
GRC,D,20121220,000000,9.94,11.1,9.26,9.48,856,0
GRC,D,20121221,000000,10.97,10.97,9.55,9.55,365,0
GRC,D,20121227,000000,10.97,10.97,8.38,9.54,318,0
GRC,D,20121228,000000,9,10.97,9,10.97,192,0
GRC,D,20130102,000000,11,11,11,11,3,0
GRC,D,20130104,000000,8.85,9.49,8.84,9.07,920,0
GRC,D,20130107,000000,9.1,10.5,8.47,8.49,1449,0
GRC,D,20130108,000000,8.5,9.3,7.91,7.91,2276,0
GRC,D,20130109,000000,8.7,8.7,8.7,8.7,2,0
GRC,D,20130111,000000,8.05,8.7,8.05,8.7,203,0
GRC,D,20130114,000000,7.91,8.46,7.91,8.46,197,0
GRC,D,20130115,000000,7.98,8,7.46,8,806,0
GRC,D,20130118,000000,7.45,7.89,6.5,7.89,905,0
GRC,D,20130121,000000,7,7.51,6.8,7.25,2342,0
GRC,D,20130122,000000,6.98,6.98,5.92,5.92,2996,0
GRC,D,20130123,000000,6.45,6.85,6.45,6.85,469,0
GRC,D,20130125,000000,6.85,7.19,6.7,7.19,460,0
GRC,D,20130128,000000,6.39,6.84,6.38,6.82,635,0
GRC,D,20130129,000000,6.03,6.47,6,6.39,1039,0
GRC,D,20130130,000000,6.24,6.24,6.2,6.22,1357,0
GRC,D,20130131,000000,6.25,6.79,6.1,6.34,1207,0
GRC,D,20130201,000000,6.76,6.76,6.76,6.76,3,0
GRC,D,20130204,000000,6.29,6.29,6.29,6.29,300,0
GRC,D,20130212,000000,6.25,6.25,5.87,6,618,0
GRC,D,20130213,000000,5.96,5.96,5.96,5.96,51,0
GRC,D,20130219,000000,5.96,5.96,5.96,5.96,154,0
GRC,D,20130225,000000,5.96,5.96,5.96,5.96,385,0
GRC,D,20130226,000000,5.56,5.93,5.56,5.93,289,0
GRC,D,20130228,000000,5.76,5.99,5.7,5.97,833,0
GRC,D,20130301,000000,6.76,6.76,5.76,6.49,305,0
GRC,D,20130304,000000,6.44,6.44,6.18,6.18,1266,0
GRC,D,20130306,000000,6.14,6.14,6.14,6.14,3,0
GRC,D,20130308,000000,6,6,5.77,5.98,401,0
GRC,D,20130311,000000,6.14,6.14,6.1,6.1,4,0
GRC,D,20130312,000000,6.14,6.14,6.12,6.12,1383,0
GRC,D,20130313,000000,6.12,6.12,6.1,6.1,503,0
GRC,D,20130314,000000,6.1,6.1,6.1,6.1,403,0
GRC,D,20130315,000000,6.06,6.08,6.06,6.08,950,0
GRC,D,20130318,000000,6.04,6.04,6.04,6.04,500,0
GRC,D,20130319,000000,6.04,6.14,6,6.14,405,0
GRC,D,20130320,000000,6.14,6.14,6.12,6.12,10,0
GRC,D,20130321,000000,6.11,6.11,6,6,401,0
GRC,D,20130325,000000,6,6,5.59,6,403,0
GRC,D,20130326,000000,6.12,6.12,6,6,155,0
GRC,D,20130327,000000,6,6,5.99,5.99,4,0
GRC,D,20130328,000000,6,6,6,6,3,0
GRC,D,20130402,000000,6,6,6,6,3,0
GRC,D,20130403,000000,5.93,6.09,5.93,6.09,9329,0
GRC,D,20130404,000000,6,6.76,6,6.76,8179,0
GRC,D,20130405,000000,6.9,6.98,6.9,6.98,260,0
GRC,D,20130408,000000,6.95,7.03,6.95,7.03,252,0
GRC,D,20130409,000000,6.9,6.95,6.15,6.5,833,0
GRC,D,20130410,000000,6.49,6.5,6.15,6.49,1271,0
GRC,D,20130411,000000,6.15,6.59,5.32,6.35,2541,0
GRC,D,20130412,000000,6.49,6.49,5.34,6.2,726,0
GRC,D,20130415,000000,6.44,6.44,5.16,6,911,0
GRC,D,20130417,000000,5.85,6.1,5.85,6.1,270,0
GRC,D,20130422,000000,6.42,6.42,6.42,6.42,2,0
GRC,D,20130424,000000,6.05,6.42,5.85,6.4,1069,0
GRC,D,20130502,000000,5.85,6.4,5.73,6.4,532,0
GRC,D,20130506,000000,6.42,6.42,6.42,6.42,2,0
GRC,D,20130508,000000,6.24,6.24,6.23,6.23,4,0
GRC,D,20130509,000000,6.25,6.25,6.25,6.25,168,0
GRC,D,20130510,000000,6.41,6.41,6.05,6.41,49,0
GRC,D,20130514,000000,6.39,6.4,6.39,6.4,4,0
GRC,D,20130520,000000,6.39,6.39,6.39,6.39,2,0
GRC,D,20130522,000000,5.96,6.39,5.16,6.39,761,0
GRC,D,20130523,000000,6.39,6.39,6.39,6.39,2,0
GRC,D,20130529,000000,6.09,6.38,6.09,6.37,903,0
GRC,D,20130531,000000,6.38,6.38,6.14,6.38,980,0
GRC,D,20130604,000000,6.42,7.69,6.4,7.69,2163,0
GRC,D,20130605,000000,6.95,7.59,6.8,7.59,810,0
GRC,D,20130606,000000,7.66,8.34,6.92,8.28,1222,0
GRC,D,20130607,000000,7.45,7.99,7.45,7.99,211,0
GRC,D,20130610,000000,7.12,7.12,6.5,6.92,509,0
GRC,D,20130611,000000,6.35,6.82,6.35,6.82,50,0
GRC,D,20130613,000000,6.8,8,6.8,8,293,0
GRC,D,20130619,000000,7.98,7.98,7.98,7.98,2,0
GRC,D,20130620,000000,8.14,8.14,8.14,8.14,2,0
GRC,D,20130625,000000,8.14,8.14,8.14,8.14,2,0
GRC,D,20130626,000000,8.14,8.14,8.14,8.14,2,0
GRC,D,20130701,000000,8.14,8.14,8.14,8.14,2,0
GRC,D,20130702,000000,7.8,8.13,7.26,8.13,196,0
GRC,D,20130704,000000,8.12,8.12,7.63,8.12,202,0
GRC,D,20130715,000000,8,8,7.31,8,211,0
GRC,D,20130716,000000,6.99,7.99,6.99,7.99,503,0
GRC,D,20130717,000000,6.99,7.99,6.99,7.99,1937,0
GRC,D,20130718,000000,8.12,8.12,8.12,8.12,2,0
GRC,D,20130719,000000,8.12,8.12,7,7.24,2573,0
GRC,D,20130722,000000,8.12,8.12,8.12,8.12,2,0
GRC,D,20130725,000000,6.78,8.1,6.78,8.1,667,0
GRC,D,20130726,000000,6.98,6.98,6.98,6.98,217,0
GRC,D,20130729,000000,6.98,7.29,6.98,7.29,203,0
GRC,D,20130730,000000,7.3,7.8,7.26,7.26,630,0
GRC,D,20130731,000000,7.26,7.55,7.04,7.34,873,0
GRC,D,20130801,000000,8.11,8.11,8.11,8.11,2,0
GRC,D,20130805,000000,7.34,7.5,7.34,7.5,216,0
GRC,D,20130806,000000,7.5,8.11,7.26,7.8,1203,0
GRC,D,20130807,000000,8.11,8.11,8.11,8.11,2,0
GRC,D,20130808,000000,8.11,8.11,7.29,7.59,660,0
GRC,D,20130809,000000,8.11,8.6,7.79,8.59,953,0
GRC,D,20130812,000000,8.35,8.61,7.59,8.61,511,0
GRC,D,20130813,000000,7.97,8.5,7.97,8.5,350,0
GRC,D,20130814,000000,7.73,7.73,7.73,7.73,196,0
GRC,D,20130816,000000,7.73,7.93,7.73,7.93,320,0
GRC,D,20130820,000000,7.93,9.51,7.93,9.5,268,0
GRC,D,20130821,000000,7.93,9.5,7.93,9.49,2347,0
GRC,D,20130823,000000,7.93,9.47,7.93,9.47,215,0
GRC,D,20130826,000000,7.93,9.44,7.93,9.44,192,0
GRC,D,20130830,000000,7.9,9.48,7.9,9.48,2049,0
GRC,D,20130902,000000,8.1,9.72,8.1,9.6,6604,0
GRC,D,20130903,000000,9,10.74,8.94,10.2,1472,0
GRC,D,20130904,000000,9.59,10.74,9,10.2,1310,0
GRC,D,20130905,000000,9.31,10,9.31,10,173,0
GRC,D,20130906,000000,9.99,10.47,9.04,10,652,0
GRC,D,20130910,000000,10,11.01,10,11.01,580,0
GRC,D,20130911,000000,11.01,11.01,10.24,10.98,202,0
GRC,D,20130912,000000,10.99,10.99,10.95,10.95,102,0
GRC,D,20130913,000000,11.29,11.29,11.29,11.29,2,0
GRC,D,20130916,000000,11.25,11.25,10.52,11.24,296,0
GRC,D,20130917,000000,10.81,11.9,10.81,11.9,391,0
GRC,D,20130918,000000,10.52,11.88,10.52,11.88,256,0
GRC,D,20130919,000000,11.87,11.87,11.87,11.87,2,0
GRC,D,20130920,000000,11.86,11.86,11.86,11.86,2,0
GRC,D,20130924,000000,11.84,11.84,11.84,11.84,3,0
GRC,D,20130927,000000,11.84,11.84,11.84,11.84,2,0
GRC,D,20130930,000000,11.82,11.82,11.82,11.82,2,0
GRC,D,20131001,000000,10.89,13,10.89,12.7,1168,0
GRC,D,20131002,000000,12.1,12.46,11.65,12.46,865,0
GRC,D,20131003,000000,11.8,12.44,11.8,12.4,471,0
GRC,D,20131004,000000,12.86,12.86,12.86,12.86,2,0
GRC,D,20131007,000000,12.86,12.86,11.91,12.86,1759,0
GRC,D,20131008,000000,12.01,12.5,10,12.4,845,0
GRC,D,20131009,000000,12.5,12.5,11.1,12.04,1018,0
GRC,D,20131010,000000,11.81,12.1,11.81,12.1,130,0
GRC,D,20131011,000000,12.09,12.09,11.92,12.09,130,0
GRC,D,20131014,000000,12.09,12.09,12.09,12.09,2,0
GRC,D,20131018,000000,12.09,12.09,12.09,12.09,2,0
GRC,D,20131021,000000,11.27,12.09,11.26,12.09,346,0
GRC,D,20131024,000000,12.09,12.09,12.09,12.09,2,0
GRC,D,20131029,000000,12.09,12.09,12.09,12.09,2,0
GRC,D,20131030,000000,12.09,12.09,12.09,12.09,2,0
GRC,D,20131031,000000,12.09,12.09,12.09,12.09,2,0
GRC,D,20131104,000000,12.09,12.09,11.13,12.09,140,0
GRC,D,20131105,000000,10.64,11.65,10.64,11.45,2007,0
GRC,D,20131107,000000,10.85,10.99,10.85,10.99,652,0
GRC,D,20131108,000000,11.44,11.44,10,10.66,3788,0
GRC,D,20131112,000000,11,11.99,10.46,11.99,1510,0
GRC,D,20131113,000000,11.66,11.66,11.66,11.66,2,0
GRC,D,20131115,000000,10.71,11.54,10.71,11.54,143,0
GRC,D,20131118,000000,10.06,10.5,9.9,10.5,2512,0
GRC,D,20131119,000000,10.79,10.79,10.79,10.79,2,0
GRC,D,20131121,000000,10.98,10.98,10.69,10.69,782,0
GRC,D,20131122,000000,10.97,10.97,10.97,10.97,2,0
GRC,D,20131128,000000,9.92,10.94,9.92,10.94,3,0
GRC,D,20131202,000000,10.94,11.28,9.93,11.28,987,0
GRC,D,20131203,000000,10.47,11.29,10.47,11.29,845,0
GRC,D,20131204,000000,11.29,11.29,10.74,11.29,243,0
GRC,D,20131210,000000,10.33,11.35,10.33,11.35,267,0
GRC,D,20131216,000000,10.52,11.3,10.52,10.92,290,0
GRC,D,20131217,000000,10.18,10.92,10.18,10.92,14750,0
GRC,D,20131218,000000,10.33,10.53,9.68,10.53,15457,0
GRC,D,20131219,000000,9.81,10.53,9.81,10.53,551,0
GRC,D,20131223,000000,9.81,10.52,9.8,10.52,458,0
GRC,D,20140107,000000,10.83,10.83,10.83,10.83,2,0
GRC,D,20140127,000000,10.79,11.39,10.4,11.39,1133,0
GRC,D,20140204,000000,10.6,11.39,10.6,11.39,146,0
GRC,D,20140213,000000,10.7,11.37,10.7,11.37,292,0
GRC,D,20140304,000000,10.2,10.95,10,10,3958,0
GRC,D,20140305,000000,10.19,10.19,10.19,10.19,149,0
GRC,D,20140306,000000,10.35,10.35,10.35,10.35,2,0
GRC,D,20140307,000000,10.58,10.58,10.58,10.58,10,0
GRC,D,20140312,000000,10.45,11.47,10.45,11.47,5428,0
GRC,D,20140313,000000,10.52,11.28,10.52,11.28,271,0
GRC,D,20140321,000000,11.49,11.49,10.43,11.2,254,0
GRC,D,20140324,000000,11.49,11.49,11.49,11.49,2,0
GRC,D,20140326,000000,11.48,11.48,11.48,11.48,2,0
GRC,D,20140328,000000,11.48,11.48,11.48,11.48,2,0
GRC,D,20140402,000000,11.46,11.46,11.46,11.46,2,0
GRC,D,20140407,000000,11.49,11.49,11.49,11.49,2,0
GRC,D,20140414,000000,11.39,11.39,11.39,11.39,2,0
GRC,D,20140430,000000,11.39,11.39,11.39,11.39,2,0
GRC,D,20140502,000000,11.49,11.49,11.49,11.49,2,0
GRC,D,20140505,000000,11.49,11.49,11.49,11.49,2,0
GRC,D,20140507,000000,11.48,11.48,11.48,11.48,2,0
GRC,D,20140512,000000,11.49,11.49,11.49,11.49,5,0
GRC,D,20140513,000000,11.45,11.49,11.45,11.49,150,0
GRC,D,20140516,000000,11.44,11.44,11.44,11.44,10,0
GRC,D,20140519,000000,11.44,11.44,11.44,11.44,3,0
GRC,D,20140522,000000,11.49,11.49,11.49,11.49,2,0
GRC,D,20140530,000000,11.44,11.44,11.44,11.44,3,0
GRC,D,20140602,000000,11.44,11.44,10.01,10.79,213,0
GRC,D,20140603,000000,10.79,11.39,10.79,11.39,145,0
GRC,D,20140606,000000,11.38,11.38,10.79,11,148,0
GRC,D,20140610,000000,10.99,10.99,10.99,10.99,3,0
GRC,D,20140618,000000,10.8,10.8,10.8,10.8,3,0
GRC,D,20140623,000000,10.06,10.41,9.75,10.38,2025,0
GRC,D,20140625,000000,9.95,10.79,9.95,10.79,153,0
GRC,D,20140626,000000,10.1,10.5,9.78,10.5,362,0
GRC,D,20140630,000000,10.01,10.01,10.01,10.01,151,0
GRC,D,20140702,000000,9.32,10,9,9.9,704,0
GRC,D,20140711,000000,9.7,10.09,9.7,10.09,158,0
GRC,D,20140714,000000,10.09,10.09,10.09,10.09,2,0
GRC,D,20140722,000000,10.09,10.09,10.09,10.09,3,0
GRC,D,20140730,000000,10.09,10.09,10.09,10.09,3,0
GRC,D,20140807,000000,10.99,10.99,10.99,10.99,3,0
GRC,D,20140818,000000,9.39,9.96,9.39,9.96,60,0
GRC,D,20140819,000000,9,9.9,8.95,9.7,663,0
GRC,D,20140820,000000,9.7,9.7,9.7,9.7,99,0
GRC,D,20140822,000000,9.7,9.7,9.7,9.7,100,0
GRC,D,20140901,000000,9.03,9.49,9.03,9.49,169,0
GRC,D,20140902,000000,9.6,9.6,9.6,9.6,3,0
GRC,D,20140904,000000,9.03,10.1,9.03,10.1,367,0
GRC,D,20140905,000000,9.12,9.8,9.12,9.8,53,0
GRC,D,20140908,000000,9.49,10.59,9.49,10.59,162,0
GRC,D,20140910,000000,9.12,9.8,9.12,9.8,369,0
GRC,D,20140916,000000,9.99,9.99,9.13,9.59,304,0
GRC,D,20140919,000000,9.99,9.99,9.99,9.99,2,0
GRC,D,20140925,000000,9.99,9.99,9.59,9.99,163,0
GRC,D,20140926,000000,9.99,9.99,9.59,9.99,161,0
GRC,D,20140929,000000,9.99,9.99,9.99,9.99,3,0
GRC,D,20140930,000000,9.99,9.99,9.99,9.99,3,0
GRC,D,20141001,000000,9.99,9.99,9.17,9.85,1104,0
GRC,D,20141002,000000,9.03,9.7,9,9.7,5110,0
GRC,D,20141007,000000,9.23,9.99,9.23,9.99,1165,0
GRC,D,20141009,000000,9.08,9.75,9,9.75,1746,0
GRC,D,20141010,000000,9.99,9.99,9.99,9.99,3,0
GRC,D,20141013,000000,9.99,9.99,9.99,9.99,2,0
GRC,D,20141016,000000,9,9.99,9,9.99,6503,0
GRC,D,20141017,000000,9.99,9.99,9.99,9.99,2,0
GRC,D,20141020,000000,9.99,9.99,9.99,9.99,2,0
GRC,D,20141024,000000,9.99,9.99,9.99,9.99,2,0
GRC,D,20141028,000000,9.26,9.26,9.26,9.26,200,0
GRC,D,20141030,000000,9.56,9.56,9.56,9.56,2,0
GRC,D,20141112,000000,9.4,9.4,9.4,9.4,120,0
GRC,D,20141114,000000,9.79,9.79,9.79,9.79,3,0
GRC,D,20141118,000000,9.77,9.77,9.77,9.77,3,0
GRC,D,20141119,000000,9.77,9.77,9.77,9.77,3,0
GRC,D,20141120,000000,9.77,9.77,9.77,9.77,5,0
GRC,D,20141124,000000,9.77,9.77,9.77,9.77,3,0
GRC,D,20141125,000000,9.76,9.76,9,9.3,11886,0
GRC,D,20141127,000000,9.74,9.74,9.74,9.74,3,0
GRC,D,20141201,000000,9.01,9.01,9.01,9.01,3502,0
GRC,D,20141202,000000,9.01,9.01,9.01,9.01,4000,0
GRC,D,20141203,000000,9.01,11.41,9.01,11.41,1236,0
GRC,D,20141204,000000,11.41,11.41,11.39,11.39,143,0
GRC,D,20141205,000000,11.37,11.37,11.37,11.37,5,0
GRC,D,20141208,000000,11.36,11.36,11.36,11.36,5,0
GRC,D,20141209,000000,11.49,13.5,11.49,13,697,0
GRC,D,20141210,000000,11.73,11.95,11,11,518,0
GRC,D,20141211,000000,11.3,12.3,11.3,12.3,145,0
GRC,D,20141212,000000,10.89,10.89,10.89,10.89,139,0
GRC,D,20141216,000000,10.23,10.98,10.23,10.98,456,0
GRC,D,20141217,000000,10.99,11.84,10.8,10.8,1644,0
GRC,D,20141218,000000,11,11,11,11,5,0
GRC,D,20141219,000000,11,11,10.5,10.5,987,0
GRC,D,20141222,000000,10.5,10.5,10.5,10.5,200,0
GRC,D,20141223,000000,10.71,10.71,10.71,10.71,141,0
GRC,D,20150112,000000,10.7,10.7,10.55,10.55,200,0
GRC,D,20150113,000000,10.71,10.71,10.71,10.71,100,0
GRC,D,20150114,000000,10.71,11.44,10.71,11.44,340,0
GRC,D,20150116,000000,11.43,11.43,11.43,11.43,3,0
GRC,D,20150119,000000,11.41,11.41,10.75,11.41,294,0
GRC,D,20150120,000000,10.61,11.35,10.61,11.35,295,0
GRC,D,20150121,000000,11.34,11.34,11.34,11.34,5,0
GRC,D,20150122,000000,11.33,11.33,10.57,10.57,412,0
GRC,D,20150129,000000,10.12,10.12,10.12,10.12,50,0
GRC,D,20150130,000000,10.78,10.78,10.05,10.05,201,0
GRC,D,20150203,000000,9.7,10.78,9.59,10.78,342,0
GRC,D,20150204,000000,10.3,12,10.3,12,550,0
GRC,D,20150205,000000,10.71,10.71,10.71,10.71,141,0
GRC,D,20150209,000000,10.9,10.9,10.9,10.9,10,0
GRC,D,20150210,000000,10.9,10.9,10.9,10.9,5,0
GRC,D,20150212,000000,10.9,10.9,10.9,10.9,5,0
GRC,D,20150213,000000,10.89,10.89,10.89,10.89,10,0
GRC,D,20150216,000000,10.87,10.87,10.87,10.87,10,0
GRC,D,20150217,000000,10.87,10.87,10.87,10.87,5,0
GRC,D,20150218,000000,10.86,10.86,10.86,10.86,5,0
GRC,D,20150312,000000,10.11,10.85,10.11,10.85,269,0
GRC,D,20150324,000000,10.11,10.84,10.11,10.84,301,0
GRC,D,20150325,000000,10.01,10.7,10.01,10.7,152,0
GRC,D,20150326,000000,10.12,10.59,10.12,10.59,200,0
GRC,D,20150330,000000,9.79,10.52,9.79,10.52,156,0
GRC,D,20150401,000000,9.79,10.52,9.79,9.89,316,0
GRC,D,20150402,000000,10,10.29,10,10.29,79,0
GRC,D,20150409,000000,9.59,10.26,9.59,10.26,159,0
GRC,D,20150420,000000,9.25,10.2,9.25,10.2,201,0
GRC,D,20150505,000000,9.5,10.19,9.5,10.19,160,0
GRC,D,20150512,000000,9.2,10,9.2,10,169,0
GRC,D,20150513,000000,9.43,9.95,9.01,9.61,5489,0
GRC,D,20150514,000000,9.15,9.82,9.15,9.55,129,0
GRC,D,20150518,000000,9.1,9.55,8.89,8.89,291,0
GRC,D,20150522,000000,8.89,8.89,8.89,8.89,805,0
GRC,D,20150526,000000,8.8,8.8,8.8,8.8,5,0
GRC,D,20150528,000000,8.2,8.79,8.2,8.79,23,0
GRC,D,20150601,000000,8.74,8.74,8.74,8.74,595,0
GRC,D,20150608,000000,8.75,9.88,8.75,9.88,170,0
GRC,D,20150623,000000,8.95,9.35,8.5,8.7,643,0
GRC,D,20150701,000000,8.7,9,8.7,9,120,0
GRC,D,20150715,000000,9,9.8,9,9.8,119,0
GRC,D,20150720,000000,10.82,10.82,10.82,10.82,21,0
GRC,D,20150723,000000,9.5,10.19,9.5,10.19,193,0
GRC,D,20150807,000000,10.18,10.18,10.18,10.18,1,0
GRC,D,20150810,000000,10.18,10.18,10.18,10.18,2,0
GRC,D,20150811,000000,10.18,10.18,10.18,10.18,2,0
GRC,D,20150812,000000,10.18,11.5,10.18,11.5,2397,0
GRC,D,20150813,000000,11.88,11.88,11.5,11.5,562,0
GRC,D,20150818,000000,11.42,13.17,11.42,12.7,2561,0
GRC,D,20150819,000000,12.69,14.99,12.69,14.99,844,0
GRC,D,20150820,000000,14.83,15.89,14.83,15.89,430,0
GRC,D,20150824,000000,14.81,15.57,14.5,15.57,1503,0
GRC,D,20150825,000000,15.5,15.8,13.45,13.45,4544,0
GRC,D,20150826,000000,13.46,13.46,13.46,13.46,75,0
GRC,D,20150827,000000,14.19,14.19,14.19,14.19,11,0
GRC,D,20150902,000000,14.48,14.48,14.48,14.48,58,0
GRC,D,20150903,000000,14.47,14.47,14.47,14.47,11,0
GRC,D,20150904,000000,14.47,14.47,13.7,14,176,0
GRC,D,20150907,000000,14,14,14,14,1,0
GRC,D,20150908,000000,13.98,13.98,13.98,13.98,3,0
GRC,D,20150909,000000,13.99,13.99,13.04,13.98,198,0
GRC,D,20150910,000000,13.97,13.97,12.99,12.99,232,0
GRC,D,20150911,000000,12.94,12.94,12.7,12.7,214,0
GRC,D,20150914,000000,12,12.47,11.5,12.4,937,0
GRC,D,20150915,000000,12.45,13.33,12.45,13.33,86,0
GRC,D,20150916,000000,13.32,13.32,13.32,13.32,2,0
GRC,D,20150917,000000,13.32,13.32,13.32,13.32,2,0
GRC,D,20150918,000000,13.32,13.32,13.32,13.32,1,0
GRC,D,20150922,000000,13.25,13.25,13.25,13.25,2,0
GRC,D,20150925,000000,12.98,12.98,8.33,9.98,811,0
GRC,D,20150928,000000,9.96,9.97,8.32,9.97,163,0
GRC,D,20150929,000000,9.97,9.98,8.51,9.98,82,0
GRC,D,20150930,000000,9.98,9.99,9.98,9.99,90,0
GRC,D,20151001,000000,9.99,9.99,9.99,9.99,2,0
GRC,D,20151002,000000,9.99,11.97,9,10.75,7029,0
GRC,D,20151005,000000,10.77,12.36,10.77,12.36,206,0
GRC,D,20151006,000000,11.85,13.19,11.75,11.75,174,0
GRC,D,20151007,000000,11.76,12.4,11.65,11.79,108,0
GRC,D,20151008,000000,12.39,12.39,12.39,12.39,2,0
GRC,D,20151009,000000,12.39,12.39,12.39,12.39,1,0
GRC,D,20151012,000000,13.19,13.19,12.69,12.69,2,0
GRC,D,20151013,000000,12.69,12.69,12.07,12.68,97,0
GRC,D,20151014,000000,12.68,12.68,12.68,12.68,2,0
GRC,D,20151015,000000,11.99,11.99,11.99,11.99,116,0
GRC,D,20151016,000000,11.99,12,11.99,11.99,174,0
GRC,D,20151019,000000,11.99,13.2,11.35,12.89,607,0
GRC,D,20151020,000000,13.19,13.19,13.19,13.19,2,0
GRC,D,20151021,000000,13.19,13.19,13.19,13.19,2,0
GRC,D,20151022,000000,13.19,13.19,13.19,13.19,2,0
GRC,D,20151023,000000,13.19,13.3,12.26,13.29,1061,0
GRC,D,20151026,000000,13.29,13.29,13,13.29,92,0
GRC,D,20151027,000000,13.29,14.89,13,13,372,0
GRC,D,20151028,000000,13.95,13.95,13.5,13.94,176,0
GRC,D,20151029,000000,13.94,13.94,13.1,13.94,192,0
GRC,D,20151030,000000,13.94,13.94,13.94,13.94,2,0
GRC,D,20151102,000000,13.94,13.94,13,13.84,251,0
GRC,D,20151103,000000,13.84,13.84,13.84,13.84,170,0
GRC,D,20151104,000000,13.84,13.84,13.84,13.84,237,0
GRC,D,20151105,000000,13.84,13.95,13.84,13.95,2232,0
GRC,D,20151106,000000,13.95,14.88,13.94,14.88,279,0
GRC,D,20151109,000000,14.88,14.88,14.88,14.88,2,0
GRC,D,20151110,000000,14.88,14.88,14.88,14.88,2,0
GRC,D,20151112,000000,14.88,14.88,13.95,14.88,92,0
GRC,D,20151113,000000,14.88,14.88,14.49,14.49,2,0
GRC,D,20151116,000000,14.88,14.88,14.5,14.88,102,0
GRC,D,20151117,000000,14.88,14.88,14.88,14.88,2,0
GRC,D,20151118,000000,14.88,14.88,13.84,14.88,648,0
GRC,D,20151119,000000,15.89,15.89,14,14.5,521,0
GRC,D,20151120,000000,14.49,14.49,14.49,14.49,2,0
GRC,D,20151123,000000,14.49,14.49,14,14,201,0
GRC,D,20151124,000000,14.49,14.49,14,14.49,188,0
GRC,D,20151125,000000,14.49,14.49,14,14.49,191,0
GRC,D,20151126,000000,14.49,14.49,14,14.49,190,0
GRC,D,20151127,000000,14.49,14.49,14,14.49,191,0
GRC,D,20151130,000000,14.49,14.49,14,14.49,394,0
GRC,D,20151201,000000,14.49,14.49,14,14.49,164,0
GRC,D,20151202,000000,14.49,14.49,14,14.49,298,0
GRC,D,20151203,000000,14.49,14.49,14,14.44,402,0
GRC,D,20151204,000000,14.44,14.44,14,14.44,202,0
GRC,D,20151207,000000,14.49,14.49,14,14.49,202,0
GRC,D,20151208,000000,14.49,14.49,14,14.49,202,0
GRC,D,20151209,000000,14.49,14.49,14.49,14.49,2,0
GRC,D,20151210,000000,14.49,14.5,13.5,14.5,260,0
GRC,D,20151211,000000,14.5,14.5,14.49,14.49,3,0
GRC,D,20151214,000000,14.5,14.5,13.5,13.5,193,0
GRC,D,20151215,000000,13.5,13.5,13.5,13.5,402,0
GRC,D,20151216,000000,13.5,13.5,13.5,13.5,2,0
GRC,D,20151217,000000,13.5,13.5,13.5,13.5,96,0
GRC,D,20151218,000000,14.5,14.5,14.5,14.5,2,0
GRC,D,20151221,000000,14.5,14.5,13.1,14.5,7,0
GRC,D,20151222,000000,14.5,14.5,13.95,13.95,42,0
GRC,D,20151223,000000,14.5,14.5,13,14.5,192,0
GRC,D,20151228,000000,14.5,14.5,14.5,14.5,2,0
GRC,D,20151229,000000,14.5,14.5,13.95,14.5,62,0
GRC,D,20151230,000000,14.5,14.5,14.5,14.5,2,0
GRC,D,20160104,000000,14,14,14,14,91,0
GRC,D,20160105,000000,14.49,14.49,14.49,14.49,2,0
GRC,D,20160107,000000,14.49,14.49,13.5,14.49,92,0
GRC,D,20160108,000000,14.49,14.49,14.49,14.49,2,0
GRC,D,20160111,000000,14.49,14.49,14.49,14.49,2,0
GRC,D,20160112,000000,14.49,14.49,14.49,14.49,2,0
GRC,D,20160113,000000,14.49,14.49,14.45,14.45,2,0
GRC,D,20160114,000000,14.45,14.45,14.44,14.44,2,0
GRC,D,20160115,000000,14.44,14.44,14.44,14.44,2,0
GRC,D,20160118,000000,14.44,14.44,14.44,14.44,1,0
GRC,D,20160119,000000,14.44,14.44,13.05,14.44,282,0
GRC,D,20160120,000000,14.44,14.44,12.1,14.44,582,0
GRC,D,20160121,000000,14.44,14.44,14.44,14.44,2,0
GRC,D,20160122,000000,14.44,14.44,14.44,14.44,2,0
GRC,D,20160125,000000,14.44,14.44,12.1,14.44,192,0
GRC,D,20160126,000000,14.4,14.4,14.39,14.39,2,0
GRC,D,20160127,000000,14.39,14.39,14.39,14.39,2,0
GRC,D,20160128,000000,14.39,14.39,14.39,14.39,2,0
GRC,D,20160129,000000,14.39,14.39,11.7,13.3,535,0
GRC,D,20160201,000000,14.39,14.39,14.39,14.39,2,0
GRC,D,20160202,000000,14.39,14.39,14.39,14.39,2,0
GRC,D,20160203,000000,14.39,14.39,14.39,14.39,2,0
GRC,D,20160204,000000,14.39,14.39,14.39,14.39,2,0
GRC,D,20160205,000000,14.39,14.39,14.39,14.39,2,0
GRC,D,20160208,000000,14.39,14.39,14.39,14.39,2,0
GRC,D,20160209,000000,14.39,14.39,14.39,14.39,1,0
GRC,D,20160210,000000,14.39,14.39,14.39,14.39,2,0
GRC,D,20160211,000000,14.39,14.39,14.39,14.39,2,0
GRC,D,20160212,000000,14.39,14.39,12.37,13,354,0
GRC,D,20160215,000000,14.39,14.39,14.39,14.39,2,0
GRC,D,20160216,000000,14.39,14.39,14.39,14.39,2,0
GRC,D,20160217,000000,14.39,14.39,12.1,12.1,107,0
GRC,D,20160218,000000,12.1,12.1,12.1,12.1,2,0
GRC,D,20160219,000000,12.1,12.1,12.09,12.09,2,0
GRC,D,20160222,000000,12.09,12.09,12.09,12.09,2,0
GRC,D,20160223,000000,12.09,12.09,12.09,12.09,2,0
GRC,D,20160224,000000,12.09,12.09,12.09,12.09,2,0
GRC,D,20160225,000000,12.09,14.39,12.09,14.38,2302,0
GRC,D,20160226,000000,14.38,14.38,14.38,14.38,2,0
GRC,D,20160229,000000,14.38,14.38,13.03,14.38,92,0
GRC,D,20160301,000000,14.38,14.38,12.2,12.85,92,0
GRC,D,20160302,000000,12.85,12.85,12.85,12.85,2,0
GRC,D,20160303,000000,12.85,12.85,11.7,11.7,111,0
GRC,D,20160304,000000,12.84,12.84,12.84,12.84,2,0
GRC,D,20160307,000000,12.84,13.64,12.5,13.64,92,0
GRC,D,20160308,000000,13.64,13.64,13.64,13.64,2,0
GRC,D,20160309,000000,13.64,13.64,13.64,13.64,2,0
GRC,D,20160310,000000,13.64,13.64,13.64,13.64,2,0
GRC,D,20160311,000000,13.64,13.64,13.64,13.64,2,0
GRC,D,20160314,000000,13.64,13.64,13.64,13.64,2,0
GRC,D,20160315,000000,13.64,13.64,11.36,11.63,582,0
GRC,D,20160316,000000,11.62,11.62,11.6,11.6,2,0
GRC,D,20160317,000000,11.6,11.6,11.6,11.6,2,0
GRC,D,20160318,000000,11.6,11.6,11,11,2,0
GRC,D,20160321,000000,11,11,11,11,2,0
GRC,D,20160322,000000,11,11,9.67,10.78,1402,0
GRC,D,20160323,000000,10.78,10.78,10.78,10.78,69,0
GRC,D,20160324,000000,10.5,10.5,9.67,10,212,0
GRC,D,20160329,000000,10,10,10,10,2,0
GRC,D,20160330,000000,10,10,10,10,2,0
GRC,D,20160331,000000,10,11.62,10,11.62,1503,0
GRC,D,20160401,000000,11.63,11.63,9.8,11.62,212,0
GRC,D,20160404,000000,10.5,10.5,10.5,10.5,2,0
GRC,D,20160405,000000,11,11,9.44,9.99,223,0
GRC,D,20160406,000000,9.99,9.99,9.99,9.99,2,0
GRC,D,20160407,000000,9.99,9.99,9.99,9.99,1,0
GRC,D,20160408,000000,9.99,9.99,9.1,9.1,1199,0
GRC,D,20160411,000000,9.5,9.5,8.05,8.05,1126,0
GRC,D,20160412,000000,8.05,9.2,8.05,8.95,242,0
GRC,D,20160413,000000,8.95,9.59,8.95,9.59,21,0
GRC,D,20160414,000000,9.89,10.8,8.95,10.8,1362,0
GRC,D,20160415,000000,10.8,10.8,10.79,10.79,2,0
GRC,D,20160418,000000,10.79,10.79,9.99,10.65,707,0
GRC,D,20160419,000000,10.65,10.65,9.99,10.65,107,0
GRC,D,20160420,000000,10.65,10.65,10.64,10.64,2,0
GRC,D,20160421,000000,10.64,10.64,10.64,10.64,2,0
GRC,D,20160422,000000,10.64,10.64,10.64,10.64,2,0
GRC,D,20160425,000000,10.64,10.64,10.64,10.64,2,0
GRC,D,20160426,000000,10.64,10.64,10.64,10.64,2,0
GRC,D,20160427,000000,10.64,10.64,10.64,10.64,2,0
GRC,D,20160428,000000,10.64,10.65,10.6,10.6,301,0
GRC,D,20160429,000000,10.49,10.49,10,10.49,2102,0
GRC,D,20160502,000000,10.49,10.49,10,10.49,1016,0
GRC,D,20160504,000000,10.49,10.49,9.5,9.5,2301,0
GRC,D,20160505,000000,10.49,10.49,10,10.48,677,0
GRC,D,20160506,000000,10.48,10.48,10.48,10.48,2,0
GRC,D,20160509,000000,10.48,10.48,10.48,10.48,2,0
GRC,D,20160510,000000,10.48,10.48,10.48,10.48,2,0
GRC,D,20160511,000000,10.48,10.48,9.5,10.46,627,0
GRC,D,20160512,000000,9,10.45,9,10.44,1382,0
GRC,D,20160513,000000,10.44,10.44,10,10.41,225,0
GRC,D,20160516,000000,10.41,11,10.41,10.98,1113,0
GRC,D,20160517,000000,10.98,10.98,10.86,10.86,2,0
GRC,D,20160518,000000,10.86,10.86,10.86,10.86,2,0
GRC,D,20160519,000000,10.86,10.86,10.86,10.86,2,0
GRC,D,20160520,000000,10.86,10.86,10.86,10.86,2,0
GRC,D,20160523,000000,10.86,11.55,10.7,11.55,2352,0
GRC,D,20160524,000000,11.55,11.55,10.74,11.55,102,0
GRC,D,20160525,000000,11.55,11.55,10.3,10.75,502,0
GRC,D,20160527,000000,11.55,11.55,11.55,11.55,2,0
GRC,D,20160530,000000,11.55,11.55,11.55,11.55,2,0
GRC,D,20160531,000000,11.55,11.55,11.55,11.55,2,0
GRC,D,20160601,000000,11.55,11.55,10,10.74,502,0
GRC,D,20160602,000000,10.74,10.74,10.71,10.71,2,0
GRC,D,20160603,000000,10.71,11.54,10.7,11.54,398,0
GRC,D,20160606,000000,11.54,11.54,11.54,11.54,2,0
GRC,D,20160607,000000,11.54,11.54,11,11.54,106,0
GRC,D,20160608,000000,11.54,11.54,11.53,11.53,2,0
GRC,D,20160609,000000,11.53,11.55,11.52,11.55,142,0
GRC,D,20160610,000000,11.55,11.55,10.3,11.55,106,0
GRC,D,20160613,000000,11.55,11.55,11.55,11.55,2,0
GRC,D,20160614,000000,11.55,11.55,10.31,10.99,102,0
GRC,D,20160615,000000,11.54,11.54,10.01,10.99,448,0
GRC,D,20160616,000000,11.53,11.53,11.52,11.52,2,0
GRC,D,20160617,000000,11.51,11.51,10.5,11.5,302,0
GRC,D,20160620,000000,11.5,11.5,11,11.49,52,0
GRC,D,20160621,000000,11.49,11.49,10,10.98,1719,0
GRC,D,20160622,000000,11.49,11.49,11.49,11.49,2,0
GRC,D,20160623,000000,11.49,11.49,11.49,11.49,2,0
GRC,D,20160624,000000,10,10,10,10,957,0
GRC,D,20160627,000000,11.48,11.48,11.48,11.48,2,0
GRC,D,20160628,000000,11.48,11.48,11.47,11.47,2,0
GRC,D,20160629,000000,11.47,11.47,11.46,11.46,2,0
GRC,D,20160630,000000,11.46,11.46,11.46,11.46,2,0
GRC,D,20160701,000000,11.46,11.46,11.45,11.45,2,0
GRC,D,20160704,000000,11.44,11.44,10,11.41,702,0
GRC,D,20160705,000000,11.41,11.41,10.39,11.41,7419,0
GRC,D,20160706,000000,11.41,11.42,11.41,11.42,2,0
GRC,D,20160707,000000,11.62,11.62,11,11,2,0
GRC,D,20160708,000000,11,11.61,10,11.6,204,0
GRC,D,20160711,000000,11.6,11.6,11.58,11.58,2,0
GRC,D,20160712,000000,11.58,11.58,10,10,413,0
GRC,D,20160713,000000,10,11.57,10,11,1917,0
GRC,D,20160714,000000,11,11,10.5,10.5,99,0
GRC,D,20160715,000000,10.49,10.49,10.49,10.49,1,0
GRC,D,20160718,000000,11.26,11.26,11.26,11.26,2,0
GRC,D,20160719,000000,11.26,11.26,11.25,11.25,2,0
GRC,D,20160720,000000,11.25,11.25,11.24,11.24,2,0
GRC,D,20160721,000000,11.24,11.24,11.24,11.24,2,0
GRC,D,20160722,000000,11.22,11.22,11.22,11.22,2,0
GRC,D,20160725,000000,10,10.5,10,10.5,952,0
GRC,D,20160726,000000,11,11,10.99,10.99,2,0
GRC,D,20160727,000000,10.99,10.99,10.99,10.99,2,0
GRC,D,20160728,000000,10.9,10.9,10.84,10.84,2,0
GRC,D,20160729,000000,10.84,10.84,10.48,10.48,2,0
GRC,D,20160801,000000,10.48,10.48,10.48,10.48,1,0
GRC,D,20160802,000000,10.84,10.84,10.46,10.46,2,0
GRC,D,20160803,000000,10.46,10.46,10.46,10.46,2,0
GRC,D,20160804,000000,10.46,10.46,9.75,10.46,226,0
GRC,D,20160805,000000,10.46,10.94,9.31,10.29,1530,0
GRC,D,20160808,000000,10.28,10.28,9.7,10.28,203,0
GRC,D,20160809,000000,10.28,10.28,10.28,10.28,2,0
GRC,D,20160810,000000,10.28,10.28,10.28,10.28,2,0
GRC,D,20160811,000000,10.28,10.28,9.76,10.27,398,0
GRC,D,20160812,000000,10.27,10.49,9.7,10.49,822,0
GRC,D,20160816,000000,10.49,10.49,9.77,10.4,608,0
GRC,D,20160817,000000,10.4,10.4,10.4,10.4,2,0
GRC,D,20160818,000000,10.4,10.4,10.4,10.4,2,0
GRC,D,20160819,000000,10.4,10.4,8.61,10.35,1190,0
GRC,D,20160822,000000,10,10,9.99,9.99,2,0
GRC,D,20160823,000000,9.99,9.99,9.98,9.98,2,0
GRC,D,20160824,000000,9.98,9.98,9.98,9.98,2,0
GRC,D,20160825,000000,9.99,9.99,9.35,9.98,642,0
GRC,D,20160826,000000,9.98,9.99,8.96,9.99,102,0
GRC,D,20160829,000000,9.98,11.61,9.62,11.58,3799,0
GRC,D,20160830,000000,11.58,11.58,10,11.5,2252,0
GRC,D,20160831,000000,11.49,11.49,9.4,9.99,5002,0
GRC,D,20160901,000000,9.99,11.4,9.6,11.4,1606,0
GRC,D,20160902,000000,11.36,11.36,9.8,10.45,1260,0
GRC,D,20160905,000000,10.45,10.45,9.8,10.19,342,0
GRC,D,20160906,000000,10.18,10.42,9.6,10.35,923,0
GRC,D,20160907,000000,10.34,10.36,10.34,10.36,2,0
GRC,D,20160908,000000,10.35,10.7,10.35,10.7,2,0
GRC,D,20160909,000000,10.48,10.48,10.47,10.47,2,0
GRC,D,20160912,000000,10.46,10.46,10.42,10.42,2,0
GRC,D,20160913,000000,10.41,10.42,10.41,10.42,2,0
GRC,D,20160914,000000,10.42,10.42,10.4,10.4,2,0
GRC,D,20160915,000000,10.39,10.39,10.39,10.39,1,0
GRC,D,20160916,000000,10.39,10.39,10.14,10.14,2,0
GRC,D,20160919,000000,10.14,10.55,10.14,10.55,2,0
GRC,D,20160920,000000,10.54,10.55,10.54,10.55,2,0
GRC,D,20160921,000000,10.54,10.54,10.53,10.53,2,0
GRC,D,20160922,000000,10.51,10.51,10.5,10.5,2,0
GRC,D,20160923,000000,10.49,10.5,10.49,10.5,2,0
GRC,D,20160926,000000,10.49,10.49,10.46,10.46,2,0
GRC,D,20160927,000000,9.7,10.42,9.7,10.42,410,0
GRC,D,20160928,000000,10.39,10.39,9.5,10.14,4,0
GRC,D,20160929,000000,10.12,10.12,9.99,9.99,161,0
GRC,D,20160930,000000,10,10,9.99,9.99,2,0
GRC,D,20161003,000000,9.99,9.99,9.52,9.93,131,0
GRC,D,20161004,000000,9.93,9.93,9.93,9.93,2,0
GRC,D,20161005,000000,9.93,9.93,9.93,9.93,2,0
GRC,D,20161006,000000,9.93,9.93,9.93,9.93,2,0
GRC,D,20161007,000000,9.93,9.93,9.93,9.93,2,0
GRC,D,20161010,000000,9.5,9.91,9.16,9.91,1001,0
GRC,D,20161011,000000,9.91,9.91,9.9,9.9,2,0
GRC,D,20161012,000000,9.89,9.89,9.89,9.89,2,0
GRC,D,20161013,000000,9.89,9.89,9.67,9.87,666,0
GRC,D,20161014,000000,9.86,9.86,9.67,9.67,2,0
GRC,D,20161017,000000,9.67,9.67,8.52,9.65,1175,0
GRC,D,20161018,000000,9.64,9.64,9.62,9.62,2,0
GRC,D,20161019,000000,9.63,9.63,9.6,9.6,2,0
GRC,D,20161020,000000,9.6,9.6,9.6,9.6,2,0
GRC,D,20161021,000000,9.6,9.6,9.13,9.13,1171,0
GRC,D,20161024,000000,9.13,9.13,9.13,9.13,2,0
GRC,D,20161025,000000,9.13,9.13,9.13,9.13,32,0
GRC,D,20161026,000000,9.13,9.13,9.13,9.13,2,0
GRC,D,20161027,000000,9.13,9.13,8.1,8.99,1296,0
GRC,D,20161028,000000,8.99,8.99,8.99,8.99,2,0
GRC,D,20161031,000000,8.99,9.1,8.83,9.09,282,0
GRC,D,20161102,000000,9.09,9.67,9.09,9.09,797,0
GRC,D,20161103,000000,9.09,9.5,9.09,9.5,539,0
GRC,D,20161104,000000,9.5,9.5,8.25,9,352,0
GRC,D,20161107,000000,9,9,9,9,2,0
GRC,D,20161108,000000,9,9,9,9,2,0
GRC,D,20161109,000000,9,9.25,9,9.25,231,0
GRC,D,20161110,000000,9.25,9.49,8,9.49,2420,0
GRC,D,20161114,000000,9.94,9.94,8.78,9.92,90,0
GRC,D,20161115,000000,9.91,9.92,9.91,9.92,2,0
GRC,D,20161116,000000,9.92,9.92,9.2,9.92,132,0
GRC,D,20161117,000000,9.91,9.91,9.24,9.24,2,0
GRC,D,20161118,000000,9.24,9.93,8.81,9.79,1823,0
GRC,D,20161121,000000,9.92,9.92,9.53,9.54,6,0
GRC,D,20161122,000000,9.54,9.54,9.54,9.54,2,0
GRC,D,20161123,000000,9.54,9.54,9.1,9.52,394,0
GRC,D,20161124,000000,9.51,9.51,9.51,9.51,2,0
GRC,D,20161125,000000,9.51,10,9.35,10,706,0
GRC,D,20161128,000000,10.53,10.53,9.3,9.96,1663,0
GRC,D,20161129,000000,9.96,10.52,9.55,10.49,2889,0
GRC,D,20161130,000000,10.56,10.56,10.35,10.35,2,0
GRC,D,20161201,000000,10.35,10.35,9.9,10.35,762,0
GRC,D,20161202,000000,10.34,10.56,10.15,10.54,340,0
GRC,D,20161205,000000,10.53,10.57,10.2,10.56,349,0
GRC,D,20161206,000000,10.56,10.56,8.53,10.38,4280,0
GRC,D,20161207,000000,10.38,10.4,8.95,10.39,4961,0
GRC,D,20161208,000000,10.39,10.39,10.39,10.39,2,0
GRC,D,20161209,000000,10.39,10.39,10.39,10.39,2,0
GRC,D,20161212,000000,10.49,10.49,10.49,10.49,1,0
GRC,D,20161213,000000,10,10,10,10,2,0
GRC,D,20161214,000000,10,10,10,10,2,0
GRC,D,20161215,000000,9.99,9.99,9.99,9.99,2,0
GRC,D,20161216,000000,9.99,9.99,9.99,9.99,1,0
GRC,D,20161219,000000,9.99,9.99,9.99,9.99,2,0
GRC,D,20161220,000000,9.99,9.99,9.11,9.99,622,0
GRC,D,20161221,000000,9.99,9.99,8.84,9.99,762,0
GRC,D,20161222,000000,9.99,9.99,9.15,9.99,9,0
GRC,D,20161223,000000,9.99,9.99,9.99,9.99,2,0
GRC,D,20161227,000000,9.99,9.99,9.15,9.4,2193,0
GRC,D,20161228,000000,9.98,9.98,9.25,9.25,4001,0
GRC,D,20161229,000000,9.99,9.99,9.15,9.97,252,0
GRC,D,20161230,000000,9.97,9.97,9.01,9.6,1961,0
GRC,D,20170102,000000,9.96,9.98,9.96,9.98,2,0
GRC,D,20170103,000000,9.98,9.98,9.98,9.98,2,0
GRC,D,20170104,000000,9.98,9.98,9.52,9.96,877,0
GRC,D,20170105,000000,9.96,10,9.78,9.98,1253,0
GRC,D,20170109,000000,9.99,10.3,9.92,10.3,5261,0
GRC,D,20170110,000000,10.36,10.36,9.9,10.34,205,0
GRC,D,20170111,000000,10.33,10.33,10.32,10.32,2,0
GRC,D,20170112,000000,10.32,10.37,9.9,10.37,220,0
GRC,D,20170113,000000,10.37,10.37,10.37,10.37,2,0
GRC,D,20170116,000000,10.37,10.37,10,10.37,502,0
GRC,D,20170117,000000,10.37,10.37,10.37,10.37,2,0
GRC,D,20170118,000000,10.37,11.59,10.37,11.59,2858,0
GRC,D,20170119,000000,12,13.49,12,13.29,1089,0
GRC,D,20170120,000000,13.29,13.29,11.45,13.29,402,0
GRC,D,20170123,000000,13.29,13.29,11.26,13.27,1807,0
GRC,D,20170124,000000,13.27,13.27,12.25,13.2,102,0
GRC,D,20170125,000000,13.26,13.26,11.92,13.25,291,0
GRC,D,20170126,000000,13.23,13.23,11.9,13.23,2242,0
GRC,D,20170127,000000,13.23,13.23,11.75,11.75,351,0
GRC,D,20170130,000000,11.76,11.76,11.42,11.42,2560,0
GRC,D,20170131,000000,12,13.23,11.42,13.13,2248,0
GRC,D,20170201,000000,13.13,13.14,11.9,13.14,372,0
GRC,D,20170202,000000,13.13,13.13,13.13,13.13,2,0
GRC,D,20170203,000000,13.13,13.13,13.13,13.13,2,0
GRC,D,20170206,000000,13.13,13.13,12,13.13,772,0
GRC,D,20170207,000000,13.13,13.13,12,13.13,502,0
GRC,D,20170208,000000,13.13,13.13,13.13,13.13,2,0
GRC,D,20170209,000000,13.13,13.13,12.4,13.12,1082,0
GRC,D,20170210,000000,13.11,13.12,12,13.12,402,0
GRC,D,20170213,000000,13.11,13.11,12,12,302,0
GRC,D,20170214,000000,12,12,12,12,2,0
GRC,D,20170215,000000,12,12,11.82,11.98,202,0
GRC,D,20170216,000000,11.98,11.98,11.5,11.59,202,0
GRC,D,20170217,000000,11.59,11.98,11.59,11.97,3360,0
GRC,D,20170220,000000,11.97,13.86,11.56,13.19,7924,0
GRC,D,20170221,000000,13.4,14.37,12.86,14.37,1985,0
GRC,D,20170222,000000,14.5,14.5,13.7,13.7,147,0
GRC,D,20170223,000000,14.5,14.5,13.05,13.85,391,0
GRC,D,20170224,000000,14.5,14.5,13.2,13.35,1065,0
GRC,D,20170227,000000,12.72,13.15,12.72,12.76,696,0
GRC,D,20170228,000000,12.8,12.85,12.8,12.85,2,0
GRC,D,20170301,000000,13,14,13,14,3143,0
GRC,D,20170302,000000,14,14,13.15,13.6,1172,0
GRC,D,20170303,000000,13.6,13.6,13.02,13.6,555,0
GRC,D,20170306,000000,13.6,13.6,12.5,13.6,855,0
GRC,D,20170307,000000,13.59,13.59,13.14,13.15,9430,0
GRC,D,20170308,000000,13.5,13.6,13.5,13.6,2,0
GRC,D,20170309,000000,13.6,13.6,13,13.6,573,0
GRC,D,20170310,000000,13.6,13.6,13,13.6,562,0
GRC,D,20170313,000000,13.6,13.6,13.17,13.17,2636,0
GRC,D,20170314,000000,13.6,13.6,13.17,13.58,2537,0
GRC,D,20170315,000000,13.6,13.6,12.81,13.6,1467,0
GRC,D,20170316,000000,13.6,13.6,13.6,13.6,2,0
GRC,D,20170317,000000,13.6,13.6,13.33,13.6,661,0
GRC,D,20170320,000000,13.9,13.9,13.9,13.9,2,0
GRC,D,20170321,000000,13.9,14.49,12.61,14.49,1662,0
GRC,D,20170322,000000,14.49,14.49,13.59,13.8,322,0
GRC,D,20170323,000000,14.49,14.49,13.92,14.49,142,0
GRC,D,20170324,000000,14.49,14.49,14,14,2,0
GRC,D,20170327,000000,14.49,14.49,14,14,2,0
GRC,D,20170328,000000,14,14,14,14,2,0
GRC,D,20170329,000000,14,14,14,14,2,0
GRC,D,20170330,000000,14,14,14,14,2,0
GRC,D,20170331,000000,14,14,14,14,2,0
GRC,D,20170403,000000,14,14,14,14,2,0
GRC,D,20170404,000000,14,14,14,14,2,0
GRC,D,20170405,000000,13.99,14,13.3,14,1002,0
GRC,D,20170406,000000,14,14,14,14,2,0
GRC,D,20170407,000000,14,14,12.85,14,302,0
GRC,D,20170410,000000,14,14,11.2,12.98,3188,0
GRC,D,20170411,000000,13.29,13.29,11.2,13.21,1282,0
GRC,D,20170412,000000,13.21,13.21,13.21,13.21,2,0
GRC,D,20170413,000000,13.21,13.23,12.3,13.23,14012,0
GRC,D,20170418,000000,13.22,13.22,12.15,13.21,311,0
GRC,D,20170419,000000,13.18,13.18,12.15,12.99,487,0
GRC,D,20170420,000000,12.99,12.99,12.6,12.6,2,0
GRC,D,20170421,000000,13.12,13.13,13.12,13.13,2,0
GRC,D,20170424,000000,13.12,13.12,12.04,12.05,362,0
GRC,D,20170425,000000,12.05,12.05,12.05,12.05,2,0
GRC,D,20170426,000000,12.05,12.05,12.05,12.05,2,0
GRC,D,20170427,000000,12.05,12.05,12.05,12.05,58,0
GRC,D,20170428,000000,12.05,12.05,12.05,12.05,2,0
GRC,D,20170502,000000,12.05,12.05,11.7,12.05,25,0
GRC,D,20170504,000000,12.05,12.05,12.05,12.05,2,0
GRC,D,20170505,000000,12.05,12.05,11.02,11.7,488,0
GRC,D,20170508,000000,11.7,12,11.7,12,220,0
GRC,D,20170509,000000,12,13.05,11.95,12.99,2729,0
GRC,D,20170510,000000,12.98,12.98,12.5,12.95,122,0
GRC,D,20170511,000000,12.95,12.95,12.6,12.95,14002,0
GRC,D,20170512,000000,12.95,14.48,12.95,14.48,5371,0
GRC,D,20170515,000000,14.5,15,14.2,14.98,29435,0
GRC,D,20170516,000000,14.98,14.98,13.86,14.05,3153,0
GRC,D,20170517,000000,14.05,14.05,14,14.05,1502,0
GRC,D,20170518,000000,14.05,15,13.65,15,1736,0
GRC,D,20170519,000000,15,15.6,14.7,15.6,958,0
GRC,D,20170522,000000,15.78,15.78,15.78,15.78,2,0
GRC,D,20170523,000000,15.78,15.78,15.78,15.78,2,0
GRC,D,20170524,000000,15.78,15.78,15.78,15.78,2,0
GRC,D,20170525,000000,15.78,15.78,15.78,15.78,2,0
GRC,D,20170526,000000,15.78,15.78,14.7,15.78,354,0
GRC,D,20170529,000000,15.78,15.78,12.63,13.99,3140,0
GRC,D,20170530,000000,13.99,15.36,13.99,15.36,272,0
GRC,D,20170531,000000,15.3,15.3,14.1,15.3,180,0
GRC,D,20170601,000000,15.3,15.3,15.3,15.3,2,0
GRC,D,20170602,000000,15.3,15.3,15.3,15.3,2,0
GRC,D,20170605,000000,15.3,15.3,14.8,15.25,162,0
GRC,D,20170606,000000,15.25,15.25,14.95,14.95,2,0
GRC,D,20170607,000000,14.95,15.75,14.95,15.75,551,0
GRC,D,20170608,000000,15.75,15.75,15.75,15.75,2,0
GRC,D,20170609,000000,15.75,15.75,15.5,15.75,362,0
GRC,D,20170612,000000,15.75,15.75,15.5,15.73,424,0
GRC,D,20170613,000000,15.75,18.9,15.5,18.9,5394,0
GRC,D,20170614,000000,18.85,18.85,18.85,18.85,2,0
GRC,D,20170616,000000,18.85,18.9,18,18.9,532,0
GRC,D,20170619,000000,18.9,18.9,16,16.01,1951,0
GRC,D,20170620,000000,16.15,16.79,16.15,16.79,293,0
GRC,D,20170621,000000,17.98,18.5,17.3,17.3,301,0
GRC,D,20170622,000000,18.5,18.5,18.5,18.5,2,0
GRC,D,20170623,000000,18.5,18.5,18.5,18.5,2,0
GRC,D,20170626,000000,18.5,18.8,17.84,18.8,879,0
GRC,D,20170627,000000,18.8,18.8,18.75,18.75,2,0
GRC,D,20170628,000000,18.79,21,18.79,21,1694,0
GRC,D,20170629,000000,21,21,20.45,20.99,266,0
GRC,D,20170630,000000,20.99,20.99,20.99,20.99,2,0
GRC,D,20170703,000000,20.99,20.99,20.99,20.99,2,0
GRC,D,20170704,000000,20.99,20.99,20.99,20.99,2,0
GRC,D,20170705,000000,20.99,20.99,20.99,20.99,2,0
GRC,D,20170706,000000,21.5,21.5,21.5,21.5,2,0
GRC,D,20170707,000000,21.5,21.5,21.5,21.5,2,0
GRC,D,20170710,000000,21.5,21.5,17.2,20,105,0
GRC,D,20170711,000000,20,20,20,20,2,0
GRC,D,20170712,000000,20,20,20,20,2,0
GRC,D,20170713,000000,20,20,20,20,2,0
GRC,D,20170714,000000,20,20,19.99,20,37,0
GRC,D,20170717,000000,20,20,20,20,2,0
GRC,D,20170718,000000,20,20,20,20,2,0
GRC,D,20170719,000000,20,20,20,20,2,0
GRC,D,20170720,000000,20,20,20,20,2,0
GRC,D,20170721,000000,20,20,19.07,19.07,231,0
GRC,D,20170726,000000,19.07,19.07,19.07,19.07,1,0
GRC,D,20170728,000000,18.7,18.7,18.7,18.7,110,0
GRC,D,20170731,000000,20,20,20,20,2,0
GRC,D,20170801,000000,20,20,20,20,2,0
GRC,D,20170802,000000,20,20,20,20,2,0
GRC,D,20170803,000000,20,20,20,20,2,0
GRC,D,20170804,000000,20,20,20,20,2,0
GRC,D,20170807,000000,20,20,20,20,2,0
GRC,D,20170808,000000,20,20,20,20,2,0
GRC,D,20170809,000000,20,20,20,20,2,0
GRC,D,20170810,000000,20,20,19.6,19.6,142,0
GRC,D,20170811,000000,19.6,19.6,19.6,19.6,2,0
GRC,D,20170814,000000,19.6,20,19,20,671,0
GRC,D,20170816,000000,20,20,18.24,20,734,0
GRC,D,20170817,000000,20,20,17,20,542,0
GRC,D,20170818,000000,20,20,19.99,19.99,2,0
GRC,D,20170821,000000,19.99,19.99,17.84,17.85,308,0
GRC,D,20170822,000000,19.99,19.99,19.99,19.99,2,0
GRC,D,20170823,000000,19.99,19.99,17.85,19.99,57,0
GRC,D,20170824,000000,19.99,19.99,17.16,18.49,332,0
GRC,D,20170828,000000,19.99,19.99,19.81,19.81,2,0
GRC,D,20170829,000000,19.99,19.99,17.2,17.2,201,0
GRC,D,20170830,000000,19.99,19.99,19.99,19.99,1,0
GRC,D,20170831,000000,19.99,19.99,19.99,19.99,2,0
GRC,D,20170901,000000,19.99,19.99,18.05,19.99,102,0
GRC,D,20170904,000000,19.99,19.99,19.99,19.99,2,0
GRC,D,20170905,000000,19.99,19.99,19.99,19.99,2,0
GRC,D,20170906,000000,19.99,19.99,19.99,19.99,1,0
GRC,D,20170907,000000,19.99,19.99,19.99,19.99,1,0
GRC,D,20170908,000000,19.99,19.99,19.99,19.99,2,0
GRC,D,20170911,000000,19.99,19.99,19.99,19.99,2,0
GRC,D,20170912,000000,19.99,19.99,17.1,19.98,712,0
GRC,D,20170913,000000,19.41,19.44,18.13,19.44,226,0
GRC,D,20170914,000000,19.44,19.44,18.9,19.42,157,0
GRC,D,20170915,000000,19.42,19.42,19.42,19.42,1,0
GRC,D,20170918,000000,19,19,18.55,18.97,123,0
GRC,D,20170919,000000,18.97,18.97,18.97,18.97,2,0
GRC,D,20170920,000000,18.97,18.97,18.97,18.97,2,0
GRC,D,20170921,000000,18.97,18.97,17.3,18.97,1102,0
GRC,D,20170922,000000,18.97,19,18.15,19,387,0
GRC,D,20170925,000000,19,19.99,19,19.99,156,0
GRC,D,20170926,000000,19.99,21.85,19.84,21.85,5193,0
GRC,D,20170927,000000,21.85,21.85,19.9,19.9,202,0
GRC,D,20170928,000000,21.8,21.8,20,21.5,299,0
GRC,D,20170929,000000,21.8,21.8,21.8,21.8,2,0
GRC,D,20171002,000000,21.8,24.5,21,24.5,976,0
GRC,D,20171003,000000,24.5,24.5,21.5,23.5,202,0
GRC,D,20171004,000000,23.5,23.5,21,23.5,152,0
GRC,D,20171005,000000,23.5,23.5,23.5,23.5,2,0
GRC,D,20171006,000000,23.5,23.5,22,23.5,697,0
GRC,D,20171009,000000,23.5,23.5,23.5,23.5,2,0
GRC,D,20171010,000000,23.5,23.5,23.5,23.5,2,0
GRC,D,20171011,000000,23.5,23.5,23.5,23.5,2,0
GRC,D,20171012,000000,23.5,23.5,23.5,23.5,2,0
GRC,D,20171013,000000,23.5,23.5,23.5,23.5,2,0
GRC,D,20171016,000000,23.5,23.5,23.5,23.5,2,0
GRC,D,20171017,000000,23.5,23.5,23.5,23.5,2,0
GRC,D,20171018,000000,23.5,23.5,23.5,23.5,2,0
GRC,D,20171019,000000,23.5,23.5,23.5,23.5,2,0
GRC,D,20171020,000000,23.5,23.5,23.5,23.5,2,0
GRC,D,20171023,000000,23.5,23.5,21,23.5,272,0
GRC,D,20171024,000000,23.5,23.5,23.5,23.5,2,0
GRC,D,20171025,000000,23.5,23.5,23.5,23.5,2,0
GRC,D,20171026,000000,23.5,23.5,21.5,23.5,13,0
GRC,D,20171027,000000,23.5,23.5,23.5,23.5,2,0
GRC,D,20171030,000000,23.5,23.5,23.5,23.5,2,0
GRC,D,20171031,000000,23.5,23.5,23.5,23.5,2,0
GRC,D,20171102,000000,23.5,23.5,23.5,23.5,2,0
GRC,D,20171103,000000,23.5,23.5,23.5,23.5,2,0
GRC,D,20171106,000000,23.5,23.5,23.5,23.5,2,0
GRC,D,20171107,000000,23.5,23.5,22.5,23.5,194,0
GRC,D,20171108,000000,23.5,23.5,23.49,23.49,69,0
GRC,D,20171109,000000,23.5,23.5,23.49,23.5,71,0
GRC,D,20171110,000000,23.5,23.9,23,23.9,361,0
GRC,D,20171113,000000,23.9,23.9,23.4,23.4,2,0
GRC,D,20171114,000000,23.4,23.4,22.05,23.4,262,0
GRC,D,20171115,000000,23.4,23.4,23.4,23.4,1,0
GRC,D,20171116,000000,23.4,23.4,23.4,23.4,2,0
GRC,D,20171117,000000,23.4,23.4,23.4,23.4,2,0
GRC,D,20171120,000000,23.4,23.4,23.4,23.4,2,0
GRC,D,20171121,000000,23.4,23.4,23.4,23.4,2,0
GRC,D,20171122,000000,23.4,23.4,23.4,23.4,2,0
GRC,D,20171123,000000,23.4,23.4,22.7,22.7,44,0
GRC,D,20171124,000000,23.4,23.4,23.4,23.4,2,0
GRC,D,20171127,000000,23.4,23.4,22,22,47,0
GRC,D,20171128,000000,23.4,23.4,22.5,23.4,258,0
GRC,D,20171129,000000,23.4,23.4,23.4,23.4,2,0
GRC,D,20171130,000000,23.4,23.4,22.5,22.5,101,0
GRC,D,20171201,000000,23.4,23.4,23.4,23.4,2,0
GRC,D,20171204,000000,23,23,23,23,2,0
GRC,D,20171205,000000,23,23,23,23,2,0
GRC,D,20171206,000000,23,23,23,23,2,0
GRC,D,20171207,000000,22.99,22.99,22.99,22.99,2,0
GRC,D,20171208,000000,22.99,22.99,22,22,150,0
GRC,D,20171211,000000,22.99,23.4,22.99,23.4,41,0
GRC,D,20171212,000000,23.4,23.4,23.4,23.4,2,0
GRC,D,20171213,000000,23.4,23.4,23.4,23.4,2,0
GRC,D,20171214,000000,23.4,23.4,22,23.4,192,0
GRC,D,20171215,000000,23.4,23.4,23.4,23.4,1,0
GRC,D,20171218,000000,23.4,23.4,22.5,23.4,184,0
GRC,D,20171219,000000,23.4,23.4,23.4,23.4,2,0
GRC,D,20171220,000000,23.4,23.4,22.7,22.7,31,0
GRC,D,20171221,000000,23.4,23.4,23.4,23.4,2,0
GRC,D,20171222,000000,23.4,23.4,23.4,23.4,2,0
GRC,D,20171227,000000,23.4,23.4,23.39,23.4,52,0
GRC,D,20171228,000000,23.4,23.4,23.4,23.4,2,0
GRC,D,20171229,000000,23.4,23.4,22.33,23.4,102,0
GRC,D,20180103,000000,22.4,22.4,22.4,22.4,16,0
GRC,D,20180104,000000,22.4,22.4,22.4,22.4,2,0
GRC,D,20180105,000000,22.4,23.4,22.4,22.4,44,0
GRC,D,20180108,000000,24,24,23.4,24,88,0
GRC,D,20180109,000000,24.4,25,23.6,25,155,0
GRC,D,20180110,000000,25,25,23.8,23.8,405,0
GRC,D,20180111,000000,25,25,23.8,25,59,0
GRC,D,20180112,000000,25,25,23.2,25,1092,0
GRC,D,20180115,000000,25,25,24.6,24.6,101,0
GRC,D,20180116,000000,25,25,23.8,25,88,0
GRC,D,20180117,000000,25,25,25,25,2,0
GRC,D,20180118,000000,25,25,25,25,2,0
GRC,D,20180119,000000,25,25,24.8,25,52,0
GRC,D,20180122,000000,25,25,25,25,1,0
GRC,D,20180123,000000,24.6,24.6,24,24.6,264,0
GRC,D,20180124,000000,24.6,24.6,24.6,24.6,2,0
GRC,D,20180125,000000,24.6,24.6,23.2,23.2,204,0
GRC,D,20180126,000000,23.4,23.4,23.4,23.4,1,0
GRC,D,20180129,000000,23.4,23.4,23.2,23.4,292,0
GRC,D,20180130,000000,23.4,23.4,23.4,23.4,52,0
GRC,D,20180131,000000,23.4,23.4,23.4,23.4,102,0
GRC,D,20180201,000000,23.4,24.6,23,24.6,97,0
GRC,D,20180202,000000,24.6,24.6,22.4,24.4,351,0
GRC,D,20180205,000000,25,25,22,22.6,353,0
GRC,D,20180206,000000,24.6,24.6,21.6,22.6,155,0
GRC,D,20180207,000000,22.6,22.6,22,22.4,171,0
GRC,D,20180208,000000,24.6,24.6,21.8,21.8,492,0
GRC,D,20180209,000000,24.4,24.4,21.8,21.8,101,0
GRC,D,20180212,000000,21.8,21.8,21,21,101,0
GRC,D,20180213,000000,21,23,21,22,614,0
GRC,D,20180214,000000,24.6,24.6,20,24.6,322,0
GRC,D,20180215,000000,23.8,23.8,23.8,23.8,1,0
GRC,D,20180216,000000,23.8,23.8,21.6,22,651,0
GRC,D,20180219,000000,22.6,22.6,22,22.6,353,0
GRC,D,20180220,000000,22.6,22.6,21.4,21.4,101,0
GRC,D,20180221,000000,22,23.8,22,22.8,352,0
GRC,D,20180222,000000,24.8,24.8,22,22,253,0
GRC,D,20180223,000000,22,22,21.2,21.2,209,0
GRC,D,20180226,000000,21.2,21.2,21,21,139,0
GRC,D,20180227,000000,21.2,21.2,21,21,573,0
GRC,D,20180228,000000,21.2,21.2,20.2,20.2,210,0
GRC,D,20180301,000000,21.2,21.2,21.2,21.2,1,0
GRC,D,20180302,000000,21.2,21.2,21.2,21.2,1,0
GRC,D,20180305,000000,21.2,21.2,21.2,21.2,20,0
GRC,D,20180306,000000,21.6,22.2,21.6,22.2,192,0
GRC,D,20180307,000000,23.4,23.4,22.4,22.4,96,0
GRC,D,20180308,000000,24,24,23.8,23.8,854,0
GRC,D,20180309,000000,24,24,24,24,1,0
GRC,D,20180312,000000,23.6,23.6,22.8,22.8,96,0
GRC,D,20180313,000000,24,24,21.6,21.6,660,0
GRC,D,20180314,000000,24,24,23.4,23.4,31,0
GRC,D,20180315,000000,24,24,23.4,23.4,14,0
GRC,D,20180316,000000,24,24,23.4,23.8,112,0
GRC,D,20180319,000000,24,24,22.8,22.8,95,0
GRC,D,20180320,000000,24,24,24,24,1,0
GRC,D,20180321,000000,24,24,21.6,21.6,137,0
GRC,D,20180323,000000,22.6,22.8,22.6,22.8,91,0
GRC,D,20180326,000000,24,24,24,24,1,0
GRC,D,20180327,000000,24,24.8,23.4,24.8,297,0
GRC,D,20180328,000000,24.8,24.8,23,23,96,0
GRC,D,20180329,000000,24.8,24.8,24.8,24.8,1,0
GRC,D,20180403,000000,24.8,24.8,22.2,22.2,51,0
GRC,D,20180404,000000,24.8,24.8,23.2,23.2,111,0
GRC,D,20180405,000000,24.8,24.8,23.4,23.4,96,0
GRC,D,20180406,000000,24.8,24.8,23.8,23.8,131,0
GRC,D,20180409,000000,23.8,23.8,23.8,23.8,71,0
GRC,D,20180410,000000,23.8,23.8,23,23.8,97,0
GRC,D,20180411,000000,23.8,23.8,23.2,23.8,55,0
GRC,D,20180412,000000,23.8,23.8,23.8,23.8,2,0
GRC,D,20180413,000000,23.8,23.8,23.8,23.8,2,0
GRC,D,20180416,000000,24.8,24.8,24.8,24.8,2,0
GRC,D,20180417,000000,24.8,24.8,24.6,24.6,2,0
GRC,D,20180418,000000,24.6,24.6,23,23,7,0
GRC,D,20180419,000000,24.6,24.6,22.2,24,97,0
GRC,D,20180420,000000,24.6,24.6,24.6,24.6,2,0
GRC,D,20180423,000000,24.6,24.6,24.6,24.6,2,0
GRC,D,20180424,000000,24.6,24.6,24.6,24.6,2,0
GRC,D,20180425,000000,24.6,24.6,23,23,2,0
GRC,D,20180426,000000,24.6,24.6,24.6,24.6,2,0
GRC,D,20180427,000000,24.6,24.6,22.2,24.6,227,0
GRC,D,20180430,000000,24.6,24.6,24.6,24.6,2,0
GRC,D,20180502,000000,24.6,24.6,22.8,24.6,92,0
GRC,D,20180504,000000,24.6,24.6,24.6,24.6,2,0
GRC,D,20180507,000000,24.6,24.6,24.6,24.6,2,0
GRC,D,20180508,000000,24.4,24.4,24.4,24.4,2,0
GRC,D,20180509,000000,24.4,24.4,24.4,24.4,82,0
GRC,D,20180510,000000,24.4,24.4,22.2,24.4,294,0
GRC,D,20180511,000000,24.4,24.4,24.4,24.4,2,0
GRC,D,20180514,000000,24.4,24.4,24.4,24.4,2,0
GRC,D,20180515,000000,24.4,24.4,20.4,23.2,154,0
GRC,D,20180516,000000,23.2,23.2,22,22,405,0
GRC,D,20180517,000000,21.8,24.2,21.8,24.2,191,0
GRC,D,20180518,000000,24.2,24.2,22.8,24.2,92,0
GRC,D,20180521,000000,24.2,24.2,24,24,6,0
GRC,D,20180522,000000,24,24,24,24,2,0
GRC,D,20180523,000000,23.8,23.8,23.8,23.8,2,0
GRC,D,20180524,000000,23.8,23.8,23.2,23.4,27,0
GRC,D,20180525,000000,23.4,23.4,23.4,23.4,2,0
GRC,D,20180528,000000,23.4,23.4,21.8,21.8,297,0
GRC,D,20180529,000000,22.2,22.2,21.8,22.2,200,0
GRC,D,20180530,000000,23.4,23.4,21,21,100,0
GRC,D,20180601,000000,21,21,20.2,20.4,816,0
GRC,D,20180604,000000,20.8,20.8,20.4,20.4,135,0
GRC,D,20180605,000000,20.4,20.4,20.4,20.4,88,0
GRC,D,20180606,000000,20.4,20.4,20.4,20.4,47,0
GRC,D,20180607,000000,20.4,20.4,20.4,20.4,5,0
GRC,D,20180608,000000,20,21,20,21,105,0
GRC,D,20180611,000000,20,20,20,20,1,0
GRC,D,20180612,000000,20,21.4,20,21.4,6,0
GRC,D,20180613,000000,21.4,21.4,20.6,20.6,51,0
GRC,D,20180614,000000,21.4,21.4,21.4,21.4,2,0
GRC,D,20180615,000000,21.4,21.4,21.4,21.4,1,0
GRC,D,20180618,000000,21.4,21.4,20.6,21.4,102,0
GRC,D,20180619,000000,21.4,21.4,21.4,21.4,2,0
GRC,D,20180620,000000,21.4,21.4,20.6,20.6,139,0
GRC,D,20180621,000000,21.4,21.4,21,21,2,0
GRC,D,20180622,000000,20,21,20,21,150,0
GRC,D,20180625,000000,21,21,21,21,2,0
GRC,D,20180626,000000,21,21,20.4,21,377,0
GRC,D,20180627,000000,21,21.4,20.6,21.4,247,0
GRC,D,20180628,000000,23.6,23.6,23.6,23.6,1,0
GRC,D,20180629,000000,23.6,23.6,23.6,23.6,1,0
GRC,D,20180702,000000,23.8,23.8,23.8,23.8,2,0
GRC,D,20180703,000000,23.8,23.8,23.8,23.8,2,0
GRC,D,20180704,000000,23.8,23.8,23.8,23.8,2,0
GRC,D,20180705,000000,23.8,23.8,23.8,23.8,2,0
GRC,D,20180706,000000,23.8,23.8,23.8,23.8,2,0
GRC,D,20180709,000000,23.8,24.4,23.8,24.4,2,0
GRC,D,20180710,000000,24.4,24.4,24.4,24.4,2,0
GRC,D,20180711,000000,24.4,24.4,24.4,24.4,2,0
GRC,D,20180712,000000,24.4,24.4,21,21,2,0
GRC,D,20180717,000000,21.4,21.4,20.4,20.4,175,0
GRC,D,20180718,000000,20.6,20.6,20.6,20.6,15,0
GRC,D,20180719,000000,20.6,20.6,20.6,20.6,15,0
GRC,D,20180720,000000,20.6,20.6,20.6,20.6,10,0
GRC,D,20180723,000000,20.6,21.2,20.6,21.2,110,0
GRC,D,20180724,000000,20.8,20.8,20.8,20.8,10,0
GRC,D,20180725,000000,20.8,20.8,20.8,20.8,5,0
GRC,D,20180726,000000,20.8,21,20.6,20.6,139,0
GRC,D,20180727,000000,20.6,21.8,20.6,21.8,130,0
GRC,D,20180730,000000,21,24.4,21,22.2,174,0
GRC,D,20180731,000000,24.4,24.4,23,24.2,470,0
GRC,D,20180801,000000,24.8,24.8,24,24.2,211,0
GRC,D,20180802,000000,24.2,24.2,23.8,24,87,0
GRC,D,20180803,000000,24.8,24.8,24.8,24.8,2,0
GRC,D,20180806,000000,24.8,24.8,22.2,24.8,118,0
GRC,D,20180807,000000,24.8,24.8,23.8,23.8,2,0
GRC,D,20180808,000000,24.8,24.8,23,23,377,0
GRC,D,20180809,000000,24.8,24.8,23,23,2,0
GRC,D,20180810,000000,24.8,24.8,22.4,22.4,132,0
GRC,D,20180813,000000,23,23,22.2,23,176,0
GRC,D,20180814,000000,24.6,24.6,22.4,22.4,102,0
GRC,D,20180816,000000,22.4,22.4,20.8,22.4,216,0
GRC,D,20180817,000000,22.4,22.4,21,21.8,151,0
GRC,D,20180820,000000,21.8,21.8,21.8,21.8,2,0
GRC,D,20180821,000000,22.2,22.2,20.6,22.2,2360,0
GRC,D,20180822,000000,22.2,22.2,21.2,21.8,102,0
GRC,D,20180823,000000,22.2,22.2,21.8,21.8,2,0
GRC,D,20180824,000000,21.8,21.8,20.8,21.8,6873,0
GRC,D,20180827,000000,21.8,21.8,21.8,21.8,2,0
GRC,D,20180828,000000,21.8,21.8,20.6,21.8,102,0
GRC,D,20180829,000000,21.8,21.8,21.8,21.8,2,0
GRC,D,20180830,000000,21.8,21.8,21,21.8,102,0
GRC,D,20180831,000000,21.8,21.8,21.4,21.8,235,0
GRC,D,20180903,000000,21.8,21.8,20.4,21.8,217,0
GRC,D,20180904,000000,21.8,21.8,21.8,21.8,1,0
GRC,D,20180905,000000,21.8,21.8,21.8,21.8,2,0
GRC,D,20180906,000000,21.8,21.8,19.5,21.2,752,0
GRC,D,20180907,000000,21.2,21.2,21.2,21.2,2,0
GRC,D,20180910,000000,21.2,21.2,19.5,21.2,372,0
GRC,D,20180911,000000,21.2,21.2,21.2,21.2,2,0
GRC,D,20180912,000000,21.2,21.2,19.4,21.2,145,0
GRC,D,20180913,000000,21.2,21.2,21.2,21.2,2,0
GRC,D,20180914,000000,21.2,21.2,21.2,21.2,2,0
GRC,D,20180917,000000,21.2,21.2,21.2,21.2,2,0
GRC,D,20180918,000000,21.2,21.2,21.2,21.2,2,0
GRC,D,20180919,000000,21.2,21.2,20,20,101,0
GRC,D,20180920,000000,21.2,21.2,19.9,21.2,203,0
GRC,D,20180921,000000,21.2,21.2,20.6,20.6,2,0
GRC,D,20180924,000000,21.2,21.2,21.2,21.2,2,0
GRC,D,20180925,000000,21.2,21.2,21.2,21.2,2,0
GRC,D,20180926,000000,21.2,21.2,21.2,21.2,2,0
GRC,D,20180927,000000,21.2,21.2,19.3,21.2,177,0
GRC,D,20180928,000000,21.2,21.2,21.2,21.2,2,0
GRC,D,20181001,000000,21.2,21.2,21.2,21.2,9,0
GRC,D,20181002,000000,21.2,21.2,21.2,21.2,1,0
GRC,D,20181003,000000,21.2,21.2,21.2,21.2,1,0
GRC,D,20181004,000000,21.2,21.2,21.2,21.2,2,0
GRC,D,20181005,000000,21.2,21.2,19.5,19.5,2,0
GRC,D,20181008,000000,21.2,21.2,19.9,19.9,2,0
GRC,D,20181009,000000,19.9,19.9,19,19.9,301,0
GRC,D,20181010,000000,19.9,19.9,19.9,19.9,2,0
GRC,D,20181011,000000,19.8,19.8,19.3,19.8,27,0
GRC,D,20181012,000000,19.8,19.8,19.7,19.7,2,0
GRC,D,20181015,000000,19.7,19.7,19.7,19.7,1,0
GRC,D,20181016,000000,19.8,19.8,19.8,19.8,2,0
GRC,D,20181017,000000,19.8,19.8,19.7,19.7,2,0
GRC,D,20181018,000000,19.8,19.8,19.7,19.7,2,0
GRC,D,20181019,000000,19.7,19.7,19.7,19.7,2,0
GRC,D,20181022,000000,19.8,19.8,18.7,19.7,101,0
GRC,D,20181023,000000,19.6,19.6,19.3,19.6,19,0
GRC,D,20181024,000000,20.6,20.6,20.4,20.4,2,0
GRC,D,20181025,000000,20.6,20.6,20.6,20.6,1,0
GRC,D,20181026,000000,20.6,20.6,20.4,20.4,2,0
GRC,D,20181029,000000,20.4,20.4,20,20,2,0
GRC,D,20181030,000000,20,20.4,20,20.4,2,0
GRC,D,20181031,000000,20.2,20.2,19.3,19.9,106,0
GRC,D,20181102,000000,19.9,19.9,19.9,19.9,1,0
GRC,D,20181105,000000,19.7,19.7,19.6,19.6,2,0
GRC,D,20181106,000000,19.5,19.5,19.5,19.5,1,0
GRC,D,20181107,000000,20,20,20,20,1,0
GRC,D,20181108,000000,19.6,19.9,19.6,19.9,49,0
GRC,D,20181109,000000,19.9,19.9,19.7,19.9,122,0
GRC,D,20181113,000000,19.8,19.8,19.1,19.7,212,0
GRC,D,20181114,000000,19.7,19.7,19.6,19.6,2,0
GRC,D,20181115,000000,19.6,19.9,19.6,19.9,2,0
GRC,D,20181116,000000,19.9,19.9,19.7,19.7,2,0
GRC,D,20181119,000000,19.7,19.9,19.7,19.9,17,0
GRC,D,20181120,000000,19.8,20.8,19.7,20.8,197,0
GRC,D,20181121,000000,20.8,20.8,20.6,20.6,2,0
GRC,D,20181122,000000,20.8,20.8,20.4,20.6,103,0
GRC,D,20181123,000000,20.6,20.6,20.6,20.6,7,0
GRC,D,20181126,000000,20.6,20.6,20,20.6,102,0
GRC,D,20181127,000000,20.6,20.6,20.2,20.6,12,0
GRC,D,20181128,000000,20.6,20.6,20.6,20.6,2,0
GRC,D,20181129,000000,19.6,20.6,19.6,20.6,171,0
GRC,D,20181130,000000,20.6,20.6,20.2,20.6,192,0
GRC,D,20181203,000000,20.6,20.6,20.6,20.6,2,0
GRC,D,20181204,000000,20.6,20.6,20,20.6,9752,0
GRC,D,20181205,000000,20.6,20.6,20.6,20.6,2,0
GRC,D,20181206,000000,20.6,20.6,20.6,20.6,2,0
GRC,D,20181207,000000,20.6,20.6,19.6,20.6,102,0
GRC,D,20181210,000000,20.6,20.6,20.6,20.6,2,0
GRC,D,20181211,000000,20.6,20.6,20.6,20.6,2,0
GRC,D,20181212,000000,20.6,20.6,20.6,20.6,2,0
GRC,D,20181213,000000,20.6,20.6,19.6,20,2332,0
GRC,D,20181214,000000,20,20,20,20,2,0
GRC,D,20181217,000000,20,20,20,20,2,0
GRC,D,20181218,000000,20,20,20,20,52,0
GRC,D,20181219,000000,20,20,19.6,20,12109,0
GRC,D,20181220,000000,20,20,20,20,2,0
GRC,D,20181221,000000,20,20,19,19,121,0
GRC,D,20181227,000000,20,20.4,19.4,20.4,5991,0
GRC,D,20181228,000000,20.4,20.4,19.7,20.4,127,0
GRC,D,20190102,000000,20.4,20.4,20.4,20.4,2,0
GRC,D,20190103,000000,20.4,20.4,19.1,19.7,197,0
GRC,D,20190104,000000,19.7,19.8,18.9,19.8,357,0
GRC,D,20190107,000000,19.8,20,18,19.8,553,0
GRC,D,20190108,000000,19.8,19.8,18.4,19.7,460,0
GRC,D,20190109,000000,19.5,19.5,19,19,45,0
GRC,D,20190110,000000,19.5,20.4,19.3,20.4,1048,0
GRC,D,20190111,000000,20.4,20.6,20,20,534,0
GRC,D,20190114,000000,20.8,20.8,20,20,211,0
GRC,D,20190116,000000,20,20,19.3,19.3,34,0
GRC,D,20190118,000000,19.3,19.3,19.3,19.3,100,0
GRC,D,20190122,000000,20.2,20.4,20.2,20.4,210,0
GRC,D,20190123,000000,20.6,20.6,20.6,20.6,100,0
GRC,D,20190124,000000,21,21,21,21,163,0
GRC,D,20190125,000000,21.6,21.6,21,21,383,0
GRC,D,20190130,000000,21.4,21.4,20.4,20.6,494,0
GRC,D,20190131,000000,22.2,22.2,20.4,20.4,205,0
GRC,D,20190201,000000,20.4,20.4,20.2,20.2,204,0
GRC,D,20190204,000000,22.2,22.2,22.2,22.2,2,0
GRC,D,20190205,000000,22.2,22.2,22.2,22.2,2,0
GRC,D,20190206,000000,22.2,22.2,21,22.2,404,0
GRC,D,20190207,000000,22.2,22.2,21.8,22.2,100,0
GRC,D,20190208,000000,22.2,22.2,22.2,22.2,2,0
GRC,D,20190211,000000,22.2,22.2,22.2,22.2,2,0
GRC,D,20190212,000000,22.2,22.2,21,22.2,263,0
GRC,D,20190213,000000,22.2,22.2,22.2,22.2,2,0
GRC,D,20190214,000000,22.2,22.2,21.8,22.2,102,0
GRC,D,20190215,000000,22.2,22.2,21,22.2,332,0
GRC,D,20190218,000000,22.6,22.6,22,22.6,102,0
GRC,D,20190219,000000,22.6,22.8,22.4,22.8,262,0
GRC,D,20190220,000000,25,25,23.6,23.6,25,0
GRC,D,20190221,000000,25,25,23.6,23.6,101,0
GRC,D,20190222,000000,24,24,23.8,23.8,150,0
GRC,D,20190225,000000,24,24,22.6,22.6,220,0
GRC,D,20190226,000000,23,23,22.6,22.6,105,0
GRC,D,20190227,000000,22.6,22.6,21.4,21.4,330,0
GRC,D,20190228,000000,21.4,21.4,21.4,21.4,16,0
GRC,D,20190301,000000,22,22,21.8,22,4900,0
GRC,D,20190304,000000,22,22,22,22,5,0
GRC,D,20190305,000000,22,22,22,22,5,0
GRC,D,20190306,000000,22,22,22,22,5,0
GRC,D,20190307,000000,21.2,21.2,21.2,21.2,450,0
GRC,D,20190308,000000,22,22,21.8,21.8,55,0
GRC,D,20190311,000000,24,24,21.8,21.8,80,0
GRC,D,20190312,000000,21.8,22,21,21,5229,0
GRC,D,20190313,000000,21,21,21,21,55,0
GRC,D,20190314,000000,21,21,21,21,5,0
GRC,D,20190315,000000,21,21,21,21,5,0
GRC,D,20190318,000000,20.8,20.8,20,20,1419,0
GRC,D,20190319,000000,20,20,19.9,19.9,10,0
GRC,D,20190320,000000,20.6,20.6,20.6,20.6,5,0
GRC,D,20190321,000000,20.6,20.6,20.6,20.6,5,0
GRC,D,20190322,000000,20.6,20.6,20.2,20.2,45,0
GRC,D,20190325,000000,20.6,20.6,20.6,20.6,5,0
GRC,D,20190326,000000,20.6,20.6,20.6,20.6,5,0
GRC,D,20190327,000000,20.6,21,20,20.6,6785,0
GRC,D,20190328,000000,22,22,20,20.6,710,0
GRC,D,20190329,000000,21.6,21.6,20,20,131,0
GRC,D,20190401,000000,21.6,21.6,20,20.6,106,0
GRC,D,20190402,000000,21,21,21,21,5,0
GRC,D,20190403,000000,20,20,20,20,322,0
GRC,D,20190404,000000,20,20,20,20,104,0
GRC,D,20190405,000000,20,20,20,20,80,0
GRC,D,20190408,000000,20,20,20,20,5,0
GRC,D,20190409,000000,20,20,19.9,19.9,101,0
GRC,D,20190410,000000,20,20,20,20,269,0
GRC,D,20190411,000000,20,20,20,20,5,0
GRC,D,20190412,000000,20.4,20.4,20,20,313,0
GRC,D,20190415,000000,20.4,21.6,20.4,21,10040,0
GRC,D,20190416,000000,22.8,22.8,20.8,21,1955,0
GRC,D,20190417,000000,20.4,21,20.4,21,4005,0
GRC,D,20190418,000000,22.8,22.8,22,22.8,227,0
GRC,D,20190423,000000,23.8,23.8,23.8,23.8,5,0
GRC,D,20190424,000000,23.8,23.8,22,22,117,0
GRC,D,20190425,000000,22.2,22.2,21.4,21.4,55,0
GRC,D,20190426,000000,22.2,22.2,22.2,22.2,5,0
GRC,D,20190429,000000,22.2,22.2,22.2,22.2,5,0
GRC,D,20190430,000000,22.2,22.2,22.2,22.2,5,0
GRC,D,20190502,000000,22.2,22.2,21.4,21.4,200,0
GRC,D,20190506,000000,21.2,21.2,20.4,20.4,305,0
GRC,D,20190507,000000,21.2,21.2,21.2,21.2,5,0
GRC,D,20190508,000000,21.2,21.2,21.2,21.2,5,0
GRC,D,20190509,000000,21.2,21.2,20.4,20.4,103,0
GRC,D,20190510,000000,21.6,21.6,21.6,21.6,5,0
GRC,D,20190513,000000,21.6,21.6,20.8,21,301,0
GRC,D,20190514,000000,22,22,22,22,5,0
GRC,D,20190515,000000,21.8,21.8,20.8,20.8,255,0
GRC,D,20190516,000000,21.8,21.8,21,21.2,533,0
GRC,D,20190517,000000,21.8,21.8,21.8,21.8,5,0
GRC,D,20190520,000000,21.8,21.8,20.6,20.6,105,0
GRC,D,20190521,000000,21.8,21.8,21.8,21.8,5,0
GRC,D,20190522,000000,21.8,21.8,21.8,21.8,5,0
GRC,D,20190523,000000,21,21,20.8,20.8,805,0
GRC,D,20190524,000000,21.6,21.6,21.6,21.6,5,0
GRC,D,20190527,000000,21.6,21.6,20.2,20.2,105,0
GRC,D,20190528,000000,21.6,21.6,20.2,20.2,2835,0
GRC,D,20190529,000000,21.4,21.4,20.6,20.6,55,0
GRC,D,20190530,000000,21.4,21.4,20.6,20.6,30,0
GRC,D,20190531,000000,21.6,21.6,21.6,21.6,5,0
GRC,D,20190603,000000,21.4,21.4,21.4,21.4,5,0
GRC,D,20190604,000000,21.6,21.6,20.6,20.6,105,0
GRC,D,20190605,000000,21.6,21.6,21.6,21.6,5,0
GRC,D,20190606,000000,21.4,21.4,21.4,21.4,5,0
GRC,D,20190607,000000,21.6,21.6,20.4,20.4,105,0
GRC,D,20190610,000000,21.4,21.4,20.4,20.4,105,0
GRC,D,20190611,000000,21.4,21.4,21.4,21.4,5,0
GRC,D,20190612,000000,21.6,21.6,21.6,21.6,2,0
GRC,D,20190613,000000,21.6,21.6,21.6,21.6,3,0
GRC,D,20190614,000000,21.6,21.6,21.6,21.6,5,0
GRC,D,20190617,000000,21.6,21.6,21.6,21.6,5,0
GRC,D,20190618,000000,21.6,21.6,21.6,21.6,5,0
GRC,D,20190619,000000,21.4,21.4,21.4,21.4,5,0
GRC,D,20190621,000000,21.6,21.6,21.6,21.6,5,0
GRC,D,20190624,000000,21.4,21.4,21.4,21.4,5,0
GRC,D,20190625,000000,21.4,21.4,21.4,21.4,2,0
GRC,D,20190626,000000,21.4,21.4,21.4,21.4,2,0
GRC,D,20190627,000000,21.4,21.6,20.6,20.8,1105,0
GRC,D,20190628,000000,21.60,21.60,21.60,21.60,5,0
GRC,D,20190701,000000,21.4,21.4,19.2,19.6,283,0
GRC,D,20190702,000000,19.6,19.6,19.6,19.6,5,0
GRC,D,20190703,000000,21,21,20.2,20.2,105,0
GRC,D,20190704,000000,20.8,20.8,20.8,20.8,5,0
GRC,D,20190705,000000,21,21,19.7,19.7,115,0
GRC,D,20190708,000000,21,21,21,21,5,0
GRC,D,20190709,000000,20.8,20.8,19.1,19.1,315,0
GRC,D,20190710,000000,19.7,19.7,19.6,19.6,1115,0
GRC,D,20190712,000000,19.8,19.8,19.8,19.8,310,0
GRC,D,20190715,000000,20.8,21,20,20.8,555,0
GRC,D,20190716,000000,20.6,20.6,19.5,20,545,0
GRC,D,20190717,000000,20.4,20.4,20.4,20.4,5,0
GRC,D,20190718,000000,20.6,20.6,20,20,29,0
GRC,D,20190719,000000,20.6,20.6,20.6,20.6,5,0
GRC,D,20190722,000000,20.4,20.4,20.4,20.4,5,0
GRC,D,20190723,000000,20.6,20.6,20.6,20.6,5,0
GRC,D,20190724,000000,20.4,20.4,20.4,20.4,5,0
GRC,D,20190725,000000,20.6,20.6,20,20,105,0
GRC,D,20190726,000000,20,20,20,20,5,0
GRC,D,20190729,000000,20,20,19.5,19.5,112,0
GRC,D,20190730,000000,20,20,18.6,18.6,329,0
GRC,D,20190731,000000,19.5,19.5,19.5,19.5,60,0
GRC,D,20190801,000000,20,20,20,20,2,0
GRC,D,20190802,000000,20,20,20,20,2,0
GRC,D,20190805,000000,20,20,20,20,2,0
GRC,D,20190806,000000,19.9,19.9,19.9,19.9,5,0
GRC,D,20190807,000000,20,20,19,19.3,440,0
GRC,D,20190808,000000,19.9,19.9,18.9,18.9,502,0
GRC,D,20190809,000000,19.4,19.4,19.4,19.4,100,0
GRC,D,20190812,000000,19.2,19.2,19,19,1057,0
GRC,D,20190813,000000,19,19,18.6,18.6,1164,0
GRC,D,20190814,000000,19,19,18.9,18.9,15,0
GRC,D,20190816,000000,19,19,18,18,210,0
GRC,D,20190819,000000,18,18,18,18,1001,0
GRC,D,20190820,000000,18,18,18,18,2,0
GRC,D,20190821,000000,18,18,18,18,2,0
GRC,D,20190822,000000,18,18,18,18,2,0
GRC,D,20190823,000000,18.1,18.3,18.1,18.3,115,0
GRC,D,20190826,000000,18.8,18.8,18.8,18.8,5,0
GRC,D,20190827,000000,18.8,18.8,18.8,18.8,5,0
GRC,D,20190828,000000,18.8,20,18.4,20,205,0
GRC,D,20190829,000000,19.9,19.9,19.9,19.9,5,0
GRC,D,20190830,000000,20,20,20,20,5,0
GRC,D,20190902,000000,20,20,20,20,5,0
GRC,D,20190904,000000,20,20,18.9,18.9,115,0
GRC,D,20190905,000000,20,20,20,20,5,0
GRC,D,20190906,000000,19.9,19.9,19.9,19.9,5,0
GRC,D,20190909,000000,19.9,19.9,19.9,19.9,5,0
GRC,D,20190910,000000,19.9,19.9,19.9,19.9,5,0
GRC,D,20190911,000000,20,20,20,20,5,0
GRC,D,20190912,000000,19.9,19.9,18.6,18.6,266,0
GRC,D,20190913,000000,19.9,19.9,19.9,19.9,5,0
GRC,D,20190916,000000,19.8,19.8,18.1,18.1,175,0
GRC,D,20190917,000000,19.6,19.6,19.6,19.6,5,0
GRC,D,20190918,000000,19.4,19.4,19.4,19.4,5,0
GRC,D,20190919,000000,18.6,18.6,17.1,17.9,410,0
GRC,D,20190920,000000,19.3,19.3,18.1,18.1,130,0
GRC,D,20190923,000000,18.9,18.9,18.9,18.9,5,0
GRC,D,20190924,000000,19.8,19.8,17.9,18,3982,0
GRC,D,20190925,000000,18,18,18,18,5,0
GRC,D,20190926,000000,17.9,17.9,17.9,17.9,5,0
GRC,D,20190927,000000,17.9,17.9,17.9,17.9,5,0
GRC,D,20190930,000000,17.9,17.9,17.9,17.9,5,0
GRC,D,20191001,000000,18,18.3,18,18.3,184,0
GRC,D,20191002,000000,18,18,17.9,17.9,190,0
GRC,D,20191003,000000,17.7,18,17.7,18,79,0
GRC,D,20191004,000000,18.2,18.3,18.2,18.3,220,0
GRC,D,20191007,000000,19.1,19.1,19.1,19.1,5,0
GRC,D,20191008,000000,19.1,19.1,19.1,19.1,5,0
GRC,D,20191009,000000,19.1,19.1,18,18,1555,0
GRC,D,20191010,000000,18,18,18,18,913,0
GRC,D,20191011,000000,18,18,18,18,137,0
GRC,D,20191014,000000,17.9,17.9,17.9,17.9,15,0
GRC,D,20191015,000000,18.5,18.6,18.5,18.6,255,0
GRC,D,20191016,000000,18.8,19,18.6,19,325,0
GRC,D,20191017,000000,19.4,19.4,19.4,19.4,5,0
GRC,D,20191018,000000,19.2,19.4,19.2,19.4,175,0
GRC,D,20191021,000000,19.5,19.5,19.5,19.5,5,0
GRC,D,20191022,000000,19.5,19.5,19.5,19.5,5,0
GRC,D,20191023,000000,19.4,19.4,19.4,19.4,5,0
GRC,D,20191024,000000,19.4,19.4,19.4,19.4,5,0
GRC,D,20191025,000000,19.2,19.2,18.2,18.2,265,0
GRC,D,20191028,000000,19.2,19.2,19.2,19.2,5,0
GRC,D,20191029,000000,19.2,19.2,19.2,19.2,5,0
GRC,D,20191030,000000,19.2,19.2,18.2,18.2,105,0
GRC,D,20191031,000000,19.2,19.2,18.1,18.1,145,0
GRC,D,20191104,000000,19,19,19,19,5,0
GRC,D,20191105,000000,18.7,18.9,18.7,18.8,241,0
GRC,D,20191106,000000,19,19,19,19,3,0
GRC,D,20191107,000000,19,19,19,19,5,0
GRC,D,20191108,000000,19.1,19.1,19.1,19.1,5,0
GRC,D,20191112,000000,19.1,19.1,19.1,19.1,5,0
GRC,D,20191113,000000,19,19,18,18,1017,0
GRC,D,20191114,000000,19,19,18.9,19,505,0
GRC,D,20191115,000000,19,19,19,19,5,0
GRC,D,20191118,000000,19,19,19,19,5,0
GRC,D,20191119,000000,19.1,19.1,19.1,19.1,5,0
GRC,D,20191120,000000,19.1,19.1,19.1,19.1,5,0
GRC,D,20191121,000000,19.1,19.1,19.1,19.1,5,0
GRC,D,20191122,000000,19.1,19.1,19.1,19.1,5,0
GRC,D,20191125,000000,19,19,17.5,18.2,664,0
GRC,D,20191126,000000,17.6,17.6,17.6,17.6,5,0
GRC,D,20191127,000000,19,19,19,19,5,0
GRC,D,20191128,000000,19,19,19,19,5,0
GRC,D,20191129,000000,19.1,19.1,19.1,19.1,5,0
GRC,D,20191202,000000,18.9,18.9,18.2,18.2,125,0
GRC,D,20191203,000000,19,19,19,19,5,0
GRC,D,20191204,000000,18.9,18.9,18.9,18.9,5,0
GRC,D,20191205,000000,18.9,18.9,18.3,18.3,125,0
GRC,D,20191206,000000,18.9,18.9,18.9,18.9,5,0
GRC,D,20191209,000000,19,19,19,19,5,0
GRC,D,20191210,000000,18.9,18.9,18.9,18.9,5,0
GRC,D,20191211,000000,18.8,18.8,18.8,18.8,5,0
GRC,D,20191212,000000,18.5,18.5,18.5,18.5,5,0
GRC,D,20191213,000000,18.5,18.5,18.5,18.5,5,0
GRC,D,20191216,000000,18.4,18.4,18.4,18.4,5,0
GRC,D,20191217,000000,18.5,18.5,18.5,18.5,5,0
GRC,D,20191218,000000,18.4,18.4,17.8,18,27772,0
GRC,D,20191219,000000,18.4,18.4,18.4,18.4,5,0
GRC,D,20191220,000000,18.4,18.4,18.4,18.4,5,0
GRC,D,20191223,000000,18.4,18.4,18.4,18.4,5,0
GRC,D,20191227,000000,18.4,18.4,18,18,20,0
GRC,D,20191230,000000,18.3,18.3,18.1,18.1,57,0
GRC,D,20200102,000000,18.1,18.1,18.1,18.1,2,0
GRC,D,20200103,000000,18.1,18.1,18.1,18.1,2,0
GRC,D,20200107,000000,18.1,18.1,18,18,95,0
GRC,D,20200108,000000,18,18,18,18,910,0
GRC,D,20200109,000000,18,18.2,18,18,639,0
GRC,D,20200110,000000,18.8,18.8,18.8,18.8,5,0
GRC,D,20200113,000000,18.6,18.9,18.5,18.9,545,0
GRC,D,20200114,000000,19.1,19.1,19.1,19.1,100,0
GRC,D,20200115,000000,19.1,19.1,19.1,19.1,120,0
GRC,D,20200116,000000,19.4,23,19.2,22,430,0
GRC,D,20200117,000000,25,29.4,24,24,583,0
GRC,D,20200120,000000,26.4,26.4,23.8,23.8,357,0
GRC,D,20200121,000000,24,24,24,24,5,0
GRC,D,20200122,000000,24,24,22,23.2,453,0
GRC,D,20200123,000000,24,24,24,24,5,0
GRC,D,20200124,000000,24,24,23.6,23.6,143,0
GRC,D,20200127,000000,23.8,23.8,23.8,23.8,5,0
GRC,D,20200128,000000,23.8,23.8,23.8,23.8,5,0
GRC,D,20200129,000000,24,24,22.6,22.6,73,0
GRC,D,20200130,000000,23.4,23.4,22,22,255,0
GRC,D,20200131,000000,23.4,23.4,23.4,23.4,5,0
GRC,D,20200203,000000,22.2,22.2,22.2,22.2,55,0
GRC,D,20200206,000000,22.2,22.2,22.2,22.2,5,0
GRC,D,20200207,000000,22.2,22.2,22.2,22.2,11,0
GRC,D,20200210,000000,22.4,22.4,22.4,22.4,2,0
GRC,D,20200211,000000,22.4,22.4,22.4,22.4,2,0
GRC,D,20200212,000000,20.6,20.6,19,19.1,880,0
GRC,D,20200213,000000,19.9,19.9,19.9,19.9,2,0
GRC,D,20200214,000000,19.7,19.7,18,18.6,1054,0
GRC,D,20200217,000000,19.6,19.6,19,19,140,0
GRC,D,20200218,000000,19.6,19.6,19.6,19.6,5,0
GRC,D,20200219,000000,19.6,19.6,19.6,19.6,5,0
GRC,D,20200220,000000,19.6,19.6,18.6,18.6,65,0
GRC,D,20200221,000000,19.6,19.6,18.3,18.3,95,0
GRC,D,20200224,000000,18.3,18.3,18.1,18.1,292,0
GRC,D,20200225,000000,18.9,18.9,18.1,18.1,285,0
GRC,D,20200226,000000,18.9,18.9,17.7,17.8,455,0
GRC,D,20200227,000000,18.8,18.8,16.3,17.5,453,0
GRC,D,20200302,000000,17.5,17.5,16.5,16.5,360,0
GRC,D,20200303,000000,16.5,16.5,16.5,16.5,50,0
GRC,D,20200304,000000,16.6,16.6,16.6,16.6,20,0
GRC,D,20200305,000000,16.5,16.5,16.5,16.5,10,0
GRC,D,20200306,000000,17.2,17.2,17.2,17.2,5,0
GRC,D,20200309,000000,16.5,16.5,14.5,14.5,835,0
GRC,D,20200310,000000,15.2,17.2,14.6,15.8,410,0
GRC,D,20200311,000000,17.2,17.2,17.2,17.2,5,0
GRC,D,20200312,000000,15,15,13.6,13.7,265,0
GRC,D,20200313,000000,13.7,15.1,13.7,14.9,305,0
GRC,D,20200316,000000,13.8,13.8,13.7,13.7,230,0
GRC,D,20200317,000000,14,14,13.8,14,762,0
GRC,D,20200318,000000,15,18,14.9,14.9,115,0
GRC,D,20200319,000000,14.2,14.2,14.2,14.2,181,0
GRC,D,20200320,000000,15.1,15.1,15.1,15.1,66,0
GRC,D,20200323,000000,15.1,16,15.1,16,76,0
GRC,D,20200325,000000,16,16.1,16,16.1,145,0
GRC,D,20200331,000000,15.9,15.9,15.9,15.9,9,0
GRC,D,20200402,000000,17.2,18,17,17,257,0
GRC,D,20200403,000000,17.4,17.4,17.4,17.4,5,0
GRC,D,20200406,000000,17.4,17.4,17.4,17.4,5,0
GRC,D,20200407,000000,17.4,17.4,17.4,17.4,5,0
GRC,D,20200408,000000,17.4,17.4,17.4,17.4,5,0
GRC,D,20200409,000000,17.4,17.4,17.4,17.4,5,0
GRC,D,20200414,000000,17.4,17.4,17.4,17.4,5,0
GRC,D,20200415,000000,17.4,17.4,17.4,17.4,5,0
GRC,D,20200416,000000,17.4,17.4,16.2,16.2,450,0
GRC,D,20200417,000000,17.2,17.2,17.2,17.2,5,0
GRC,D,20200420,000000,17.2,17.2,17.2,17.2,5,0
GRC,D,20200421,000000,17.2,17.2,17.2,17.2,5,0
GRC,D,20200422,000000,17.2,17.2,17.2,17.2,5,0
GRC,D,20200423,000000,17.1,17.1,17.1,17.1,5,0
GRC,D,20200424,000000,17.1,17.1,17.1,17.1,5,0
GRC,D,20200427,000000,17.1,17.1,16.1,16.1,190,0
GRC,D,20200428,000000,16.7,17.2,14.4,17.2,371,0
GRC,D,20200429,000000,17.2,17.2,14.5,15.9,211,0
GRC,D,20200430,000000,16.2,17.2,16.2,17.2,110,0
GRC,D,20200504,000000,17.3,17.3,17.3,17.3,5,0
GRC,D,20200505,000000,17.3,17.3,17.3,17.3,5,0
GRC,D,20200506,000000,17.3,17.3,17.3,17.3,5,0
GRC,D,20200507,000000,17.3,17.3,17.3,17.3,5,0
GRC,D,20200508,000000,17.3,17.3,17.3,17.3,5,0
GRC,D,20200511,000000,17.3,17.3,17,17,75,0
GRC,D,20200512,000000,17.3,17.3,17.3,17.3,5,0
GRC,D,20200513,000000,17.3,17.3,17.3,17.3,5,0
GRC,D,20200514,000000,17.3,17.3,17.3,17.3,5,0
GRC,D,20200515,000000,17.3,18.1,17,18,929,0
GRC,D,20200518,000000,18.6,18.7,18.6,18.6,646,0
GRC,D,20200519,000000,18.9,18.9,17.7,18,204,0
GRC,D,20200520,000000,18.6,18.6,18.6,18.6,5,0
GRC,D,20200521,000000,18.6,18.6,17.9,17.9,65,0
GRC,D,20200522,000000,18.6,18.6,18.5,18.5,85,0
GRC,D,20200525,000000,18.6,18.6,17.6,18.3,103,0
GRC,D,20200526,000000,17.7,18.3,17.7,18.3,109,0
GRC,D,20200527,000000,18.6,18.6,18.6,18.6,5,0
GRC,D,20200528,000000,18.6,18.6,18.6,18.6,5,0
GRC,D,20200529,000000,18.6,18.6,18.6,18.6,5,0
GRC,D,20200601,000000,18.6,18.6,17.9,17.9,125,0
GRC,D,20200602,000000,18.5,18.5,17.8,17.8,84,0
GRC,D,20200603,000000,18.4,18.4,18.4,18.4,5,0
GRC,D,20200604,000000,18.4,18.4,18.4,18.4,15,0
GRC,D,20200605,000000,18.4,18.4,17.8,17.8,15,0
GRC,D,20200608,000000,17.8,18.5,17.8,18.5,100,0
GRC,D,20200609,000000,18.2,18.3,17.8,17.8,55,0
GRC,D,20200610,000000,18.4,18.4,18.4,18.4,5,0
GRC,D,20200615,000000,18.4,18.4,18.4,18.4,5,0
GRC,D,20200616,000000,18.4,18.4,18.4,18.4,5,0
GRC,D,20200617,000000,18.4,18.4,18.4,18.4,48,0
GRC,D,20200618,000000,18.4,18.4,18.4,18.4,5,0
GRC,D,20200619,000000,18.4,18.4,18.4,18.4,5,0
GRC,D,20200622,000000,18.4,18.4,18.4,18.4,5,0
GRC,D,20200623,000000,18.4,18.4,18.4,18.4,37,0
GRC,D,20200624,000000,17.9,17.9,17.9,17.9,60,0
GRC,D,20200625,000000,18.4,18.8,18.4,18.8,292,0
GRC,D,20200626,000000,18.8,18.8,18.7,18.7,74,0
GRC,D,20200629,000000,18.8,19.1,18.7,19.1,441,0
GRC,D,20200630,000000,19.6,19.6,19.6,19.6,5,0
GRC,D,20200701,000000,19.5,19.5,19.5,19.5,5,0
GRC,D,20200702,000000,19.4,19.4,18.1,18.4,384,0
GRC,D,20200703,000000,19.3,19.3,19.3,19.3,5,0
GRC,D,20200706,000000,19.3,19.3,19.3,19.3,2,0
GRC,D,20200707,000000,19.3,19.3,18.4,18.4,12,0
GRC,D,20200708,000000,18.4,18.4,18.4,18.4,2,0
GRC,D,20200709,000000,18.4,19.1,18.4,19.1,159,0
GRC,D,20200710,000000,19.1,19.1,19.1,19.1,27,0
GRC,D,20200713,000000,19.1,19.1,19.1,19.1,2,0
GRC,D,20200714,000000,19.1,19.1,18.2,18.2,498,0
GRC,D,20200716,000000,18.3,18.3,18.3,18.3,2,0
GRC,D,20200717,000000,18.3,18.3,18.3,18.3,1,0
GRC,D,20200720,000000,18.3,18.3,17.5,17.5,662,0
GRC,D,20200721,000000,18.2,18.3,17.8,17.8,180,0
GRC,D,20200722,000000,18.9,18.9,18.5,18.9,275,0
GRC,D,20200723,000000,19.2,19.2,18.4,18.4,125,0
GRC,D,20200724,000000,19.2,19.2,18.2,19.2,21,0
GRC,D,20200727,000000,19,19.2,19,19.2,199,0
GRC,D,20200728,000000,19.4,19.4,18,18,506,0
GRC,D,20200729,000000,18.1,19.1,18.1,19.1,105,0
GRC,D,20200730,000000,19.1,19.1,19.1,19.1,2,0
GRC,D,20200731,000000,19.1,19.1,19.1,19.1,2,0
GRC,D,20200803,000000,19.1,19.1,19,19.1,283,0
GRC,D,20200804,000000,19.5,19.5,19.5,19.5,5,0
GRC,D,20200805,000000,19.5,19.5,19.5,19.5,5,0
GRC,D,20200806,000000,19.5,19.5,18.7,18.7,134,0
GRC,D,20200807,000000,19.4,19.4,19.4,19.4,5,0
GRC,D,20200810,000000,19.4,19.4,19.4,19.4,5,0
GRC,D,20200811,000000,19.4,19.4,19.4,19.4,5,0
GRC,D,20200812,000000,19.4,23.2,18.7,22.6,3259,0
GRC,D,20200813,000000,22.4,24.4,20,24.2,1854,0
GRC,D,20200814,000000,24,24,23.4,24,400,0
GRC,D,20200817,000000,28,28,26,28,3063,0
GRC,D,20200818,000000,29.8,29.8,28.4,28.4,732,0
GRC,D,20200819,000000,27.8,28.6,27.2,28.6,154,0
GRC,D,20200820,000000,28,28,28,28,2,0
GRC,D,20200821,000000,27,28.2,25.8,28.2,906,0
GRC,D,20200824,000000,29.8,29.8,26.4,29,581,0
GRC,D,20200825,000000,30,30,30,30,4,0
GRC,D,20200826,000000,29.6,29.6,28.4,29.2,164,0
GRC,D,20200827,000000,29,29,27.2,29,72,0
GRC,D,20200828,000000,29,29,28.4,29,77,0
GRC,D,20200831,000000,29,29.8,29,29.8,673,0
GRC,D,20200901,000000,30,30,30,30,5,0
GRC,D,20200902,000000,29.8,29.8,29.8,29.8,5,0
GRC,D,20200903,000000,29.4,29.4,28.6,28.6,80,0
GRC,D,20200904,000000,29.8,29.8,26.6,28,450,0
GRC,D,20200907,000000,29.8,29.8,29.8,29.8,5,0
GRC,D,20200908,000000,29.6,29.6,25.4,26,535,0
GRC,D,20200909,000000,27,27,24.6,27,291,0
GRC,D,20200910,000000,29.4,29.4,29.4,29.4,5,0
GRC,D,20200911,000000,27.2,27.2,27.2,27.2,5,0
GRC,D,20200914,000000,29.6,29.6,29.6,29.6,5,0
GRC,D,20200915,000000,29.6,29.6,29.6,29.6,5,0
GRC,D,20200916,000000,29.6,29.6,29.6,29.6,5,0
GRC,D,20200917,000000,29.6,29.6,29.6,29.6,5,0
GRC,D,20200918,000000,29.6,29.6,29.6,29.6,5,0
GRC,D,20200921,000000,29.4,29.4,29.4,29.4,5,0
GRC,D,20200922,000000,29.6,29.6,29.6,29.6,5,0
GRC,D,20200923,000000,29.8,29.8,29.8,29.8,5,0
GRC,D,20200924,000000,29.8,29.8,27.4,29.6,91,0
GRC,D,20200925,000000,29.6,29.6,29.6,29.6,5,0
GRC,D,20200928,000000,28,28,27,27.4,180,0
GRC,D,20200929,000000,28,28,28,28,5,0
GRC,D,20200930,000000,28,28,26.8,26.8,122,0
GRC,D,20201001,000000,28,28,28,28,5,0
GRC,D,20201002,000000,28,28,27,27,465,0
GRC,D,20201005,000000,28,28,28,28,5,0
GRC,D,20201006,000000,28,28,28,28,5,0
GRC,D,20201007,000000,26.6,26.6,26.6,26.6,42,0
GRC,D,20201008,000000,26.6,27.8,26.6,27.8,89,0
GRC,D,20201009,000000,27.6,27.6,27.6,27.6,5,0
GRC,D,20201012,000000,27.6,27.6,27.2,27.2,20,0
GRC,D,20201013,000000,27.6,27.6,27.6,27.6,145,0
GRC,D,20201014,000000,26.8,26.8,26.8,26.8,340,0
GRC,D,20201015,000000,26.8,26.8,26.8,26.8,5,0
GRC,D,20201016,000000,26.8,26.8,26.2,26.2,166,0
