<TICKER>,<PER>,<DATE>,<TIME>,<OPEN>,<HIGH>,<LOW>,<CLOSE>,<VOL>,<OPENINT>
GWR,D,20100216,000000,2.8044,2.8088,2.2427,2.6964,25956,0
GWR,D,20100217,000000,2.6921,2.6921,2.4198,2.4198,5462,0
GWR,D,20100218,000000,2.584,2.6835,2.584,2.6835,693,0
GWR,D,20100219,000000,2.6359,2.7743,2.4674,2.4716,2355,0
GWR,D,20100222,000000,2.6273,2.6273,2.5063,2.5063,1212,0
GWR,D,20100223,000000,2.5063,2.5798,2.4113,2.5798,4693,0
GWR,D,20100224,000000,2.5754,2.5754,2.5149,2.5149,207,0
GWR,D,20100225,000000,2.5149,2.5149,2.4113,2.4156,1124,0
GWR,D,20100226,000000,2.5149,2.5149,2.4113,2.4113,1264,0
GWR,D,20100301,000000,2.4977,2.4977,2.4502,2.4502,606,0
GWR,D,20100302,000000,2.5496,2.5496,2.3983,2.3983,1307,0
GWR,D,20100303,000000,2.4716,2.4716,2.4716,2.4716,199,0
GWR,D,20100304,000000,2.4716,2.4716,2.4716,2.4716,199,0
GWR,D,20100305,000000,2.5236,2.5236,2.4631,2.4631,207,0
GWR,D,20100308,000000,2.5236,2.5236,2.4631,2.4631,212,0
GWR,D,20100309,000000,2.5236,2.6056,2.5236,2.6056,1197,0
GWR,D,20100310,000000,2.7656,3.0033,2.6402,3.0033,2859,0
GWR,D,20100311,000000,2.8044,2.8044,2.7353,2.7353,681,0
GWR,D,20100312,000000,2.8044,2.8044,2.4977,2.6056,6111,0
GWR,D,20100315,000000,2.6446,2.6663,2.5667,2.5667,6683,0
GWR,D,20100316,000000,2.6791,2.6791,2.4025,2.5236,10013,0
GWR,D,20100317,000000,2.5798,2.5798,2.3636,2.3636,2096,0
GWR,D,20100318,000000,2.4156,2.4156,2.3033,2.3033,1671,0
GWR,D,20100319,000000,2.476,2.476,2.4156,2.4156,452,0
GWR,D,20100322,000000,2.476,2.476,2.4458,2.4458,255,0
GWR,D,20100323,000000,2.4458,2.4458,2.4458,2.4458,12,0
GWR,D,20100324,000000,2.4371,2.4371,2.4371,2.4371,12,0
GWR,D,20100325,000000,2.4371,2.4371,2.2082,2.2082,72,0
GWR,D,20100326,000000,2.4371,2.4371,2.4371,2.4371,12,0
GWR,D,20100329,000000,2.4371,2.476,2.4371,2.476,843,0
GWR,D,20100330,000000,2.2297,2.4502,2.044,2.3248,4107,0
GWR,D,20100331,000000,2.4025,2.4025,2.4025,2.4025,2,0
GWR,D,20100401,000000,2.4025,2.4025,2.1217,2.4025,2633,0
GWR,D,20100406,000000,2.4025,2.4025,2.4025,2.4025,12,0
GWR,D,20100407,000000,2.4025,2.4025,2.2039,2.2039,7491,0
GWR,D,20100408,000000,2.3983,2.4674,2.2686,2.4025,5904,0
GWR,D,20100409,000000,2.4025,2.4025,2.3033,2.3033,1179,0
GWR,D,20100412,000000,2.3983,2.3983,2.3939,2.3939,217,0
GWR,D,20100413,000000,2.3983,2.3983,2.2859,2.3033,15223,0
GWR,D,20100414,000000,2.2859,2.2859,2.2859,2.2859,5128,0
GWR,D,20100415,000000,2.3897,2.3897,2.0829,2.2039,17997,0
GWR,D,20100416,000000,2.2039,2.2039,2.2039,2.2039,6486,0
GWR,D,20100419,000000,2.2039,2.2039,2.2039,2.2039,403,0
GWR,D,20100420,000000,2.2039,2.2039,2.2039,2.2039,5272,0
GWR,D,20100421,000000,2.4631,2.4631,2.3033,2.3766,3980,0
GWR,D,20100422,000000,2.4415,2.4415,2.2946,2.2989,8390,0
GWR,D,20100423,000000,2.4415,2.4415,2.3377,2.3377,3618,0
GWR,D,20100426,000000,2.3335,2.3335,2.2039,2.2039,14065,0
GWR,D,20100427,000000,2.234,2.234,2.234,2.234,13983,0
GWR,D,20100428,000000,2.2729,2.2729,2.2039,2.2039,1485,0
GWR,D,20100429,000000,2.2039,2.2039,2.2039,2.2039,2,0
GWR,D,20100430,000000,2.2039,2.2039,2.1519,2.1519,224,0
GWR,D,20100504,000000,2.2039,2.2039,2.2039,2.2039,2,0
GWR,D,20100505,000000,2.2039,2.2039,2.0872,2.0872,1456,0
GWR,D,20100506,000000,2.1519,2.1519,2.1519,2.1519,232,0
GWR,D,20100507,000000,2.1519,2.1519,2.1519,2.1519,232,0
GWR,D,20100510,000000,2.2039,2.2039,2.1519,2.1519,236,0
GWR,D,20100511,000000,2.1995,2.1995,2.1477,2.1477,236,0
GWR,D,20100512,000000,2.1995,2.1995,2.1477,2.1477,239,0
GWR,D,20100513,000000,2.1995,2.1995,2.1088,2.1088,635,0
GWR,D,20100514,000000,2.1995,2.2039,2.1995,2.2039,950,0
GWR,D,20100517,000000,2.2039,2.2039,2.1519,2.1519,236,0
GWR,D,20100518,000000,2.1606,2.1606,2.1088,2.1088,257,0
GWR,D,20100519,000000,2.1606,2.1606,2.1606,2.1606,2,0
GWR,D,20100520,000000,2.2039,2.2039,2.1173,2.1173,711,0
GWR,D,20100521,000000,2.1606,2.1606,2.1606,2.1606,579,0
GWR,D,20100524,000000,2.1823,2.1823,2.0742,2.0742,698,0
GWR,D,20100525,000000,2.1606,2.1606,2.0482,2.0482,1879,0
GWR,D,20100526,000000,2.1304,2.1304,2.0527,2.0527,2926,0
GWR,D,20100527,000000,2.1173,2.1173,2.0656,2.0656,248,0
GWR,D,20100528,000000,2.1173,2.1173,2.1173,2.1173,2,0
GWR,D,20100531,000000,2.1519,2.1519,2.0959,2.0959,1447,0
GWR,D,20100601,000000,2.2039,2.2039,2.1131,2.1131,1444,0
GWR,D,20100602,000000,2.1173,2.1173,2.0742,2.0742,194,0
GWR,D,20100604,000000,2.1173,2.1173,2.0527,2.0527,540,0
GWR,D,20100607,000000,2.1173,2.1173,2.1173,2.1173,26,0
GWR,D,20100608,000000,2.1173,2.1173,2.1173,2.1173,22,0
GWR,D,20100609,000000,2.1173,2.1173,2.1173,2.1173,920,0
GWR,D,20100610,000000,2.1173,2.1173,2.1173,2.1173,34,0
GWR,D,20100611,000000,2.1173,2.1173,2.1173,2.1173,3,0
GWR,D,20100614,000000,2.1173,2.1173,2.1173,2.1173,24,0
GWR,D,20100615,000000,2.1173,2.1173,2.1173,2.1173,2,0
GWR,D,20100616,000000,2.1173,2.1173,2.1173,2.1173,2,0
GWR,D,20100617,000000,2.1173,2.1173,2.1173,2.1173,24,0
GWR,D,20100618,000000,2.1173,2.1173,2.0656,2.0656,9,0
GWR,D,20100621,000000,2.1173,2.1173,2.1173,2.1173,2,0
GWR,D,20100622,000000,2.1173,2.1173,2.1173,2.1173,3,0
GWR,D,20100623,000000,2.1173,2.1173,2.1173,2.1173,2,0
GWR,D,20100624,000000,2.1173,2.1173,2.1173,2.1173,12,0
GWR,D,20100625,000000,2.1173,2.1173,2.1173,2.1173,2,0
GWR,D,20100628,000000,2.1173,2.1173,2.1173,2.1173,12,0
GWR,D,20100629,000000,2.1173,2.1173,2.1173,2.1173,2,0
GWR,D,20100630,000000,2.1173,2.1173,2.1173,2.1173,2,0
GWR,D,20100701,000000,2.1173,2.1173,2.1173,2.1173,2,0
GWR,D,20100702,000000,2.1173,2.1173,2.1173,2.1173,1,0
GWR,D,20100705,000000,2.1173,2.1173,2.1173,2.1173,3,0
GWR,D,20100706,000000,2.1173,2.1173,2.1173,2.1173,114,0
GWR,D,20100707,000000,2.1995,2.1995,2.1995,2.1995,225,0
GWR,D,20100708,000000,2.2427,2.2427,2.2427,2.2427,2,0
GWR,D,20100709,000000,2.2427,2.2427,2.1173,2.1519,2692,0
GWR,D,20100712,000000,2.2427,2.2427,2.1606,2.1606,1550,0
GWR,D,20100713,000000,2.2427,2.2427,2.1909,2.2039,1075,0
GWR,D,20100714,000000,2.2383,2.2383,2.2383,2.2383,1,0
GWR,D,20100715,000000,2.2039,2.2039,2.2039,2.2039,1391,0
GWR,D,20100716,000000,2.2383,2.2383,2.2383,2.2383,2,0
GWR,D,20100719,000000,2.2383,2.2383,2.2383,2.2383,9,0
GWR,D,20100720,000000,2.2383,2.2383,2.2383,2.2383,3,0
GWR,D,20100721,000000,2.2383,2.2383,2.2383,2.2383,145,0
GWR,D,20100722,000000,2.2383,2.2383,2.2383,2.2383,20,0
GWR,D,20100723,000000,2.2383,2.2383,2.2383,2.2383,9,0
GWR,D,20100726,000000,2.2383,2.2383,2.1866,2.2383,221,0
GWR,D,20100727,000000,2.2427,2.2427,2.1519,2.2383,827,0
GWR,D,20100728,000000,2.2383,2.2383,2.2383,2.2383,17,0
GWR,D,20100729,000000,2.2383,2.2383,2.2383,2.2383,34,0
GWR,D,20100730,000000,2.2383,2.2383,2.1563,2.1563,63,0
GWR,D,20100802,000000,2.2383,2.2383,2.1477,2.1477,931,0
GWR,D,20100803,000000,2.2383,2.2383,2.2383,2.2383,1,0
GWR,D,20100804,000000,2.2383,2.2383,2.2383,2.2383,1,0
GWR,D,20100805,000000,2.2383,2.2383,2.2383,2.2383,1,0
GWR,D,20100806,000000,2.2383,2.2383,2.2383,2.2383,2,0
GWR,D,20100809,000000,2.2383,2.2383,2.2383,2.2383,24,0
GWR,D,20100810,000000,2.2383,2.2383,2.2383,2.2383,1,0
GWR,D,20100811,000000,2.2383,2.2383,2.2383,2.2383,1,0
GWR,D,20100812,000000,2.2383,2.2383,2.1477,2.1477,1236,0
GWR,D,20100813,000000,2.2383,2.2383,2.2383,2.2383,2,0
GWR,D,20100816,000000,2.2383,2.2383,2.1866,2.2383,74,0
GWR,D,20100817,000000,2.2383,2.2383,2.2383,2.2383,2,0
GWR,D,20100818,000000,2.2383,2.2383,2.2383,2.2383,2,0
GWR,D,20100819,000000,2.2383,2.2383,2.2383,2.2383,20,0
GWR,D,20100820,000000,2.2383,2.2383,2.2383,2.2383,12,0
GWR,D,20100823,000000,2.2383,2.2383,2.2383,2.2383,236,0
GWR,D,20100824,000000,2.2383,2.2383,2.2383,2.2383,2,0
GWR,D,20100825,000000,2.2383,2.2383,2.2383,2.2383,1,0
GWR,D,20100826,000000,2.2383,2.2383,2.2383,2.2383,2,0
GWR,D,20100827,000000,2.2383,2.2383,2.2383,2.2383,24,0
GWR,D,20100830,000000,2.2383,2.2383,2.2383,2.2383,2,0
GWR,D,20100831,000000,2.2383,2.2383,2.2383,2.2383,2,0
GWR,D,20100901,000000,2.234,2.234,2.234,2.234,2,0
GWR,D,20100902,000000,2.2383,2.2383,2.2383,2.2383,2,0
GWR,D,20100903,000000,2.2383,2.2383,2.2383,2.2383,22,0
GWR,D,20100906,000000,2.2383,2.2383,2.2383,2.2383,2,0
GWR,D,20100907,000000,2.2383,2.5021,2.2383,2.5021,5260,0
GWR,D,20100908,000000,2.342,2.3723,2.1823,2.1823,2765,0
GWR,D,20100909,000000,2.1823,2.1823,2.1823,2.1823,232,0
GWR,D,20100910,000000,2.1823,2.1823,2.0656,2.0656,119,0
GWR,D,20100913,000000,2.1823,2.1823,2.0613,2.1823,3836,0
GWR,D,20100914,000000,2.1823,2.1823,2.1823,2.1823,9,0
GWR,D,20100915,000000,2.1823,2.1823,2.1823,2.1823,2,0
GWR,D,20100916,000000,2.1823,2.5754,2.1606,2.1606,15342,0
GWR,D,20100917,000000,2.1606,2.4847,2.0786,2.1823,8108,0
GWR,D,20100920,000000,2.1779,2.1779,2.1779,2.1779,24,0
GWR,D,20100921,000000,2.1779,2.1823,1.7458,1.9835,9745,0
GWR,D,20100922,000000,2.1823,2.1823,2.057,2.1779,7779,0
GWR,D,20100923,000000,2.1823,2.1823,2.1823,2.1823,2073,0
GWR,D,20100924,000000,2.1823,2.1823,2.1823,2.1823,3,0
GWR,D,20100927,000000,2.1823,2.1823,2.0527,2.1823,1632,0
GWR,D,20100928,000000,2.1823,2.1823,2.1823,2.1823,2,0
GWR,D,20100929,000000,2.1823,2.1823,2.1823,2.1823,2,0
GWR,D,20100930,000000,2.1823,2.1823,2.0527,2.0527,1644,0
GWR,D,20101001,000000,2.1823,2.1823,2.1304,2.1304,1642,0
GWR,D,20101004,000000,2.1823,2.2902,2.1823,2.2902,13418,0
GWR,D,20101005,000000,2.2859,2.2902,2.0613,2.1823,7623,0
GWR,D,20101006,000000,2.1779,2.1779,2.1779,2.1779,931,0
GWR,D,20101007,000000,2.1779,2.1779,2.1779,2.1779,83,0
GWR,D,20101008,000000,2.1779,2.1779,2.1779,2.1779,2,0
GWR,D,20101011,000000,2.1779,2.1779,2.1779,2.1779,1,0
GWR,D,20101012,000000,2.1779,2.1779,2.1779,2.1779,1,0
GWR,D,20101013,000000,2.1779,2.1779,2.1779,2.1779,2,0
GWR,D,20101014,000000,2.1823,2.1823,2.1823,2.1823,2,0
GWR,D,20101015,000000,2.1779,2.1779,2.1779,2.1779,1,0
GWR,D,20101018,000000,2.1779,2.1779,2.1779,2.1779,2,0
GWR,D,20101019,000000,2.1779,2.3853,2.1304,2.1823,380219,0
GWR,D,20101020,000000,2.355,2.355,2.057,2.057,3,0
GWR,D,20101021,000000,2.1173,2.2989,2.0613,2.2557,6028,0
GWR,D,20101022,000000,2.3593,2.3593,2.0613,2.3593,32377,0
GWR,D,20101025,000000,2.0613,2.4198,2.0613,2.4198,7352,0
GWR,D,20101026,000000,2.5322,2.5322,2.2773,2.528,13468,0
GWR,D,20101027,000000,2.5496,2.5496,2.528,2.528,8452,0
GWR,D,20101028,000000,2.528,2.528,2.4198,2.528,2102,0
GWR,D,20101029,000000,2.1237,2.5269,2.1237,2.5269,1164,0
GWR,D,20101102,000000,2.528,2.6491,2.528,2.6491,21634,0
GWR,D,20101103,000000,2.7958,2.7958,2.6533,2.7872,2993,0
GWR,D,20101104,000000,2.7872,2.9773,2.7872,2.8737,10062,0
GWR,D,20101105,000000,2.9773,2.9773,2.839,2.839,2198,0
GWR,D,20101108,000000,2.9731,2.9731,2.7268,2.8478,3016,0
GWR,D,20101109,000000,2.8478,2.8478,2.4113,2.7872,27113,0
GWR,D,20101110,000000,2.8478,2.8478,2.5711,2.5711,3675,0
GWR,D,20101112,000000,2.6835,2.6835,2.4198,2.5409,17804,0
GWR,D,20101115,000000,2.5496,2.5496,2.4415,2.4415,14605,0
GWR,D,20101116,000000,2.4415,2.4415,2.3205,2.4415,711,0
GWR,D,20101117,000000,2.4415,2.4415,2.4415,2.4415,1,0
GWR,D,20101118,000000,2.4415,2.4415,2.4415,2.4415,1380,0
GWR,D,20101119,000000,2.4415,2.4415,2.3248,2.4113,1164,0
GWR,D,20101122,000000,2.4113,2.4243,2.1823,2.3033,7640,0
GWR,D,20101123,000000,2.3033,2.3033,2.3033,2.3033,15,0
GWR,D,20101124,000000,2.3033,2.3033,2.3033,2.3033,2,0
GWR,D,20101125,000000,2.3033,2.3033,2.3033,2.3033,2,0
GWR,D,20101126,000000,2.3033,2.3033,2.3033,2.3033,43,0
GWR,D,20101129,000000,2.3033,2.3033,2.3033,2.3033,1301,0
GWR,D,20101130,000000,2.3033,2.4415,2.3033,2.4415,21093,0
GWR,D,20101201,000000,2.2211,2.5496,2.2211,2.5496,11127,0
GWR,D,20101202,000000,2.4371,2.4371,2.4198,2.4371,736,0
GWR,D,20101203,000000,2.4371,2.4371,2.4371,2.4371,34,0
GWR,D,20101206,000000,2.4371,2.4371,2.4371,2.4371,2,0
GWR,D,20101207,000000,2.4371,2.4371,2.0742,2.1519,12910,0
GWR,D,20101208,000000,2.381,2.4415,2.165,2.3766,9914,0
GWR,D,20101209,000000,2.4371,2.5149,2.2427,2.5149,41474,0
GWR,D,20101210,000000,2.5149,2.5149,2.3075,2.5107,8943,0
GWR,D,20101213,000000,2.4544,2.5149,2.3033,2.5149,23869,0
GWR,D,20101214,000000,2.5149,2.6013,2.4113,2.5496,21036,0
GWR,D,20101215,000000,2.6013,2.6013,2.3248,2.584,24884,0
GWR,D,20101216,000000,2.584,2.6143,2.4415,2.6143,2758,0
GWR,D,20101217,000000,2.6143,2.6143,2.4415,2.5409,1584,0
GWR,D,20101220,000000,2.6143,2.6143,2.6013,2.6013,1205,0
GWR,D,20101221,000000,2.6101,2.6101,2.3205,2.4847,12677,0
GWR,D,20101222,000000,2.4803,2.4847,2.0742,2.4847,20531,0
GWR,D,20101223,000000,2.4243,2.4803,2.1304,2.3593,26119,0
GWR,D,20101227,000000,2.355,2.355,2.2383,2.2383,4794,0
GWR,D,20101228,000000,2.2383,2.2383,2.2383,2.2383,3,0
GWR,D,20101229,000000,2.234,2.2383,2.165,2.2383,3183,0
GWR,D,20101230,000000,2.2383,2.2383,2.2383,2.2383,2320,0
GWR,D,20101231,000000,2.2363,2.4847,2.1425,2.194,71113,0
GWR,D,20110103,000000,2.1606,2.1606,2.1606,2.1606,23142,0
GWR,D,20110104,000000,2.381,2.381,2.1217,2.1693,15244,0
GWR,D,20110105,000000,2.1693,2.1693,2.1693,2.1693,3,0
GWR,D,20110107,000000,2.1693,2.3593,2.1173,2.355,11880,0
GWR,D,20110110,000000,2.2902,2.2902,2.1217,2.1606,2088,0
GWR,D,20110111,000000,2.1606,2.1606,2.1563,2.1563,2551,0
GWR,D,20110112,000000,2.1563,2.1563,2.1563,2.1563,3,0
GWR,D,20110113,000000,2.1563,2.1563,1.7285,2.1519,8675,0
GWR,D,20110114,000000,2.0527,2.1519,1.9663,2.1519,3076,0
GWR,D,20110117,000000,2.139,2.1477,1.9316,2.139,5523,0
GWR,D,20110118,000000,2.1304,2.1347,1.7112,2.1045,6961,0
GWR,D,20110119,000000,2.0786,2.0829,1.776,2.0829,2934,0
GWR,D,20110120,000000,1.992,2.1347,1.8582,2.044,14457,0
GWR,D,20110121,000000,2.1433,2.1519,1.884,2.1433,5588,0
GWR,D,20110124,000000,2.1477,2.1477,1.91,2.1347,7450,0
GWR,D,20110125,000000,2.1477,2.1477,1.9575,2.1477,4217,0
GWR,D,20110126,000000,2.1173,2.1173,1.9792,2.1173,5430,0
GWR,D,20110127,000000,2.1131,2.1173,2.0527,2.1173,1508,0
GWR,D,20110128,000000,2.0137,2.1173,2.0137,2.1173,2959,0
GWR,D,20110131,000000,2.1425,2.1518,1.7017,2.0299,9260,0
GWR,D,20110201,000000,2.0354,2.0396,1.8452,1.9835,6821,0
GWR,D,20110202,000000,1.9705,1.9705,1.9705,1.9705,681,0
GWR,D,20110203,000000,1.9792,1.9792,1.923,1.923,1392,0
GWR,D,20110204,000000,1.9835,1.9835,1.7716,1.8278,6444,0
GWR,D,20110207,000000,1.9575,2.0354,1.5124,1.9014,14955,0
GWR,D,20110208,000000,1.9835,2.1563,1.9446,2.1563,12332,0
GWR,D,20110209,000000,2.1606,2.1606,2.1606,2.1606,6975,0
GWR,D,20110210,000000,2.1563,2.1563,2.1563,2.1563,1,0
GWR,D,20110211,000000,2.1563,2.1563,2.1563,2.1563,1,0
GWR,D,20110214,000000,2.1563,2.1606,1.8409,2.1261,13928,0
GWR,D,20110215,000000,2.1088,2.3291,2.0267,2.3291,9718,0
GWR,D,20110216,000000,2.26,2.2686,2.0309,2.2686,8512,0
GWR,D,20110217,000000,2.2124,2.26,1.9663,1.9663,1658,0
GWR,D,20110218,000000,2.1131,2.355,2.0093,2.355,9219,0
GWR,D,20110221,000000,2.4371,2.6964,2.4371,2.6317,7505,0
GWR,D,20110222,000000,2.6143,2.6143,2.5496,2.5927,5397,0
GWR,D,20110223,000000,2.6143,2.8088,2.5884,2.8088,6955,0
GWR,D,20110224,000000,2.8088,3.0249,2.4933,2.8044,14737,0
GWR,D,20110225,000000,2.7743,2.8434,2.2816,2.8434,8663,0
GWR,D,20110228,000000,2.7743,2.9256,2.6663,2.9256,8620,0
GWR,D,20110301,000000,2.9515,3.0249,2.9515,2.9515,7650,0
GWR,D,20110302,000000,2.9299,2.9299,2.7786,2.9299,1647,0
GWR,D,20110303,000000,2.9256,2.9256,2.9256,2.9256,1,0
GWR,D,20110304,000000,2.9256,2.9256,2.9256,2.9256,2,0
GWR,D,20110307,000000,2.9211,2.9256,2.8521,2.9256,180,0
GWR,D,20110308,000000,2.9256,2.9256,2.8348,2.891,927,0
GWR,D,20110309,000000,2.9211,2.9299,2.8348,2.9299,546,0
GWR,D,20110310,000000,2.9299,3.0205,2.9299,3.0205,2,0
GWR,D,20110311,000000,3.0205,3.0205,3.0205,3.0205,1,0
GWR,D,20110314,000000,3.0205,3.0205,2.9168,2.9299,635,0
GWR,D,20110315,000000,3.0119,3.0119,2.8607,2.9384,196,0
GWR,D,20110316,000000,3.0162,3.0162,2.8304,2.8304,1233,0
GWR,D,20110317,000000,3.0119,3.0119,2.8434,2.8434,1076,0
GWR,D,20110318,000000,2.8088,2.8088,2.8088,2.8088,7026,0
GWR,D,20110321,000000,2.7483,2.7483,2.7483,2.7483,23,0
GWR,D,20110322,000000,2.7483,2.9428,2.7483,2.9428,171,0
GWR,D,20110323,000000,2.9299,2.9299,2.9299,2.9299,141,0
GWR,D,20110324,000000,2.9818,2.9818,2.9818,2.9818,1,0
GWR,D,20110325,000000,2.9428,3.0162,2.9428,3.0162,284,0
GWR,D,20110328,000000,3.0162,3.0162,2.5452,2.718,6128,0
GWR,D,20110329,000000,2.7958,2.7958,2.2167,2.4113,3881,0
GWR,D,20110330,000000,2.528,2.6663,2.2124,2.6663,3041,0
GWR,D,20110331,000000,2.5503,2.7988,2.3206,2.5879,3738,0
GWR,D,20110401,000000,2.5884,2.5884,2.5884,2.5884,1,0
GWR,D,20110404,000000,2.5884,2.8694,2.5884,2.718,1631,0
GWR,D,20110405,000000,2.7224,2.7224,2.7224,2.7224,1,0
GWR,D,20110406,000000,2.8132,2.8737,2.3248,2.5927,3713,0
GWR,D,20110407,000000,2.5927,2.5927,2.5927,2.5927,1,0
GWR,D,20110408,000000,2.5927,2.5927,2.3766,2.5927,6843,0
GWR,D,20110411,000000,2.5927,2.5927,2.476,2.5582,1084,0
GWR,D,20110412,000000,2.5927,2.5927,2.5927,2.5927,1,0
GWR,D,20110413,000000,2.5927,2.8822,2.3897,2.7656,6748,0
GWR,D,20110414,000000,2.6491,2.8822,2.4544,2.8737,5340,0
GWR,D,20110415,000000,2.865,2.8737,2.5582,2.8737,2088,0
GWR,D,20110418,000000,2.8737,2.8737,2.5107,2.8261,4661,0
GWR,D,20110419,000000,2.8737,2.8737,2.5149,2.8737,2125,0
GWR,D,20110420,000000,2.8737,2.891,2.5107,2.5971,8210,0
GWR,D,20110421,000000,2.8694,2.8953,2.6359,2.6359,3156,0
GWR,D,20110426,000000,2.8953,2.8953,2.6359,2.8434,3796,0
GWR,D,20110427,000000,2.891,2.891,2.744,2.744,1974,0
GWR,D,20110428,000000,2.744,2.744,2.744,2.744,232,0
GWR,D,20110429,000000,2.7425,2.7425,2.5925,2.5925,2918,0
GWR,D,20110502,000000,2.5927,2.5927,2.3766,2.5927,3054,0
GWR,D,20110504,000000,2.5927,2.5927,2.2989,2.3766,6841,0
GWR,D,20110505,000000,2.3766,2.3766,2.3766,2.3766,1157,0
GWR,D,20110506,000000,2.3723,2.3723,2.3723,2.3723,232,0
GWR,D,20110509,000000,2.3723,2.3723,2.3723,2.3723,115,0
GWR,D,20110510,000000,2.3723,2.3723,2.3723,2.3723,172,0
GWR,D,20110511,000000,2.3681,2.3681,2.3681,2.3681,92,0
GWR,D,20110512,000000,2.3681,2.3681,2.3681,2.3681,47,0
GWR,D,20110513,000000,2.3593,2.3593,2.2124,2.3335,2386,0
GWR,D,20110516,000000,2.3377,2.3377,2.3377,2.3377,82,0
GWR,D,20110517,000000,2.3291,2.3291,1.9663,2.1951,3763,0
GWR,D,20110518,000000,2.1951,2.1951,2.1951,2.1951,1292,0
GWR,D,20110519,000000,1.9663,2.1866,1.5816,2.139,7039,0
GWR,D,20110520,000000,2.1951,2.1951,1.75,2.1173,3381,0
GWR,D,20110523,000000,2.1477,2.1477,2.1477,2.1477,92,0
GWR,D,20110524,000000,2.1477,2.1951,1.9705,2.1173,2829,0
GWR,D,20110525,000000,2.1951,2.1951,1.992,1.992,5140,0
GWR,D,20110526,000000,2.1951,2.1951,2.1606,2.1951,3281,0
GWR,D,20110527,000000,2.1951,2.3335,2.0008,2.1261,6158,0
GWR,D,20110530,000000,2.2773,2.3291,2.1261,2.2902,3106,0
GWR,D,20110531,000000,2.3347,2.3347,2.1284,2.1284,2665,0
GWR,D,20110601,000000,2.1261,2.1606,2.1261,2.1606,2361,0
GWR,D,20110602,000000,2.1606,2.2039,2.1606,2.2039,2339,0
GWR,D,20110603,000000,2.1304,2.2039,2.1304,2.2039,5587,0
GWR,D,20110606,000000,2.2039,2.2039,2.1261,2.1261,2339,0
GWR,D,20110607,000000,2.1261,2.1995,2.0051,2.1995,2073,0
GWR,D,20110608,000000,2.1995,2.1995,2.0051,2.1995,1546,0
GWR,D,20110609,000000,2.1477,2.1995,2.1217,2.1995,1217,0
GWR,D,20110610,000000,1.992,2.0482,1.7631,2.0309,3765,0
GWR,D,20110613,000000,2.0482,2.4113,1.8452,2.4113,4001,0
GWR,D,20110614,000000,2.4371,2.4371,2.0829,2.1347,2432,0
GWR,D,20110615,000000,2.0786,2.1519,1.8452,2.0223,11300,0
GWR,D,20110616,000000,1.9783,2.0253,1.7441,2.0253,1907,0
GWR,D,20110617,000000,1.8927,1.8927,1.7716,1.8927,1442,0
GWR,D,20110620,000000,1.7847,1.7847,1.7673,1.7673,4261,0
GWR,D,20110621,000000,1.7673,1.7673,1.7673,1.7673,257,0
GWR,D,20110622,000000,1.7673,1.7673,1.7285,1.7285,579,0
GWR,D,20110624,000000,1.7199,1.7631,1.3828,1.7458,3077,0
GWR,D,20110627,000000,1.7415,1.7415,1.4734,1.6853,3462,0
GWR,D,20110628,000000,1.6722,1.6853,1.6722,1.6853,232,0
GWR,D,20110629,000000,1.7458,1.7458,1.7458,1.7458,12,0
GWR,D,20110630,000000,1.6831,1.7441,1.5986,1.7441,743,0
GWR,D,20110701,000000,1.7458,1.7458,1.7458,1.7458,23,0
GWR,D,20110704,000000,1.7458,1.7458,1.7242,1.7285,583,0
GWR,D,20110705,000000,1.7631,1.7631,1.75,1.75,1252,0
GWR,D,20110706,000000,1.7673,1.7673,1.7299,1.7299,839,0
GWR,D,20110707,000000,1.7673,1.7673,1.7285,1.7328,1387,0
GWR,D,20110708,000000,1.6853,1.7285,1.6853,1.7285,57,0
GWR,D,20110711,000000,1.6853,1.6853,1.4734,1.5124,2754,0
GWR,D,20110712,000000,1.5038,1.7673,1.5038,1.5038,37,0
GWR,D,20110713,000000,1.5297,1.5642,1.5297,1.5642,255,0
GWR,D,20110714,000000,1.5729,1.7673,1.5557,1.5685,7424,0
GWR,D,20110715,000000,1.5038,2.0916,1.5038,2.0396,8177,0
GWR,D,20110718,000000,1.8192,2.0309,1.815,2.0309,5097,0
GWR,D,20110719,000000,1.9596,1.9596,1.6267,1.7253,7867,0
GWR,D,20110720,000000,1.7285,1.7285,1.7068,1.7068,464,0
GWR,D,20110721,000000,1.6118,1.9619,1.6118,1.8582,6107,0
GWR,D,20110722,000000,1.7976,1.9446,1.7976,1.9446,2339,0
GWR,D,20110725,000000,1.9402,1.9402,1.8236,1.9402,2939,0
GWR,D,20110726,000000,1.9408,1.9457,1.8143,1.9457,7035,0
GWR,D,20110727,000000,1.9402,1.9402,1.8797,1.8797,2511,0
GWR,D,20110728,000000,1.9408,2.1518,1.8799,2.105,3492,0
GWR,D,20110729,000000,2.0814,2.0814,2.0299,2.0534,2339,0
GWR,D,20110801,000000,2.0872,2.1606,1.9532,2.1519,2368,0
GWR,D,20110802,000000,2.1518,2.1518,2.1518,2.1518,23,0
GWR,D,20110803,000000,2.1519,2.1519,1.815,1.897,8444,0
GWR,D,20110804,000000,1.8986,1.8986,1.7956,1.7956,2297,0
GWR,D,20110805,000000,1.776,1.815,1.776,1.815,715,0
GWR,D,20110808,000000,1.7716,1.7716,1.6507,1.7716,3793,0
GWR,D,20110809,000000,1.7716,1.7716,1.7716,1.7716,373,0
GWR,D,20110810,000000,1.8711,1.8711,1.7285,1.7285,1854,0
GWR,D,20110811,000000,1.7285,1.9446,1.7285,1.9446,2144,0
GWR,D,20110812,000000,1.9446,1.9446,1.8062,1.8062,1425,0
GWR,D,20110816,000000,1.8582,1.9792,1.7285,1.9792,2402,0
GWR,D,20110817,000000,1.9792,2.2124,1.7933,2.2124,2364,0
GWR,D,20110818,000000,2.1347,2.1347,1.9446,2.0051,1658,0
GWR,D,20110819,000000,1.884,1.9446,1.884,1.9446,47,0
GWR,D,20110822,000000,1.884,1.9878,1.884,1.9878,1680,0
GWR,D,20110823,000000,1.9878,1.9878,1.8797,1.923,579,0
GWR,D,20110824,000000,1.8668,1.923,1.8668,1.923,138,0
GWR,D,20110825,000000,1.8668,1.923,1.8668,1.923,80,0
GWR,D,20110826,000000,2.119,2.119,1.8986,2.119,1405,0
GWR,D,20110829,000000,2.0742,2.0742,2.0742,2.0742,23,0
GWR,D,20110830,000000,2.0742,2.0742,1.9273,2.0309,2296,0
GWR,D,20110831,000000,2.119,2.119,2.119,2.119,23,0
GWR,D,20110901,000000,2.0742,2.0742,2.0742,2.0742,23,0
GWR,D,20110902,000000,2.1331,2.1331,2.1331,2.1331,23,0
GWR,D,20110905,000000,2.1347,2.1347,1.9705,1.9705,4454,0
GWR,D,20110906,000000,1.8659,2.0956,1.8659,1.9596,2083,0
GWR,D,20110907,000000,1.8894,1.8894,1.8894,1.8894,115,0
GWR,D,20110908,000000,1.8894,2.1378,1.8894,2.1378,1337,0
GWR,D,20110909,000000,2.1378,2.1378,1.9174,1.9174,2469,0
GWR,D,20110912,000000,1.9174,1.9174,1.9174,1.9174,23,0
GWR,D,20110913,000000,1.9174,1.9878,1.9034,1.9878,4452,0
GWR,D,20110914,000000,2.0299,2.0299,1.8705,2.0299,1405,0
GWR,D,20110915,000000,2.0299,2.0299,2.0299,2.0299,22,0
GWR,D,20110916,000000,2.0299,2.0299,1.969,1.969,171,0
GWR,D,20110919,000000,2.0299,2.0299,1.8377,1.969,1430,0
GWR,D,20110920,000000,1.9644,1.9644,1.9221,1.9221,790,0
GWR,D,20110921,000000,1.969,1.969,1.969,1.969,20,0
GWR,D,20110922,000000,1.8752,1.8752,1.8752,1.8752,22,0
GWR,D,20110923,000000,1.8752,1.8752,1.8331,1.8331,236,0
GWR,D,20110926,000000,1.9457,1.9457,1.9457,1.9457,22,0
GWR,D,20110927,000000,1.8752,1.9457,1.7815,1.9457,451,0
GWR,D,20110928,000000,1.8284,1.8284,1.7815,1.7815,661,0
GWR,D,20110929,000000,1.8284,1.8284,1.8284,1.8284,22,0
GWR,D,20110930,000000,1.8284,1.8284,1.8284,1.8284,22,0
GWR,D,20111003,000000,1.7815,1.7815,1.7815,1.7815,22,0
GWR,D,20111004,000000,1.7815,1.7815,1.4298,1.7299,3262,0
GWR,D,20111005,000000,1.7299,1.7299,1.7299,1.7299,22,0
GWR,D,20111006,000000,1.7299,1.7299,1.7299,1.7299,22,0
GWR,D,20111007,000000,1.6877,1.6877,1.6877,1.6877,12,0
GWR,D,20111010,000000,1.6877,1.7299,1.6877,1.7299,74,0
GWR,D,20111011,000000,1.7299,1.7299,1.7299,1.7299,22,0
GWR,D,20111012,000000,1.7299,1.7299,1.6877,1.6877,516,0
GWR,D,20111013,000000,1.7299,1.7299,1.7299,1.7299,22,0
GWR,D,20111014,000000,1.7299,1.7299,1.7299,1.7299,12,0
GWR,D,20111017,000000,1.7299,1.7299,1.6877,1.6877,228,0
GWR,D,20111018,000000,1.7299,1.9408,1.7299,1.9408,1121,0
GWR,D,20111019,000000,1.7721,1.9315,1.7721,1.9315,341,0
GWR,D,20111020,000000,1.9315,1.9315,1.7815,1.8752,1473,0
GWR,D,20111021,000000,1.9363,1.9363,1.7815,1.8284,1484,0
GWR,D,20111024,000000,1.9408,2.5785,1.8284,2.5785,5567,0
GWR,D,20111025,000000,3.0473,3.0473,2.5785,2.5785,1055,0
GWR,D,20111026,000000,2.4801,2.4801,2.316,2.4332,1144,0
GWR,D,20111027,000000,2.3394,2.4472,2.016,2.4472,2876,0
GWR,D,20111028,000000,2.2455,2.2455,2.0205,2.1987,1620,0
GWR,D,20111031,000000,2.0253,2.2738,1.9268,2.2738,1745,0
GWR,D,20111102,000000,2.2549,2.2549,1.9737,2.2363,1706,0
GWR,D,20111103,000000,2.2409,2.2409,1.9737,2.0581,1471,0
GWR,D,20111104,000000,2.105,2.105,1.8799,2.0205,1598,0
GWR,D,20111107,000000,2.0253,2.0253,1.8847,2.0205,2560,0
GWR,D,20111108,000000,2.0205,2.0205,2.0205,2.0205,22,0
GWR,D,20111109,000000,2.0205,2.0205,1.8331,1.8331,1355,0
GWR,D,20111110,000000,2.0205,2.0205,1.8003,1.8003,253,0
GWR,D,20111114,000000,1.9596,1.9596,1.8003,1.8003,467,0
GWR,D,20111115,000000,1.8003,1.8003,1.7392,1.7392,224,0
GWR,D,20111116,000000,1.6971,1.9174,1.6971,1.9174,1709,0
GWR,D,20111117,000000,1.9174,1.9174,1.8284,1.8284,986,0
GWR,D,20111118,000000,1.9127,1.9127,1.5939,1.5939,1891,0
GWR,D,20111121,000000,1.5939,1.6877,1.4768,1.6033,8243,0
GWR,D,20111122,000000,1.6033,1.6033,1.6033,1.6033,34,0
GWR,D,20111123,000000,1.6033,1.6033,1.6033,1.6033,22,0
GWR,D,20111124,000000,1.6033,1.6033,1.5143,1.5143,403,0
GWR,D,20111125,000000,1.4768,1.5471,1.4768,1.5471,235,0
GWR,D,20111128,000000,1.5471,1.5471,1.5471,1.5471,22,0
GWR,D,20111129,000000,1.5471,1.5471,1.2377,1.2612,3165,0
GWR,D,20111130,000000,1.2658,1.4018,1.2658,1.2705,2109,0
GWR,D,20111201,000000,1.4018,1.519,1.3971,1.519,2680,0
GWR,D,20111202,000000,1.5424,1.5424,1.4533,1.5424,663,0
GWR,D,20111205,000000,1.5424,1.5424,1.4721,1.5424,1763,0
GWR,D,20111206,000000,1.4252,1.4298,1.4252,1.4298,2425,0
GWR,D,20111207,000000,1.3829,1.3829,1.3829,1.3829,1842,0
GWR,D,20111208,000000,1.3829,1.3829,1.3829,1.3829,22,0
GWR,D,20111209,000000,1.3829,1.3829,1.3128,1.3128,1996,0
GWR,D,20111212,000000,1.2751,1.2892,1.2751,1.2892,1298,0
GWR,D,20111213,000000,1.2003,1.3829,1.0125,1.2235,456,0
GWR,D,20111214,000000,1.3829,1.3829,1.1767,1.2612,211,0
GWR,D,20111215,000000,1.1767,1.3829,1.1767,1.3829,2113,0
GWR,D,20111216,000000,1.3596,1.3596,1.1767,1.3596,2184,0
GWR,D,20111219,000000,1.3128,1.3128,1.3128,1.3128,790,0
GWR,D,20111220,000000,1.247,1.247,1.247,1.247,467,0
GWR,D,20111221,000000,1.186,1.2612,1.1252,1.2612,235,0
GWR,D,20111222,000000,1.1252,1.2612,1.0548,1.158,255,0
GWR,D,20111223,000000,1.2096,1.3361,1.172,1.3361,2558,0
GWR,D,20111227,000000,1.1252,1.3314,1.1252,1.3314,53,0
GWR,D,20111228,000000,1.3314,1.3314,1.3314,1.3314,22,0
GWR,D,20111229,000000,1.1626,1.486,1.1626,1.486,2380,0
GWR,D,20111230,000000,1.4787,1.4787,1.3128,1.4684,2086,0
GWR,D,20120103,000000,1.4815,1.4815,1.2235,1.2282,1875,0
GWR,D,20120104,000000,1.2282,1.4674,1.2282,1.2424,2047,0
GWR,D,20120105,000000,1.3596,1.3596,1.3596,1.3596,22,0
GWR,D,20120109,000000,1.4674,1.4674,1.247,1.247,34,0
GWR,D,20120110,000000,1.2658,1.4627,1.2658,1.4627,2016,0
GWR,D,20120111,000000,1.4533,1.4533,1.4533,1.4533,22,0
GWR,D,20120112,000000,1.4627,1.4627,1.3596,1.4627,639,0
GWR,D,20120113,000000,1.4627,1.4627,1.4627,1.4627,12,0
GWR,D,20120116,000000,1.458,1.458,1.458,1.458,36,0
GWR,D,20120117,000000,1.458,1.458,1.3829,1.3829,1855,0
GWR,D,20120118,000000,1.4487,1.4487,1.3361,1.3361,1918,0
GWR,D,20120119,000000,1.2658,1.3361,1.2658,1.3361,2016,0
GWR,D,20120120,000000,1.2798,1.4721,1.2798,1.458,4714,0
GWR,D,20120123,000000,1.4487,1.4487,1.3033,1.4018,1783,0
GWR,D,20120124,000000,1.4533,1.4533,1.4533,1.4533,12,0
GWR,D,20120125,000000,1.4533,1.4533,1.3128,1.4018,1930,0
GWR,D,20120126,000000,1.4533,1.4533,1.3596,1.3596,5555,0
GWR,D,20120127,000000,1.3267,1.4018,1.3267,1.4018,41,0
GWR,D,20120130,000000,1.458,1.458,1.3128,1.4018,4083,0
GWR,D,20120131,000000,1.3957,1.4475,1.3594,1.4475,1931,0
GWR,D,20120201,000000,1.3876,1.3876,1.3876,1.3876,1796,0
GWR,D,20120202,000000,1.4018,1.4018,1.2424,1.3971,7274,0
GWR,D,20120203,000000,1.3971,1.6737,1.294,1.6737,9613,0
GWR,D,20120206,000000,1.6409,1.6409,1.4533,1.5939,3464,0
GWR,D,20120207,000000,1.6737,1.6737,1.4111,1.5939,2057,0
GWR,D,20120208,000000,1.5939,1.5939,1.3174,1.3314,6770,0
GWR,D,20120209,000000,1.5002,1.5002,1.4064,1.4064,5612,0
GWR,D,20120210,000000,1.4064,1.4064,1.4064,1.4064,22,0
GWR,D,20120213,000000,1.4064,1.5986,1.4064,1.4252,1756,0
GWR,D,20120214,000000,1.4298,1.4298,1.4064,1.4064,1884,0
GWR,D,20120215,000000,1.519,1.519,1.4533,1.4533,224,0
GWR,D,20120216,000000,1.519,1.519,1.4533,1.4533,651,0
GWR,D,20120217,000000,1.519,1.5939,1.4627,1.5939,1899,0
GWR,D,20120220,000000,1.5939,1.5939,1.5939,1.5939,22,0
GWR,D,20120221,000000,1.5892,1.5892,1.4158,1.5424,2455,0
GWR,D,20120222,000000,1.4158,1.4158,1.4158,1.4158,22,0
GWR,D,20120223,000000,1.4111,1.4111,1.4111,1.4111,9,0
GWR,D,20120224,000000,1.4111,1.4721,1.4111,1.4721,2684,0
GWR,D,20120227,000000,1.4111,1.4111,1.4111,1.4111,1,0
GWR,D,20120228,000000,1.4111,1.4111,1.4111,1.4111,20,0
GWR,D,20120229,000000,1.4158,1.4158,1.4111,1.4111,17,0
GWR,D,20120301,000000,1.4111,1.4111,1.4111,1.4111,12,0
GWR,D,20120302,000000,1.4111,1.4721,1.4111,1.4721,12,0
GWR,D,20120305,000000,1.4721,1.4721,1.4721,1.4721,1064,0
GWR,D,20120306,000000,1.4111,1.5237,1.4064,1.4064,1910,0
GWR,D,20120307,000000,1.4018,1.4018,1.4018,1.4018,212,0
GWR,D,20120308,000000,1.4018,1.4018,1.4018,1.4018,212,0
GWR,D,20120309,000000,1.4018,1.4064,1.4018,1.4064,709,0
GWR,D,20120312,000000,1.4018,1.4064,1.4018,1.4064,246,0
GWR,D,20120313,000000,1.4064,1.4064,1.4018,1.4018,1039,0
GWR,D,20120314,000000,1.4018,1.4064,1.4018,1.4064,778,0
GWR,D,20120315,000000,1.4018,1.4018,1.4018,1.4018,212,0
GWR,D,20120316,000000,1.4018,1.4018,1.3596,1.3736,575,0
GWR,D,20120319,000000,1.3361,1.3361,1.3361,1.3361,41,0
GWR,D,20120320,000000,1.3361,1.3361,1.2424,1.2424,5633,0
GWR,D,20120321,000000,1.3128,1.3128,1.2658,1.3128,2858,0
GWR,D,20120322,000000,1.3128,1.3128,1.0502,1.1063,4250,0
GWR,D,20120323,000000,1.1063,1.2142,0.8861,0.9517,11353,0
GWR,D,20120326,000000,1.0783,1.1392,1.0548,1.0548,2425,0
GWR,D,20120327,000000,1.158,1.158,1.158,1.158,41,0
GWR,D,20120328,000000,1.158,1.158,0.872,0.872,2547,0
GWR,D,20120329,000000,0.8907,1.0455,0.872,1.0455,8413,0
GWR,D,20120330,000000,1.0429,1.209,0.9391,0.9391,8676,0
GWR,D,20120402,000000,0.9377,1.1205,0.9377,1.1205,4359,0
GWR,D,20120403,000000,1.3409,1.4954,1.1345,1.3314,3314,0
GWR,D,20120404,000000,1.3361,1.3409,1.1345,1.3409,3259,0
GWR,D,20120405,000000,1.3971,1.3971,1.1299,1.3924,6611,0
GWR,D,20120410,000000,1.3829,1.3829,1.1157,1.172,4070,0
GWR,D,20120411,000000,1.2612,1.3876,1.1299,1.3829,945,0
GWR,D,20120412,000000,1.294,1.308,1.294,1.308,1954,0
GWR,D,20120413,000000,1.1252,1.2612,1.1252,1.2612,2394,0
GWR,D,20120416,000000,1.2612,1.2612,1.2612,1.2612,53,0
GWR,D,20120417,000000,1.2612,1.2612,1.2612,1.2612,22,0
GWR,D,20120418,000000,1.1392,1.1392,1.0125,1.0125,4499,0
GWR,D,20120419,000000,0.9893,0.9893,0.9893,0.9893,53,0
GWR,D,20120420,000000,0.9893,1.0783,0.7922,0.8299,3757,0
GWR,D,20120423,000000,0.8345,0.9985,0.6892,0.9939,13650,0
GWR,D,20120424,000000,0.8673,1.1392,0.8065,1.1392,3378,0
GWR,D,20120425,000000,1.1486,1.1486,1.0783,1.1392,2444,0
GWR,D,20120426,000000,1.0689,1.0971,1.0548,1.0971,6074,0
GWR,D,20120427,000000,1.0079,1.1252,1.0079,1.1252,2452,0
GWR,D,20120430,000000,1.1155,1.3128,1.1,1.3128,7001,0
GWR,D,20120502,000000,1.3876,1.3876,1.3876,1.3876,22,0
GWR,D,20120504,000000,1.3876,1.3876,1.172,1.172,235,0
GWR,D,20120507,000000,1.3596,1.3596,1.3596,1.3596,12,0
GWR,D,20120508,000000,1.3361,1.3361,1.3361,1.3361,22,0
GWR,D,20120509,000000,1.3361,1.3361,1.3361,1.3361,105,0
GWR,D,20120510,000000,1.3361,1.3361,1.3361,1.3361,22,0
GWR,D,20120511,000000,1.3361,1.3361,1.3361,1.3361,41,0
GWR,D,20120514,000000,1.3548,1.3548,1.3548,1.3548,12,0
GWR,D,20120515,000000,1.3596,1.3596,1.3596,1.3596,22,0
GWR,D,20120516,000000,1.3596,1.3596,1.1767,1.2845,1302,0
GWR,D,20120517,000000,1.2142,1.3128,1.2142,1.3128,2106,0
GWR,D,20120518,000000,1.1017,1.3221,1.1017,1.3221,2122,0
GWR,D,20120521,000000,1.1063,1.2658,0.8861,0.9329,13087,0
GWR,D,20120522,000000,0.9377,0.9423,0.9377,0.9423,7007,0
GWR,D,20120523,000000,0.9096,1.172,0.9047,1.172,7025,0
GWR,D,20120524,000000,1.1111,1.1111,1.1111,1.1111,2245,0
GWR,D,20120528,000000,1.2612,1.2612,1.2612,1.2612,41,0
GWR,D,20120529,000000,1.2564,1.2564,1.2564,1.2564,12,0
GWR,D,20120530,000000,1.2564,1.2564,1.2564,1.2564,9,0
GWR,D,20120531,000000,1.2608,1.3541,1.0792,1.3541,2322,0
GWR,D,20120601,000000,1.3548,1.3548,1.3548,1.3548,3,0
GWR,D,20120604,000000,1.3548,1.3548,1.1486,1.1486,95,0
GWR,D,20120605,000000,1.3541,1.3541,1.3541,1.3541,12,0
GWR,D,20120606,000000,1.3502,1.3502,1.172,1.172,83,0
GWR,D,20120611,000000,1.3548,1.3548,1.3548,1.3548,24,0
GWR,D,20120612,000000,1.2377,1.2424,0.9047,0.947,9830,0
GWR,D,20120613,000000,1.0079,1.1345,0.9517,1.0595,5392,0
GWR,D,20120614,000000,1.1673,1.2705,1.0829,1.2705,7115,0
GWR,D,20120615,000000,1.308,1.308,1.2003,1.2003,5532,0
GWR,D,20120618,000000,1.0783,1.294,1.0783,1.294,7048,0
GWR,D,20120619,000000,1.2845,1.308,1.2189,1.308,6196,0
GWR,D,20120620,000000,1.294,1.4018,1.294,1.4018,9707,0
GWR,D,20120621,000000,1.4111,1.6877,1.4111,1.4954,5311,0
GWR,D,20120622,000000,1.4907,1.6877,1.4907,1.6877,1866,0
GWR,D,20120625,000000,1.5002,1.6831,1.4064,1.5237,4736,0
GWR,D,20120626,000000,1.5143,1.6174,1.5143,1.6174,212,0
GWR,D,20120627,000000,1.4768,1.608,1.4064,1.6033,9104,0
GWR,D,20120628,000000,1.5377,1.5377,1.4252,1.4252,1796,0
GWR,D,20120629,000000,1.3386,1.401,1.1778,1.401,3459,0
GWR,D,20120702,000000,1.4018,1.4018,1.3596,1.3596,1598,0
GWR,D,20120703,000000,1.401,1.5929,1.2713,1.5929,5135,0
GWR,D,20120704,000000,1.5929,1.5929,1.5929,1.5929,22,0
GWR,D,20120705,000000,1.4165,1.4165,1.3853,1.4165,2556,0
GWR,D,20120706,000000,1.3853,1.5306,1.3853,1.5306,1118,0
GWR,D,20120709,000000,1.5283,1.5283,1.5283,1.5283,12,0
GWR,D,20120710,000000,1.5254,1.5254,1.5254,1.5254,12,0
GWR,D,20120711,000000,1.5306,1.5929,1.3438,1.5929,12307,0
GWR,D,20120712,000000,1.5939,1.5939,1.3033,1.3876,4622,0
GWR,D,20120713,000000,1.3128,1.3128,1.3128,1.3128,1144,0
GWR,D,20120716,000000,1.3179,1.4684,1.3128,1.3128,8687,0
GWR,D,20120717,000000,1.4631,1.4631,1.4631,1.4631,1077,0
GWR,D,20120718,000000,1.4684,1.4684,1.4062,1.4062,497,0
GWR,D,20120719,000000,1.458,1.458,1.458,1.458,22,0
GWR,D,20120720,000000,1.458,1.458,1.458,1.458,9,0
GWR,D,20120723,000000,1.3853,1.4528,1.3541,1.3541,2818,0
GWR,D,20120724,000000,1.3541,1.6241,1.3541,1.6241,2173,0
GWR,D,20120725,000000,1.5774,1.5774,1.3491,1.3491,1257,0
GWR,D,20120726,000000,1.3075,1.3491,1.3075,1.3491,1134,0
GWR,D,20120727,000000,1.567,1.567,1.567,1.567,20,0
GWR,D,20120730,000000,1.567,1.567,1.4528,1.567,1064,0
GWR,D,20120731,000000,1.5774,1.5774,1.5774,1.5774,10,0
GWR,D,20120801,000000,1.5721,1.5721,1.458,1.5721,1059,0
GWR,D,20120802,000000,1.5721,1.5721,1.3802,1.5721,985,0
GWR,D,20120803,000000,1.5721,1.5721,1.5721,1.5721,10,0
GWR,D,20120806,000000,1.4787,1.4787,1.3957,1.4787,1021,0
GWR,D,20120807,000000,1.5774,1.5774,1.3128,1.567,313,0
GWR,D,20120808,000000,1.567,1.567,1.567,1.567,9,0
GWR,D,20120809,000000,1.5514,1.5514,1.401,1.5462,207,0
GWR,D,20120810,000000,1.5462,1.5462,1.5462,1.5462,10,0
GWR,D,20120813,000000,1.5462,1.5462,1.5462,1.5462,13,0
GWR,D,20120814,000000,1.5462,1.5462,1.5462,1.5462,2,0
GWR,D,20120816,000000,1.5047,1.5047,1.5047,1.5047,10,0
GWR,D,20120817,000000,1.4943,1.4943,1.4943,1.4943,10,0
GWR,D,20120820,000000,1.541,1.541,1.541,1.541,10,0
GWR,D,20120821,000000,1.5306,1.5306,1.2245,1.2296,6520,0
GWR,D,20120822,000000,1.2452,1.2868,1.1155,1.2713,4261,0
GWR,D,20120823,000000,1.3438,1.3438,1.3438,1.3438,10,0
GWR,D,20120824,000000,1.292,1.292,1.1674,1.1674,3400,0
GWR,D,20120827,000000,1.1674,1.1934,1.1519,1.1934,2144,0
GWR,D,20120828,000000,1.1466,1.2713,1.1466,1.2713,77,0
GWR,D,20120829,000000,1.2713,1.2713,1.1934,1.2401,1277,0
GWR,D,20120830,000000,1.2608,1.2608,1.2608,1.2608,10,0
GWR,D,20120831,000000,1.2713,1.2713,1.0896,1.2713,182,0
GWR,D,20120903,000000,1.1934,1.2556,1.0169,1.2556,988,0
GWR,D,20120904,000000,1.2504,1.2556,1.1831,1.2556,1001,0
GWR,D,20120905,000000,1.2556,1.2556,1.2556,1.2556,20,0
GWR,D,20120906,000000,1.2556,1.2556,1.1674,1.1674,1919,0
GWR,D,20120907,000000,1.1414,1.2713,1.1414,1.2713,38,0
GWR,D,20120910,000000,1.2713,1.2713,1.2713,1.2713,10,0
GWR,D,20120911,000000,1.2713,1.2713,1.2713,1.2713,10,0
GWR,D,20120912,000000,1.2713,1.2713,1.2713,1.2713,10,0
GWR,D,20120913,000000,1.2713,1.2713,1.2713,1.2713,20,0
GWR,D,20120914,000000,1.2713,1.2713,1.2713,1.2713,20,0
GWR,D,20120917,000000,1.2713,1.2713,1.2713,1.2713,20,0
GWR,D,20120918,000000,1.2713,1.2713,1.2713,1.2713,10,0
GWR,D,20120919,000000,1.2713,1.2713,1.2713,1.2713,10,0
GWR,D,20120920,000000,1.2713,1.2713,1.2452,1.2452,271,0
GWR,D,20120921,000000,1.2868,1.2868,1.2868,1.2868,10,0
GWR,D,20120924,000000,1.2868,1.5306,1.2452,1.4424,3494,0
GWR,D,20120925,000000,1.4424,1.4424,1.4424,1.4424,10,0
GWR,D,20120926,000000,1.4424,1.4424,1.4424,1.4424,10,0
GWR,D,20120927,000000,1.4424,1.4424,1.4424,1.4424,10,0
GWR,D,20120928,000000,1.4424,1.4424,1.4424,1.4424,10,0
GWR,D,20121001,000000,1.4424,1.4424,1.3491,1.3491,1121,0
GWR,D,20121003,000000,1.3438,1.3438,1.2452,1.3438,1224,0
GWR,D,20121004,000000,1.2763,1.2763,1.2763,1.2763,10,0
GWR,D,20121005,000000,1.2038,1.2038,1.2038,1.2038,1,0
GWR,D,20121008,000000,1.2038,1.2038,1.2038,1.2038,38,0
GWR,D,20121009,000000,1.4217,1.4217,1.2971,1.2971,203,0
GWR,D,20121015,000000,1.4217,1.4217,1.2971,1.2971,38,0
GWR,D,20121016,000000,1.4217,1.4217,1.292,1.292,20,0
GWR,D,20121017,000000,1.292,1.292,1.292,1.292,20,0
GWR,D,20121018,000000,1.292,1.292,1.209,1.209,20,0
GWR,D,20121019,000000,1.3335,1.5306,1.3335,1.3491,18993,0
GWR,D,20121022,000000,1.5254,1.5254,1.2971,1.4372,2533,0
GWR,D,20121023,000000,1.4372,1.4372,1.2296,1.2713,1469,0
GWR,D,20121024,000000,1.401,1.401,1.3179,1.3231,990,0
GWR,D,20121025,000000,1.4372,1.4372,1.4372,1.4372,20,0
GWR,D,20121026,000000,1.4372,1.5047,1.3541,1.401,6297,0
GWR,D,20121029,000000,1.4943,1.4943,1.4943,1.4943,1374,0
GWR,D,20121030,000000,1.4943,1.4943,1.4943,1.4943,20,0
GWR,D,20121031,000000,1.4787,1.4787,1.375,1.375,356,0
GWR,D,20121102,000000,1.5306,1.5306,1.5306,1.5306,27,0
GWR,D,20121105,000000,1.5306,1.5306,1.5306,1.5306,10,0
GWR,D,20121106,000000,1.5306,1.5306,1.5306,1.5306,10,0
GWR,D,20121107,000000,1.5306,1.5306,1.5306,1.5306,2,0
GWR,D,20121108,000000,1.5306,1.5306,1.401,1.401,973,0
GWR,D,20121109,000000,1.5306,1.5306,1.5306,1.5306,10,0
GWR,D,20121112,000000,1.5254,1.5254,1.2348,1.3957,5027,0
GWR,D,20121113,000000,1.3957,1.4943,1.3957,1.4943,4058,0
GWR,D,20121114,000000,1.4943,1.5306,1.401,1.5306,3269,0
GWR,D,20121115,000000,1.5774,1.6136,1.5774,1.6136,8315,0
GWR,D,20121116,000000,1.6241,1.6241,1.6241,1.6241,482,0
GWR,D,20121119,000000,1.6707,1.6707,1.6707,1.6707,10,0
GWR,D,20121120,000000,1.6604,1.6604,1.6604,1.6604,302,0
GWR,D,20121121,000000,1.6293,1.6293,1.6293,1.6293,10,0
GWR,D,20121122,000000,1.6293,1.6293,1.6293,1.6293,10,0
GWR,D,20121123,000000,1.6293,1.6293,1.6293,1.6293,10,0
GWR,D,20121126,000000,1.6293,1.6293,1.6293,1.6293,10,0
GWR,D,20121127,000000,1.6293,1.6293,1.4892,1.4892,1028,0
GWR,D,20121128,000000,1.6032,1.6032,1.6032,1.6032,10,0
GWR,D,20121129,000000,1.6032,1.6032,1.5565,1.6032,1003,0
GWR,D,20121130,000000,1.6032,1.6032,1.6032,1.6032,10,0
GWR,D,20121203,000000,1.6032,1.6032,1.6032,1.6032,10,0
GWR,D,20121204,000000,1.6032,1.6032,1.6032,1.6032,10,0
GWR,D,20121205,000000,1.5825,1.5825,1.5825,1.5825,20,0
GWR,D,20121206,000000,1.5825,1.5825,1.5825,1.5825,10,0
GWR,D,20121207,000000,1.5825,1.5825,1.5825,1.5825,10,0
GWR,D,20121210,000000,1.5825,1.5825,1.5825,1.5825,10,0
GWR,D,20121211,000000,1.5825,1.5825,1.5825,1.5825,10,0
GWR,D,20121212,000000,1.5825,1.5825,1.5825,1.5825,10,0
GWR,D,20121213,000000,1.5825,1.5825,1.5825,1.5825,3,0
GWR,D,20121214,000000,1.5825,1.5825,1.5825,1.5825,10,0
GWR,D,20121217,000000,1.5825,1.5825,1.5825,1.5825,10,0
GWR,D,20121218,000000,1.5825,1.5825,1.5825,1.5825,10,0
GWR,D,20121219,000000,1.5825,1.5825,1.5825,1.5825,10,0
GWR,D,20121220,000000,1.5825,1.5825,1.5825,1.5825,10,0
GWR,D,20121221,000000,1.5825,1.5825,1.5825,1.5825,10,0
GWR,D,20121227,000000,1.5825,1.5825,1.5825,1.5825,10,0
GWR,D,20121228,000000,1.5825,1.5825,1.5825,1.5825,10,0
GWR,D,20130102,000000,1.6707,1.6707,1.6707,1.6707,2,0
GWR,D,20130103,000000,1.6293,1.6293,1.6293,1.6293,10,0
GWR,D,20130104,000000,1.6293,1.6293,1.6293,1.6293,10,0
GWR,D,20130107,000000,1.6293,1.6293,1.4787,1.4787,2127,0
GWR,D,20130108,000000,1.4787,1.4787,1.4787,1.4787,105,0
GWR,D,20130109,000000,1.4787,1.4787,1.4787,1.4787,10,0
GWR,D,20130110,000000,1.4787,1.4787,1.4787,1.4787,10,0
GWR,D,20130111,000000,1.4787,1.4787,1.4787,1.4787,10,0
GWR,D,20130114,000000,1.4787,1.4787,1.4787,1.4787,10,0
GWR,D,20130115,000000,1.4787,1.4787,1.4787,1.4787,10,0
GWR,D,20130116,000000,1.4787,1.4787,1.4787,1.4787,10,0
GWR,D,20130117,000000,1.4787,1.4787,1.4787,1.4787,10,0
GWR,D,20130118,000000,1.4787,1.4787,1.4787,1.4787,38,0
GWR,D,20130121,000000,1.4787,1.4787,1.4787,1.4787,10,0
GWR,D,20130122,000000,1.4787,1.4787,1.4787,1.4787,1,0
GWR,D,20130123,000000,1.4787,1.4787,1.4787,1.4787,2,0
GWR,D,20130124,000000,1.4787,1.4787,1.4787,1.4787,20,0
GWR,D,20130125,000000,1.4787,1.4787,1.4787,1.4787,10,0
GWR,D,20130128,000000,1.4787,1.4787,1.4787,1.4787,10,0
GWR,D,20130129,000000,1.4787,1.4787,1.4787,1.4787,10,0
GWR,D,20130130,000000,1.4787,1.4787,1.4787,1.4787,10,0
GWR,D,20130131,000000,1.4787,1.4787,1.4787,1.4787,10,0
GWR,D,20130201,000000,1.4787,1.4787,1.4787,1.4787,10,0
GWR,D,20130204,000000,1.4787,1.4787,1.4787,1.4787,10,0
GWR,D,20130205,000000,1.4787,1.4787,1.4787,1.4787,10,0
GWR,D,20130206,000000,1.4787,1.4787,1.4787,1.4787,10,0
GWR,D,20130207,000000,1.4787,1.4787,1.4787,1.4787,10,0
GWR,D,20130208,000000,1.4787,1.4787,1.4787,1.4787,10,0
GWR,D,20130211,000000,1.4787,1.4787,1.4062,1.4062,394,0
GWR,D,20130212,000000,1.4787,1.4787,1.4787,1.4787,10,0
GWR,D,20130213,000000,1.4787,1.4787,1.4787,1.4787,10,0
GWR,D,20130214,000000,1.4787,1.4787,1.4787,1.4787,2,0
GWR,D,20130215,000000,1.4787,1.4787,1.4787,1.4787,1,0
GWR,D,20130218,000000,1.4735,1.4735,1.4735,1.4735,10,0
GWR,D,20130219,000000,1.4735,1.4735,1.4735,1.4735,10,0
GWR,D,20130220,000000,1.4735,1.4735,1.4735,1.4735,10,0
GWR,D,20130221,000000,1.4684,1.4684,1.401,1.4684,996,0
GWR,D,20130222,000000,1.4684,1.4684,1.4684,1.4684,10,0
GWR,D,20130225,000000,1.4684,1.4684,1.4684,1.4684,10,0
GWR,D,20130226,000000,1.4684,1.4684,1.4684,1.4684,10,0
GWR,D,20130227,000000,1.4684,1.4684,1.4684,1.4684,10,0
GWR,D,20130228,000000,1.4684,1.4684,1.4684,1.4684,10,0
GWR,D,20130301,000000,1.4684,1.4684,1.4684,1.4684,10,0
GWR,D,20130304,000000,1.4684,1.4684,1.4684,1.4684,10,0
GWR,D,20130305,000000,1.4684,1.4684,1.4684,1.4684,10,0
GWR,D,20130306,000000,1.4684,1.4684,1.4684,1.4684,10,0
GWR,D,20130307,000000,1.4684,1.4684,1.4684,1.4684,10,0
GWR,D,20130308,000000,1.4684,1.4684,1.4684,1.4684,10,0
GWR,D,20130311,000000,1.4684,1.4684,1.4684,1.4684,10,0
GWR,D,20130312,000000,1.4684,1.4684,1.4684,1.4684,10,0
GWR,D,20130313,000000,1.4684,1.4684,1.4684,1.4684,10,0
GWR,D,20130314,000000,1.4684,1.4684,1.4684,1.4684,10,0
GWR,D,20130315,000000,1.4684,1.4684,1.4684,1.4684,10,0
GWR,D,20130318,000000,1.4684,1.4684,1.4684,1.4684,2,0
GWR,D,20130319,000000,1.4684,1.4684,1.4684,1.4684,10,0
GWR,D,20130320,000000,1.4684,1.4684,1.4684,1.4684,10,0
GWR,D,20130321,000000,1.4684,1.4684,1.4684,1.4684,3,0
GWR,D,20130322,000000,1.4684,1.4684,1.4684,1.4684,9,0
GWR,D,20130325,000000,1.4684,1.4684,1.4684,1.4684,10,0
GWR,D,20130326,000000,1.4684,1.4684,1.4684,1.4684,10,0
GWR,D,20130327,000000,1.4684,1.4684,1.4684,1.4684,10,0
GWR,D,20130328,000000,1.4684,1.4684,1.4684,1.4684,10,0
GWR,D,20130402,000000,1.4684,1.4684,1.4684,1.4684,10,0
GWR,D,20130403,000000,1.4684,1.4684,1.4684,1.4684,20,0
GWR,D,20130404,000000,1.4684,1.4684,1.4684,1.4684,3,0
GWR,D,20130405,000000,1.4684,1.4684,1.4684,1.4684,17,0
GWR,D,20130408,000000,1.4684,1.4684,1.4684,1.4684,10,0
GWR,D,20130409,000000,1.4684,1.4684,1.4684,1.4684,10,0
GWR,D,20130410,000000,1.4684,1.4684,1.4684,1.4684,10,0
GWR,D,20130411,000000,1.4684,1.4684,1.4684,1.4684,9,0
GWR,D,20130412,000000,1.4684,1.4684,1.4684,1.4684,3,0
GWR,D,20130415,000000,1.4684,1.4684,1.4684,1.4684,10,0
GWR,D,20130417,000000,1.4684,1.4684,1.3853,1.3853,491,0
GWR,D,20130418,000000,1.4684,1.4684,1.4684,1.4684,10,0
GWR,D,20130419,000000,1.4684,1.4684,1.4684,1.4684,10,0
GWR,D,20130422,000000,1.4684,1.4684,1.4684,1.4684,1,0
GWR,D,20130423,000000,1.4684,1.4684,1.4684,1.4684,9,0
GWR,D,20130424,000000,1.4684,1.4684,1.4684,1.4684,10,0
GWR,D,20130425,000000,1.4684,1.4684,1.4684,1.4684,10,0
GWR,D,20130426,000000,1.4684,1.4684,1.4684,1.4684,10,0
GWR,D,20130429,000000,1.4684,1.4684,1.4684,1.4684,10,0
GWR,D,20130430,000000,1.4684,1.4684,1.4684,1.4684,10,0
GWR,D,20130502,000000,1.4684,1.4684,1.4684,1.4684,3,0
GWR,D,20130506,000000,1.4684,1.4684,1.4684,1.4684,10,0
GWR,D,20130507,000000,1.4684,1.4684,1.4684,1.4684,1,0
GWR,D,20130508,000000,1.4684,1.4684,1.4684,1.4684,2,0
GWR,D,20130509,000000,1.4684,1.4684,1.4684,1.4684,3,0
GWR,D,20130510,000000,1.4684,1.4684,1.4684,1.4684,2,0
GWR,D,20130513,000000,1.4684,1.4684,1.4684,1.4684,1,0
GWR,D,20130514,000000,1.4684,1.4684,1.4684,1.4684,3,0
GWR,D,20130515,000000,1.4684,1.4684,1.4684,1.4684,10,0
GWR,D,20130516,000000,1.4684,1.4684,1.4684,1.4684,1,0
GWR,D,20130517,000000,1.4684,1.4684,1.4684,1.4684,10,0
GWR,D,20130520,000000,1.4684,1.4684,1.4684,1.4684,10,0
GWR,D,20130521,000000,1.4684,1.4684,1.4684,1.4684,2,0
GWR,D,20130522,000000,1.4684,1.4684,1.4684,1.4684,9,0
GWR,D,20130523,000000,1.4684,1.4684,1.4684,1.4684,3,0
GWR,D,20130524,000000,1.4684,1.4684,1.4684,1.4684,10,0
GWR,D,20130527,000000,1.4684,1.4684,1.4684,1.4684,10,0
GWR,D,20130528,000000,1.4062,1.4684,1.4062,1.4684,40,0
GWR,D,20130529,000000,1.4684,1.5774,1.4684,1.5774,1870,0
GWR,D,20130531,000000,1.5748,1.5748,1.5748,1.5748,194,0
GWR,D,20130603,000000,1.5774,1.5774,1.5774,1.5774,594,0
GWR,D,20130604,000000,1.5774,1.5774,1.5774,1.5774,386,0
GWR,D,20130605,000000,1.5774,1.5774,1.5774,1.5774,1,0
GWR,D,20130606,000000,1.5774,1.5774,1.5774,1.5774,1,0
GWR,D,20130607,000000,1.5774,1.5774,1.5774,1.5774,2,0
GWR,D,20130610,000000,1.5774,1.5774,1.5774,1.5774,12,0
GWR,D,20130611,000000,1.5565,1.5565,1.5565,1.5565,10,0
GWR,D,20130612,000000,1.5565,1.5565,1.5565,1.5565,1,0
GWR,D,20130613,000000,1.5565,1.5565,1.5565,1.5565,2,0
GWR,D,20130614,000000,1.5774,1.5774,1.5774,1.5774,1,0
GWR,D,20130617,000000,1.5306,1.5306,1.5306,1.5306,625,0
GWR,D,20130618,000000,1.5774,1.5774,1.5774,1.5774,10,0
GWR,D,20130619,000000,1.5774,1.5774,1.5565,1.5565,1304,0
GWR,D,20130620,000000,1.5565,1.5565,1.5565,1.5565,20,0
GWR,D,20130621,000000,1.5565,1.5565,1.5565,1.5565,10,0
GWR,D,20130624,000000,1.5565,1.5565,1.5565,1.5565,1,0
GWR,D,20130625,000000,1.5565,1.5565,1.5565,1.5565,2,0
GWR,D,20130626,000000,1.5254,1.5254,1.5047,1.5047,967,0
GWR,D,20130627,000000,1.5565,1.5565,1.4062,1.5565,2062,0
GWR,D,20130628,000000,1.5047,1.5047,1.5047,1.5047,1,0
GWR,D,20130701,000000,1.5565,1.5565,1.5565,1.5565,2,0
GWR,D,20130702,000000,1.5565,1.5565,1.5047,1.5047,973,0
GWR,D,20130703,000000,1.5577,1.5577,1.5063,1.5063,1001,0
GWR,D,20130704,000000,1.5565,1.5565,1.5047,1.5047,1683,0
GWR,D,20130705,000000,1.5565,1.5565,1.4372,1.4372,476,0
GWR,D,20130708,000000,1.4424,1.5565,1.4424,1.5565,235,0
GWR,D,20130709,000000,1.5565,1.5565,1.5565,1.5565,1,0
GWR,D,20130710,000000,1.5565,1.5565,1.458,1.458,60,0
GWR,D,20130711,000000,1.458,1.458,1.458,1.458,1,0
GWR,D,20130712,000000,1.458,1.458,1.458,1.458,2,0
GWR,D,20130715,000000,1.5565,1.5565,1.5565,1.5565,2,0
GWR,D,20130716,000000,1.5565,1.5565,1.5565,1.5565,2,0
GWR,D,20130717,000000,1.5577,1.5577,1.5577,1.5577,10,0
GWR,D,20130718,000000,1.5565,1.5565,1.5565,1.5565,1,0
GWR,D,20130719,000000,1.5565,1.5565,1.5565,1.5565,10,0
GWR,D,20130722,000000,1.5565,1.5565,1.5565,1.5565,364,0
GWR,D,20130723,000000,1.5565,1.5565,1.5514,1.5514,145,0
GWR,D,20130724,000000,1.5565,1.5565,1.541,1.5565,930,0
GWR,D,20130725,000000,1.5565,1.5565,1.5565,1.5565,10,0
GWR,D,20130726,000000,1.5565,1.5565,1.5565,1.5565,10,0
GWR,D,20130729,000000,1.5565,1.6552,1.5565,1.6552,2977,0
GWR,D,20130730,000000,1.6552,1.6707,1.6085,1.6085,1406,0
GWR,D,20130731,000000,1.6707,1.6707,1.6707,1.6707,771,0
GWR,D,20130801,000000,1.6718,1.8658,1.6718,1.8658,5385,0
GWR,D,20130802,000000,1.8575,1.8575,1.8575,1.8575,771,0
GWR,D,20130805,000000,1.8575,1.8575,1.8575,1.8575,1,0
GWR,D,20130806,000000,1.8601,1.8601,1.8601,1.8601,2,0
GWR,D,20130807,000000,1.8575,1.8575,1.8575,1.8575,191,0
GWR,D,20130808,000000,1.8575,1.8575,1.8575,1.8575,10,0
GWR,D,20130809,000000,1.8575,1.8575,1.8575,1.8575,1,0
GWR,D,20130812,000000,1.8575,1.8575,1.6707,1.8108,2938,0
GWR,D,20130813,000000,1.8108,1.8108,1.7122,1.8108,1040,0
GWR,D,20130814,000000,1.8626,1.8626,1.7175,1.8575,1351,0
GWR,D,20130816,000000,1.8057,1.8265,1.8057,1.8057,2394,0
GWR,D,20130819,000000,1.8057,1.8626,1.8004,1.8626,3464,0
GWR,D,20130820,000000,1.8601,1.8601,1.8601,1.8601,1,0
GWR,D,20130821,000000,1.8575,1.8575,1.8575,1.8575,1,0
GWR,D,20130822,000000,1.8575,1.8575,1.8161,1.8161,2646,0
GWR,D,20130823,000000,1.8145,1.8601,1.8145,1.8601,10233,0
GWR,D,20130826,000000,1.8575,1.8575,1.8575,1.8575,1619,0
GWR,D,20130827,000000,1.8601,1.8601,1.8601,1.8601,582,0
GWR,D,20130828,000000,1.8523,1.8523,1.8523,1.8523,10,0
GWR,D,20130829,000000,1.8419,1.8419,1.8419,1.8419,216,0
GWR,D,20130830,000000,1.8368,1.8368,1.8368,1.8368,10,0
GWR,D,20130902,000000,1.8368,1.8368,1.8368,1.8368,10,0
GWR,D,20130903,000000,1.8372,1.8372,1.8372,1.8372,297,0
GWR,D,20130904,000000,1.8145,1.8145,1.7175,1.7175,1157,0
GWR,D,20130905,000000,1.997,1.997,1.997,1.997,288,0
GWR,D,20130906,000000,1.9856,1.9856,1.9856,1.9856,175,0
GWR,D,20130909,000000,1.8543,1.8543,1.8487,1.8487,463,0
GWR,D,20130910,000000,1.7688,1.7688,1.6033,1.609,2895,0
GWR,D,20130911,000000,1.7688,1.7688,1.7688,1.7688,17,0
GWR,D,20130912,000000,1.7688,1.7688,1.7688,1.7688,10,0
GWR,D,20130913,000000,1.7688,1.7688,1.7631,1.7688,1288,0
GWR,D,20130916,000000,1.7688,1.7688,1.7688,1.7688,9,0
GWR,D,20130917,000000,1.7802,1.7802,1.7802,1.7802,10,0
GWR,D,20130918,000000,1.7802,1.7802,1.6146,1.6146,4679,0
GWR,D,20130919,000000,1.7061,1.7061,1.7061,1.7061,10,0
GWR,D,20130920,000000,1.7061,1.7061,1.7061,1.7061,10,0
GWR,D,20130923,000000,1.7061,1.7061,1.7061,1.7061,180,0
GWR,D,20130924,000000,1.7061,1.7061,1.7061,1.7061,1204,0
GWR,D,20130925,000000,1.7117,1.7117,1.6146,1.6146,414,0
GWR,D,20130926,000000,1.7117,1.7175,1.6547,1.6547,2207,0
GWR,D,20130927,000000,1.7574,1.7574,1.7574,1.7574,2,0
GWR,D,20130930,000000,1.7574,1.7574,1.6375,1.6375,1756,0
GWR,D,20131001,000000,1.6547,1.6547,1.6547,1.6547,9,0
GWR,D,20131002,000000,1.6547,1.6547,1.6547,1.6547,1,0
GWR,D,20131003,000000,1.6547,1.6547,1.6547,1.6547,2,0
GWR,D,20131004,000000,1.6547,1.6547,1.6547,1.6547,1,0
GWR,D,20131007,000000,1.6547,1.6547,1.6547,1.6547,1,0
GWR,D,20131008,000000,1.6547,1.6547,1.6261,1.6261,2394,0
GWR,D,20131009,000000,1.6375,1.6375,1.609,1.609,1755,0
GWR,D,20131010,000000,1.609,1.6547,1.609,1.6547,753,0
GWR,D,20131011,000000,1.6833,1.6833,1.6833,1.6833,351,0
GWR,D,20131014,000000,1.6833,1.6833,1.6833,1.6833,965,0
GWR,D,20131015,000000,1.7231,1.7231,1.7231,1.7231,17,0
GWR,D,20131016,000000,1.7117,1.7745,1.7117,1.7745,1193,0
GWR,D,20131017,000000,1.7802,1.7802,1.7802,1.7802,172,0
GWR,D,20131018,000000,1.8145,1.8258,1.8145,1.8258,1206,0
GWR,D,20131021,000000,1.8829,1.9001,1.8829,1.9001,496,0
GWR,D,20131022,000000,1.9057,1.9057,1.9057,1.9057,246,0
GWR,D,20131023,000000,1.9057,1.9057,1.7175,1.7175,4278,0
GWR,D,20131024,000000,1.8772,1.8772,1.7231,1.7231,3303,0
GWR,D,20131025,000000,1.7004,1.7231,1.7004,1.7231,2346,0
GWR,D,20131028,000000,1.8772,1.8772,1.7117,1.7117,3091,0
GWR,D,20131029,000000,1.7117,1.7117,1.7117,1.7117,10073,0
GWR,D,20131030,000000,1.7117,1.7117,1.7117,1.7117,2034,0
GWR,D,20131031,000000,1.7117,1.7117,1.7117,1.7117,540,0
GWR,D,20131104,000000,1.7061,1.7061,1.7061,1.7061,17,0
GWR,D,20131105,000000,1.7061,1.7061,1.7061,1.7061,17,0
GWR,D,20131106,000000,1.7061,1.7061,1.7061,1.7061,2,0
GWR,D,20131107,000000,1.7061,1.7061,1.7061,1.7061,3,0
GWR,D,20131108,000000,1.7061,1.7061,1.7061,1.7061,10,0
GWR,D,20131112,000000,1.7061,1.7061,1.7061,1.7061,2,0
GWR,D,20131113,000000,1.7973,1.8031,1.7973,1.8031,9,0
GWR,D,20131114,000000,1.8031,1.8031,1.7859,1.7859,57,0
GWR,D,20131115,000000,1.7859,1.7859,1.6833,1.7117,9650,0
GWR,D,20131118,000000,1.6661,1.7175,1.6661,1.7175,843,0
GWR,D,20131119,000000,1.7745,1.7745,1.7745,1.7745,2,0
GWR,D,20131120,000000,1.7745,1.7745,1.7745,1.7745,1,0
GWR,D,20131121,000000,1.7745,1.7745,1.7745,1.7745,2,0
GWR,D,20131122,000000,1.7745,1.7745,1.7745,1.7745,1,0
GWR,D,20131125,000000,1.7745,1.7745,1.7745,1.7745,1,0
GWR,D,20131126,000000,1.7688,1.7688,1.7688,1.7688,2,0
GWR,D,20131127,000000,1.7688,1.7688,1.7688,1.7688,2,0
GWR,D,20131128,000000,1.7631,1.7631,1.7631,1.7631,527,0
GWR,D,20131129,000000,1.7631,1.7631,1.7631,1.7631,2,0
GWR,D,20131202,000000,1.7745,1.7745,1.7745,1.7745,9,0
GWR,D,20131203,000000,1.7745,1.7745,1.7745,1.7745,2,0
GWR,D,20131204,000000,1.7688,1.7688,1.7117,1.7117,126,0
GWR,D,20131205,000000,1.7745,1.7745,1.7745,1.7745,10,0
GWR,D,20131206,000000,1.7745,1.7745,1.7745,1.7745,2,0
GWR,D,20131209,000000,1.7745,1.7745,1.6833,1.6833,9,0
GWR,D,20131210,000000,1.7745,1.7745,1.7745,1.7745,10,0
GWR,D,20131211,000000,1.7631,1.7631,1.7631,1.7631,2,0
GWR,D,20131212,000000,1.7688,1.7688,1.7688,1.7688,2,0
GWR,D,20131213,000000,1.7631,1.7631,1.7631,1.7631,2,0
GWR,D,20131216,000000,1.7631,1.7631,1.7631,1.7631,10,0
GWR,D,20131217,000000,1.7631,1.7631,1.7631,1.7631,2,0
GWR,D,20131218,000000,1.7631,1.7631,1.7631,1.7631,1,0
GWR,D,20131219,000000,1.7631,1.7631,1.7631,1.7631,2,0
GWR,D,20131220,000000,1.7631,1.7631,1.746,1.7574,703,0
GWR,D,20131223,000000,1.7631,1.7631,1.7631,1.7631,2,0
GWR,D,20131227,000000,1.7061,1.7061,1.7061,1.7061,36,0
GWR,D,20131230,000000,1.7061,1.7117,1.7061,1.7117,297,0
GWR,D,20140102,000000,1.7117,1.7117,1.7117,1.7117,547,0
GWR,D,20140103,000000,1.6604,1.6604,1.6604,1.6604,2,0
GWR,D,20140107,000000,1.6661,1.6661,1.6661,1.6661,10,0
GWR,D,20140108,000000,1.6661,1.6661,1.6661,1.6661,1,0
GWR,D,20140109,000000,1.6661,1.6661,1.6661,1.6661,2,0
GWR,D,20140110,000000,1.6661,1.6833,1.6661,1.6833,703,0
GWR,D,20140113,000000,1.6661,1.6661,1.6661,1.6661,1,0
GWR,D,20140114,000000,1.6661,1.6661,1.6661,1.6661,3,0
GWR,D,20140115,000000,1.6661,1.7175,1.6661,1.7175,308,0
GWR,D,20140116,000000,1.7631,1.7631,1.7631,1.7631,2,0
GWR,D,20140117,000000,1.7631,1.7631,1.7631,1.7631,2,0
GWR,D,20140120,000000,1.7518,1.7518,1.7518,1.7518,1,0
GWR,D,20140121,000000,1.7518,1.7518,1.7518,1.7518,2,0
GWR,D,20140122,000000,1.6833,1.6833,1.6833,1.6833,10,0
GWR,D,20140123,000000,1.7004,1.7004,1.7004,1.7004,2,0
GWR,D,20140124,000000,1.7004,1.7004,1.7004,1.7004,869,0
GWR,D,20140127,000000,1.6833,1.6833,1.6833,1.6833,9,0
GWR,D,20140128,000000,1.6833,1.6833,1.6833,1.6833,10,0
GWR,D,20140129,000000,1.7117,1.7117,1.7117,1.7117,441,0
GWR,D,20140130,000000,1.7117,1.7117,1.7117,1.7117,1,0
GWR,D,20140131,000000,1.7117,1.7117,1.7117,1.7117,2,0
GWR,D,20140203,000000,1.7117,1.7117,1.7117,1.7117,2,0
GWR,D,20140204,000000,1.7117,1.7117,1.7117,1.7117,344,0
GWR,D,20140205,000000,1.7117,1.7117,1.7117,1.7117,2,0
GWR,D,20140206,000000,1.7117,1.7117,1.7117,1.7117,1,0
GWR,D,20140207,000000,1.7117,1.7117,1.7117,1.7117,2,0
GWR,D,20140210,000000,1.7117,1.7117,1.7117,1.7117,1,0
GWR,D,20140211,000000,1.7117,1.7117,1.7117,1.7117,2,0
GWR,D,20140212,000000,1.7117,1.7117,1.7117,1.7117,1,0
GWR,D,20140213,000000,1.7117,1.7117,1.7117,1.7117,2,0
GWR,D,20140214,000000,1.7117,1.746,1.7117,1.7117,9817,0
GWR,D,20140217,000000,1.7574,1.7574,1.7574,1.7574,2,0
GWR,D,20140218,000000,1.7574,1.7574,1.7574,1.7574,53,0
GWR,D,20140219,000000,1.7574,1.7574,1.7574,1.7574,2,0
GWR,D,20140220,000000,1.7574,1.7574,1.7004,1.7004,537,0
GWR,D,20140221,000000,1.7574,1.7574,1.7574,1.7574,2,0
GWR,D,20140224,000000,1.7403,1.7403,1.7403,1.7403,1,0
GWR,D,20140225,000000,1.7403,1.7403,1.7004,1.7004,3327,0
GWR,D,20140226,000000,1.7403,1.7403,1.7403,1.7403,179,0
GWR,D,20140227,000000,1.7345,1.7345,1.7345,1.7345,2,0
GWR,D,20140228,000000,1.7004,1.7004,1.7004,1.7004,12,0
GWR,D,20140303,000000,1.7004,1.7004,1.6833,1.6833,157,0
GWR,D,20140304,000000,1.7403,1.7403,1.7403,1.7403,2,0
GWR,D,20140305,000000,1.7403,1.7403,1.7117,1.7117,1055,0
GWR,D,20140306,000000,1.7117,1.7117,1.7117,1.7117,2,0
GWR,D,20140307,000000,1.7403,1.7403,1.7403,1.7403,2,0
GWR,D,20140310,000000,1.7403,1.7403,1.7403,1.7403,2,0
GWR,D,20140311,000000,1.7403,1.7403,1.7403,1.7403,2,0
GWR,D,20140312,000000,1.6833,1.6833,1.6833,1.6833,10,0
GWR,D,20140313,000000,1.7403,1.7403,1.7403,1.7403,2,0
GWR,D,20140314,000000,1.7403,1.7403,1.7403,1.7403,2,0
GWR,D,20140317,000000,1.7403,1.7403,1.7403,1.7403,2,0
GWR,D,20140318,000000,1.7403,1.7403,1.7403,1.7403,2,0
GWR,D,20140319,000000,1.7403,1.7403,1.7403,1.7403,2,0
GWR,D,20140320,000000,1.7403,1.7403,1.7403,1.7403,2,0
GWR,D,20140321,000000,1.6833,1.6833,1.6833,1.6833,10,0
GWR,D,20140324,000000,1.7061,1.7061,1.7061,1.7061,1327,0
GWR,D,20140325,000000,1.7403,1.7403,1.7403,1.7403,1,0
GWR,D,20140326,000000,1.7403,1.7403,1.7403,1.7403,2,0
GWR,D,20140327,000000,1.7345,1.7345,1.7345,1.7345,10,0
GWR,D,20140328,000000,1.7345,1.7345,1.7345,1.7345,10,0
GWR,D,20140331,000000,1.7288,1.7288,1.6661,1.6661,11,0
GWR,D,20140401,000000,1.6661,1.6661,1.6661,1.6661,1,0
GWR,D,20140402,000000,1.746,1.746,1.6661,1.6661,9642,0
GWR,D,20140403,000000,1.7403,1.7403,1.7403,1.7403,9,0
GWR,D,20140404,000000,1.7403,1.7403,1.7403,1.7403,2,0
GWR,D,20140408,000000,1.7403,1.7403,1.7403,1.7403,2,0
GWR,D,20140409,000000,1.7403,1.7403,1.7403,1.7403,1,0
GWR,D,20140410,000000,1.7403,1.7403,1.6833,1.6833,562,0
GWR,D,20140411,000000,1.6833,1.6833,1.6833,1.6833,9,0
GWR,D,20140414,000000,1.7345,1.7345,1.6375,1.6375,391,0
GWR,D,20140415,000000,1.6375,1.7345,1.6375,1.6433,398,0
GWR,D,20140416,000000,1.6433,1.6433,1.6433,1.6433,2,0
GWR,D,20140417,000000,1.6433,1.6433,1.6433,1.6433,2,0
GWR,D,20140422,000000,1.6433,1.6433,1.6433,1.6433,1,0
GWR,D,20140423,000000,1.6433,1.6433,1.6433,1.6433,2,0
GWR,D,20140424,000000,1.6433,1.6433,1.6433,1.6433,2,0
GWR,D,20140425,000000,1.6433,1.6433,1.6433,1.6433,97,0
GWR,D,20140428,000000,1.6489,1.6489,1.6489,1.6489,220,0
GWR,D,20140429,000000,1.6547,1.6547,1.6547,1.6547,1,0
GWR,D,20140430,000000,1.6547,1.6547,1.6547,1.6547,1,0
GWR,D,20140502,000000,1.6547,1.6547,1.6547,1.6547,10,0
GWR,D,20140512,000000,1.7231,1.7574,1.7231,1.7574,1753,0
GWR,D,20140513,000000,1.7117,1.7117,1.7117,1.7117,1753,0
GWR,D,20140514,000000,1.7117,1.7117,1.7117,1.7117,1,0
GWR,D,20140515,000000,1.7117,1.7117,1.7117,1.7117,1,0
GWR,D,20140516,000000,1.7117,1.7117,1.7117,1.7117,1,0
GWR,D,20140519,000000,1.7117,1.7117,1.6775,1.6775,24,0
GWR,D,20140520,000000,1.6775,1.6775,1.6775,1.6775,327,0
GWR,D,20140527,000000,1.6547,1.7061,1.6547,1.7061,1076,0
GWR,D,20140530,000000,1.746,1.7802,1.746,1.7802,4078,0
GWR,D,20140603,000000,1.8543,1.8715,1.8543,1.8715,876,0
GWR,D,20140606,000000,1.8258,1.8715,1.8258,1.8715,100,0
GWR,D,20140609,000000,1.8715,1.9913,1.8715,1.9115,2593,0
GWR,D,20140610,000000,1.9057,1.9057,1.8829,1.8829,2278,0
GWR,D,20140612,000000,1.8829,1.8829,1.8829,1.8829,3334,0
GWR,D,20140616,000000,1.8258,1.8829,1.8258,1.8829,1450,0
GWR,D,20140617,000000,1.9399,1.9399,1.9399,1.9399,1674,0
GWR,D,20140620,000000,1.9399,1.9399,1.9399,1.9399,525,0
GWR,D,20140623,000000,1.9685,1.997,1.9399,1.9399,5336,0
GWR,D,20140624,000000,1.9399,1.9399,1.9399,1.9399,2623,0
GWR,D,20140625,000000,1.9399,1.9399,1.9399,1.9399,1138,0
GWR,D,20140626,000000,1.9856,2.0483,1.9399,2.0426,6127,0
GWR,D,20140627,000000,2.0369,2.0426,1.997,1.997,7964,0
GWR,D,20140630,000000,1.997,1.997,1.997,1.997,1753,0
GWR,D,20140702,000000,1.997,1.997,1.9399,1.9399,1491,0
GWR,D,20140703,000000,1.9457,1.9457,1.9399,1.9399,2296,0
GWR,D,20140704,000000,1.9399,1.9399,1.8715,1.8715,2454,0
GWR,D,20140710,000000,1.9104,1.9104,1.9104,1.9104,772,0
GWR,D,20140714,000000,1.9168,1.9168,1.9168,1.9168,772,0
GWR,D,20140715,000000,1.9427,2.0982,1.9427,2.0982,1411,0
GWR,D,20140716,000000,2.0982,2.2018,2.0722,2.1888,649,0
GWR,D,20140717,000000,1.9751,2.0075,1.9751,2.0075,3284,0
GWR,D,20140718,000000,1.9233,2.0075,1.9233,2.0075,912,0
GWR,D,20140721,000000,2.0075,2.1694,2.0075,2.1694,1050,0
GWR,D,20140722,000000,2.0399,2.1694,2.0399,2.1694,636,0
GWR,D,20140729,000000,2.1694,2.2018,1.9816,2.2018,1439,0
GWR,D,20140730,000000,2.2018,2.6422,2.2018,2.3313,4651,0
GWR,D,20140731,000000,2.3184,2.5514,2.2147,2.4608,1188,0
GWR,D,20140801,000000,2.15,2.4608,2.15,2.4608,780,0
GWR,D,20140804,000000,2.15,2.4543,2.15,2.4543,810,0
GWR,D,20140807,000000,2.1176,2.3636,2.1176,2.3636,850,0
GWR,D,20140808,000000,2.4478,2.4478,2.0852,2.396,803,0
GWR,D,20140811,000000,2.0722,2.3636,2.0722,2.3636,788,0
GWR,D,20140812,000000,2.0399,2.3636,2.0399,2.3636,780,0
GWR,D,20140814,000000,2.0722,2.3572,2.0399,2.3572,2364,0
GWR,D,20140822,000000,2.0722,2.3572,2.001,2.3572,1868,0
GWR,D,20140826,000000,2.0982,2.2924,2.0982,2.2924,402,0
GWR,D,20140904,000000,2.001,2.286,1.9816,2.286,918,0
GWR,D,20140910,000000,2.0399,2.1953,1.9686,2.0658,2346,0
GWR,D,20140917,000000,2.0658,2.0658,2.0658,2.0658,49,0
GWR,D,20141001,000000,2.0593,2.0593,2.0593,2.0593,1545,0
GWR,D,20141013,000000,2.0593,2.0593,2.0593,2.0593,463,0
GWR,D,20141014,000000,2.0463,2.0463,2.0399,2.0399,772,0
GWR,D,20141015,000000,2.0399,2.0399,2.0399,2.0399,772,0
GWR,D,20141020,000000,2.001,2.0399,2.001,2.0399,169,0
GWR,D,20141021,000000,1.9881,1.9881,1.9881,1.9881,115,0
GWR,D,20141023,000000,1.9881,1.9881,1.9881,1.9881,386,0
GWR,D,20141104,000000,2.0982,2.0982,2.0982,2.0982,15,0
GWR,D,20141114,000000,1.9881,1.9881,1.9881,1.9881,5366,0
GWR,D,20141121,000000,1.9881,1.9881,1.9881,1.9881,810,0
GWR,D,20141205,000000,1.9621,1.9621,1.9621,1.9621,772,0
GWR,D,20141208,000000,1.9621,1.9621,1.9621,1.9621,77,0
GWR,D,20141211,000000,2.0075,2.0075,2.0075,2.0075,725,0
GWR,D,20141212,000000,2.0075,2.0075,2.0075,2.0075,516,0
GWR,D,20141216,000000,2.0075,2.0075,1.9427,1.9427,927,0
GWR,D,20150105,000000,2.0399,2.0399,2.0399,2.0399,602,0
GWR,D,20150116,000000,2.0722,2.0722,2.0722,2.0722,1108,0
GWR,D,20150123,000000,2.0982,2.137,2.0722,2.137,1145,0
GWR,D,20150203,000000,2.0399,2.0722,2.0399,2.0722,1545,0
GWR,D,20150206,000000,2.0722,2.0722,2.0722,2.0722,772,0
GWR,D,20150210,000000,2.0722,2.0982,2.0722,2.0982,1346,0
GWR,D,20150216,000000,2.4478,2.4478,2.0787,2.0787,3318,0
GWR,D,20150217,000000,2.1694,2.1694,2.1694,2.1694,1,0
GWR,D,20150218,000000,2.0787,2.0787,2.0787,2.0787,463,0
GWR,D,20150219,000000,2.0463,2.0463,2.0399,2.0399,2241,0
GWR,D,20150225,000000,2.0399,2.1045,2.0399,2.1045,901,0
GWR,D,20150226,000000,2.0528,2.0528,2.0075,2.0075,880,0
GWR,D,20150302,000000,2.0399,2.0399,2.0399,2.0399,327,0
GWR,D,20150303,000000,2.0722,2.0722,2.0722,2.0722,308,0
GWR,D,20150305,000000,2.0722,2.0722,2.0722,2.0722,155,0
GWR,D,20150306,000000,2.0722,2.1112,2.0722,2.1112,2008,0
GWR,D,20150309,000000,2.0722,2.0722,2.0658,2.0658,1778,0
GWR,D,20150313,000000,2.1112,2.1112,2.1112,2.1112,1388,0
GWR,D,20150323,000000,2.137,2.137,2.137,2.137,12,0
GWR,D,20150324,000000,2.137,2.137,2.137,2.137,114,0
GWR,D,20150325,000000,2.1045,2.1045,2.1045,2.1045,1430,0
GWR,D,20150326,000000,2.0787,2.1045,2.0787,2.1045,1003,0
GWR,D,20150407,000000,2.1045,2.1305,2.1045,2.1045,13000,0
GWR,D,20150422,000000,2.0852,2.0852,2.0852,2.0852,772,0
GWR,D,20150423,000000,2.0917,2.0917,2.0722,2.0787,5893,0
GWR,D,20150429,000000,2.0722,2.0722,2.0722,2.0722,1206,0
GWR,D,20150508,000000,2.1045,2.1045,2.1045,2.1045,1186,0
GWR,D,20150511,000000,2.0399,2.0399,1.9427,1.9427,1529,0
GWR,D,20150519,000000,2.0075,2.0075,1.9751,1.9751,1391,0
GWR,D,20150520,000000,1.9751,1.9751,1.9751,1.9751,123,0
GWR,D,20150521,000000,1.9751,2.1628,1.9751,2.0722,32146,0
GWR,D,20150522,000000,2.0722,2.0982,2.0722,2.0982,5482,0
GWR,D,20150525,000000,2.0917,2.0982,2.0917,2.0982,3783,0
GWR,D,20150526,000000,2.0593,2.0982,2.0333,2.0982,1884,0
GWR,D,20150527,000000,2.0075,2.0852,2.0075,2.0852,1545,0
GWR,D,20150528,000000,2.0722,2.0722,2.0658,2.0722,3088,0
GWR,D,20150529,000000,2.0722,2.0722,2.0722,2.0722,482,0
GWR,D,20150601,000000,2.0722,2.0917,2.0722,2.0917,7473,0
GWR,D,20150602,000000,2.137,2.137,2.137,2.137,15791,0
GWR,D,20150603,000000,2.137,2.137,2.1241,2.1241,1235,0
GWR,D,20150605,000000,2.1045,2.137,2.1045,2.1241,4262,0
GWR,D,20150608,000000,2.1112,2.1112,2.0982,2.1045,6718,0
GWR,D,20150609,000000,2.0982,2.0982,2.0982,2.0982,6546,0
GWR,D,20150610,000000,2.1045,2.1045,2.0917,2.0917,1838,0
GWR,D,20150611,000000,2.1305,2.1305,2.1305,2.1305,1926,0
GWR,D,20150612,000000,2.1305,2.1628,2.1305,2.1628,7173,0
GWR,D,20150615,000000,2.0982,2.3442,2.0982,2.3313,9649,0
GWR,D,20150616,000000,2.2665,2.2665,2.2341,2.2341,669,0
GWR,D,20150617,000000,2.3248,2.3313,2.3248,2.3313,1429,0
GWR,D,20150618,000000,2.3248,2.3248,2.2406,2.2406,4448,0
GWR,D,20150619,000000,2.2795,2.3248,2.2665,2.3248,8381,0
GWR,D,20150622,000000,2.3248,2.3248,2.3248,2.3248,896,0
GWR,D,20150623,000000,2.3248,2.3896,2.286,2.286,8945,0
GWR,D,20150624,000000,2.3636,2.3702,2.3636,2.3702,801,0
GWR,D,20150625,000000,2.2989,2.2989,2.2989,2.2989,3944,0
GWR,D,20150626,000000,2.2989,2.2989,2.2989,2.2989,1362,0
GWR,D,20150629,000000,2.2989,2.3702,2.2989,2.3636,1305,0
GWR,D,20150703,000000,2.3507,2.3507,2.3507,2.3507,327,0
GWR,D,20150706,000000,2.3053,2.3053,2.2989,2.2989,3775,0
GWR,D,20150707,000000,2.3313,2.3702,2.2406,2.2406,19615,0
GWR,D,20150708,000000,2.2665,2.2924,2.2665,2.2924,17491,0
GWR,D,20150709,000000,2.2924,2.3184,2.2795,2.286,28683,0
GWR,D,20150710,000000,2.286,2.3184,2.2795,2.2924,6930,0
GWR,D,20150713,000000,2.3184,2.3184,2.2989,2.3053,18414,0
GWR,D,20150714,000000,2.3053,2.3119,2.2989,2.3053,18618,0
GWR,D,20150715,000000,2.2908,2.2908,2.2615,2.2615,4345,0
GWR,D,20150716,000000,2.2615,2.2762,2.2251,2.2762,3112,0
GWR,D,20150717,000000,2.2835,2.3273,2.2835,2.3273,19680,0
GWR,D,20150720,000000,2.2835,2.2981,2.2835,2.2981,5483,0
GWR,D,20150721,000000,2.2981,2.2981,2.2835,2.2835,13707,0
GWR,D,20150722,000000,2.2835,2.2835,2.2835,2.2835,1312,0
GWR,D,20150723,000000,2.2835,2.2835,2.2835,2.2835,2371,0
GWR,D,20150724,000000,2.2981,2.2981,2.2615,2.2615,945,0
GWR,D,20150727,000000,2.2762,2.2762,2.2762,2.2762,385,0
GWR,D,20150728,000000,2.2324,2.2324,2.2251,2.2251,685,0
GWR,D,20150729,000000,2.2981,2.2981,2.2981,2.2981,649,0
GWR,D,20150731,000000,2.2908,2.2908,2.2908,2.2908,41,0
GWR,D,20150803,000000,2.3053,2.3273,2.3053,2.3273,3503,0
GWR,D,20150804,000000,2.3273,2.3346,2.2981,2.2981,8758,0
GWR,D,20150806,000000,2.3127,2.3127,2.2615,2.2615,1713,0
GWR,D,20150807,000000,2.3346,2.3346,2.3346,2.3346,41,0
GWR,D,20150810,000000,2.2615,2.3273,2.2615,2.3273,1350,0
GWR,D,20150812,000000,2.3273,2.3491,2.3273,2.3491,1405,0
GWR,D,20150814,000000,2.3491,2.4805,2.3346,2.3711,33568,0
GWR,D,20150817,000000,2.3856,2.4658,2.3856,2.4658,4252,0
GWR,D,20150818,000000,2.4513,2.4513,2.4294,2.444,5502,0
GWR,D,20150819,000000,2.4367,2.4367,2.4367,2.4367,3289,0
GWR,D,20150820,000000,2.422,2.422,2.422,2.422,1097,0
GWR,D,20150821,000000,2.4075,2.4367,2.4075,2.4367,2878,0
GWR,D,20150824,000000,2.4075,2.4294,2.3565,2.4294,2204,0
GWR,D,20150825,000000,2.4294,2.4294,2.4294,2.4294,685,0
GWR,D,20150827,000000,2.4294,2.4294,2.4075,2.422,575,0
GWR,D,20150828,000000,2.4149,2.4149,2.4149,2.4149,137,0
GWR,D,20150831,000000,2.3565,2.4149,2.3565,2.4149,1987,0
GWR,D,20150901,000000,2.4002,2.4002,2.4002,2.4002,40,0
GWR,D,20150902,000000,2.3346,2.3346,2.3346,2.3346,884,0
GWR,D,20150903,000000,2.3346,2.4149,2.3053,2.4149,4185,0
GWR,D,20150908,000000,2.4075,2.4075,2.4075,2.4075,685,0
GWR,D,20150909,000000,2.4075,2.4075,2.4075,2.4075,535,0
GWR,D,20150910,000000,2.3929,2.3929,2.3929,2.3929,79,0
GWR,D,20150911,000000,2.3565,2.3929,2.3565,2.3929,3194,0
GWR,D,20150914,000000,2.3929,2.3929,2.3929,2.3929,616,0
GWR,D,20150915,000000,2.3637,2.3856,2.3637,2.3856,1743,0
GWR,D,20150916,000000,2.3783,2.3783,2.3783,2.3783,57,0
GWR,D,20150917,000000,2.3711,2.3711,2.3127,2.3127,3331,0
GWR,D,20150918,000000,2.3491,2.3491,2.2835,2.2835,2056,0
GWR,D,20150921,000000,2.4075,2.4075,2.3491,2.3491,699,0
GWR,D,20150922,000000,2.4075,2.4075,2.4075,2.4075,902,0
GWR,D,20150923,000000,2.3053,2.4002,2.3053,2.4002,1384,0
GWR,D,20150924,000000,2.3929,2.3929,2.3929,2.3929,685,0
GWR,D,20151001,000000,2.3856,2.3856,2.3783,2.3783,889,0
GWR,D,20151006,000000,2.2981,2.2981,2.2981,2.2981,685,0
GWR,D,20151007,000000,2.3711,2.3711,2.3711,2.3711,1,0
GWR,D,20151009,000000,2.2981,2.3711,2.2981,2.3711,1098,0
GWR,D,20151013,000000,2.2981,2.3711,2.2981,2.3199,1177,0
GWR,D,20151014,000000,2.3053,2.3053,2.3053,2.3053,816,0
GWR,D,20151019,000000,2.3711,2.3711,2.3711,2.3711,552,0
GWR,D,20151020,000000,2.3491,2.3491,2.3491,2.3491,685,0
GWR,D,20151021,000000,2.3418,2.3418,2.1886,2.2251,60157,0
GWR,D,20151022,000000,2.2762,2.2762,2.2762,2.2762,105,0
GWR,D,20151023,000000,2.2762,2.2762,2.2762,2.2762,58,0
GWR,D,20151026,000000,2.2615,2.2981,2.2615,2.2981,2743,0
GWR,D,20151027,000000,2.3127,2.3127,2.3127,2.3127,685,0
GWR,D,20151028,000000,2.3053,2.3053,2.3053,2.3053,442,0
GWR,D,20151029,000000,2.2615,2.2981,2.2615,2.2981,212,0
GWR,D,20151102,000000,2.2908,2.2908,2.2544,2.2544,1326,0
GWR,D,20151103,000000,2.2908,2.2908,2.2908,2.2908,220,0
GWR,D,20151104,000000,2.2324,2.2324,2.2251,2.2251,11651,0
GWR,D,20151106,000000,2.2689,2.2689,2.2689,2.2689,494,0
GWR,D,20151112,000000,2.2615,2.2615,2.196,2.196,1110,0
GWR,D,20151113,000000,2.196,2.2544,2.196,2.2544,1594,0
GWR,D,20151116,000000,2.2544,2.3273,2.2544,2.2689,5181,0
GWR,D,20151117,000000,2.3127,2.3127,2.3127,2.3127,13,0
GWR,D,20151119,000000,2.2615,2.2615,2.2615,2.2615,412,0
GWR,D,20151120,000000,2.2397,2.2397,2.2397,2.2397,481,0
GWR,D,20151123,000000,2.2397,2.2981,2.2251,2.2981,3084,0
GWR,D,20151127,000000,2.2544,2.2544,2.2544,2.2544,1371,0
GWR,D,20151130,000000,2.2689,2.2689,2.247,2.247,751,0
GWR,D,20151201,000000,2.247,2.2981,2.247,2.2981,1670,0
GWR,D,20151202,000000,2.2615,2.2615,2.2324,2.2324,2056,0
GWR,D,20151204,000000,2.247,2.247,2.2397,2.2397,1491,0
GWR,D,20151208,000000,2.2835,2.2835,2.2324,2.2324,2988,0
GWR,D,20151209,000000,2.2324,2.2324,2.2251,2.2324,6049,0
GWR,D,20151210,000000,2.2324,2.2324,2.2324,2.2324,800,0
GWR,D,20151211,000000,2.2251,2.2251,2.2251,2.2251,548,0
GWR,D,20151216,000000,2.2324,2.2324,2.2324,2.2324,412,0
GWR,D,20151217,000000,2.2324,2.2324,2.2324,2.2324,7608,0
GWR,D,20151221,000000,2.2251,2.2251,2.2251,2.2251,548,0
GWR,D,20151222,000000,2.2324,2.2324,2.1886,2.1886,5346,0
GWR,D,20151223,000000,2.2251,2.2251,2.1886,2.1886,3289,0
GWR,D,20151228,000000,2.1886,2.2762,2.1886,2.1886,7847,0
GWR,D,20151229,000000,2.1886,2.1886,2.1813,2.1813,1165,0
GWR,D,20151230,000000,2.1886,2.1886,2.1813,2.1886,3132,0
GWR,D,20160104,000000,2.2615,2.2615,2.2615,2.2615,122,0
GWR,D,20160105,000000,2.2106,2.2106,2.2032,2.2032,1371,0
GWR,D,20160107,000000,2.1886,2.2032,2.1886,2.2032,4501,0
GWR,D,20160108,000000,2.1886,2.1886,2.1741,2.1886,7904,0
GWR,D,20160112,000000,2.1886,2.2762,2.1886,2.2762,1281,0
GWR,D,20160114,000000,2.2762,2.2762,2.1886,2.1886,890,0
GWR,D,20160115,000000,2.2032,2.2032,2.2032,2.2032,1097,0
GWR,D,20160119,000000,2.1886,2.1886,2.1741,2.1741,2773,0
GWR,D,20160120,000000,2.1741,2.1741,2.1594,2.1594,4524,0
GWR,D,20160121,000000,2.2544,2.2544,2.2544,2.2544,1,0
GWR,D,20160125,000000,2.2251,2.2251,2.1886,2.1886,1782,0
GWR,D,20160126,000000,2.1886,2.1886,2.1886,2.1886,261,0
GWR,D,20160127,000000,2.2397,2.2397,2.1886,2.1886,1658,0
GWR,D,20160128,000000,2.2251,2.2251,2.2251,2.2251,438,0
GWR,D,20160201,000000,2.2251,2.2251,2.2251,2.2251,481,0
GWR,D,20160202,000000,2.2397,2.2397,2.1886,2.1886,877,0
GWR,D,20160203,000000,2.1886,2.1886,2.1886,2.1886,412,0
GWR,D,20160204,000000,2.2324,2.2324,2.1886,2.2324,594,0
GWR,D,20160205,000000,2.2324,2.2324,2.2324,2.2324,2207,0
GWR,D,20160208,000000,2.1886,2.1886,2.1886,2.1886,1347,0
GWR,D,20160209,000000,2.1886,2.1886,2.1886,2.1886,481,0
GWR,D,20160210,000000,2.1886,2.247,2.1886,2.247,246,0
GWR,D,20160212,000000,2.247,2.247,2.247,2.247,344,0
GWR,D,20160215,000000,2.247,2.4294,2.247,2.2981,6809,0
GWR,D,20160216,000000,2.3783,2.4367,2.3711,2.4075,10347,0
GWR,D,20160217,000000,2.4294,2.444,2.3711,2.444,1854,0
GWR,D,20160219,000000,2.444,2.444,2.444,2.444,68,0
GWR,D,20160222,000000,2.4367,2.4367,2.4367,2.4367,699,0
GWR,D,20160223,000000,2.444,2.444,2.444,2.444,1832,0
GWR,D,20160224,000000,2.4951,2.5316,2.4951,2.5316,3114,0
GWR,D,20160225,000000,2.517,2.5461,2.517,2.5461,471,0
GWR,D,20160226,000000,2.5461,2.5899,2.5461,2.5899,2741,0
GWR,D,20160301,000000,2.5534,2.5534,2.5534,2.5534,109,0
GWR,D,20160304,000000,2.5316,2.5316,2.4805,2.4805,6086,0
GWR,D,20160307,000000,2.5316,2.5753,2.5316,2.5753,2606,0
GWR,D,20160309,000000,2.5753,2.5753,2.5753,2.5753,53,0
GWR,D,20160310,000000,2.5826,2.5899,2.517,2.517,2003,0
GWR,D,20160311,000000,2.5534,2.5534,2.5534,2.5534,1371,0
GWR,D,20160314,000000,2.5534,2.5534,2.4805,2.4805,1958,0
GWR,D,20160315,000000,2.5534,2.5826,2.5534,2.5826,1371,0
GWR,D,20160316,000000,2.4805,2.517,2.4805,2.517,920,0
GWR,D,20160317,000000,2.517,2.517,2.517,2.517,314,0
GWR,D,20160318,000000,2.5534,2.5534,2.5534,2.5534,822,0
GWR,D,20160321,000000,2.5461,2.5461,2.5461,2.5461,412,0
GWR,D,20160322,000000,2.5461,2.5461,2.5461,2.5461,1313,0
GWR,D,20160323,000000,2.5534,2.5534,2.517,2.517,795,0
GWR,D,20160324,000000,2.517,2.517,2.517,2.517,685,0
GWR,D,20160329,000000,2.517,2.517,2.517,2.517,412,0
GWR,D,20160330,000000,2.568,2.568,2.568,2.568,99,0
GWR,D,20160401,000000,2.5753,2.5753,2.5753,2.5753,108,0
GWR,D,20160404,000000,2.5899,2.5899,2.5899,2.5899,58,0
GWR,D,20160405,000000,2.5826,2.5826,2.5826,2.5826,116,0
GWR,D,20160407,000000,2.517,2.517,2.517,2.517,412,0
GWR,D,20160408,000000,2.4951,2.4951,2.4805,2.4805,1401,0
GWR,D,20160411,000000,2.517,2.517,2.517,2.517,412,0
GWR,D,20160412,000000,2.517,2.517,2.4805,2.4805,1131,0
GWR,D,20160413,000000,2.4951,2.4951,2.4951,2.4951,412,0
GWR,D,20160414,000000,2.4951,2.4951,2.4805,2.4805,959,0
GWR,D,20160415,000000,2.4805,2.4878,2.4658,2.4658,2540,0
GWR,D,20160421,000000,2.4805,2.4951,2.4805,2.4805,1816,0
GWR,D,20160425,000000,2.5461,2.5461,2.5242,2.5242,932,0
GWR,D,20160429,000000,2.5242,2.5242,2.5242,2.5242,412,0
GWR,D,20160502,000000,2.5096,2.5096,2.5096,2.5096,58,0
GWR,D,20160504,000000,2.517,2.517,2.5096,2.5096,299,0
GWR,D,20160506,000000,2.4878,2.4878,2.444,2.444,732,0
GWR,D,20160509,000000,2.444,2.444,2.444,2.444,165,0
GWR,D,20160510,000000,2.444,2.444,2.444,2.444,2305,0
GWR,D,20160511,000000,2.4513,2.4513,2.4367,2.4367,2741,0
GWR,D,20160513,000000,2.517,2.6191,2.517,2.6191,2741,0
GWR,D,20160516,000000,2.6191,2.6336,2.6191,2.6336,2210,0
GWR,D,20160517,000000,2.641,2.6556,2.6336,2.6556,4250,0
GWR,D,20160518,000000,2.6556,2.692,2.6556,2.692,2227,0
GWR,D,20160519,000000,2.7212,3.2318,2.7212,2.8599,19477,0
GWR,D,20160520,000000,2.9182,2.9984,2.8453,2.9182,3399,0
GWR,D,20160523,000000,2.9037,2.9037,2.8599,2.8599,3131,0
GWR,D,20160524,000000,2.8963,2.9546,2.8963,2.9546,7559,0
GWR,D,20160525,000000,3.0204,3.4142,2.962,3.2829,34603,0
GWR,D,20160527,000000,3.1371,3.2684,3.1371,3.2465,1672,0
GWR,D,20160530,000000,3.013,3.2246,3.013,3.1809,5453,0
GWR,D,20160531,000000,3.1663,3.2684,3.1663,3.2537,7194,0
GWR,D,20160601,000000,3.2684,3.2684,3.2173,3.2318,631,0
GWR,D,20160602,000000,3.21,3.2465,3.21,3.2246,3427,0
GWR,D,20160603,000000,3.2392,3.2392,3.2392,3.2392,685,0
GWR,D,20160606,000000,3.2246,3.2318,3.2027,3.2246,3629,0
GWR,D,20160607,000000,3.2246,3.3558,3.2027,3.2027,7081,0
GWR,D,20160608,000000,3.3413,3.3413,3.2465,3.2829,3090,0
GWR,D,20160609,000000,3.2829,3.2829,3.21,3.2829,3413,0
GWR,D,20160614,000000,3.2684,3.3413,3.2684,3.334,4756,0
GWR,D,20160615,000000,3.2611,3.2611,3.2611,3.2611,1644,0
GWR,D,20160616,000000,3.2684,3.2684,3.2684,3.2684,317,0
GWR,D,20160620,000000,3.2684,3.2684,3.2684,3.2684,1499,0
GWR,D,20160621,000000,3.2684,3.2684,3.2684,3.2684,195,0
GWR,D,20160622,000000,3.2611,3.2684,3.1954,3.1954,3090,0
GWR,D,20160623,000000,3.1151,3.2465,3.1151,3.2465,121,0
GWR,D,20160627,000000,3.2027,3.21,3.1735,3.21,3708,0
GWR,D,20160628,000000,3.2027,3.4142,3.0641,3.4142,20106,0
GWR,D,20160629,000000,3.3644,3.406,3.2399,3.406,7644,0
GWR,D,20160701,000000,3.3229,3.3229,3.3229,3.3229,1245,0
GWR,D,20160704,000000,3.3229,3.3229,3.3229,3.3229,121,0
GWR,D,20160705,000000,3.298,3.3229,3.298,3.3229,1204,0
GWR,D,20160711,000000,3.1983,3.1983,3.1983,3.1983,155,0
GWR,D,20160713,000000,3.1983,3.2315,3.1983,3.2315,1073,0
GWR,D,20160714,000000,3.1983,3.1983,3.1817,3.1817,1811,0
GWR,D,20160715,000000,3.2399,3.2399,3.2399,3.2399,1109,0
GWR,D,20160718,000000,3.2315,3.2315,3.2315,3.2315,349,0
GWR,D,20160719,000000,3.2315,3.2315,3.2315,3.2315,3973,0
GWR,D,20160721,000000,3.1983,3.2232,3.1651,3.2232,959,0
GWR,D,20160722,000000,3.1651,3.2315,3.1651,3.2315,1035,0
GWR,D,20160725,000000,3.1983,3.1983,3.1983,3.1983,843,0
GWR,D,20160726,000000,3.1983,3.2066,3.1983,3.2066,1750,0
GWR,D,20160728,000000,3.2066,3.2149,3.1983,3.2149,1209,0
GWR,D,20160729,000000,3.2315,3.2315,3.2315,3.2315,1204,0
GWR,D,20160801,000000,3.2066,3.2066,3.2066,3.2066,1806,0
GWR,D,20160802,000000,3.2066,3.2149,3.2066,3.2149,495,0
GWR,D,20160803,000000,3.2232,3.2232,3.2066,3.2066,490,0
GWR,D,20160805,000000,3.2149,3.2149,3.2149,3.2149,12,0
GWR,D,20160808,000000,3.2149,3.2149,3.2066,3.2066,476,0
GWR,D,20160809,000000,3.2481,3.2481,3.2481,3.2481,1505,0
GWR,D,20160810,000000,3.2481,3.2481,3.2481,3.2481,1512,0
GWR,D,20160811,000000,3.2481,3.406,3.2481,3.406,4880,0
GWR,D,20160812,000000,3.3893,3.3893,3.3893,3.3893,681,0
GWR,D,20160816,000000,3.3229,3.3229,3.3146,3.3229,1055,0
GWR,D,20160817,000000,3.2232,3.3229,3.2149,3.2813,3118,0
GWR,D,20160818,000000,3.2813,3.2813,3.2232,3.2564,1523,0
GWR,D,20160822,000000,3.1817,3.1817,3.1817,3.1817,240,0
GWR,D,20160823,000000,3.1817,3.2399,3.1817,3.1817,608,0
GWR,D,20160825,000000,3.2399,3.2399,3.1983,3.1983,757,0
GWR,D,20160826,000000,3.1983,3.1983,3.1983,3.1983,843,0
GWR,D,20160829,000000,3.1733,3.1983,3.1651,3.1983,1956,0
GWR,D,20160830,000000,3.1568,3.1568,3.1568,3.1568,361,0
GWR,D,20160831,000000,3.19,3.19,3.1152,3.1152,1505,0
GWR,D,20160901,000000,3.2232,3.2232,3.2232,3.2232,1554,0
GWR,D,20160902,000000,3.1152,3.1152,3.1152,3.1152,686,0
GWR,D,20160905,000000,3.1235,3.1235,3.1152,3.1152,1120,0
GWR,D,20160906,000000,3.1152,3.1152,3.1152,3.1152,361,0
GWR,D,20160907,000000,3.1152,3.2399,3.0736,3.2399,1775,0
GWR,D,20160908,000000,3.1733,3.1733,3.1733,3.1733,157,0
GWR,D,20160913,000000,3.1733,3.1733,3.1733,3.1733,121,0
GWR,D,20160919,000000,3.082,3.082,3.082,3.082,344,0
GWR,D,20160920,000000,3.082,3.1568,3.0488,3.1568,367,0
GWR,D,20160921,000000,3.0736,3.0736,2.8577,2.8577,2703,0
GWR,D,20160922,000000,2.9574,3.1568,2.9158,2.9158,3889,0
GWR,D,20160923,000000,3.0322,3.1568,2.9906,2.9906,1096,0
GWR,D,20160927,000000,2.9574,3.0736,2.9574,3.0736,752,0
GWR,D,20161005,000000,3.0736,3.0736,3.0736,3.0736,145,0
GWR,D,20161011,000000,3.1568,3.1568,3.1568,3.1568,1,0
GWR,D,20161014,000000,3.0322,3.1568,3.0239,3.0239,1470,0
GWR,D,20161018,000000,3.0571,3.0571,3.0322,3.0322,427,0
GWR,D,20161019,000000,3.0322,3.0322,3.0322,3.0322,1,0
GWR,D,20161020,000000,3.0322,3.0322,2.9075,2.9075,1931,0
GWR,D,20161021,000000,2.9075,3.0322,2.8494,3.0322,2255,0
GWR,D,20161024,000000,2.9906,2.9906,2.8411,2.8411,3493,0
GWR,D,20161025,000000,2.8494,2.8494,2.8411,2.8411,429,0
GWR,D,20161031,000000,2.8327,3.0322,2.8327,3.0322,485,0
GWR,D,20161104,000000,2.9657,2.9657,2.9657,2.9657,65,0
GWR,D,20161107,000000,3.0322,3.2399,3.0322,3.0322,192,0
GWR,D,20161110,000000,3.0322,3.0322,3.0322,3.0322,331,0
GWR,D,20161114,000000,3.2731,3.2731,3.1152,3.2731,1945,0
GWR,D,20161115,000000,3.1152,3.1152,3.0736,3.0903,2197,0
GWR,D,20161116,000000,3.0736,3.3146,3.0736,3.0736,710,0
GWR,D,20161121,000000,3.2813,3.2813,3.2813,3.2813,12,0
GWR,D,20161206,000000,3.1983,3.1983,3.1983,3.1983,1204,0
GWR,D,20161207,000000,3.3063,3.3063,3.3063,3.3063,1,0
GWR,D,20161212,000000,3.298,3.298,3.298,3.298,301,0
GWR,D,20161213,000000,3.1733,3.1733,3.1733,3.1733,1204,0
GWR,D,20161214,000000,3.1235,3.1235,3.1235,3.1235,115,0
GWR,D,20161216,000000,3.1235,3.1235,3.1235,3.1235,110,0
GWR,D,20161219,000000,3.2813,3.2813,3.1235,3.1235,783,0
GWR,D,20161220,000000,3.1235,3.1235,3.1235,3.1235,361,0
GWR,D,20161221,000000,3.1401,3.1401,3.1401,3.1401,65,0
GWR,D,20161222,000000,3.1568,3.2813,3.1152,3.2813,2075,0
GWR,D,20161230,000000,3.2648,3.2648,3.2648,3.2648,602,0
GWR,D,20170102,000000,3.2149,3.2564,3.19,3.2564,2693,0
GWR,D,20170109,000000,3.2232,3.2232,3.2232,3.2232,481,0
GWR,D,20170110,000000,3.1651,3.1651,3.1651,3.1651,649,0
GWR,D,20170111,000000,3.2399,3.2399,3.2399,3.2399,557,0
GWR,D,20170117,000000,3.1568,3.1568,3.1235,3.1235,2867,0
GWR,D,20170118,000000,3.2399,3.2399,3.2399,3.2399,1329,0
GWR,D,20170123,000000,3.2315,3.2315,3.2315,3.2315,602,0
GWR,D,20170130,000000,3.2315,3.2315,3.2315,3.2315,169,0
GWR,D,20170202,000000,3.1983,3.1983,3.1983,3.1983,223,0
GWR,D,20170207,000000,3.1983,3.2315,3.1983,3.2315,1806,0
GWR,D,20170210,000000,3.2315,3.2315,3.2315,3.2315,620,0
GWR,D,20170214,000000,3.2315,3.2315,2.8992,2.9491,7218,0
GWR,D,20170215,000000,3.0736,3.0736,3.0736,3.0736,602,0
GWR,D,20170216,000000,2.9906,2.999,2.9657,2.999,1505,0
GWR,D,20170217,000000,2.999,3.1069,2.9906,3.1069,5405,0
GWR,D,20170220,000000,2.9906,2.9906,2.9906,2.9906,843,0
GWR,D,20170221,000000,3.0322,3.0736,3.0322,3.0322,763,0
GWR,D,20170222,000000,3.0654,3.0736,3.0654,3.0736,1673,0
GWR,D,20170223,000000,3.1152,3.1152,3.1152,3.1152,36,0
GWR,D,20170228,000000,3.1152,3.1152,3.1152,3.1152,1,0
GWR,D,20170303,000000,3.1152,3.1152,3.1152,3.1152,113,0
GWR,D,20170307,000000,3.1152,3.1568,3.1152,3.1568,1535,0
GWR,D,20170308,000000,3.1568,3.1568,3.1568,3.1568,316,0
GWR,D,20170309,000000,3.1235,3.1983,3.1235,3.1983,362,0
GWR,D,20170313,000000,3.0404,3.1484,3.0404,3.1484,1330,0
GWR,D,20170314,000000,3.1568,3.1568,3.1484,3.1484,915,0
GWR,D,20170315,000000,3.1484,3.1484,3.1484,3.1484,24,0
GWR,D,20170316,000000,3.0404,3.0404,3.0404,3.0404,3774,0
GWR,D,20170317,000000,3.0322,3.0322,3.0322,3.0322,1685,0
GWR,D,20170321,000000,3.0322,3.1484,3.0322,3.0986,604,0
GWR,D,20170323,000000,3.0986,3.0986,3.0986,3.0986,1,0
GWR,D,20170327,000000,2.9906,2.9906,2.9906,2.9906,3,0
GWR,D,20170328,000000,3.0986,3.0986,3.0986,3.0986,2,0
GWR,D,20170331,000000,3.0986,3.1152,3.0986,3.1152,602,0
GWR,D,20170405,000000,2.9906,2.9906,2.9906,2.9906,121,0
GWR,D,20170411,000000,3.1069,3.1152,3.1069,3.1069,770,0
GWR,D,20170419,000000,3.1152,3.1152,3.1152,3.1152,240,0
GWR,D,20170421,000000,3.1152,3.1152,3.1152,3.1152,35,0
GWR,D,20170425,000000,2.9906,2.9906,2.9906,2.9906,1084,0
GWR,D,20170426,000000,3.1152,3.1484,3.1069,3.1152,5796,0
GWR,D,20170427,000000,3.1401,3.1401,3.1401,3.1401,7,0
GWR,D,20170428,000000,3.1152,3.1401,3.1152,3.1401,427,0
GWR,D,20170502,000000,3.1401,3.1401,3.1401,3.1401,240,0
GWR,D,20170504,000000,3.1401,3.7632,3.1401,3.3229,9519,0
GWR,D,20170505,000000,3.7299,3.7299,3.406,3.7299,1227,0
GWR,D,20170508,000000,3.4725,3.4725,3.4725,3.4725,7,0
GWR,D,20170509,000000,3.4725,3.4725,3.3977,3.3977,254,0
GWR,D,20170511,000000,3.3229,3.3229,3.3229,3.3229,1204,0
GWR,D,20170512,000000,3.3229,3.5555,3.3229,3.406,9593,0
GWR,D,20170515,000000,3.3146,3.3146,3.3063,3.3063,812,0
GWR,D,20170516,000000,3.3146,3.3893,3.3146,3.381,2398,0
GWR,D,20170517,000000,3.381,3.381,3.3146,3.3728,4213,0
GWR,D,20170519,000000,3.3728,3.3728,3.3229,3.3229,1564,0
GWR,D,20170522,000000,3.3312,3.3312,3.3229,3.3229,1336,0
GWR,D,20170525,000000,3.2066,3.2066,3.1983,3.1983,1262,0
GWR,D,20170526,000000,3.3229,3.3229,3.2399,3.3229,1206,0
GWR,D,20170529,000000,3.3229,3.3229,3.3229,3.3229,1018,0
GWR,D,20170531,000000,3.3063,3.3063,3.3063,3.3063,1513,0
GWR,D,20170601,000000,3.3146,3.3146,3.298,3.298,1628,0
GWR,D,20170605,000000,3.2813,3.2813,3.2813,3.2813,881,0
GWR,D,20170606,000000,3.2813,3.2813,3.2813,3.2813,150,0
GWR,D,20170607,000000,3.2813,3.2813,3.2813,3.2813,746,0
GWR,D,20170608,000000,3.2731,3.4475,3.2731,3.3478,10858,0
GWR,D,20170609,000000,3.3478,3.3478,3.3478,3.3478,453,0
GWR,D,20170612,000000,3.3478,3.3728,3.3478,3.3728,3290,0
GWR,D,20170613,000000,3.381,3.4475,3.381,3.4475,1823,0
GWR,D,20170614,000000,3.4392,3.4392,3.4309,3.4309,3275,0
GWR,D,20170616,000000,3.4309,3.4309,3.406,3.406,3188,0
GWR,D,20170619,000000,3.406,3.406,3.406,3.406,831,0
GWR,D,20170620,000000,3.406,3.406,3.3893,3.406,7997,0
GWR,D,20170621,000000,3.406,3.406,3.406,3.406,260,0
GWR,D,20170622,000000,3.406,3.406,3.3644,3.3644,1227,0
GWR,D,20170623,000000,3.3977,3.4226,3.3977,3.4142,1471,0
GWR,D,20170626,000000,3.3644,3.381,3.3561,3.3561,2672,0
GWR,D,20170627,000000,3.4226,3.4475,3.406,3.4475,53363,0
GWR,D,20170628,000000,3.4475,3.4475,3.4142,3.4309,11707,0
GWR,D,20170630,000000,3.4309,3.4309,3.4309,3.4309,337,0
GWR,D,20170704,000000,3.3573,3.3573,3.3573,3.3573,367,0
GWR,D,20170706,000000,3.3573,3.3573,3.3573,3.3573,109,0
GWR,D,20170707,000000,3.3297,3.4217,3.3297,3.4217,597,0
GWR,D,20170711,000000,3.4125,3.4125,3.4125,3.4125,978,0
GWR,D,20170712,000000,3.4217,3.4217,3.4217,3.4217,239,0
GWR,D,20170717,000000,3.4125,3.4217,3.3849,3.3849,457,0
GWR,D,20170718,000000,3.3665,3.3665,3.3665,3.3665,296,0
GWR,D,20170719,000000,3.4125,3.4125,3.4033,3.4125,295,0
GWR,D,20170721,000000,3.3665,3.3665,3.3665,3.3665,652,0
GWR,D,20170724,000000,3.3665,3.3665,3.3665,3.3665,1087,0
GWR,D,20170725,000000,3.3757,3.3757,3.3757,3.3757,217,0
GWR,D,20170727,000000,3.4125,3.4125,3.4125,3.4125,152,0
GWR,D,20170728,000000,3.3757,3.3757,3.3757,3.3757,109,0
GWR,D,20170801,000000,3.4125,3.4125,3.4125,3.4125,68,0
GWR,D,20170803,000000,3.4125,3.4125,3.4125,3.4125,17,0
GWR,D,20170804,000000,3.4125,3.4125,3.4125,3.4125,1,0
GWR,D,20170808,000000,3.4125,3.4125,3.4125,3.4125,37,0
GWR,D,20170811,000000,3.3573,3.3573,3.1274,3.1274,7231,0
GWR,D,20170814,000000,3.0354,3.1274,3.0354,3.1274,1785,0
GWR,D,20170816,000000,3.1366,3.3481,3.1274,3.3113,37983,0
GWR,D,20170822,000000,3.2653,3.2653,3.1733,3.2653,465,0
GWR,D,20170825,000000,3.1733,3.1733,3.1733,3.1733,1053,0
GWR,D,20170828,000000,3.1642,3.1642,3.1642,3.1642,976,0
GWR,D,20170830,000000,3.1733,3.1733,3.1733,3.1733,217,0
GWR,D,20170831,000000,3.1733,3.1733,3.1733,3.1733,32,0
GWR,D,20170904,000000,3.1733,3.1733,3.1733,3.1733,117,0
GWR,D,20170905,000000,3.1274,3.1274,3.1274,3.1274,413,0
GWR,D,20170906,000000,3.1274,3.1733,3.1274,3.1733,23,0
GWR,D,20170907,000000,3.1733,3.1733,3.0354,3.0354,3420,0
GWR,D,20170908,000000,3.0814,3.0814,2.833,3.0078,1182,0
GWR,D,20170912,000000,3.0078,3.0078,3.0078,3.0078,61,0
GWR,D,20170913,000000,3.0078,3.0078,2.9434,2.9434,164,0
GWR,D,20170914,000000,2.9434,3.0078,2.9434,3.0078,77,0
GWR,D,20170915,000000,2.8422,2.8422,2.8422,2.8422,54,0
GWR,D,20170918,000000,2.8422,3.0078,2.8422,3.0078,545,0
GWR,D,20170920,000000,3.0078,3.0078,3.0078,3.0078,65,0
GWR,D,20170921,000000,3.0078,3.0078,3.0078,3.0078,96,0
GWR,D,20170922,000000,3.0078,3.0078,3.0078,3.0078,1,0
GWR,D,20170925,000000,3.0078,3.2653,3.0078,3.2653,764,0
GWR,D,20170926,000000,3.0814,3.2653,3.0262,3.2653,1501,0
GWR,D,20170928,000000,2.9802,2.9802,2.9802,2.9802,544,0
GWR,D,20170929,000000,2.9434,2.9434,2.9434,2.9434,337,0
GWR,D,20171002,000000,2.9434,3.1182,2.8514,2.8514,1309,0
GWR,D,20171003,000000,2.8974,3.1182,2.8514,2.8514,382,0
GWR,D,20171004,000000,2.9894,2.9894,2.9894,2.9894,109,0
GWR,D,20171005,000000,2.9894,3.1182,2.9894,3.1182,1087,0
GWR,D,20171006,000000,3.0354,3.109,2.9894,3.109,794,0
GWR,D,20171009,000000,3.0354,3.2561,3.0354,3.2469,1969,0
GWR,D,20171010,000000,2.971,3.1274,2.971,3.1274,1088,0
GWR,D,20171011,000000,3.1274,3.1274,3.1274,3.1274,109,0
GWR,D,20171012,000000,3.1274,3.1274,3.1274,3.1274,1,0
GWR,D,20171013,000000,3.1274,3.1733,3.1274,3.1733,239,0
GWR,D,20171016,000000,3.1274,3.1274,2.9434,2.9434,2718,0
GWR,D,20171017,000000,2.9434,2.9434,2.9434,2.9434,1840,0
GWR,D,20171018,000000,3.1274,3.1274,2.9434,3.1274,5936,0
GWR,D,20171019,000000,3.1274,3.1274,3.1274,3.1274,141,0
GWR,D,20171020,000000,3.1274,3.2469,3.1274,3.2469,175,0
GWR,D,20171023,000000,3.0906,3.1274,3.0906,3.1274,940,0
GWR,D,20171026,000000,2.9894,2.9894,2.9894,2.9894,435,0
GWR,D,20171027,000000,2.9894,3.1274,2.9894,3.1274,582,0
GWR,D,20171030,000000,3.1274,3.1274,3.1274,3.1274,109,0
GWR,D,20171106,000000,3.0354,3.1274,3.0354,3.1274,219,0
GWR,D,20171107,000000,2.9894,2.9894,2.9894,2.9894,1087,0
GWR,D,20171109,000000,2.9434,2.9434,2.9434,2.9434,815,0
GWR,D,20171110,000000,2.9802,2.9802,2.833,2.833,2932,0
GWR,D,20171113,000000,2.7686,2.7686,2.6215,2.6399,2718,0
GWR,D,20171114,000000,2.6399,2.6399,2.3455,2.3455,5327,0
GWR,D,20171115,000000,2.5663,2.5663,2.5295,2.5295,45,0
GWR,D,20171116,000000,2.5571,2.5571,2.5571,2.5571,436,0
GWR,D,20171120,000000,2.4835,2.5571,2.4835,2.5571,545,0
GWR,D,20171122,000000,2.4283,2.4283,2.3639,2.3639,1957,0
GWR,D,20171123,000000,2.4375,2.4375,2.3915,2.3915,707,0
GWR,D,20171128,000000,2.3639,2.3639,2.3363,2.3363,1848,0
GWR,D,20171129,000000,2.3271,2.3271,2.3271,2.3271,1305,0
GWR,D,20171201,000000,2.5663,2.5663,2.5663,2.5663,1,0
GWR,D,20171204,000000,2.3271,2.4283,2.3271,2.4283,2175,0
GWR,D,20171205,000000,2.3547,2.3547,2.3455,2.3455,2562,0
GWR,D,20171208,000000,2.3547,2.3547,2.3547,2.3547,2222,0
GWR,D,20171212,000000,2.3915,2.3915,2.3915,2.3915,7,0
GWR,D,20171213,000000,2.3915,2.3915,2.3915,2.3915,337,0
GWR,D,20171215,000000,2.3915,2.3915,2.3915,2.3915,1013,0
GWR,D,20171218,000000,2.3915,2.3915,2.3915,2.3915,544,0
GWR,D,20171219,000000,2.6123,2.6123,2.4283,2.4283,1088,0
GWR,D,20171220,000000,2.5479,2.5479,2.3915,2.4375,341,0
GWR,D,20171221,000000,2.4375,2.5663,2.4375,2.5663,372,0
GWR,D,20171222,000000,2.4375,2.5663,2.4375,2.5663,1786,0
GWR,D,20171227,000000,2.4835,2.5663,2.4835,2.5663,382,0
GWR,D,20171228,000000,2.5663,2.6123,2.5663,2.6123,543,0
GWR,D,20171229,000000,2.5663,2.5663,2.5663,2.5663,381,0
GWR,D,20180103,000000,2.5755,2.5755,2.5755,2.5755,196,0
GWR,D,20180104,000000,2.5755,2.5755,2.5755,2.5755,38,0
GWR,D,20180108,000000,2.5755,3.0354,2.5755,3.017,7456,0
GWR,D,20180109,000000,3.0354,3.0354,2.6675,2.7594,4457,0
GWR,D,20180112,000000,2.6675,2.6675,2.6675,2.6675,1283,0
GWR,D,20180116,000000,2.6307,2.6307,2.6307,2.6307,576,0
GWR,D,20180122,000000,2.6675,2.7042,2.6675,2.7042,2018,0
GWR,D,20180123,000000,2.7042,2.7042,2.6675,2.6675,793,0
GWR,D,20180125,000000,2.5755,2.6675,2.5755,2.6675,45,0
GWR,D,20180126,000000,2.6675,2.6675,2.6675,2.6675,39,0
GWR,D,20180129,000000,2.7042,3.017,2.7042,3.017,371,0
GWR,D,20180130,000000,2.6858,2.6858,2.6858,2.6858,1522,0
GWR,D,20180202,000000,2.7594,2.8514,2.7594,2.7594,2043,0
GWR,D,20180205,000000,2.7594,2.7594,2.7594,2.7594,489,0
GWR,D,20180206,000000,2.7226,2.7226,2.5755,2.5755,4440,0
GWR,D,20180208,000000,2.6675,2.6675,2.6675,2.6675,60,0
GWR,D,20180209,000000,2.6675,2.6675,2.6675,2.6675,381,0
GWR,D,20180212,000000,2.5939,2.6675,2.5939,2.6675,27,0
GWR,D,20180214,000000,2.6675,2.6675,2.6675,2.6675,14,0
GWR,D,20180215,000000,2.7594,2.9434,2.7594,2.9434,599,0
GWR,D,20180216,000000,2.6858,2.6858,2.6858,2.6858,565,0
GWR,D,20180219,000000,2.6858,2.9066,2.6858,2.9066,17,0
GWR,D,20180220,000000,2.7594,2.7594,2.7594,2.7594,435,0
GWR,D,20180226,000000,2.8146,2.9434,2.7594,2.7594,249,0
GWR,D,20180228,000000,2.7594,2.7594,2.7594,2.7594,381,0
GWR,D,20180302,000000,2.6858,2.8698,2.6858,2.8698,351,0
GWR,D,20180305,000000,2.8514,2.8514,2.8514,2.8514,174,0
GWR,D,20180307,000000,2.7962,2.8698,2.7594,2.7594,922,0
GWR,D,20180308,000000,2.7594,2.7594,2.7226,2.7226,1114,0
GWR,D,20180309,000000,2.6675,2.6675,2.6675,2.6675,513,0
GWR,D,20180314,000000,2.6675,2.7594,2.6307,2.6307,4355,0
GWR,D,20180315,000000,2.7594,2.7594,2.7594,2.7594,5,0
GWR,D,20180316,000000,2.7594,2.7594,2.7594,2.7594,420,0
GWR,D,20180326,000000,2.5939,2.5939,2.5755,2.5755,2174,0
GWR,D,20180328,000000,2.6123,2.7226,2.6123,2.7226,1088,0
GWR,D,20180329,000000,2.6675,2.6675,2.6675,2.6675,326,0
GWR,D,20180406,000000,2.6675,2.7226,2.6123,2.6123,1919,0
GWR,D,20180410,000000,2.7226,2.7226,2.7226,2.7226,326,0
GWR,D,20180419,000000,2.7226,2.7226,2.7226,2.7226,398,0
GWR,D,20180424,000000,2.6123,2.7594,2.6123,2.7594,2013,0
GWR,D,20180426,000000,2.7042,2.7594,2.7042,2.7594,762,0
GWR,D,20180427,000000,2.6307,2.6307,2.6307,2.6307,815,0
GWR,D,20180430,000000,2.5755,2.5755,2.5755,2.5755,163,0
GWR,D,20180504,000000,2.5203,2.5203,2.5203,2.5203,239,0
GWR,D,20180508,000000,2.5203,2.5755,2.5203,2.5755,273,0
GWR,D,20180509,000000,2.4651,2.4651,2.3915,2.3915,1250,0
GWR,D,20180511,000000,2.4835,2.4835,2.4835,2.4835,200,0
GWR,D,20180515,000000,2.4099,2.4099,2.3915,2.3915,2609,0
GWR,D,20180516,000000,2.3915,2.3915,2.2811,2.2811,4016,0
GWR,D,20180517,000000,2.2259,2.2811,2.2075,2.2075,856,0
GWR,D,20180521,000000,2.2075,2.2075,2.2075,2.2075,823,0
GWR,D,20180522,000000,2.1892,2.2627,2.0972,2.0972,4567,0
GWR,D,20180523,000000,2.0788,2.1708,1.9684,2.1708,7661,0
GWR,D,20180524,000000,2.0972,2.1156,2.0972,2.1156,946,0
GWR,D,20180529,000000,2.0604,2.0604,2.0604,2.0604,1087,0
GWR,D,20180604,000000,1.8948,1.8948,1.8948,1.8948,978,0
GWR,D,20180606,000000,1.9868,1.9868,1.9868,1.9868,546,0
GWR,D,20180607,000000,2.0236,2.0236,2.0236,2.0236,609,0
GWR,D,20180608,000000,1.9684,2.0604,1.9684,2.0604,472,0
GWR,D,20180614,000000,2.0236,2.0236,2.0236,2.0236,1744,0
GWR,D,20180618,000000,2.042,2.042,2.042,2.042,1087,0
GWR,D,20180620,000000,2.042,2.042,2.042,2.042,489,0
GWR,D,20180627,000000,1.95,1.95,1.95,1.95,370,0
GWR,D,20180629,000000,1.95,1.95,1.95,1.95,1087,0
GWR,D,20180702,000000,1.95,1.95,1.95,1.95,2174,0
GWR,D,20180703,000000,1.9316,1.9316,1.9316,1.9316,1087,0
GWR,D,20180705,000000,1.9132,1.9132,1.9132,1.9132,85,0
GWR,D,20180711,000000,1.9132,1.9132,1.9132,1.9132,674,0
GWR,D,20180712,000000,1.9132,1.9132,1.9132,1.9132,2855,0
GWR,D,20180719,000000,1.9132,1.9132,1.9132,1.9132,58,0
GWR,D,20180720,000000,1.9132,1.9132,1.9132,1.9132,252,0
GWR,D,20180724,000000,1.9132,1.9132,1.8212,1.8212,2589,0
GWR,D,20180725,000000,1.858,1.858,1.858,1.858,326,0
GWR,D,20180726,000000,1.8212,1.8212,1.8212,1.8212,1087,0
GWR,D,20180801,000000,1.766,1.766,1.766,1.766,1087,0
GWR,D,20180802,000000,1.7568,1.7568,1.7568,1.7568,2402,0
GWR,D,20180806,000000,1.7476,1.7476,1.7476,1.7476,2007,0
GWR,D,20180814,000000,1.766,1.8396,1.7292,1.7292,3534,0
GWR,D,20180820,000000,1.7476,1.766,1.7476,1.766,1659,0
GWR,D,20180821,000000,1.7292,1.7292,1.72,1.7292,2828,0
GWR,D,20180822,000000,1.7476,1.7476,1.7476,1.7476,13,0
GWR,D,20180823,000000,1.7476,1.7476,1.6741,1.6741,2609,0
GWR,D,20180824,000000,1.7476,1.7476,1.7476,1.7476,141,0
GWR,D,20180904,000000,1.6741,1.6741,1.6741,1.6741,109,0
GWR,D,20180912,000000,1.6741,1.6741,1.6741,1.6741,511,0
GWR,D,20180924,000000,1.7476,1.7476,1.7476,1.7476,1,0
GWR,D,20181001,000000,1.6741,1.7476,1.6741,1.7476,446,0
GWR,D,20181102,000000,1.7292,1.7292,1.7292,1.7292,462,0
GWR,D,20181106,000000,1.6741,1.6741,1.6741,1.6741,1468,0
GWR,D,20181108,000000,1.6097,1.6097,1.6097,1.6097,55,0
GWR,D,20181113,000000,1.6373,1.6373,1.6373,1.6373,86,0
GWR,D,20181115,000000,1.6557,1.6649,1.6557,1.6649,1436,0
GWR,D,20181116,000000,1.6649,1.6649,1.6649,1.6649,326,0
GWR,D,20181121,000000,1.6189,1.7108,1.5729,1.7108,3208,0
GWR,D,20181122,000000,1.5361,1.5361,1.5361,1.5361,1087,0
GWR,D,20181123,000000,1.5361,1.5361,1.2877,1.3797,10240,0
GWR,D,20181126,000000,1.3337,1.3337,1.3337,1.3337,1499,0
GWR,D,20181127,000000,1.3613,1.3613,1.3613,1.3613,696,0
GWR,D,20181129,000000,1.3613,1.3613,1.3613,1.3613,1359,0
GWR,D,20181203,000000,1.3889,1.3889,1.3797,1.3797,3805,0
GWR,D,20181204,000000,1.3981,1.3981,1.3981,1.3981,1304,0
GWR,D,20181205,000000,1.3889,1.4073,1.2877,1.3337,9734,0
GWR,D,20181206,000000,1.3429,1.3889,1.3429,1.3797,2427,0
GWR,D,20181212,000000,1.4257,1.4257,1.4257,1.4257,1359,0
GWR,D,20181213,000000,1.4257,1.4257,1.4165,1.4165,2664,0
GWR,D,20181217,000000,1.4165,1.4257,1.4165,1.4257,7556,0
GWR,D,20181220,000000,1.4165,1.4165,1.2509,1.2509,7828,0
GWR,D,20181221,000000,1.2509,1.3153,1.2417,1.3153,11763,0
GWR,D,20181227,000000,1.2969,1.2969,1.2969,1.2969,1033,0
GWR,D,20190104,000000,1.3337,1.3337,1.3337,1.3337,1470,0
GWR,D,20190108,000000,1.3797,1.3797,1.3797,1.3797,1326,0
GWR,D,20190109,000000,1.4257,1.4257,1.4257,1.4257,217,0
GWR,D,20190110,000000,1.4257,1.4257,1.4257,1.4257,2447,0
GWR,D,20190111,000000,1.3889,1.3889,1.3797,1.3797,1739,0
GWR,D,20190117,000000,1.4257,1.4257,1.4257,1.4257,2718,0
GWR,D,20190128,000000,1.4073,1.4165,1.4073,1.4165,5218,0
GWR,D,20190129,000000,1.4165,1.4165,1.4165,1.4165,33,0
GWR,D,20190130,000000,1.4165,1.4165,1.4165,1.4165,185,0
GWR,D,20190205,000000,1.4257,1.4257,1.3797,1.3797,1250,0
GWR,D,20190221,000000,1.4441,1.7292,1.4441,1.7292,2175,0
GWR,D,20190222,000000,1.5177,1.8212,1.3981,1.8212,4388,0
GWR,D,20190226,000000,1.5453,1.5729,1.5453,1.5729,1340,0
GWR,D,20190227,000000,1.5269,1.5269,1.3981,1.3981,1088,0
GWR,D,20190228,000000,1.4993,1.4993,1.4993,1.4993,174,0
GWR,D,20190304,000000,1.4073,1.4073,1.4073,1.4073,37,0
GWR,D,20190315,000000,1.4993,1.4993,1.4993,1.4993,1087,0
GWR,D,20190319,000000,1.4349,1.4349,1.4349,1.4349,1087,0
GWR,D,20190321,000000,1.5269,1.5269,1.5269,1.5269,2174,0
GWR,D,20190322,000000,1.6281,1.6281,1.6281,1.6281,109,0
GWR,D,20190326,000000,1.6281,1.6281,1.6281,1.6281,977,0
GWR,D,20190327,000000,1.6373,1.6741,1.6373,1.6741,1634,0
GWR,D,20190328,000000,1.6741,1.8396,1.6741,1.8396,1853,0
GWR,D,20190329,000000,1.7476,1.7476,1.6557,1.7476,2872,0
GWR,D,20190401,000000,1.7476,1.8396,1.7476,1.8396,1495,0
GWR,D,20190404,000000,1.8764,2.2075,1.8764,2.2075,1642,0
GWR,D,20190405,000000,2.3915,2.3915,2.3915,2.3915,18,0
GWR,D,20190408,000000,2.2075,2.2075,1.8948,1.9868,5205,0
GWR,D,20190411,000000,1.8948,1.9316,1.8948,1.9316,1074,0
GWR,D,20190415,000000,1.8396,1.9316,1.8396,1.9316,688,0
GWR,D,20190417,000000,1.8396,1.8396,1.8396,1.8396,1082,0
GWR,D,20190425,000000,1.9316,1.9316,1.9316,1.9316,1083,0
GWR,D,20190426,000000,1.9684,1.9684,1.9684,1.9684,93,0
GWR,D,20190510,000000,1.8948,1.8948,1.8764,1.8764,1100,0
GWR,D,20190514,000000,1.8764,1.8764,1.8764,1.8764,1083,0
GWR,D,20190515,000000,1.9684,1.9684,1.9684,1.9684,307,0
GWR,D,20190516,000000,1.9684,1.9684,1.9684,1.9684,652,0
GWR,D,20190517,000000,2.0052,2.0052,2.0052,2.0052,1087,0
GWR,D,20190520,000000,2.0972,2.0972,2.0972,2.0972,66,0
GWR,D,20190522,000000,2.0236,2.0236,2.0052,2.0236,4164,0
GWR,D,20190523,000000,1.9316,1.95,1.9316,1.95,2246,0
GWR,D,20190524,000000,1.95,1.95,1.95,1.95,489,0
GWR,D,20190527,000000,1.95,1.95,1.95,1.95,210,0
GWR,D,20190528,000000,1.95,1.95,1.95,1.95,2066,0
GWR,D,20190530,000000,2.04,2.04,2.04,2.04,94,0
GWR,D,20190610,000000,2.04,2.04,2.04,2.04,350,0
GWR,D,20190627,000000,2,2,2,2,1,0
GWR,D,20190701,000000,2.04,2.04,2.04,2.04,500,0
GWR,D,20190705,000000,2.04,2.04,2.04,2.04,4000,0
GWR,D,20190710,000000,2.1,2.1,2.1,2.1,20,0
GWR,D,20190717,000000,2.06,2.06,2.02,2.02,297,0
GWR,D,20190722,000000,2,2.1,2,2.1,120,0
GWR,D,20190725,000000,2,2,2,2,1400,0
GWR,D,20190726,000000,2,2,2,2,921,0
GWR,D,20190729,000000,2,2,2,2,600,0
GWR,D,20190730,000000,2,2.1,2,2,437,0
GWR,D,20190802,000000,2,2.04,2,2.04,744,0
GWR,D,20190806,000000,2.04,2.04,2.04,2.04,666,0
GWR,D,20190822,000000,2,2,2,2,500,0
GWR,D,20190828,000000,2.08,2.08,2.08,2.08,1750,0
GWR,D,20190905,000000,2.04,2.14,2.04,2.14,117,0
GWR,D,20190916,000000,2.04,2.04,2.04,2.04,300,0
GWR,D,20190924,000000,2.04,2.04,2.04,2.04,1000,0
GWR,D,20191002,000000,2,2.08,2,2.08,900,0
GWR,D,20191003,000000,2,2,2,2,11,0
GWR,D,20191004,000000,2.08,2.08,2.08,2.08,240,0
GWR,D,20191007,000000,2,2,2,2,725,0
GWR,D,20191008,000000,2.02,2.02,2.02,2.02,100,0
GWR,D,20191022,000000,1.94,1.94,1.94,1.94,106,0
GWR,D,20191030,000000,1.94,1.94,1.94,1.94,1000,0
GWR,D,20191106,000000,1.84,1.84,1.84,1.84,2637,0
GWR,D,20191107,000000,1.8,2.1,1.8,2,10100,0
GWR,D,20191108,000000,1.9,1.9,1.83,1.86,12150,0
GWR,D,20191112,000000,1.94,1.95,1.87,1.87,515,0
GWR,D,20191113,000000,1.87,1.9,1.87,1.9,2500,0
GWR,D,20191115,000000,1.94,1.94,1.94,1.94,25,0
GWR,D,20191121,000000,1.93,1.94,1.93,1.94,2475,0
GWR,D,20191127,000000,1.97,1.97,1.97,1.97,150,0
GWR,D,20191128,000000,1.87,2.16,1.87,2.16,3145,0
GWR,D,20191216,000000,2,2,2,2,1100,0
GWR,D,20191227,000000,1.94,1.94,1.84,1.84,1900,0
GWR,D,20200102,000000,1.84,1.84,1.84,1.84,2400,0
GWR,D,20200103,000000,1.93,1.93,1.85,1.85,1500,0
GWR,D,20200107,000000,1.85,1.85,1.85,1.85,1000,0
GWR,D,20200108,000000,1.85,1.85,1.84,1.85,7900,0
GWR,D,20200110,000000,1.93,1.93,1.93,1.93,113,0
