<TICKER>,<PER>,<DATE>,<TIME>,<OPEN>,<HIGH>,<LOW>,<CLOSE>,<VOL>,<OPENINT>
IGT,D,20111207,000000,0.19,0.23,0.17,0.23,1697556,0
IGT,D,20111208,000000,0.27,0.32,0.25,0.3,1367705,0
IGT,D,20111209,000000,0.3,0.32,0.24,0.26,696024,0
IGT,D,20111212,000000,0.24,0.24,0.16,0.16,459177,0
IGT,D,20111213,000000,0.18,0.22,0.16,0.2,272682,0
IGT,D,20111214,000000,0.19,0.23,0.18,0.18,300741,0
IGT,D,20111215,000000,0.17,0.18,0.16,0.18,90199,0
IGT,D,20111216,000000,0.17,0.18,0.15,0.17,113188,0
IGT,D,20111219,000000,0.15,0.16,0.12,0.15,166803,0
IGT,D,20111220,000000,0.13,0.14,0.12,0.12,149071,0
IGT,D,20111221,000000,0.14,0.16,0.13,0.16,199157,0
IGT,D,20111222,000000,0.18,0.18,0.14,0.14,156308,0
IGT,D,20111223,000000,0.13,0.15,0.13,0.15,38769,0
IGT,D,20111227,000000,0.13,0.15,0.12,0.15,39234,0
IGT,D,20111228,000000,0.13,0.15,0.13,0.14,40895,0
IGT,D,20111229,000000,0.13,0.13,0.12,0.13,31684,0
IGT,D,20111230,000000,0.12,0.15,0.12,0.15,93146,0
IGT,D,20120102,000000,0.15,0.15,0.13,0.15,30650,0
IGT,D,20120103,000000,0.14,0.21,0.13,0.21,184596,0
IGT,D,20120104,000000,0.21,0.21,0.17,0.18,39785,0
IGT,D,20120105,000000,0.16,0.18,0.15,0.18,10400,0
IGT,D,20120109,000000,0.17,0.19,0.17,0.18,36920,0
IGT,D,20120110,000000,0.18,0.21,0.15,0.2,106977,0
IGT,D,20120111,000000,0.2,0.21,0.2,0.21,8210,0
IGT,D,20120112,000000,0.19,0.21,0.18,0.21,33566,0
IGT,D,20120113,000000,0.18,0.18,0.18,0.18,11477,0
IGT,D,20120116,000000,0.17,0.21,0.15,0.21,82082,0
IGT,D,20120117,000000,0.24,0.24,0.19,0.2,33050,0
IGT,D,20120118,000000,0.19,0.22,0.19,0.22,19200,0
IGT,D,20120119,000000,0.22,0.22,0.2,0.22,23034,0
IGT,D,20120120,000000,0.21,0.31,0.21,0.23,430174,0
IGT,D,20120123,000000,0.23,0.32,0.23,0.27,220621,0
IGT,D,20120124,000000,0.31,0.32,0.23,0.25,276508,0
IGT,D,20120125,000000,0.26,0.27,0.22,0.22,77885,0
IGT,D,20120126,000000,0.21,0.26,0.18,0.26,222720,0
IGT,D,20120127,000000,0.26,0.3,0.22,0.24,246246,0
IGT,D,20120130,000000,0.23,0.25,0.19,0.19,264515,0
IGT,D,20120131,000000,0.2,0.22,0.19,0.19,145286,0
IGT,D,20120201,000000,0.2,0.2,0.18,0.19,126990,0
IGT,D,20120202,000000,0.18,0.19,0.18,0.19,10987,0
IGT,D,20120203,000000,0.17,0.2,0.17,0.2,29503,0
IGT,D,20120206,000000,0.2,0.26,0.2,0.22,534518,0
IGT,D,20120207,000000,0.22,0.23,0.21,0.22,83112,0
IGT,D,20120208,000000,0.21,0.21,0.2,0.21,101442,0
IGT,D,20120209,000000,0.21,0.22,0.2,0.21,58960,0
IGT,D,20120210,000000,0.21,0.25,0.21,0.25,430468,0
IGT,D,20120213,000000,0.26,0.37,0.26,0.37,709385,0
IGT,D,20120214,000000,0.39,0.44,0.3,0.3,1128912,0
IGT,D,20120215,000000,0.31,0.31,0.28,0.31,270610,0
IGT,D,20120216,000000,0.31,0.37,0.29,0.37,224612,0
IGT,D,20120217,000000,0.36,0.41,0.35,0.4,250622,0
IGT,D,20120220,000000,0.41,0.53,0.36,0.47,515520,0
IGT,D,20120221,000000,0.47,0.5,0.43,0.46,309813,0
IGT,D,20120222,000000,0.43,0.45,0.38,0.41,369681,0
IGT,D,20120223,000000,0.39,0.42,0.38,0.39,113826,0
IGT,D,20120224,000000,0.4,0.4,0.36,0.39,45501,0
IGT,D,20120227,000000,0.37,0.39,0.32,0.35,124826,0
IGT,D,20120228,000000,0.35,0.4,0.34,0.37,154224,0
IGT,D,20120229,000000,0.37,0.44,0.37,0.43,270029,0
IGT,D,20120301,000000,0.43,0.48,0.39,0.42,201562,0
IGT,D,20120302,000000,0.43,0.43,0.39,0.42,44785,0
IGT,D,20120305,000000,0.38,0.42,0.38,0.42,41217,0
IGT,D,20120306,000000,0.42,0.42,0.35,0.4,75630,0
IGT,D,20120307,000000,0.4,0.4,0.37,0.4,16826,0
IGT,D,20120308,000000,0.38,0.42,0.34,0.38,32380,0
IGT,D,20120309,000000,0.38,0.4,0.33,0.39,91868,0
IGT,D,20120312,000000,0.39,0.39,0.36,0.39,18596,0
IGT,D,20120313,000000,0.39,0.45,0.39,0.42,200084,0
IGT,D,20120314,000000,0.43,0.43,0.39,0.41,65742,0
IGT,D,20120315,000000,0.39,0.4,0.37,0.4,4628,0
IGT,D,20120316,000000,0.37,0.39,0.32,0.39,33718,0
IGT,D,20120319,000000,0.39,0.4,0.35,0.38,22784,0
IGT,D,20120320,000000,0.4,0.4,0.39,0.39,160,0
IGT,D,20120321,000000,0.4,0.4,0.34,0.39,185,0
IGT,D,20120322,000000,0.38,0.38,0.33,0.37,44117,0
IGT,D,20120323,000000,0.34,0.37,0.3,0.34,113114,0
IGT,D,20120326,000000,0.3,0.34,0.3,0.34,18822,0
IGT,D,20120327,000000,0.3,0.34,0.3,0.34,7735,0
IGT,D,20120328,000000,0.29,0.33,0.28,0.28,20339,0
IGT,D,20120329,000000,0.27,0.27,0.24,0.27,118232,0
IGT,D,20120330,000000,0.25,0.26,0.24,0.25,7001,0
IGT,D,20120402,000000,0.25,0.26,0.23,0.24,47272,0
IGT,D,20120403,000000,0.25,0.31,0.24,0.29,345527,0
IGT,D,20120404,000000,0.31,0.31,0.26,0.28,90832,0
IGT,D,20120405,000000,0.28,0.29,0.28,0.29,22502,0
IGT,D,20120410,000000,0.29,0.29,0.24,0.29,12814,0
IGT,D,20120411,000000,0.28,0.28,0.28,0.28,52,0
IGT,D,20120412,000000,0.25,0.31,0.23,0.31,154128,0
IGT,D,20120413,000000,0.28,0.31,0.28,0.29,37853,0
IGT,D,20120416,000000,0.32,0.32,0.32,0.32,50,0
IGT,D,20120417,000000,0.32,0.37,0.31,0.33,95162,0
IGT,D,20120418,000000,0.31,0.33,0.3,0.31,44339,0
IGT,D,20120419,000000,0.3,0.32,0.26,0.32,14673,0
IGT,D,20120424,000000,0.31,0.31,0.31,0.31,520,0
IGT,D,20120426,000000,0.26,0.3,0.26,0.3,4661,0
IGT,D,20120502,000000,0.26,0.29,0.26,0.29,2020,0
IGT,D,20120504,000000,0.26,0.32,0.25,0.3,66720,0
IGT,D,20120507,000000,0.32,0.34,0.31,0.32,38033,0
IGT,D,20120508,000000,0.33,0.33,0.27,0.27,8012,0
IGT,D,20120509,000000,0.31,0.32,0.29,0.31,40599,0
IGT,D,20120510,000000,0.31,0.31,0.31,0.31,171,0
IGT,D,20120511,000000,0.28,0.31,0.27,0.28,22985,0
IGT,D,20120515,000000,0.27,0.27,0.27,0.27,1500,0
IGT,D,20120516,000000,0.3,0.3,0.27,0.27,1500,0
IGT,D,20120517,000000,0.26,0.26,0.25,0.25,69600,0
IGT,D,20120518,000000,0.23,0.24,0.22,0.24,30190,0
IGT,D,20120521,000000,0.24,0.24,0.22,0.24,14939,0
IGT,D,20120522,000000,0.27,0.27,0.21,0.24,60388,0
IGT,D,20120523,000000,0.2,0.2,0.2,0.2,22819,0
IGT,D,20120524,000000,0.2,0.22,0.18,0.21,35821,0
IGT,D,20120525,000000,0.2,0.22,0.2,0.22,42253,0
IGT,D,20120528,000000,0.2,0.21,0.19,0.21,48898,0
IGT,D,20120529,000000,0.19,0.22,0.19,0.2,61229,0
IGT,D,20120530,000000,0.22,0.22,0.22,0.22,1000,0
IGT,D,20120531,000000,0.21,0.21,0.2,0.2,21753,0
IGT,D,20120601,000000,0.19,0.2,0.19,0.2,8,0
IGT,D,20120604,000000,0.19,0.28,0.19,0.28,206468,0
IGT,D,20120605,000000,0.29,0.4,0.29,0.4,247560,0
IGT,D,20120606,000000,0.4,0.45,0.34,0.4,67096,0
IGT,D,20120608,000000,0.36,0.4,0.33,0.4,14647,0
IGT,D,20120612,000000,0.33,0.35,0.32,0.35,14318,0
IGT,D,20120613,000000,0.35,0.35,0.28,0.34,3870,0
IGT,D,20120614,000000,0.34,0.37,0.31,0.37,7918,0
IGT,D,20120615,000000,0.37,0.38,0.31,0.31,9979,0
IGT,D,20120618,000000,0.37,0.37,0.29,0.31,743,0
IGT,D,20120619,000000,0.29,0.31,0.26,0.31,2891,0
IGT,D,20120620,000000,0.27,0.27,0.25,0.25,106291,0
IGT,D,20120621,000000,0.23,0.27,0.23,0.27,272352,0
IGT,D,20120622,000000,0.27,0.27,0.27,0.27,43454,0
IGT,D,20120625,000000,0.27,0.27,0.25,0.25,86002,0
IGT,D,20120626,000000,0.27,0.3,0.25,0.25,37761,0
IGT,D,20120627,000000,0.27,0.27,0.25,0.27,299214,0
IGT,D,20120628,000000,0.3,0.3,0.26,0.26,5459,0
IGT,D,20120629,000000,0.25,0.26,0.25,0.26,9500,0
IGT,D,20120702,000000,0.26,0.26,0.26,0.26,1500,0
IGT,D,20120703,000000,0.26,0.28,0.24,0.27,17345,0
IGT,D,20120704,000000,0.27,0.27,0.22,0.25,15364,0
IGT,D,20120705,000000,0.25,0.26,0.23,0.26,6261,0
IGT,D,20120709,000000,0.24,0.24,0.21,0.21,74191,0
IGT,D,20120710,000000,0.23,0.23,0.19,0.19,86664,0
IGT,D,20120711,000000,0.21,0.24,0.21,0.23,42745,0
IGT,D,20120712,000000,0.24,0.24,0.23,0.23,11000,0
IGT,D,20120713,000000,0.23,0.25,0.19,0.2,84594,0
IGT,D,20120716,000000,0.21,0.21,0.18,0.19,27310,0
IGT,D,20120717,000000,0.2,0.2,0.19,0.19,95325,0
IGT,D,20120718,000000,0.2,0.2,0.2,0.2,3495,0
IGT,D,20120719,000000,0.21,0.21,0.2,0.21,4171,0
IGT,D,20120720,000000,0.21,0.21,0.21,0.21,5000,0
IGT,D,20120723,000000,0.21,0.21,0.18,0.19,51916,0
IGT,D,20120724,000000,0.18,0.19,0.18,0.18,3076,0
IGT,D,20120725,000000,0.19,0.2,0.19,0.2,12300,0
IGT,D,20120726,000000,0.2,0.2,0.2,0.2,25,0
IGT,D,20120727,000000,0.2,0.2,0.19,0.19,8500,0
IGT,D,20120730,000000,0.19,0.2,0.18,0.2,9804,0
IGT,D,20120731,000000,0.2,0.2,0.2,0.2,18199,0
IGT,D,20120801,000000,0.2,0.2,0.18,0.18,20558,0
IGT,D,20120802,000000,0.18,0.18,0.17,0.17,6835,0
IGT,D,20120803,000000,0.17,0.18,0.15,0.17,119939,0
IGT,D,20120806,000000,0.16,0.16,0.16,0.16,25100,0
IGT,D,20120807,000000,0.16,0.16,0.16,0.16,10000,0
IGT,D,20120808,000000,0.15,0.17,0.15,0.16,44863,0
IGT,D,20120809,000000,0.16,0.18,0.16,0.18,56739,0
IGT,D,20120810,000000,0.2,0.23,0.2,0.21,121216,0
IGT,D,20120813,000000,0.2,0.2,0.2,0.2,3699,0
IGT,D,20120814,000000,0.2,0.21,0.18,0.2,8418,0
IGT,D,20120816,000000,0.17,0.18,0.17,0.18,12068,0
IGT,D,20120817,000000,0.17,0.18,0.16,0.16,31049,0
IGT,D,20120820,000000,0.17,0.19,0.14,0.18,46940,0
IGT,D,20120821,000000,0.17,0.17,0.15,0.15,6605,0
IGT,D,20120822,000000,0.15,0.15,0.15,0.15,41999,0
IGT,D,20120823,000000,0.16,0.17,0.16,0.17,23616,0
IGT,D,20120824,000000,0.17,0.2,0.17,0.18,168041,0
IGT,D,20120827,000000,0.2,0.24,0.19,0.22,128655,0
IGT,D,20120828,000000,0.23,0.23,0.18,0.18,282632,0
IGT,D,20120829,000000,0.18,0.18,0.17,0.17,21913,0
IGT,D,20120830,000000,0.18,0.18,0.18,0.18,5000,0
IGT,D,20120831,000000,0.18,0.18,0.18,0.18,6500,0
IGT,D,20120903,000000,0.17,0.18,0.16,0.17,32562,0
IGT,D,20120904,000000,0.16,0.18,0.16,0.17,56014,0
IGT,D,20120905,000000,0.17,0.17,0.16,0.16,14707,0
IGT,D,20120906,000000,0.16,0.17,0.15,0.17,12463,0
IGT,D,20120907,000000,0.17,0.19,0.17,0.18,191288,0
IGT,D,20120911,000000,0.17,0.19,0.17,0.19,10660,0
IGT,D,20120912,000000,0.17,0.17,0.16,0.17,26018,0
IGT,D,20120913,000000,0.16,0.17,0.15,0.17,24297,0
IGT,D,20120914,000000,0.17,0.19,0.17,0.18,43645,0
IGT,D,20120917,000000,0.18,0.18,0.15,0.17,61388,0
IGT,D,20120918,000000,0.17,0.18,0.16,0.18,26405,0
IGT,D,20120919,000000,0.18,0.19,0.15,0.16,243531,0
IGT,D,20120920,000000,0.15,0.17,0.15,0.17,63742,0
IGT,D,20120921,000000,0.16,0.17,0.15,0.17,13411,0
IGT,D,20120924,000000,0.15,0.17,0.15,0.17,18155,0
IGT,D,20120925,000000,0.15,0.16,0.15,0.16,13418,0
IGT,D,20120926,000000,0.15,0.16,0.15,0.16,19870,0
IGT,D,20120927,000000,0.15,0.16,0.15,0.15,24891,0
IGT,D,20120928,000000,0.14,0.15,0.12,0.14,116235,0
IGT,D,20121001,000000,0.13,0.16,0.13,0.16,35587,0
IGT,D,20121002,000000,0.16,0.16,0.13,0.13,37295,0
IGT,D,20121003,000000,0.14,0.15,0.14,0.15,26901,0
IGT,D,20121004,000000,0.16,0.17,0.16,0.17,31962,0
IGT,D,20121008,000000,0.17,0.17,0.17,0.17,327,0
IGT,D,20121009,000000,0.15,0.15,0.14,0.15,12601,0
IGT,D,20121010,000000,0.15,0.16,0.15,0.16,9728,0
IGT,D,20121011,000000,0.16,0.16,0.15,0.15,35000,0
IGT,D,20121012,000000,0.15,0.15,0.15,0.15,7900,0
IGT,D,20121015,000000,0.14,0.16,0.14,0.16,20351,0
IGT,D,20121016,000000,0.15,0.15,0.14,0.14,38103,0
IGT,D,20121017,000000,0.14,0.14,0.14,0.14,13302,0
IGT,D,20121018,000000,0.14,0.16,0.14,0.15,123850,0
IGT,D,20121019,000000,0.16,0.16,0.16,0.16,5000,0
IGT,D,20121022,000000,0.16,0.16,0.15,0.15,28427,0
IGT,D,20121023,000000,0.14,0.14,0.14,0.14,1573,0
IGT,D,20121026,000000,0.14,0.14,0.14,0.14,8843,0
IGT,D,20121030,000000,0.14,0.14,0.14,0.14,3190,0
IGT,D,20121102,000000,0.15,0.15,0.15,0.15,2000,0
IGT,D,20121105,000000,0.14,0.14,0.14,0.14,2500,0
IGT,D,20121106,000000,0.15,0.15,0.15,0.15,14000,0
IGT,D,20121108,000000,0.15,0.15,0.15,0.15,10000,0
IGT,D,20121109,000000,0.15,0.16,0.15,0.16,15483,0
IGT,D,20121112,000000,0.16,0.16,0.16,0.16,10,0
IGT,D,20121114,000000,0.14,0.14,0.14,0.14,17355,0
IGT,D,20121115,000000,0.14,0.14,0.12,0.13,2050413,0
IGT,D,20121116,000000,0.14,0.15,0.14,0.14,68322,0
IGT,D,20121119,000000,0.15,0.16,0.15,0.16,86530,0
IGT,D,20121121,000000,0.15,0.16,0.15,0.16,18082,0
IGT,D,20121122,000000,0.16,0.16,0.15,0.15,4168,0
IGT,D,20121123,000000,0.15,0.16,0.15,0.16,12743,0
IGT,D,20121126,000000,0.15,0.16,0.13,0.15,195675,0
IGT,D,20121127,000000,0.14,0.14,0.14,0.14,11000,0
IGT,D,20121128,000000,0.14,0.14,0.14,0.14,14000,0
IGT,D,20121129,000000,0.13,0.15,0.13,0.15,16110,0
IGT,D,20121130,000000,0.14,0.14,0.14,0.14,1,0
IGT,D,20121203,000000,0.14,0.14,0.14,0.14,3600,0
IGT,D,20121204,000000,0.13,0.15,0.13,0.15,30400,0
IGT,D,20121205,000000,0.13,0.14,0.13,0.14,43420,0
IGT,D,20121207,000000,0.13,0.14,0.13,0.14,17510,0
IGT,D,20121210,000000,0.13,0.13,0.13,0.13,20000,0
IGT,D,20121211,000000,0.13,0.13,0.12,0.13,85300,0
IGT,D,20121212,000000,0.13,0.13,0.13,0.13,30181,0
IGT,D,20121213,000000,0.14,0.14,0.14,0.14,800,0
IGT,D,20121214,000000,0.14,0.14,0.14,0.14,79573,0
IGT,D,20121217,000000,0.14,0.14,0.14,0.14,63111,0
IGT,D,20121218,000000,0.14,0.14,0.14,0.14,137902,0
IGT,D,20121219,000000,0.15,0.15,0.15,0.15,30,0
IGT,D,20121220,000000,0.14,0.14,0.14,0.14,16300,0
IGT,D,20121221,000000,0.14,0.15,0.14,0.14,52116,0
IGT,D,20121228,000000,0.13,0.13,0.13,0.13,4687,0
IGT,D,20130102,000000,0.14,0.17,0.14,0.17,85239,0
IGT,D,20130103,000000,0.17,0.18,0.15,0.18,31366,0
IGT,D,20130104,000000,0.18,0.25,0.18,0.25,186156,0
IGT,D,20130107,000000,0.23,0.23,0.2,0.2,67138,0
IGT,D,20130108,000000,0.23,0.23,0.22,0.22,600,0
IGT,D,20130109,000000,0.19,0.22,0.18,0.22,17663,0
IGT,D,20130110,000000,0.21,0.31,0.21,0.28,299742,0
IGT,D,20130111,000000,0.29,0.33,0.29,0.31,66766,0
IGT,D,20130114,000000,0.34,0.34,0.32,0.33,20037,0
IGT,D,20130115,000000,0.27,0.33,0.27,0.33,20266,0
IGT,D,20130116,000000,0.29,0.36,0.29,0.36,69907,0
IGT,D,20130117,000000,0.33,0.34,0.33,0.34,31094,0
IGT,D,20130118,000000,0.33,0.33,0.33,0.33,74569,0
IGT,D,20130121,000000,0.33,0.33,0.33,0.33,10,0
IGT,D,20130122,000000,0.3,0.34,0.3,0.34,13138,0
IGT,D,20130123,000000,0.34,0.34,0.33,0.33,3794,0
IGT,D,20130124,000000,0.33,0.33,0.33,0.33,25,0
IGT,D,20130125,000000,0.33,0.33,0.33,0.33,30,0
IGT,D,20130128,000000,0.28,0.28,0.28,0.28,6718,0
IGT,D,20130129,000000,0.28,0.28,0.28,0.28,15,0
IGT,D,20130130,000000,0.31,0.31,0.26,0.31,43,0
IGT,D,20130131,000000,0.25,0.3,0.25,0.3,3368,0
IGT,D,20130201,000000,0.25,0.3,0.25,0.3,2426,0
IGT,D,20130204,000000,0.31,0.31,0.31,0.31,10,0
IGT,D,20130205,000000,0.3,0.31,0.29,0.31,21034,0
IGT,D,20130206,000000,0.28,0.29,0.25,0.29,41007,0
IGT,D,20130208,000000,0.28,0.28,0.27,0.27,196,0
IGT,D,20130211,000000,0.28,0.28,0.28,0.28,10,0
IGT,D,20130212,000000,0.28,0.33,0.23,0.33,73778,0
IGT,D,20130213,000000,0.31,0.31,0.3,0.3,25000,0
IGT,D,20130214,000000,0.33,0.33,0.3,0.3,11520,0
IGT,D,20130215,000000,0.29,0.32,0.26,0.32,37178,0
IGT,D,20130219,000000,0.26,0.3,0.26,0.3,6250,0
IGT,D,20130220,000000,0.32,0.32,0.25,0.26,19137,0
IGT,D,20130221,000000,0.25,0.28,0.25,0.26,94332,0
IGT,D,20130222,000000,0.25,0.28,0.24,0.24,122103,0
IGT,D,20130225,000000,0.26,0.3,0.26,0.3,59777,0
IGT,D,20130226,000000,0.3,0.3,0.27,0.27,27337,0
IGT,D,20130227,000000,0.3,0.3,0.3,0.3,10,0
IGT,D,20130228,000000,0.3,0.3,0.3,0.3,11,0
IGT,D,20130301,000000,0.3,0.3,0.3,0.3,25000,0
IGT,D,20130304,000000,0.31,0.43,0.31,0.43,125258,0
IGT,D,20130305,000000,0.43,0.43,0.35,0.35,30152,0
IGT,D,20130306,000000,0.36,0.38,0.34,0.38,19005,0
IGT,D,20130307,000000,0.31,0.31,0.31,0.31,18583,0
IGT,D,20130308,000000,0.36,0.36,0.33,0.33,1057,0
IGT,D,20130311,000000,0.32,0.4,0.32,0.4,33127,0
IGT,D,20130312,000000,0.37,0.41,0.35,0.41,2358,0
IGT,D,20130313,000000,0.4,0.48,0.4,0.42,33639,0
IGT,D,20130314,000000,0.48,0.5,0.48,0.5,18861,0
IGT,D,20130315,000000,0.5,0.5,0.43,0.49,5100,0
IGT,D,20130318,000000,0.42,0.42,0.42,0.42,1511,0
IGT,D,20130319,000000,0.42,0.46,0.39,0.46,26789,0
IGT,D,20130320,000000,0.46,0.5,0.46,0.49,24244,0
IGT,D,20130321,000000,0.49,0.49,0.41,0.41,1892,0
IGT,D,20130322,000000,0.42,0.42,0.42,0.42,3000,0
IGT,D,20130325,000000,0.42,0.42,0.36,0.36,36000,0
IGT,D,20130326,000000,0.37,0.37,0.37,0.37,5000,0
IGT,D,20130328,000000,0.44,0.44,0.44,0.44,5,0
IGT,D,20130403,000000,0.45,0.45,0.45,0.45,4,0
IGT,D,20130405,000000,0.44,0.44,0.44,0.44,1,0
IGT,D,20130409,000000,0.44,0.44,0.44,0.44,25,0
IGT,D,20130412,000000,0.37,0.37,0.36,0.36,20000,0
IGT,D,20130417,000000,0.42,0.42,0.42,0.42,100,0
IGT,D,20130423,000000,0.34,0.39,0.31,0.31,167,0
IGT,D,20130424,000000,0.26,0.26,0.26,0.26,1,0
IGT,D,20130430,000000,0.3,0.3,0.3,0.3,11000,0
IGT,D,20130502,000000,0.3,0.3,0.3,0.3,32,0
IGT,D,20130514,000000,0.36,0.36,0.36,0.36,547,0
IGT,D,20130515,000000,0.36,0.49,0.36,0.49,23210,0
IGT,D,20130516,000000,0.48,0.48,0.48,0.48,10,0
IGT,D,20130517,000000,0.47,0.5,0.47,0.5,15500,0
IGT,D,20130521,000000,0.47,0.47,0.47,0.47,15,0
IGT,D,20130522,000000,0.49,0.49,0.49,0.49,93,0
IGT,D,20130523,000000,0.49,0.49,0.49,0.49,112,0
IGT,D,20130524,000000,0.36,0.43,0.36,0.36,10050,0
IGT,D,20130529,000000,0.43,0.43,0.37,0.37,2950,0
IGT,D,20130604,000000,0.46,0.53,0.46,0.53,61640,0
IGT,D,20130605,000000,0.5,0.5,0.5,0.5,20,0
IGT,D,20130606,000000,0.45,0.5,0.45,0.5,3020,0
IGT,D,20130607,000000,0.45,0.45,0.44,0.44,1427,0
IGT,D,20130610,000000,0.52,0.52,0.4,0.4,13115,0
IGT,D,20130611,000000,0.42,0.42,0.42,0.42,800,0
IGT,D,20130618,000000,0.51,0.51,0.51,0.51,100,0
IGT,D,20130619,000000,0.5,0.51,0.5,0.51,230,0
IGT,D,20130621,000000,0.51,0.51,0.51,0.51,470,0
IGT,D,20130624,000000,0.52,0.64,0.52,0.64,57831,0
IGT,D,20130625,000000,0.65,0.65,0.65,0.65,80,0
IGT,D,20130626,000000,0.53,0.53,0.53,0.53,1500,0
IGT,D,20130627,000000,0.63,0.63,0.63,0.63,200,0
IGT,D,20130628,000000,0.63,0.63,0.63,0.63,682,0
IGT,D,20130701,000000,0.63,0.67,0.63,0.67,638,0
IGT,D,20130702,000000,0.64,0.67,0.56,0.66,11986,0
IGT,D,20130708,000000,0.67,0.67,0.67,0.67,5,0
IGT,D,20130709,000000,0.67,0.67,0.67,0.67,70,0
IGT,D,20130710,000000,0.66,0.67,0.6,0.6,11452,0
IGT,D,20130712,000000,0.66,0.66,0.55,0.65,510,0
IGT,D,20130715,000000,0.65,0.65,0.65,0.65,90,0
IGT,D,20130722,000000,0.65,0.7,0.65,0.7,320,0
IGT,D,20130725,000000,0.58,0.68,0.58,0.68,105,0
IGT,D,20130729,000000,0.69,0.69,0.69,0.69,25,0
IGT,D,20130730,000000,0.59,0.59,0.59,0.59,15000,0
IGT,D,20130805,000000,0.69,0.69,0.69,0.69,5,0
IGT,D,20130806,000000,0.5,0.5,0.5,0.5,3200,0
IGT,D,20130807,000000,0.5,0.5,0.5,0.5,8000,0
IGT,D,20130809,000000,0.59,0.59,0.59,0.59,345,0
IGT,D,20130813,000000,0.49,0.58,0.48,0.58,25271,0
IGT,D,20130814,000000,0.48,0.57,0.48,0.57,4020,0
IGT,D,20130816,000000,0.48,0.52,0.39,0.52,40000,0
IGT,D,20130819,000000,0.48,0.48,0.4,0.45,27000,0
IGT,D,20130820,000000,0.41,0.41,0.41,0.41,36500,0
IGT,D,20130821,000000,0.45,0.47,0.45,0.47,4500,0
IGT,D,20130822,000000,0.47,0.49,0.43,0.49,41700,0
IGT,D,20130826,000000,0.49,0.49,0.49,0.49,60,0
IGT,D,20130827,000000,0.44,0.44,0.4,0.4,18100,0
IGT,D,20130828,000000,0.43,0.46,0.43,0.46,4648,0
IGT,D,20130829,000000,0.46,0.46,0.46,0.46,2500,0
IGT,D,20130905,000000,0.42,0.42,0.42,0.42,1400,0
IGT,D,20130906,000000,0.47,0.47,0.47,0.47,100,0
IGT,D,20130909,000000,0.45,0.46,0.45,0.46,10000,0
IGT,D,20130910,000000,0.45,0.45,0.45,0.45,1100,0
IGT,D,20130911,000000,0.42,0.42,0.42,0.42,5000,0
IGT,D,20130912,000000,0.45,0.45,0.42,0.43,35710,0
IGT,D,20130913,000000,0.42,0.42,0.42,0.42,394,0
IGT,D,20130916,000000,0.42,0.42,0.42,0.42,1187,0
IGT,D,20130917,000000,0.41,0.41,0.4,0.4,38146,0
IGT,D,20130925,000000,0.4,0.4,0.4,0.4,3500,0
IGT,D,20130926,000000,0.4,0.4,0.4,0.4,13300,0
IGT,D,20130930,000000,0.41,0.42,0.41,0.42,7530,0
IGT,D,20131001,000000,0.43,0.44,0.43,0.43,21720,0
IGT,D,20131002,000000,0.43,0.43,0.43,0.43,7285,0
IGT,D,20131003,000000,0.43,0.43,0.43,0.43,601,0
IGT,D,20131008,000000,0.39,0.39,0.38,0.38,20000,0
IGT,D,20131009,000000,0.41,0.43,0.38,0.42,11989,0
IGT,D,20131021,000000,0.38,0.38,0.38,0.38,4500,0
IGT,D,20131023,000000,0.38,0.38,0.38,0.38,5000,0
IGT,D,20131025,000000,0.38,0.38,0.38,0.38,906,0
IGT,D,20131028,000000,0.35,0.35,0.35,0.35,20000,0
IGT,D,20131029,000000,0.41,0.41,0.4,0.4,3000,0
IGT,D,20131030,000000,0.36,0.36,0.36,0.36,10000,0
IGT,D,20131031,000000,0.35,0.35,0.35,0.35,5611,0
IGT,D,20131105,000000,0.35,0.35,0.34,0.34,4000,0
IGT,D,20131106,000000,0.35,0.35,0.35,0.35,1000,0
IGT,D,20131108,000000,0.35,0.35,0.35,0.35,786,0
IGT,D,20131112,000000,0.36,0.36,0.36,0.36,10000,0
IGT,D,20131115,000000,0.4,0.4,0.4,0.4,214,0
IGT,D,20131119,000000,0.32,0.37,0.32,0.37,3826,0
IGT,D,20131121,000000,0.38,0.4,0.38,0.4,31481,0
IGT,D,20131122,000000,0.4,0.47,0.4,0.4,13748,0
IGT,D,20131125,000000,0.4,0.48,0.38,0.48,34500,0
IGT,D,20131126,000000,0.4,0.4,0.38,0.4,10300,0
IGT,D,20131202,000000,0.36,0.36,0.36,0.36,10850,0
IGT,D,20131205,000000,0.35,0.35,0.35,0.35,15000,0
IGT,D,20131206,000000,0.42,0.42,0.42,0.42,100,0
IGT,D,20131210,000000,0.36,0.37,0.36,0.37,200000,0
IGT,D,20131211,000000,0.35,0.4,0.35,0.4,16044,0
IGT,D,20131216,000000,0.43,0.43,0.42,0.42,105254,0
IGT,D,20131218,000000,0.35,0.42,0.35,0.41,3115310,0
IGT,D,20131219,000000,0.4,0.4,0.36,0.36,15407,0
IGT,D,20131220,000000,0.36,0.36,0.36,0.36,14661,0
IGT,D,20131223,000000,0.4,0.46,0.38,0.38,34472,0
IGT,D,20131227,000000,0.44,0.44,0.44,0.44,100,0
IGT,D,20131230,000000,0.44,0.44,0.44,0.44,110,0
IGT,D,20140102,000000,0.39,0.39,0.39,0.39,20,0
IGT,D,20140103,000000,0.38,0.38,0.38,0.38,18000,0
IGT,D,20140107,000000,0.37,0.44,0.37,0.44,606,0
IGT,D,20140113,000000,0.37,0.37,0.37,0.37,4400,0
IGT,D,20140117,000000,0.38,0.38,0.38,0.38,490,0
IGT,D,20140120,000000,0.38,0.39,0.38,0.39,5231,0
IGT,D,20140121,000000,0.38,0.38,0.38,0.38,5979,0
IGT,D,20140122,000000,0.38,0.38,0.38,0.38,21488,0
IGT,D,20140123,000000,0.37,0.37,0.37,0.37,7000,0
IGT,D,20140124,000000,0.37,0.37,0.37,0.37,13000,0
IGT,D,20140130,000000,0.37,0.52,0.36,0.52,73200,0
IGT,D,20140131,000000,0.52,0.62,0.52,0.62,2750,0
IGT,D,20140203,000000,0.59,0.59,0.48,0.5,6400,0
IGT,D,20140205,000000,0.46,0.54,0.45,0.54,12066,0
IGT,D,20140206,000000,0.45,0.5,0.44,0.5,5003,0
IGT,D,20140207,000000,0.44,0.44,0.44,0.44,3000,0
IGT,D,20140210,000000,0.44,0.52,0.44,0.52,19479,0
IGT,D,20140211,000000,0.46,0.46,0.46,0.46,2000,0
IGT,D,20140213,000000,0.46,0.46,0.46,0.46,8000,0
IGT,D,20140214,000000,0.46,0.46,0.38,0.46,273592,0
IGT,D,20140217,000000,0.41,0.41,0.41,0.41,4000,0
IGT,D,20140219,000000,0.41,0.48,0.4,0.48,36246,0
IGT,D,20140220,000000,0.54,0.59,0.52,0.59,23972,0
IGT,D,20140226,000000,0.59,0.59,0.48,0.48,3000,0
IGT,D,20140305,000000,0.44,0.44,0.44,0.44,4004,0
IGT,D,20140306,000000,0.42,0.42,0.42,0.42,3000,0
IGT,D,20140307,000000,0.42,0.47,0.41,0.42,12904,0
IGT,D,20140310,000000,0.46,0.49,0.43,0.43,7825,0
IGT,D,20140311,000000,0.47,0.47,0.47,0.47,1010,0
IGT,D,20140313,000000,0.42,0.42,0.4,0.4,21790,0
IGT,D,20140314,000000,0.45,0.45,0.4,0.4,581,0
IGT,D,20140317,000000,0.44,0.46,0.44,0.44,8333,0
IGT,D,20140318,000000,0.44,0.46,0.41,0.46,10168,0
IGT,D,20140325,000000,0.44,0.49,0.44,0.49,12769,0
IGT,D,20140326,000000,0.44,0.45,0.44,0.45,3079,0
IGT,D,20140328,000000,0.44,0.44,0.44,0.44,2500,0
IGT,D,20140401,000000,0.44,0.44,0.44,0.44,600,0
IGT,D,20140403,000000,0.44,0.44,0.4,0.42,29500,0
IGT,D,20140404,000000,0.42,0.42,0.4,0.4,25000,0
IGT,D,20140407,000000,0.44,0.44,0.44,0.44,500,0
IGT,D,20140408,000000,0.41,0.41,0.41,0.41,1000,0
IGT,D,20140411,000000,0.41,0.41,0.4,0.4,15244,0
IGT,D,20140414,000000,0.4,0.4,0.4,0.4,22224,0
IGT,D,20140416,000000,0.4,0.4,0.4,0.4,4000,0
IGT,D,20140417,000000,0.44,0.44,0.44,0.44,1000,0
IGT,D,20140423,000000,0.43,0.43,0.41,0.41,8800,0
IGT,D,20140428,000000,0.43,0.44,0.43,0.44,1600,0
IGT,D,20140429,000000,0.41,0.43,0.4,0.43,13587,0
IGT,D,20140505,000000,0.42,0.42,0.42,0.42,8600,0
IGT,D,20140508,000000,0.4,0.48,0.4,0.48,173043,0
IGT,D,20140509,000000,0.41,0.44,0.4,0.44,135400,0
IGT,D,20140512,000000,0.44,0.44,0.44,0.44,6,0
IGT,D,20140514,000000,0.47,0.47,0.47,0.47,1,0
IGT,D,20140515,000000,0.46,0.55,0.46,0.55,44622,0
IGT,D,20140519,000000,0.48,0.48,0.48,0.48,3000,0
IGT,D,20140520,000000,0.54,0.54,0.54,0.54,88,0
IGT,D,20140523,000000,0.54,0.54,0.54,0.54,99,0
IGT,D,20140529,000000,0.64,0.64,0.6,0.6,235,0
IGT,D,20140530,000000,0.6,0.6,0.6,0.6,1000,0
IGT,D,20140605,000000,0.48,0.48,0.42,0.42,8641,0
IGT,D,20140606,000000,0.42,0.48,0.42,0.48,2435,0
IGT,D,20140611,000000,0.44,0.44,0.44,0.44,10000,0
IGT,D,20140617,000000,0.44,0.53,0.44,0.53,18894,0
IGT,D,20140618,000000,0.53,0.65,0.53,0.64,129319,0
IGT,D,20140623,000000,0.63,0.63,0.52,0.52,10213,0
IGT,D,20140624,000000,0.62,0.62,0.62,0.62,500,0
IGT,D,20140625,000000,0.63,0.63,0.52,0.62,40990,0
IGT,D,20140711,000000,0.5,0.5,0.5,0.5,2500,0
IGT,D,20140714,000000,0.44,0.59,0.44,0.5,8520,0
IGT,D,20140715,000000,0.54,0.54,0.54,0.54,400,0
IGT,D,20140722,000000,0.5,0.67,0.5,0.66,879091,0
IGT,D,20140723,000000,0.59,0.64,0.53,0.64,5918,0
IGT,D,20140725,000000,0.53,0.53,0.53,0.53,770,0
IGT,D,20140728,000000,0.63,0.75,0.63,0.75,32420,0
IGT,D,20140729,000000,0.8,1.15,0.8,1.15,44986,0
IGT,D,20140730,000000,1.38,1.65,1.11,1.65,125810,0
IGT,D,20140731,000000,1.98,2.2,1.03,1.03,159989,0
IGT,D,20140801,000000,0.85,0.89,0.68,0.86,199241,0
IGT,D,20140804,000000,0.86,1.17,0.8,1.06,77871,0
IGT,D,20140805,000000,1.17,1.17,0.81,0.94,28657,0
IGT,D,20140806,000000,1,1.03,0.87,0.96,24804,0
IGT,D,20140807,000000,0.95,1.2,0.88,1.2,42213,0
IGT,D,20140808,000000,1.35,1.4,1.1,1.38,21996,0
IGT,D,20140811,000000,1.39,1.6,1.25,1.47,28667,0
IGT,D,20140812,000000,1.5,1.6,1.42,1.6,19711,0
IGT,D,20140813,000000,1.65,2.37,1.65,1.96,94875,0
IGT,D,20140814,000000,2.11,2.8,1.88,2.24,101623,0
IGT,D,20140818,000000,2.25,2.58,2.05,2.45,35570,0
IGT,D,20140819,000000,2.5,3.38,2.45,3.25,91367,0
IGT,D,20140820,000000,3.52,3.93,3.15,3.21,127412,0
IGT,D,20140821,000000,2.99,3.34,2.09,3,148536,0
IGT,D,20140822,000000,2.62,2.98,2.42,2.91,35214,0
IGT,D,20140825,000000,2.91,3.48,2.78,2.95,69312,0
IGT,D,20140826,000000,2.95,3.52,2.95,3.41,43702,0
IGT,D,20140827,000000,3.6,3.85,3.57,3.82,29047,0
IGT,D,20140828,000000,3.85,3.85,3.25,3.6,27886,0
IGT,D,20140829,000000,3.29,3.58,2.85,2.99,44929,0
IGT,D,20140901,000000,2.95,3.5,2.5,3.19,26646,0
IGT,D,20140902,000000,3.19,3.46,3.1,3.26,10747,0
IGT,D,20140903,000000,3,3.26,2.92,2.92,18378,0
IGT,D,20140904,000000,3.1,3.25,2.76,3.23,31959,0
IGT,D,20140905,000000,3.05,3.35,3,3.06,23380,0
IGT,D,20140908,000000,3.05,3.15,3.05,3.14,5631,0
IGT,D,20140909,000000,3.14,3.19,3.05,3.05,6611,0
IGT,D,20140910,000000,3.05,3.12,3,3.11,12579,0
IGT,D,20140911,000000,2.95,3,2.8,2.97,31010,0
IGT,D,20140912,000000,2.97,3.11,2.82,2.82,13309,0
IGT,D,20140915,000000,2.99,2.99,2.6,2.7,26669,0
IGT,D,20140916,000000,2.65,2.65,2.35,2.43,29985,0
IGT,D,20140917,000000,2.29,2.33,2,2.33,14720,0
IGT,D,20140918,000000,2.32,2.32,2.32,2.32,105,0
IGT,D,20140919,000000,2.02,2.3,2,2,4876,0
IGT,D,20140922,000000,2,2.01,1.71,1.96,12653,0
IGT,D,20140923,000000,1.96,1.96,1.75,1.96,501,0
IGT,D,20140924,000000,2.01,2.01,2.01,2.01,5,0
IGT,D,20140925,000000,1.8,2,1.8,2,2225,0
IGT,D,20140926,000000,1.75,1.98,1.75,1.98,1005,0
IGT,D,20140929,000000,1.75,2,1.75,1.87,2075,0
IGT,D,20140930,000000,2,2.01,1.83,1.83,2642,0
IGT,D,20141001,000000,1.97,1.97,1.76,1.95,1178,0
IGT,D,20141002,000000,1.76,1.92,1.7,1.92,1219,0
IGT,D,20141003,000000,1.91,1.91,1.91,1.91,320,0
IGT,D,20141006,000000,1.96,1.96,1.96,1.96,3,0
IGT,D,20141007,000000,1.96,2.15,1.96,2.15,1081,0
IGT,D,20141008,000000,2.13,2.45,2.13,2.41,2504,0
IGT,D,20141013,000000,2.15,2.37,2.15,2.37,30,0
IGT,D,20141017,000000,2,2.28,2,2.28,311,0
IGT,D,20141020,000000,2,2.29,2,2.29,48,0
IGT,D,20141021,000000,2,2.25,2,2.25,15,0
IGT,D,20141022,000000,2,2.17,2,2.17,211,0
IGT,D,20141023,000000,2.2,2.2,1.71,1.71,1145,0
IGT,D,20141024,000000,2,2,1.95,1.95,188,0
IGT,D,20141027,000000,2.07,2.1,2.07,2.1,1000,0
IGT,D,20141028,000000,1.95,2.05,1.95,2.05,7,0
IGT,D,20141029,000000,2.05,2.05,2.05,2.05,500,0
IGT,D,20141030,000000,2.04,2.04,2.04,2.04,2,0
IGT,D,20141031,000000,2.04,2.04,2.04,2.04,1,0
IGT,D,20141104,000000,1.99,2.35,1.9,2.34,2043,0
IGT,D,20141105,000000,2.22,2.22,2.22,2.22,21,0
IGT,D,20141106,000000,2.25,2.25,2.25,2.25,60,0
IGT,D,20141107,000000,2.24,2.24,2.2,2.23,208,0
IGT,D,20141110,000000,2.22,2.22,2,2,52,0
IGT,D,20141112,000000,2.2,2.2,2,2.2,300,0
IGT,D,20141113,000000,2.11,3.05,2.1,3.05,22162,0
IGT,D,20141114,000000,3.2,3.2,2.56,3.05,23829,0
IGT,D,20141117,000000,2.7,2.89,2.2,2.58,13382,0
IGT,D,20141118,000000,2.3,2.3,2.1,2.2,10187,0
IGT,D,20141119,000000,2.07,2.38,2.07,2.23,5727,0
IGT,D,20141120,000000,2.05,2.2,2.05,2.2,3030,0
IGT,D,20141121,000000,2.19,2.19,2.19,2.19,50,0
IGT,D,20141124,000000,2.05,2.12,2.01,2.12,873,0
IGT,D,20141125,000000,2.12,2.2,2.12,2.2,247,0
IGT,D,20141126,000000,2.19,2.19,2.02,2.02,349,0
IGT,D,20141127,000000,1.9,2.08,1.9,2.08,1510,0
IGT,D,20141128,000000,1.9,2.07,1.9,2.07,1985,0
IGT,D,20141202,000000,1.9,2.05,1.9,2.05,120,0
IGT,D,20141208,000000,1.8,2.05,1.78,1.99,3102,0
IGT,D,20141210,000000,1.98,1.98,1.98,1.98,40,0
IGT,D,20141211,000000,1.85,1.85,1.8,1.8,20,0
IGT,D,20141212,000000,1.75,1.75,1.75,1.75,380,0
IGT,D,20141215,000000,1.73,1.96,1.73,1.96,802,0
IGT,D,20141216,000000,1.85,1.85,1.85,1.85,11,0
IGT,D,20141217,000000,1.58,1.58,1.58,1.58,802,0
IGT,D,20141218,000000,1.89,1.89,1.89,1.89,10,0
IGT,D,20141219,000000,1.89,1.96,1.89,1.96,110,0
IGT,D,20141222,000000,1.88,1.88,1.88,1.88,3903,0
IGT,D,20141223,000000,1.52,1.8,1.52,1.79,828,0
IGT,D,20141229,000000,1.55,1.55,1.55,1.55,299,0
IGT,D,20141230,000000,1.85,2.2,1.85,2.2,1076,0
IGT,D,20150105,000000,2.16,2.4,2.16,2.4,550,0
IGT,D,20150107,000000,2.36,2.36,2.36,2.36,68,0
IGT,D,20150108,000000,2.2,2.36,2.2,2.36,683,0
IGT,D,20150109,000000,2.2,2.36,2.2,2.36,371,0
IGT,D,20150112,000000,2.14,2.36,1.8,2,4059,0
IGT,D,20150113,000000,2.09,2.09,2.09,2.09,1,0
IGT,D,20150114,000000,1.81,2.08,1.81,1.82,301,0
IGT,D,20150115,000000,2.05,2.05,1.83,1.83,1760,0
IGT,D,20150116,000000,2.05,2.05,2.05,2.05,10,0
IGT,D,20150119,000000,2,2,2,2,290,0
IGT,D,20150121,000000,1.85,1.85,1.84,1.84,2058,0
IGT,D,20150122,000000,2,2,1.88,2,570,0
IGT,D,20150126,000000,1.99,2,1.99,2,1606,0
IGT,D,20150129,000000,1.8,1.82,1.8,1.81,601,0
IGT,D,20150204,000000,1.8,1.8,1.8,1.8,556,0
IGT,D,20150206,000000,1.8,1.8,1.8,1.8,100,0
IGT,D,20150210,000000,1.85,1.85,1.85,1.85,523,0
IGT,D,20150211,000000,1.8,1.82,1.8,1.8,1164,0
IGT,D,20150212,000000,1.8,1.8,1.8,1.8,500,0
IGT,D,20150213,000000,1.8,1.94,1.8,1.8,1649,0
IGT,D,20150216,000000,1.8,1.81,1.51,1.7,1419,0
IGT,D,20150217,000000,1.8,1.8,1.7,1.8,2406,0
IGT,D,20150218,000000,1.7,1.7,1.7,1.7,400,0
IGT,D,20150219,000000,1.7,1.7,1.7,1.7,850,0
IGT,D,20150220,000000,1.65,1.79,1.65,1.79,163,0
IGT,D,20150225,000000,1.79,1.79,1.79,1.79,241,0
IGT,D,20150227,000000,1.65,1.65,1.65,1.65,1,0
IGT,D,20150302,000000,1.8,1.8,1.79,1.79,15,0
IGT,D,20150303,000000,1.79,1.79,1.79,1.79,1295,0
IGT,D,20150305,000000,1.79,1.79,1.79,1.79,528,0
IGT,D,20150309,000000,1.65,1.65,1.32,1.55,4894,0
IGT,D,20150312,000000,1.56,1.56,1.56,1.56,1000,0
IGT,D,20150313,000000,1.78,1.9,1.65,1.9,3824,0
IGT,D,20150316,000000,1.9,1.9,1.55,1.77,2546,0
IGT,D,20150318,000000,1.51,1.6,1.5,1.51,1200,0
IGT,D,20150319,000000,1.8,1.8,1.51,1.51,1303,0
IGT,D,20150320,000000,1.5,1.5,1.5,1.5,340,0
IGT,D,20150324,000000,1.5,1.5,1.49,1.49,691,0
IGT,D,20150325,000000,1.35,1.6,1.35,1.5,1506,0
IGT,D,20150402,000000,1.51,1.51,1.51,1.51,50,0
IGT,D,20150408,000000,1.64,1.64,1.64,1.64,383,0
IGT,D,20150409,000000,1.62,1.63,1.52,1.52,1695,0
IGT,D,20150410,000000,1.52,1.64,1.44,1.44,4060,0
IGT,D,20150413,000000,1.5,1.5,1.5,1.5,1200,0
IGT,D,20150414,000000,1.64,1.64,1.64,1.64,1,0
IGT,D,20150415,000000,1.55,1.56,1.55,1.55,2160,0
IGT,D,20150417,000000,1.55,1.55,1.55,1.55,1007,0
IGT,D,20150420,000000,1.5,1.5,1.5,1.5,164,0
IGT,D,20150421,000000,1.5,1.54,1.5,1.54,1100,0
IGT,D,20150422,000000,1.41,1.54,1.41,1.54,641,0
IGT,D,20150504,000000,1.53,1.53,1.53,1.53,407,0
IGT,D,20150507,000000,1.4,1.4,1.39,1.39,330,0
IGT,D,20150508,000000,1.39,1.53,1.39,1.4,4282,0
IGT,D,20150511,000000,1.25,1.25,1.25,1.25,850,0
IGT,D,20150512,000000,1.1,1.24,1.1,1.24,580,0
IGT,D,20150514,000000,1.24,1.25,1.24,1.25,2386,0
IGT,D,20150515,000000,1.25,1.25,1.25,1.25,499,0
IGT,D,20150518,000000,1.3,1.3,1.3,1.3,179,0
IGT,D,20150520,000000,1.5,1.5,1.49,1.49,573,0
IGT,D,20150526,000000,1.46,1.46,1.46,1.46,2,0
IGT,D,20150602,000000,1.47,1.47,1.47,1.47,505,0
IGT,D,20150608,000000,1.28,1.28,1.05,1.05,1000,0
IGT,D,20150612,000000,1.34,1.34,1.34,1.34,2400,0
IGT,D,20150615,000000,1.2,1.2,1.2,1.2,290,0
IGT,D,20150616,000000,1.3,1.5,1.3,1.5,2750,0
IGT,D,20150619,000000,1.35,1.35,1.35,1.35,639,0
IGT,D,20150622,000000,1.2,1.2,1.2,1.2,1,0
IGT,D,20150623,000000,1.1,1.25,1.1,1.1,1728,0
IGT,D,20150624,000000,1.32,1.4,1.16,1.16,13,0
IGT,D,20150625,000000,1.2,1.43,1.16,1.19,1403,0
IGT,D,20150626,000000,1.4,1.4,1.4,1.4,1,0
IGT,D,20150630,000000,1.42,1.7,1.42,1.7,3665,0
IGT,D,20150701,000000,1.78,2,1.45,1.8,2037,0
IGT,D,20150702,000000,1.78,1.78,1.45,1.45,449,0
IGT,D,20150703,000000,1.74,1.74,1.74,1.74,10,0
IGT,D,20150706,000000,1.46,1.46,1.45,1.45,1911,0
IGT,D,20150707,000000,1.45,1.53,1.42,1.53,1437,0
IGT,D,20150708,000000,1.45,1.73,1.45,1.65,3170,0
IGT,D,20150709,000000,1.65,1.72,1.47,1.47,511,0
IGT,D,20150713,000000,1.54,1.73,1.54,1.73,651,0
IGT,D,20150714,000000,1.73,1.73,1.54,1.69,2005,0
IGT,D,20150715,000000,1.54,1.84,1.54,1.81,3906,0
IGT,D,20150716,000000,1.58,1.58,1.58,1.58,450,0
IGT,D,20150717,000000,1.79,1.79,1.54,1.58,2629,0
IGT,D,20150720,000000,1.58,1.64,1.58,1.64,770,0
IGT,D,20150722,000000,1.45,1.45,1.16,1.2,1320,0
IGT,D,20150724,000000,1.4,1.62,1.25,1.62,151,0
IGT,D,20150804,000000,1.39,1.39,1.39,1.39,520,0
IGT,D,20150807,000000,1.58,1.58,1.58,1.58,2,0
IGT,D,20150810,000000,1.27,1.27,1.22,1.22,4099,0
IGT,D,20150811,000000,1.21,1.3,1.18,1.25,3853,0
IGT,D,20150817,000000,1.2,1.6,1.2,1.6,4690,0
IGT,D,20150818,000000,1.74,1.74,1.74,1.74,1,0
IGT,D,20150820,000000,1.41,1.41,1.41,1.41,400,0
IGT,D,20150821,000000,1.41,1.41,1.4,1.4,1458,0
IGT,D,20150825,000000,1.65,1.65,1.65,1.65,1,0
IGT,D,20150826,000000,1.4,1.4,1.4,1.4,252,0
IGT,D,20150827,000000,1.39,1.39,1.39,1.39,92,0
IGT,D,20150828,000000,1.39,1.43,1.32,1.43,957,0
IGT,D,20150831,000000,1.39,1.39,1.39,1.39,480,0
IGT,D,20150908,000000,1.32,1.32,1.15,1.25,1879,0
IGT,D,20150914,000000,1.25,1.25,1.25,1.25,9,0
IGT,D,20150915,000000,1.25,1.25,1.25,1.25,90,0
IGT,D,20150916,000000,1.15,1.15,1.05,1.1,2590,0
IGT,D,20150917,000000,1.32,1.32,1.32,1.32,139,0
IGT,D,20150921,000000,1.07,1.09,1.07,1.09,1799,0
IGT,D,20150928,000000,1.15,1.15,1.15,1.15,45,0
IGT,D,20150929,000000,0.95,0.95,0.76,0.76,1001,0
IGT,D,20150930,000000,0.74,0.74,0.74,0.74,30,0
IGT,D,20151001,000000,0.87,1.04,0.72,0.72,166,0
IGT,D,20151006,000000,0.8,0.8,0.8,0.8,441,0
IGT,D,20151007,000000,0.96,0.96,0.96,0.96,1,0
IGT,D,20151008,000000,1.09,1.09,1.09,1.09,6,0
IGT,D,20151009,000000,1.09,1.09,0.88,0.95,5178,0
IGT,D,20151012,000000,1.03,1.03,0.95,0.95,503,0
IGT,D,20151013,000000,1,1,1,1,40,0
IGT,D,20151014,000000,1.03,1.15,0.95,1.12,12736,0
IGT,D,20151015,000000,1,1,1,1,1000,0
IGT,D,20151019,000000,1,1.17,1,1.17,201,0
IGT,D,20151022,000000,1,1.19,1,1.19,1052,0
IGT,D,20151026,000000,1,1,1,1,700,0
IGT,D,20151027,000000,1.15,1.15,1.15,1.15,1,0
IGT,D,20151028,000000,1.01,1.01,1,1,13793,0
IGT,D,20151030,000000,1,1,1,1,27890,0
IGT,D,20151105,000000,1.1,1.1,1.1,1.1,1,0
IGT,D,20151106,000000,0.91,1.09,0.91,1.09,301,0
IGT,D,20151110,000000,0.91,0.91,0.91,0.91,1595,0
IGT,D,20151113,000000,0.9,0.9,0.9,0.9,1112,0
IGT,D,20151116,000000,0.93,0.93,0.93,0.93,1075,0
IGT,D,20151117,000000,0.75,0.93,0.75,0.93,4392,0
IGT,D,20151119,000000,0.91,0.91,0.91,0.91,1000,0
IGT,D,20151126,000000,0.91,0.91,0.91,0.91,40,0
IGT,D,20151130,000000,0.91,0.91,0.91,0.91,1,0
IGT,D,20151201,000000,0.92,0.92,0.92,0.92,1,0
IGT,D,20151207,000000,0.91,0.91,0.91,0.91,2067,0
IGT,D,20151208,000000,0.91,0.91,0.91,0.91,255,0
IGT,D,20151209,000000,0.91,0.91,0.91,0.91,1357,0
IGT,D,20151211,000000,0.91,0.91,0.91,0.91,11007,0
IGT,D,20151214,000000,0.91,0.91,0.9,0.9,315,0
IGT,D,20151222,000000,0.73,0.73,0.73,0.73,139,0
IGT,D,20151223,000000,0.87,0.91,0.87,0.91,86500,0
IGT,D,20151230,000000,0.73,0.73,0.73,0.73,1,0
IGT,D,20160112,000000,0.87,0.9,0.87,0.9,6,0
IGT,D,20160204,000000,0.8,0.8,0.8,0.8,776,0
IGT,D,20160205,000000,0.8,0.96,0.8,0.96,700,0
IGT,D,20160208,000000,0.8,0.8,0.8,0.8,626,0
IGT,D,20160209,000000,0.7,0.7,0.7,0.7,74,0
IGT,D,20160211,000000,0.7,0.7,0.7,0.7,586,0
IGT,D,20160215,000000,0.8,0.8,0.8,0.8,1,0
IGT,D,20160224,000000,0.7,0.83,0.7,0.83,1687,0
IGT,D,20160225,000000,0.82,0.9,0.82,0.9,1001,0
IGT,D,20160229,000000,0.82,0.82,0.8,0.8,750,0
IGT,D,20160302,000000,0.75,0.75,0.75,0.75,74,0
IGT,D,20160307,000000,0.75,0.75,0.6,0.75,1225,0
IGT,D,20160309,000000,0.63,0.63,0.63,0.63,122,0
IGT,D,20160315,000000,0.65,0.65,0.65,0.65,556,0
IGT,D,20160316,000000,0.78,0.87,0.78,0.87,120,0
IGT,D,20160317,000000,0.86,0.86,0.86,0.86,1,0
IGT,D,20160404,000000,0.78,0.78,0.78,0.78,642,0
IGT,D,20160405,000000,0.78,0.78,0.78,0.78,1098,0
IGT,D,20160406,000000,0.78,0.84,0.78,0.84,2001,0
IGT,D,20160411,000000,0.75,0.84,0.75,0.84,144,0
IGT,D,20160428,000000,0.75,0.84,0.74,0.84,566,0
IGT,D,20160505,000000,0.79,0.79,0.79,0.79,4980,0
IGT,D,20160510,000000,0.79,0.84,0.78,0.84,3348,0
IGT,D,20160516,000000,0.78,0.78,0.78,0.78,3740,0
IGT,D,20160517,000000,0.84,0.84,0.84,0.84,1,0
IGT,D,20160614,000000,0.82,0.82,0.82,0.82,100,0
IGT,D,20160615,000000,0.82,0.92,0.82,0.92,1207,0
IGT,D,20160616,000000,1.1,1.1,0.92,0.92,1647,0
IGT,D,20160617,000000,0.96,0.96,0.95,0.95,200,0
IGT,D,20160628,000000,0.92,0.92,0.92,0.92,5,0
IGT,D,20160714,000000,0.85,0.85,0.8,0.8,1616,0
IGT,D,20160718,000000,0.88,0.88,0.88,0.88,200,0
IGT,D,20160801,000000,0.8,0.8,0.79,0.79,2337,0
IGT,D,20160803,000000,0.79,0.79,0.75,0.75,3600,0
IGT,D,20160804,000000,0.75,0.9,0.6,0.9,18100,0
IGT,D,20160829,000000,0.8,0.88,0.8,0.88,4600,0
IGT,D,20160920,000000,0.63,0.65,0.63,0.65,2552,0
IGT,D,20160921,000000,0.65,0.65,0.65,0.65,256,0
IGT,D,20160929,000000,0.63,0.63,0.63,0.63,1600,0
IGT,D,20161010,000000,0.6,0.6,0.6,0.6,600,0
IGT,D,20161018,000000,0.65,0.65,0.65,0.65,560,0
IGT,D,20161019,000000,0.65,0.65,0.65,0.65,3040,0
IGT,D,20161020,000000,0.74,0.74,0.74,0.74,3,0
IGT,D,20161028,000000,0.65,0.74,0.65,0.74,2027,0
IGT,D,20161031,000000,0.65,0.65,0.65,0.65,1540,0
IGT,D,20161102,000000,0.65,0.65,0.65,0.65,2540,0
IGT,D,20161104,000000,0.65,0.65,0.65,0.65,220,0
IGT,D,20161121,000000,0.74,0.74,0.63,0.63,1794,0
IGT,D,20161122,000000,0.6,0.6,0.57,0.57,1500,0
IGT,D,20161123,000000,0.65,0.65,0.65,0.65,299,0
IGT,D,20161124,000000,0.65,0.66,0.58,0.66,5101,0
IGT,D,20161125,000000,0.6,0.6,0.55,0.55,5714,0
IGT,D,20161128,000000,0.55,0.6,0.53,0.6,76086,0
IGT,D,20161130,000000,0.54,0.54,0.54,0.54,1600,0
IGT,D,20161201,000000,0.64,0.64,0.53,0.58,135720,0
IGT,D,20161202,000000,0.66,0.66,0.66,0.66,1,0
IGT,D,20161216,000000,0.6,0.72,0.6,0.7,12266,0
IGT,D,20161219,000000,0.74,0.88,0.74,0.88,5004,0
IGT,D,20161221,000000,1,1,0.88,0.88,3,0
IGT,D,20161222,000000,0.85,1,0.73,0.74,644300,0
IGT,D,20161223,000000,0.78,0.89,0.78,0.89,1321,0
IGT,D,20161228,000000,0.97,0.97,0.8,0.88,16237,0
IGT,D,20161229,000000,0.97,0.97,0.97,0.97,1,0
IGT,D,20161230,000000,0.8,0.88,0.8,0.88,589,0
IGT,D,20170103,000000,0.94,0.94,0.94,0.94,1,0
IGT,D,20170104,000000,0.9,0.9,0.77,0.77,1350,0
IGT,D,20170105,000000,0.73,0.77,0.72,0.77,2892,0
IGT,D,20170109,000000,0.77,0.79,0.7,0.7,27445,0
IGT,D,20170110,000000,0.66,0.66,0.63,0.63,3200,0
IGT,D,20170111,000000,0.64,0.64,0.64,0.64,45100,0
IGT,D,20170112,000000,0.64,0.64,0.64,0.64,18000,0
IGT,D,20170117,000000,0.64,0.64,0.64,0.64,2669,0
IGT,D,20170118,000000,0.64,0.64,0.61,0.61,29700,0
IGT,D,20170119,000000,0.57,0.58,0.52,0.58,16660,0
IGT,D,20170120,000000,0.56,0.56,0.56,0.56,1750,0
IGT,D,20170123,000000,0.54,0.54,0.49,0.5,5077,0
IGT,D,20170125,000000,0.55,0.56,0.52,0.56,3696,0
IGT,D,20170126,000000,0.59,0.59,0.59,0.59,100,0
IGT,D,20170221,000000,0.52,0.52,0.52,0.52,390,0
IGT,D,20170223,000000,0.53,0.59,0.53,0.59,541,0
IGT,D,20170227,000000,0.52,0.52,0.52,0.52,582,0
IGT,D,20170302,000000,0.59,0.59,0.59,0.59,100,0
IGT,D,20170307,000000,0.52,0.58,0.52,0.52,515,0
IGT,D,20170316,000000,0.55,0.59,0.55,0.57,661296,0
IGT,D,20170320,000000,0.57,0.57,0.53,0.53,204463,0
IGT,D,20170321,000000,0.58,0.58,0.58,0.58,100,0
IGT,D,20170328,000000,0.59,0.68,0.51,0.51,24503,0
IGT,D,20170329,000000,0.67,0.67,0.59,0.59,9099,0
IGT,D,20170331,000000,0.63,0.63,0.51,0.51,5240,0
IGT,D,20170403,000000,0.59,0.59,0.59,0.59,150,0
IGT,D,20170405,000000,0.58,0.68,0.58,0.68,114067,0
IGT,D,20170406,000000,0.82,0.82,0.7,0.78,54101,0
IGT,D,20170407,000000,0.66,0.68,0.66,0.66,60422,0
IGT,D,20170410,000000,0.74,0.74,0.66,0.67,10721,0
IGT,D,20170411,000000,0.66,0.66,0.6,0.6,4500,0
IGT,D,20170412,000000,0.6,0.6,0.54,0.54,64604,0
IGT,D,20170418,000000,0.63,0.63,0.59,0.59,465,0
IGT,D,20170420,000000,0.59,0.59,0.59,0.59,1700,0
IGT,D,20170421,000000,0.59,0.59,0.59,0.59,1700,0
IGT,D,20170424,000000,0.63,0.63,0.63,0.63,4148,0
IGT,D,20170425,000000,0.59,0.63,0.59,0.63,3563,0
IGT,D,20170426,000000,0.59,0.59,0.55,0.55,7500,0
IGT,D,20170428,000000,0.55,0.55,0.55,0.55,9,0
IGT,D,20170512,000000,0.55,0.55,0.55,0.55,190,0
IGT,D,20170515,000000,0.55,0.55,0.55,0.55,1228,0
IGT,D,20170519,000000,0.56,0.56,0.56,0.56,14731,0
IGT,D,20170522,000000,0.56,0.56,0.55,0.55,5522,0
IGT,D,20170523,000000,0.56,0.56,0.56,0.56,7532,0
IGT,D,20170525,000000,0.57,0.57,0.57,0.57,745,0
IGT,D,20170531,000000,0.6,0.6,0.6,0.6,1000,0
IGT,D,20170608,000000,0.56,0.56,0.56,0.56,4543,0
IGT,D,20170609,000000,0.59,0.59,0.59,0.59,1,0
IGT,D,20170612,000000,0.58,0.58,0.58,0.58,1720,0
IGT,D,20170710,000000,0.59,0.59,0.59,0.59,1000,0
IGT,D,20170712,000000,0.56,0.56,0.56,0.56,1936,0
IGT,D,20170713,000000,0.56,0.56,0.56,0.56,2150,0
IGT,D,20170719,000000,0.56,0.56,0.56,0.56,2000,0
IGT,D,20170724,000000,0.56,0.56,0.56,0.56,1700,0
IGT,D,20170807,000000,0.52,0.52,0.52,0.52,2,0
IGT,D,20170818,000000,0.52,0.52,0.51,0.51,24481,0
IGT,D,20170828,000000,0.51,0.51,0.51,0.51,80,0
IGT,D,20170906,000000,0.51,0.51,0.51,0.51,4291,0
IGT,D,20170913,000000,0.51,0.51,0.51,0.51,629,0
IGT,D,20170928,000000,0.51,0.51,0.5,0.5,5030,0
IGT,D,20170929,000000,0.5,0.51,0.5,0.51,16940,0
IGT,D,20171003,000000,0.51,0.51,0.5,0.5,1600,0
IGT,D,20171009,000000,0.51,0.51,0.5,0.5,13950,0
IGT,D,20171010,000000,0.59,0.63,0.59,0.63,30780,0
IGT,D,20171011,000000,0.6,0.6,0.5,0.5,33400,0
IGT,D,20171016,000000,0.5,0.5,0.5,0.5,10000,0
IGT,D,20171017,000000,0.5,0.5,0.5,0.5,810,0
IGT,D,20171019,000000,0.5,0.5,0.48,0.48,10000,0
IGT,D,20171020,000000,0.48,0.48,0.48,0.48,1500,0
IGT,D,20171023,000000,0.48,0.48,0.48,0.48,10000,0
IGT,D,20171026,000000,0.5,0.5,0.5,0.5,30,0
IGT,D,20171027,000000,0.48,0.48,0.48,0.48,10,0
IGT,D,20171030,000000,0.48,0.48,0.48,0.48,5,0
IGT,D,20171031,000000,0.48,0.48,0.48,0.48,5,0
IGT,D,20171102,000000,0.43,0.43,0.43,0.43,10000,0
IGT,D,20171106,000000,0.45,0.45,0.44,0.44,26000,0
IGT,D,20171109,000000,0.42,0.42,0.42,0.42,20000,0
IGT,D,20171110,000000,0.48,0.48,0.42,0.42,22402,0
IGT,D,20171122,000000,0.44,0.5,0.44,0.5,32350,0
IGT,D,20171123,000000,0.45,0.45,0.4,0.4,46301,0
IGT,D,20171128,000000,0.4,0.4,0.4,0.4,1214,0
IGT,D,20171204,000000,0.39,0.39,0.39,0.39,18370,0
IGT,D,20171206,000000,0.49,0.5,0.49,0.5,4128,0
IGT,D,20171207,000000,0.53,0.58,0.53,0.58,3413,0
IGT,D,20171208,000000,0.47,0.47,0.47,0.47,130000,0
IGT,D,20171211,000000,0.55,0.56,0.55,0.56,6419,0
IGT,D,20171221,000000,0.5,0.5,0.5,0.5,220,0
IGT,D,20171227,000000,0.46,0.46,0.46,0.46,750,0
IGT,D,20171229,000000,0.45,0.45,0.45,0.45,2785,0
IGT,D,20180104,000000,0.54,0.54,0.54,0.54,1,0
IGT,D,20180105,000000,0.48,0.54,0.48,0.54,2110,0
IGT,D,20180108,000000,0.54,0.55,0.54,0.55,4399,0
IGT,D,20180109,000000,0.59,0.65,0.59,0.65,33282,0
IGT,D,20180110,000000,0.65,0.66,0.65,0.66,25,0
IGT,D,20180111,000000,0.66,0.66,0.66,0.66,25,0
IGT,D,20180112,000000,0.66,0.66,0.66,0.66,10,0
IGT,D,20180116,000000,0.66,0.66,0.66,0.66,10,0
IGT,D,20180117,000000,0.66,0.66,0.66,0.66,20,0
IGT,D,20180118,000000,0.66,0.66,0.66,0.66,100,0
IGT,D,20180123,000000,0.66,0.66,0.66,0.66,150,0
IGT,D,20180130,000000,0.6,0.6,0.6,0.6,1750,0
IGT,D,20180206,000000,0.55,0.55,0.55,0.55,3250,0
IGT,D,20180305,000000,0.54,0.54,0.54,0.54,560,0
IGT,D,20180306,000000,0.55,0.55,0.55,0.55,1000,0
IGT,D,20180313,000000,0.62,0.62,0.62,0.62,237,0
IGT,D,20180314,000000,0.62,0.73,0.62,0.73,8160,0
IGT,D,20180315,000000,0.75,0.93,0.75,0.93,16348,0
IGT,D,20180316,000000,0.93,0.93,0.75,0.75,4747,0
IGT,D,20180319,000000,0.75,0.75,0.75,0.75,200,0
IGT,D,20180321,000000,0.73,0.74,0.65,0.65,13588,0
IGT,D,20180322,000000,0.73,0.73,0.73,0.73,1,0
IGT,D,20180323,000000,0.73,0.73,0.7,0.7,2636,0
IGT,D,20180326,000000,0.68,0.69,0.68,0.69,8900,0
IGT,D,20180327,000000,0.82,0.89,0.82,0.89,87,0
IGT,D,20180328,000000,0.83,0.88,0.83,0.88,900,0
IGT,D,20180329,000000,0.89,0.89,0.86,0.88,750,0
IGT,D,20180403,000000,0.88,1.05,0.88,1.05,1547,0
IGT,D,20180404,000000,1.05,1.26,1.05,1.26,7330,0
IGT,D,20180405,000000,1.51,1.51,1.21,1.21,5053,0
IGT,D,20180406,000000,1.22,1.35,0.98,1,1132,0
IGT,D,20180409,000000,0.9,1.04,0.7,0.85,7909,0
IGT,D,20180410,000000,0.8,0.94,0.8,0.82,1347,0
IGT,D,20180411,000000,0.93,0.95,0.76,0.76,8970,0
IGT,D,20180412,000000,0.75,0.78,0.75,0.75,5473,0
IGT,D,20180413,000000,0.79,0.79,0.64,0.72,6259,0
IGT,D,20180416,000000,0.78,0.78,0.66,0.66,8324,0
IGT,D,20180417,000000,0.78,0.78,0.66,0.66,2026,0
IGT,D,20180418,000000,0.64,0.67,0.52,0.66,3077,0
IGT,D,20180419,000000,0.66,0.66,0.54,0.56,6601,0
IGT,D,20180420,000000,0.66,0.66,0.56,0.66,5,0
IGT,D,20180423,000000,0.66,0.66,0.66,0.66,6000,0
IGT,D,20180425,000000,0.55,0.55,0.55,0.55,6226,0
IGT,D,20180426,000000,0.55,0.55,0.55,0.55,474,0
IGT,D,20180427,000000,0.65,0.65,0.6,0.65,2700,0
IGT,D,20180430,000000,0.63,0.63,0.63,0.63,1600,0
IGT,D,20180502,000000,0.75,0.75,0.74,0.74,2,0
IGT,D,20180504,000000,0.76,0.76,0.76,0.76,1,0
IGT,D,20180510,000000,0.64,0.64,0.52,0.64,1751,0
IGT,D,20180515,000000,0.57,0.57,0.57,0.57,560,0
IGT,D,20180517,000000,0.64,0.69,0.64,0.69,57036,0
IGT,D,20180518,000000,0.69,0.73,0.69,0.73,32480,0
IGT,D,20180521,000000,0.65,0.65,0.65,0.65,6768,0
IGT,D,20180522,000000,0.65,0.65,0.65,0.65,1,0
IGT,D,20180523,000000,0.57,0.57,0.57,0.57,1666,0
IGT,D,20180528,000000,0.57,0.65,0.57,0.64,1757,0
IGT,D,20180530,000000,0.65,0.65,0.57,0.57,1642,0
IGT,D,20180607,000000,0.62,0.62,0.62,0.62,40,0
IGT,D,20180612,000000,0.55,0.55,0.55,0.55,1100,0
IGT,D,20180618,000000,0.6,0.63,0.6,0.63,2900,0
IGT,D,20180704,000000,0.66,0.66,0.66,0.66,147,0
IGT,D,20180706,000000,0.76,0.76,0.76,0.76,4,0
IGT,D,20180709,000000,0.76,0.76,0.76,0.76,2,0
IGT,D,20180710,000000,0.76,0.76,0.65,0.66,10257,0
IGT,D,20180713,000000,0.65,0.65,0.65,0.65,1,0
IGT,D,20180801,000000,0.65,0.65,0.65,0.65,8038,0
IGT,D,20180802,000000,0.64,0.64,0.64,0.64,1500,0
IGT,D,20180806,000000,0.64,0.64,0.64,0.64,5463,0
IGT,D,20180807,000000,0.64,0.64,0.64,0.64,1560,0
IGT,D,20180808,000000,0.64,0.64,0.64,0.64,1563,0
IGT,D,20180809,000000,0.64,0.64,0.64,0.64,3803,0
IGT,D,20180810,000000,0.64,0.64,0.64,0.64,2200,0
IGT,D,20180813,000000,0.65,0.66,0.65,0.66,472653,0
IGT,D,20180820,000000,0.7,0.7,0.7,0.7,2,0
IGT,D,20180821,000000,0.7,0.7,0.7,0.7,2,0
IGT,D,20180822,000000,0.7,0.7,0.66,0.66,501,0
IGT,D,20180823,000000,0.65,0.65,0.65,0.65,1,0
IGT,D,20180824,000000,0.65,0.65,0.65,0.65,27,0
IGT,D,20180827,000000,0.62,0.62,0.62,0.62,1616,0
IGT,D,20180831,000000,0.62,0.65,0.62,0.65,22083,0
IGT,D,20180903,000000,0.65,0.65,0.65,0.65,1540,0
IGT,D,20180905,000000,0.68,0.68,0.68,0.68,1516,0
IGT,D,20180906,000000,0.65,0.65,0.65,0.65,19517,0
IGT,D,20180913,000000,0.65,0.7,0.65,0.65,4169,0
IGT,D,20180917,000000,0.65,0.73,0.65,0.73,4694,0
IGT,D,20180918,000000,0.81,0.95,0.81,0.95,38841,0
IGT,D,20180919,000000,0.91,0.91,0.91,0.91,9383,0
IGT,D,20180920,000000,0.9,0.91,0.9,0.91,12500,0
IGT,D,20180921,000000,1,1,0.92,0.92,2006,0
IGT,D,20180924,000000,0.98,1,0.98,1,4215,0
IGT,D,20180925,000000,0.92,0.92,0.91,0.92,3246,0
IGT,D,20180927,000000,0.93,1,0.93,1,1096,0
IGT,D,20180928,000000,1,1,1,1,991,0
IGT,D,20181001,000000,0.95,0.95,0.95,0.95,1965,0
IGT,D,20181002,000000,0.95,0.99,0.95,0.99,5094,0
IGT,D,20181003,000000,1,1.01,0.99,1,16341,0
IGT,D,20181004,000000,0.99,1.08,0.96,1.08,14500,0
IGT,D,20181005,000000,1.08,1.1,1.07,1.07,3025,0
IGT,D,20181008,000000,1.08,1.08,1.01,1.01,9973,0
IGT,D,20181009,000000,1.04,1.04,1.01,1.01,15107,0
IGT,D,20181011,000000,1.02,1.02,1.02,1.02,225,0
IGT,D,20181012,000000,1.04,1.08,1.04,1.04,2951,0
IGT,D,20181015,000000,1.13,1.13,1.13,1.13,100,0
IGT,D,20181016,000000,1.02,1.02,1.02,1.02,1800,0
IGT,D,20181017,000000,0.95,1.04,0.95,1.04,1244,0
IGT,D,20181018,000000,0.96,1,0.96,0.96,2500,0
IGT,D,20181022,000000,0.96,0.96,0.96,0.96,2393,0
IGT,D,20181023,000000,0.95,0.95,0.94,0.95,21305,0
IGT,D,20181025,000000,0.99,1.05,0.99,1.05,150,0
IGT,D,20181105,000000,0.96,1.05,0.95,1.05,4517,0
IGT,D,20181106,000000,0.96,0.96,0.9,0.96,14131,0
IGT,D,20181107,000000,0.93,0.93,0.93,0.93,2222,0
IGT,D,20181115,000000,0.92,0.99,0.88,0.99,27865,0
IGT,D,20181116,000000,1.03,1.03,1.03,1.03,8,0
IGT,D,20181126,000000,1,1.03,1,1.03,582,0
IGT,D,20181127,000000,1.04,1.04,1.04,1.04,43,0
IGT,D,20181128,000000,0.95,0.95,0.95,0.95,100,0
IGT,D,20181129,000000,0.95,0.95,0.94,0.94,11461,0
IGT,D,20181203,000000,0.9,0.9,0.88,0.88,3100,0
IGT,D,20181204,000000,0.88,0.88,0.88,0.88,14280,0
IGT,D,20181205,000000,0.88,0.88,0.88,0.88,1131,0
IGT,D,20181206,000000,0.85,0.85,0.75,0.77,76717,0
IGT,D,20181207,000000,0.73,0.76,0.66,0.68,45801,0
IGT,D,20181210,000000,0.64,0.66,0.63,0.66,25275,0
IGT,D,20181211,000000,0.68,0.7,0.63,0.65,34928,0
IGT,D,20181212,000000,0.62,0.66,0.61,0.66,44800,0
IGT,D,20181213,000000,0.61,0.61,0.61,0.61,37050,0
IGT,D,20181214,000000,0.61,0.61,0.61,0.61,39800,0
IGT,D,20181218,000000,0.62,0.64,0.61,0.64,352500,0
IGT,D,20181219,000000,0.63,0.66,0.63,0.66,103692,0
IGT,D,20181220,000000,0.57,0.63,0.57,0.6,210330,0
IGT,D,20181221,000000,0.62,0.62,0.62,0.62,16950,0
IGT,D,20181227,000000,0.67,0.72,0.67,0.72,24940,0
IGT,D,20181228,000000,0.65,0.68,0.64,0.68,36631,0
IGT,D,20190102,000000,0.68,0.68,0.68,0.68,4250,0
IGT,D,20190103,000000,0.65,0.66,0.65,0.66,6160,0
IGT,D,20190104,000000,0.66,0.66,0.66,0.66,153180,0
IGT,D,20190107,000000,0.67,0.67,0.67,0.67,3200,0
IGT,D,20190108,000000,0.7,0.71,0.7,0.71,200,0
IGT,D,20190109,000000,0.69,0.69,0.69,0.69,1600,0
IGT,D,20190110,000000,0.69,0.69,0.66,0.67,15976,0
IGT,D,20190111,000000,0.63,0.65,0.63,0.65,17150,0
IGT,D,20190114,000000,0.63,0.63,0.63,0.63,18600,0
IGT,D,20190115,000000,0.62,0.63,0.62,0.63,16460,0
IGT,D,20190116,000000,0.63,0.64,0.62,0.64,24426,0
IGT,D,20190117,000000,0.66,0.66,0.66,0.66,2000,0
IGT,D,20190118,000000,0.64,0.67,0.64,0.67,8500,0
IGT,D,20190121,000000,0.66,0.68,0.66,0.68,22501,0
IGT,D,20190123,000000,0.66,0.66,0.62,0.62,13000,0
IGT,D,20190124,000000,0.63,0.63,0.63,0.63,10000,0
IGT,D,20190125,000000,0.64,0.64,0.64,0.64,3150,0
IGT,D,20190129,000000,0.68,0.75,0.68,0.75,20595,0
IGT,D,20190130,000000,0.7,0.75,0.7,0.75,36211,0
IGT,D,20190131,000000,0.9,1.05,0.75,0.91,23223,0
IGT,D,20190201,000000,0.85,0.89,0.85,0.89,450,0
IGT,D,20190205,000000,0.73,0.73,0.71,0.71,14404,0
IGT,D,20190206,000000,0.69,0.69,0.67,0.68,4951,0
IGT,D,20190207,000000,0.66,0.66,0.65,0.66,30100,0
IGT,D,20190208,000000,0.65,0.65,0.65,0.65,1000,0
IGT,D,20190212,000000,0.65,0.65,0.65,0.65,5000,0
IGT,D,20190213,000000,0.62,0.62,0.62,0.62,3227,0
IGT,D,20190214,000000,0.65,0.65,0.6,0.6,3487,0
IGT,D,20190215,000000,0.6,0.6,0.6,0.6,18668,0
IGT,D,20190218,000000,0.65,0.65,0.65,0.65,20000,0
IGT,D,20190220,000000,0.65,0.65,0.65,0.65,32469,0
IGT,D,20190221,000000,0.65,0.65,0.65,0.65,24732,0
IGT,D,20190225,000000,0.65,0.65,0.65,0.65,1850,0
IGT,D,20190227,000000,0.63,0.63,0.63,0.63,2437,0
IGT,D,20190228,000000,0.63,0.63,0.62,0.62,4440,0
IGT,D,20190304,000000,0.62,0.62,0.62,0.62,4022,0
IGT,D,20190305,000000,0.61,0.62,0.58,0.58,55514,0
IGT,D,20190306,000000,0.58,0.58,0.58,0.58,14627,0
IGT,D,20190315,000000,0.56,0.56,0.56,0.56,3572,0
IGT,D,20190320,000000,0.56,0.56,0.56,0.56,1066,0
IGT,D,20190326,000000,0.45,0.46,0.45,0.46,11712,0
IGT,D,20190329,000000,0.45,0.45,0.45,0.45,3000,0
IGT,D,20190404,000000,0.5,0.5,0.5,0.5,10,0
IGT,D,20190405,000000,0.51,0.55,0.51,0.55,60,0
IGT,D,20190409,000000,0.5,0.56,0.5,0.56,7472,0
IGT,D,20190412,000000,0.56,0.56,0.55,0.56,55100,0
IGT,D,20190416,000000,0.55,0.55,0.55,0.55,1824,0
IGT,D,20190513,000000,0.55,0.55,0.55,0.55,310963,0
IGT,D,20190516,000000,0.56,0.56,0.56,0.56,8850,0
IGT,D,20190531,000000,0.58,0.58,0.58,0.58,233,0
IGT,D,20190603,000000,0.5,0.5,0.5,0.5,4000,0
IGT,D,20190604,000000,0.496,0.505,0.496,0.51,4100,0
IGT,D,20190605,000000,0.505,0.505,0.48,0.48,2250,0
IGT,D,20190806,000000,0.43,0.43,0.43,0.43,2327,0
IGT,D,20190807,000000,0.43,0.43,0.43,0.43,923,0
IGT,D,20190819,000000,0.43,0.43,0.43,0.43,100,0
IGT,D,20190828,000000,0.35,0.35,0.28,0.28,24958,0
IGT,D,20190829,000000,0.2,0.23,0.16,0.2,38858,0
IGT,D,20190830,000000,0.18,0.199,0.145,0.145,53392,0
IGT,D,20190902,000000,0.165,0.198,0.165,0.18,600,0
IGT,D,20190903,000000,0.18,0.18,0.13,0.17,68559,0
IGT,D,20190904,000000,0.16,0.16,0.13,0.146,65580,0
IGT,D,20190905,000000,0.17,0.19,0.17,0.19,1100,0
IGT,D,20190906,000000,0.19,0.19,0.19,0.19,1000,0
IGT,D,20190909,000000,0.22,0.22,0.155,0.155,26000,0
IGT,D,20190910,000000,0.16,0.16,0.16,0.16,7000,0
IGT,D,20190911,000000,0.16,0.19,0.16,0.19,9737,0
IGT,D,20190912,000000,0.17,0.175,0.17,0.17,20000,0
IGT,D,20190917,000000,0.171,0.171,0.17,0.17,30000,0
IGT,D,20190918,000000,0.17,0.2,0.17,0.171,72506,0
IGT,D,20190924,000000,0.2,0.2,0.2,0.2,10000,0
IGT,D,20190925,000000,0.2,0.22,0.2,0.22,7000,0
IGT,D,20190930,000000,0.18,0.18,0.18,0.18,5493,0
IGT,D,20191001,000000,0.18,0.2,0.17,0.2,3817,0
IGT,D,20191007,000000,0.2,0.21,0.2,0.21,2915,0
IGT,D,20191008,000000,0.22,0.264,0.22,0.264,29951,0
IGT,D,20191009,000000,0.24,0.29,0.24,0.26,21456,0
IGT,D,20191014,000000,0.29,0.29,0.29,0.29,100,0
IGT,D,20191029,000000,0.318,0.318,0.318,0.318,10,0
IGT,D,20191030,000000,0.288,0.288,0.288,0.288,1040,0
IGT,D,20191106,000000,0.21,0.21,0.21,0.21,5300,0
IGT,D,20191108,000000,0.21,0.21,0.21,0.21,2300,0
IGT,D,20191112,000000,0.21,0.24,0.2,0.2,3265,0
IGT,D,20191113,000000,0.2,0.2,0.16,0.2,51313,0
IGT,D,20191122,000000,0.18,0.18,0.18,0.18,11000,0
IGT,D,20191125,000000,0.2,0.2,0.2,0.2,100,0
IGT,D,20191127,000000,0.161,0.161,0.16,0.16,38244,0
IGT,D,20191129,000000,0.16,0.16,0.16,0.16,600,0
IGT,D,20191204,000000,0.16,0.16,0.16,0.16,2500,0
IGT,D,20191205,000000,0.16,0.16,0.15,0.15,18000,0
IGT,D,20191212,000000,0.151,0.151,0.14,0.15,50000,0
IGT,D,20191216,000000,0.16,0.192,0.16,0.192,38101,0
IGT,D,20191217,000000,0.15,0.15,0.15,0.15,150000,0
IGT,D,20191219,000000,0.15,0.15,0.15,0.15,1500,0
IGT,D,20191223,000000,0.14,0.14,0.14,0.14,2400,0
IGT,D,20191227,000000,0.14,0.14,0.12,0.12,20795,0
IGT,D,20200102,000000,0.122,0.122,0.122,0.122,9550,0
IGT,D,20200124,000000,0.13,0.13,0.13,0.13,1500,0
IGT,D,20200130,000000,0.135,0.135,0.135,0.135,2,0
IGT,D,20200205,000000,0.162,0.2,0.162,0.2,23748,0
IGT,D,20200206,000000,0.21,0.29,0.21,0.29,26494,0
IGT,D,20200207,000000,0.29,0.41,0.29,0.39,45870,0
IGT,D,20200210,000000,0.39,0.39,0.39,0.39,327,0
IGT,D,20200211,000000,0.4,0.4,0.4,0.4,156,0
IGT,D,20200212,000000,0.32,0.32,0.228,0.228,93735,0
IGT,D,20200213,000000,0.222,0.222,0.152,0.198,308820,0
IGT,D,20200214,000000,0.198,0.198,0.198,0.198,1150,0
IGT,D,20200217,000000,0.171,0.186,0.169,0.172,14700,0
IGT,D,20200218,000000,0.187,0.187,0.15,0.15,122040,0
IGT,D,20200219,000000,0.15,0.161,0.137,0.14,41000,0
IGT,D,20200220,000000,0.154,0.154,0.154,0.154,12811,0
IGT,D,20200221,000000,0.154,0.176,0.154,0.176,41086,0
IGT,D,20200224,000000,0.18,0.186,0.18,0.185,55718,0
IGT,D,20200225,000000,0.195,0.234,0.17,0.17,93059,0
IGT,D,20200226,000000,0.198,0.198,0.17,0.171,55521,0
IGT,D,20200227,000000,0.171,0.171,0.17,0.17,14000,0
IGT,D,20200228,000000,0.16,0.16,0.16,0.16,9000,0
IGT,D,20200302,000000,0.14,0.14,0.14,0.14,15887,0
IGT,D,20200303,000000,0.14,0.16,0.14,0.16,1731,0
IGT,D,20200306,000000,0.163,0.163,0.163,0.163,10,0
IGT,D,20200309,000000,0.14,0.14,0.13,0.13,12230,0
IGT,D,20200310,000000,0.13,0.13,0.13,0.13,4930,0
IGT,D,20200311,000000,0.13,0.13,0.121,0.121,5810,0
IGT,D,20200312,000000,0.121,0.121,0.121,0.121,1612,0
IGT,D,20200313,000000,0.12,0.12,0.12,0.12,603,0
IGT,D,20200317,000000,0.107,0.107,0.107,0.107,100,0
IGT,D,20200320,000000,0.125,0.134,0.125,0.13,9520,0
IGT,D,20200326,000000,0.14,0.14,0.14,0.14,5400,0
IGT,D,20200331,000000,0.14,0.14,0.14,0.14,270,0
IGT,D,20200406,000000,0.14,0.166,0.14,0.14,12108,0
IGT,D,20200407,000000,0.14,0.14,0.14,0.14,2930,0
IGT,D,20200409,000000,0.166,0.196,0.166,0.196,25390,0
IGT,D,20200414,000000,0.196,0.206,0.196,0.206,3831,0
IGT,D,20200415,000000,0.208,0.27,0.199,0.228,83400,0
IGT,D,20200416,000000,0.27,0.27,0.21,0.21,49863,0
IGT,D,20200417,000000,0.226,0.25,0.189,0.24,34726,0
IGT,D,20200420,000000,0.23,0.23,0.23,0.23,35000,0
IGT,D,20200421,000000,0.23,0.23,0.2,0.21,60406,0
IGT,D,20200422,000000,0.21,0.25,0.2,0.206,427003,0
IGT,D,20200423,000000,0.24,0.288,0.214,0.24,507762,0
IGT,D,20200424,000000,0.244,0.244,0.196,0.2,151694,0
IGT,D,20200427,000000,0.2,0.22,0.175,0.189,420851,0
IGT,D,20200428,000000,0.189,0.189,0.16,0.17,93956,0
IGT,D,20200429,000000,0.163,0.187,0.141,0.187,467187,0
IGT,D,20200430,000000,0.19,0.19,0.164,0.168,69557,0
IGT,D,20200504,000000,0.188,0.188,0.168,0.17,72846,0
IGT,D,20200505,000000,0.165,0.175,0.163,0.175,197244,0
IGT,D,20200506,000000,0.176,0.177,0.154,0.154,222293,0
IGT,D,20200507,000000,0.17,0.171,0.151,0.151,27326,0
IGT,D,20200508,000000,0.17,0.177,0.151,0.172,210353,0
IGT,D,20200511,000000,0.177,0.254,0.175,0.25,727600,0
IGT,D,20200512,000000,0.28,0.334,0.224,0.232,375452,0
IGT,D,20200513,000000,0.26,0.276,0.21,0.258,117797,0
IGT,D,20200514,000000,0.216,0.258,0.175,0.24,40245,0
IGT,D,20200515,000000,0.24,0.252,0.192,0.206,118481,0
IGT,D,20200518,000000,0.208,0.22,0.2,0.218,146020,0
IGT,D,20200519,000000,0.226,0.228,0.22,0.22,17500,0
IGT,D,20200520,000000,0.226,0.228,0.195,0.195,26000,0
IGT,D,20200521,000000,0.208,0.28,0.208,0.276,158794,0
IGT,D,20200522,000000,0.254,0.276,0.21,0.25,114307,0
IGT,D,20200525,000000,0.25,0.25,0.2,0.25,327915,0
IGT,D,20200526,000000,0.248,0.26,0.248,0.26,25485,0
IGT,D,20200527,000000,0.214,0.248,0.214,0.242,21200,0
IGT,D,20200528,000000,0.22,0.24,0.208,0.23,162718,0
IGT,D,20200529,000000,0.23,0.236,0.21,0.234,18100,0
IGT,D,20200601,000000,0.22,0.22,0.22,0.22,931,0
IGT,D,20200602,000000,0.232,0.268,0.232,0.26,268779,0
IGT,D,20200603,000000,0.266,0.3,0.24,0.262,112472,0
IGT,D,20200604,000000,0.26,0.282,0.26,0.28,23500,0
IGT,D,20200605,000000,0.27,0.27,0.24,0.24,55100,0
IGT,D,20200608,000000,0.24,0.24,0.24,0.24,2000,0
IGT,D,20200609,000000,0.226,0.248,0.224,0.248,9530,0
IGT,D,20200610,000000,0.23,0.248,0.23,0.248,6800,0
IGT,D,20200612,000000,0.224,0.246,0.222,0.246,16250,0
IGT,D,20200615,000000,0.222,0.24,0.222,0.24,6100,0
IGT,D,20200616,000000,0.246,0.268,0.226,0.264,35573,0
IGT,D,20200617,000000,0.23,0.26,0.228,0.26,7300,0
IGT,D,20200618,000000,0.26,0.262,0.228,0.228,24314,0
IGT,D,20200619,000000,0.258,0.258,0.228,0.254,10200,0
IGT,D,20200622,000000,0.226,0.25,0.226,0.248,13780,0
IGT,D,20200623,000000,0.248,0.248,0.228,0.246,23800,0
IGT,D,20200624,000000,0.242,0.244,0.226,0.244,15145,0
IGT,D,20200625,000000,0.246,0.262,0.234,0.262,33737,0
IGT,D,20200629,000000,0.26,0.262,0.238,0.262,12225,0
IGT,D,20200630,000000,0.262,0.268,0.244,0.266,22184,0
IGT,D,20200701,000000,0.246,0.266,0.246,0.266,1070,0
IGT,D,20200702,000000,0.246,0.26,0.238,0.26,8707,0
IGT,D,20200703,000000,0.258,0.258,0.258,0.258,4800,0
IGT,D,20200706,000000,0.246,0.264,0.244,0.264,4309,0
IGT,D,20200707,000000,0.264,0.266,0.242,0.242,12200,0
IGT,D,20200708,000000,0.242,0.258,0.242,0.258,6700,0
IGT,D,20200709,000000,0.248,0.262,0.232,0.258,19564,0
IGT,D,20200710,000000,0.242,0.29,0.242,0.288,53378,0
IGT,D,20200713,000000,0.288,0.3,0.27,0.27,34688,0
IGT,D,20200714,000000,0.28,0.32,0.256,0.318,166018,0
IGT,D,20200715,000000,0.318,0.34,0.272,0.31,111149,0
IGT,D,20200716,000000,0.31,0.31,0.248,0.276,63101,0
IGT,D,20200717,000000,0.276,0.3,0.268,0.3,15843,0
IGT,D,20200720,000000,0.3,0.3,0.242,0.25,65654,0
IGT,D,20200721,000000,0.262,0.268,0.23,0.25,54901,0
IGT,D,20200722,000000,0.25,0.258,0.25,0.258,23770,0
IGT,D,20200723,000000,0.232,0.27,0.232,0.264,49809,0
IGT,D,20200724,000000,0.262,0.262,0.262,0.262,5,0
IGT,D,20200727,000000,0.24,0.26,0.23,0.26,26211,0
IGT,D,20200728,000000,0.26,0.268,0.25,0.268,57999,0
IGT,D,20200729,000000,0.266,0.296,0.266,0.292,70076,0
IGT,D,20200730,000000,0.3,0.31,0.268,0.296,26171,0
IGT,D,20200731,000000,0.26,0.288,0.26,0.288,198,0
IGT,D,20200803,000000,0.266,0.284,0.264,0.284,19000,0
IGT,D,20200804,000000,0.266,0.28,0.262,0.28,56476,0
IGT,D,20200805,000000,0.28,0.402,0.28,0.402,382326,0
IGT,D,20200806,000000,0.5,0.53,0.326,0.378,490478,0
IGT,D,20200807,000000,0.38,0.38,0.32,0.356,98458,0
IGT,D,20200810,000000,0.354,0.354,0.308,0.334,26201,0
IGT,D,20200811,000000,0.32,0.336,0.306,0.316,18701,0
IGT,D,20200812,000000,0.286,0.308,0.254,0.282,62630,0
IGT,D,20200813,000000,0.272,0.278,0.252,0.278,37343,0
IGT,D,20200814,000000,0.26,0.268,0.246,0.25,47575,0
IGT,D,20200817,000000,0.242,0.29,0.238,0.27,57362,0
IGT,D,20200818,000000,0.274,0.274,0.24,0.26,14574,0
IGT,D,20200819,000000,0.242,0.252,0.24,0.252,19492,0
IGT,D,20200820,000000,0.242,0.252,0.242,0.244,7107,0
IGT,D,20200821,000000,0.25,0.328,0.25,0.292,111346,0
IGT,D,20200824,000000,0.29,0.29,0.25,0.286,23705,0
IGT,D,20200825,000000,0.29,0.29,0.262,0.278,14250,0
IGT,D,20200826,000000,0.284,0.33,0.284,0.31,44294,0
IGT,D,20200827,000000,0.31,0.336,0.284,0.32,116499,0
IGT,D,20200828,000000,0.32,0.338,0.302,0.302,11379,0
IGT,D,20200831,000000,0.294,0.31,0.28,0.298,75205,0
IGT,D,20200901,000000,0.298,0.3,0.29,0.29,4840,0
IGT,D,20200902,000000,0.28,0.28,0.28,0.28,1400,0
IGT,D,20200903,000000,0.276,0.276,0.272,0.272,2500,0
IGT,D,20200904,000000,0.274,0.29,0.252,0.278,13550,0
IGT,D,20200907,000000,0.266,0.266,0.246,0.256,29770,0
IGT,D,20200908,000000,0.24,0.24,0.194,0.194,70720,0
IGT,D,20200909,000000,0.22,0.258,0.2,0.234,78756,0
IGT,D,20200910,000000,0.24,0.24,0.206,0.24,18529,0
IGT,D,20200911,000000,0.246,0.256,0.24,0.254,13404,0
IGT,D,20200914,000000,0.228,0.252,0.22,0.224,20086,0
IGT,D,20200915,000000,0.25,0.25,0.196,0.198,137121,0
IGT,D,20200916,000000,0.22,0.22,0.19,0.22,60099,0
IGT,D,20200918,000000,0.204,0.212,0.2,0.212,30315,0
IGT,D,20200921,000000,0.195,0.21,0.191,0.21,26364,0
IGT,D,20200922,000000,0.196,0.21,0.191,0.21,25100,0
IGT,D,20200923,000000,0.192,0.206,0.191,0.191,15549,0
IGT,D,20200924,000000,0.206,0.206,0.2,0.2,1500,0
IGT,D,20200925,000000,0.2,0.206,0.181,0.206,6100,0
IGT,D,20200929,000000,0.206,0.206,0.206,0.206,100,0
IGT,D,20200930,000000,0.2,0.2,0.2,0.2,4000,0
IGT,D,20201001,000000,0.204,0.206,0.204,0.206,1200,0
IGT,D,20201007,000000,0.204,0.216,0.2,0.212,7550,0
IGT,D,20201008,000000,0.212,0.212,0.21,0.212,2160,0
IGT,D,20201009,000000,0.21,0.21,0.193,0.208,7101,0
IGT,D,20201012,000000,0.2,0.208,0.191,0.208,9015,0
IGT,D,20201013,000000,0.192,0.21,0.19,0.199,13686,0
IGT,D,20201014,000000,0.184,0.194,0.16,0.189,44301,0
IGT,D,20201015,000000,0.173,0.186,0.16,0.186,54100,0
IGT,D,20201016,000000,0.161,0.186,0.156,0.186,4201,0
