<TICKER>,<PER>,<DATE>,<TIME>,<OPEN>,<HIGH>,<LOW>,<CLOSE>,<VOL>,<OPENINT>
JWA,D,20160725,000000,1.2556,1.6044,1.2556,1.5346,104330,0
JWA,D,20160726,000000,1.6044,1.709,1.409,1.4858,111026,0
JWA,D,20160727,000000,1.5276,1.5486,1.2277,1.2556,31518,0
JWA,D,20160728,000000,1.3602,1.5346,1.2765,1.4997,21792,0
JWA,D,20160729,000000,1.423,1.4858,1.3323,1.3951,4243,0
JWA,D,20160801,000000,1.3742,1.3951,1.3463,1.3951,3025,0
JWA,D,20160802,000000,1.4649,1.4858,1.416,1.4649,8874,0
JWA,D,20160803,000000,1.4649,1.4718,1.416,1.416,3551,0
JWA,D,20160804,000000,1.4788,1.4788,1.3742,1.3742,688,0
JWA,D,20160805,000000,1.3742,1.3742,1.3742,1.3742,387,0
JWA,D,20160808,000000,1.3602,1.3602,1.2556,1.2556,5025,0
JWA,D,20160809,000000,1.2835,1.423,1.2835,1.423,1570,0
JWA,D,20160810,000000,1.3463,1.4021,1.3463,1.4021,1068,0
JWA,D,20160811,000000,1.3253,1.3253,1.3184,1.3184,803,0
JWA,D,20160812,000000,1.3253,1.3951,1.2905,1.2905,3426,0
JWA,D,20160816,000000,1.3253,1.3393,1.2905,1.3253,10396,0
JWA,D,20160817,000000,1.3184,1.3184,1.3184,1.3184,2043,0
JWA,D,20160818,000000,1.2695,1.5207,1.2695,1.3951,19493,0
JWA,D,20160819,000000,1.4718,1.6044,1.3951,1.5276,23124,0
JWA,D,20160822,000000,1.5276,1.5276,1.3951,1.3951,4021,0
JWA,D,20160823,000000,1.409,1.409,1.2556,1.2905,19259,0
JWA,D,20160824,000000,1.2556,1.3951,1.2556,1.3951,1047,0
JWA,D,20160825,000000,1.2556,1.4649,1.2556,1.2974,2158,0
JWA,D,20160826,000000,1.3323,1.4579,1.3323,1.4579,3501,0
JWA,D,20160829,000000,1.4579,1.4579,1.2765,1.2765,3005,0
JWA,D,20160830,000000,1.3951,1.3951,1.2556,1.2905,10680,0
JWA,D,20160831,000000,1.2905,1.2905,1.2556,1.2556,5988,0
JWA,D,20160901,000000,1.2695,1.2695,1.2277,1.2277,5273,0
JWA,D,20160902,000000,1.2277,1.2277,1.1161,1.1579,8329,0
JWA,D,20160905,000000,1.151,1.1858,1.0463,1.137,11655,0
JWA,D,20160906,000000,1.1858,1.3532,1.1858,1.3114,3415,0
JWA,D,20160907,000000,1.1998,1.2207,1.1928,1.1928,1548,0
JWA,D,20160908,000000,1.1928,1.3811,1.1928,1.3811,1004,0
JWA,D,20160909,000000,1.2207,1.3253,1.2207,1.3253,1564,0
JWA,D,20160912,000000,1.2207,1.2207,1.2207,1.2207,2980,0
JWA,D,20160913,000000,1.2068,1.3393,1.2068,1.3253,9410,0
JWA,D,20160914,000000,1.3253,1.3253,1.2207,1.2626,2439,0
JWA,D,20160915,000000,1.3602,1.3602,0.9835,0.9905,18889,0
JWA,D,20160916,000000,1.0045,1.0045,0.8092,0.8371,23664,0
JWA,D,20160919,000000,0.9347,1.0045,0.8371,1.0045,2183,0
JWA,D,20160920,000000,1.0045,1.0045,0.9277,0.9277,2793,0
JWA,D,20160921,000000,0.8929,1.0045,0.8231,0.8859,18181,0
JWA,D,20160922,000000,0.844,0.844,0.8371,0.8371,6982,0
JWA,D,20160923,000000,0.8231,0.8231,0.8231,0.8231,1434,0
JWA,D,20160926,000000,0.8301,0.8301,0.8301,0.8301,186,0
JWA,D,20160928,000000,0.844,0.9766,0.844,0.9766,1233,0
JWA,D,20160929,000000,0.8789,0.8789,0.8371,0.8371,6562,0
JWA,D,20160930,000000,0.8231,0.8231,0.8231,0.8231,2867,0
JWA,D,20161003,000000,0.8231,0.858,0.8092,0.858,1307,0
JWA,D,20161004,000000,0.8719,0.9696,0.8719,0.8789,4471,0
JWA,D,20161005,000000,0.851,0.851,0.8371,0.8371,3944,0
JWA,D,20161006,000000,0.7952,0.844,0.7952,0.844,4708,0
JWA,D,20161007,000000,0.9417,0.9417,0.9417,0.9417,1,0
JWA,D,20161011,000000,0.8371,0.8371,0.8371,0.8371,459,0
JWA,D,20161014,000000,0.9138,0.9138,0.9138,0.9138,7,0
JWA,D,20161017,000000,0.9277,0.9766,0.9068,0.9068,13256,0
JWA,D,20161018,000000,0.9766,0.9766,0.9766,0.9766,12654,0
JWA,D,20161019,000000,0.9068,0.9347,0.844,0.844,69667,0
JWA,D,20161020,000000,0.8789,0.9417,0.8789,0.9068,15124,0
JWA,D,20161021,000000,0.8789,0.9068,0.8301,0.8789,22449,0
JWA,D,20161024,000000,0.8859,0.8859,0.8301,0.844,13190,0
JWA,D,20161025,000000,0.8719,0.8789,0.8301,0.8789,6946,0
JWA,D,20161026,000000,0.8301,0.865,0.8022,0.8092,41290,0
JWA,D,20161027,000000,0.8301,0.8371,0.8301,0.8301,2618,0
JWA,D,20161031,000000,0.8301,0.8859,0.8301,0.8859,495,0
JWA,D,20161102,000000,0.8859,0.8859,0.8859,0.8859,7168,0
JWA,D,20161103,000000,0.8161,0.8161,0.6906,0.6975,251961,0
JWA,D,20161104,000000,0.7603,0.7603,0.6138,0.6487,136064,0
JWA,D,20161107,000000,0.6487,0.6627,0.558,0.6138,151312,0
JWA,D,20161108,000000,0.6278,0.6627,0.6278,0.6487,38958,0
JWA,D,20161109,000000,0.6278,0.6348,0.6278,0.6348,639,0
JWA,D,20161110,000000,0.6487,0.7115,0.6417,0.6836,15190,0
JWA,D,20161114,000000,0.7464,0.7464,0.6278,0.6766,14390,0
JWA,D,20161115,000000,0.6766,0.6766,0.572,0.6069,46251,0
JWA,D,20161116,000000,0.6069,0.6208,0.6069,0.6208,1712,0
JWA,D,20161117,000000,0.6208,0.6557,0.5929,0.6487,12823,0
JWA,D,20161118,000000,0.5929,0.6417,0.5859,0.6417,4229,0
JWA,D,20161121,000000,0.6348,0.6348,0.5859,0.6278,11026,0
JWA,D,20161122,000000,0.5859,0.5859,0.558,0.572,18241,0
JWA,D,20161123,000000,0.5859,0.8022,0.5859,0.6557,122248,0
JWA,D,20161124,000000,0.6696,0.7464,0.6348,0.7464,57104,0
JWA,D,20161125,000000,0.7673,0.7743,0.7254,0.7464,122955,0
JWA,D,20161128,000000,0.7324,0.7464,0.6836,0.7324,75652,0
JWA,D,20161129,000000,0.7324,0.7324,0.7324,0.7324,430,0
JWA,D,20161130,000000,0.7254,0.7254,0.6069,0.6069,61633,0
JWA,D,20161201,000000,0.6627,0.6627,0.6069,0.6278,27092,0
JWA,D,20161202,000000,0.6069,0.6906,0.6069,0.6766,30134,0
JWA,D,20161205,000000,0.6557,0.6557,0.5371,0.572,134718,0
JWA,D,20161206,000000,0.572,0.5929,0.558,0.5859,20364,0
JWA,D,20161207,000000,0.558,0.5929,0.5301,0.5929,18321,0
JWA,D,20161208,000000,0.5441,0.5511,0.5441,0.5511,608,0
JWA,D,20161209,000000,0.572,0.6208,0.565,0.579,44559,0
JWA,D,20161212,000000,0.5999,0.5999,0.558,0.5999,1517,0
JWA,D,20161213,000000,0.5999,0.6138,0.565,0.572,15008,0
JWA,D,20161214,000000,0.6069,0.6069,0.565,0.579,20787,0
JWA,D,20161215,000000,0.6278,0.6278,0.558,0.5999,34122,0
JWA,D,20161216,000000,0.579,0.5929,0.5511,0.5511,93571,0
JWA,D,20161219,000000,0.5511,0.5859,0.5511,0.5859,3591,0
JWA,D,20161220,000000,0.5859,0.5859,0.5859,0.5859,14,0
JWA,D,20161221,000000,0.5859,0.6069,0.5859,0.5999,16726,0
JWA,D,20161222,000000,0.579,0.5929,0.5441,0.5929,18446,0
JWA,D,20161223,000000,0.558,0.5859,0.558,0.5859,1469,0
JWA,D,20161227,000000,0.5859,0.5929,0.5511,0.5859,44927,0
JWA,D,20161228,000000,0.5999,0.5999,0.5441,0.565,20867,0
JWA,D,20161229,000000,0.5511,0.5859,0.5511,0.5859,3319,0
JWA,D,20161230,000000,0.558,0.572,0.5301,0.5371,38711,0
JWA,D,20170102,000000,0.572,0.572,0.572,0.572,3,0
JWA,D,20170103,000000,0.5441,0.572,0.5371,0.565,21204,0
JWA,D,20170104,000000,0.565,0.572,0.5371,0.5511,61245,0
JWA,D,20170105,000000,0.5511,0.5511,0.5232,0.5371,16666,0
JWA,D,20170109,000000,0.5441,0.572,0.5441,0.565,11039,0
JWA,D,20170110,000000,0.558,0.7254,0.558,0.6487,204243,0
JWA,D,20170111,000000,0.6487,0.7324,0.6487,0.7254,205058,0
JWA,D,20170112,000000,0.7324,0.865,0.6975,0.7673,150545,0
JWA,D,20170113,000000,0.8161,0.8161,0.6696,0.7185,75628,0
JWA,D,20170116,000000,0.7185,0.7813,0.7115,0.7115,23848,0
JWA,D,20170117,000000,0.7324,0.7882,0.7045,0.7394,97112,0
JWA,D,20170118,000000,0.7394,0.7603,0.6766,0.6975,86745,0
JWA,D,20170119,000000,0.6975,0.6975,0.6487,0.6627,39096,0
JWA,D,20170120,000000,0.6417,0.7254,0.6348,0.6975,35216,0
JWA,D,20170123,000000,0.6975,0.7394,0.6836,0.7254,17802,0
JWA,D,20170124,000000,0.6836,0.6975,0.6836,0.6975,12062,0
JWA,D,20170125,000000,0.7185,0.7603,0.6836,0.6836,112106,0
JWA,D,20170126,000000,0.7185,0.7254,0.6696,0.6975,52763,0
JWA,D,20170127,000000,0.6836,0.6836,0.6278,0.6696,89483,0
JWA,D,20170130,000000,0.6696,0.8859,0.6696,0.8371,308370,0
JWA,D,20170131,000000,0.8371,0.9068,0.7464,0.8789,151128,0
JWA,D,20170201,000000,0.8859,0.8998,0.7882,0.8092,90094,0
JWA,D,20170202,000000,0.7882,0.8092,0.7534,0.8092,58947,0
JWA,D,20170203,000000,0.7673,0.8022,0.7324,0.7882,74836,0
JWA,D,20170206,000000,0.7394,0.7813,0.7394,0.7743,3548,0
JWA,D,20170207,000000,0.7603,0.7603,0.6348,0.6557,156862,0
JWA,D,20170208,000000,0.6557,0.7115,0.6417,0.7115,132898,0
JWA,D,20170209,000000,0.7673,0.7813,0.6557,0.6696,119712,0
JWA,D,20170210,000000,0.6836,0.7254,0.6627,0.6906,40466,0
JWA,D,20170213,000000,0.6975,0.6975,0.6208,0.6627,106905,0
JWA,D,20170214,000000,0.6487,0.6696,0.6487,0.6627,22271,0
JWA,D,20170215,000000,0.6487,0.7115,0.6487,0.7115,21475,0
JWA,D,20170216,000000,0.7115,0.7115,0.6836,0.7045,16271,0
JWA,D,20170217,000000,0.6696,0.7115,0.6557,0.6906,30976,0
JWA,D,20170220,000000,0.6557,0.6766,0.6417,0.6766,29131,0
JWA,D,20170221,000000,0.6557,0.6627,0.6348,0.6627,41087,0
JWA,D,20170222,000000,0.6557,0.6557,0.6208,0.6557,49868,0
JWA,D,20170223,000000,0.6278,0.6487,0.6138,0.6348,31238,0
JWA,D,20170224,000000,0.6208,0.6557,0.6208,0.6557,39553,0
JWA,D,20170227,000000,0.6557,0.6766,0.6278,0.6627,24155,0
JWA,D,20170228,000000,0.6348,0.6417,0.6138,0.6348,27915,0
JWA,D,20170301,000000,0.6417,0.6627,0.6208,0.6208,41424,0
JWA,D,20170302,000000,0.6348,0.6348,0.6138,0.6348,18025,0
JWA,D,20170303,000000,0.6208,0.6278,0.6138,0.6278,7744,0
JWA,D,20170306,000000,0.6348,0.6348,0.5929,0.6069,46242,0
JWA,D,20170307,000000,0.5859,0.6138,0.572,0.5929,70075,0
JWA,D,20170308,000000,0.5999,0.6069,0.5859,0.6069,6609,0
JWA,D,20170309,000000,0.6138,0.6278,0.6138,0.6138,21523,0
JWA,D,20170310,000000,0.6138,0.6487,0.6138,0.6487,34029,0
JWA,D,20170313,000000,0.6138,0.6487,0.6138,0.6278,1399,0
JWA,D,20170314,000000,0.6487,0.6487,0.6138,0.6138,2143,0
JWA,D,20170315,000000,0.6278,0.6278,0.5999,0.6278,374,0
JWA,D,20170316,000000,0.5929,0.6208,0.5929,0.5999,7303,0
JWA,D,20170317,000000,0.5999,0.6208,0.5999,0.6208,1469,0
JWA,D,20170320,000000,0.6208,0.6417,0.6069,0.6417,9847,0
JWA,D,20170321,000000,0.6487,0.6906,0.6417,0.6417,22641,0
JWA,D,20170322,000000,0.6557,0.7603,0.6417,0.7394,67694,0
JWA,D,20170323,000000,0.7394,0.7394,0.6627,0.7045,18019,0
JWA,D,20170324,000000,0.6906,0.7185,0.6696,0.7045,62231,0
JWA,D,20170327,000000,0.6836,0.6975,0.6766,0.6766,2294,0
JWA,D,20170328,000000,0.6627,0.6906,0.6278,0.6836,67313,0
JWA,D,20170329,000000,0.6906,0.7254,0.6696,0.7254,107527,0
JWA,D,20170330,000000,0.7254,0.844,0.7254,0.8371,306442,0
JWA,D,20170331,000000,0.8371,0.858,0.7673,0.7743,129922,0
JWA,D,20170403,000000,0.7743,0.8161,0.6975,0.7673,82919,0
JWA,D,20170404,000000,0.7045,0.7673,0.6975,0.7673,7232,0
JWA,D,20170405,000000,0.7185,0.7743,0.6975,0.7324,49923,0
JWA,D,20170406,000000,0.7673,0.851,0.7673,0.8022,63772,0
JWA,D,20170407,000000,0.8022,0.8719,0.7324,0.865,124714,0
JWA,D,20170410,000000,0.844,0.8929,0.8161,0.8161,39083,0
JWA,D,20170411,000000,0.8161,0.8859,0.8161,0.858,35427,0
JWA,D,20170412,000000,0.8929,1.0672,0.858,1.0672,115346,0
JWA,D,20170413,000000,1.0882,1.0882,0.9835,1.0742,27420,0
JWA,D,20170418,000000,1.0463,1.0463,0.9766,0.9766,5418,0
JWA,D,20170419,000000,1.0254,1.1231,1.0254,1.0324,68600,0
JWA,D,20170420,000000,1.0463,1.2068,0.9766,1.0184,196050,0
JWA,D,20170421,000000,1.0603,1.0812,0.8859,1.0045,31172,0
JWA,D,20170424,000000,0.9905,1.0045,0.7254,0.7464,186900,0
JWA,D,20170425,000000,0.7464,0.8092,0.6627,0.6906,157011,0
JWA,D,20170426,000000,0.7464,0.7813,0.6975,0.7394,37176,0
JWA,D,20170427,000000,0.7743,0.8022,0.7673,0.8022,39626,0
JWA,D,20170428,000000,0.8022,0.8231,0.7743,0.7743,7760,0
JWA,D,20170502,000000,0.7743,0.844,0.7464,0.8092,15119,0
JWA,D,20170504,000000,0.8371,0.844,0.7813,0.7813,31254,0
JWA,D,20170505,000000,0.7882,0.9766,0.7882,0.9347,85920,0
JWA,D,20170508,000000,0.9556,0.9556,0.865,0.9068,37414,0
JWA,D,20170509,000000,0.851,0.9068,0.8371,0.8719,19028,0
JWA,D,20170510,000000,0.8161,0.8301,0.7603,0.7673,25049,0
JWA,D,20170511,000000,0.865,0.9626,0.7882,0.9208,84741,0
JWA,D,20170512,000000,0.8719,0.8929,0.8161,0.8231,50518,0
JWA,D,20170515,000000,0.8092,0.8092,0.7673,0.7673,80903,0
JWA,D,20170516,000000,0.7813,0.7882,0.7603,0.7603,6782,0
JWA,D,20170517,000000,0.7673,0.7952,0.7115,0.7394,37845,0
JWA,D,20170518,000000,0.7115,0.7534,0.6975,0.7324,18800,0
JWA,D,20170519,000000,0.7534,0.7534,0.6975,0.7324,41243,0
JWA,D,20170522,000000,0.7045,0.7324,0.6975,0.7254,21877,0
JWA,D,20170523,000000,0.7324,0.8231,0.7324,0.7673,70339,0
JWA,D,20170524,000000,0.7394,0.7603,0.7115,0.7464,26182,0
JWA,D,20170525,000000,0.7254,0.7534,0.6975,0.7324,206776,0
JWA,D,20170526,000000,0.7254,0.7324,0.7045,0.7185,66639,0
JWA,D,20170529,000000,0.7045,0.7185,0.6627,0.7185,87449,0
JWA,D,20170530,000000,0.6906,0.7115,0.6417,0.6627,135331,0
JWA,D,20170531,000000,0.6487,0.6696,0.5859,0.5929,199366,0
JWA,D,20170601,000000,0.6208,0.6557,0.6208,0.6417,15863,0
JWA,D,20170602,000000,0.6417,0.6417,0.558,0.6208,88751,0
JWA,D,20170605,000000,0.6069,0.6278,0.5999,0.5999,28748,0
JWA,D,20170606,000000,0.6069,0.6627,0.6069,0.6348,23732,0
JWA,D,20170607,000000,0.6766,0.6975,0.6278,0.6766,20548,0
JWA,D,20170608,000000,0.6836,0.6836,0.6417,0.6417,507,0
JWA,D,20170612,000000,0.6627,0.6627,0.6417,0.6417,444,0
JWA,D,20170613,000000,0.6696,0.6696,0.6069,0.6138,26253,0
JWA,D,20170614,000000,0.6138,0.6836,0.6138,0.6557,33601,0
JWA,D,20170616,000000,0.6696,0.6836,0.6138,0.6138,58029,0
JWA,D,20170619,000000,0.6208,0.6627,0.6208,0.6627,14557,0
JWA,D,20170620,000000,0.6696,0.7185,0.6487,0.7115,37434,0
JWA,D,20170621,000000,0.6975,0.6975,0.6278,0.6417,10996,0
JWA,D,20170622,000000,0.6417,0.6836,0.6417,0.6487,12343,0
JWA,D,20170623,000000,0.6696,0.6975,0.6627,0.6975,32429,0
JWA,D,20170626,000000,0.6975,0.7534,0.6975,0.7394,56117,0
JWA,D,20170627,000000,0.7394,0.8022,0.6975,0.7324,56168,0
JWA,D,20170628,000000,0.6975,0.7045,0.6278,0.6836,47446,0
JWA,D,20170629,000000,0.6627,0.6627,0.572,0.5999,336856,0
JWA,D,20170630,000000,0.6069,0.6557,0.5859,0.5999,41068,0
JWA,D,20170703,000000,0.6278,0.6487,0.6208,0.6208,16278,0
JWA,D,20170704,000000,0.5999,0.6069,0.5929,0.5999,31410,0
JWA,D,20170705,000000,0.6278,0.6348,0.6069,0.6348,15304,0
JWA,D,20170706,000000,0.6278,0.6278,0.6278,0.6278,5775,0
JWA,D,20170707,000000,0.5999,0.6278,0.5929,0.6278,16326,0
JWA,D,20170710,000000,0.5929,0.6069,0.565,0.6069,15222,0
JWA,D,20170711,000000,0.6208,0.6906,0.6208,0.6557,46969,0
JWA,D,20170712,000000,0.6627,0.6906,0.6487,0.6836,3798,0
JWA,D,20170713,000000,0.6487,0.6627,0.6487,0.6487,7772,0
JWA,D,20170714,000000,0.6487,0.6766,0.6208,0.6557,13801,0
JWA,D,20170717,000000,0.6278,0.6557,0.6208,0.6208,28569,0
JWA,D,20170718,000000,0.6208,0.6836,0.5999,0.6348,252073,0
JWA,D,20170719,000000,0.6348,0.6487,0.6348,0.6487,5906,0
JWA,D,20170720,000000,0.6069,0.6208,0.5929,0.6069,66642,0
JWA,D,20170721,000000,0.5999,0.5999,0.572,0.5929,15911,0
JWA,D,20170724,000000,0.579,0.579,0.565,0.579,14580,0
JWA,D,20170725,000000,0.572,0.5999,0.565,0.5929,12707,0
JWA,D,20170726,000000,0.5022,0.5929,0.47433,0.579,107125,0
JWA,D,20170727,000000,0.5301,0.5859,0.5301,0.558,24752,0
JWA,D,20170728,000000,0.5859,0.5859,0.5232,0.5371,9103,0
JWA,D,20170731,000000,0.5441,0.5441,0.5371,0.5441,7513,0
JWA,D,20170801,000000,0.572,0.579,0.5441,0.5441,10928,0
JWA,D,20170802,000000,0.5232,0.5441,0.49526,0.5371,17002,0
JWA,D,20170803,000000,0.5371,0.5371,0.49526,0.5371,17061,0
JWA,D,20170804,000000,0.5162,0.5232,0.5022,0.5232,12902,0
JWA,D,20170807,000000,0.5441,0.5859,0.5441,0.558,53416,0
JWA,D,20170808,000000,0.565,0.565,0.5371,0.5441,19354,0
JWA,D,20170809,000000,0.5371,0.5441,0.5232,0.5232,13863,0
JWA,D,20170810,000000,0.5511,0.5511,0.5301,0.5301,6810,0
JWA,D,20170811,000000,0.5232,0.5441,0.5162,0.5441,5906,0
JWA,D,20170814,000000,0.5441,0.5441,0.5162,0.5162,4444,0
JWA,D,20170816,000000,0.5371,0.572,0.48828,0.5441,40764,0
JWA,D,20170817,000000,0.5162,0.5162,0.5162,0.5162,4560,0
JWA,D,20170818,000000,0.5511,0.5511,0.5511,0.5511,27,0
JWA,D,20170821,000000,0.5511,0.558,0.5511,0.558,1434,0
JWA,D,20170823,000000,0.5511,0.558,0.5511,0.558,1641,0
JWA,D,20170824,000000,0.5232,0.5232,0.5162,0.5162,6086,0
JWA,D,20170829,000000,0.5371,0.5371,0.5301,0.5301,13244,0
JWA,D,20170830,000000,0.5371,0.558,0.5301,0.558,20757,0
JWA,D,20170831,000000,0.572,0.6836,0.558,0.6627,63424,0
JWA,D,20170901,000000,0.6836,0.6906,0.572,0.6627,66231,0
JWA,D,20170904,000000,0.6627,0.6627,0.5859,0.6557,22122,0
JWA,D,20170905,000000,0.6557,0.6696,0.6138,0.6696,6478,0
JWA,D,20170906,000000,0.6696,0.7045,0.5929,0.6487,30915,0
JWA,D,20170907,000000,0.6487,0.6487,0.6417,0.6487,17074,0
JWA,D,20170908,000000,0.6766,0.6766,0.6487,0.6487,86,0
JWA,D,20170911,000000,0.6557,0.6627,0.5929,0.5929,3803,0
JWA,D,20170912,000000,0.6348,0.6906,0.6348,0.6906,125125,0
JWA,D,20170913,000000,0.6557,0.6557,0.6417,0.6417,10766,0
JWA,D,20170915,000000,0.6417,0.6766,0.6417,0.6766,7678,0
JWA,D,20170918,000000,0.6417,0.6417,0.6417,0.6417,4301,0
JWA,D,20170919,000000,0.6557,0.6766,0.6557,0.6766,68622,0
JWA,D,20170920,000000,0.6836,0.7534,0.6487,0.6487,73599,0
JWA,D,20170921,000000,0.6487,0.6487,0.6487,0.6487,4292,0
JWA,D,20170922,000000,0.6487,0.7185,0.6278,0.7185,94465,0
JWA,D,20170925,000000,0.7185,0.7603,0.7045,0.7464,67567,0
JWA,D,20170926,000000,0.7324,0.7324,0.6975,0.7324,52186,0
JWA,D,20170927,000000,0.6975,0.7324,0.6975,0.7324,4444,0
JWA,D,20170929,000000,0.7254,0.7882,0.6696,0.7813,79665,0
JWA,D,20171002,000000,0.7882,0.8998,0.7394,0.7534,95727,0
JWA,D,20171003,000000,0.7603,0.7603,0.7603,0.7603,2344,0
JWA,D,20171004,000000,0.7743,0.7743,0.7045,0.7603,9318,0
JWA,D,20171005,000000,0.7882,0.8161,0.7045,0.7952,23110,0
JWA,D,20171006,000000,0.8022,0.8719,0.8022,0.8022,44638,0
JWA,D,20171009,000000,0.8022,0.851,0.7394,0.8022,4820,0
JWA,D,20171010,000000,0.8022,0.8231,0.7185,0.7952,13127,0
JWA,D,20171011,000000,0.7185,0.7743,0.6906,0.6975,25970,0
JWA,D,20171012,000000,0.7045,0.7045,0.7045,0.7045,1431,0
JWA,D,20171013,000000,0.6696,0.6696,0.6696,0.6696,2580,0
JWA,D,20171016,000000,0.7743,0.8231,0.7743,0.8231,929,0
JWA,D,20171017,000000,0.7115,0.7882,0.7115,0.7743,26468,0
JWA,D,20171018,000000,0.7464,0.7673,0.6836,0.6975,11506,0
JWA,D,20171019,000000,0.7534,0.7534,0.6487,0.7115,29842,0
JWA,D,20171020,000000,0.6975,0.7254,0.6975,0.7254,7082,0
JWA,D,20171023,000000,0.7394,0.7394,0.6487,0.7254,7070,0
JWA,D,20171024,000000,0.6557,0.6975,0.6557,0.6975,5091,0
JWA,D,20171026,000000,0.7324,0.7324,0.7324,0.7324,4,0
JWA,D,20171030,000000,0.6487,0.7534,0.6487,0.7324,10468,0
JWA,D,20171031,000000,0.6766,0.6766,0.6766,0.6766,466,0
JWA,D,20171102,000000,0.7185,0.7254,0.6836,0.6836,15771,0
JWA,D,20171103,000000,0.6836,0.7254,0.6836,0.7254,1290,0
JWA,D,20171106,000000,0.6627,0.6906,0.6417,0.6906,19500,0
JWA,D,20171107,000000,0.6906,0.7464,0.6906,0.7324,68587,0
JWA,D,20171108,000000,0.7464,0.7673,0.7185,0.7534,25975,0
JWA,D,20171110,000000,0.6836,0.7394,0.6836,0.7394,929,0
JWA,D,20171114,000000,0.6627,0.7185,0.6627,0.7185,2079,0
JWA,D,20171115,000000,0.5859,0.6278,0.47433,0.5232,336721,0
JWA,D,20171116,000000,0.5371,0.5371,0.49526,0.49526,575,0
JWA,D,20171117,000000,0.5022,0.5232,0.5022,0.5232,8698,0
JWA,D,20171120,000000,0.5232,0.5441,0.5232,0.5371,6497,0
JWA,D,20171121,000000,0.5022,0.5371,0.5022,0.5092,3168,0
JWA,D,20171122,000000,0.5092,0.5301,0.5022,0.5301,2036,0
JWA,D,20171123,000000,0.5371,0.5371,0.5371,0.5371,72,0
JWA,D,20171124,000000,0.5022,0.5232,0.45341,0.5162,16263,0
JWA,D,20171127,000000,0.46736,0.5162,0.46736,0.48131,2807,0
JWA,D,20171128,000000,0.5022,0.5232,0.5022,0.5232,2008,0
JWA,D,20171129,000000,0.5232,0.5371,0.49526,0.49526,5376,0
JWA,D,20171130,000000,0.5301,0.5301,0.48828,0.49526,3737,0
JWA,D,20171201,000000,0.5162,0.5371,0.5162,0.5371,10537,0
JWA,D,20171204,000000,0.5301,0.5371,0.5301,0.5371,2294,0
JWA,D,20171205,000000,0.5301,0.5371,0.49526,0.5371,7899,0
JWA,D,20171206,000000,0.5371,0.5371,0.5371,0.5371,1147,0
JWA,D,20171208,000000,0.5232,0.5232,0.5232,0.5232,3587,0
JWA,D,20171211,000000,0.5232,0.579,0.5232,0.572,81906,0
JWA,D,20171212,000000,0.572,0.579,0.5371,0.5371,5476,0
JWA,D,20171213,000000,0.5232,0.5232,0.41853,0.41853,270492,0
JWA,D,20171214,000000,0.41853,0.44643,0.35575,0.4255,36241,0
JWA,D,20171215,000000,0.43248,0.45341,0.43248,0.45341,4745,0
JWA,D,20171218,000000,0.45341,0.45341,0.3976,0.44643,11770,0
JWA,D,20171219,000000,0.40458,0.43248,0.40458,0.43248,7245,0
JWA,D,20171220,000000,0.44643,0.48828,0.39063,0.48828,53040,0
JWA,D,20171221,000000,0.48828,0.48828,0.43248,0.48131,6775,0
JWA,D,20171222,000000,0.41853,0.41853,0.3418,0.3697,407122,0
JWA,D,20171227,000000,0.38365,0.41155,0.34877,0.40458,214431,0
JWA,D,20171228,000000,0.38365,0.38365,0.35575,0.36272,23105,0
JWA,D,20171229,000000,0.36272,0.37668,0.36272,0.36272,16701,0
JWA,D,20180103,000000,0.3697,0.39063,0.36272,0.38365,31549,0
JWA,D,20180104,000000,0.39063,0.40458,0.39063,0.40458,22985,0
JWA,D,20180105,000000,0.37668,0.3976,0.36272,0.3976,12716,0
JWA,D,20180108,000000,0.36272,0.36272,0.3418,0.36272,18337,0
JWA,D,20180109,000000,0.36272,0.3697,0.36272,0.3697,4860,0
JWA,D,20180111,000000,0.3697,0.3697,0.3697,0.3697,717,0
JWA,D,20180112,000000,0.3697,0.37668,0.3418,0.37668,15483,0
JWA,D,20180115,000000,0.34877,0.34877,0.34877,0.34877,7544,0
JWA,D,20180116,000000,0.3697,0.3697,0.34877,0.34877,11585,0
JWA,D,20180117,000000,0.3697,0.3697,0.34877,0.34877,4588,0
JWA,D,20180118,000000,0.36272,0.3976,0.35575,0.39063,73906,0
JWA,D,20180119,000000,0.39063,0.3976,0.3697,0.3697,9046,0
JWA,D,20180122,000000,0.3697,0.3697,0.34877,0.3697,51870,0
JWA,D,20180123,000000,0.3697,0.37668,0.3697,0.37668,2109,0
JWA,D,20180124,000000,0.37668,0.37668,0.34877,0.37668,12200,0
JWA,D,20180125,000000,0.37668,0.37668,0.3697,0.3697,9176,0
JWA,D,20180126,000000,0.3697,0.37668,0.34877,0.3697,9576,0
JWA,D,20180130,000000,0.34877,0.34877,0.34877,0.34877,955,0
JWA,D,20180131,000000,0.36272,0.4255,0.36272,0.36272,141050,0
JWA,D,20180201,000000,0.3976,0.4255,0.3697,0.40458,52424,0
JWA,D,20180202,000000,0.38365,0.41853,0.38365,0.41853,59298,0
JWA,D,20180205,000000,0.40458,0.4255,0.39063,0.4255,26608,0
JWA,D,20180206,000000,0.4255,0.4255,0.3976,0.40458,11559,0
JWA,D,20180207,000000,0.41853,0.44643,0.41853,0.44643,16079,0
JWA,D,20180208,000000,0.44643,0.46038,0.41853,0.46038,6557,0
JWA,D,20180209,000000,0.41853,0.48828,0.41853,0.48828,35707,0
JWA,D,20180212,000000,0.46038,0.48131,0.43946,0.46736,24424,0
JWA,D,20180213,000000,0.44643,0.47433,0.43946,0.47433,28530,0
JWA,D,20180215,000000,0.44643,0.48828,0.4255,0.48828,37312,0
JWA,D,20180216,000000,0.47433,0.48828,0.46038,0.48131,4116,0
JWA,D,20180219,000000,0.46038,0.47433,0.43248,0.47433,22953,0
JWA,D,20180220,000000,0.44643,0.47433,0.44643,0.47433,2439,0
JWA,D,20180221,000000,0.44643,0.47433,0.44643,0.47433,2869,0
JWA,D,20180223,000000,0.43946,0.47433,0.43946,0.47433,5099,0
JWA,D,20180226,000000,0.45341,0.46736,0.44643,0.46736,13146,0
JWA,D,20180227,000000,0.45341,0.48131,0.44643,0.48131,3299,0
JWA,D,20180228,000000,0.43946,0.48131,0.4255,0.47433,38767,0
JWA,D,20180301,000000,0.43946,0.46736,0.4255,0.46038,20358,0
JWA,D,20180302,000000,0.43946,0.46038,0.43248,0.44643,23651,0
JWA,D,20180305,000000,0.43248,0.46038,0.4255,0.46038,6491,0
JWA,D,20180307,000000,0.44643,0.46038,0.44643,0.46038,3155,0
JWA,D,20180312,000000,0.43248,0.46038,0.4255,0.46038,18313,0
JWA,D,20180313,000000,0.43248,0.46038,0.43248,0.46038,4975,0
JWA,D,20180314,000000,0.43248,0.43248,0.4255,0.43248,27870,0
JWA,D,20180315,000000,0.4255,0.43946,0.4255,0.43946,24325,0
JWA,D,20180316,000000,0.43946,0.49526,0.43946,0.48131,44883,0
JWA,D,20180319,000000,0.46736,0.48131,0.45341,0.47433,9962,0
JWA,D,20180320,000000,0.47433,0.49526,0.46038,0.48131,50150,0
JWA,D,20180321,000000,0.46038,0.48131,0.45341,0.48131,19969,0
JWA,D,20180322,000000,0.46038,0.47433,0.43946,0.46736,93509,0
JWA,D,20180323,000000,0.46736,0.5092,0.46736,0.49526,7926,0
JWA,D,20180326,000000,0.5022,0.5859,0.48828,0.5441,271252,0
JWA,D,20180327,000000,0.5441,0.579,0.48828,0.49526,120357,0
JWA,D,20180328,000000,0.5301,0.5301,0.47433,0.5092,21075,0
JWA,D,20180329,000000,0.5092,0.572,0.48828,0.5301,32818,0
JWA,D,20180403,000000,0.5301,0.5301,0.5301,0.5301,1,0
JWA,D,20180404,000000,0.49526,0.5232,0.49526,0.5092,2968,0
JWA,D,20180405,000000,0.5232,0.5232,0.48828,0.5092,12482,0
JWA,D,20180406,000000,0.5232,0.5232,0.48828,0.5162,161,0
JWA,D,20180409,000000,0.48828,0.5162,0.48828,0.5092,17665,0
JWA,D,20180410,000000,0.5162,0.5162,0.46736,0.49526,28623,0
JWA,D,20180411,000000,0.48131,0.5162,0.46736,0.5022,6434,0
JWA,D,20180412,000000,0.46736,0.5092,0.46736,0.5092,6454,0
JWA,D,20180413,000000,0.5022,0.5022,0.5022,0.5022,1,0
JWA,D,20180416,000000,0.49526,0.49526,0.46038,0.48828,3042,0
JWA,D,20180417,000000,0.46736,0.48828,0.46736,0.48828,5018,0
JWA,D,20180418,000000,0.48131,0.48828,0.45341,0.48131,38185,0
JWA,D,20180419,000000,0.48131,0.5162,0.47433,0.47433,12412,0
JWA,D,20180420,000000,0.5092,0.5092,0.48828,0.5092,4304,0
JWA,D,20180423,000000,0.5092,0.5092,0.5092,0.5092,287,0
JWA,D,20180424,000000,0.5092,0.5092,0.44643,0.46038,40769,0
JWA,D,20180425,000000,0.43248,0.48131,0.32785,0.32785,187095,0
JWA,D,20180426,000000,0.38365,0.38365,0.30692,0.3418,103262,0
JWA,D,20180427,000000,0.33482,0.39063,0.33482,0.38365,23769,0
JWA,D,20180430,000000,0.3976,0.3976,0.35575,0.35575,159,0
JWA,D,20180502,000000,0.3976,0.3976,0.3976,0.3976,29,0
JWA,D,20180504,000000,0.3976,0.46736,0.3976,0.41853,9634,0
JWA,D,20180507,000000,0.41853,0.4255,0.41853,0.4255,8093,0
JWA,D,20180508,000000,0.41853,0.41853,0.34877,0.38365,34137,0
JWA,D,20180509,000000,0.38365,0.3976,0.34877,0.3976,18641,0
JWA,D,20180510,000000,0.3976,0.3976,0.3976,0.3976,1,0
JWA,D,20180511,000000,0.36272,0.3976,0.36272,0.3976,1435,0
JWA,D,20180514,000000,0.3976,0.45341,0.39063,0.43248,2575,0
JWA,D,20180515,000000,0.43248,0.43248,0.34877,0.40458,43008,0
JWA,D,20180516,000000,0.36272,0.41155,0.36272,0.41155,10871,0
JWA,D,20180517,000000,0.3697,0.40458,0.34877,0.3976,18138,0
JWA,D,20180518,000000,0.36272,0.3976,0.36272,0.3976,6956,0
JWA,D,20180521,000000,0.37668,0.3976,0.37668,0.3976,2725,0
JWA,D,20180523,000000,0.36272,0.40458,0.35575,0.40458,11380,0
JWA,D,20180524,000000,0.36272,0.40458,0.36272,0.40458,8850,0
JWA,D,20180525,000000,0.3697,0.39063,0.3697,0.39063,2869,0
JWA,D,20180528,000000,0.35575,0.39063,0.35575,0.39063,9680,0
JWA,D,20180604,000000,0.35575,0.39063,0.34877,0.39063,4732,0
JWA,D,20180605,000000,0.35575,0.38365,0.33482,0.37668,8176,0
JWA,D,20180606,000000,0.37668,0.38365,0.34877,0.37668,2506,0
JWA,D,20180607,000000,0.3697,0.3697,0.3697,0.3697,5620,0
JWA,D,20180611,000000,0.3697,0.3697,0.3697,0.3697,2867,0
JWA,D,20180612,000000,0.3697,0.39063,0.3697,0.39063,11324,0
JWA,D,20180613,000000,0.38365,0.38365,0.38365,0.38365,72,0
JWA,D,20180615,000000,0.3697,0.3697,0.3697,0.3697,287,0
JWA,D,20180618,000000,0.3697,0.3697,0.3697,0.3697,3941,0
JWA,D,20180619,000000,0.3697,0.3697,0.3418,0.3697,7277,0
JWA,D,20180620,000000,0.3697,0.3697,0.3697,0.3697,3045,0
JWA,D,20180621,000000,0.34877,0.34877,0.34877,0.34877,1434,0
JWA,D,20180622,000000,0.34877,0.3697,0.33482,0.3697,14339,0
JWA,D,20180625,000000,0.34877,0.34877,0.34877,0.34877,2867,0
JWA,D,20180626,000000,0.36272,0.36272,0.36272,0.36272,1028,0
JWA,D,20180627,000000,0.3697,0.37668,0.33482,0.3697,17921,0
JWA,D,20180629,000000,0.32785,0.3697,0.32785,0.3697,2897,0
JWA,D,20180702,000000,0.32785,0.36272,0.32087,0.36272,11013,0
JWA,D,20180703,000000,0.3139,0.34877,0.3139,0.33482,33622,0
JWA,D,20180704,000000,0.33482,0.34877,0.32087,0.33482,13321,0
JWA,D,20180705,000000,0.34877,0.36272,0.34877,0.34877,5878,0
JWA,D,20180706,000000,0.36272,0.36272,0.29995,0.33482,47892,0
JWA,D,20180709,000000,0.3139,0.35575,0.28599,0.3139,75837,0
JWA,D,20180710,000000,0.28599,0.28599,0.28599,0.28599,12902,0
JWA,D,20180711,000000,0.27902,0.28599,0.27902,0.28599,89274,0
JWA,D,20180712,000000,0.29297,0.3139,0.27204,0.27902,29949,0
JWA,D,20180713,000000,0.27204,0.27204,0.23717,0.25112,82482,0
JWA,D,20180716,000000,0.24414,0.26507,0.23717,0.23717,8203,0
JWA,D,20180717,000000,0.23717,0.24414,0.23019,0.23717,136457,0
JWA,D,20180718,000000,0.24414,0.24414,0.23717,0.23717,45918,0
JWA,D,20180719,000000,0.25112,0.25112,0.25112,0.25112,2150,0
JWA,D,20180720,000000,0.23717,0.23717,0.23717,0.23717,278,0
JWA,D,20180723,000000,0.24414,0.24414,0.24414,0.24414,573,0
JWA,D,20180724,000000,0.23717,0.24414,0.23717,0.24414,68060,0
JWA,D,20180726,000000,0.24414,0.24414,0.24414,0.24414,3011,0
JWA,D,20180727,000000,0.25112,0.25112,0.25112,0.25112,72,0
JWA,D,20180730,000000,0.23717,0.24414,0.22322,0.22322,12389,0
JWA,D,20180731,000000,0.24414,0.24414,0.24414,0.24414,126,0
JWA,D,20180801,000000,0.22322,0.26507,0.22322,0.25112,33775,0
JWA,D,20180802,000000,0.24414,0.25112,0.24414,0.25112,11462,0
JWA,D,20180803,000000,0.26507,0.28599,0.26507,0.28599,16931,0
JWA,D,20180806,000000,0.28599,0.28599,0.28599,0.28599,440,0
JWA,D,20180807,000000,0.28599,0.28599,0.28599,0.28599,1,0
JWA,D,20180808,000000,0.28599,0.28599,0.28599,0.28599,1,0
JWA,D,20180809,000000,0.28599,0.28599,0.28599,0.28599,1,0
JWA,D,20180810,000000,0.28599,0.28599,0.25112,0.25112,6381,0
JWA,D,20180813,000000,0.27204,0.27204,0.25809,0.25809,5734,0
JWA,D,20180814,000000,0.28599,0.28599,0.25809,0.28599,7396,0
JWA,D,20180816,000000,0.27902,0.28599,0.27204,0.28599,10389,0
JWA,D,20180817,000000,0.29297,0.3976,0.24414,0.38365,24947,0
JWA,D,20180820,000000,0.3697,0.3697,0.3697,0.3697,1,0
JWA,D,20180821,000000,0.34877,0.34877,0.27902,0.33482,10196,0
JWA,D,20180822,000000,0.33482,0.33482,0.27204,0.32785,4546,0
JWA,D,20180823,000000,0.3139,0.34877,0.30692,0.34877,59791,0
JWA,D,20180824,000000,0.34877,0.34877,0.28599,0.29297,10755,0
JWA,D,20180827,000000,0.32087,0.34877,0.29995,0.34877,9178,0
JWA,D,20180828,000000,0.34877,0.34877,0.28599,0.3139,5020,0
JWA,D,20180829,000000,0.3418,0.3418,0.29995,0.3418,44259,0
JWA,D,20180830,000000,0.29297,0.33482,0.26507,0.33482,2294,0
JWA,D,20180903,000000,0.27204,0.3139,0.27204,0.29995,15054,0
JWA,D,20180904,000000,0.27204,0.32087,0.27204,0.27204,1722,0
JWA,D,20180905,000000,0.32087,0.32087,0.32087,0.32087,14,0
JWA,D,20180906,000000,0.26507,0.27902,0.22322,0.27902,8316,0
JWA,D,20180907,000000,0.22322,0.26507,0.20926,0.26507,13133,0
JWA,D,20180910,000000,0.26507,0.26507,0.26507,0.26507,4301,0
JWA,D,20180911,000000,0.27204,0.29297,0.27204,0.29297,4344,0
JWA,D,20180917,000000,0.27902,0.27902,0.27902,0.27902,717,0
JWA,D,20180918,000000,0.25809,0.28599,0.22322,0.28599,6351,0
JWA,D,20180920,000000,0.29297,0.29297,0.29297,0.29297,1219,0
JWA,D,20180921,000000,0.26507,0.3139,0.26507,0.3139,5736,0
JWA,D,20180924,000000,0.25112,0.29297,0.25112,0.25112,2195,0
JWA,D,20180925,000000,0.24414,0.29995,0.22322,0.29995,191856,0
JWA,D,20180926,000000,0.32785,0.37668,0.32087,0.3418,243722,0
JWA,D,20180927,000000,0.29995,0.3418,0.27204,0.32087,641305,0
JWA,D,20180928,000000,0.34877,0.34877,0.27902,0.29995,208771,0
JWA,D,20181001,000000,0.29297,0.32087,0.28599,0.30692,149811,0
JWA,D,20181002,000000,0.32087,0.32087,0.32087,0.32087,143,0
JWA,D,20181003,000000,0.30692,0.3139,0.25112,0.25112,497803,0
JWA,D,20181004,000000,0.23019,0.24414,0.22322,0.24414,58073,0
JWA,D,20181005,000000,0.24414,0.25112,0.24414,0.24414,19947,0
JWA,D,20181008,000000,0.25112,0.25112,0.22322,0.24414,29770,0
JWA,D,20181009,000000,0.23019,0.23019,0.23019,0.23019,9916,0
JWA,D,20181010,000000,0.24414,0.24414,0.23019,0.24414,3587,0
JWA,D,20181011,000000,0.23019,0.25112,0.23019,0.25112,6239,0
JWA,D,20181015,000000,0.27902,0.29995,0.27902,0.28599,127573,0
JWA,D,20181016,000000,0.29297,0.29297,0.27902,0.27902,28997,0
JWA,D,20181017,000000,0.27902,0.27902,0.26507,0.26507,7172,0
JWA,D,20181018,000000,0.29297,0.29297,0.29297,0.29297,1,0
JWA,D,20181019,000000,0.26507,0.26507,0.26507,0.26507,7152,0
JWA,D,20181022,000000,0.25112,0.27204,0.23717,0.23717,19376,0
JWA,D,20181023,000000,0.25112,0.27204,0.25112,0.26507,6913,0
JWA,D,20181024,000000,0.25112,0.28599,0.25112,0.27902,33836,0
JWA,D,20181026,000000,0.25809,0.25809,0.25809,0.25809,7168,0
JWA,D,20181029,000000,0.24414,0.24414,0.24414,0.24414,7168,0
JWA,D,20181030,000000,0.26507,0.26507,0.26507,0.26507,1,0
JWA,D,20181102,000000,0.25112,0.25112,0.24414,0.24414,9318,0
JWA,D,20181105,000000,0.25809,0.27902,0.25112,0.27204,29498,0
JWA,D,20181106,000000,0.27204,0.27902,0.27204,0.27902,4296,0
JWA,D,20181108,000000,0.27204,0.27204,0.27204,0.27204,5018,0
JWA,D,20181109,000000,0.27204,0.29297,0.27204,0.28599,9067,0
JWA,D,20181115,000000,0.27204,0.27902,0.26507,0.27902,10897,0
JWA,D,20181116,000000,0.27902,0.27902,0.27902,0.27902,2867,0
JWA,D,20181119,000000,0.25809,0.28599,0.25809,0.28599,4001,0
JWA,D,20181120,000000,0.26507,0.29297,0.26507,0.29297,15480,0
JWA,D,20181123,000000,0.27204,0.27902,0.26507,0.27902,5161,0
JWA,D,20181126,000000,0.28599,0.28599,0.28599,0.28599,1249,0
JWA,D,20181127,000000,0.27902,0.28599,0.27902,0.28599,3917,0
JWA,D,20181129,000000,0.28599,0.28599,0.28599,0.28599,2867,0
JWA,D,20181130,000000,0.28599,0.28599,0.28599,0.28599,143,0
JWA,D,20181206,000000,0.26507,0.26507,0.26507,0.26507,3,0
JWA,D,20181207,000000,0.28599,0.28599,0.28599,0.28599,678,0
JWA,D,20181210,000000,0.27902,0.41155,0.27902,0.41155,231702,0
JWA,D,20181211,000000,0.43248,0.44643,0.34877,0.35575,149710,0
JWA,D,20181212,000000,0.37668,0.37668,0.33482,0.3697,6845,0
JWA,D,20181213,000000,0.33482,0.33482,0.33482,0.33482,4301,0
JWA,D,20181214,000000,0.32087,0.3697,0.3139,0.36272,2453,0
JWA,D,20181217,000000,0.32087,0.32087,0.3139,0.3139,2758,0
JWA,D,20181218,000000,0.33482,0.36272,0.33482,0.36272,3155,0
JWA,D,20181219,000000,0.34877,0.36272,0.34877,0.36272,8028,0
JWA,D,20181220,000000,0.37668,0.37668,0.3418,0.37668,9383,0
JWA,D,20181221,000000,0.39063,0.5162,0.37668,0.46736,224385,0
JWA,D,20181227,000000,0.49526,0.5092,0.41853,0.47433,75804,0
JWA,D,20181228,000000,0.45341,0.46736,0.41853,0.45341,35169,0
JWA,D,20190102,000000,0.38365,0.44643,0.38365,0.44643,10548,0
JWA,D,20190103,000000,0.45341,0.45341,0.41853,0.43946,2583,0
JWA,D,20190104,000000,0.43946,0.48131,0.43946,0.48131,16213,0
JWA,D,20190107,000000,0.48131,0.5441,0.48131,0.48131,119569,0
JWA,D,20190108,000000,0.5022,0.5022,0.43946,0.48131,17332,0
JWA,D,20190109,000000,0.48131,0.48131,0.41853,0.48131,2968,0
JWA,D,20190110,000000,0.46736,0.5022,0.43248,0.47433,28035,0
JWA,D,20190111,000000,0.47433,0.48828,0.47433,0.48828,11472,0
JWA,D,20190114,000000,0.48828,0.5511,0.48828,0.5301,131753,0
JWA,D,20190115,000000,0.5441,0.5929,0.5092,0.565,93020,0
JWA,D,20190116,000000,0.5859,0.6069,0.5441,0.5999,69813,0
JWA,D,20190117,000000,0.5511,0.5511,0.46736,0.5371,38544,0
JWA,D,20190118,000000,0.5232,0.558,0.5022,0.5441,111215,0
JWA,D,20190121,000000,0.5441,0.558,0.44643,0.5092,85057,0
JWA,D,20190122,000000,0.5022,0.5441,0.48828,0.49526,33289,0
JWA,D,20190123,000000,0.5162,0.5441,0.46736,0.5022,5164,0
JWA,D,20190124,000000,0.5441,0.6278,0.5232,0.572,341127,0
JWA,D,20190125,000000,0.5859,0.6278,0.5162,0.5371,195810,0
JWA,D,20190128,000000,0.5371,0.5371,0.48828,0.5162,20409,0
JWA,D,20190129,000000,0.5371,0.5929,0.5092,0.579,52482,0
JWA,D,20190130,000000,0.579,0.579,0.5162,0.558,35467,0
JWA,D,20190131,000000,0.558,0.558,0.5092,0.558,42001,0
JWA,D,20190201,000000,0.558,0.579,0.5162,0.579,6742,0
JWA,D,20190204,000000,0.572,0.5929,0.558,0.579,60733,0
JWA,D,20190205,000000,0.5859,0.6069,0.572,0.5999,72295,0
JWA,D,20190206,000000,0.6069,0.6069,0.5441,0.579,29860,0
JWA,D,20190207,000000,0.565,0.579,0.5371,0.572,11740,0
JWA,D,20190208,000000,0.572,0.579,0.5441,0.579,22975,0
JWA,D,20190211,000000,0.565,0.579,0.5232,0.5301,32393,0
JWA,D,20190212,000000,0.572,0.572,0.5301,0.572,8586,0
JWA,D,20190213,000000,0.572,0.6208,0.572,0.5859,100522,0
JWA,D,20190214,000000,0.6138,0.6208,0.49526,0.5092,222418,0
JWA,D,20190215,000000,0.5092,0.5371,0.5022,0.5301,25277,0
JWA,D,20190218,000000,0.5301,0.5301,0.47433,0.48828,43782,0
JWA,D,20190219,000000,0.48828,0.49526,0.46038,0.48828,35403,0
JWA,D,20190220,000000,0.48828,0.5232,0.46736,0.5162,55881,0
JWA,D,20190221,000000,0.5371,0.5371,0.48828,0.49526,12213,0
JWA,D,20190222,000000,0.5301,0.5301,0.49526,0.5301,7694,0
JWA,D,20190225,000000,0.49526,0.5162,0.48131,0.5092,9106,0
JWA,D,20190226,000000,0.5092,0.5092,0.47433,0.49526,13122,0
JWA,D,20190227,000000,0.5022,0.5022,0.40458,0.40458,211373,0
JWA,D,20190228,000000,0.40458,0.43248,0.34877,0.38365,311477,0
JWA,D,20190301,000000,0.3697,0.46736,0.3697,0.41155,183962,0
JWA,D,20190304,000000,0.43946,0.43946,0.38365,0.41155,67277,0
JWA,D,20190305,000000,0.41434,0.41434,0.36551,0.38365,45575,0
JWA,D,20190306,000000,0.38923,0.41155,0.32157,0.3697,172760,0
JWA,D,20190307,000000,0.35296,0.38784,0.32506,0.3697,75427,0
JWA,D,20190308,000000,0.37668,0.41853,0.36831,0.3976,117916,0
JWA,D,20190311,000000,0.41295,0.4255,0.3976,0.41853,30323,0
JWA,D,20190312,000000,0.41853,0.43108,0.41155,0.4255,58949,0
JWA,D,20190313,000000,0.4255,0.42829,0.37668,0.40458,20794,0
JWA,D,20190314,000000,0.41155,0.41155,0.38365,0.41155,4157,0
JWA,D,20190315,000000,0.40876,0.40876,0.36272,0.39063,57738,0
JWA,D,20190318,000000,0.36412,0.38365,0.35156,0.37668,53958,0
JWA,D,20190319,000000,0.37249,0.37249,0.33622,0.36272,68977,0
JWA,D,20190320,000000,0.36691,0.36691,0.32296,0.32087,73876,0
JWA,D,20190321,000000,0.3418,0.34877,0.32436,0.32785,23644,0
JWA,D,20190322,000000,0.35156,0.35156,0.30692,0.3139,52055,0
JWA,D,20190325,000000,0.30832,0.32506,0.30832,0.3139,15995,0
JWA,D,20190326,000000,0.3125,0.33064,0.31111,0.32785,42155,0
JWA,D,20190327,000000,0.32785,0.3418,0.32785,0.3418,53892,0
JWA,D,20190328,000000,0.34877,0.3697,0.3418,0.3697,14528,0
JWA,D,20190329,000000,0.34877,0.36831,0.32087,0.36272,17711,0
JWA,D,20190401,000000,0.36272,0.36272,0.30134,0.36272,883,0
JWA,D,20190402,000000,0.36272,0.36272,0.24414,0.24414,270568,0
JWA,D,20190403,000000,0.27204,0.27204,0.21763,0.21624,309949,0
JWA,D,20190404,000000,0.23577,0.27762,0.21066,0.24414,253247,0
JWA,D,20190405,000000,0.26228,0.29995,0.23856,0.27902,200346,0
JWA,D,20190408,000000,0.28041,0.30553,0.25949,0.27902,87818,0
JWA,D,20190409,000000,0.25809,0.29297,0.25809,0.27902,29344,0
JWA,D,20190410,000000,0.27902,0.28739,0.26507,0.26507,65423,0
JWA,D,20190411,000000,0.27762,0.27762,0.22322,0.22322,501253,0
JWA,D,20190412,000000,0.22182,0.23577,0.22182,0.23717,24059,0
JWA,D,20190415,000000,0.2288,0.23996,0.21624,0.23717,101152,0
JWA,D,20190416,000000,0.23438,0.23438,0.19531,0.22322,104186,0
JWA,D,20190417,000000,0.21624,0.22601,0.20926,0.20926,2007,0
JWA,D,20190418,000000,0.23159,0.23159,0.21345,0.21624,17058,0
JWA,D,20190423,000000,0.21624,0.22461,0.21345,0.22322,8786,0
JWA,D,20190424,000000,0.21484,0.22461,0.20368,0.22322,49648,0
JWA,D,20190425,000000,0.22322,0.22322,0.20508,0.22322,9092,0
JWA,D,20190426,000000,0.20368,0.20787,0.1981,0.20926,100992,0
JWA,D,20190429,000000,0.20647,0.24135,0.20647,0.23717,82548,0
JWA,D,20190430,000000,0.23577,0.23577,0.23438,0.23717,1577,0
JWA,D,20190502,000000,0.23438,0.23438,0.23438,0.23717,4752,0
JWA,D,20190506,000000,0.20926,0.23298,0.20926,0.23019,19751,0
JWA,D,20190507,000000,0.21205,0.2274,0.17578,0.19531,277107,0
JWA,D,20190508,000000,0.18276,0.20229,0.18276,0.19531,48758,0
JWA,D,20190509,000000,0.19113,0.19531,0.18973,0.18834,12882,0
JWA,D,20190510,000000,0.20229,0.20647,0.18694,0.20229,52634,0
JWA,D,20190513,000000,0.20508,0.20647,0.19113,0.20926,16202,0
JWA,D,20190514,000000,0.18973,0.19531,0.17578,0.19531,60535,0
JWA,D,20190515,000000,0.18834,0.2567,0.18276,0.23717,248286,0
JWA,D,20190516,000000,0.2553,0.2553,0.22043,0.23019,81627,0
JWA,D,20190517,000000,0.21763,0.2274,0.20926,0.20926,96316,0
JWA,D,20190520,000000,0.21066,0.21345,0.19671,0.21624,68787,0
JWA,D,20190521,000000,0.21624,0.22461,0.20647,0.22322,65008,0
JWA,D,20190522,000000,0.22461,0.23856,0.21624,0.23717,53659,0
JWA,D,20190523,000000,0.23717,0.23717,0.22601,0.23717,5370,0
JWA,D,20190524,000000,0.22461,0.23577,0.22461,0.22322,22513,0
JWA,D,20190527,000000,0.22461,0.22461,0.22461,0.22322,12687,0
JWA,D,20190528,000000,0.22461,0.23298,0.21903,0.23019,11076,0
JWA,D,20190529,000000,0.23298,0.24972,0.23019,0.25112,46970,0
JWA,D,20190530,000000,0.24833,0.24833,0.23019,0.24414,31337,0
JWA,D,20190603,000000,0.23717,0.24693,0.23717,0.24414,4109,0
JWA,D,20190604,000000,0.24554,0.27902,0.24414,0.27204,79243,0
JWA,D,20190605,000000,0.25112,0.27902,0.25112,0.25112,26476,0
JWA,D,20190606,000000,0.25391,0.26228,0.24693,0.26507,53205,0
JWA,D,20190607,000000,0.25251,0.25949,0.24414,0.24414,159325,0
JWA,D,20190610,000000,0.24693,0.24693,0.23717,0.24414,69151,0
JWA,D,20190611,000000,0.23577,0.24693,0.23577,0.24414,48034,0
JWA,D,20190612,000000,0.23438,0.24833,0.23438,0.24414,11440,0
JWA,D,20190613,000000,0.23577,0.23577,0.23577,0.23717,5018,0
JWA,D,20190614,000000,0.24972,0.2553,0.23438,0.23717,14925,0
JWA,D,20190617,000000,0.23577,0.23577,0.23577,0.23717,12062,0
JWA,D,20190618,000000,0.23717,0.23717,0.23577,0.23717,7168,0
JWA,D,20190619,000000,0.23717,0.2567,0.23717,0.25809,11555,0
JWA,D,20190621,000000,0.24414,0.25391,0.24414,0.25112,19200,0
JWA,D,20190624,000000,0.2553,0.26507,0.25391,0.26507,18214,0
JWA,D,20190626,000000,0.24414,0.25809,0.24414,0.25809,8938,0
JWA,D,20190627,000000,0.26228,0.26507,0.26228,0.26507,26230,0
JWA,D,20190628,000000,0.23019,0.24414,0.23019,0.24414,222680,0
JWA,D,20190701,000000,0.25949,0.25949,0.23019,0.23019,41683,0
JWA,D,20190702,000000,0.23019,0.2553,0.23019,0.25809,26536,0
JWA,D,20190703,000000,0.22601,0.24414,0.22601,0.24414,10179,0
JWA,D,20190704,000000,0.2288,0.24275,0.22461,0.23019,79574,0
JWA,D,20190705,000000,0.24972,0.29716,0.24972,0.29297,140390,0
JWA,D,20190708,000000,0.29018,0.29018,0.27902,0.27902,7017,0
JWA,D,20190709,000000,0.29018,0.29157,0.29018,0.29297,371,0
JWA,D,20190710,000000,0.28739,0.28739,0.2846,0.28599,6,0
JWA,D,20190711,000000,0.29018,0.29018,0.28599,0.29297,22595,0
JWA,D,20190712,000000,0.26507,0.26507,0.23717,0.26507,118571,0
JWA,D,20190716,000000,0.24414,0.26088,0.24414,0.25809,73,0
JWA,D,20190717,000000,0.24414,0.24414,0.24414,0.24414,1432,0
JWA,D,20190718,000000,0.25949,0.25949,0.25949,0.25809,72,0
JWA,D,20190722,000000,0.23298,0.25809,0.23298,0.25809,229,0
JWA,D,20190724,000000,0.24414,0.25809,0.24414,0.25809,281,0
JWA,D,20190725,000000,0.25809,0.26228,0.25809,0.26228,3931,0
JWA,D,20190726,000000,0.2567,0.2567,0.2567,0.2567,1666,0
JWA,D,20190729,000000,0.2567,0.2567,0.2567,0.2567,717,0
JWA,D,20190730,000000,0.2567,0.25809,0.2567,0.25809,2170,0
JWA,D,20190731,000000,0.2567,0.25809,0.2567,0.25809,4481,0
JWA,D,20190806,000000,0.24414,0.24972,0.23159,0.24972,14408,0
JWA,D,20190807,000000,0.23159,0.23159,0.23159,0.23159,16241,0
JWA,D,20190808,000000,0.23159,0.25112,0.23159,0.25112,18566,0
JWA,D,20190809,000000,0.23019,0.23717,0.23019,0.23717,3039,0
JWA,D,20190813,000000,0.22601,0.23717,0.22601,0.23717,15848,0
JWA,D,20190816,000000,0.22322,0.22322,0.19671,0.20926,59461,0
JWA,D,20190819,000000,0.18415,0.18415,0.17718,0.17718,44324,0
JWA,D,20190820,000000,0.17857,0.17857,0.17857,0.17857,1593,0
JWA,D,20190821,000000,0.17857,0.17857,0.17857,0.17857,28672,0
JWA,D,20190823,000000,0.19531,0.19531,0.18694,0.18694,5992,0
JWA,D,20190827,000000,0.18694,0.18694,0.17439,0.17439,26817,0
JWA,D,20190828,000000,0.17439,0.17439,0.1702,0.1702,30316,0
JWA,D,20190829,000000,0.18415,0.18415,0.18415,0.18415,14,0
JWA,D,20190830,000000,0.18415,0.18415,0.18415,0.18415,72,0
JWA,D,20190910,000000,0.16183,0.18694,0.15765,0.18694,35940,0
JWA,D,20190913,000000,0.16881,0.16881,0.16741,0.16741,2150,0
JWA,D,20190916,000000,0.1716,0.1716,0.1716,0.1716,20070,0
JWA,D,20190917,000000,0.17299,0.17299,0.1716,0.1716,14336,0
JWA,D,20190920,000000,0.18415,0.18415,0.18415,0.18415,5562,0
JWA,D,20190923,000000,0.18415,0.18415,0.18415,0.18415,143,0
JWA,D,20190926,000000,0.18555,0.19671,0.17997,0.19671,16978,0
JWA,D,20190930,000000,0.19671,0.19671,0.19671,0.19671,932,0
JWA,D,20191001,000000,0.17578,0.17718,0.17439,0.17578,18016,0
JWA,D,20191003,000000,0.19671,0.19671,0.19671,0.19671,1,0
JWA,D,20191004,000000,0.1716,0.19531,0.16462,0.18834,422198,0
JWA,D,20191007,000000,0.17439,0.17439,0.1702,0.1702,15975,0
JWA,D,20191008,000000,0.18834,0.19392,0.18834,0.19392,16409,0
JWA,D,20191009,000000,0.19531,0.21624,0.19531,0.21205,34061,0
JWA,D,20191011,000000,0.20926,0.21624,0.20926,0.21624,5300,0
JWA,D,20191014,000000,0.20926,0.20926,0.20926,0.20926,35840,0
JWA,D,20191015,000000,0.21903,0.21903,0.21903,0.21903,1593,0
JWA,D,20191016,000000,0.19531,0.22182,0.19531,0.22182,11480,0
JWA,D,20191017,000000,0.22182,0.22182,0.22182,0.22182,2150,0
JWA,D,20191018,000000,0.22182,0.2288,0.22182,0.2288,10133,0
JWA,D,20191022,000000,0.20229,0.20229,0.20229,0.20229,470,0
JWA,D,20191023,000000,0.20508,0.21345,0.20508,0.20926,30612,0
JWA,D,20191024,000000,0.2274,0.2274,0.2274,0.2274,2229,0
JWA,D,20191028,000000,0.20229,0.22182,0.19531,0.22182,7197,0
JWA,D,20191029,000000,0.18973,0.21345,0.18276,0.21345,27753,0
JWA,D,20191030,000000,0.19113,0.19113,0.19113,0.19113,1,0
JWA,D,20191031,000000,0.21345,0.21345,0.21345,0.21345,2337,0
JWA,D,20191104,000000,0.21484,0.2288,0.20368,0.20368,61050,0
JWA,D,20191106,000000,0.21484,0.22322,0.20229,0.21763,17918,0
JWA,D,20191107,000000,0.19392,0.21484,0.19392,0.21484,3584,0
JWA,D,20191108,000000,0.19531,0.21484,0.19531,0.21484,2869,0
JWA,D,20191112,000000,0.21484,0.21484,0.21484,0.21484,4364,0
JWA,D,20191115,000000,0.19392,0.19392,0.15625,0.15625,220399,0
JWA,D,20191120,000000,0.1702,0.18555,0.15346,0.16741,84608,0
JWA,D,20191121,000000,0.17997,0.18136,0.17439,0.17439,12988,0
JWA,D,20191122,000000,0.16183,0.18136,0.16044,0.16741,45947,0
JWA,D,20191125,000000,0.17439,0.17439,0.17439,0.17439,287,0
JWA,D,20191126,000000,0.15765,0.15765,0.15346,0.15346,35913,0
JWA,D,20191127,000000,0.14788,0.16462,0.13393,0.16323,311420,0
JWA,D,20191129,000000,0.14649,0.16183,0.14369,0.16183,35836,0
JWA,D,20191202,000000,0.16183,0.17299,0.14928,0.16741,45157,0
JWA,D,20191203,000000,0.16741,0.16881,0.16741,0.16881,9376,0
JWA,D,20191205,000000,0.16741,0.20089,0.16462,0.1981,204851,0
JWA,D,20191206,000000,0.1981,0.21763,0.18136,0.19531,89349,0
JWA,D,20191209,000000,0.18136,0.21205,0.18136,0.19531,22179,0
JWA,D,20191210,000000,0.20229,0.21205,0.17439,0.17439,47700,0
JWA,D,20191211,000000,0.18136,0.20787,0.18136,0.20508,14041,0
JWA,D,20191217,000000,0.17439,0.18415,0.16323,0.18415,31109,0
JWA,D,20191218,000000,0.1716,0.18415,0.16183,0.18415,6318,0
JWA,D,20191219,000000,0.18276,0.2288,0.18276,0.22601,78184,0
JWA,D,20191220,000000,0.20229,0.20229,0.18834,0.20229,25980,0
JWA,D,20191223,000000,0.22601,0.22601,0.1981,0.22322,28174,0
JWA,D,20191227,000000,0.22601,0.27065,0.21624,0.26228,115684,0
JWA,D,20191230,000000,0.25809,0.25809,0.23856,0.25809,53231,0
JWA,D,20200102,000000,0.29995,0.29995,0.24414,0.2567,83346,0
JWA,D,20200103,000000,0.25809,0.27902,0.24414,0.27204,49265,0
JWA,D,20200107,000000,0.27204,0.27204,0.23577,0.2567,5360,0
JWA,D,20200108,000000,0.23159,0.23159,0.21624,0.2288,101172,0
JWA,D,20200109,000000,0.20368,0.23159,0.20368,0.23159,16731,0
JWA,D,20200110,000000,0.24414,0.26786,0.22601,0.26228,257532,0
JWA,D,20200113,000000,0.2567,0.26507,0.23159,0.24414,87314,0
JWA,D,20200114,000000,0.2553,0.26088,0.24414,0.25809,42796,0
JWA,D,20200115,000000,0.24554,0.2553,0.23856,0.23856,27212,0
JWA,D,20200116,000000,0.23856,0.23856,0.20926,0.21903,208576,0
JWA,D,20200117,000000,0.20508,0.23159,0.20229,0.22043,94902,0
JWA,D,20200120,000000,0.24414,0.25809,0.23577,0.24275,343472,0
JWA,D,20200121,000000,0.24275,0.24414,0.22322,0.24414,61429,0
JWA,D,20200122,000000,0.22461,0.23159,0.21763,0.21763,66183,0
JWA,D,20200123,000000,0.23159,0.24135,0.20508,0.21484,136666,0
JWA,D,20200124,000000,0.20368,0.21624,0.20368,0.21484,59749,0
JWA,D,20200127,000000,0.21345,0.21345,0.21066,0.21205,8807,0
JWA,D,20200128,000000,0.21205,0.21624,0.20926,0.21484,30427,0
JWA,D,20200129,000000,0.20926,0.21205,0.19531,0.19531,64426,0
JWA,D,20200130,000000,0.21484,0.21484,0.21484,0.21484,3,0
JWA,D,20200203,000000,0.19671,0.21624,0.16741,0.20787,311129,0
JWA,D,20200204,000000,0.20787,0.20787,0.19392,0.20508,57139,0
JWA,D,20200205,000000,0.1995,0.20368,0.1981,0.1981,37539,0
JWA,D,20200206,000000,0.20368,0.20508,0.19531,0.19531,23310,0
JWA,D,20200207,000000,0.19113,0.20089,0.18694,0.20089,78541,0
JWA,D,20200210,000000,0.18136,0.19531,0.16741,0.19531,187137,0
JWA,D,20200211,000000,0.18834,0.20508,0.18415,0.19113,221033,0
JWA,D,20200212,000000,0.19531,0.19531,0.18136,0.19531,9945,0
JWA,D,20200213,000000,0.18555,0.18555,0.18555,0.18555,22436,0
JWA,D,20200214,000000,0.17857,0.19252,0.17718,0.19252,23610,0
JWA,D,20200217,000000,0.1995,0.21624,0.18276,0.20229,94435,0
JWA,D,20200218,000000,0.18834,0.18834,0.18834,0.18834,2724,0
JWA,D,20200219,000000,0.18834,0.19531,0.18555,0.18834,16493,0
JWA,D,20200220,000000,0.18834,0.18973,0.18834,0.18834,995,0
JWA,D,20200221,000000,0.18834,0.20508,0.18834,0.20508,44598,0
JWA,D,20200224,000000,0.20368,0.20368,0.20089,0.20229,15053,0
JWA,D,20200225,000000,0.19531,0.21205,0.17439,0.20787,396476,0
JWA,D,20200226,000000,0.18834,0.20508,0.18834,0.19531,101114,0
JWA,D,20200227,000000,0.19531,0.22182,0.19531,0.19671,71489,0
JWA,D,20200228,000000,0.19531,0.20508,0.17857,0.20508,62092,0
JWA,D,20200302,000000,0.21205,0.21205,0.18834,0.20926,66532,0
JWA,D,20200303,000000,0.20926,0.20926,0.20926,0.20926,502,0
JWA,D,20200304,000000,0.20647,0.20647,0.18136,0.18136,1505,0
JWA,D,20200305,000000,0.18276,0.20508,0.18136,0.20508,129955,0
JWA,D,20200306,000000,0.17997,0.17997,0.14509,0.17997,279491,0
JWA,D,20200309,000000,0.16462,0.16462,0.12835,0.12835,49895,0
JWA,D,20200310,000000,0.13253,0.15207,0.11231,0.15207,25974,0
JWA,D,20200311,000000,0.10742,0.12207,0.10742,0.12207,23401,0
JWA,D,20200312,000000,0.12207,0.12207,0.10463,0.10463,44695,0
JWA,D,20200313,000000,0.12207,0.13393,0.10603,0.12556,72762,0
JWA,D,20200316,000000,0.09835,0.1144,0.09626,0.1144,104295,0
JWA,D,20200317,000000,0.1144,0.12416,0.1144,0.12416,47915,0
JWA,D,20200318,000000,0.13114,0.13114,0.13114,0.13114,54125,0
JWA,D,20200319,000000,0.13253,0.13253,0.13253,0.13253,189,0
JWA,D,20200320,000000,0.10672,0.12556,0.10672,0.12207,67207,0
JWA,D,20200323,000000,0.10463,0.11161,0.10463,0.10463,189035,0
JWA,D,20200324,000000,0.11161,0.11161,0.10463,0.10463,432,0
JWA,D,20200325,000000,0.09766,0.10463,0.08859,0.10463,209500,0
JWA,D,20200326,000000,0.10812,0.12556,0.10812,0.12556,8990,0
JWA,D,20200327,000000,0.12556,0.15067,0.10533,0.15067,236170,0
JWA,D,20200330,000000,0.15067,0.17997,0.15067,0.16602,127021,0
JWA,D,20200331,000000,0.14509,0.15904,0.14509,0.15904,556,0
JWA,D,20200401,000000,0.14509,0.15904,0.14509,0.15137,4745,0
JWA,D,20200402,000000,0.15276,0.15276,0.15276,0.15276,1,0
JWA,D,20200403,000000,0.15765,0.15765,0.15765,0.15765,32973,0
JWA,D,20200406,000000,0.128,0.15276,0.128,0.15207,10954,0
JWA,D,20200407,000000,0.13288,0.13951,0.11649,0.13951,74924,0
JWA,D,20200409,000000,0.14858,0.15207,0.1409,0.1409,22579,0
JWA,D,20200414,000000,0.13253,0.18136,0.13253,0.13602,534900,0
JWA,D,20200415,000000,0.13951,0.16741,0.13881,0.15346,341119,0
JWA,D,20200416,000000,0.17439,0.22322,0.16044,0.18764,1202273,0
JWA,D,20200417,000000,0.18764,0.20926,0.15346,0.18764,571673,0
JWA,D,20200420,000000,0.20438,0.20438,0.16881,0.18276,204237,0
JWA,D,20200421,000000,0.17787,0.19462,0.1709,0.18415,246344,0
JWA,D,20200422,000000,0.18346,0.18346,0.16044,0.17439,49198,0
JWA,D,20200423,000000,0.16741,0.17648,0.16044,0.17299,13264,0
JWA,D,20200424,000000,0.17439,0.17439,0.14649,0.17229,40214,0
JWA,D,20200427,000000,0.14649,0.16741,0.14649,0.16044,67775,0
JWA,D,20200428,000000,0.13951,0.15904,0.13951,0.15904,80425,0
JWA,D,20200429,000000,0.14649,0.15346,0.13951,0.14997,23380,0
JWA,D,20200430,000000,0.14579,0.16532,0.13951,0.16532,92170,0
JWA,D,20200504,000000,0.15346,0.15695,0.15346,0.15695,7308,0
JWA,D,20200505,000000,0.13567,0.15695,0.13253,0.15695,95232,0
JWA,D,20200506,000000,0.16671,0.1995,0.15346,0.17439,324019,0
JWA,D,20200507,000000,0.18485,0.22182,0.18485,0.20647,270449,0
JWA,D,20200508,000000,0.20857,0.20857,0.17578,0.19671,63270,0
JWA,D,20200511,000000,0.17439,0.19531,0.17439,0.19113,19561,0
JWA,D,20200512,000000,0.18834,0.19531,0.18834,0.19531,12759,0
JWA,D,20200513,000000,0.17578,0.19183,0.14788,0.17718,163005,0
JWA,D,20200514,000000,0.16253,0.17648,0.14928,0.17369,156103,0
JWA,D,20200515,000000,0.16741,0.17369,0.16113,0.17369,23554,0
JWA,D,20200518,000000,0.16741,0.18066,0.16323,0.1709,309111,0
JWA,D,20200519,000000,0.1716,0.1716,0.15555,0.16671,21791,0
JWA,D,20200520,000000,0.18066,0.18764,0.16183,0.18764,50802,0
JWA,D,20200521,000000,0.18694,0.18764,0.18694,0.18764,52662,0
JWA,D,20200522,000000,0.18834,0.20089,0.18834,0.20089,22536,0
JWA,D,20200525,000000,0.20089,0.22949,0.18834,0.2288,233948,0
JWA,D,20200526,000000,0.23019,0.23019,0.18415,0.18834,83923,0
JWA,D,20200527,000000,0.20926,0.20926,0.17439,0.18973,104819,0
JWA,D,20200528,000000,0.18834,0.19113,0.15346,0.16671,253221,0
JWA,D,20200529,000000,0.15416,0.17299,0.15346,0.17229,95638,0
JWA,D,20200601,000000,0.1709,0.1709,0.1709,0.1709,7168,0
JWA,D,20200602,000000,0.16044,0.19043,0.16044,0.18555,522931,0
JWA,D,20200603,000000,0.18973,0.20647,0.17508,0.20229,86711,0
JWA,D,20200604,000000,0.20229,0.20647,0.17508,0.20578,117053,0
JWA,D,20200605,000000,0.18136,0.20647,0.18136,0.19252,108524,0
JWA,D,20200608,000000,0.20578,0.22322,0.18276,0.20926,121488,0
JWA,D,20200609,000000,0.19183,0.26507,0.18136,0.25112,312720,0
JWA,D,20200610,000000,0.21345,0.30692,0.21345,0.30413,281198,0
JWA,D,20200612,000000,0.30692,0.41853,0.30692,0.37807,342762,0
JWA,D,20200615,000000,0.3976,0.5371,0.3976,0.5301,283731,0
JWA,D,20200616,000000,0.5441,0.5999,0.5092,0.5706,438311,0
JWA,D,20200617,000000,0.558,0.7394,0.558,0.6766,1189001,0
JWA,D,20200618,000000,0.7324,0.7464,0.5859,0.6348,319931,0
JWA,D,20200619,000000,0.625,0.7673,0.565,0.7603,775342,0
JWA,D,20200622,000000,0.7673,0.8161,0.7324,0.7324,265701,0
JWA,D,20200623,000000,0.7534,0.8336,0.7499,0.8057,205107,0
JWA,D,20200624,000000,0.8092,0.9382,0.8092,0.8998,326458,0
JWA,D,20200625,000000,0.9138,0.9138,0.865,0.9068,123683,0
JWA,D,20200626,000000,0.8998,0.8998,0.7847,0.8092,35803,0
JWA,D,20200629,000000,0.7917,0.8022,0.7464,0.7847,73692,0
JWA,D,20200630,000000,0.9556,0.9556,0.7882,0.8266,830745,0
JWA,D,20200703,000000,0.8719,0.8719,0.7394,0.7464,249675,0
JWA,D,20200706,000000,0.7534,0.7673,0.6278,0.6515,646337,0
JWA,D,20200707,000000,0.5929,0.6613,0.579,0.6543,311582,0
JWA,D,20200708,000000,0.6599,0.8719,0.6543,0.8336,721518,0
JWA,D,20200709,000000,0.8405,1.008,0.7324,0.9347,781803,0
JWA,D,20200710,000000,0.9661,1.0045,0.8092,0.9138,339329,0
JWA,D,20200713,000000,0.9138,0.9138,0.8161,0.8719,288099,0
JWA,D,20200714,000000,0.8371,0.865,0.7882,0.8371,146877,0
JWA,D,20200715,000000,0.8092,0.9556,0.7813,0.9208,557307,0
JWA,D,20200716,000000,0.9277,0.9382,0.8475,0.8894,66656,0
JWA,D,20200717,000000,0.851,0.9347,0.7882,0.8789,74121,0
JWA,D,20200720,000000,0.8092,0.8754,0.715,0.7603,498430,0
JWA,D,20200721,000000,0.7568,0.7568,0.6975,0.7359,167074,0
JWA,D,20200722,000000,0.715,0.7324,0.6975,0.7254,48980,0
JWA,D,20200723,000000,0.7638,0.7813,0.7254,0.7813,142459,0
JWA,D,20200724,000000,0.7673,0.8929,0.7534,0.8161,83541,0
JWA,D,20200727,000000,0.8161,0.8161,0.6571,0.7115,450368,0
JWA,D,20200728,000000,0.6417,0.6417,0.572,0.5999,573697,0
JWA,D,20200729,000000,0.572,0.5859,0.5022,0.558,233567,0
JWA,D,20200730,000000,0.5441,0.558,0.38365,0.41853,189048,0
JWA,D,20200731,000000,0.41853,0.5022,0.39063,0.46038,192304,0
JWA,D,20200803,000000,0.49526,0.5162,0.48828,0.5162,50054,0
JWA,D,20200804,000000,0.5162,0.5971,0.47433,0.5887,157899,0
JWA,D,20200805,000000,0.5929,0.5929,0.5232,0.5232,40916,0
JWA,D,20200806,000000,0.5232,0.5232,0.47433,0.512,132990,0
JWA,D,20200807,000000,0.62,0.65,0.586,0.65,53393,0
JWA,D,20200810,000000,0.666,0.666,0.572,0.572,55268,0
JWA,D,20200811,000000,0.572,0.614,0.55,0.552,10645,0
JWA,D,20200812,000000,0.552,0.6,0.55,0.6,13589,0
JWA,D,20200813,000000,0.598,0.598,0.51,0.53,19954,0
JWA,D,20200814,000000,0.54,0.566,0.512,0.564,20393,0
JWA,D,20200817,000000,0.53,0.53,0.53,0.53,1887,0
JWA,D,20200818,000000,0.55,0.57,0.54,0.56,3977,0
JWA,D,20200819,000000,0.568,0.568,0.5,0.51,64884,0
JWA,D,20200820,000000,0.55,0.648,0.55,0.648,15775,0
JWA,D,20200821,000000,0.616,0.616,0.56,0.56,13379,0
JWA,D,20200824,000000,0.61,0.61,0.52,0.522,7064,0
JWA,D,20200825,000000,0.526,0.56,0.5,0.54,44382,0
JWA,D,20200826,000000,0.53,0.56,0.47,0.56,64448,0
JWA,D,20200827,000000,0.574,0.822,0.56,0.736,347421,0
JWA,D,20200828,000000,0.71,0.71,0.65,0.69,37967,0
JWA,D,20200831,000000,0.632,0.67,0.59,0.63,70031,0
JWA,D,20200901,000000,0.57,0.624,0.56,0.616,7706,0
JWA,D,20200902,000000,0.57,0.616,0.526,0.616,8427,0
JWA,D,20200903,000000,0.58,0.696,0.57,0.65,52043,0
JWA,D,20200904,000000,0.642,0.77,0.642,0.7,33519,0
JWA,D,20200907,000000,0.7,0.786,0.658,0.658,21760,0
JWA,D,20200908,000000,0.668,0.68,0.542,0.6,43755,0
JWA,D,20200909,000000,0.62,0.68,0.62,0.67,6758,0
JWA,D,20200910,000000,0.672,0.678,0.538,0.66,42791,0
JWA,D,20200911,000000,0.66,0.66,0.602,0.66,3105,0
JWA,D,20200914,000000,0.66,0.672,0.6,0.67,11798,0
JWA,D,20200915,000000,0.65,0.77,0.62,0.75,91558,0
JWA,D,20200916,000000,0.76,0.76,0.68,0.738,6435,0
JWA,D,20200917,000000,0.67,0.738,0.582,0.73,35700,0
JWA,D,20200918,000000,0.66,0.734,0.64,0.72,26590,0
JWA,D,20200921,000000,0.66,0.722,0.66,0.72,22108,0
JWA,D,20200922,000000,0.67,0.72,0.66,0.72,18023,0
JWA,D,20200923,000000,0.722,0.722,0.7,0.7,369,0
JWA,D,20200924,000000,0.67,0.73,0.67,0.73,2137,0
JWA,D,20200925,000000,0.67,0.69,0.67,0.69,1497,0
JWA,D,20200928,000000,0.66,0.688,0.66,0.66,379,0
JWA,D,20200929,000000,0.66,0.81,0.66,0.738,351446,0
JWA,D,20200930,000000,0.738,0.75,0.62,0.738,151662,0
JWA,D,20201001,000000,0.738,0.738,0.68,0.726,13275,0
JWA,D,20201002,000000,0.69,0.74,0.69,0.74,202213,0
JWA,D,20201005,000000,0.73,0.73,0.62,0.666,196407,0
JWA,D,20201006,000000,0.66,0.66,0.62,0.648,35095,0
JWA,D,20201007,000000,0.65,0.656,0.6,0.656,16369,0
JWA,D,20201008,000000,0.61,0.668,0.592,0.65,25924,0
JWA,D,20201009,000000,0.64,0.698,0.59,0.63,209445,0
JWA,D,20201012,000000,0.61,0.67,0.568,0.638,79602,0
JWA,D,20201013,000000,0.638,0.67,0.592,0.592,107400,0
JWA,D,20201014,000000,0.592,0.626,0.592,0.592,45209,0
JWA,D,20201015,000000,0.562,0.6,0.544,0.6,33270,0
JWA,D,20201016,000000,0.53,0.596,0.53,0.59,50797,0
