<TICKER>,<PER>,<DATE>,<TIME>,<OPEN>,<HIGH>,<LOW>,<CLOSE>,<VOL>,<OPENINT>
MCE,D,20101025,000000,2.9,3.45,2.61,2.88,85254,0
MCE,D,20101026,000000,2.88,4,2.85,4,77700,0
MCE,D,20101027,000000,3.99,4.5,3.2,3.85,50409,0
MCE,D,20101028,000000,3.85,3.85,3.18,3.3,32013,0
MCE,D,20101029,000000,3.24,3.24,2.9,3.15,24605,0
MCE,D,20101102,000000,3.22,3.42,3,3.35,10479,0
MCE,D,20101103,000000,3.44,3.44,3.01,3.19,6659,0
MCE,D,20101104,000000,3.18,3.18,2.95,3.03,5526,0
MCE,D,20101105,000000,3.1,3.1,2.9,3.07,4230,0
MCE,D,20101108,000000,3.07,3.07,2.8,2.99,2265,0
MCE,D,20101109,000000,2.84,3.27,2.8,3.22,11649,0
MCE,D,20101110,000000,3.19,3.2,2.95,3.2,4111,0
MCE,D,20101112,000000,3.14,3.17,2.9,3.12,4386,0
MCE,D,20101115,000000,3.01,3.1,2.92,3.08,1206,0
MCE,D,20101116,000000,2.91,2.91,2.8,2.9,8484,0
MCE,D,20101117,000000,2.97,2.97,2.93,2.94,1100,0
MCE,D,20101118,000000,3,4.22,2.9,4.22,89290,0
MCE,D,20101119,000000,6.41,6.41,5.45,6.41,70279,0
MCE,D,20101122,000000,6,6.39,5.1,5.4,47499,0
MCE,D,20101123,000000,5.3,5.33,4.24,4.55,43505,0
MCE,D,20101124,000000,4.75,5.46,4.47,5.38,29474,0
MCE,D,20101125,000000,5.25,5.65,5,5.1,7994,0
MCE,D,20101126,000000,5.43,7.81,5,6.98,62918,0
MCE,D,20101129,000000,7.15,7.37,6.12,6.29,16128,0
MCE,D,20101130,000000,6.68,8.01,5.7,7.15,27022,0
MCE,D,20101201,000000,7.39,8.2,7,7.04,22798,0
MCE,D,20101202,000000,7,7.8,6.5,7.67,20946,0
MCE,D,20101203,000000,7.8,9.3,7.31,9.3,34237,0
MCE,D,20101206,000000,9.4,11,8.5,8.91,46518,0
MCE,D,20101207,000000,8.49,8.99,7.5,7.7,54070,0
MCE,D,20101208,000000,7.7,8.29,6.72,7.21,78289,0
MCE,D,20101209,000000,7.4,7.58,6.71,7.05,24576,0
MCE,D,20101210,000000,6.9,6.99,6.08,6.29,19431,0
MCE,D,20101213,000000,6.35,6.7,5.65,6.69,29852,0
MCE,D,20101214,000000,6.75,7.63,6.75,7.2,22927,0
MCE,D,20101215,000000,7.23,7.58,6.5,6.8,19234,0
MCE,D,20101216,000000,6.8,6.98,6.02,6.45,3135,0
MCE,D,20101217,000000,6.74,6.74,6.14,6.35,3863,0
MCE,D,20101220,000000,6,6.2,5.8,6.09,5756,0
MCE,D,20101221,000000,6.05,6.05,5.2,5.78,13049,0
MCE,D,20101222,000000,5.5,5.65,5.2,5.24,19431,0
MCE,D,20101223,000000,5.24,5.92,5.01,5.65,10982,0
MCE,D,20101227,000000,5.65,5.65,5.12,5.49,2904,0
MCE,D,20101228,000000,5.1,5.23,4.91,4.91,7178,0
MCE,D,20101229,000000,4.9,5,4.38,4.98,10797,0
MCE,D,20101230,000000,4.64,5.09,4.64,4.85,1562,0
MCE,D,20101231,000000,4.8,5.6,4.71,5.55,19526,0
MCE,D,20110103,000000,5.31,5.59,5.13,5.59,1498,0
MCE,D,20110104,000000,5.55,5.85,5.2,5.44,4252,0
MCE,D,20110105,000000,5.12,5.46,4.62,5.2,4852,0
MCE,D,20110107,000000,4.75,5.17,4.54,4.94,7482,0
MCE,D,20110110,000000,4.71,4.9,4.1,4.39,5042,0
MCE,D,20110111,000000,4.6,4.6,4.07,4.12,930,0
MCE,D,20110112,000000,4.5,4.5,4.15,4.33,3921,0
MCE,D,20110113,000000,4.43,4.43,4.15,4.39,233,0
MCE,D,20110114,000000,4.15,4.7,4.05,4.6,3965,0
MCE,D,20110117,000000,4.7,4.9,4.22,4.72,1690,0
MCE,D,20110118,000000,4.27,4.59,4.27,4.3,735,0
MCE,D,20110119,000000,4.78,4.78,4.3,4.3,414,0
MCE,D,20110120,000000,4,4.52,4,4.15,1086,0
MCE,D,20110121,000000,4.12,5.72,4.11,5.15,45939,0
MCE,D,20110124,000000,5.46,5.69,4.91,5.25,14536,0
MCE,D,20110125,000000,5.05,5.24,4.71,4.99,2659,0
MCE,D,20110126,000000,4.75,4.99,4.52,4.87,1839,0
MCE,D,20110127,000000,4.46,4.7,4.38,4.5,3481,0
MCE,D,20110128,000000,4.5,4.86,4.5,4.85,1630,0
MCE,D,20110131,000000,4.52,4.53,4.1,4.32,4870,0
MCE,D,20110201,000000,4.5,4.73,4.34,4.34,4779,0
MCE,D,20110202,000000,4.34,4.59,4.34,4.58,1446,0
MCE,D,20110203,000000,4.31,4.6,4.31,4.49,1926,0
MCE,D,20110204,000000,4.36,4.45,4.28,4.45,3109,0
MCE,D,20110207,000000,4.5,4.55,4.4,4.55,2813,0
MCE,D,20110208,000000,4.3,5.25,4.3,4.98,12171,0
MCE,D,20110209,000000,5.08,5.95,4.79,5.14,24764,0
MCE,D,20110210,000000,4.76,5.29,4.7,4.7,2272,0
MCE,D,20110211,000000,4.72,5.1,4.7,5,3417,0
MCE,D,20110214,000000,5.05,5.05,4.1,4.69,6743,0
MCE,D,20110215,000000,4.55,4.55,4.21,4.3,7205,0
MCE,D,20110216,000000,4.29,4.45,4.2,4.42,5574,0
MCE,D,20110217,000000,4.43,4.47,4.24,4.47,1389,0
MCE,D,20110218,000000,4.52,4.52,4.51,4.51,2,0
MCE,D,20110221,000000,4.24,4.24,4.23,4.23,140,0
MCE,D,20110222,000000,4.23,4.4,4.2,4.4,870,0
MCE,D,20110223,000000,4.4,4.4,4.12,4.12,163,0
MCE,D,20110224,000000,4.11,4.11,4,4.1,2340,0
MCE,D,20110225,000000,4.27,4.42,4.27,4.42,303,0
MCE,D,20110228,000000,4.4,4.4,4.07,4.07,245,0
MCE,D,20110301,000000,4.1,4.15,4,4.01,1400,0
MCE,D,20110302,000000,4,4.01,3.9,3.9,1200,0
MCE,D,20110303,000000,4,4,3.9,4,420,0
MCE,D,20110304,000000,4.02,4.02,4,4,270,0
MCE,D,20110307,000000,4.12,4.38,3.85,4.38,1470,0
MCE,D,20110309,000000,4.37,4.37,4.02,4.02,24,0
MCE,D,20110310,000000,4.3,4.3,4.02,4.02,327,0
MCE,D,20110311,000000,4.01,4.01,4.01,4.01,30,0
MCE,D,20110314,000000,4.27,4.27,3.85,3.85,226,0
MCE,D,20110315,000000,3.85,4,3.8,3.8,832,0
MCE,D,20110316,000000,4,4,3.71,3.71,364,0
MCE,D,20110317,000000,3.6,3.6,3.3,3.58,2207,0
MCE,D,20110318,000000,3.55,3.55,3.54,3.54,202,0
MCE,D,20110321,000000,3.3,3.59,3.06,3.39,3611,0
MCE,D,20110322,000000,3.2,3.2,3.15,3.15,3989,0
MCE,D,20110323,000000,3.4,3.4,3.05,3.38,2531,0
MCE,D,20110324,000000,3.38,3.38,3.38,3.38,197,0
MCE,D,20110325,000000,3.29,3.58,3.15,3.58,4056,0
MCE,D,20110328,000000,3.5,3.5,3.5,3.5,140,0
MCE,D,20110329,000000,3.5,3.5,3.5,3.5,2,0
MCE,D,20110330,000000,3.21,3.21,3.15,3.15,200,0
MCE,D,20110331,000000,3.22,3.22,3.21,3.21,240,0
MCE,D,20110401,000000,3.2,3.5,3.2,3.5,1069,0
MCE,D,20110404,000000,3.42,3.47,3.42,3.47,150,0
MCE,D,20110405,000000,3.27,3.44,3.2,3.44,511,0
MCE,D,20110406,000000,3.15,3.2,3.1,3.2,1300,0
MCE,D,20110407,000000,3.05,3.5,3.04,3.22,3009,0
MCE,D,20110408,000000,3.22,3.35,3.14,3.35,1209,0
MCE,D,20110411,000000,3.3,3.42,3.3,3.42,411,0
MCE,D,20110412,000000,3.41,3.41,3.41,3.41,100,0
MCE,D,20110413,000000,3.2,3.2,3.12,3.16,1186,0
MCE,D,20110414,000000,3.29,3.36,3.28,3.36,302,0
MCE,D,20110415,000000,3.36,4,3.36,4,10543,0
MCE,D,20110418,000000,4.1,4.37,3.96,4.25,2612,0
MCE,D,20110419,000000,4.1,4.1,3.8,4.05,616,0
MCE,D,20110420,000000,4.1,4.7,3.41,4.48,14221,0
MCE,D,20110421,000000,4.48,4.6,4.27,4.3,2916,0
MCE,D,20110426,000000,4.7,4.7,4.6,4.6,1677,0
MCE,D,20110427,000000,4.64,4.64,4.64,4.64,320,0
MCE,D,20110428,000000,4.21,4.21,4.21,4.21,2,0
MCE,D,20110429,000000,4.21,4.5,4.21,4.5,449,0
MCE,D,20110502,000000,4.22,4.22,4.13,4.13,198,0
MCE,D,20110504,000000,4.37,4.5,4.21,4.21,962,0
MCE,D,20110505,000000,4.2,4.34,3.92,4.3,266,0
MCE,D,20110506,000000,4,4.3,4,4.3,625,0
MCE,D,20110509,000000,4.13,4.13,4,4,166,0
MCE,D,20110510,000000,4,4.32,3.51,3.66,2634,0
MCE,D,20110511,000000,4.15,4.15,4.09,4.15,510,0
MCE,D,20110512,000000,4.15,4.15,4,4,201,0
MCE,D,20110513,000000,3.85,3.98,3.51,3.52,1124,0
MCE,D,20110516,000000,3.55,3.55,3.53,3.53,518,0
MCE,D,20110517,000000,3.53,3.53,3.51,3.51,804,0
MCE,D,20110518,000000,3.5,3.51,3.49,3.49,1300,0
MCE,D,20110519,000000,3.5,3.5,3.4,3.4,480,0
MCE,D,20110520,000000,3.5,3.5,3.5,3.5,5,0
MCE,D,20110523,000000,3.31,3.31,3.31,3.31,60,0
MCE,D,20110524,000000,3.41,3.41,3.31,3.31,150,0
MCE,D,20110525,000000,3.31,3.52,3.31,3.41,1412,0
MCE,D,20110526,000000,3.3,3.4,3.17,3.4,416,0
MCE,D,20110527,000000,3.48,3.48,3.31,3.31,102,0
MCE,D,20110530,000000,3.18,3.48,3.18,3.48,1343,0
MCE,D,20110531,000000,3.48,3.48,3.48,3.48,2,0
MCE,D,20110601,000000,3.15,3.15,3.15,3.15,840,0
MCE,D,20110602,000000,3.12,3.12,3.12,3.12,100,0
MCE,D,20110603,000000,3.12,3.15,3.09,3.15,1286,0
MCE,D,20110606,000000,3,3,2.93,2.93,2452,0
MCE,D,20110607,000000,3,3,2.89,2.89,1850,0
MCE,D,20110609,000000,2.99,2.99,2.99,2.99,4,0
MCE,D,20110613,000000,2.9,3.18,2.9,3.18,305,0
MCE,D,20110615,000000,2.82,2.83,2.75,2.83,1297,0
MCE,D,20110616,000000,2.67,2.67,2.66,2.66,499,0
MCE,D,20110617,000000,2.68,2.94,2.68,2.94,1477,0
MCE,D,20110620,000000,2.69,2.94,2.69,2.94,33,0
MCE,D,20110621,000000,2.93,2.93,2.93,2.93,10,0
MCE,D,20110624,000000,2.7,2.7,2.52,2.55,1772,0
MCE,D,20110627,000000,2.6,2.6,2.6,2.6,10,0
MCE,D,20110628,000000,2.6,2.6,2.6,2.6,300,0
MCE,D,20110629,000000,2.42,2.42,2.42,2.42,10,0
MCE,D,20110701,000000,2.42,2.42,2.42,2.42,200,0
MCE,D,20110704,000000,2.42,2.7,2.42,2.7,305,0
MCE,D,20110705,000000,2.7,2.7,2.7,2.7,100,0
MCE,D,20110706,000000,2.7,2.7,2.7,2.7,52,0
MCE,D,20110708,000000,2.7,2.85,2.7,2.85,610,0
MCE,D,20110711,000000,2.95,2.95,2.85,2.85,144,0
MCE,D,20110712,000000,2.61,2.61,2.53,2.53,995,0
MCE,D,20110713,000000,2.5,2.55,2.5,2.5,1415,0
MCE,D,20110715,000000,2.45,2.69,2.35,2.57,3941,0
MCE,D,20110718,000000,2.57,2.57,2.2,2.21,942,0
MCE,D,20110719,000000,2.22,2.4,2.08,2.4,929,0
MCE,D,20110720,000000,2.43,2.43,2.43,2.43,2,0
MCE,D,20110726,000000,2.17,2.18,2.09,2.18,497,0
MCE,D,20110727,000000,2.16,2.16,2.16,2.16,10,0
MCE,D,20110801,000000,2.28,2.28,2.28,2.28,2,0
MCE,D,20110802,000000,2.29,2.29,2.29,2.29,10,0
MCE,D,20110803,000000,2.29,2.29,1.9,2,1768,0
MCE,D,20110804,000000,2,2,1.85,1.85,2262,0
MCE,D,20110805,000000,1.71,1.99,1.71,1.99,210,0
MCE,D,20110808,000000,1.9,1.9,1.9,1.9,2,0
MCE,D,20110809,000000,1.65,1.79,1.6,1.79,855,0
MCE,D,20110810,000000,1.79,1.9,1.61,1.72,863,0
MCE,D,20110812,000000,1.72,1.9,1.72,1.9,347,0
MCE,D,20110816,000000,1.54,1.54,1.54,1.54,10,0
MCE,D,20110817,000000,1.6,1.7,1.53,1.7,726,0
MCE,D,20110818,000000,1.73,1.9,1.73,1.9,290,0
MCE,D,20110819,000000,1.99,1.99,1.99,1.99,2,0
MCE,D,20110824,000000,1.6,1.74,1.5,1.66,4800,0
MCE,D,20110826,000000,1.5,1.7,1.5,1.7,691,0
MCE,D,20110829,000000,1.69,1.69,1.5,1.5,369,0
MCE,D,20110830,000000,1.41,1.45,1.23,1.4,4309,0
MCE,D,20110831,000000,1.3,1.35,1.14,1.14,959,0
MCE,D,20110901,000000,1.13,1.13,1.13,1.13,359,0
MCE,D,20110902,000000,1.06,1.09,0.91,1.09,400,0
MCE,D,20110905,000000,0.9,1.02,0.9,1.02,1452,0
MCE,D,20110906,000000,0.87,0.99,0.87,0.99,101,0
MCE,D,20110907,000000,0.97,0.99,0.97,0.99,297,0
MCE,D,20110908,000000,0.85,0.94,0.82,0.94,2762,0
MCE,D,20110909,000000,0.94,0.94,0.9,0.9,62,0
MCE,D,20110912,000000,0.87,0.94,0.85,0.94,602,0
MCE,D,20110916,000000,0.82,1,0.82,0.99,741,0
MCE,D,20110920,000000,0.99,0.99,0.99,0.99,1000,0
MCE,D,20110922,000000,0.98,0.98,0.98,0.98,10,0
MCE,D,20110923,000000,0.95,1.18,0.95,1.18,3359,0
MCE,D,20110926,000000,1.21,1.74,1.21,1.74,8205,0
MCE,D,20110927,000000,2.65,2.65,2.65,2.65,8203,0
MCE,D,20110928,000000,2.9,3.48,2.32,2.79,39297,0
MCE,D,20110929,000000,2.86,2.86,1.85,1.98,9271,0
MCE,D,20110930,000000,1.8,1.8,1.46,1.7,5831,0
MCE,D,20111003,000000,1.77,1.84,1.42,1.43,6128,0
MCE,D,20111004,000000,1.3,1.65,1.21,1.35,6345,0
MCE,D,20111005,000000,1.62,1.94,1.51,1.94,8906,0
MCE,D,20111006,000000,1.97,2.2,1.85,1.85,3724,0
MCE,D,20111007,000000,1.77,1.77,1.47,1.48,12840,0
MCE,D,20111010,000000,1.6,1.6,1.31,1.59,10893,0
MCE,D,20111011,000000,1.45,1.54,1.3,1.47,4040,0
MCE,D,20111012,000000,1.46,1.46,1.3,1.44,432,0
MCE,D,20111013,000000,1.31,1.6,1.31,1.6,3213,0
MCE,D,20111014,000000,1.35,1.59,1.35,1.59,2573,0
MCE,D,20111017,000000,1.46,1.6,1.46,1.5,3982,0
MCE,D,20111018,000000,1.46,1.5,1.35,1.49,1460,0
MCE,D,20111019,000000,1.5,1.5,1.36,1.36,464,0
MCE,D,20111020,000000,1.36,1.53,1.33,1.53,3211,0
MCE,D,20111021,000000,1.37,1.37,1.37,1.37,406,0
MCE,D,20111024,000000,1.36,1.59,1.36,1.59,2707,0
MCE,D,20111025,000000,1.45,1.59,1.45,1.59,3025,0
MCE,D,20111026,000000,1.59,1.59,1.59,1.59,1745,0
MCE,D,20111027,000000,1.59,1.64,1.42,1.64,3365,0
MCE,D,20111028,000000,1.64,1.8,1.52,1.8,2747,0
MCE,D,20111031,000000,1.63,1.75,1.63,1.75,900,0
MCE,D,20111102,000000,1.75,1.75,1.75,1.75,300,0
MCE,D,20111103,000000,1.75,1.75,1.75,1.75,300,0
MCE,D,20111104,000000,1.79,1.8,1.79,1.8,702,0
MCE,D,20111107,000000,1.54,1.54,1.54,1.54,100,0
MCE,D,20111108,000000,1.7,1.7,1.54,1.54,572,0
MCE,D,20111109,000000,1.54,1.79,1.54,1.79,1615,0
MCE,D,20111114,000000,1.78,1.78,1.78,1.78,200,0
MCE,D,20111116,000000,1.57,1.78,1.57,1.78,548,0
MCE,D,20111117,000000,1.78,1.78,1.56,1.56,305,0
MCE,D,20111118,000000,1.56,1.77,1.55,1.77,2576,0
MCE,D,20111121,000000,1.77,1.79,1.65,1.65,431,0
MCE,D,20111122,000000,1.77,2,1.77,1.91,6092,0
MCE,D,20111123,000000,1.99,1.99,1.99,1.99,3,0
MCE,D,20111125,000000,1.72,1.72,1.6,1.6,1410,0
MCE,D,20111128,000000,1.6,1.77,1.46,1.77,2062,0
MCE,D,20111129,000000,1.76,1.76,1.76,1.76,100,0
MCE,D,20111130,000000,1.51,1.64,1.5,1.6,2690,0
MCE,D,20111201,000000,1.6,1.6,1.6,1.6,5,0
MCE,D,20111202,000000,1.59,1.8,1.59,1.78,1825,0
MCE,D,20111205,000000,1.7,1.78,1.7,1.78,650,0
MCE,D,20111206,000000,1.7,1.7,1.7,1.7,76,0
MCE,D,20111207,000000,1.7,1.7,1.7,1.7,3,0
MCE,D,20111208,000000,1.69,1.7,1.6,1.6,693,0
MCE,D,20111209,000000,1.6,1.6,1.6,1.6,24,0
MCE,D,20111212,000000,1.46,1.6,1.35,1.5,2086,0
MCE,D,20111213,000000,1.5,1.5,1.5,1.5,3,0
MCE,D,20111214,000000,1.5,1.5,1.34,1.34,24,0
MCE,D,20111215,000000,1.5,1.5,1.5,1.5,2,0
MCE,D,20111216,000000,1.48,1.48,1.47,1.47,752,0
MCE,D,20111219,000000,1.48,1.48,1.48,1.48,2,0
MCE,D,20111220,000000,1.34,1.48,1.27,1.48,202,0
MCE,D,20111221,000000,1.27,1.27,1.27,1.27,1,0
MCE,D,20111222,000000,1.47,1.47,1.47,1.47,100,0
MCE,D,20111223,000000,1.4,1.47,1.4,1.47,355,0
MCE,D,20111227,000000,1.27,1.3,1.25,1.3,1498,0
MCE,D,20111228,000000,1.18,1.19,1.09,1.19,1170,0
MCE,D,20111229,000000,1.1,1.1,1.1,1.1,500,0
MCE,D,20111230,000000,1.07,1.09,1.06,1.09,2705,0
MCE,D,20120102,000000,1.1,1.26,1.1,1.26,2880,0
MCE,D,20120103,000000,1.26,1.26,1.25,1.25,103,0
MCE,D,20120104,000000,1.25,1.25,1.25,1.25,100,0
MCE,D,20120109,000000,1.2,1.2,1.2,1.2,3,0
MCE,D,20120110,000000,1.2,1.2,1.2,1.2,5,0
MCE,D,20120111,000000,1.2,1.2,1.2,1.2,115,0
MCE,D,20120112,000000,1.2,1.2,1.2,1.2,5,0
MCE,D,20120113,000000,1.2,1.2,1.2,1.2,6,0
MCE,D,20120116,000000,1.2,1.2,1.2,1.2,5,0
MCE,D,20120117,000000,1.2,1.2,1.15,1.15,121,0
MCE,D,20120118,000000,1.2,1.2,1.2,1.2,88,0
MCE,D,20120124,000000,1.11,1.26,1.11,1.26,1251,0
MCE,D,20120126,000000,1.26,1.34,1.26,1.34,1456,0
MCE,D,20120127,000000,1.34,1.34,1.33,1.33,3515,0
MCE,D,20120130,000000,1.33,1.33,1.33,1.33,5,0
MCE,D,20120131,000000,1.32,1.44,1.32,1.44,220,0
MCE,D,20120201,000000,1.43,1.72,1.25,1.72,7534,0
MCE,D,20120202,000000,1.9,1.9,1.4,1.54,9610,0
MCE,D,20120203,000000,1.65,1.65,1.65,1.65,5,0
MCE,D,20120206,000000,1.42,1.66,1.41,1.66,273,0
MCE,D,20120207,000000,1.38,1.46,1.36,1.46,1300,0
MCE,D,20120208,000000,1.32,1.47,1.32,1.47,882,0
MCE,D,20120209,000000,1.33,1.46,1.33,1.46,155,0
MCE,D,20120210,000000,1.46,1.47,1.46,1.47,202,0
MCE,D,20120213,000000,1.33,1.44,1.33,1.44,200,0
MCE,D,20120215,000000,1.32,1.42,1.26,1.35,160,0
MCE,D,20120216,000000,1.38,1.44,1.38,1.44,522,0
MCE,D,20120222,000000,1.43,1.43,1.43,1.43,201,0
MCE,D,20120223,000000,1.43,1.43,1.43,1.43,100,0
MCE,D,20120224,000000,1.43,1.43,1.43,1.43,100,0
MCE,D,20120228,000000,1.36,1.36,1.36,1.36,201,0
MCE,D,20120301,000000,1.24,1.42,1.24,1.42,405,0
MCE,D,20120302,000000,1.42,1.5,1.42,1.5,600,0
MCE,D,20120305,000000,1.5,1.5,1.5,1.5,2,0
MCE,D,20120306,000000,1.5,1.5,1.5,1.5,3,0
MCE,D,20120308,000000,1.5,1.5,1.5,1.5,10,0
MCE,D,20120309,000000,1.5,1.57,1.36,1.36,1052,0
MCE,D,20120312,000000,1.55,1.63,1.3,1.3,739,0
MCE,D,20120313,000000,1.35,1.35,1.35,1.35,20,0
MCE,D,20120314,000000,1.31,1.31,1.26,1.26,612,0
MCE,D,20120315,000000,1.38,1.38,1.38,1.38,103,0
MCE,D,20120316,000000,1.38,1.38,1.38,1.38,10,0
MCE,D,20120320,000000,1.38,1.38,1.38,1.38,82,0
MCE,D,20120321,000000,1.38,1.38,1.38,1.38,10,0
MCE,D,20120322,000000,1.28,1.38,1.27,1.38,2416,0
MCE,D,20120328,000000,1.25,1.38,1.25,1.38,12,0
MCE,D,20120330,000000,1.25,1.38,1.25,1.38,25,0
MCE,D,20120402,000000,1.38,1.65,1.38,1.62,4664,0
MCE,D,20120404,000000,1.57,1.63,1.57,1.63,212,0
MCE,D,20120411,000000,1.31,1.54,1.31,1.54,119,0
MCE,D,20120412,000000,1.25,1.51,1.25,1.51,467,0
MCE,D,20120413,000000,1.25,1.51,1.25,1.51,109,0
MCE,D,20120416,000000,1.51,1.51,1.51,1.51,2,0
MCE,D,20120418,000000,1.23,1.47,1.21,1.47,299,0
MCE,D,20120420,000000,1.41,1.41,1.41,1.41,260,0
MCE,D,20120423,000000,1.47,1.47,1.47,1.47,98,0
MCE,D,20120425,000000,1.38,1.38,1.38,1.38,100,0
MCE,D,20120504,000000,1.21,1.21,1.2,1.2,101,0
MCE,D,20120510,000000,1.2,1.2,1.2,1.2,322,0
MCE,D,20120516,000000,1.2,1.2,1.2,1.2,159,0
MCE,D,20120517,000000,1.2,1.2,1.2,1.2,1482,0
MCE,D,20120523,000000,1.15,1.15,1.15,1.15,99,0
MCE,D,20120525,000000,0.92,0.92,0.92,0.92,2000,0
MCE,D,20120531,000000,0.92,0.92,0.92,0.92,1000,0
MCE,D,20120606,000000,1.08,1.08,1.08,1.08,382,0
MCE,D,20120612,000000,1.06,1.06,1.06,1.06,100,0
MCE,D,20120613,000000,1.07,1.14,1.07,1.14,2200,0
MCE,D,20120614,000000,1.14,1.14,1.13,1.13,420,0
MCE,D,20120615,000000,1.12,1.15,1.12,1.15,278,0
MCE,D,20120618,000000,1.14,1.14,1.14,1.14,510,0
MCE,D,20120619,000000,1.11,1.14,1.06,1.06,2381,0
MCE,D,20120620,000000,1.05,1.05,1.05,1.05,50,0
MCE,D,20120621,000000,1.05,1.05,1.05,1.05,15,0
MCE,D,20120622,000000,1.05,1.05,1.05,1.05,10,0
MCE,D,20120625,000000,1.05,1.05,1.05,1.05,160,0
MCE,D,20120626,000000,1,1,0.97,0.97,612,0
MCE,D,20120627,000000,0.97,0.97,0.95,0.95,2011,0
MCE,D,20120628,000000,1,1,0.95,0.95,2732,0
MCE,D,20120629,000000,0.95,0.96,0.95,0.96,2634,0
MCE,D,20120703,000000,1,1,1,1,811,0
MCE,D,20120704,000000,0.91,1,0.9,0.9,2246,0
MCE,D,20120705,000000,0.9,0.9,0.9,0.9,5959,0
MCE,D,20120709,000000,0.81,0.9,0.81,0.9,985,0
MCE,D,20120710,000000,0.84,0.9,0.84,0.9,1212,0
MCE,D,20120711,000000,0.9,0.98,0.9,0.98,1100,0
MCE,D,20120712,000000,0.98,0.98,0.98,0.98,10,0
MCE,D,20120716,000000,0.97,0.97,0.97,0.97,10,0
MCE,D,20120717,000000,0.84,0.97,0.84,0.97,320,0
MCE,D,20120718,000000,0.98,0.98,0.98,0.98,10,0
MCE,D,20120720,000000,0.97,0.97,0.97,0.97,5,0
MCE,D,20120723,000000,0.98,0.98,0.98,0.98,10,0
MCE,D,20120724,000000,0.98,0.98,0.98,0.98,5,0
MCE,D,20120725,000000,0.98,0.98,0.88,0.88,275,0
MCE,D,20120726,000000,0.84,0.84,0.84,0.84,11,0
MCE,D,20120727,000000,0.84,0.84,0.84,0.84,100,0
MCE,D,20120730,000000,0.84,0.84,0.84,0.84,50,0
MCE,D,20120801,000000,0.98,0.98,0.98,0.98,10,0
MCE,D,20120802,000000,0.97,0.97,0.89,0.89,1010,0
MCE,D,20120803,000000,0.97,0.97,0.97,0.97,5,0
MCE,D,20120806,000000,0.97,0.97,0.97,0.97,11,0
MCE,D,20120807,000000,0.98,0.98,0.98,0.98,10,0
MCE,D,20120808,000000,0.98,0.98,0.98,0.98,10,0
MCE,D,20120809,000000,0.98,0.98,0.98,0.98,10,0
MCE,D,20120810,000000,0.98,0.98,0.98,0.98,15,0
MCE,D,20120813,000000,0.98,0.98,0.98,0.98,10,0
MCE,D,20120814,000000,0.98,0.98,0.89,0.98,1115,0
MCE,D,20120816,000000,0.98,0.98,0.98,0.98,10,0
MCE,D,20120817,000000,0.98,0.98,0.87,0.98,513,0
MCE,D,20120820,000000,0.98,0.98,0.87,0.97,1505,0
MCE,D,20120821,000000,0.98,0.98,0.98,0.98,10,0
MCE,D,20120822,000000,0.95,0.95,0.95,0.95,5,0
MCE,D,20120823,000000,0.95,0.95,0.95,0.95,5,0
MCE,D,20120824,000000,0.95,0.95,0.95,0.95,10,0
MCE,D,20120827,000000,0.95,0.95,0.95,0.95,10,0
MCE,D,20120828,000000,0.95,0.95,0.95,0.95,10,0
MCE,D,20120829,000000,0.95,0.95,0.85,0.85,1337,0
MCE,D,20120830,000000,0.94,0.94,0.85,0.85,422,0
MCE,D,20120831,000000,0.94,0.94,0.84,0.94,239,0
MCE,D,20120903,000000,0.94,0.94,0.94,0.94,10,0
MCE,D,20120904,000000,0.94,0.94,0.94,0.94,5,0
MCE,D,20120905,000000,0.94,0.94,0.94,0.94,45,0
MCE,D,20120906,000000,0.94,0.94,0.94,0.94,5,0
MCE,D,20120907,000000,0.89,0.93,0.89,0.93,30,0
MCE,D,20120910,000000,0.92,0.92,0.92,0.92,10,0
MCE,D,20120911,000000,0.91,0.91,0.91,0.91,10,0
MCE,D,20120912,000000,0.91,0.91,0.91,0.91,5,0
MCE,D,20120913,000000,0.91,0.91,0.91,0.91,50,0
MCE,D,20120914,000000,0.91,0.91,0.91,0.91,5,0
MCE,D,20120917,000000,0.91,0.91,0.91,0.91,25,0
MCE,D,20120918,000000,0.91,0.91,0.91,0.91,10,0
MCE,D,20120919,000000,0.91,0.91,0.91,0.91,10,0
MCE,D,20120920,000000,0.91,0.92,0.75,0.92,790,0
MCE,D,20120921,000000,0.92,0.92,0.92,0.92,10,0
MCE,D,20120924,000000,0.92,0.92,0.92,0.92,10,0
MCE,D,20120925,000000,0.92,0.92,0.92,0.92,10,0
MCE,D,20120926,000000,0.92,0.92,0.92,0.92,10,0
MCE,D,20120927,000000,0.92,0.92,0.92,0.92,5,0
MCE,D,20120928,000000,0.92,0.92,0.92,0.92,10,0
MCE,D,20121001,000000,0.92,0.92,0.92,0.92,5,0
MCE,D,20121002,000000,0.92,0.92,0.74,0.92,21,0
MCE,D,20121003,000000,0.92,0.92,0.92,0.92,10,0
MCE,D,20121004,000000,0.92,0.92,0.92,0.92,10,0
MCE,D,20121005,000000,0.92,0.92,0.92,0.92,10,0
MCE,D,20121008,000000,0.92,0.92,0.92,0.92,10,0
MCE,D,20121009,000000,0.92,0.93,0.92,0.93,570,0
MCE,D,20121010,000000,0.94,0.94,0.94,0.94,10,0
MCE,D,20121011,000000,0.95,0.95,0.95,0.95,49,0
MCE,D,20121012,000000,0.98,0.98,0.98,0.98,10,0
MCE,D,20121015,000000,0.98,0.98,0.98,0.98,10,0
MCE,D,20121016,000000,0.98,0.98,0.98,0.98,10,0
MCE,D,20121017,000000,0.93,0.93,0.93,0.93,100,0
MCE,D,20121018,000000,0.93,0.93,0.93,0.93,10,0
MCE,D,20121019,000000,0.93,0.93,0.93,0.93,10,0
MCE,D,20121022,000000,0.93,0.93,0.93,0.93,10,0
MCE,D,20121023,000000,0.93,0.93,0.93,0.93,10,0
MCE,D,20121024,000000,0.93,0.93,0.93,0.93,10,0
MCE,D,20121025,000000,0.93,0.93,0.93,0.93,10,0
MCE,D,20121026,000000,0.93,0.93,0.93,0.93,50,0
MCE,D,20121029,000000,0.93,0.93,0.93,0.93,15,0
MCE,D,20121030,000000,0.92,0.92,0.92,0.92,10,0
MCE,D,20121031,000000,0.92,0.93,0.92,0.93,1272,0
MCE,D,20121102,000000,0.93,0.93,0.93,0.93,10,0
MCE,D,20121105,000000,0.93,0.93,0.93,0.93,5,0
MCE,D,20121106,000000,0.93,0.93,0.93,0.93,15,0
MCE,D,20121107,000000,0.93,0.93,0.93,0.93,10,0
MCE,D,20121108,000000,0.92,0.92,0.92,0.92,10,0
MCE,D,20121109,000000,0.89,0.89,0.89,0.89,50,0
MCE,D,20121112,000000,0.89,0.89,0.89,0.89,10,0
MCE,D,20121113,000000,0.89,0.89,0.89,0.89,10,0
MCE,D,20121114,000000,0.89,0.92,0.89,0.92,1303,0
MCE,D,20121115,000000,0.92,0.92,0.92,0.92,103,0
MCE,D,20121116,000000,0.93,0.93,0.93,0.93,15,0
MCE,D,20121119,000000,0.93,0.93,0.75,0.93,2030,0
MCE,D,20121120,000000,0.93,0.93,0.93,0.93,5,0
MCE,D,20121121,000000,0.93,0.93,0.93,0.93,5,0
MCE,D,20121122,000000,0.93,0.93,0.93,0.93,5,0
MCE,D,20121123,000000,0.93,0.93,0.93,0.93,155,0
MCE,D,20121126,000000,0.98,0.98,0.98,0.98,10,0
MCE,D,20121127,000000,0.98,1.05,0.98,1.05,2018,0
MCE,D,20121128,000000,1.17,1.17,1.17,1.17,5,0
MCE,D,20121129,000000,1.14,1.14,0.92,1,2205,0
MCE,D,20121130,000000,1,1,0.82,0.9,4453,0
MCE,D,20121203,000000,0.98,0.98,0.98,0.98,10,0
MCE,D,20121204,000000,0.98,0.98,0.98,0.98,10,0
MCE,D,20121205,000000,0.98,0.98,0.98,0.98,10,0
MCE,D,20121206,000000,0.98,0.98,0.8,0.98,1399,0
MCE,D,20121207,000000,0.97,0.97,0.82,0.97,707,0
MCE,D,20121210,000000,0.97,0.97,0.97,0.97,5,0
MCE,D,20121211,000000,0.96,0.96,0.93,0.93,105,0
MCE,D,20121212,000000,0.97,0.97,0.97,0.97,5,0
MCE,D,20121213,000000,0.97,0.97,0.95,0.95,50,0
MCE,D,20121214,000000,0.97,0.97,0.97,0.97,5,0
MCE,D,20121217,000000,0.97,0.97,0.97,0.97,5,0
MCE,D,20121218,000000,0.97,0.97,0.94,0.94,105,0
MCE,D,20121219,000000,0.97,0.97,0.97,0.97,10,0
MCE,D,20121220,000000,0.97,0.97,0.97,0.97,10,0
MCE,D,20121221,000000,0.97,0.97,0.97,0.97,5,0
MCE,D,20121227,000000,0.97,0.97,0.97,0.97,10,0
MCE,D,20121228,000000,0.92,0.92,0.92,0.92,1,0
MCE,D,20130102,000000,0.99,0.99,0.99,0.99,100,0
MCE,D,20130103,000000,0.98,0.98,0.98,0.98,10,0
MCE,D,20130104,000000,0.98,0.98,0.98,0.98,5,0
MCE,D,20130107,000000,0.98,0.98,0.98,0.98,5,0
MCE,D,20130108,000000,0.98,0.98,0.98,0.98,5,0
MCE,D,20130109,000000,0.98,0.98,0.98,0.98,5,0
MCE,D,20130110,000000,0.98,0.98,0.98,0.98,5,0
MCE,D,20130111,000000,0.98,0.98,0.98,0.98,5,0
MCE,D,20130114,000000,0.98,0.98,0.98,0.98,5,0
MCE,D,20130115,000000,0.98,0.98,0.98,0.98,5,0
MCE,D,20130116,000000,0.98,0.98,0.98,0.98,5,0
MCE,D,20130117,000000,0.98,0.98,0.98,0.98,5,0
MCE,D,20130118,000000,0.98,0.98,0.98,0.98,5,0
MCE,D,20130121,000000,0.95,0.95,0.95,0.95,10,0
MCE,D,20130122,000000,0.95,0.95,0.77,0.94,3504,0
MCE,D,20130123,000000,0.94,0.94,0.94,0.94,10,0
MCE,D,20130124,000000,0.94,0.94,0.94,0.94,10,0
MCE,D,20130125,000000,0.9,0.93,0.9,0.93,6,0
MCE,D,20130128,000000,0.93,0.93,0.77,0.77,2010,0
MCE,D,20130129,000000,0.9,0.9,0.73,0.73,155,0
MCE,D,20130130,000000,0.72,0.72,0.72,0.72,100,0
MCE,D,20130131,000000,0.72,0.72,0.72,0.72,400,0
MCE,D,20130201,000000,0.72,0.72,0.72,0.72,100,0
MCE,D,20130204,000000,0.72,0.72,0.72,0.72,60,0
MCE,D,20130207,000000,0.85,0.85,0.85,0.85,5,0
MCE,D,20130211,000000,0.85,0.85,0.85,0.85,5,0
MCE,D,20130212,000000,0.91,0.91,0.91,0.91,5,0
MCE,D,20130213,000000,0.85,0.85,0.85,0.85,5,0
MCE,D,20130214,000000,0.91,0.91,0.91,0.91,5,0
MCE,D,20130215,000000,0.91,0.91,0.73,0.78,6778,0
MCE,D,20130218,000000,0.78,0.8,0.78,0.8,200,0
MCE,D,20130226,000000,0.9,0.9,0.9,0.9,5,0
MCE,D,20130227,000000,0.89,0.89,0.89,0.89,10,0
MCE,D,20130228,000000,0.89,0.89,0.8,0.89,828,0
MCE,D,20130301,000000,0.89,0.89,0.89,0.89,5,0
MCE,D,20130304,000000,0.89,0.89,0.72,0.84,310,0
MCE,D,20130305,000000,0.84,0.84,0.84,0.84,5,0
MCE,D,20130306,000000,0.8,0.8,0.8,0.8,5,0
MCE,D,20130307,000000,0.81,0.81,0.81,0.81,5,0
MCE,D,20130308,000000,0.84,0.84,0.84,0.84,5,0
MCE,D,20130311,000000,0.84,0.84,0.84,0.84,5,0
MCE,D,20130312,000000,0.84,0.84,0.84,0.84,5,0
MCE,D,20130313,000000,0.83,0.83,0.67,0.67,2415,0
MCE,D,20130314,000000,0.8,0.8,0.8,0.8,5,0
MCE,D,20130315,000000,0.82,0.82,0.82,0.82,10,0
MCE,D,20130318,000000,0.8,0.8,0.8,0.8,2,0
MCE,D,20130319,000000,0.8,0.8,0.8,0.8,10,0
MCE,D,20130320,000000,0.8,0.8,0.8,0.8,3,0
MCE,D,20130321,000000,0.8,0.8,0.65,0.65,128,0
MCE,D,20130322,000000,0.55,0.74,0.55,0.74,1287,0
MCE,D,20130325,000000,0.74,0.74,0.74,0.74,5,0
MCE,D,20130326,000000,0.77,0.77,0.77,0.77,5,0
MCE,D,20130327,000000,0.77,0.77,0.77,0.77,5,0
MCE,D,20130328,000000,0.77,0.77,0.62,0.77,3630,0
MCE,D,20130402,000000,0.75,0.75,0.75,0.75,5,0
MCE,D,20130403,000000,0.74,0.74,0.61,0.74,55,0
MCE,D,20130404,000000,0.72,0.72,0.72,0.72,2,0
MCE,D,20130405,000000,0.71,0.71,0.62,0.62,3965,0
MCE,D,20130408,000000,0.74,0.74,0.74,0.74,5,0
MCE,D,20130409,000000,0.73,0.8,0.73,0.8,1363,0
MCE,D,20130410,000000,0.77,0.9,0.77,0.82,1209,0
MCE,D,20130411,000000,0.82,0.82,0.82,0.82,10,0
MCE,D,20130412,000000,0.82,0.82,0.66,0.82,347,0
MCE,D,20130415,000000,0.9,0.9,0.9,0.9,50,0
MCE,D,20130417,000000,0.89,0.89,0.89,0.89,1,0
MCE,D,20130418,000000,0.89,0.89,0.89,0.89,5,0
MCE,D,20130419,000000,0.88,0.88,0.88,0.88,5,0
MCE,D,20130422,000000,0.88,0.88,0.71,0.88,865,0
MCE,D,20130423,000000,0.88,0.88,0.88,0.88,5,0
MCE,D,20130424,000000,0.88,1.04,0.88,1.04,5868,0
MCE,D,20130425,000000,1.1,1.15,1.1,1.1,1902,0
MCE,D,20130426,000000,0.88,1.05,0.88,1.01,2123,0
MCE,D,20130429,000000,1.14,1.14,1.14,1.14,5,0
MCE,D,20130430,000000,1.14,1.14,1.14,1.14,5,0
MCE,D,20130502,000000,1.23,1.23,1.23,1.23,2,0
MCE,D,20130506,000000,1.22,1.22,1.22,1.22,20,0
MCE,D,20130507,000000,1.22,1.22,1.22,1.22,2,0
MCE,D,20130508,000000,1.22,1.22,1.22,1.22,10,0
MCE,D,20130509,000000,1.22,1.22,1.22,1.22,5,0
MCE,D,20130510,000000,1.1,1.1,0.95,1.1,511,0
MCE,D,20130513,000000,1.1,1.1,1.1,1.1,1,0
MCE,D,20130514,000000,1.1,1.1,1.1,1.1,2,0
MCE,D,20130515,000000,1.1,1.1,1.1,1.1,1,0
MCE,D,20130516,000000,1.1,1.1,1.1,1.1,1,0
MCE,D,20130517,000000,1.1,1.1,1.1,1.1,5,0
MCE,D,20130520,000000,1.1,1.1,1.1,1.1,3,0
MCE,D,20130521,000000,1.1,1.1,1.1,1.1,1,0
MCE,D,20130522,000000,1.1,1.1,1.1,1.1,1,0
MCE,D,20130523,000000,1.1,1.1,1.1,1.1,1,0
MCE,D,20130524,000000,1.1,1.1,1.1,1.1,1,0
MCE,D,20130527,000000,1,1,1,1,10,0
MCE,D,20130528,000000,1,1,1,1,10,0
MCE,D,20130529,000000,1,1,1,1,10,0
MCE,D,20130531,000000,1,1,1,1,1,0
MCE,D,20130603,000000,1,1,1,1,10,0
MCE,D,20130604,000000,1,1,1,1,10,0
MCE,D,20130605,000000,1,1,1,1,10,0
MCE,D,20130606,000000,1,1,1,1,10,0
MCE,D,20130607,000000,1,1,1,1,10,0
MCE,D,20130610,000000,1,1,1,1,5,0
MCE,D,20130611,000000,1,1,1,1,5,0
MCE,D,20130612,000000,1,1,1,1,10,0
MCE,D,20130613,000000,1,1,1,1,10,0
MCE,D,20130614,000000,1,1,1,1,10,0
MCE,D,20130617,000000,1,1,1,1,496,0
MCE,D,20130618,000000,1.1,1.1,1.1,1.1,5,0
MCE,D,20130619,000000,1.1,1.1,1.1,1.1,10,0
MCE,D,20130620,000000,1.23,1.23,1.23,1.23,5,0
MCE,D,20130621,000000,1.23,1.23,1.23,1.23,5,0
MCE,D,20130624,000000,1.2,1.2,1.2,1.2,1,0
MCE,D,20130625,000000,1.23,1.23,1.23,1.23,10,0
MCE,D,20130626,000000,1.23,1.23,1.23,1.23,2,0
MCE,D,20130627,000000,1.22,1.22,1.22,1.22,3,0
MCE,D,20130628,000000,1.22,1.22,1.22,1.22,6,0
MCE,D,20130701,000000,1.22,1.22,1.22,1.22,10,0
MCE,D,20130702,000000,1.1,1.1,1.1,1.1,5,0
MCE,D,20130703,000000,1.1,1.1,1.1,1.1,5,0
MCE,D,20130704,000000,1.1,1.1,1.1,1.1,5,0
MCE,D,20130705,000000,1.1,1.1,1.1,1.1,5,0
MCE,D,20130708,000000,1.22,1.22,1.22,1.22,5,0
MCE,D,20130709,000000,1.22,1.22,1.22,1.22,5,0
MCE,D,20130710,000000,1.22,1.22,1.22,1.22,2,0
MCE,D,20130711,000000,1.22,1.22,1.22,1.22,1,0
MCE,D,20130712,000000,1.22,1.22,1.22,1.22,4,0
MCE,D,20130715,000000,1.22,1.22,1.22,1.22,1,0
MCE,D,20130716,000000,1.22,1.22,1.22,1.22,1,0
MCE,D,20130717,000000,1.22,1.22,1.22,1.22,3,0
MCE,D,20130718,000000,0.99,0.99,0.99,0.99,101,0
MCE,D,20130719,000000,0.99,0.99,0.99,0.99,1,0
MCE,D,20130722,000000,1,1,1,1,100,0
MCE,D,20130723,000000,0.99,0.99,0.99,0.99,5,0
MCE,D,20130724,000000,0.99,0.99,0.99,0.99,1,0
MCE,D,20130725,000000,0.99,0.99,0.99,0.99,3,0
MCE,D,20130726,000000,0.99,0.99,0.99,0.99,4,0
MCE,D,20130729,000000,0.99,0.99,0.99,0.99,4,0
MCE,D,20130730,000000,0.99,0.99,0.99,0.99,2,0
MCE,D,20130731,000000,0.99,0.99,0.99,0.99,3,0
MCE,D,20130801,000000,1.15,1.15,1.15,1.15,5,0
MCE,D,20130802,000000,1.15,1.15,1.15,1.15,3,0
MCE,D,20130805,000000,1.15,1.15,1.15,1.15,1,0
MCE,D,20130806,000000,1.1,1.1,1.1,1.1,1,0
MCE,D,20130807,000000,0.93,0.93,0.86,0.93,1002,0
MCE,D,20130808,000000,0.93,0.93,0.93,0.93,1,0
MCE,D,20130809,000000,0.93,0.93,0.79,0.93,401,0
MCE,D,20130812,000000,0.93,0.93,0.93,0.93,1,0
MCE,D,20130813,000000,0.93,0.93,0.93,0.93,1,0
MCE,D,20130814,000000,0.93,0.93,0.93,0.93,1,0
MCE,D,20130816,000000,0.93,0.93,0.93,0.93,1,0
MCE,D,20130819,000000,0.93,0.93,0.93,0.93,1,0
MCE,D,20130820,000000,0.93,0.93,0.93,0.93,1,0
MCE,D,20130821,000000,0.93,0.93,0.93,0.93,1,0
MCE,D,20130822,000000,0.93,0.93,0.93,0.93,1,0
MCE,D,20130823,000000,0.93,0.93,0.93,0.93,1,0
MCE,D,20130826,000000,0.93,0.93,0.93,0.93,1,0
MCE,D,20130827,000000,0.93,0.93,0.93,0.93,1,0
MCE,D,20130828,000000,0.93,0.93,0.93,0.93,10,0
MCE,D,20130829,000000,0.93,0.93,0.93,0.93,10,0
MCE,D,20130830,000000,0.93,0.93,0.93,0.93,10,0
MCE,D,20130902,000000,0.93,0.93,0.75,0.75,1305,0
MCE,D,20130903,000000,0.8,0.8,0.8,0.8,100,0
MCE,D,20130904,000000,0.8,0.8,0.8,0.8,5,0
MCE,D,20130905,000000,0.8,0.8,0.8,0.8,5,0
MCE,D,20130906,000000,0.8,0.8,0.8,0.8,4,0
MCE,D,20130909,000000,0.8,0.8,0.8,0.8,6,0
MCE,D,20130910,000000,0.8,0.8,0.8,0.8,5,0
MCE,D,20130911,000000,0.8,0.8,0.8,0.8,5,0
MCE,D,20130912,000000,0.8,0.8,0.8,0.8,5,0
MCE,D,20130913,000000,0.8,0.8,0.8,0.8,5,0
MCE,D,20130916,000000,0.8,0.8,0.8,0.8,5,0
MCE,D,20130917,000000,0.8,0.8,0.8,0.8,5,0
MCE,D,20130918,000000,0.65,0.65,0.65,0.65,505,0
MCE,D,20130919,000000,0.65,0.65,0.65,0.65,4,0
MCE,D,20130920,000000,0.65,0.65,0.65,0.65,3,0
MCE,D,20130923,000000,0.65,0.65,0.65,0.65,72,0
MCE,D,20130924,000000,0.65,0.65,0.56,0.6,2710,0
MCE,D,20130930,000000,0.75,0.75,0.75,0.75,100,0
MCE,D,20131001,000000,0.75,0.75,0.75,0.75,5,0
MCE,D,20131002,000000,0.75,0.75,0.75,0.75,2,0
MCE,D,20131003,000000,0.75,0.75,0.75,0.75,5,0
MCE,D,20131004,000000,0.75,0.75,0.75,0.75,4,0
MCE,D,20131007,000000,0.75,0.75,0.75,0.75,4,0
MCE,D,20131008,000000,0.75,0.75,0.75,0.75,1,0
MCE,D,20131009,000000,0.75,0.75,0.75,0.75,1,0
MCE,D,20131010,000000,0.75,0.75,0.75,0.75,2,0
MCE,D,20131011,000000,0.75,0.75,0.75,0.75,2,0
MCE,D,20131014,000000,0.75,0.75,0.75,0.75,5,0
MCE,D,20131015,000000,0.75,0.75,0.75,0.75,10,0
MCE,D,20131016,000000,0.75,0.75,0.75,0.75,10,0
MCE,D,20131017,000000,0.75,0.8,0.75,0.8,713,0
MCE,D,20131018,000000,0.79,0.79,0.79,0.79,10,0
MCE,D,20131021,000000,0.79,0.79,0.79,0.79,2,0
MCE,D,20131022,000000,0.79,0.79,0.79,0.79,10,0
MCE,D,20131023,000000,0.79,0.79,0.79,0.79,1,0
MCE,D,20131024,000000,0.79,0.79,0.79,0.79,2,0
MCE,D,20131025,000000,0.79,0.79,0.79,0.79,10,0
MCE,D,20131028,000000,0.79,0.79,0.79,0.79,2,0
MCE,D,20131029,000000,0.79,0.79,0.79,0.79,2,0
MCE,D,20131030,000000,0.79,0.79,0.79,0.79,2,0
MCE,D,20131031,000000,0.79,0.79,0.67,0.67,494,0
MCE,D,20131104,000000,0.73,0.73,0.73,0.73,2,0
MCE,D,20131105,000000,0.72,0.72,0.72,0.72,2,0
MCE,D,20131106,000000,0.72,0.72,0.72,0.72,1,0
MCE,D,20131107,000000,0.72,0.72,0.72,0.72,2,0
MCE,D,20131108,000000,0.72,0.72,0.72,0.72,2,0
MCE,D,20131112,000000,0.72,0.72,0.72,0.72,2,0
MCE,D,20131113,000000,0.72,0.72,0.72,0.72,1,0
MCE,D,20131114,000000,0.72,0.72,0.72,0.72,2,0
MCE,D,20131115,000000,0.72,0.72,0.72,0.72,2,0
MCE,D,20131118,000000,0.72,0.72,0.58,0.62,2472,0
MCE,D,20131119,000000,0.7,0.7,0.7,0.7,2,0
MCE,D,20131120,000000,0.7,0.7,0.7,0.7,1,0
MCE,D,20131121,000000,0.7,0.7,0.7,0.7,1,0
MCE,D,20131122,000000,0.7,0.7,0.7,0.7,66,0
MCE,D,20131125,000000,0.72,0.72,0.72,0.72,10,0
MCE,D,20131126,000000,0.72,0.72,0.72,0.72,2,0
MCE,D,20131127,000000,0.7,0.7,0.7,0.7,2,0
MCE,D,20131128,000000,0.7,0.7,0.7,0.7,69,0
MCE,D,20131129,000000,0.5,0.59,0.5,0.59,1025,0
MCE,D,20131202,000000,0.51,0.51,0.5,0.5,290,0
MCE,D,20131203,000000,0.52,0.52,0.52,0.52,10,0
MCE,D,20131204,000000,0.59,0.59,0.59,0.59,5,0
MCE,D,20131205,000000,0.59,0.59,0.59,0.59,2,0
MCE,D,20131206,000000,0.59,0.59,0.59,0.59,2,0
MCE,D,20131209,000000,0.59,0.59,0.59,0.59,1,0
MCE,D,20131210,000000,0.58,0.58,0.58,0.58,2,0
MCE,D,20131211,000000,0.59,0.59,0.59,0.59,4,0
MCE,D,20131212,000000,0.58,0.58,0.58,0.58,2,0
MCE,D,20131213,000000,0.5,0.5,0.5,0.5,2250,0
MCE,D,20131216,000000,0.52,0.52,0.5,0.5,503,0
MCE,D,20131217,000000,0.5,0.51,0.5,0.51,1631,0
MCE,D,20131218,000000,0.5,0.51,0.5,0.51,600,0
MCE,D,20131219,000000,0.5,0.5,0.5,0.5,825,0
MCE,D,20131220,000000,0.5,0.5,0.5,0.5,4,0
MCE,D,20131223,000000,0.53,0.53,0.53,0.53,2,0
MCE,D,20131227,000000,0.58,0.58,0.58,0.58,2,0
MCE,D,20131230,000000,0.58,0.58,0.58,0.58,10,0
MCE,D,20140102,000000,0.56,0.56,0.56,0.56,10,0
MCE,D,20140103,000000,0.64,0.72,0.64,0.72,1053,0
MCE,D,20140107,000000,0.79,0.9,0.79,0.81,7796,0
MCE,D,20140108,000000,0.95,0.95,0.92,0.92,1002,0
MCE,D,20140109,000000,0.95,0.95,0.95,0.95,2,0
MCE,D,20140110,000000,0.92,0.92,0.92,0.92,1,0
MCE,D,20140113,000000,0.92,0.92,0.92,0.92,1,0
MCE,D,20140114,000000,0.6,0.6,0.6,0.6,1868,0
MCE,D,20140115,000000,0.69,0.69,0.58,0.58,3157,0
MCE,D,20140116,000000,0.69,0.69,0.58,0.58,48,0
MCE,D,20140117,000000,0.6,0.6,0.6,0.6,494,0
MCE,D,20140120,000000,0.69,0.72,0.67,0.7,3405,0
MCE,D,20140121,000000,0.85,1,0.85,1,2484,0
MCE,D,20140122,000000,1,1,1,1,943,0
MCE,D,20140123,000000,0.75,0.75,0.61,0.72,5536,0
MCE,D,20140124,000000,0.65,0.65,0.65,0.65,50,0
MCE,D,20140127,000000,0.65,0.65,0.65,0.65,10,0
MCE,D,20140128,000000,0.66,0.66,0.57,0.58,3716,0
MCE,D,20140129,000000,0.59,0.59,0.58,0.58,585,0
MCE,D,20140130,000000,0.66,0.68,0.66,0.68,1145,0
MCE,D,20140131,000000,0.83,0.83,0.83,0.83,200,0
MCE,D,20140203,000000,0.83,0.83,0.83,0.83,2,0
MCE,D,20140204,000000,0.82,0.82,0.82,0.82,2,0
MCE,D,20140205,000000,0.82,0.82,0.82,0.82,2,0
MCE,D,20140206,000000,0.8,0.8,0.8,0.8,3,0
MCE,D,20140207,000000,0.81,0.81,0.81,0.81,2,0
MCE,D,20140210,000000,0.81,0.81,0.81,0.81,2,0
MCE,D,20140211,000000,0.81,0.81,0.65,0.81,1052,0
MCE,D,20140212,000000,0.8,0.8,0.8,0.8,3,0
MCE,D,20140213,000000,0.8,0.8,0.64,0.64,2337,0
MCE,D,20140214,000000,0.63,0.75,0.63,0.75,615,0
MCE,D,20140217,000000,0.8,0.8,0.8,0.8,2,0
MCE,D,20140218,000000,0.8,0.8,0.8,0.8,2,0
MCE,D,20140219,000000,0.78,0.78,0.78,0.78,10,0
MCE,D,20140220,000000,0.77,0.77,0.77,0.77,2,0
MCE,D,20140221,000000,0.77,0.77,0.77,0.77,3,0
MCE,D,20140224,000000,0.76,0.76,0.75,0.76,1160,0
MCE,D,20140225,000000,0.79,0.79,0.76,0.76,625,0
MCE,D,20140226,000000,0.79,0.79,0.64,0.64,71,0
MCE,D,20140227,000000,0.65,0.65,0.65,0.65,659,0
MCE,D,20140228,000000,0.66,0.66,0.66,0.66,2,0
MCE,D,20140303,000000,0.66,0.66,0.66,0.66,2,0
MCE,D,20140304,000000,0.79,0.79,0.79,0.79,1,0
MCE,D,20140305,000000,0.79,0.79,0.79,0.79,3,0
MCE,D,20140306,000000,0.76,0.76,0.76,0.76,2,0
MCE,D,20140307,000000,0.8,0.8,0.8,0.8,3,0
MCE,D,20140310,000000,0.78,0.78,0.78,0.78,3,0
MCE,D,20140311,000000,0.79,0.79,0.79,0.79,5,0
MCE,D,20140312,000000,0.7,0.7,0.7,0.7,2,0
MCE,D,20140313,000000,0.79,0.79,0.79,0.79,3,0
MCE,D,20140314,000000,0.69,0.8,0.69,0.8,6,0
MCE,D,20140317,000000,0.94,0.94,0.94,0.94,5,0
MCE,D,20140318,000000,0.8,0.8,0.65,0.65,123,0
MCE,D,20140319,000000,0.67,0.67,0.67,0.67,5,0
MCE,D,20140320,000000,0.65,0.65,0.65,0.65,2,0
MCE,D,20140321,000000,0.65,0.65,0.65,0.65,3,0
MCE,D,20140324,000000,0.65,0.65,0.6,0.6,2404,0
MCE,D,20140325,000000,0.62,0.72,0.62,0.72,881,0
MCE,D,20140326,000000,0.78,0.78,0.78,0.78,3,0
MCE,D,20140327,000000,0.78,0.78,0.63,0.63,203,0
MCE,D,20140328,000000,0.63,0.63,0.63,0.63,5,0
MCE,D,20140331,000000,0.64,0.64,0.64,0.64,4,0
MCE,D,20140401,000000,0.64,0.64,0.64,0.64,5,0
MCE,D,20140402,000000,0.64,0.64,0.64,0.64,2,0
MCE,D,20140403,000000,0.64,0.64,0.64,0.64,5,0
MCE,D,20140404,000000,0.64,0.64,0.64,0.64,4,0
MCE,D,20140408,000000,0.64,0.64,0.64,0.64,2,0
MCE,D,20140409,000000,0.64,0.64,0.64,0.64,4,0
MCE,D,20140410,000000,0.64,0.64,0.64,0.64,4,0
MCE,D,20140411,000000,0.64,0.64,0.64,0.64,2,0
MCE,D,20140414,000000,0.64,0.64,0.64,0.64,4,0
MCE,D,20140415,000000,0.64,0.64,0.64,0.64,2,0
MCE,D,20140416,000000,0.64,0.64,0.64,0.64,2,0
MCE,D,20140417,000000,0.64,0.64,0.64,0.64,2,0
MCE,D,20140422,000000,0.64,0.76,0.64,0.64,1938,0
MCE,D,20140423,000000,0.64,0.64,0.64,0.64,6862,0
MCE,D,20140424,000000,0.64,0.64,0.62,0.62,503,0
MCE,D,20140425,000000,0.62,0.62,0.62,0.62,2,0
MCE,D,20140428,000000,0.62,0.62,0.62,0.62,4,0
MCE,D,20140429,000000,0.62,0.62,0.62,0.62,2,0
MCE,D,20140430,000000,0.62,0.64,0.62,0.64,845,0
MCE,D,20140502,000000,0.62,0.64,0.62,0.64,1672,0
MCE,D,20140507,000000,0.62,0.62,0.62,0.62,30,0
MCE,D,20140512,000000,0.62,0.62,0.62,0.62,2,0
MCE,D,20140513,000000,0.62,0.62,0.62,0.62,5,0
MCE,D,20140514,000000,0.63,0.63,0.63,0.63,3,0
MCE,D,20140515,000000,0.63,0.63,0.63,0.63,2,0
MCE,D,20140516,000000,0.63,0.7,0.55,0.56,2423,0
MCE,D,20140519,000000,0.52,0.52,0.52,0.52,55,0
MCE,D,20140520,000000,0.51,0.58,0.41,0.44,1279,0
MCE,D,20140521,000000,0.45,0.45,0.45,0.45,20,0
MCE,D,20140526,000000,0.44,0.44,0.44,0.44,200,0
MCE,D,20140528,000000,0.5,0.5,0.5,0.5,555,0
MCE,D,20140530,000000,0.6,0.6,0.6,0.6,7,0
MCE,D,20140602,000000,0.68,0.68,0.67,0.67,248,0
MCE,D,20140603,000000,0.65,0.65,0.65,0.65,1090,0
MCE,D,20140606,000000,0.65,0.65,0.65,0.65,3000,0
MCE,D,20140609,000000,0.6,0.68,0.6,0.68,600,0
MCE,D,20140610,000000,0.6,0.67,0.6,0.67,150,0
MCE,D,20140613,000000,0.6,0.67,0.6,0.67,186,0
MCE,D,20141027,000000,0.6,0.66,0.6,0.66,190,0
MCE,D,20141028,000000,0.6,0.6,0.6,0.6,500,0
MCE,D,20141118,000000,0.66,0.67,0.66,0.67,970,0
MCE,D,20141210,000000,0.6,0.6,0.6,0.6,300,0
MCE,D,20141212,000000,0.6,0.6,0.6,0.6,223,0
MCE,D,20141217,000000,0.6,0.6,0.59,0.59,1350,0
MCE,D,20141223,000000,0.59,0.59,0.59,0.59,500,0
MCE,D,20141230,000000,0.59,0.59,0.59,0.59,3000,0
MCE,D,20150112,000000,0.62,0.62,0.54,0.54,2000,0
MCE,D,20150120,000000,0.55,0.55,0.55,0.55,1100,0
MCE,D,20150127,000000,0.54,0.54,0.54,0.54,1100,0
MCE,D,20150204,000000,0.51,0.51,0.51,0.51,100,0
MCE,D,20150216,000000,0.51,0.51,0.51,0.51,649,0
MCE,D,20150217,000000,0.51,0.51,0.51,0.51,1101,0
MCE,D,20150515,000000,0.44,0.5,0.42,0.5,2042,0
MCE,D,20150518,000000,0.6,0.6,0.6,0.6,100,0
MCE,D,20150519,000000,0.49,0.49,0.49,0.49,1472,0
MCE,D,20150528,000000,0.49,0.49,0.48,0.48,4000,0
MCE,D,20150807,000000,0.4,0.4,0.4,0.4,836,0
MCE,D,20150831,000000,0.4,0.4,0.4,0.4,964,0
MCE,D,20150915,000000,0.38,0.38,0.38,0.38,693,0
MCE,D,20150922,000000,0.44,0.52,0.44,0.52,10985,0
MCE,D,20150923,000000,0.52,0.52,0.52,0.52,15,0
MCE,D,20150925,000000,0.38,0.38,0.38,0.38,1999,0
MCE,D,20151001,000000,0.38,0.38,0.38,0.38,798,0
MCE,D,20151120,000000,0.38,0.45,0.38,0.42,22907,0
MCE,D,20151123,000000,0.49,0.58,0.49,0.58,2000,0
MCE,D,20151124,000000,0.65,0.68,0.65,0.68,3507,0
MCE,D,20151125,000000,0.81,0.97,0.81,0.93,4389,0
MCE,D,20151126,000000,0.93,0.94,0.93,0.93,1330,0
MCE,D,20151207,000000,0.79,0.79,0.79,0.79,702,0
MCE,D,20151215,000000,0.64,0.64,0.55,0.55,3301,0
MCE,D,20151221,000000,0.52,0.52,0.44,0.5,8291,0
MCE,D,20151223,000000,0.42,0.42,0.42,0.42,1300,0
MCE,D,20151228,000000,0.42,0.42,0.42,0.42,200,0
MCE,D,20151230,000000,0.5,0.5,0.5,0.5,3000,0
MCE,D,20160104,000000,0.6,0.6,0.6,0.6,50,0
MCE,D,20160107,000000,0.72,0.86,0.72,0.86,135,0
MCE,D,20160108,000000,0.94,0.98,0.94,0.98,50,0
MCE,D,20160112,000000,0.9,0.9,0.76,0.84,6020,0
MCE,D,20160119,000000,0.7,0.7,0.63,0.63,5871,0
MCE,D,20160127,000000,0.57,0.57,0.57,0.57,702,0
MCE,D,20160129,000000,0.57,0.57,0.57,0.57,245,0
MCE,D,20160210,000000,0.57,0.57,0.57,0.57,1044,0
MCE,D,20160215,000000,0.57,0.57,0.57,0.57,675,0
MCE,D,20160224,000000,0.57,0.57,0.57,0.57,200,0
MCE,D,20160513,000000,0.65,0.65,0.65,0.65,3000,0
MCE,D,20160525,000000,0.65,0.65,0.65,0.65,600,0
MCE,D,20160603,000000,0.63,0.63,0.63,0.63,380,0
MCE,D,20160609,000000,0.63,0.63,0.63,0.63,986,0
MCE,D,20160617,000000,0.63,0.63,0.63,0.63,1000,0
MCE,D,20160624,000000,0.6,0.6,0.6,0.6,1500,0
MCE,D,20160711,000000,0.63,0.63,0.63,0.63,1000,0
MCE,D,20160726,000000,0.65,0.65,0.65,0.65,1000,0
MCE,D,20160803,000000,0.63,0.63,0.63,0.63,500,0
MCE,D,20160805,000000,0.65,0.65,0.65,0.65,1540,0
MCE,D,20160808,000000,0.63,0.63,0.63,0.63,130,0
MCE,D,20160818,000000,0.65,0.65,0.65,0.65,2000,0
MCE,D,20160831,000000,0.65,0.65,0.65,0.65,107,0
MCE,D,20160922,000000,0.65,0.65,0.6,0.6,4000,0
MCE,D,20160923,000000,0.6,0.6,0.6,0.6,1666,0
MCE,D,20161010,000000,0.6,0.6,0.6,0.6,150,0
MCE,D,20161012,000000,0.6,0.6,0.6,0.6,50,0
MCE,D,20161028,000000,0.6,0.6,0.6,0.6,720,0
MCE,D,20161104,000000,0.6,0.6,0.6,0.6,1,0
MCE,D,20161117,000000,0.65,0.65,0.65,0.65,2,0
MCE,D,20161202,000000,0.65,0.65,0.65,0.65,500,0
MCE,D,20161205,000000,0.71,0.71,0.71,0.71,2,0
MCE,D,20161206,000000,0.63,0.63,0.63,0.63,305,0
MCE,D,20161228,000000,0.7,0.7,0.7,0.7,4,0
MCE,D,20161230,000000,0.7,0.7,0.7,0.7,1590,0
MCE,D,20170119,000000,0.69,0.69,0.69,0.69,1925,0
MCE,D,20170124,000000,0.69,0.69,0.69,0.69,200,0
MCE,D,20170202,000000,0.69,0.69,0.65,0.65,2020,0
MCE,D,20170220,000000,0.7,0.7,0.7,0.7,12001,0
MCE,D,20170222,000000,0.7,0.7,0.65,0.7,1925,0
MCE,D,20170302,000000,0.7,0.83,0.7,0.7,11383,0
MCE,D,20170303,000000,0.7,0.7,0.7,0.7,407,0
MCE,D,20170307,000000,0.77,0.77,0.77,0.77,2000,0
MCE,D,20170309,000000,0.75,0.75,0.75,0.75,1000,0
MCE,D,20170313,000000,0.75,0.75,0.75,0.75,36,0
MCE,D,20170314,000000,0.75,0.75,0.75,0.75,800,0
MCE,D,20170315,000000,0.75,0.75,0.75,0.75,1000,0
MCE,D,20170329,000000,0.75,0.75,0.75,0.75,1590,0
MCE,D,20170403,000000,0.75,0.75,0.75,0.75,325,0
MCE,D,20170411,000000,0.75,0.75,0.75,0.75,1675,0
MCE,D,20170419,000000,0.7,0.7,0.7,0.7,624,0
MCE,D,20170526,000000,0.7,0.7,0.7,0.7,1000,0
MCE,D,20170704,000000,0.7,0.7,0.7,0.7,1255,0
MCE,D,20170731,000000,0.78,0.78,0.78,0.78,2,0
MCE,D,20170802,000000,0.78,0.78,0.78,0.78,100,0
MCE,D,20170808,000000,0.7,0.7,0.7,0.7,1540,0
MCE,D,20170926,000000,0.78,0.78,0.78,0.78,1,0
MCE,D,20171016,000000,0.7,0.7,0.7,0.7,379,0
MCE,D,20171023,000000,0.7,0.7,0.7,0.7,1621,0
MCE,D,20171031,000000,0.7,0.7,0.7,0.7,3,0
MCE,D,20171204,000000,0.61,0.61,0.61,0.61,1000,0
MCE,D,20171220,000000,0.61,0.61,0.61,0.61,1,0
MCE,D,20171221,000000,0.61,0.61,0.61,0.61,1000,0
MCE,D,20171227,000000,0.61,0.61,0.61,0.61,850,0
MCE,D,20180103,000000,0.61,0.61,0.61,0.61,1,0
MCE,D,20180104,000000,0.61,0.61,0.61,0.61,1,0
MCE,D,20180518,000000,0.55,0.55,0.55,0.55,2000,0
MCE,D,20180522,000000,0.5,0.5,0.49,0.49,4000,0
MCE,D,20180528,000000,0.42,0.42,0.42,0.42,3000,0
MCE,D,20180607,000000,0.34,0.34,0.34,0.34,5610,0
MCE,D,20180612,000000,0.28,0.28,0.28,0.28,8200,0
MCE,D,20180628,000000,0.25,0.25,0.21,0.21,9210,0
MCE,D,20180927,000000,0.14,0.14,0.14,0.14,105,0
MCE,D,20181023,000000,0.14,0.14,0.14,0.14,120,0
MCE,D,20181218,000000,0.14,0.14,0.14,0.14,140,0
MCE,D,20190114,000000,0.14,0.14,0.14,0.14,100,0
MCE,D,20190121,000000,0.16,0.16,0.16,0.16,250,0
MCE,D,20190123,000000,0.19,0.22,0.19,0.22,9905,0
MCE,D,20190124,000000,0.25,0.3,0.25,0.29,14500,0
MCE,D,20190128,000000,0.4,0.45,0.4,0.45,13500,0
MCE,D,20190129,000000,0.45,0.64,0.4,0.56,42310,0
MCE,D,20190130,000000,0.67,0.8,0.36,0.36,39837,0
MCE,D,20190204,000000,0.38,0.38,0.38,0.38,1000,0
MCE,D,20190211,000000,0.36,0.36,0.32,0.32,6860,0
MCE,D,20190311,000000,0.28,0.28,0.28,0.28,5200,0
MCE,D,20190312,000000,0.22,0.22,0.22,0.22,40,0
MCE,D,20190313,000000,0.22,0.22,0.22,0.22,4960,0
MCE,D,20190326,000000,0.23,0.276,0.22,0.28,13196,0
MCE,D,20190327,000000,0.3,0.38,0.27,0.38,20292,0
MCE,D,20190328,000000,0.45,0.45,0.36,0.37,15776,0
MCE,D,20190401,000000,0.3,0.4,0.3,0.4,40237,0
MCE,D,20190402,000000,0.4,0.42,0.34,0.36,18400,0
MCE,D,20190403,000000,0.36,0.36,0.3,0.32,67541,0
MCE,D,20190404,000000,0.27,0.32,0.27,0.3,43010,0
MCE,D,20190405,000000,0.298,0.3,0.29,0.3,11020,0
MCE,D,20190408,000000,0.3,0.3,0.194,0.22,73677,0
MCE,D,20190409,000000,0.2,0.22,0.16,0.16,33010,0
MCE,D,20190410,000000,0.2,0.2,0.2,0.2,1000,0
MCE,D,20190415,000000,0.16,0.16,0.16,0.16,12490,0
MCE,D,20190506,000000,0.16,0.16,0.16,0.16,1800,0
MCE,D,20190517,000000,0.192,0.2,0.192,0.2,1001,0
MCE,D,20190619,000000,0.2,0.2,0.2,0.2,5999,0
MCE,D,20190621,000000,0.24,0.24,0.24,0.24,40,0
MCE,D,20190703,000000,0.2,0.2,0.16,0.16,7000,0
MCE,D,20190729,000000,0.16,0.16,0.16,0.16,1240,0
MCE,D,20190730,000000,0.16,0.16,0.16,0.16,4800,0
MCE,D,20190805,000000,0.16,0.16,0.16,0.16,1,0
MCE,D,20190828,000000,0.15,0.15,0.15,0.15,2960,0
MCE,D,20190903,000000,0.15,0.15,0.15,0.15,9000,0
MCE,D,20190910,000000,0.15,0.15,0.15,0.15,20,0
MCE,D,20190913,000000,0.15,0.15,0.15,0.15,8,0
MCE,D,20190916,000000,0.15,0.15,0.15,0.15,3,0
MCE,D,20190917,000000,0.15,0.15,0.15,0.15,1,0
MCE,D,20190930,000000,0.15,0.15,0.15,0.15,1,0
MCE,D,20191029,000000,0.1,0.1,0.1,0.1,2000,0
MCE,D,20191121,000000,0.14,0.14,0.14,0.14,9019,0
MCE,D,20191122,000000,0.168,0.2,0.168,0.2,10000,0
MCE,D,20191125,000000,0.22,0.264,0.21,0.264,22999,0
MCE,D,20191126,000000,0.26,0.354,0.2,0.354,92230,0
MCE,D,20191127,000000,0.424,0.505,0.199,0.199,99097,0
MCE,D,20191128,000000,0.19,0.25,0.19,0.2,28280,0
MCE,D,20191129,000000,0.19,0.19,0.19,0.19,19266,0
MCE,D,20191202,000000,0.154,0.199,0.15,0.199,5953,0
MCE,D,20200107,000000,0.199,0.199,0.18,0.18,2001,0
MCE,D,20200122,000000,0.15,0.15,0.15,0.15,4710,0
MCE,D,20200124,000000,0.16,0.16,0.16,0.16,7000,0
MCE,D,20200210,000000,0.199,0.199,0.199,0.199,401,0
MCE,D,20200211,000000,0.162,0.162,0.162,0.162,10,0
MCE,D,20200212,000000,0.164,0.194,0.164,0.194,11,0
MCE,D,20200218,000000,0.16,0.16,0.16,0.16,200,0
MCE,D,20200226,000000,0.192,0.192,0.192,0.192,1,0
MCE,D,20200228,000000,0.16,0.16,0.16,0.16,1710,0
MCE,D,20200309,000000,0.15,0.15,0.102,0.102,10800,0
MCE,D,20200310,000000,0.11,0.11,0.11,0.11,4250,0
MCE,D,20200312,000000,0.11,0.11,0.11,0.11,5544,0
MCE,D,20200313,000000,0.11,0.11,0.11,0.11,5000,0
MCE,D,20200330,000000,0.11,0.11,0.11,0.11,3000,0
MCE,D,20200406,000000,0.1,0.1,0.1,0.1,8910,0
MCE,D,20200415,000000,0.1,0.1,0.1,0.1,200,0
MCE,D,20200417,000000,0.105,0.105,0.105,0.105,1000,0
MCE,D,20200421,000000,0.105,0.15,0.105,0.15,15905,0
MCE,D,20200422,000000,0.18,0.256,0.179,0.25,99901,0
MCE,D,20200423,000000,0.248,0.3,0.2,0.22,77032,0
MCE,D,20200424,000000,0.25,0.26,0.21,0.26,3367,0
MCE,D,20200427,000000,0.26,0.26,0.25,0.26,1736,0
MCE,D,20200428,000000,0.26,0.26,0.22,0.22,12500,0
MCE,D,20200429,000000,0.23,0.26,0.182,0.186,12700,0
MCE,D,20200430,000000,0.186,0.186,0.186,0.186,3298,0
MCE,D,20200504,000000,0.186,0.21,0.182,0.182,15634,0
MCE,D,20200505,000000,0.182,0.183,0.182,0.183,3000,0
MCE,D,20200507,000000,0.182,0.21,0.182,0.21,17297,0
MCE,D,20200508,000000,0.21,0.21,0.182,0.21,753,0
MCE,D,20200511,000000,0.18,0.181,0.18,0.181,4000,0
MCE,D,20200512,000000,0.181,0.181,0.18,0.18,13374,0
MCE,D,20200513,000000,0.18,0.18,0.18,0.18,10660,0
MCE,D,20200514,000000,0.162,0.2,0.162,0.2,1070,0
MCE,D,20200515,000000,0.162,0.194,0.13,0.193,65675,0
MCE,D,20200521,000000,0.193,0.193,0.17,0.193,15000,0
MCE,D,20200529,000000,0.155,0.155,0.155,0.155,272,0
MCE,D,20200601,000000,0.152,0.166,0.152,0.166,3188,0
MCE,D,20200603,000000,0.193,0.193,0.164,0.166,13026,0
MCE,D,20200608,000000,0.166,0.166,0.166,0.166,10000,0
MCE,D,20200612,000000,0.193,0.193,0.17,0.17,9488,0
MCE,D,20200615,000000,0.15,0.16,0.12,0.16,25500,0
MCE,D,20200617,000000,0.15,0.15,0.15,0.15,200,0
MCE,D,20200623,000000,0.18,0.18,0.15,0.15,2,0
MCE,D,20200625,000000,0.18,0.18,0.18,0.18,1767,0
MCE,D,20200626,000000,0.16,0.185,0.16,0.185,4124,0
MCE,D,20200629,000000,0.185,0.185,0.185,0.185,606,0
MCE,D,20200706,000000,0.185,0.185,0.185,0.185,510,0
MCE,D,20200708,000000,0.151,0.17,0.151,0.17,3300,0
MCE,D,20200709,000000,0.185,0.185,0.185,0.185,1111,0
MCE,D,20200710,000000,0.185,0.185,0.178,0.178,13500,0
MCE,D,20200715,000000,0.18,0.258,0.18,0.258,37969,0
MCE,D,20200716,000000,0.29,0.416,0.26,0.416,690134,0
MCE,D,20200724,000000,0.62,0.62,0.505,0.62,167000,0
MCE,D,20200727,000000,0.7,0.84,0.7,0.84,102704,0
MCE,D,20200729,000000,1.2,1.2,1.2,1.2,32007,0
MCE,D,20200730,000000,1.2,1.72,0.745,0.84,316258,0
MCE,D,20200731,000000,0.92,0.92,0.6,0.73,108462,0
MCE,D,20200803,000000,0.73,0.8,0.6,0.7,71775,0
MCE,D,20200804,000000,0.75,0.81,0.7,0.75,39514,0
MCE,D,20200805,000000,0.76,0.76,0.6,0.73,37359,0
MCE,D,20200806,000000,0.67,0.75,0.6,0.73,32597,0
MCE,D,20200807,000000,0.68,0.68,0.62,0.66,6348,0
MCE,D,20200810,000000,0.66,0.67,0.59,0.64,25967,0
MCE,D,20200811,000000,0.66,0.66,0.54,0.54,10928,0
MCE,D,20200812,000000,0.5,0.59,0.43,0.59,33225,0
MCE,D,20200813,000000,0.53,0.58,0.53,0.58,1766,0
MCE,D,20200814,000000,0.53,0.545,0.5,0.545,7000,0
MCE,D,20200817,000000,0.54,0.54,0.432,0.46,24983,0
MCE,D,20200818,000000,0.46,0.48,0.378,0.4,54708,0
MCE,D,20200819,000000,0.418,0.418,0.412,0.412,6513,0
MCE,D,20200820,000000,0.412,0.59,0.412,0.56,66969,0
MCE,D,20200821,000000,0.57,0.57,0.43,0.45,50971,0
MCE,D,20200824,000000,0.47,0.47,0.45,0.45,3600,0
MCE,D,20200825,000000,0.42,0.43,0.36,0.41,26624,0
MCE,D,20200826,000000,0.41,0.41,0.378,0.4,9570,0
MCE,D,20200827,000000,0.42,0.42,0.39,0.41,1883,0
MCE,D,20200828,000000,0.38,0.41,0.38,0.4,9706,0
MCE,D,20200831,000000,0.41,0.45,0.4,0.42,18178,0
MCE,D,20200901,000000,0.45,0.45,0.45,0.45,4160,0
MCE,D,20200902,000000,0.44,0.44,0.44,0.44,920,0
MCE,D,20200903,000000,0.44,0.44,0.44,0.44,500,0
MCE,D,20200904,000000,0.4,0.4,0.32,0.38,13935,0
MCE,D,20200907,000000,0.35,0.38,0.34,0.342,8570,0
MCE,D,20200908,000000,0.34,0.34,0.28,0.28,23499,0
MCE,D,20200909,000000,0.26,0.26,0.254,0.254,3250,0
MCE,D,20200910,000000,0.264,0.3,0.25,0.254,18496,0
MCE,D,20200911,000000,0.3,0.3,0.254,0.254,12661,0
MCE,D,20200914,000000,0.25,0.25,0.25,0.25,1167,0
MCE,D,20200916,000000,0.25,0.27,0.246,0.27,15470,0
MCE,D,20200917,000000,0.27,0.27,0.27,0.27,500,0
MCE,D,20200918,000000,0.27,0.38,0.27,0.35,54614,0
MCE,D,20200921,000000,0.35,0.42,0.35,0.4,32076,0
MCE,D,20200922,000000,0.386,0.386,0.35,0.35,15571,0
MCE,D,20200924,000000,0.3,0.3,0.3,0.3,150,0
MCE,D,20200925,000000,0.3,0.3,0.3,0.3,2100,0
MCE,D,20200928,000000,0.3,0.3,0.3,0.3,12713,0
MCE,D,20200929,000000,0.29,0.29,0.29,0.29,366,0
MCE,D,20200930,000000,0.3,0.348,0.3,0.348,6527,0
MCE,D,20201001,000000,0.35,0.35,0.29,0.35,2808,0
MCE,D,20201002,000000,0.35,0.35,0.35,0.35,220,0
MCE,D,20201005,000000,0.29,0.29,0.29,0.29,2015,0
MCE,D,20201006,000000,0.292,0.31,0.29,0.29,8199,0
MCE,D,20201007,000000,0.29,0.29,0.27,0.27,2647,0
MCE,D,20201008,000000,0.27,0.27,0.268,0.268,14952,0
MCE,D,20201009,000000,0.222,0.222,0.222,0.222,1008,0
MCE,D,20201012,000000,0.27,0.324,0.27,0.324,15000,0
MCE,D,20201013,000000,0.392,0.47,0.32,0.46,89644,0
MCE,D,20201014,000000,0.5,0.63,0.5,0.62,136399,0
MCE,D,20201015,000000,0.6,0.6,0.4,0.45,49862,0
MCE,D,20201016,000000,0.51,0.51,0.45,0.45,4044,0
