<TICKER>,<PER>,<DATE>,<TIME>,<OPEN>,<HIGH>,<LOW>,<CLOSE>,<VOL>,<OPENINT>
NWA,D,20110325,000000,17.22,20.661,16.343,16.343,3256,0
NWA,D,20110328,000000,18.914,19.611,17.203,18.063,491,0
NWA,D,20110329,000000,17.203,17.203,16.343,16.773,509,0
NWA,D,20110330,000000,16.773,17.203,16.343,16.343,366,0
NWA,D,20110331,000000,16.128,16.773,15.913,16.773,614,0
NWA,D,20110404,000000,16.773,16.773,16.773,16.773,58,0
NWA,D,20110405,000000,16.343,16.343,15.483,15.483,160,0
NWA,D,20110406,000000,15.526,16.171,15.052,16.171,27,0
NWA,D,20110411,000000,15.483,15.483,13.762,14.622,629,0
NWA,D,20110418,000000,15.483,15.483,15.483,15.483,1,0
NWA,D,20110421,000000,15.483,15.483,15.483,15.483,12,0
NWA,D,20110426,000000,15.483,15.913,15.483,15.913,249,0
NWA,D,20110427,000000,15.913,15.913,15.913,15.913,37,0
NWA,D,20110428,000000,15.913,15.913,15.663,15.887,136,0
NWA,D,20110429,000000,15.999,16.136,15.698,16.136,80,0
NWA,D,20110502,000000,16.153,16.153,16.136,16.136,13,0
NWA,D,20110504,000000,16.136,16.136,16.136,16.136,70,0
NWA,D,20110505,000000,16.136,16.136,16.136,16.136,47,0
NWA,D,20110506,000000,16.334,16.334,16.334,16.334,23,0
NWA,D,20110509,000000,16.334,16.334,16.257,16.257,20,0
NWA,D,20110510,000000,16.334,16.334,15.913,15.913,64,0
NWA,D,20110511,000000,16.076,16.076,15.913,15.913,81,0
NWA,D,20110512,000000,15.835,15.878,15.835,15.878,26,0
NWA,D,20110513,000000,15.87,15.913,15.87,15.913,20,0
NWA,D,20110516,000000,15.947,15.947,15.947,15.947,8,0
NWA,D,20110517,000000,15.947,15.947,15.947,15.947,8,0
NWA,D,20110518,000000,15.646,15.646,15.483,15.483,315,0
NWA,D,20110519,000000,15.603,15.603,15.603,15.603,26,0
NWA,D,20110520,000000,15.431,15.44,15.431,15.44,38,0
NWA,D,20110523,000000,15.362,15.362,15.353,15.362,24,0
NWA,D,20110524,000000,15.233,15.233,15.233,15.233,23,0
NWA,D,20110525,000000,15.362,15.362,15.362,15.362,9,0
NWA,D,20110526,000000,15.388,15.388,15.388,15.388,23,0
NWA,D,20110527,000000,15.397,15.397,15.397,15.397,23,0
NWA,D,20110530,000000,15.474,15.474,15.474,15.474,12,0
NWA,D,20110531,000000,15.474,15.474,15.474,15.474,12,0
NWA,D,20110601,000000,15.474,15.483,15.474,15.483,23,0
NWA,D,20110602,000000,15.5,15.508,15.5,15.508,23,0
NWA,D,20110603,000000,15.517,15.526,15.517,15.526,64,0
NWA,D,20110606,000000,15.517,15.517,15.431,15.431,55,0
NWA,D,20110607,000000,15.474,15.474,15.474,15.474,23,0
NWA,D,20110608,000000,15.448,15.448,15.448,15.448,12,0
NWA,D,20110609,000000,15.397,15.397,15.138,15.285,112,0
NWA,D,20110610,000000,15.569,15.741,15.569,15.741,15,0
NWA,D,20110613,000000,15.732,15.732,15.689,15.689,19,0
NWA,D,20110614,000000,15.689,15.689,15.689,15.689,12,0
NWA,D,20110615,000000,15.698,15.698,15.698,15.698,9,0
NWA,D,20110616,000000,15.689,15.689,15.689,15.689,8,0
NWA,D,20110617,000000,15.672,15.672,15.672,15.672,9,0
NWA,D,20110620,000000,15.491,15.491,15.491,15.491,12,0
NWA,D,20110621,000000,15.259,15.259,15.259,15.259,326,0
NWA,D,20110622,000000,15.267,15.267,15.267,15.267,17,0
NWA,D,20110624,000000,15.052,15.052,15.052,15.052,40,0
NWA,D,20110627,000000,15.052,15.052,15.052,15.052,7,0
NWA,D,20110628,000000,15.052,15.052,15.052,15.052,12,0
NWA,D,20110629,000000,15.052,15.052,15.052,15.052,23,0
NWA,D,20110630,000000,15.164,15.173,15.164,15.173,190,0
NWA,D,20110701,000000,15.31,15.431,15.31,15.431,28,0
NWA,D,20110704,000000,15.689,15.689,15.689,15.689,8,0
NWA,D,20110705,000000,15.732,15.732,15.732,15.732,7,0
NWA,D,20110706,000000,15.809,15.818,15.483,15.551,113,0
NWA,D,20110707,000000,15.474,15.474,15.474,15.474,15,0
NWA,D,20110708,000000,15.483,15.483,15.483,15.483,12,0
NWA,D,20110711,000000,15.405,15.483,15.405,15.483,24,0
NWA,D,20110712,000000,15.474,15.474,15.474,15.474,12,0
NWA,D,20110713,000000,15.483,15.483,15.483,15.483,57,0
NWA,D,20110714,000000,15.569,15.569,15.483,15.483,35,0
NWA,D,20110715,000000,15.483,15.569,15.44,15.569,76,0
NWA,D,20110718,000000,15.586,15.594,15.586,15.594,24,0
NWA,D,20110719,000000,15.569,15.577,15.569,15.577,19,0
NWA,D,20110720,000000,15.483,15.483,15.483,15.483,12,0
NWA,D,20110721,000000,15.474,15.474,15.474,15.474,12,0
NWA,D,20110722,000000,15.483,15.577,15.483,15.577,108,0
NWA,D,20110725,000000,15.569,15.569,15.569,15.569,21,0
NWA,D,20110726,000000,15.56,15.569,15.483,15.483,38,0
NWA,D,20110727,000000,15.569,15.577,15.569,15.577,13,0
NWA,D,20110728,000000,15.577,15.577,15.267,15.267,66,0
NWA,D,20110729,000000,15.397,15.397,14.459,14.459,737,0
NWA,D,20110801,000000,14.966,14.966,14.966,14.966,15,0
NWA,D,20110802,000000,14.966,15.044,14.966,15.044,13,0
NWA,D,20110804,000000,14.536,14.536,14.536,14.536,13,0
NWA,D,20110808,000000,14.76,14.76,14.76,14.76,16,0
NWA,D,20110809,000000,14.321,14.321,14.278,14.278,47,0
NWA,D,20110810,000000,14.278,14.278,14.278,14.278,173,0
NWA,D,20110812,000000,14.278,14.278,14.278,14.278,187,0
NWA,D,20110816,000000,14.614,14.614,14.579,14.579,36,0
NWA,D,20110817,000000,14.528,14.528,14.528,14.528,23,0
NWA,D,20110818,000000,14.519,14.519,14.519,14.519,13,0
NWA,D,20110822,000000,14.485,14.485,14.485,14.485,7,0
NWA,D,20110823,000000,14.442,14.45,14.442,14.45,13,0
NWA,D,20110825,000000,14.27,14.27,14.27,14.27,7,0
NWA,D,20110826,000000,14.27,14.27,14.261,14.261,15,0
NWA,D,20110829,000000,14.27,14.27,14.27,14.27,8,0
NWA,D,20110830,000000,14.27,14.27,14.27,14.27,10,0
NWA,D,20110902,000000,13.754,13.934,13.513,13.762,199,0
NWA,D,20110905,000000,13.668,13.917,13.668,13.917,428,0
NWA,D,20110906,000000,13.762,13.762,13.762,13.762,128,0
NWA,D,20110907,000000,13.926,13.926,13.926,13.926,7,0
NWA,D,20110908,000000,13.926,13.926,13.926,13.926,7,0
NWA,D,20110909,000000,13.668,13.668,13.324,13.324,210,0
NWA,D,20110912,000000,13.152,13.152,13.152,13.152,13,0
NWA,D,20110913,000000,12.902,12.902,12.386,12.386,148,0
NWA,D,20110914,000000,12.291,12.291,12.291,12.291,65,0
NWA,D,20110915,000000,11.775,11.947,11.775,11.947,33,0
NWA,D,20110916,000000,11.767,11.767,11.767,11.767,23,0
NWA,D,20110920,000000,11.595,11.595,11.595,11.595,12,0
NWA,D,20110922,000000,11.595,11.595,11.595,11.595,7,0
NWA,D,20110926,000000,11.586,11.586,11.586,11.586,7,0
NWA,D,20110927,000000,11.586,11.586,11.586,11.586,8,0
NWA,D,20110929,000000,11.586,11.586,11.586,11.586,6,0
NWA,D,20110930,000000,11.586,11.586,10.881,10.881,20,0
NWA,D,20111003,000000,11.259,11.259,11.259,11.259,6,0
NWA,D,20111005,000000,11.173,11.173,11.173,11.173,7,0
NWA,D,20111006,000000,11.173,11.173,11.173,11.173,24,0
NWA,D,20111007,000000,11.173,11.173,11.173,11.173,16,0
NWA,D,20111010,000000,11.173,11.173,11.173,11.173,6,0
NWA,D,20111011,000000,11.087,11.087,11.087,11.087,3,0
NWA,D,20111013,000000,11.087,11.087,11.087,11.087,3,0
NWA,D,20111014,000000,11.087,11.087,11.087,11.087,12,0
NWA,D,20111017,000000,11.087,11.087,11.087,11.087,53,0
NWA,D,20111018,000000,11.044,11.044,11.044,11.044,12,0
NWA,D,20111019,000000,11.044,11.044,11.044,11.044,12,0
NWA,D,20111020,000000,11.027,11.027,11.027,11.027,12,0
NWA,D,20111021,000000,11.027,11.027,11.027,11.027,6,0
NWA,D,20111024,000000,11.027,11.027,11.027,11.027,6,0
NWA,D,20111025,000000,11.027,11.027,11.027,11.027,3,0
NWA,D,20111026,000000,11.027,11.027,11.027,11.027,12,0
NWA,D,20111027,000000,11.027,11.027,11.027,11.027,3,0
NWA,D,20111028,000000,11.027,11.027,11.027,11.027,12,0
NWA,D,20111031,000000,10.932,10.932,10.932,10.932,6,0
NWA,D,20111102,000000,10.932,10.932,10.932,10.932,9,0
NWA,D,20111103,000000,10.932,10.932,10.932,10.932,12,0
NWA,D,20111104,000000,10.932,10.932,10.932,10.932,12,0
NWA,D,20111107,000000,10.932,10.932,10.932,10.932,12,0
NWA,D,20111108,000000,10.932,10.932,10.932,10.932,12,0
NWA,D,20111109,000000,10.932,10.932,10.932,10.932,9,0
NWA,D,20111110,000000,11.096,11.096,11.096,11.096,12,0
NWA,D,20111114,000000,11.182,11.285,11.182,11.285,238,0
NWA,D,20111116,000000,11.603,11.603,11.603,11.603,6,0
NWA,D,20111117,000000,11.603,11.603,11.603,11.603,3,0
NWA,D,20111118,000000,11.603,11.603,11.603,11.603,12,0
NWA,D,20111121,000000,11.603,11.603,11.603,11.603,3,0
NWA,D,20111122,000000,11.603,11.603,11.603,11.603,12,0
NWA,D,20111123,000000,11.603,11.603,11.603,11.603,6,0
NWA,D,20111124,000000,11.603,11.603,11.603,11.603,5,0
NWA,D,20111125,000000,11.603,11.603,11.603,11.603,5,0
NWA,D,20111128,000000,11.603,11.603,11.603,11.603,6,0
NWA,D,20111129,000000,11.603,11.603,11.603,11.603,5,0
NWA,D,20111130,000000,11.603,11.603,11.603,11.603,3,0
NWA,D,20111201,000000,11.603,11.603,11.603,11.603,12,0
NWA,D,20111202,000000,11.603,11.603,11.603,11.603,3,0
NWA,D,20111205,000000,11.603,11.603,11.603,11.603,17,0
NWA,D,20111206,000000,11.603,11.603,11.603,11.603,3,0
NWA,D,20111207,000000,11.603,11.603,11.603,11.603,6,0
NWA,D,20111208,000000,11.603,11.603,11.603,11.603,6,0
NWA,D,20111209,000000,11.603,11.603,11.603,11.603,6,0
NWA,D,20111212,000000,11.603,11.603,11.603,11.603,6,0
NWA,D,20111213,000000,11.603,11.603,11.603,11.603,9,0
NWA,D,20111214,000000,11.603,11.603,11.603,11.603,2,0
NWA,D,20111215,000000,11.603,11.603,11.603,11.603,2,0
NWA,D,20111222,000000,12.042,12.042,12.042,12.042,6,0
NWA,D,20111223,000000,12.042,12.042,12.042,12.042,12,0
NWA,D,20111227,000000,12.042,12.042,12.042,12.042,12,0
NWA,D,20111228,000000,12.042,12.042,12.042,12.042,2,0
NWA,D,20111229,000000,12.042,12.042,12.042,12.042,12,0
NWA,D,20120103,000000,12.266,12.266,12.266,12.266,215,0
NWA,D,20120104,000000,12.3,12.3,12.3,12.3,3,0
NWA,D,20120105,000000,12.3,12.3,12.3,12.3,3,0
NWA,D,20120109,000000,12.291,12.291,12.291,12.291,6,0
NWA,D,20120110,000000,12.3,12.3,12.3,12.3,2,0
NWA,D,20120111,000000,12.472,12.472,12.472,12.472,6,0
NWA,D,20120112,000000,12.463,12.463,12.463,12.463,2,0
NWA,D,20120113,000000,12.463,12.463,12.463,12.463,2,0
NWA,D,20120116,000000,12.463,12.463,12.463,12.463,6,0
NWA,D,20120117,000000,12.463,12.463,12.463,12.463,2,0
NWA,D,20120118,000000,12.463,12.463,12.463,12.463,6,0
NWA,D,20120119,000000,12.463,12.463,12.463,12.463,2,0
NWA,D,20120120,000000,12.463,12.463,12.463,12.463,6,0
NWA,D,20120123,000000,12.463,12.463,12.463,12.463,2,0
NWA,D,20120124,000000,12.463,12.463,12.463,12.463,2,0
NWA,D,20120125,000000,12.463,12.463,12.463,12.463,2,0
NWA,D,20120126,000000,12.463,12.463,12.463,12.463,2,0
NWA,D,20120127,000000,12.463,12.463,12.463,12.463,2,0
NWA,D,20120130,000000,12.463,12.463,12.463,12.463,6,0
NWA,D,20120131,000000,12.463,12.463,12.463,12.463,2,0
NWA,D,20120201,000000,12.463,12.463,12.463,12.463,2,0
NWA,D,20120202,000000,12.463,12.463,12.463,12.463,127,0
NWA,D,20120207,000000,12.042,12.042,12.042,12.042,6,0
NWA,D,20120208,000000,12.042,12.042,12.042,12.042,2,0
NWA,D,20120209,000000,12.042,12.042,12.042,12.042,2,0
NWA,D,20120210,000000,12.042,12.042,12.042,12.042,2,0
NWA,D,20120213,000000,12.042,12.042,12.042,12.042,207,0
NWA,D,20120214,000000,12.042,12.042,12.042,12.042,2,0
NWA,D,20120215,000000,12.042,12.042,12.042,12.042,6,0
NWA,D,20120216,000000,12.042,12.042,12.042,12.042,2,0
NWA,D,20120217,000000,12.042,12.042,12.042,12.042,2,0
NWA,D,20120220,000000,12.042,12.042,12.042,12.042,2,0
NWA,D,20120221,000000,12.042,12.042,12.042,12.042,6,0
NWA,D,20120222,000000,12.042,12.042,12.042,12.042,12,0
NWA,D,20120223,000000,12.042,12.042,12.042,12.042,6,0
NWA,D,20120224,000000,12.042,12.042,12.042,12.042,2,0
NWA,D,20120227,000000,12.042,12.042,12.042,12.042,6,0
NWA,D,20120228,000000,12.042,12.042,12.042,12.042,9,0
NWA,D,20120229,000000,12.042,12.042,12.042,12.042,9,0
NWA,D,20120301,000000,12.042,12.042,12.042,12.042,9,0
NWA,D,20120302,000000,12.042,12.042,12.042,12.042,9,0
NWA,D,20120305,000000,12.042,12.042,12.042,12.042,9,0
NWA,D,20120306,000000,12.042,12.042,12.042,12.042,9,0
NWA,D,20120307,000000,12.042,12.042,12.042,12.042,9,0
NWA,D,20120308,000000,12.042,12.042,12.042,12.042,9,0
NWA,D,20120309,000000,12.085,13.074,12.085,13.074,413,0
NWA,D,20120312,000000,13.762,13.762,13.762,13.762,12,0
NWA,D,20120313,000000,13.16,13.16,12.188,12.188,598,0
NWA,D,20120314,000000,12.3,12.3,12.3,12.3,209,0
NWA,D,20120315,000000,11.922,14.76,11.922,13.934,432,0
NWA,D,20120319,000000,13.762,13.762,13.762,13.762,8,0
NWA,D,20120320,000000,13.762,14.364,13.762,14.364,12,0
NWA,D,20120321,000000,13.762,15.353,13.762,14.098,764,0
NWA,D,20120322,000000,13.762,13.762,13.762,13.762,8,0
NWA,D,20120323,000000,12.816,12.816,10.752,10.752,1079,0
NWA,D,20120326,000000,9.892,9.892,9.892,9.892,244,0
NWA,D,20120327,000000,8.5154,8.5154,8.5154,8.5154,544,0
NWA,D,20120328,000000,8.5154,8.5154,8.5154,8.5154,356,0
NWA,D,20120329,000000,8.6014,8.6014,8.6014,8.6014,12,0
NWA,D,20120330,000000,8.1713,8.1713,8.1713,8.1713,60,0
NWA,D,20120402,000000,8.1713,8.1713,8.1713,8.1713,14,0
NWA,D,20120403,000000,8.1713,8.1713,8.1713,8.1713,62,0
NWA,D,20120405,000000,8.1713,8.1713,8.1713,8.1713,13,0
NWA,D,20120410,000000,8.1713,8.1713,8.1713,8.1713,13,0
NWA,D,20120411,000000,8.1713,8.1713,8.1713,8.1713,12,0
NWA,D,20120412,000000,8.1713,8.1713,8.1713,8.1713,12,0
NWA,D,20120416,000000,7.3112,7.3112,7.3112,7.3112,709,0
NWA,D,20120417,000000,7.3112,7.3112,7.3112,7.3112,13,0
NWA,D,20120418,000000,7.3112,7.3112,7.3112,7.3112,14,0
NWA,D,20120419,000000,7.3112,7.3112,7.3112,7.3112,14,0
NWA,D,20120420,000000,6.9757,6.9757,6.021,6.021,1789,0
NWA,D,20120423,000000,5.8662,5.8662,5.8662,5.8662,427,0
NWA,D,20120424,000000,5.849,5.849,5.849,5.849,13,0
NWA,D,20120426,000000,6.021,6.021,6.021,6.021,12,0
NWA,D,20120427,000000,5.8662,5.8662,5.8662,5.8662,186,0
NWA,D,20120430,000000,5.8662,5.8662,5.8662,5.8662,17,0
NWA,D,20120502,000000,5.8662,5.8662,5.8662,5.8662,23,0
NWA,D,20120504,000000,5.8662,5.8662,5.8662,5.8662,17,0
NWA,D,20120507,000000,5.8662,5.8662,5.8662,5.8662,23,0
NWA,D,20120508,000000,5.8662,5.8662,5.8662,5.8662,19,0
NWA,D,20120509,000000,5.8662,5.8662,5.8662,5.8662,12,0
NWA,D,20120510,000000,5.8662,5.8662,5.8662,5.8662,17,0
NWA,D,20120511,000000,5.8576,6.7005,5.8576,6.7005,2305,0
NWA,D,20120514,000000,6.6231,6.6231,6.6231,6.6231,384,0
NWA,D,20120522,000000,7.122,7.122,7.122,7.122,17,0
NWA,D,20120523,000000,7.122,7.122,7.122,7.122,6,0
NWA,D,20120524,000000,7.122,7.122,7.122,7.122,12,0
NWA,D,20120525,000000,7.122,7.122,7.122,7.122,6,0
NWA,D,20120528,000000,7.122,7.122,7.122,7.122,12,0
NWA,D,20120529,000000,7.122,7.122,7.122,7.122,6,0
NWA,D,20120530,000000,7.122,7.122,7.122,7.122,12,0
NWA,D,20120531,000000,7.122,7.122,7.122,7.122,12,0
NWA,D,20120601,000000,6.7951,6.7951,5.8317,5.8317,1139,0
NWA,D,20120604,000000,5.5049,5.5049,5.5049,5.5049,814,0
NWA,D,20120605,000000,5.1608,5.1608,4.9974,4.9974,531,0
NWA,D,20120611,000000,4.9028,4.9028,4.9028,4.9028,512,0
NWA,D,20120613,000000,5.1436,5.1436,5.1436,5.1436,488,0
NWA,D,20120614,000000,5.3329,5.3329,5.1608,5.1608,477,0
NWA,D,20120627,000000,5.1522,5.1522,5.1522,5.1522,58,0
NWA,D,20120628,000000,5.0662,5.0662,4.7136,4.7136,622,0
NWA,D,20120629,000000,4.7824,4.7824,4.7824,4.7824,12,0
NWA,D,20120702,000000,4.6448,4.6448,4.6448,4.6448,6,0
NWA,D,20120704,000000,4.6448,4.6878,4.6448,4.6878,48,0
NWA,D,20120705,000000,4.6878,4.6878,4.6878,4.6878,47,0
NWA,D,20120713,000000,4.4727,4.4727,4.4727,4.4727,35,0
NWA,D,20120717,000000,4.5587,4.5587,4.5587,4.5587,12,0
NWA,D,20120718,000000,4.5587,4.5587,4.5587,4.5587,6,0
NWA,D,20120719,000000,4.5587,4.5587,4.5587,4.5587,6,0
NWA,D,20120720,000000,4.5587,4.5587,4.5587,4.5587,6,0
NWA,D,20120723,000000,4.5587,4.5587,4.5587,4.5587,2,0
NWA,D,20120724,000000,4.5587,4.5587,4.5587,4.5587,6,0
NWA,D,20120725,000000,4.5673,4.5673,4.5673,4.5673,6,0
NWA,D,20120726,000000,4.5673,4.5673,4.5673,4.5673,2,0
NWA,D,20120727,000000,4.5673,4.5673,4.5673,4.5673,2,0
NWA,D,20120730,000000,4.5673,4.5673,4.5673,4.5673,12,0
NWA,D,20120731,000000,4.5673,4.5673,4.5673,4.5673,12,0
NWA,D,20120801,000000,4.5673,4.5673,4.5673,4.5673,12,0
NWA,D,20120802,000000,4.5673,4.5673,4.5673,4.5673,12,0
NWA,D,20120803,000000,4.5673,4.5673,4.5673,4.5673,12,0
NWA,D,20120813,000000,4.4727,4.4727,4.4727,4.4727,233,0
NWA,D,20120814,000000,4.5415,4.5415,4.5415,4.5415,2,0
NWA,D,20120816,000000,4.5415,4.5415,4.5415,4.5415,3,0
NWA,D,20120820,000000,4.5501,4.9888,4.5501,4.9888,764,0
NWA,D,20120821,000000,4.9888,5.0834,4.9888,5.0834,350,0
NWA,D,20120822,000000,5.1608,5.4103,5.1608,5.4103,166,0
NWA,D,20120823,000000,5.4189,5.9436,5.4189,5.9436,116,0
NWA,D,20120824,000000,6.021,6.021,5.9694,5.9694,224,0
NWA,D,20120827,000000,5.9178,5.9178,5.9178,5.9178,271,0
NWA,D,20120828,000000,5.8662,5.8662,5.8662,5.8662,273,0
NWA,D,20120903,000000,5.5049,5.5049,5.4791,5.4791,296,0
NWA,D,20120905,000000,5.4705,5.4705,5.4705,5.4705,6,0
NWA,D,20120906,000000,5.4619,5.4619,5.4619,5.4619,94,0
NWA,D,20120910,000000,5.4533,5.4533,4.6878,4.6878,91,0
NWA,D,20120911,000000,4.6534,4.6534,4.6534,4.6534,326,0
NWA,D,20120918,000000,4.6534,4.6534,4.6534,4.6534,3,0
NWA,D,20120919,000000,4.6534,4.6534,4.6534,4.6534,12,0
NWA,D,20120920,000000,4.6534,4.6706,4.6534,4.6706,988,0
NWA,D,20120921,000000,4.6878,4.9974,4.6878,4.9974,570,0
NWA,D,20120924,000000,4.9974,5.006,4.9974,5.006,12,0
NWA,D,20120927,000000,4.9888,4.9888,4.9028,4.9028,652,0
NWA,D,20121002,000000,5.0748,5.3415,5.0748,5.3415,47,0
NWA,D,20121003,000000,5.5049,5.7973,5.5049,5.7973,23,0
NWA,D,20121004,000000,5.892,6.2016,5.892,6.2016,17,0
NWA,D,20121005,000000,6.365,6.8811,6.365,6.8811,58,0
NWA,D,20121008,000000,7.0962,7.466,7.0962,7.466,29,0
NWA,D,20121009,000000,7.3972,7.3972,7.0531,7.1392,186,0
NWA,D,20121010,000000,7.0531,7.0531,6.2016,6.2016,256,0
NWA,D,20121022,000000,6.15,6.15,5.7801,5.7801,349,0
NWA,D,20121026,000000,5.5909,5.5909,5.3759,5.3759,333,0
NWA,D,20121029,000000,5.0748,5.0748,5.006,5.006,343,0
NWA,D,20121030,000000,4.9028,4.9028,4.662,4.662,356,0
NWA,D,20121031,000000,4.3437,4.3437,4.0427,4.0427,352,0
NWA,D,20121105,000000,3.8276,3.9997,3.8276,3.9997,616,0
NWA,D,20121106,000000,4.1287,4.4383,4.1287,4.4383,1085,0
NWA,D,20121107,000000,4.6706,4.6706,4.6706,4.6706,326,0
NWA,D,20121108,000000,4.791,5.5995,4.791,5.5995,975,0
NWA,D,20121109,000000,5.5995,5.892,5.5995,5.892,260,0
NWA,D,20121115,000000,5.892,6.451,5.892,6.451,279,0
NWA,D,20121116,000000,6.8811,6.8811,5.3243,6.021,2611,0
NWA,D,20121119,000000,5.7543,6.193,5.7199,6.193,1058,0
NWA,D,20121120,000000,6.5629,6.5629,6.5629,6.5629,229,0
NWA,D,20121121,000000,6.5629,6.7091,6.107,6.7091,1652,0
NWA,D,20121122,000000,6.9671,6.9671,6.9671,6.9671,216,0
NWA,D,20121123,000000,6.9671,7.1392,6.9671,7.1392,1271,0
NWA,D,20121126,000000,7.208,7.7671,7.208,7.7671,864,0
NWA,D,20121127,000000,8.5154,9.2465,8.5154,9.2035,2812,0
NWA,D,20121203,000000,10.287,10.287,9.2809,9.2809,1475,0
NWA,D,20121204,000000,9.2809,9.2809,9.2809,9.2809,163,0
NWA,D,20121205,000000,9.2895,9.2895,9.2895,9.2895,163,0
NWA,D,20121212,000000,9.2895,9.2895,9.2895,9.2895,14,0
NWA,D,20121213,000000,9.2895,9.2895,8.6444,8.6444,201,0
NWA,D,20121214,000000,8.1713,8.1713,8.0423,8.0423,206,0
NWA,D,20121218,000000,7.4832,7.4832,7.4832,7.4832,214,0
NWA,D,20121227,000000,7.1134,7.1134,7.1134,7.1134,23,0
NWA,D,20130108,000000,7.0962,7.9993,7.0962,7.9993,638,0
NWA,D,20130110,000000,7.9907,7.9907,7.9907,7.9907,190,0
NWA,D,20130116,000000,8.1713,8.1713,8.1713,8.1713,186,0
NWA,D,20130117,000000,8.1713,8.1713,8.1713,8.1713,186,0
NWA,D,20130118,000000,8.8766,9.1347,8.8766,9.1347,339,0
NWA,D,20130122,000000,9.3927,9.3927,9.3927,9.3927,349,0
NWA,D,20130123,000000,9.4615,10.494,9.4615,10.494,767,0
NWA,D,20130124,000000,10.631,10.752,10.631,10.752,4793,0
NWA,D,20130125,000000,11.371,12.016,11.268,11.268,405,0
NWA,D,20130130,000000,10.485,10.485,10.485,10.485,153,0
NWA,D,20130204,000000,10.485,10.485,10.485,10.485,35,0
NWA,D,20130219,000000,10.477,10.485,10.477,10.485,281,0
NWA,D,20130220,000000,11.276,12.042,10.803,10.803,584,0
NWA,D,20130221,000000,10.803,11.182,10.803,11.182,510,0
NWA,D,20130222,000000,11.182,13.461,11.182,13.461,639,0
NWA,D,20130225,000000,12.524,12.524,12.524,12.524,128,0
NWA,D,20130301,000000,12.455,12.455,12.455,12.455,93,0
NWA,D,20130304,000000,11.586,11.586,11.586,11.586,138,0
NWA,D,20130305,000000,11.577,11.577,11.569,11.577,1911,0
NWA,D,20130306,000000,11.577,11.577,11.569,11.569,907,0
NWA,D,20130318,000000,10.778,10.778,10.778,10.778,144,0
NWA,D,20130325,000000,10.064,10.752,10.064,10.752,28,0
NWA,D,20130327,000000,10.012,10.012,10.012,10.012,156,0
NWA,D,20130415,000000,10.064,10.537,9.677,10.537,4991,0
NWA,D,20130417,000000,9.857,9.857,9.857,9.857,143,0
NWA,D,20130426,000000,9.4615,9.4615,9.2207,9.2207,166,0
NWA,D,20130506,000000,8.6272,8.6272,8.6014,8.6014,183,0
NWA,D,20130516,000000,8.6014,8.6014,8.6014,8.6014,186,0
NWA,D,20130517,000000,9.4615,11.182,9.4615,11.182,293,0
NWA,D,20130520,000000,11.225,12.214,11.225,12.214,233,0
NWA,D,20130524,000000,11.44,11.44,11.362,11.362,137,0
NWA,D,20130527,000000,10.58,10.58,10.571,10.571,153,0
NWA,D,20130604,000000,9.591,9.591,9.522,9.522,164,0
NWA,D,20130605,000000,9.0315,9.0315,8.5756,8.5756,181,0
NWA,D,20130620,000000,8.0853,8.0853,7.8961,7.8961,198,0
NWA,D,20130621,000000,7.7413,7.7413,7.3112,7.3112,180,0
NWA,D,20130624,000000,7.3112,7.3112,7.3112,7.3112,2,0
NWA,D,20130625,000000,7.3112,7.3112,7.3112,7.3112,6,0
NWA,D,20130626,000000,7.3112,7.3112,7.3112,7.3112,5,0
NWA,D,20130628,000000,7.3112,7.3112,7.3112,7.3112,2,0
NWA,D,20130701,000000,7.3112,7.3112,7.3112,7.3112,2,0
NWA,D,20130702,000000,7.3112,7.3112,7.3112,7.3112,2,0
NWA,D,20130703,000000,7.3112,7.3112,7.3112,7.3112,2,0
NWA,D,20130704,000000,7.3112,7.3112,7.3112,7.3112,2,0
NWA,D,20130716,000000,6.8811,6.8811,6.365,6.365,256,0
NWA,D,20130717,000000,6.021,6.021,5.892,5.892,233,0
NWA,D,20130718,000000,5.4533,5.4533,5.4533,5.4533,276,0
NWA,D,20130808,000000,5.3931,5.3931,5.3931,5.3931,279,0
NWA,D,20130813,000000,5.3329,5.3329,4.3007,4.3867,638,0
NWA,D,20130814,000000,4.4297,4.5243,4.4297,4.5243,291,0
NWA,D,20130821,000000,4.3867,4.3867,4.0427,4.0427,831,0
NWA,D,20130823,000000,4.0427,4.0427,3.8448,3.8448,732,0
NWA,D,20130829,000000,3.8448,3.8534,3.8448,3.8534,66,0
NWA,D,20130830,000000,3.8448,3.8878,3.8448,3.8878,427,0
NWA,D,20130902,000000,3.8792,4.3007,3.8792,4.3007,38,0
NWA,D,20130903,000000,4.4641,4.4641,4.4555,4.4555,15,0
NWA,D,20130904,000000,4.3351,4.5243,4.3007,4.5243,207,0
NWA,D,20130905,000000,4.4383,4.5501,4.3867,4.5501,316,0
NWA,D,20130906,000000,4.4727,4.7222,4.4727,4.7222,181,0
NWA,D,20130909,000000,4.6878,4.6878,4.6878,4.6878,23,0
NWA,D,20130910,000000,4.8942,5.1694,4.8942,5.1694,155,0
NWA,D,20130913,000000,5.3759,5.4361,5.3759,5.4361,19,0
NWA,D,20130916,000000,5.4963,5.4963,5.4963,5.4963,30,0
NWA,D,20130918,000000,5.4963,5.4963,5.3931,5.3931,291,0
NWA,D,20130924,000000,5.4103,5.4103,4.8684,4.8684,328,0
NWA,D,20130925,000000,4.877,4.877,4.877,4.877,38,0
NWA,D,20131002,000000,4.877,4.8856,4.877,4.8856,93,0
NWA,D,20131025,000000,4.8856,4.8856,4.8856,4.8856,81,0
NWA,D,20131028,000000,4.877,5.5909,4.877,5.5909,1259,0
NWA,D,20131030,000000,5.6683,5.6683,4.3007,4.4727,1930,0
NWA,D,20131106,000000,4.6276,4.7996,4.6276,4.7996,607,0
NWA,D,20131107,000000,4.8942,4.8942,4.8942,4.8942,314,0
NWA,D,20131108,000000,4.8942,4.8942,4.8598,4.8598,413,0
NWA,D,20131112,000000,4.8942,4.8942,4.8942,4.8942,38,0
NWA,D,20131113,000000,4.8942,4.8942,4.8942,4.8942,38,0
NWA,D,20131114,000000,4.9028,4.9458,4.9028,4.9458,872,0
NWA,D,20131115,000000,5.0748,5.1522,4.8856,5.1522,2257,0
NWA,D,20131118,000000,5.1522,5.1608,4.1287,4.9028,1823,0
NWA,D,20131121,000000,5.3329,5.5479,5.3329,5.5479,337,0
NWA,D,20131202,000000,5.6683,5.6683,4.5415,4.5415,581,0
NWA,D,20131203,000000,5.4447,5.4447,5.0318,5.0318,219,0
NWA,D,20131204,000000,5.1608,5.1608,4.9028,4.9028,1027,0
NWA,D,20131205,000000,5.0748,5.0748,5.0748,5.0748,38,0
NWA,D,20131206,000000,5.0748,5.0748,5.0748,5.0748,38,0
NWA,D,20131212,000000,5.0662,5.0662,4.8168,4.8168,43,0
NWA,D,20131217,000000,5.1608,5.1608,5.1608,5.1608,38,0
NWA,D,20140102,000000,5.0748,5.0748,5.0748,5.0748,38,0
NWA,D,20140103,000000,5.0662,5.0662,5.0662,5.0662,38,0
NWA,D,20140110,000000,4.7308,4.7308,4.7308,4.7308,314,0
NWA,D,20140116,000000,4.4383,4.4383,4.4383,4.4383,360,0
NWA,D,20140122,000000,4.3867,4.3867,3.4406,3.4406,1174,0
NWA,D,20140123,000000,3.0965,3.0965,2.5804,3.0191,802,0
NWA,D,20140124,000000,3.0191,3.0191,2.4342,3.0105,1308,0
NWA,D,20140127,000000,3.1051,3.4406,3.1051,3.2685,86,0
NWA,D,20140128,000000,2.6406,3.4406,2.5804,3.4406,2831,0
NWA,D,20140129,000000,4.1287,4.1287,4.1287,4.1287,58,0
NWA,D,20140130,000000,4.5587,4.5587,4.5587,4.5587,151,0
NWA,D,20140131,000000,4.7308,5.1436,4.7308,5.1436,44,0
NWA,D,20140203,000000,5.1264,5.4189,5.1264,5.1608,622,0
NWA,D,20140204,000000,5.3243,5.3243,5.3243,5.3243,372,0
NWA,D,20140205,000000,4.9544,4.9544,4.6103,4.6103,2493,0
NWA,D,20140206,000000,4.6103,4.6103,4.5587,4.5587,45,0
NWA,D,20140207,000000,4.5157,4.5157,4.5157,4.5157,33,0
NWA,D,20140210,000000,3.8706,3.8706,3.8706,3.8706,1,0
NWA,D,20140212,000000,4.3007,4.4727,4.3007,4.4727,117,0
NWA,D,20140217,000000,4.2921,4.2921,4.2921,4.2921,215,0
NWA,D,20140218,000000,4.4211,4.4211,4.4211,4.4211,38,0
NWA,D,20140219,000000,4.4211,4.4211,4.4211,4.4211,38,0
NWA,D,20140220,000000,4.4211,4.4211,4.1287,4.1287,40,0
NWA,D,20140227,000000,4.9458,4.9458,4.9458,4.9458,38,0
NWA,D,20140228,000000,4.9802,4.9802,4.5243,4.9802,641,0
NWA,D,20140303,000000,4.9802,4.9802,4.8168,4.8168,350,0
NWA,D,20140304,000000,4.8082,4.8082,4.8082,4.8082,38,0
NWA,D,20140318,000000,4.4813,4.4813,4.4813,4.4813,252,0
NWA,D,20140325,000000,4.5243,4.5243,4.5243,4.5243,35,0
NWA,D,20140402,000000,4.5329,5.2038,4.5329,4.8082,720,0
NWA,D,20140403,000000,4.8512,4.8512,4.8512,4.8512,38,0
NWA,D,20140404,000000,4.8512,4.8512,4.8512,4.8512,38,0
NWA,D,20140408,000000,4.8684,4.8684,4.5415,4.5415,349,0
NWA,D,20140423,000000,4.5587,4.5587,4.5587,4.5587,38,0
NWA,D,20140424,000000,4.3867,4.3867,4.2835,4.2835,271,0
NWA,D,20140428,000000,4.3437,5.2038,4.3437,4.5759,1697,0
NWA,D,20140502,000000,4.3007,4.3007,4.0427,4.1287,1061,0
NWA,D,20140516,000000,4.3351,4.3351,4.0427,4.0427,410,0
NWA,D,20140527,000000,4.0427,4.0427,3.8018,3.8018,77,0
NWA,D,20140606,000000,4.0427,4.0427,3.8018,3.8018,434,0
NWA,D,20140702,000000,3.6986,3.6986,3.561,3.561,460,0
NWA,D,20140725,000000,3.3201,3.3201,3.0965,3.0965,476,0
NWA,D,20140731,000000,3.3201,3.3201,3.3201,3.3201,6,0
NWA,D,20140811,000000,3.3201,3.3201,3.3201,3.3201,203,0
NWA,D,20140812,000000,3.4406,3.4406,3.4406,3.4406,988,0
NWA,D,20140819,000000,3.5266,3.5266,3.5266,3.5266,198,0
NWA,D,20140820,000000,3.5266,3.6556,3.4406,3.6126,53316,0
NWA,D,20140821,000000,3.6556,3.6556,3.6556,3.6556,410,0
NWA,D,20140826,000000,3.6126,3.6126,3.6126,3.6126,416,0
NWA,D,20140827,000000,3.6126,3.6556,3.6126,3.6556,651,0
NWA,D,20140902,000000,3.8792,3.8792,3.8362,3.8362,779,0
NWA,D,20140905,000000,3.604,3.604,3.604,3.604,145,0
NWA,D,20140910,000000,3.7846,3.7846,3.7416,3.7416,798,0
NWA,D,20141008,000000,3.5266,3.5266,3.5266,3.5266,426,0
NWA,D,20141029,000000,3.5266,3.5266,3.5266,3.5266,12,0
NWA,D,20141031,000000,3.3287,3.3287,3.3287,3.3287,153,0
NWA,D,20141103,000000,3.5438,3.5438,3.5438,3.5438,12,0
NWA,D,20141112,000000,3.3115,3.3115,3.3115,3.3115,23,0
NWA,D,20141113,000000,3.3115,3.3115,3.3115,3.3115,558,0
NWA,D,20141117,000000,3.3115,3.3115,3.3115,3.3115,116,0
NWA,D,20141126,000000,3.3115,3.3115,3.3115,3.3115,1279,0
NWA,D,20141208,000000,3.3029,3.3115,3.3029,3.3115,1267,0
NWA,D,20141215,000000,3.1825,3.2083,3.1825,3.2083,763,0
NWA,D,20141219,000000,3.2083,3.2083,3.2083,3.2083,12,0
NWA,D,20141222,000000,3.0105,3.0105,2.9073,2.9073,2317,0
NWA,D,20141223,000000,2.8901,2.8901,2.8901,2.8901,2,0
NWA,D,20141229,000000,3.1051,3.1051,2.9073,2.9073,29,0
NWA,D,20141230,000000,2.9073,2.9073,2.9073,2.9073,12,0
NWA,D,20150220,000000,2.9073,2.9073,2.9073,2.9073,344,0
NWA,D,20150223,000000,2.761,2.761,2.761,2.761,353,0
NWA,D,20150313,000000,2.632,2.632,2.632,2.632,291,0
NWA,D,20150319,000000,2.5804,2.5804,2.5804,2.5804,116,0
NWA,D,20150320,000000,2.5804,2.5804,2.5374,2.5374,244,0
NWA,D,20150324,000000,2.5546,2.5546,2.5546,2.5546,1,0
NWA,D,20150327,000000,2.5288,2.5288,2.5288,2.5288,273,0
NWA,D,20150331,000000,2.4428,2.4428,2.4428,2.4428,23,0
NWA,D,20150401,000000,2.4428,2.718,2.4428,2.5116,334,0
NWA,D,20150402,000000,2.46,2.46,2.46,2.46,407,0
NWA,D,20150407,000000,2.3482,2.8127,2.3396,2.8127,2610,0
NWA,D,20150408,000000,2.4772,2.5976,2.417,2.417,581,0
NWA,D,20150409,000000,2.3998,2.3998,2.3998,2.3998,208,0
NWA,D,20150410,000000,2.3912,2.3912,2.3912,2.3912,34,0
NWA,D,20150415,000000,2.3912,2.3912,2.3912,2.3912,292,0
NWA,D,20150421,000000,2.288,2.288,2.288,2.288,407,0
NWA,D,20150428,000000,2.1503,2.1503,2.1503,2.1503,462,0
NWA,D,20150504,000000,2.1503,2.1762,2.1503,2.1762,917,0
NWA,D,20150506,000000,2.1762,2.1762,2.1503,2.1503,1976,0
NWA,D,20150507,000000,2.1503,2.1503,2.1503,2.1503,1059,0
NWA,D,20150508,000000,2.1503,2.5804,2.0643,2.0643,4825,0
NWA,D,20150511,000000,2.1934,2.632,2.1934,2.4514,5682,0
NWA,D,20150512,000000,2.3224,2.3224,1.9525,1.9525,7820,0
NWA,D,20150513,000000,2.0385,2.3998,2.0385,2.1331,3580,0
NWA,D,20150515,000000,2.0127,2.0127,2.0127,2.0127,498,0
NWA,D,20150518,000000,2.0385,2.3998,2.0385,2.0901,2188,0
NWA,D,20150525,000000,1.9869,1.9869,1.9783,1.9783,2831,0
NWA,D,20150526,000000,1.8579,1.8579,1.8579,1.8579,100,0
NWA,D,20150527,000000,1.8579,1.8579,1.8579,1.8579,116,0
NWA,D,20150602,000000,1.9869,1.9955,1.9009,1.9009,442,0
NWA,D,20150605,000000,2.0213,2.2364,1.6773,2.2364,728,0
NWA,D,20150609,000000,1.9783,1.9783,1.9783,1.9783,163,0
NWA,D,20150615,000000,1.9439,1.9439,1.9439,1.9439,58,0
NWA,D,20150616,000000,1.9095,1.9095,1.9095,1.9095,58,0
NWA,D,20150624,000000,1.9095,1.9095,1.9095,1.9095,524,0
NWA,D,20150626,000000,1.9353,2.0299,1.9353,2.0127,1068,0
NWA,D,20150629,000000,2.0127,2.0127,2.0127,2.0127,489,0
NWA,D,20150702,000000,1.9095,1.9095,1.9095,1.9095,58,0
NWA,D,20150709,000000,1.9095,1.9095,1.6343,1.9095,4855,0
NWA,D,20150710,000000,1.7805,1.8235,1.7031,1.8235,3494,0
NWA,D,20150713,000000,1.8235,1.8235,1.4622,1.6085,10005,0
NWA,D,20150714,000000,1.6687,1.6687,1.6085,1.6085,610,0
NWA,D,20150716,000000,1.7375,1.7375,1.7375,1.7375,577,0
NWA,D,20150717,000000,1.6945,1.8235,1.6945,1.6945,1700,0
NWA,D,20150720,000000,1.5999,1.9181,1.5999,1.6085,1817,0
NWA,D,20150723,000000,1.6085,1.6343,1.5224,1.6343,6266,0
NWA,D,20150727,000000,1.5655,1.6257,1.5655,1.6257,698,0
NWA,D,20150730,000000,1.5655,1.6343,1.5655,1.6343,151,0
NWA,D,20150803,000000,1.6343,1.6343,1.6343,1.6343,2267,0
NWA,D,20150818,000000,1.6343,1.9611,1.6343,1.9611,17067,0
NWA,D,20150819,000000,2.1245,2.1245,1.8235,1.8235,3824,0
NWA,D,20150820,000000,2.0815,2.0815,1.6859,1.8149,7208,0
NWA,D,20150821,000000,1.8149,1.8149,1.7805,1.7805,1165,0
NWA,D,20150824,000000,1.6859,1.6859,1.6859,1.6859,594,0
NWA,D,20150901,000000,1.6859,1.7805,1.6859,1.7633,1724,0
NWA,D,20150902,000000,1.6601,1.6601,1.6601,1.6601,163,0
NWA,D,20150903,000000,1.6515,1.7805,1.6515,1.7461,1231,0
NWA,D,20150904,000000,1.6601,1.6773,1.6601,1.6773,1200,0
NWA,D,20150907,000000,1.6515,1.6515,1.6515,1.6515,464,0
NWA,D,20150908,000000,1.6859,1.6859,1.6859,1.6859,12,0
NWA,D,20150909,000000,1.5569,1.5569,1.5569,1.5569,12,0
NWA,D,20150911,000000,1.5569,1.5569,1.5569,1.5569,337,0
NWA,D,20150914,000000,1.6171,1.7203,1.6171,1.7203,672,0
NWA,D,20150924,000000,1.7203,1.8063,1.7203,1.8063,1279,0
NWA,D,20150925,000000,1.8149,1.8149,1.7891,1.7891,1110,0
NWA,D,20150928,000000,1.6945,1.6945,1.6945,1.6945,586,0
NWA,D,20150929,000000,1.7203,1.9783,1.7203,1.9783,1163,0
NWA,D,20150930,000000,1.9783,1.9783,1.9783,1.9783,559,0
NWA,D,20151001,000000,1.8493,1.8493,1.8493,1.8493,542,0
NWA,D,20151002,000000,1.7461,1.7461,1.7461,1.7461,572,0
NWA,D,20151005,000000,1.7633,1.7633,1.7203,1.7203,1382,0
NWA,D,20151014,000000,1.7289,1.7289,1.6343,1.6343,2720,0
NWA,D,20151016,000000,1.6773,1.7203,1.6773,1.7203,334,0
NWA,D,20151019,000000,1.7203,1.9783,1.7203,1.9783,12649,0
NWA,D,20151020,000000,1.9783,2.374,1.8407,2.374,5374,0
NWA,D,20151021,000000,2.5116,2.5804,2.0127,2.4514,5155,0
NWA,D,20151102,000000,2.0041,2.3224,1.8665,2.1073,2315,0
NWA,D,20151104,000000,1.9611,1.9611,1.7633,1.8923,2197,0
NWA,D,20151105,000000,1.7633,1.8923,1.6687,1.8923,3013,0
NWA,D,20151112,000000,1.6687,1.8751,1.6601,1.6945,3082,0
NWA,D,20151118,000000,1.5569,1.5741,1.2472,1.5569,3724,0
NWA,D,20151119,000000,1.4192,1.5655,1.2902,1.5569,10926,0
NWA,D,20151120,000000,1.5397,1.5397,1.2386,1.2472,3372,0
NWA,D,20151123,000000,1.2902,1.4106,1.1784,1.4106,838,0
NWA,D,20151125,000000,1.3762,1.3762,1.3762,1.3762,465,0
NWA,D,20151126,000000,1.4106,1.4622,1.3332,1.4536,1194,0
NWA,D,20151127,000000,1.3332,1.4364,1.3074,1.3332,1538,0
NWA,D,20151130,000000,1.3246,1.3332,1.2042,1.3332,364,0
NWA,D,20151201,000000,1.3332,1.3762,1.3332,1.3762,316,0
NWA,D,20151202,000000,1.2472,1.3762,1.2472,1.3762,13,0
NWA,D,20151209,000000,1.2472,1.3762,1.2472,1.3762,176,0
NWA,D,20151214,000000,1.3762,1.6515,1.3762,1.4794,2384,0
NWA,D,20151215,000000,1.4966,1.4966,1.4966,1.4966,872,0
NWA,D,20151216,000000,1.4966,1.5052,1.4966,1.5052,1482,0
NWA,D,20151217,000000,1.3762,1.5224,1.2042,1.3762,3513,0
NWA,D,20151222,000000,1.5224,1.5913,1.2902,1.5483,1194,0
NWA,D,20160104,000000,1.3934,1.3934,1.2644,1.2816,1200,0
NWA,D,20160114,000000,1.1612,1.273,1.1526,1.273,3151,0
NWA,D,20160115,000000,1.2558,1.3762,1.2472,1.359,2791,0
NWA,D,20160119,000000,1.2644,1.5138,1.2644,1.5138,945,0
NWA,D,20160120,000000,1.2472,1.3762,1.2472,1.3762,963,0
NWA,D,20160125,000000,1.1354,1.1612,1.1182,1.1612,2744,0
NWA,D,20160128,000000,1.1612,1.3762,1.1612,1.3762,873,0
NWA,D,20160202,000000,1.4192,1.5913,1.3762,1.4622,6908,0
NWA,D,20160203,000000,1.4794,1.7719,1.359,1.7547,10008,0
NWA,D,20160208,000000,1.6773,1.6773,1.6773,1.6773,116,0
NWA,D,20160209,000000,1.5741,1.7031,1.5741,1.7031,545,0
NWA,D,20160211,000000,1.6257,1.7547,1.6257,1.7547,1010,0
NWA,D,20160212,000000,1.6343,1.6343,1.6343,1.6343,610,0
NWA,D,20160223,000000,1.6515,1.6515,1.6515,1.6515,29,0
NWA,D,20160224,000000,1.6515,1.6515,1.6515,1.6515,606,0
NWA,D,20160226,000000,1.6171,1.7461,1.6171,1.6171,1795,0
NWA,D,20160229,000000,1.6429,1.7547,1.6429,1.7547,621,0
NWA,D,20160301,000000,1.6257,1.7461,1.6257,1.7461,628,0
NWA,D,20160304,000000,1.531,2.0729,1.531,2.0729,4607,0
NWA,D,20160307,000000,2.4858,2.9761,1.9955,2.8127,7999,0
NWA,D,20160308,000000,2.4944,2.9933,2.1934,2.6664,10960,0
NWA,D,20160309,000000,3.1997,3.776,2.5632,3.0105,14719,0
NWA,D,20160310,000000,2.417,3.4406,2.417,3.4406,2615,0
NWA,D,20160311,000000,3.0449,3.4406,2.6148,2.9933,4820,0
NWA,D,20160314,000000,2.8643,3.3545,2.4944,2.8385,1330,0
NWA,D,20160317,000000,2.6664,2.8385,2.6664,2.8385,864,0
NWA,D,20160318,000000,2.7094,2.8385,2.5632,2.8385,1150,0
NWA,D,20160321,000000,2.5116,2.675,2.1676,2.5718,4626,0
NWA,D,20160322,000000,2.1676,2.5632,1.7375,1.8923,21757,0
NWA,D,20160323,000000,1.7633,2.0471,1.4622,1.9525,1728,0
NWA,D,20160324,000000,1.8235,2.0385,1.8235,2.0385,1925,0
NWA,D,20160329,000000,1.9525,2.0385,1.8235,2.0385,3656,0
NWA,D,20160330,000000,1.8579,2.4772,1.8235,2.4514,22003,0
NWA,D,20160331,000000,1.9697,2.3568,1.8579,1.8837,8061,0
NWA,D,20160401,000000,1.7977,1.8923,1.7805,1.8923,346,0
NWA,D,20160404,000000,1.7719,2.0213,1.7461,2.0213,1986,0
NWA,D,20160405,000000,1.8923,2.1245,1.8923,2.1159,4499,0
NWA,D,20160406,000000,1.9009,2.0385,1.5827,2.0385,1068,0
NWA,D,20160408,000000,2.0385,2.1159,1.9009,2.0385,4237,0
NWA,D,20160411,000000,1.8579,2.1073,1.8579,2.1073,895,0
NWA,D,20160415,000000,1.8923,1.9697,1.7203,1.9611,5301,0
NWA,D,20160420,000000,1.9611,1.9611,1.9611,1.9611,349,0
NWA,D,20160421,000000,1.9611,1.9697,1.9611,1.9697,320,0
NWA,D,20160422,000000,1.8493,1.9697,1.8493,1.9697,1135,0
NWA,D,20160425,000000,1.9697,1.9697,1.8493,1.9181,446,0
NWA,D,20160426,000000,1.9181,1.9181,1.9181,1.9181,58,0
NWA,D,20160427,000000,1.9181,1.9697,1.7891,1.9697,1089,0
NWA,D,20160504,000000,1.8063,1.8493,1.7203,1.8493,2668,0
NWA,D,20160518,000000,1.7547,2.0987,1.7547,2.0987,2337,0
NWA,D,20160519,000000,1.9783,2.0987,1.8837,2.0987,1104,0
NWA,D,20160520,000000,2.0213,2.0213,1.8837,2.0213,3752,0
NWA,D,20160523,000000,1.9181,1.9353,1.9181,1.9353,550,0
NWA,D,20160524,000000,1.8063,1.9353,1.8063,1.9353,34,0
NWA,D,20160525,000000,1.9353,1.9353,1.9353,1.9353,12,0
NWA,D,20160531,000000,1.8837,2.0127,1.8837,1.9095,4913,0
NWA,D,20160601,000000,1.8063,2.1073,1.7977,1.8235,1722,0
NWA,D,20160603,000000,1.7031,2.0385,1.6945,1.6945,2350,0
NWA,D,20160606,000000,1.8837,2.0643,1.8837,2.0643,273,0
NWA,D,20160607,000000,1.7203,2.0213,1.6773,1.8837,4252,0
NWA,D,20160608,000000,1.8837,2.0643,1.6601,1.9095,5875,0
NWA,D,20160609,000000,1.7977,1.8923,1.7805,1.7977,1277,0
NWA,D,20160610,000000,1.7977,1.7977,1.5827,1.6343,5172,0
NWA,D,20160614,000000,1.5827,1.6687,1.4708,1.5827,6626,0
NWA,D,20160616,000000,1.4708,1.7633,1.4536,1.7633,1974,0
NWA,D,20160620,000000,1.5569,1.6343,1.5569,1.6343,1297,0
NWA,D,20160621,000000,1.4536,1.5483,1.2988,1.5224,10057,0
NWA,D,20160622,000000,1.3246,1.8665,1.3074,1.5655,31058,0
NWA,D,20160623,000000,1.5483,1.8235,1.4708,1.8235,14912,0
NWA,D,20160624,000000,1.7461,1.7633,1.6429,1.7633,2926,0
NWA,D,20160627,000000,1.7547,2.5116,1.7289,2.5116,17238,0
NWA,D,20160628,000000,2.7524,2.7524,1.8493,1.8923,36971,0
NWA,D,20160629,000000,2.1503,2.4084,1.8923,1.8923,6661,0
NWA,D,20160630,000000,1.8493,2.2192,1.5569,1.8923,35624,0
NWA,D,20160701,000000,1.9353,2.3224,1.8407,2.0127,5890,0
NWA,D,20160704,000000,2.0127,2.3998,2.0127,2.3826,12407,0
NWA,D,20160705,000000,2.5288,3.0277,2.245,2.3568,4770,0
NWA,D,20160706,000000,2.3224,2.7869,2.1073,2.503,8008,0
NWA,D,20160707,000000,2.9675,2.9675,2.1934,2.4084,4190,0
NWA,D,20160708,000000,2.4428,2.4428,1.9611,2.0213,8148,0
NWA,D,20160711,000000,1.9611,1.9611,1.6429,1.8063,7900,0
NWA,D,20160712,000000,1.6859,2.0213,1.5999,1.7203,10200,0
NWA,D,20160713,000000,1.7203,1.7203,1.7203,1.7203,1751,0
NWA,D,20160714,000000,1.8063,1.8235,1.7203,1.7203,344,0
NWA,D,20160715,000000,1.7031,1.7031,1.7031,1.7031,588,0
NWA,D,20160718,000000,1.7203,2.0643,1.6429,1.7203,17195,0
NWA,D,20160719,000000,1.7203,1.7633,1.6429,1.7633,2988,0
NWA,D,20160721,000000,1.7117,1.7203,1.7117,1.7203,698,0
NWA,D,20160722,000000,1.7633,1.8665,1.6257,1.7203,3113,0
NWA,D,20160725,000000,1.6257,1.7203,1.6257,1.7203,194,0
NWA,D,20160726,000000,1.6085,1.9267,1.6085,1.9009,7562,0
NWA,D,20160727,000000,1.8751,2.2364,1.8751,2.0643,10927,0
NWA,D,20160728,000000,1.9525,2.3224,1.9525,2.2794,9940,0
NWA,D,20160729,000000,2.3224,2.3482,2.1848,2.2192,2214,0
NWA,D,20160801,000000,2.6492,2.6492,1.9439,2.3998,6559,0
NWA,D,20160802,000000,2.2278,2.3224,2.0213,2.1762,4825,0
NWA,D,20160803,000000,2.2364,2.4514,2.2364,2.3826,3389,0
NWA,D,20160804,000000,2.2794,2.2794,2.1503,2.1503,906,0
NWA,D,20160805,000000,2.1503,2.1503,2.0471,2.0471,751,0
NWA,D,20160808,000000,1.9611,2.0557,1.9611,2.0557,2990,0
NWA,D,20160809,000000,2.1159,2.1159,2.1159,2.1159,12,0
NWA,D,20160810,000000,1.9783,2.3568,1.9783,2.2794,5994,0
NWA,D,20160811,000000,2.2364,2.4514,2.2364,2.331,3717,0
NWA,D,20160812,000000,2.2106,2.2106,2.1073,2.1073,1322,0
NWA,D,20160817,000000,1.9955,2.0213,1.9955,2.0213,961,0
NWA,D,20160818,000000,1.9955,2.374,1.9955,2.374,6378,0
NWA,D,20160819,000000,2.3826,2.8557,2.374,2.4858,8439,0
NWA,D,20160822,000000,2.5116,2.8815,2.245,2.8385,10897,0
NWA,D,20160823,000000,3.0105,3.1825,2.6664,2.8471,4977,0
NWA,D,20160824,000000,2.8041,3.1825,1.7977,1.8063,27866,0
NWA,D,20160825,000000,1.9611,2.1331,1.7289,2.1245,2624,0
NWA,D,20160826,000000,1.9783,2.0643,1.9783,2.0643,1271,0
NWA,D,20160829,000000,2.1159,2.1159,2.1159,2.1159,291,0
NWA,D,20160831,000000,1.8579,2.0385,1.7461,1.9783,3427,0
NWA,D,20160901,000000,1.8923,2.0643,1.7203,2.0127,3796,0
NWA,D,20160902,000000,1.8751,2.0127,1.8579,1.9955,527,0
NWA,D,20160905,000000,1.8923,1.8923,1.7633,1.7633,273,0
NWA,D,20160906,000000,1.8493,1.9783,1.8493,1.9783,13,0
NWA,D,20160907,000000,1.8407,1.8407,1.7375,1.7375,2214,0
NWA,D,20160909,000000,1.7805,1.7805,1.7375,1.7375,2359,0
NWA,D,20160913,000000,1.7547,1.7547,1.7375,1.7375,927,0
NWA,D,20160914,000000,1.7375,1.7375,1.7375,1.7375,81,0
NWA,D,20160915,000000,1.7375,1.7375,1.7375,1.7375,23,0
NWA,D,20160920,000000,1.8493,1.8493,1.8493,1.8493,29,0
NWA,D,20160921,000000,1.8579,1.8579,1.8579,1.8579,29,0
NWA,D,20160923,000000,1.8665,1.8665,1.8665,1.8665,29,0
NWA,D,20160927,000000,1.8665,1.8665,1.8665,1.8665,536,0
NWA,D,20160928,000000,1.9525,1.9525,1.9525,1.9525,29,0
NWA,D,20160929,000000,1.9439,1.9439,1.9439,1.9439,12,0
NWA,D,20161003,000000,1.9439,1.9439,1.9439,1.9439,12,0
NWA,D,20161004,000000,1.9439,1.9439,1.9439,1.9439,12,0
NWA,D,20161005,000000,1.9439,1.9439,1.9439,1.9439,6,0
NWA,D,20161010,000000,1.9353,1.9353,1.9353,1.9353,2,0
NWA,D,20161012,000000,1.8493,1.8493,1.8493,1.8493,814,0
NWA,D,20161013,000000,1.8837,1.8837,1.8837,1.8837,2,0
NWA,D,20161019,000000,1.7633,1.7633,1.7633,1.7633,116,0
NWA,D,20161026,000000,1.7977,1.9353,1.7977,1.8063,1331,0
NWA,D,20161027,000000,1.8063,1.8063,1.5052,1.5741,1486,0
NWA,D,20161028,000000,1.6171,1.8063,1.6171,1.8063,1889,0
NWA,D,20161102,000000,1.8063,1.8493,1.8063,1.8493,276,0
NWA,D,20161103,000000,1.8407,1.8407,1.8407,1.8407,23,0
NWA,D,20161104,000000,1.7375,1.8407,1.7375,1.8407,281,0
NWA,D,20161107,000000,1.8407,1.8407,1.7289,1.7289,20,0
NWA,D,20161108,000000,1.7289,1.7289,1.7289,1.7289,116,0
NWA,D,20161110,000000,1.8407,1.8407,1.8407,1.8407,6,0
NWA,D,20161116,000000,1.7289,1.7289,1.7289,1.7289,122,0
NWA,D,20161118,000000,1.7289,1.8407,1.7289,1.8407,329,0
NWA,D,20161121,000000,1.8407,1.9611,1.8407,1.9611,1899,0
NWA,D,20161122,000000,1.9611,1.9697,1.9439,1.9439,980,0
NWA,D,20161124,000000,1.8235,1.8321,1.8235,1.8321,581,0
NWA,D,20161129,000000,1.8321,1.8321,1.8321,1.8321,291,0
NWA,D,20161206,000000,1.8321,2.0815,1.8321,2.0815,2354,0
NWA,D,20161207,000000,1.9439,1.9611,1.5569,1.9611,3370,0
NWA,D,20161215,000000,1.7203,1.7203,1.7203,1.7203,581,0
NWA,D,20161216,000000,1.7203,1.7203,1.7203,1.7203,581,0
NWA,D,20161227,000000,1.8493,2.0987,1.8493,2.0901,3546,0
NWA,D,20161228,000000,2.1503,2.1503,2.1503,2.1503,16,0
NWA,D,20161230,000000,2.1503,2.2794,2.1503,2.2794,493,0
NWA,D,20170102,000000,2.7352,2.7352,2.7352,2.7352,58,0
NWA,D,20170103,000000,2.1245,2.1245,2.1245,2.1245,115,0
NWA,D,20170104,000000,2.2794,2.7094,2.2794,2.7094,8475,0
NWA,D,20170110,000000,3.0879,3.2943,3.0879,3.2943,215,0
NWA,D,20170112,000000,3.1825,3.1825,3.1825,3.1825,2,0
NWA,D,20170113,000000,2.5804,2.5804,2.159,2.245,544,0
NWA,D,20170117,000000,2.4514,2.4514,2.4514,2.4514,407,0
NWA,D,20170118,000000,2.5374,2.9675,2.4944,2.9675,844,0
NWA,D,20170119,000000,2.9675,2.9675,2.9675,2.9675,23,0
NWA,D,20170123,000000,2.8385,3.3976,2.8385,3.3976,15002,0
NWA,D,20170124,000000,3.8706,4.6448,3.8706,4.6448,128,0
NWA,D,20170125,000000,5.5049,5.5049,5.5049,5.5049,1,0
NWA,D,20170131,000000,4.4039,4.4039,4.4039,4.4039,116,0
NWA,D,20170224,000000,4.3007,5.1608,4.3007,5.1608,999,0
NWA,D,20170227,000000,4.3867,4.3867,4.1029,4.1029,233,0
NWA,D,20170228,000000,3.5266,3.5266,3.5266,3.5266,116,0
NWA,D,20170301,000000,3.1825,3.6126,2.5804,3.6126,1202,0
NWA,D,20170302,000000,3.8706,3.8706,3.8706,3.8706,53,0
NWA,D,20170303,000000,3.4406,3.4406,3.0105,3.0105,1163,0
NWA,D,20170306,000000,3.0105,3.3115,3.0105,3.0535,1309,0
NWA,D,20170308,000000,3.0535,3.0965,3.0535,3.0965,581,0
NWA,D,20170315,000000,3.0965,3.1395,2.589,3.1395,3372,0
NWA,D,20170317,000000,2.5804,3.3545,2.5804,3.3545,477,0
NWA,D,20170320,000000,3.3545,3.3545,3.3545,3.3545,29,0
NWA,D,20170321,000000,3.3545,3.4406,3.0965,3.4406,988,0
NWA,D,20170322,000000,3.4406,4.1287,3.4406,3.4406,6977,0
NWA,D,20170323,000000,3.4406,3.4406,3.4406,3.4406,58,0
NWA,D,20170324,000000,3.4406,4.0427,3.3545,3.4406,1523,0
NWA,D,20170329,000000,3.432,3.432,3.432,3.432,58,0
NWA,D,20170330,000000,3.432,3.432,3.432,3.432,6,0
NWA,D,20170331,000000,3.432,3.432,3.432,3.432,6,0
NWA,D,20170404,000000,3.432,3.432,3.432,3.432,12,0
NWA,D,20170406,000000,3.1825,3.1825,3.1825,3.1825,116,0
NWA,D,20170413,000000,2.9675,3.4406,2.589,3.2685,14031,0
NWA,D,20170418,000000,3.8706,4.6448,3.0965,4.1631,9546,0
NWA,D,20170419,000000,4.1373,4.1459,4.1373,4.1459,115,0
NWA,D,20170420,000000,4.1459,4.1545,3.3545,4.1545,731,0
NWA,D,20170421,000000,3.5524,3.8706,2.9245,2.9761,3422,0
NWA,D,20170424,000000,2.7524,3.2771,2.5546,3.1739,26436,0
NWA,D,20170425,000000,3.1825,3.6556,3.1825,3.6556,1389,0
NWA,D,20170426,000000,3.6556,4.3867,3.6556,4.3867,4607,0
NWA,D,20170427,000000,4.3953,5.1608,3.7846,3.7846,1828,0
NWA,D,20170428,000000,3.8276,3.8276,3.8276,3.8276,6,0
NWA,D,20170504,000000,3.8706,4.4727,3.8706,4.3007,855,0
NWA,D,20170505,000000,4.3007,4.3007,4.3007,4.3007,87,0
NWA,D,20170508,000000,4.3437,4.3437,4.3437,4.3437,29,0
NWA,D,20170509,000000,4.0857,5.6683,4.0857,5.1608,2855,0
NWA,D,20170510,000000,4.5157,5.1608,4.3867,5.1522,4703,0
NWA,D,20170511,000000,5.0834,5.0834,5.0834,5.0834,6,0
NWA,D,20170512,000000,4.3867,5.1522,3.4578,3.4578,7893,0
NWA,D,20170515,000000,3.4578,3.6556,2.7697,3.3803,5644,0
NWA,D,20170517,000000,3.1825,3.1825,2.6062,2.6062,2750,0
NWA,D,20170518,000000,2.761,2.761,2.761,2.761,16,0
NWA,D,20170519,000000,2.761,2.761,2.761,2.761,302,0
NWA,D,20170522,000000,2.7955,3.1911,2.7955,3.1911,378,0
NWA,D,20170605,000000,2.9675,3.1395,2.9245,3.1395,924,0
NWA,D,20170606,000000,2.761,2.9675,2.761,2.761,1092,0
NWA,D,20170607,000000,2.7697,2.7697,2.7697,2.7697,363,0
NWA,D,20170608,000000,2.7697,2.7697,2.7697,2.7697,116,0
NWA,D,20170614,000000,2.761,2.761,2.761,2.761,363,0
NWA,D,20170704,000000,2.6062,2.9675,2.5804,2.9675,1221,0
NWA,D,20170706,000000,2.9675,3.561,2.9675,3.4836,3901,0
NWA,D,20170707,000000,3.3545,3.3545,3.3545,3.3545,64,0
NWA,D,20170711,000000,3.2771,3.2771,2.9417,2.9417,964,0
NWA,D,20170803,000000,2.8815,2.9675,2.8815,2.9675,233,0
NWA,D,20170804,000000,2.8471,2.8471,2.5976,2.8471,1170,0
NWA,D,20170807,000000,2.6664,2.8385,2.6234,2.6234,1459,0
NWA,D,20170808,000000,2.4858,2.4858,2.159,2.159,405,0
NWA,D,20170809,000000,2.3224,2.3224,1.8579,2.1934,892,0
NWA,D,20170810,000000,2.1934,2.1934,2.1934,2.1934,457,0
NWA,D,20170811,000000,2.1762,2.1934,2.1762,2.1762,1618,0
NWA,D,20170814,000000,2.1934,2.1934,2.0471,2.0471,465,0
NWA,D,20170816,000000,2.331,2.6664,2.3138,2.4084,1232,0
NWA,D,20170817,000000,2.6492,2.6664,2.6492,2.6492,1418,0
NWA,D,20170818,000000,2.6578,2.6664,2.6578,2.6664,1174,0
NWA,D,20170821,000000,2.6492,2.6492,2.1245,2.1245,1221,0
NWA,D,20170822,000000,2.331,2.7524,2.331,2.6406,3452,0
NWA,D,20170823,000000,2.8385,3.0277,2.46,2.46,2165,0
NWA,D,20170824,000000,2.4686,2.4686,2.4686,2.4686,23,0
NWA,D,20170901,000000,2.4686,2.4686,1.9353,1.9353,3685,0
NWA,D,20170904,000000,2.1503,2.1503,1.7203,1.7547,3453,0
NWA,D,20170905,000000,1.9267,1.9267,1.9267,1.9267,1,0
NWA,D,20170913,000000,1.9267,1.9267,1.9267,1.9267,520,0
NWA,D,20170914,000000,1.9009,1.9009,1.9009,1.9009,174,0
NWA,D,20170920,000000,1.8407,1.8407,1.8407,1.8407,458,0
NWA,D,20170927,000000,1.7977,1.9783,1.4708,1.9783,2604,0
NWA,D,20170928,000000,1.9783,2.1848,1.7289,1.7289,1367,0
NWA,D,20170929,000000,1.8579,2.1762,1.8579,2.1762,15,0
NWA,D,20171003,000000,1.8579,1.9869,1.8579,1.9869,436,0
NWA,D,20171010,000000,1.9869,1.9869,1.9697,1.9869,2169,0
NWA,D,20171011,000000,1.9869,1.9869,1.9869,1.9869,686,0
NWA,D,20171012,000000,1.9869,1.9869,1.9869,1.9869,2,0
NWA,D,20171026,000000,1.9869,1.9869,1.9869,1.9869,1477,0
NWA,D,20171121,000000,2.0041,2.0041,2.0041,2.0041,520,0
NWA,D,20171128,000000,2.0041,2.0041,2.0041,2.0041,1728,0
NWA,D,20171206,000000,1.9955,1.9955,1.8493,1.9697,2179,0
NWA,D,20171207,000000,1.9697,1.9697,1.9353,1.9353,1264,0
NWA,D,20171208,000000,1.8923,1.9353,1.8923,1.9353,2096,0
NWA,D,20171211,000000,2.0299,2.3224,1.9697,1.9783,9870,0
NWA,D,20171212,000000,1.9783,1.9783,1.9783,1.9783,6976,0
NWA,D,20171213,000000,1.9353,1.9353,1.5483,1.5913,16448,0
NWA,D,20171214,000000,1.6773,1.6773,1.4192,1.6773,6987,0
NWA,D,20171215,000000,1.6773,1.6773,1.6773,1.6773,56,0
NWA,D,20171218,000000,1.6773,1.6773,1.6343,1.6343,698,0
NWA,D,20171219,000000,1.7977,1.7977,1.7977,1.7977,106,0
NWA,D,20171221,000000,1.7203,1.9353,1.7203,1.8923,2441,0
NWA,D,20171228,000000,1.7203,1.8923,1.7203,1.8923,1279,0
NWA,D,20171229,000000,1.6429,1.9697,1.4192,1.6429,10647,0
NWA,D,20180103,000000,1.5483,1.8063,1.3934,1.8063,2511,0
NWA,D,20180104,000000,1.8063,1.9783,1.5483,1.5483,4473,0
NWA,D,20180105,000000,1.6343,1.8407,1.3762,1.3762,1896,0
NWA,D,20180108,000000,1.5483,1.5483,1.5483,1.5483,244,0
NWA,D,20180111,000000,1.4536,1.4622,1.2902,1.4622,1396,0
NWA,D,20180115,000000,1.5569,1.8407,1.5569,1.8407,918,0
NWA,D,20180119,000000,1.7203,1.7203,1.7203,1.7203,65,0
NWA,D,20180126,000000,1.5483,1.5483,1.5483,1.5483,24,0
NWA,D,20180129,000000,1.6085,1.6085,1.4536,1.4536,628,0
NWA,D,20180130,000000,1.4966,1.4966,1.3762,1.3762,670,0
NWA,D,20180131,000000,1.5052,1.5052,1.4966,1.4966,1366,0
NWA,D,20180202,000000,1.5052,1.5999,1.5052,1.5999,698,0
NWA,D,20180205,000000,1.5999,1.5999,1.5999,1.5999,184,0
NWA,D,20180208,000000,1.6343,1.7203,1.6343,1.7203,698,0
NWA,D,20180212,000000,1.7203,1.9783,1.7203,1.8407,1732,0
NWA,D,20180213,000000,2.202,2.632,1.8923,2.1503,3401,0
NWA,D,20180214,000000,2.3224,2.3224,2.0643,2.0643,477,0
NWA,D,20180215,000000,2.0643,2.0643,2.0643,2.0643,563,0
NWA,D,20180216,000000,1.7203,1.7203,1.4708,1.4708,3411,0
NWA,D,20180219,000000,1.5999,1.5999,1.5655,1.5655,2453,0
NWA,D,20180228,000000,1.8407,1.8407,1.8407,1.8407,116,0
NWA,D,20180309,000000,1.5741,1.8751,1.3762,1.3762,2972,0
NWA,D,20180314,000000,1.4794,1.7203,1.4794,1.7203,930,0
NWA,D,20180323,000000,1.5483,1.5483,1.3762,1.488,2965,0
NWA,D,20180326,000000,1.445,1.4622,1.1698,1.4622,1396,0
NWA,D,20180329,000000,1.7203,1.7203,1.7203,1.7203,12,0
NWA,D,20180425,000000,1.5483,1.7203,1.2386,1.316,23252,0
NWA,D,20180430,000000,1.316,1.4106,1.1698,1.4106,3154,0
NWA,D,20180508,000000,1.2902,1.2902,1.2902,1.2902,775,0
NWA,D,20180509,000000,1.2214,1.2214,1.1698,1.1698,1163,0
NWA,D,20180511,000000,1.2386,1.2902,1.2214,1.2214,1418,0
NWA,D,20180514,000000,1.2042,1.2042,1.2042,1.2042,837,0
NWA,D,20180517,000000,1.2042,1.2042,1.2042,1.2042,52414,0
NWA,D,20180518,000000,1.187,1.3934,1.187,1.3934,2907,0
NWA,D,20180524,000000,1.4622,1.5224,1.4622,1.5224,698,0
NWA,D,20180525,000000,1.445,1.5224,1.445,1.5224,1623,0
NWA,D,20180704,000000,1.2816,1.2816,1.0752,1.1526,1952,0
NWA,D,20180705,000000,1.2386,1.2386,1.2386,1.2386,116,0
NWA,D,20180709,000000,1.2386,1.2386,1.2386,1.2386,58,0
NWA,D,20180713,000000,1.2042,1.2042,1.2042,1.2042,930,0
NWA,D,20180731,000000,1.1354,1.1354,1.1354,1.1354,868,0
NWA,D,20180816,000000,1.1698,1.2816,1.1698,1.2816,2873,0
NWA,D,20180829,000000,1.2816,1.3934,1.2816,1.3934,3654,0
NWA,D,20180830,000000,1.3074,1.3074,1.3074,1.3074,1163,0
NWA,D,20180904,000000,1.3332,1.5224,1.3332,1.5224,5029,0
NWA,D,20180905,000000,1.5224,1.5224,1.4364,1.4364,1628,0
NWA,D,20180907,000000,1.4364,1.4364,1.4364,1.4364,2674,0
NWA,D,20180910,000000,1.4364,1.4364,1.359,1.359,1395,0
NWA,D,20180913,000000,1.3246,1.359,1.3246,1.359,2054,0
NWA,D,20180914,000000,1.4364,1.4364,1.359,1.359,581,0
NWA,D,20180920,000000,1.359,1.402,1.359,1.402,2551,0
NWA,D,20180921,000000,1.4364,1.4364,1.3762,1.3762,1570,0
NWA,D,20181011,000000,1.2988,1.2988,1.2988,1.2988,1540,0
NWA,D,20181107,000000,1.2988,1.2988,1.2988,1.2988,1540,0
NWA,D,20181109,000000,1.316,1.316,1.2902,1.2902,1551,0
NWA,D,20181113,000000,1.3074,1.3074,1.0408,1.0408,7245,0
NWA,D,20181116,000000,1.0408,1.0408,1.0408,1.0408,349,0
NWA,D,20181123,000000,1.0408,1.0408,1.0408,1.0408,6572,0
NWA,D,20181126,000000,1.1956,1.1956,1.1096,1.1096,2325,0
NWA,D,20181203,000000,1.1096,1.1096,1.1096,1.1096,1803,0
NWA,D,20181221,000000,1.187,1.187,1.1612,1.1612,2674,0
NWA,D,20190104,000000,1.1956,1.1956,1.1956,1.1956,2,0
NWA,D,20190109,000000,1.1096,1.1096,1.1096,1.1096,2,0
NWA,D,20190118,000000,1.1956,1.4278,1.1956,1.4278,2325,0
NWA,D,20190130,000000,1.3246,1.4192,1.3246,1.4192,2793,0
NWA,D,20190131,000000,1.531,1.531,1.531,1.531,116,0
NWA,D,20190204,000000,1.531,1.8063,1.531,1.8063,2325,0
NWA,D,20190206,000000,2.0299,2.0299,2.0299,2.0299,116,0
NWA,D,20190304,000000,2.0299,2.0299,2.0299,2.0299,1,0
NWA,D,20190308,000000,2.0299,2.4256,2.0299,2.4256,581,0
NWA,D,20190311,000000,2.4084,2.4084,2.4084,2.4084,3,0
NWA,D,20190312,000000,2.3224,2.3224,1.9267,1.9267,1163,0
NWA,D,20190404,000000,1.9267,1.9267,1.9267,1.9267,1,0
NWA,D,20190416,000000,1.8407,1.8407,1.8407,1.8407,3,0
NWA,D,20190423,000000,1.8407,1.8407,1.8407,1.8407,930,0
NWA,D,20190529,000000,1.8407,1.8407,1.8407,1.8407,3,0
NWA,D,20190530,000000,1.8407,1.8407,1.8407,1.8407,5,0
NWA,D,20190603,000000,1.8407,1.8407,1.8407,1.8407,1,0
NWA,D,20190619,000000,1.7117,1.7117,1.7117,1.7117,169,0
NWA,D,20190625,000000,1.6343,1.6343,1.6343,1.6343,10,0
NWA,D,20190701,000000,1.6601,1.6601,1.6601,1.6601,605,0
NWA,D,20190705,000000,1.7547,1.7547,1.7547,1.7547,1,0
NWA,D,20190726,000000,1.7203,1.7203,1.7203,1.7203,1,0
NWA,D,20190729,000000,1.7203,1.9267,1.7203,1.9267,3103,0
NWA,D,20190731,000000,1.9267,1.9267,1.9267,1.9267,523,0
NWA,D,20190801,000000,1.8063,1.8063,1.8063,1.8063,555,0
NWA,D,20190814,000000,1.8063,1.8063,1.8063,1.8063,555,0
NWA,D,20190816,000000,1.9267,1.9267,1.9267,1.9267,299,0
NWA,D,20190819,000000,1.8923,1.8923,1.8923,1.8923,3,0
NWA,D,20190827,000000,2.0299,2.0299,2.0299,2.0299,493,0
NWA,D,20190911,000000,2.4084,2.4084,2.4084,2.4084,203,0
NWA,D,20190916,000000,2.2364,2.2364,2.2364,2.2364,442,0
NWA,D,20190917,000000,2.0643,2.0643,1.7203,1.8063,13999,0
NWA,D,20190918,000000,1.7203,1.8063,1.7203,1.8063,721,0
NWA,D,20190919,000000,1.7203,1.7203,1.7203,1.7203,21123,0
NWA,D,20190923,000000,1.7203,1.7203,1.7203,1.7203,581,0
NWA,D,20190924,000000,1.7203,1.7203,1.7203,1.7203,27,0
NWA,D,20191023,000000,1.8063,1.8063,1.8063,1.8063,531,0
NWA,D,20191028,000000,1.8579,2.2364,1.8579,2.2364,1860,0
NWA,D,20191031,000000,2.1331,2.1331,2.0299,2.0299,1279,0
NWA,D,20191104,000000,2.0299,2.0299,2.0299,2.0299,133,0
NWA,D,20191105,000000,2.0299,2.0299,2.0299,2.0299,1900,0
NWA,D,20191106,000000,2.1159,2.1503,2.1159,2.1503,1206,0
NWA,D,20191113,000000,2.4084,2.4084,2.4084,2.4084,2282,0
NWA,D,20191115,000000,2.4084,2.4256,2.4084,2.4256,2072,0
NWA,D,20191118,000000,2.3224,2.3224,1.9439,1.9439,1744,0
NWA,D,20191121,000000,2.0643,2.0815,1.9783,1.9783,3372,0
NWA,D,20191122,000000,1.9783,2.1503,1.9439,2.1503,5813,0
NWA,D,20191125,000000,2.0299,2.0299,2.0299,2.0299,988,0
NWA,D,20191126,000000,2.1503,2.4084,2.1503,2.1503,2981,0
NWA,D,20191127,000000,2.202,2.2364,2.202,2.2364,5405,0
NWA,D,20191128,000000,2.46,2.46,2.46,2.46,814,0
NWA,D,20191209,000000,2.46,2.46,2.46,2.46,116,0
NWA,D,20191210,000000,2.46,2.46,2.46,2.46,116,0
NWA,D,20191212,000000,2.46,2.5804,2.46,2.5804,1433,0
NWA,D,20191216,000000,2.5804,2.5804,2.5804,2.5804,116,0
NWA,D,20191217,000000,2.5804,2.5804,2.5804,2.5804,116,0
NWA,D,20191220,000000,2.5804,2.5804,2.5804,2.5804,116,0
NWA,D,20191227,000000,2.5804,2.5804,2.5804,2.5804,116,0
NWA,D,20191230,000000,2.5804,3.0965,2.5804,2.5804,1279,0
NWA,D,20200102,000000,2.5804,2.5804,2.5804,2.5804,388,0
NWA,D,20200103,000000,2.6664,2.6664,2.6664,2.6664,14,0
NWA,D,20200107,000000,2.4944,2.4944,2.4944,2.4944,401,0
NWA,D,20200108,000000,2.5804,3.0965,2.5804,3.0965,2336,0
NWA,D,20200114,000000,2.7524,2.7524,2.7524,2.7524,1059,0
NWA,D,20200116,000000,2.7524,2.7524,2.5804,2.5804,1347,0
NWA,D,20200121,000000,2.5804,2.5804,2.5804,2.5804,1142,0
NWA,D,20200122,000000,2.6664,2.6664,2.4944,2.4944,5414,0
NWA,D,20200127,000000,2.4084,2.5804,2.4084,2.5804,2858,0
NWA,D,20200128,000000,2.4084,2.4084,2.4084,2.4084,2291,0
NWA,D,20200131,000000,2.546,2.546,2.546,2.546,393,0
NWA,D,20200204,000000,2.6664,2.9073,2.6664,2.8041,7376,0
NWA,D,20200205,000000,2.8385,3.0965,2.8385,2.9761,3362,0
NWA,D,20200206,000000,3.0105,3.0105,3.0105,3.0105,385,0
NWA,D,20200224,000000,3.0449,3.1309,3.0449,3.1309,620,0
NWA,D,20200225,000000,3.1653,3.7846,3.1653,3.2341,9038,0
NWA,D,20200226,000000,3.0105,3.0105,2.8385,2.8385,1163,0
NWA,D,20200228,000000,2.6664,2.6664,2.4084,2.6664,2018,0
NWA,D,20200302,000000,1.8923,2.2708,1.8923,2.202,12497,0
NWA,D,20200303,000000,2.202,2.3052,2.0987,2.3052,294,0
NWA,D,20200305,000000,2.3052,2.7524,2.3052,2.7524,814,0
NWA,D,20200306,000000,2.374,2.8385,2.374,2.8385,352,0
NWA,D,20200310,000000,2.8385,2.8385,2.8385,2.8385,116,0
NWA,D,20200311,000000,2.5804,2.5804,2.5804,2.5804,389,0
NWA,D,20200313,000000,2.8385,2.8385,2.8385,2.8385,116,0
NWA,D,20200320,000000,2.6664,3.8362,2.5804,3.8362,3237,0
NWA,D,20200323,000000,3.9566,3.9566,3.9566,3.9566,3756,0
NWA,D,20200324,000000,4.2663,4.2663,3.9566,3.9566,119,0
NWA,D,20200325,000000,3.1653,4.0943,3.1653,3.8706,70,0
NWA,D,20200330,000000,4.0943,4.0943,3.8362,3.8362,714,0
NWA,D,20200331,000000,3.6126,3.6126,3.6126,3.6126,258,0
NWA,D,20200401,000000,3.4406,3.4406,3.0105,3.4406,5983,0
NWA,D,20200402,000000,3.4406,3.4406,3.4406,3.4406,86,0
NWA,D,20200409,000000,3.4406,3.4406,3.4406,3.4406,116,0
NWA,D,20200414,000000,3.8706,4.3007,3.8534,3.8706,33547,0
NWA,D,20200415,000000,4.3007,4.3007,3.4406,3.7846,9511,0
NWA,D,20200416,000000,3.9566,4.0427,3.7846,3.819,11013,0
NWA,D,20200417,000000,4.0427,4.3007,3.7846,4.3007,8278,0
NWA,D,20200420,000000,5.1178,5.3329,4.3867,4.9888,5594,0
NWA,D,20200421,000000,5.0318,5.0318,4.8168,4.8168,3308,0
NWA,D,20200422,000000,4.9888,5.0748,4.9888,4.9888,527,0
NWA,D,20200423,000000,5.0748,5.0748,5.0748,5.0748,2024,0
NWA,D,20200424,000000,4.8168,4.8168,4.8168,4.8168,44,0
NWA,D,20200427,000000,5.1178,5.1178,4.9888,5.0748,1860,0
NWA,D,20200428,000000,5.0748,5.0748,4.7308,4.8168,3179,0
NWA,D,20200429,000000,5.0748,5.5909,4.8598,5.5909,6484,0
NWA,D,20200430,000000,5.5909,6.451,5.3329,6.365,18663,0
NWA,D,20200504,000000,6.451,6.451,6.107,6.193,5025,0
NWA,D,20200505,000000,6.451,6.451,5.935,6.279,4541,0
NWA,D,20200506,000000,6.451,6.451,5.1608,6.236,3174,0
NWA,D,20200507,000000,5.6769,6.279,5.6339,6.236,580,0
NWA,D,20200508,000000,5.8059,6.064,5.8059,6.021,2521,0
NWA,D,20200511,000000,6.236,6.279,5.5909,6.021,3362,0
NWA,D,20200512,000000,6.021,6.236,5.6769,5.892,4713,0
NWA,D,20200513,000000,6.021,6.15,6.021,6.15,8721,0
NWA,D,20200514,000000,5.95,6.9,5.85,5.85,2518,0
NWA,D,20200515,000000,5.85,6.4,4.7,6.35,5651,0
NWA,D,20200518,000000,5.7,6.35,5.7,6.35,1250,0
NWA,D,20200519,000000,6.1,6.15,5.7,6.15,1417,0
NWA,D,20200520,000000,6,6.1,5.5,5.55,1210,0
NWA,D,20200521,000000,5.9,5.9,5.9,5.9,116,0
NWA,D,20200522,000000,6,6,5.6,5.95,886,0
NWA,D,20200525,000000,6,6,5.5,5.9,1658,0
NWA,D,20200526,000000,5.65,5.8,5.5,5.5,2221,0
NWA,D,20200527,000000,5.5,5.65,5.5,5.6,1422,0
NWA,D,20200528,000000,5.6,5.6,5.45,5.6,1705,0
NWA,D,20200529,000000,5.65,5.65,5.6,5.65,448,0
NWA,D,20200601,000000,5.65,5.65,5.5,5.5,324,0
NWA,D,20200602,000000,6,6,5.5,5.5,302,0
NWA,D,20200603,000000,5.5,5.8,5.5,5.8,1955,0
NWA,D,20200604,000000,6,6.1,6,6,5703,0
NWA,D,20200605,000000,6,6.1,5.85,6,3735,0
NWA,D,20200608,000000,6.1,6.1,6.05,6.05,8343,0
NWA,D,20200609,000000,6.05,6.1,6,6,2561,0
NWA,D,20200610,000000,6,6,5.95,5.95,600,0
NWA,D,20200612,000000,5.8,6.1,5.8,6.1,13249,0
NWA,D,20200615,000000,6.1,6.45,6.1,6.3,10805,0
NWA,D,20200616,000000,6.1,7.7,6.1,7.7,17334,0
NWA,D,20200617,000000,7.5,7.5,7.2,7.2,5478,0
NWA,D,20200618,000000,6.65,7.4,6.65,7.35,2183,0
NWA,D,20200619,000000,7,7.15,6.75,6.9,1085,0
NWA,D,20200622,000000,6.9,6.9,6.9,6.9,580,0
NWA,D,20200623,000000,7.3,7.3,6.85,6.95,254,0
NWA,D,20200624,000000,6.95,6.95,6.95,6.95,100,0
NWA,D,20200625,000000,6.95,6.95,6.8,6.8,952,0
NWA,D,20200626,000000,6.9,6.95,6.8,6.8,1446,0
NWA,D,20200629,000000,6.95,7,6.9,6.9,4609,0
NWA,D,20200630,000000,6.9,7.4,6.9,7.4,5007,0
NWA,D,20200701,000000,7.4,8.85,7.4,8.3,2096,0
NWA,D,20200702,000000,8.2,8.85,7.6,8.7,5513,0
NWA,D,20200703,000000,8.85,11.1,8.85,11.1,10928,0
NWA,D,20200706,000000,12.5,12.9,11.1,12.6,7010,0
NWA,D,20200707,000000,14.6,17.4,11.8,14.1,3274,0
NWA,D,20200708,000000,14.5,14.5,11.6,13,2121,0
NWA,D,20200709,000000,13.8,16.4,11.9,14,1398,0
NWA,D,20200710,000000,14,14.8,13.5,14.7,1520,0
NWA,D,20200713,000000,15.9,15.9,12.8,14.8,1183,0
NWA,D,20200714,000000,14.6,14.6,12.5,14.6,563,0
NWA,D,20200715,000000,14.4,14.8,12.1,14.8,2076,0
NWA,D,20200716,000000,14.8,14.8,11.9,13.9,8724,0
NWA,D,20200717,000000,14.7,17,12.8,15.5,15456,0
NWA,D,20200720,000000,16.8,19.2,16.3,19.1,21746,0
NWA,D,20200721,000000,20.2,23.8,20,21.8,14945,0
NWA,D,20200722,000000,22,22,17.6,18.4,7774,0
NWA,D,20200723,000000,14.8,17.5,14.8,17.2,4395,0
NWA,D,20200724,000000,16.5,18.6,16.5,17.9,1041,0
NWA,D,20200727,000000,18,18,15,17,2360,0
NWA,D,20200728,000000,16.9,18.1,16,17,3102,0
NWA,D,20200729,000000,15.9,16.9,15.6,16.4,1083,0
NWA,D,20200730,000000,16.4,17.3,13.2,17,5862,0
NWA,D,20200731,000000,14,18.9,14,18.9,5121,0
NWA,D,20200803,000000,19,27,16.4,26.4,19427,0
NWA,D,20200804,000000,27,32.4,26.6,27,10468,0
NWA,D,20200805,000000,27.2,30,25.2,27.6,1522,0
NWA,D,20200806,000000,29.2,29.2,25.4,27.2,1339,0
NWA,D,20200807,000000,26.4,26.8,22.8,26.4,2527,0
NWA,D,20200810,000000,25.6,26.2,23,24,1368,0
NWA,D,20200811,000000,24.8,25.8,20,24.8,2057,0
NWA,D,20200812,000000,26,26,21.4,25.4,4112,0
NWA,D,20200813,000000,25.4,25.4,21.6,24.6,124,0
NWA,D,20200814,000000,25.4,25.4,23,24.4,612,0
NWA,D,20200817,000000,24.6,24.6,20.6,24.4,2977,0
NWA,D,20200818,000000,24.4,24.4,20.8,23.4,1169,0
NWA,D,20200819,000000,24.6,24.6,21,23,206,0
NWA,D,20200820,000000,19.2,23,19,21.8,1983,0
NWA,D,20200821,000000,22,22,21.8,21.8,97,0
NWA,D,20200824,000000,24.6,24.6,20.4,21.8,620,0
NWA,D,20200825,000000,20.6,22,18.3,21.8,1486,0
NWA,D,20200826,000000,21.8,22,18.1,18.9,11805,0
NWA,D,20200827,000000,18.7,19,17.8,19,3279,0
NWA,D,20200828,000000,19,19,15.4,19,5668,0
NWA,D,20200831,000000,21.4,21.4,17.2,18.6,1711,0
NWA,D,20200901,000000,18.6,18.6,16.3,17.3,904,0
NWA,D,20200902,000000,17.4,18.6,15.5,18,1088,0
NWA,D,20200903,000000,16.6,18.4,16.6,17.9,69,0
NWA,D,20200904,000000,17.4,18,17.2,17.9,462,0
NWA,D,20200907,000000,18.7,18.7,16.4,17.9,263,0
NWA,D,20200908,000000,16.6,18.1,13.3,16.8,10673,0
NWA,D,20200909,000000,15.4,17,14.6,16.9,1265,0
NWA,D,20200910,000000,17,18,14.7,16.9,2198,0
NWA,D,20200911,000000,16.8,19.2,15.5,17,1844,0
NWA,D,20200914,000000,16.2,19.1,16.1,18.8,1511,0
NWA,D,20200915,000000,19,19,18.8,18.8,4,0
NWA,D,20200916,000000,18.8,19,17.5,18.3,200,0
NWA,D,20200917,000000,17,18.3,15.1,17.4,1222,0
NWA,D,20200918,000000,16,18.6,15.3,17.5,1166,0
NWA,D,20200921,000000,16.4,18.5,16.4,18,694,0
NWA,D,20200922,000000,17.9,18.5,16.8,16.8,2099,0
NWA,D,20200923,000000,16.6,18.5,16.6,18.2,187,0
NWA,D,20200924,000000,18.2,18.2,18.2,18.2,1,0
NWA,D,20200925,000000,18.2,18.2,17.5,17.9,22,0
NWA,D,20200928,000000,18,18,15,18,1600,0
NWA,D,20200929,000000,17,18,16.3,17.9,1958,0
NWA,D,20200930,000000,17.8,18.1,16.3,17.9,210,0
NWA,D,20201001,000000,17.9,17.9,14.8,15.5,4341,0
NWA,D,20201002,000000,14.4,17.2,14.4,15.8,983,0
NWA,D,20201005,000000,17,18,14.6,14.6,3546,0
NWA,D,20201006,000000,15,16.1,13.6,13.7,3759,0
NWA,D,20201007,000000,13.7,15,13.7,15,78,0
NWA,D,20201008,000000,15,15,12.6,13.7,4931,0
NWA,D,20201009,000000,13.7,14.5,13.6,14.5,1021,0
NWA,D,20201012,000000,12.7,14.8,12.7,14.8,1329,0
NWA,D,20201013,000000,13.6,14.8,13.6,13.8,4571,0
NWA,D,20201014,000000,14,14.7,14,14.4,564,0
NWA,D,20201015,000000,14.5,14.7,13.4,13.4,2574,0
NWA,D,20201016,000000,16.1,19.2,15.6,18,15057,0
