<TICKER>,<PER>,<DATE>,<TIME>,<OPEN>,<HIGH>,<LOW>,<CLOSE>,<VOL>,<OPENINT>
P24,D,20150824,000000,0.11208,0.16812,0.11208,0.16812,7602,0
P24,D,20150826,000000,0.27086,0.31756,0.27086,0.31756,23876,0
P24,D,20150827,000000,0.33624,0.39228,0.33624,0.39228,4152,0
P24,D,20150828,000000,0.467,0.5604,0.467,0.5604,8760,0
P24,D,20150901,000000,0.6631,0.7939,0.6631,0.7939,20591,0
P24,D,20150902,000000,0.9527,1.1395,0.9527,1.1208,2387,0
P24,D,20150903,000000,1.345,1.6065,1.345,1.6065,4375,0
P24,D,20150904,000000,1.924,2.307,1.7839,2.307,13728,0
P24,D,20150907,000000,2.6152,2.7086,2.0921,2.2416,11641,0
P24,D,20150908,000000,1.868,1.952,1.4944,1.6345,4440,0
P24,D,20150909,000000,1.7185,1.7185,1.401,1.401,716,0
P24,D,20150910,000000,1.2889,1.7279,1.1115,1.3263,9721,0
P24,D,20150911,000000,1.5878,1.8773,1.5878,1.8773,439,0
P24,D,20150914,000000,2.2416,2.6899,1.7933,2.6899,3251,0
P24,D,20150915,000000,2.1575,2.5778,2.0735,2.4284,1761,0
P24,D,20150916,000000,2.2416,2.5778,2.2416,2.5218,1153,0
P24,D,20150917,000000,2.363,2.363,1.896,2.0548,1427,0
P24,D,20150918,000000,1.9987,2.1575,1.9614,2.1575,1106,0
P24,D,20150921,000000,2.1482,2.1482,2.1482,2.1482,321,0
P24,D,20150922,000000,2.0735,2.0828,1.8867,1.8867,2602,0
P24,D,20150923,000000,1.8867,1.8867,1.868,1.868,164,0
P24,D,20150924,000000,2.0081,2.4097,2.0081,2.4097,11226,0
P24,D,20150925,000000,2.5031,2.6152,2.3537,2.363,1400,0
P24,D,20150928,000000,2.363,2.363,2.3163,2.3163,1396,0
P24,D,20150929,000000,2.4844,2.4844,2.4844,2.4844,237,0
P24,D,20151001,000000,2.4844,2.7086,2.4844,2.7086,273,0
P24,D,20151002,000000,2.6152,2.6152,2.1482,2.1482,653,0
P24,D,20151005,000000,2.1482,2.1482,2.1482,2.1482,87,0
P24,D,20151006,000000,2.0174,2.2322,1.868,1.868,818,0
P24,D,20151007,000000,1.868,1.868,1.6158,1.8493,264,0
P24,D,20151008,000000,1.7372,1.8773,1.7372,1.8773,865,0
P24,D,20151009,000000,1.8213,1.84,1.7933,1.7933,2021,0
P24,D,20151013,000000,1.7746,1.7746,1.6999,1.6999,696,0
P24,D,20151021,000000,1.6999,1.6999,1.5598,1.5598,375,0
P24,D,20151026,000000,1.5598,1.5598,1.5598,1.5598,54,0
P24,D,20151027,000000,1.5598,1.5598,1.3356,1.4477,1071,0
P24,D,20151028,000000,1.4664,1.4664,1.3356,1.401,1799,0
P24,D,20151029,000000,1.3356,1.3356,1.0834,1.0834,309,0
P24,D,20151030,000000,1.1021,1.3076,1.0928,1.0928,964,0
P24,D,20151102,000000,1.1021,1.1208,1.0928,1.1208,391,0
P24,D,20151103,000000,1.2142,1.4477,1.2142,1.4477,1939,0
P24,D,20151104,000000,1.5411,1.5411,1.5411,1.5411,206,0
P24,D,20151105,000000,1.4477,1.4477,1.401,1.4197,2122,0
P24,D,20151106,000000,1.5224,1.5224,1.3823,1.3823,3658,0
P24,D,20151109,000000,1.4664,1.7559,1.3543,1.7559,4833,0
P24,D,20151110,000000,1.7652,1.8773,1.429,1.8213,10153,0
P24,D,20151112,000000,1.8213,2.0174,1.7933,1.7933,6330,0
P24,D,20151113,000000,1.9614,2.0174,1.84,2.0174,6870,0
P24,D,20151116,000000,2.1015,2.5685,2.0921,2.5685,9338,0
P24,D,20151117,000000,2.7086,3.0635,2.3817,3.0261,4389,0
P24,D,20151118,000000,2.4284,2.9141,2.4284,2.4284,4839,0
P24,D,20151119,000000,2.6992,2.7833,2.2416,2.6899,4413,0
P24,D,20151120,000000,2.3817,2.6619,2.3817,2.6152,4885,0
P24,D,20151123,000000,2.6152,2.6619,2.6152,2.6619,3266,0
P24,D,20151124,000000,2.7366,2.8113,2.7366,2.802,1619,0
P24,D,20151125,000000,2.8113,2.886,2.4844,2.886,9656,0
P24,D,20151126,000000,2.8954,2.8954,2.5218,2.8954,7779,0
P24,D,20151127,000000,2.5311,2.886,2.5311,2.886,8238,0
P24,D,20151130,000000,2.61518,2.8767,2.61518,2.8767,9925,0
P24,D,20151201,000000,2.69924,2.81132,2.53112,2.81132,10075,0
P24,D,20151202,000000,2.80198,2.83,2.63386,2.83,9765,0
P24,D,20151203,000000,2.53,2.95,2.53,2.95,9761,0
P24,D,20151204,000000,2.9,2.94,2.9,2.94,6932,0
P24,D,20151207,000000,2.94,2.94,2.75,2.88,2299,0
P24,D,20151208,000000,2.7,2.71,2.7,2.71,4244,0
P24,D,20151209,000000,2.71,2.71,2.7,2.71,1948,0
P24,D,20151210,000000,2.69,2.69,2.45,2.45,6597,0
P24,D,20151211,000000,2.45,2.45,2.44,2.44,2295,0
P24,D,20151214,000000,2.6,2.62,2.44,2.44,1980,0
P24,D,20151215,000000,2.46,2.52,2.44,2.52,3700,0
P24,D,20151216,000000,2.51,2.52,2.51,2.52,4220,0
P24,D,20151217,000000,2.5,2.5,2.5,2.5,1268,0
P24,D,20151218,000000,2.4,2.52,2.4,2.52,2097,0
P24,D,20151221,000000,2.5,2.5,2.4,2.4,2518,0
P24,D,20151222,000000,2.4,2.79,2.4,2.79,2420,0
P24,D,20151223,000000,2.79,2.95,2.79,2.95,708,0
P24,D,20151228,000000,2.95,3.05,2.95,3.05,2172,0
P24,D,20151230,000000,3.05,3.05,2.94,2.94,340,0
P24,D,20160104,000000,2.94,2.94,2.91,2.91,1105,0
P24,D,20160107,000000,2.93,2.93,2.93,2.93,2,0
P24,D,20160112,000000,3.05,3.05,2.99,3,1667,0
P24,D,20160113,000000,2.93,2.93,2.88,2.88,1807,0
P24,D,20160114,000000,2.88,2.88,2.88,2.88,1060,0
P24,D,20160115,000000,2.88,2.88,2.86,2.86,1793,0
P24,D,20160118,000000,2.88,2.88,2.87,2.87,1639,0
P24,D,20160119,000000,2.88,2.88,2.88,2.88,1598,0
P24,D,20160120,000000,2.88,2.88,2.88,2.88,1770,0
P24,D,20160121,000000,2.88,2.88,2.88,2.88,1500,0
P24,D,20160122,000000,2.87,2.88,2.87,2.87,1510,0
P24,D,20160125,000000,2.89,2.89,2.89,2.89,1080,0
P24,D,20160126,000000,2.88,2.88,2.88,2.88,1050,0
P24,D,20160127,000000,2.88,2.9,2.88,2.9,24253,0
P24,D,20160202,000000,2.9,2.9,2.9,2.9,5500,0
P24,D,20160208,000000,2.89,2.89,2.89,2.89,2390,0
P24,D,20160209,000000,2.9,2.9,2.88,2.88,2950,0
P24,D,20160210,000000,2.89,2.89,2.89,2.89,3740,0
P24,D,20160211,000000,2.89,2.89,2.89,2.89,3700,0
P24,D,20160212,000000,2.89,2.89,2.88,2.88,3333,0
P24,D,20160215,000000,2.89,2.89,2.89,2.89,4087,0
P24,D,20160216,000000,2.88,2.88,2.87,2.87,3720,0
P24,D,20160217,000000,2.88,2.88,2.88,2.88,900,0
P24,D,20160219,000000,2.89,2.9,2.89,2.9,2550,0
P24,D,20160223,000000,2.89,2.9,2.89,2.9,3600,0
P24,D,20160224,000000,2.89,2.89,2.89,2.89,2900,0
P24,D,20160226,000000,2.89,2.89,2.89,2.89,4300,0
P24,D,20160229,000000,2.89,2.89,2.89,2.89,2450,0
P24,D,20160301,000000,2.88,2.9,2.88,2.9,1650,0
P24,D,20160302,000000,2.89,2.89,2.89,2.89,2450,0
P24,D,20160303,000000,2.9,2.9,2.88,2.88,6390,0
P24,D,20160304,000000,2.9,2.9,2.85,2.89,5189,0
P24,D,20160307,000000,2.91,2.91,2.88,2.88,5354,0
P24,D,20160308,000000,2.91,2.92,2.91,2.91,7070,0
P24,D,20160309,000000,2.91,2.93,2.89,2.89,6245,0
P24,D,20160310,000000,2.9,2.91,2.9,2.91,3050,0
P24,D,20160311,000000,2.91,3.05,2.9,3.05,28402,0
P24,D,20160314,000000,3.04,3.15,3.03,3.15,23399,0
P24,D,20160315,000000,3.12,3.12,3.08,3.11,19987,0
P24,D,20160316,000000,3.21,3.33,3.21,3.33,19245,0
P24,D,20160317,000000,3.33,3.4,3.33,3.4,16243,0
P24,D,20160318,000000,3.4,3.57,3.4,3.57,18330,0
P24,D,20160321,000000,3.57,3.63,3.57,3.62,10934,0
P24,D,20160322,000000,3.62,3.66,3.62,3.66,11908,0
P24,D,20160323,000000,3.65,3.65,3.65,3.65,6581,0
P24,D,20160324,000000,3.66,4.16,3.66,4.15,10613,0
P24,D,20160329,000000,3.95,3.95,3.69,3.69,1687,0
P24,D,20160331,000000,3.54,3.54,3.35,3.35,715,0
P24,D,20160401,000000,3.22,3.22,3.12,3.12,374,0
P24,D,20160407,000000,3,3.2,3,3.2,475,0
P24,D,20160413,000000,3.22,3.22,3.22,3.22,5,0
P24,D,20160420,000000,3.22,3.38,3.22,3.38,307,0
P24,D,20160421,000000,3.4,3.4,3.4,3.4,30,0
P24,D,20160502,000000,3.4,4.08,3.4,4.08,1089,0
P24,D,20160504,000000,4.09,4.4,4.09,4.4,1033,0
P24,D,20160506,000000,4.59,5.6,4.59,5.6,1136,0
P24,D,20160509,000000,5.6,5.63,5.59,5.59,2313,0
P24,D,20160510,000000,5.59,5.59,5.59,5.59,18,0
P24,D,20160512,000000,5.59,5.59,5.59,5.59,216,0
P24,D,20160513,000000,5.6,5.6,5.6,5.6,110,0
P24,D,20160517,000000,5.63,6.19,3.43,3.43,85462,0
P24,D,20160518,000000,3.09,3.09,2.1,2.22,64077,0
P24,D,20160519,000000,2.58,2.88,2.58,2.8,58828,0
P24,D,20160520,000000,2.8,3,2.8,2.9,38286,0
P24,D,20160523,000000,2.97,3.1,2.38,2.38,85916,0
P24,D,20160524,000000,1.91,2.03,1.47,1.47,142836,0
P24,D,20160525,000000,1.47,1.62,0.89,0.89,433533,0
P24,D,20160527,000000,0.81,0.88,0.8,0.82,57652,0
P24,D,20160530,000000,0.81,0.91,0.52,0.52,899274,0
P24,D,20160531,000000,0.52,0.57,0.33,0.33,1425700,0
P24,D,20160601,000000,0.32,0.32,0.21,0.22,1920335,0
P24,D,20160602,000000,0.22,0.24,0.15,0.15,3637123,0
P24,D,20160603,000000,0.15,0.18,0.12,0.12,4549040,0
P24,D,20160606,000000,0.12,0.14,0.1,0.1,9091268,0
P24,D,20160607,000000,0.11,0.12,0.09,0.09,8794741,0
P24,D,20160608,000000,0.09,0.12,0.09,0.11,5817634,0
P24,D,20160609,000000,0.12,0.14,0.12,0.13,3205711,0
P24,D,20160610,000000,0.14,0.14,0.13,0.13,1721245,0
P24,D,20160613,000000,0.12,0.13,0.1,0.11,2664676,0
P24,D,20160614,000000,0.1,0.11,0.09,0.1,1715355,0
P24,D,20160615,000000,0.1,0.12,0.09,0.1,2681445,0
P24,D,20160616,000000,0.1,0.11,0.09,0.1,714785,0
P24,D,20160617,000000,0.1,0.1,0.08,0.09,1997574,0
P24,D,20160620,000000,0.09,0.1,0.08,0.1,603078,0
P24,D,20160621,000000,0.1,0.1,0.08,0.09,301540,0
P24,D,20160622,000000,0.09,0.1,0.09,0.09,31926,0
P24,D,20160623,000000,0.09,0.1,0.09,0.09,466103,0
P24,D,20160624,000000,0.09,0.09,0.08,0.09,581786,0
P24,D,20160627,000000,0.09,0.09,0.08,0.09,24028,0
P24,D,20160628,000000,0.08,0.11,0.08,0.11,2044125,0
P24,D,20160629,000000,0.1,0.11,0.09,0.1,1170469,0
P24,D,20160630,000000,0.1,0.11,0.09,0.11,265031,0
P24,D,20160701,000000,0.11,0.13,0.1,0.11,2346704,0
P24,D,20160704,000000,0.11,0.11,0.09,0.1,964461,0
P24,D,20160705,000000,0.1,0.1,0.09,0.1,114901,0
P24,D,20160706,000000,0.1,0.11,0.09,0.1,562428,0
P24,D,20160707,000000,0.1,0.1,0.09,0.1,227756,0
P24,D,20160708,000000,0.1,0.1,0.09,0.1,324725,0
P24,D,20160711,000000,0.1,0.1,0.09,0.1,2104,0
P24,D,20160712,000000,0.09,0.1,0.09,0.09,278523,0
P24,D,20160713,000000,0.1,0.1,0.09,0.09,241180,0
P24,D,20160714,000000,0.09,0.1,0.08,0.1,115301,0
P24,D,20160715,000000,0.1,0.1,0.09,0.1,20173,0
P24,D,20160718,000000,0.09,0.1,0.08,0.08,270659,0
P24,D,20160719,000000,0.09,0.1,0.08,0.09,356518,0
P24,D,20160720,000000,0.08,0.1,0.08,0.1,221909,0
P24,D,20160721,000000,0.09,0.1,0.08,0.09,108817,0
P24,D,20160722,000000,0.09,0.1,0.08,0.1,143876,0
P24,D,20160725,000000,0.1,0.1,0.09,0.1,994801,0
P24,D,20160726,000000,0.09,0.1,0.09,0.1,126746,0
P24,D,20160727,000000,0.1,0.1,0.08,0.09,955690,0
P24,D,20160728,000000,0.09,0.09,0.08,0.09,378071,0
P24,D,20160729,000000,0.08,0.09,0.08,0.09,188526,0
P24,D,20160801,000000,0.09,0.09,0.08,0.09,171079,0
P24,D,20160802,000000,0.08,0.09,0.08,0.08,620649,0
P24,D,20160803,000000,0.08,0.09,0.07,0.09,552039,0
P24,D,20160804,000000,0.08,0.08,0.07,0.08,36935,0
P24,D,20160805,000000,0.09,0.09,0.08,0.09,208571,0
P24,D,20160808,000000,0.08,0.09,0.08,0.09,13795,0
P24,D,20160809,000000,0.08,0.09,0.07,0.08,35564,0
P24,D,20160810,000000,0.08,0.09,0.08,0.09,29204,0
P24,D,20160811,000000,0.07,0.07,0.07,0.07,3000,0
P24,D,20160812,000000,0.08,0.09,0.07,0.08,206067,0
P24,D,20160816,000000,0.08,0.09,0.07,0.08,109663,0
P24,D,20160817,000000,0.08,0.09,0.07,0.08,91973,0
P24,D,20160818,000000,0.08,0.08,0.08,0.08,43055,0
P24,D,20160819,000000,0.07,0.08,0.06,0.07,1372298,0
P24,D,20160822,000000,0.07,0.08,0.07,0.08,258898,0
P24,D,20160823,000000,0.07,0.07,0.06,0.07,145250,0
P24,D,20160824,000000,0.06,0.07,0.06,0.07,139388,0
P24,D,20160825,000000,0.06,0.07,0.06,0.07,9000,0
P24,D,20160826,000000,0.06,0.07,0.06,0.07,44874,0
P24,D,20160829,000000,0.06,0.09,0.06,0.08,1478688,0
P24,D,20160830,000000,0.08,0.09,0.07,0.07,1805419,0
P24,D,20160831,000000,0.08,0.11,0.08,0.11,2199963,0
P24,D,20160901,000000,0.12,0.16,0.12,0.14,6829245,0
P24,D,20160902,000000,0.14,0.14,0.1,0.1,2295637,0
P24,D,20160905,000000,0.11,0.13,0.1,0.1,835597,0
P24,D,20160906,000000,0.11,0.12,0.09,0.11,359229,0
P24,D,20160907,000000,0.12,0.12,0.1,0.1,711326,0
P24,D,20160908,000000,0.1,0.11,0.09,0.1,727198,0
P24,D,20160909,000000,0.1,0.11,0.1,0.1,315364,0
P24,D,20160912,000000,0.11,0.11,0.09,0.11,240695,0
P24,D,20160913,000000,0.11,0.11,0.09,0.1,210830,0
P24,D,20160914,000000,0.1,0.11,0.09,0.11,116114,0
P24,D,20160915,000000,0.1,0.1,0.09,0.1,16102,0
P24,D,20160916,000000,0.1,0.11,0.1,0.11,301292,0
P24,D,20160919,000000,0.1,0.11,0.09,0.1,141517,0
P24,D,20160920,000000,0.11,0.12,0.1,0.11,1480924,0
P24,D,20160921,000000,0.11,0.12,0.1,0.1,536666,0
P24,D,20160922,000000,0.1,0.12,0.1,0.11,295966,0
P24,D,20160923,000000,0.11,0.12,0.11,0.11,181590,0
P24,D,20160926,000000,0.1,0.12,0.1,0.11,174375,0
P24,D,20160927,000000,0.12,0.14,0.11,0.13,1701592,0
P24,D,20160928,000000,0.13,0.13,0.12,0.13,307058,0
P24,D,20160929,000000,0.13,0.13,0.12,0.13,413873,0
P24,D,20160930,000000,0.12,0.13,0.11,0.12,292190,0
P24,D,20161003,000000,0.11,0.13,0.11,0.11,280149,0
P24,D,20161004,000000,0.11,0.12,0.11,0.12,66185,0
P24,D,20161005,000000,0.12,0.12,0.11,0.11,35938,0
P24,D,20161006,000000,0.12,0.12,0.11,0.11,45585,0
P24,D,20161007,000000,0.12,0.12,0.1,0.11,344801,0
P24,D,20161010,000000,0.11,0.11,0.1,0.11,177934,0
P24,D,20161011,000000,0.1,0.11,0.09,0.11,506450,0
P24,D,20161012,000000,0.11,0.11,0.1,0.1,214335,0
P24,D,20161013,000000,0.11,0.11,0.1,0.11,270167,0
P24,D,20161014,000000,0.11,0.12,0.1,0.12,342910,0
P24,D,20161017,000000,0.11,0.11,0.1,0.11,133560,0
P24,D,20161018,000000,0.1,0.11,0.1,0.1,153178,0
P24,D,20161019,000000,0.11,0.11,0.1,0.1,188311,0
P24,D,20161020,000000,0.1,0.11,0.1,0.11,98022,0
P24,D,20161021,000000,0.1,0.11,0.09,0.1,477193,0
P24,D,20161024,000000,0.11,0.11,0.09,0.1,55093,0
P24,D,20161025,000000,0.1,0.1,0.09,0.1,72420,0
P24,D,20161026,000000,0.09,0.1,0.08,0.09,752637,0
P24,D,20161027,000000,0.09,0.1,0.09,0.1,1001,0
P24,D,20161028,000000,0.09,0.1,0.09,0.1,37900,0
P24,D,20161031,000000,0.09,0.1,0.09,0.1,10001,0
P24,D,20161102,000000,0.1,0.11,0.1,0.11,373561,0
P24,D,20161103,000000,0.1,0.11,0.1,0.11,82103,0
P24,D,20161104,000000,0.1,0.11,0.1,0.11,28017,0
P24,D,20161107,000000,0.11,0.11,0.1,0.11,120873,0
P24,D,20161108,000000,0.1,0.11,0.1,0.1,170090,0
P24,D,20161109,000000,0.09,0.11,0.09,0.1,158011,0
P24,D,20161110,000000,0.09,0.11,0.09,0.11,31861,0
P24,D,20161114,000000,0.11,0.11,0.09,0.1,87846,0
P24,D,20161115,000000,0.09,0.1,0.09,0.1,376695,0
P24,D,20161116,000000,0.09,0.1,0.08,0.1,250845,0
P24,D,20161117,000000,0.1,0.1,0.09,0.09,31000,0
P24,D,20161118,000000,0.1,0.1,0.09,0.09,52700,0
P24,D,20161121,000000,0.1,0.1,0.09,0.1,102570,0
P24,D,20161122,000000,0.1,0.1,0.09,0.09,50700,0
P24,D,20161123,000000,0.1,0.1,0.09,0.1,25215,0
P24,D,20161124,000000,0.09,0.1,0.09,0.1,8010,0
P24,D,20161125,000000,0.1,0.1,0.09,0.1,76420,0
P24,D,20161128,000000,0.09,0.1,0.09,0.1,34700,0
P24,D,20161129,000000,0.1,0.11,0.1,0.11,331951,0
P24,D,20161130,000000,0.11,0.11,0.08,0.08,2148539,0
P24,D,20161201,000000,0.08,0.09,0.05,0.06,10257117,0
P24,D,20161202,000000,0.06,0.06,0.05,0.05,1270925,0
P24,D,20161205,000000,0.06,0.06,0.05,0.05,1334957,0
P24,D,20161206,000000,0.05,0.06,0.05,0.06,167326,0
P24,D,20161207,000000,0.05,0.06,0.05,0.05,363396,0
P24,D,20161208,000000,0.06,0.06,0.06,0.06,62000,0
P24,D,20161209,000000,0.05,0.06,0.04,0.05,507433,0
P24,D,20161212,000000,0.06,0.06,0.06,0.06,405969,0
P24,D,20161213,000000,0.05,0.06,0.05,0.05,308271,0
P24,D,20161214,000000,0.05,0.06,0.05,0.06,309073,0
P24,D,20161215,000000,0.05,0.06,0.05,0.06,312887,0
P24,D,20161216,000000,0.05,0.06,0.05,0.05,747033,0
P24,D,20161219,000000,0.05,0.06,0.04,0.06,659910,0
P24,D,20161220,000000,0.06,0.07,0.05,0.05,1470080,0
P24,D,20161221,000000,0.06,0.07,0.05,0.06,623936,0
P24,D,20161222,000000,0.07,0.07,0.06,0.07,288496,0
P24,D,20161223,000000,0.06,0.07,0.06,0.06,135899,0
P24,D,20161227,000000,0.06,0.07,0.06,0.06,100379,0
P24,D,20161228,000000,0.06,0.07,0.05,0.06,328657,0
P24,D,20161229,000000,0.07,0.07,0.06,0.07,81222,0
P24,D,20161230,000000,0.06,0.07,0.06,0.07,98253,0
P24,D,20170102,000000,0.06,0.07,0.06,0.07,37178,0
P24,D,20170103,000000,0.06,0.07,0.05,0.07,232375,0
P24,D,20170104,000000,0.06,0.07,0.05,0.06,99396,0
P24,D,20170105,000000,0.06,0.06,0.05,0.06,89238,0
P24,D,20170109,000000,0.06,0.06,0.05,0.06,35278,0
P24,D,20170110,000000,0.06,0.07,0.05,0.06,250355,0
P24,D,20170111,000000,0.06,0.06,0.05,0.05,25582,0
P24,D,20170112,000000,0.06,0.06,0.06,0.06,34350,0
P24,D,20170113,000000,0.06,0.06,0.06,0.06,106183,0
P24,D,20170116,000000,0.06,0.06,0.05,0.06,182432,0
P24,D,20170117,000000,0.06,0.06,0.06,0.06,19211,0
P24,D,20170118,000000,0.05,0.06,0.05,0.05,14322,0
P24,D,20170119,000000,0.06,0.07,0.05,0.07,372761,0
P24,D,20170120,000000,0.07,0.08,0.06,0.08,1118300,0
P24,D,20170123,000000,0.08,0.09,0.07,0.07,2709360,0
P24,D,20170124,000000,0.07,0.08,0.06,0.08,967965,0
P24,D,20170125,000000,0.08,0.08,0.06,0.07,799879,0
P24,D,20170126,000000,0.06,0.07,0.06,0.06,598349,0
P24,D,20170127,000000,0.07,0.07,0.06,0.07,74317,0
P24,D,20170130,000000,0.06,0.07,0.06,0.07,247642,0
P24,D,20170131,000000,0.07,0.08,0.06,0.08,353327,0
P24,D,20170201,000000,0.08,0.08,0.06,0.07,331344,0
P24,D,20170202,000000,0.07,0.08,0.07,0.08,127357,0
P24,D,20170203,000000,0.08,0.08,0.08,0.08,179541,0
P24,D,20170206,000000,0.08,0.08,0.07,0.08,365212,0
P24,D,20170207,000000,0.08,0.08,0.08,0.08,114100,0
P24,D,20170208,000000,0.07,0.08,0.06,0.08,448598,0
P24,D,20170209,000000,0.07,0.08,0.07,0.08,46695,0
P24,D,20170210,000000,0.08,0.08,0.07,0.07,371051,0
P24,D,20170213,000000,0.08,0.08,0.07,0.08,184245,0
P24,D,20170214,000000,0.08,0.08,0.07,0.08,236178,0
P24,D,20170215,000000,0.08,0.08,0.07,0.08,528479,0
P24,D,20170216,000000,0.09,0.12,0.08,0.12,5058221,0
P24,D,20170217,000000,0.12,0.13,0.11,0.11,1792668,0
P24,D,20170220,000000,0.11,0.15,0.11,0.13,2905803,0
P24,D,20170221,000000,0.12,0.13,0.11,0.13,1130094,0
P24,D,20170222,000000,0.13,0.17,0.11,0.17,3979991,0
P24,D,20170223,000000,0.19,0.26,0.18,0.26,7684935,0
P24,D,20170224,000000,0.28,0.32,0.19,0.25,9499726,0
P24,D,20170227,000000,0.25,0.28,0.22,0.28,2371596,0
P24,D,20170228,000000,0.28,0.31,0.26,0.26,1938914,0
P24,D,20170301,000000,0.26,0.27,0.21,0.21,4325189,0
P24,D,20170302,000000,0.21,0.22,0.18,0.2,1755277,0
P24,D,20170303,000000,0.22,0.25,0.21,0.22,2290326,0
P24,D,20170306,000000,0.22,0.23,0.2,0.21,1186240,0
P24,D,20170307,000000,0.2,0.2,0.17,0.19,1735938,0
P24,D,20170308,000000,0.18,0.23,0.18,0.21,1618865,0
P24,D,20170309,000000,0.21,0.21,0.18,0.2,423560,0
P24,D,20170310,000000,0.19,0.2,0.18,0.2,123058,0
P24,D,20170313,000000,0.19,0.22,0.18,0.21,1726445,0
P24,D,20170314,000000,0.21,0.22,0.19,0.19,948815,0
P24,D,20170315,000000,0.19,0.2,0.18,0.18,300465,0
P24,D,20170316,000000,0.19,0.2,0.18,0.2,387310,0
P24,D,20170317,000000,0.2,0.23,0.18,0.22,2137470,0
P24,D,20170320,000000,0.22,0.24,0.19,0.2,1303139,0
P24,D,20170321,000000,0.2,0.21,0.19,0.2,386116,0
P24,D,20170322,000000,0.19,0.21,0.18,0.2,638195,0
P24,D,20170323,000000,0.21,0.21,0.19,0.19,104353,0
P24,D,20170324,000000,0.19,0.21,0.19,0.19,306391,0
P24,D,20170327,000000,0.2,0.22,0.2,0.21,324983,0
P24,D,20170328,000000,0.21,0.21,0.19,0.21,376390,0
P24,D,20170329,000000,0.2,0.21,0.19,0.21,260008,0
P24,D,20170330,000000,0.2,0.21,0.19,0.21,198954,0
P24,D,20170331,000000,0.21,0.21,0.18,0.19,504790,0
P24,D,20170403,000000,0.19,0.2,0.17,0.2,740057,0
P24,D,20170404,000000,0.2,0.21,0.2,0.2,629327,0
P24,D,20170405,000000,0.2,0.23,0.19,0.23,860255,0
P24,D,20170406,000000,0.23,0.24,0.21,0.21,583332,0
P24,D,20170407,000000,0.2,0.22,0.2,0.2,626555,0
P24,D,20170410,000000,0.2,0.21,0.19,0.2,192042,0
P24,D,20170411,000000,0.2,0.21,0.2,0.21,71726,0
P24,D,20170412,000000,0.21,0.28,0.19,0.24,2696953,0
P24,D,20170413,000000,0.24,0.25,0.21,0.22,1024301,0
P24,D,20170418,000000,0.22,0.23,0.19,0.2,914987,0
P24,D,20170419,000000,0.2,0.21,0.2,0.21,150443,0
P24,D,20170420,000000,0.21,0.22,0.2,0.22,235104,0
P24,D,20170421,000000,0.22,0.22,0.2,0.21,58205,0
P24,D,20170424,000000,0.21,0.24,0.2,0.23,673454,0
P24,D,20170425,000000,0.23,0.23,0.22,0.23,160407,0
P24,D,20170426,000000,0.23,0.24,0.21,0.24,507446,0
P24,D,20170427,000000,0.24,0.24,0.2,0.21,387615,0
P24,D,20170428,000000,0.2,0.23,0.18,0.22,880327,0
P24,D,20170502,000000,0.21,0.23,0.21,0.22,221067,0
P24,D,20170504,000000,0.22,0.23,0.21,0.22,115324,0
P24,D,20170505,000000,0.23,0.23,0.21,0.22,450894,0
P24,D,20170508,000000,0.21,0.22,0.21,0.22,226442,0
P24,D,20170509,000000,0.21,0.22,0.19,0.21,526503,0
P24,D,20170510,000000,0.21,0.21,0.2,0.21,81116,0
P24,D,20170511,000000,0.2,0.21,0.19,0.2,274216,0
P24,D,20170512,000000,0.2,0.21,0.2,0.21,91519,0
P24,D,20170515,000000,0.21,0.21,0.18,0.2,687800,0
P24,D,20170516,000000,0.19,0.19,0.16,0.17,448272,0
P24,D,20170517,000000,0.17,0.17,0.16,0.17,466174,0
P24,D,20170518,000000,0.16,0.16,0.13,0.14,872621,0
P24,D,20170519,000000,0.15,0.16,0.15,0.15,215541,0
P24,D,20170522,000000,0.16,0.16,0.14,0.15,32503,0
P24,D,20170523,000000,0.15,0.15,0.13,0.14,219568,0
P24,D,20170524,000000,0.15,0.16,0.13,0.14,298558,0
P24,D,20170525,000000,0.14,0.15,0.13,0.14,100416,0
P24,D,20170526,000000,0.15,0.15,0.14,0.15,36222,0
P24,D,20170529,000000,0.15,0.15,0.14,0.15,43143,0
P24,D,20170530,000000,0.15,0.15,0.14,0.15,27541,0
P24,D,20170531,000000,0.14,0.15,0.1,0.12,941411,0
P24,D,20170601,000000,0.12,0.13,0.11,0.13,131129,0
P24,D,20170602,000000,0.13,0.15,0.13,0.14,229418,0
P24,D,20170605,000000,0.13,0.13,0.11,0.13,318809,0
P24,D,20170606,000000,0.13,0.13,0.11,0.13,30285,0
P24,D,20170607,000000,0.13,0.14,0.13,0.14,113411,0
P24,D,20170608,000000,0.13,0.13,0.12,0.13,14501,0
P24,D,20170609,000000,0.13,0.13,0.12,0.13,106245,0
P24,D,20170612,000000,0.13,0.13,0.12,0.13,40940,0
P24,D,20170613,000000,0.13,0.13,0.11,0.13,173148,0
P24,D,20170614,000000,0.12,0.13,0.11,0.13,53495,0
P24,D,20170616,000000,0.12,0.13,0.12,0.13,11038,0
P24,D,20170619,000000,0.13,0.13,0.11,0.12,93675,0
P24,D,20170620,000000,0.12,0.12,0.1,0.11,252268,0
P24,D,20170621,000000,0.11,0.12,0.11,0.11,39431,0
P24,D,20170622,000000,0.11,0.12,0.1,0.12,64669,0
P24,D,20170623,000000,0.11,0.12,0.11,0.12,58051,0
P24,D,20170626,000000,0.12,0.12,0.11,0.11,67562,0
P24,D,20170627,000000,0.11,0.12,0.11,0.12,13640,0
P24,D,20170628,000000,0.12,0.12,0.1,0.11,375131,0
P24,D,20170629,000000,0.11,0.12,0.1,0.12,48002,0
P24,D,20170630,000000,0.11,0.12,0.1,0.11,23804,0
P24,D,20170703,000000,0.1,0.11,0.09,0.11,310197,0
P24,D,20170704,000000,0.1,0.11,0.09,0.11,40621,0
P24,D,20170705,000000,0.1,0.1,0.09,0.09,72583,0
P24,D,20170706,000000,0.1,0.11,0.1,0.11,140034,0
P24,D,20170707,000000,0.1,0.1,0.1,0.1,69008,0
P24,D,20170710,000000,0.1,0.1,0.1,0.1,104078,0
P24,D,20170711,000000,0.11,0.11,0.1,0.1,24001,0
P24,D,20170712,000000,0.11,0.11,0.1,0.1,25656,0
P24,D,20170713,000000,0.1,0.11,0.09,0.1,168682,0
P24,D,20170714,000000,0.1,0.1,0.09,0.09,20097,0
P24,D,20170717,000000,0.1,0.1,0.1,0.1,20000,0
P24,D,20170718,000000,0.1,0.1,0.1,0.1,19690,0
P24,D,20170719,000000,0.09,0.1,0.09,0.1,137910,0
P24,D,20170720,000000,0.1,0.1,0.08,0.09,207153,0
P24,D,20170721,000000,0.09,0.1,0.09,0.1,20231,0
P24,D,20170724,000000,0.09,0.1,0.09,0.1,10150,0
P24,D,20170725,000000,0.09,0.1,0.08,0.1,59670,0
P24,D,20170726,000000,0.09,0.1,0.09,0.1,2688,0
P24,D,20170727,000000,0.1,0.1,0.09,0.09,27957,0
P24,D,20170728,000000,0.1,0.1,0.1,0.1,4003,0
P24,D,20170731,000000,0.1,0.11,0.1,0.1,232888,0
P24,D,20170801,000000,0.11,0.11,0.11,0.11,12250,0
P24,D,20170802,000000,0.1,0.11,0.1,0.11,82659,0
P24,D,20170803,000000,0.11,0.11,0.1,0.11,61718,0
P24,D,20170804,000000,0.1,0.14,0.1,0.13,715383,0
P24,D,20170807,000000,0.14,0.15,0.12,0.12,777940,0
P24,D,20170808,000000,0.13,0.13,0.11,0.12,283826,0
P24,D,20170809,000000,0.11,0.12,0.11,0.11,34511,0
P24,D,20170810,000000,0.12,0.13,0.11,0.12,120340,0
P24,D,20170811,000000,0.12,0.13,0.11,0.13,123310,0
P24,D,20170814,000000,0.13,0.14,0.12,0.13,315736,0
P24,D,20170816,000000,0.13,0.14,0.12,0.12,92470,0
P24,D,20170817,000000,0.12,0.13,0.12,0.13,162407,0
P24,D,20170818,000000,0.13,0.13,0.11,0.13,26155,0
P24,D,20170821,000000,0.11,0.12,0.11,0.12,50851,0
P24,D,20170822,000000,0.11,0.13,0.11,0.12,175956,0
P24,D,20170823,000000,0.11,0.12,0.11,0.11,66234,0
P24,D,20170824,000000,0.12,0.12,0.11,0.11,26800,0
P24,D,20170825,000000,0.11,0.12,0.11,0.12,35535,0
P24,D,20170828,000000,0.11,0.12,0.11,0.11,132677,0
P24,D,20170829,000000,0.11,0.12,0.11,0.11,65926,0
P24,D,20170830,000000,0.11,0.12,0.1,0.11,221395,0
P24,D,20170831,000000,0.11,0.12,0.1,0.1,41484,0
P24,D,20170901,000000,0.12,0.12,0.1,0.12,296441,0
P24,D,20170904,000000,0.11,0.12,0.11,0.12,56104,0
P24,D,20170905,000000,0.12,0.12,0.12,0.12,20000,0
P24,D,20170906,000000,0.12,0.12,0.1,0.12,45886,0
P24,D,20170907,000000,0.11,0.12,0.1,0.12,21004,0
P24,D,20170908,000000,0.11,0.12,0.11,0.12,226,0
P24,D,20170911,000000,0.12,0.12,0.1,0.12,216680,0
P24,D,20170912,000000,0.11,0.12,0.11,0.12,68393,0
P24,D,20170913,000000,0.12,0.12,0.1,0.11,132183,0
P24,D,20170914,000000,0.12,0.12,0.11,0.11,291962,0
P24,D,20170915,000000,0.11,0.12,0.1,0.1,270158,0
P24,D,20170918,000000,0.11,0.11,0.11,0.11,25613,0
P24,D,20170919,000000,0.11,0.11,0.1,0.11,251746,0
P24,D,20170920,000000,0.11,0.11,0.11,0.11,123650,0
P24,D,20170921,000000,0.11,0.12,0.11,0.11,253591,0
P24,D,20170922,000000,0.11,0.12,0.11,0.11,178188,0
P24,D,20170925,000000,0.12,0.14,0.11,0.13,707557,0
P24,D,20170926,000000,0.13,0.14,0.12,0.13,503397,0
P24,D,20170927,000000,0.13,0.17,0.12,0.14,1853415,0
P24,D,20170928,000000,0.16,0.16,0.14,0.14,696923,0
P24,D,20170929,000000,0.14,0.15,0.13,0.15,130887,0
P24,D,20171002,000000,0.15,0.16,0.14,0.15,42898,0
P24,D,20171003,000000,0.14,0.15,0.13,0.14,628971,0
P24,D,20171004,000000,0.13,0.14,0.13,0.13,471861,0
P24,D,20171005,000000,0.13,0.14,0.13,0.14,139315,0
P24,D,20171006,000000,0.14,0.14,0.13,0.13,72004,0
P24,D,20171009,000000,0.14,0.14,0.13,0.14,175880,0
P24,D,20171010,000000,0.14,0.14,0.12,0.14,239884,0
P24,D,20171011,000000,0.14,0.14,0.13,0.13,77381,0
P24,D,20171012,000000,0.13,0.14,0.13,0.14,110503,0
P24,D,20171013,000000,0.14,0.14,0.12,0.12,77105,0
P24,D,20171016,000000,0.14,0.14,0.13,0.13,80032,0
P24,D,20171017,000000,0.14,0.14,0.12,0.14,31299,0
P24,D,20171018,000000,0.13,0.13,0.13,0.13,5281,0
P24,D,20171019,000000,0.14,0.16,0.14,0.15,564932,0
P24,D,20171020,000000,0.16,0.17,0.15,0.16,320288,0
P24,D,20171023,000000,0.16,0.17,0.15,0.17,69330,0
P24,D,20171024,000000,0.17,0.17,0.15,0.16,34341,0
P24,D,20171025,000000,0.17,0.17,0.14,0.15,205404,0
P24,D,20171026,000000,0.15,0.16,0.15,0.16,80401,0
P24,D,20171027,000000,0.16,0.16,0.14,0.16,24701,0
P24,D,20171030,000000,0.15,0.16,0.15,0.16,32003,0
P24,D,20171031,000000,0.16,0.17,0.15,0.17,104753,0
P24,D,20171102,000000,0.17,0.18,0.17,0.18,454457,0
P24,D,20171103,000000,0.18,0.2,0.16,0.2,659662,0
P24,D,20171106,000000,0.2,0.2,0.18,0.2,268278,0
P24,D,20171107,000000,0.18,0.2,0.18,0.18,37520,0
P24,D,20171108,000000,0.2,0.2,0.19,0.19,11836,0
P24,D,20171109,000000,0.19,0.19,0.17,0.18,136620,0
P24,D,20171110,000000,0.18,0.18,0.16,0.18,143112,0
P24,D,20171113,000000,0.17,0.17,0.17,0.17,17540,0
P24,D,20171114,000000,0.17,0.18,0.16,0.17,77152,0
P24,D,20171115,000000,0.17,0.18,0.16,0.18,218605,0
P24,D,20171116,000000,0.17,0.18,0.16,0.16,33387,0
P24,D,20171117,000000,0.17,0.17,0.15,0.16,116679,0
P24,D,20171120,000000,0.17,0.17,0.14,0.15,458184,0
P24,D,20171121,000000,0.16,0.17,0.15,0.16,38514,0
P24,D,20171122,000000,0.16,0.17,0.15,0.17,36162,0
P24,D,20171123,000000,0.16,0.17,0.16,0.17,11201,0
P24,D,20171124,000000,0.17,0.17,0.15,0.17,54663,0
P24,D,20171127,000000,0.17,0.17,0.17,0.17,50,0
P24,D,20171128,000000,0.15,0.17,0.15,0.17,35726,0
P24,D,20171129,000000,0.17,0.17,0.17,0.17,1,0
P24,D,20171130,000000,0.17,0.17,0.16,0.17,7496,0
P24,D,20171201,000000,0.17,0.17,0.16,0.17,23951,0
P24,D,20171204,000000,0.15,0.15,0.14,0.15,117143,0
P24,D,20171205,000000,0.14,0.15,0.13,0.15,261158,0
P24,D,20171206,000000,0.14,0.15,0.14,0.15,55000,0
P24,D,20171207,000000,0.15,0.15,0.14,0.15,3,0
P24,D,20171208,000000,0.15,0.15,0.14,0.15,3,0
P24,D,20171211,000000,0.15,0.15,0.13,0.15,1111,0
P24,D,20171212,000000,0.14,0.15,0.14,0.15,1001,0
P24,D,20171213,000000,0.14,0.15,0.14,0.15,4999,0
P24,D,20171214,000000,0.15,0.15,0.15,0.15,1,0
P24,D,20171215,000000,0.15,0.15,0.13,0.13,129282,0
P24,D,20171218,000000,0.13,0.17,0.13,0.17,352946,0
P24,D,20171219,000000,0.17,0.17,0.15,0.16,56004,0
P24,D,20171220,000000,0.16,0.16,0.16,0.16,1,0
P24,D,20171221,000000,0.16,0.17,0.16,0.17,67525,0
P24,D,20171222,000000,0.17,0.17,0.15,0.17,33925,0
P24,D,20171227,000000,0.16,0.17,0.14,0.16,62105,0
P24,D,20171228,000000,0.16,0.16,0.14,0.15,1151,0
P24,D,20171229,000000,0.16,0.16,0.16,0.16,3755,0
P24,D,20180103,000000,0.17,0.2,0.17,0.19,439637,0
P24,D,20180104,000000,0.18,0.19,0.17,0.18,79714,0
P24,D,20180105,000000,0.18,0.19,0.17,0.18,29696,0
P24,D,20180108,000000,0.18,0.19,0.17,0.17,31047,0
P24,D,20180109,000000,0.19,0.19,0.16,0.18,28289,0
P24,D,20180110,000000,0.18,0.18,0.16,0.18,30384,0
P24,D,20180111,000000,0.18,0.18,0.16,0.18,15402,0
P24,D,20180112,000000,0.18,0.18,0.16,0.18,313,0
P24,D,20180115,000000,0.18,0.18,0.16,0.16,15043,0
P24,D,20180116,000000,0.17,0.17,0.15,0.15,37721,0
P24,D,20180117,000000,0.15,0.17,0.15,0.15,82626,0
P24,D,20180118,000000,0.16,0.17,0.15,0.17,45746,0
P24,D,20180119,000000,0.16,0.17,0.14,0.16,131416,0
P24,D,20180122,000000,0.15,0.16,0.14,0.16,16556,0
P24,D,20180123,000000,0.14,0.16,0.14,0.16,57022,0
P24,D,20180124,000000,0.16,0.17,0.15,0.16,128840,0
P24,D,20180125,000000,0.15,0.15,0.14,0.15,109072,0
P24,D,20180129,000000,0.14,0.15,0.14,0.15,20100,0
P24,D,20180130,000000,0.14,0.15,0.14,0.15,30100,0
P24,D,20180131,000000,0.14,0.15,0.14,0.15,20100,0
P24,D,20180201,000000,0.15,0.15,0.15,0.15,100,0
P24,D,20180202,000000,0.15,0.15,0.15,0.15,480,0
P24,D,20180205,000000,0.14,0.15,0.14,0.15,52948,0
P24,D,20180206,000000,0.14,0.15,0.14,0.15,4001,0
P24,D,20180207,000000,0.15,0.15,0.14,0.15,16236,0
P24,D,20180208,000000,0.13,0.15,0.13,0.15,10959,0
P24,D,20180209,000000,0.14,0.15,0.13,0.14,80227,0
P24,D,20180212,000000,0.15,0.15,0.13,0.15,26796,0
P24,D,20180213,000000,0.15,0.16,0.14,0.16,347127,0
P24,D,20180214,000000,0.17,0.17,0.16,0.17,75509,0
P24,D,20180215,000000,0.14,0.15,0.12,0.12,467019,0
P24,D,20180216,000000,0.13,0.14,0.13,0.14,868733,0
P24,D,20180219,000000,0.13,0.14,0.13,0.14,30066,0
P24,D,20180220,000000,0.13,0.14,0.13,0.14,5330,0
P24,D,20180221,000000,0.13,0.14,0.13,0.14,16850,0
P24,D,20180222,000000,0.14,0.14,0.12,0.12,2501,0
P24,D,20180223,000000,0.13,0.14,0.12,0.13,126231,0
P24,D,20180226,000000,0.12,0.13,0.12,0.13,140300,0
P24,D,20180227,000000,0.12,0.13,0.11,0.13,53776,0
P24,D,20180228,000000,0.11,0.13,0.11,0.13,101,0
P24,D,20180301,000000,0.12,0.13,0.12,0.13,11100,0
P24,D,20180302,000000,0.12,0.13,0.11,0.12,67176,0
P24,D,20180305,000000,0.13,0.13,0.12,0.13,6500,0
P24,D,20180306,000000,0.12,0.13,0.11,0.13,4210,0
P24,D,20180307,000000,0.11,0.13,0.11,0.13,676,0
P24,D,20180308,000000,0.13,0.15,0.13,0.14,348109,0
P24,D,20180309,000000,0.15,0.15,0.13,0.14,123530,0
P24,D,20180312,000000,0.14,0.15,0.12,0.13,148986,0
P24,D,20180313,000000,0.12,0.13,0.12,0.13,63330,0
P24,D,20180314,000000,0.12,0.13,0.11,0.13,93454,0
P24,D,20180315,000000,0.12,0.13,0.12,0.13,17708,0
P24,D,20180316,000000,0.12,0.13,0.12,0.13,96191,0
P24,D,20180319,000000,0.12,0.13,0.12,0.13,592,0
P24,D,20180321,000000,0.12,0.13,0.12,0.13,10601,0
P24,D,20180322,000000,0.12,0.13,0.12,0.13,56016,0
P24,D,20180327,000000,0.13,0.13,0.13,0.13,2400,0
P24,D,20180328,000000,0.13,0.13,0.12,0.13,58301,0
P24,D,20180329,000000,0.13,0.13,0.13,0.13,6000,0
P24,D,20180403,000000,0.12,0.13,0.12,0.13,95000,0
P24,D,20180404,000000,0.13,0.13,0.13,0.13,6000,0
P24,D,20180405,000000,0.12,0.13,0.12,0.13,41507,0
P24,D,20180406,000000,0.12,0.14,0.12,0.13,359414,0
P24,D,20180409,000000,0.14,0.14,0.13,0.13,27586,0
P24,D,20180410,000000,0.13,0.14,0.13,0.14,8650,0
P24,D,20180411,000000,0.13,0.14,0.13,0.14,20855,0
P24,D,20180412,000000,0.13,0.14,0.13,0.14,102510,0
P24,D,20180413,000000,0.13,0.14,0.13,0.14,10010,0
P24,D,20180416,000000,0.14,0.14,0.14,0.14,1,0
P24,D,20180417,000000,0.12,0.14,0.12,0.14,50,0
P24,D,20180418,000000,0.14,0.14,0.13,0.14,8002,0
P24,D,20180419,000000,0.14,0.14,0.14,0.14,10000,0
P24,D,20180420,000000,0.14,0.14,0.12,0.14,27719,0
P24,D,20180423,000000,0.12,0.14,0.12,0.14,20,0
P24,D,20180424,000000,0.14,0.14,0.12,0.12,76617,0
P24,D,20180425,000000,0.12,0.12,0.12,0.12,15549,0
P24,D,20180426,000000,0.12,0.12,0.12,0.12,5000,0
P24,D,20180427,000000,0.12,0.13,0.12,0.13,64662,0
P24,D,20180430,000000,0.13,0.13,0.13,0.13,1,0
P24,D,20180502,000000,0.13,0.13,0.12,0.13,6708,0
P24,D,20180504,000000,0.13,0.13,0.13,0.13,9001,0
P24,D,20180507,000000,0.13,0.13,0.13,0.13,5000,0
P24,D,20180508,000000,0.12,0.13,0.11,0.13,58925,0
P24,D,20180509,000000,0.13,0.13,0.11,0.13,13421,0
P24,D,20180511,000000,0.13,0.13,0.12,0.12,17560,0
P24,D,20180514,000000,0.12,0.13,0.12,0.13,667,0
P24,D,20180515,000000,0.13,0.13,0.11,0.11,46345,0
P24,D,20180516,000000,0.12,0.12,0.1,0.12,59460,0
P24,D,20180517,000000,0.12,0.12,0.12,0.12,10000,0
P24,D,20180518,000000,0.11,0.12,0.11,0.12,3100,0
P24,D,20180522,000000,0.11,0.12,0.11,0.12,31594,0
P24,D,20180523,000000,0.12,0.12,0.11,0.11,28511,0
P24,D,20180524,000000,0.12,0.12,0.1,0.11,25074,0
P24,D,20180525,000000,0.12,0.12,0.1,0.1,13767,0
P24,D,20180528,000000,0.11,0.12,0.11,0.12,825,0
P24,D,20180529,000000,0.12,0.12,0.1,0.1,161183,0
P24,D,20180530,000000,0.12,0.12,0.1,0.12,10031,0
P24,D,20180601,000000,0.12,0.12,0.11,0.12,30002,0
P24,D,20180604,000000,0.1,0.11,0.1,0.11,102000,0
P24,D,20180607,000000,0.11,0.12,0.1,0.1,33002,0
P24,D,20180608,000000,0.12,0.12,0.11,0.12,102,0
P24,D,20180611,000000,0.11,0.12,0.11,0.12,10002,0
P24,D,20180612,000000,0.12,0.13,0.12,0.13,69006,0
P24,D,20180613,000000,0.13,0.13,0.12,0.13,51007,0
P24,D,20180614,000000,0.13,0.13,0.11,0.11,118919,0
P24,D,20180615,000000,0.11,0.12,0.1,0.12,210754,0
P24,D,20180618,000000,0.12,0.12,0.1,0.1,12703,0
P24,D,20180619,000000,0.11,0.12,0.1,0.11,150360,0
P24,D,20180620,000000,0.11,0.12,0.11,0.12,44341,0
P24,D,20180621,000000,0.12,0.12,0.1,0.1,180309,0
P24,D,20180622,000000,0.11,0.12,0.11,0.12,6011,0
P24,D,20180625,000000,0.11,0.12,0.11,0.12,5,0
P24,D,20180626,000000,0.11,0.12,0.1,0.12,24499,0
P24,D,20180627,000000,0.12,0.12,0.1,0.12,3751,0
P24,D,20180628,000000,0.12,0.12,0.11,0.11,30985,0
P24,D,20180629,000000,0.12,0.12,0.1,0.12,115716,0
P24,D,20180702,000000,0.11,0.12,0.1,0.12,73785,0
P24,D,20180703,000000,0.12,0.12,0.12,0.12,1,0
P24,D,20180704,000000,0.12,0.12,0.11,0.12,48561,0
P24,D,20180705,000000,0.12,0.12,0.11,0.12,18179,0
P24,D,20180706,000000,0.11,0.12,0.11,0.12,17115,0
P24,D,20180709,000000,0.11,0.12,0.11,0.12,49111,0
P24,D,20180710,000000,0.11,0.12,0.11,0.12,48707,0
P24,D,20180711,000000,0.11,0.11,0.11,0.11,10000,0
P24,D,20180712,000000,0.11,0.13,0.11,0.12,125798,0
P24,D,20180713,000000,0.12,0.15,0.11,0.14,294962,0
P24,D,20180716,000000,0.14,0.14,0.13,0.13,79209,0
P24,D,20180717,000000,0.14,0.14,0.13,0.13,4420,0
P24,D,20180718,000000,0.13,0.13,0.13,0.13,26801,0
P24,D,20180719,000000,0.14,0.14,0.14,0.14,55,0
P24,D,20180723,000000,0.14,0.14,0.14,0.14,2000,0
P24,D,20180724,000000,0.14,0.14,0.14,0.14,9935,0
P24,D,20180725,000000,0.14,0.14,0.13,0.14,11002,0
P24,D,20180726,000000,0.14,0.14,0.14,0.14,1,0
P24,D,20180730,000000,0.14,0.14,0.13,0.14,3139,0
P24,D,20180731,000000,0.13,0.14,0.13,0.14,877,0
P24,D,20180801,000000,0.13,0.14,0.12,0.14,11989,0
P24,D,20180802,000000,0.14,0.14,0.14,0.14,1,0
P24,D,20180803,000000,0.14,0.14,0.12,0.13,80002,0
P24,D,20180806,000000,0.13,0.13,0.13,0.13,19346,0
P24,D,20180807,000000,0.13,0.13,0.13,0.13,5000,0
P24,D,20180808,000000,0.13,0.13,0.13,0.13,2000,0
P24,D,20180809,000000,0.12,0.13,0.12,0.13,13790,0
P24,D,20180810,000000,0.12,0.13,0.11,0.13,58003,0
P24,D,20180813,000000,0.13,0.13,0.13,0.13,11290,0
P24,D,20180814,000000,0.13,0.13,0.13,0.13,1,0
P24,D,20180816,000000,0.12,0.13,0.11,0.13,16693,0
P24,D,20180817,000000,0.13,0.13,0.11,0.13,160001,0
P24,D,20180820,000000,0.12,0.13,0.12,0.13,70001,0
P24,D,20180821,000000,0.12,0.13,0.11,0.13,70002,0
P24,D,20180822,000000,0.13,0.13,0.13,0.13,101,0
P24,D,20180823,000000,0.12,0.13,0.12,0.13,57500,0
P24,D,20180824,000000,0.13,0.13,0.13,0.13,1000,0
P24,D,20180827,000000,0.12,0.13,0.12,0.12,26000,0
P24,D,20180828,000000,0.12,0.13,0.12,0.13,9810,0
P24,D,20180829,000000,0.13,0.13,0.13,0.13,800,0
P24,D,20180830,000000,0.11,0.13,0.11,0.13,1101,0
P24,D,20180831,000000,0.12,0.13,0.11,0.13,77932,0
P24,D,20180903,000000,0.13,0.13,0.11,0.11,24811,0
P24,D,20180904,000000,0.13,0.13,0.11,0.11,51111,0
P24,D,20180905,000000,0.11,0.11,0.11,0.11,44000,0
P24,D,20180906,000000,0.11,0.12,0.11,0.11,12587,0
P24,D,20180907,000000,0.12,0.12,0.1,0.12,121011,0
P24,D,20180910,000000,0.12,0.12,0.12,0.12,21000,0
P24,D,20180911,000000,0.1,0.12,0.1,0.12,51,0
P24,D,20180912,000000,0.12,0.12,0.11,0.12,804,0
P24,D,20180913,000000,0.11,0.12,0.11,0.12,5,0
P24,D,20180914,000000,0.11,0.12,0.1,0.1,19236,0
P24,D,20180917,000000,0.12,0.12,0.1,0.1,1005,0
P24,D,20180918,000000,0.12,0.12,0.1,0.1,115,0
P24,D,20180919,000000,0.12,0.12,0.1,0.1,23035,0
P24,D,20180920,000000,0.1,0.11,0.1,0.1,9253,0
P24,D,20180921,000000,0.11,0.11,0.1,0.1,35390,0
P24,D,20180924,000000,0.11,0.11,0.1,0.1,3053,0
P24,D,20180925,000000,0.11,0.11,0.1,0.1,2,0
P24,D,20180926,000000,0.1,0.11,0.1,0.1,30002,0
P24,D,20180927,000000,0.11,0.11,0.1,0.1,1308,0
P24,D,20180928,000000,0.11,0.11,0.1,0.11,15100,0
P24,D,20181001,000000,0.11,0.11,0.1,0.1,5001,0
P24,D,20181002,000000,0.1,0.12,0.09,0.1,93615,0
P24,D,20181003,000000,0.11,0.11,0.1,0.11,1106,0
P24,D,20181004,000000,0.1,0.12,0.1,0.12,1604,0
P24,D,20181005,000000,0.1,0.12,0.1,0.12,217,0
P24,D,20181008,000000,0.12,0.12,0.1,0.1,50629,0
P24,D,20181009,000000,0.11,0.11,0.11,0.11,5,0
P24,D,20181010,000000,0.1,0.1,0.1,0.1,50000,0
P24,D,20181011,000000,0.1,0.11,0.1,0.11,15046,0
P24,D,20181012,000000,0.1,0.11,0.1,0.11,10001,0
P24,D,20181015,000000,0.11,0.11,0.11,0.11,1000,0
P24,D,20181016,000000,0.1,0.15,0.1,0.15,965037,0
P24,D,20181017,000000,0.15,0.15,0.13,0.14,661538,0
P24,D,20181018,000000,0.14,0.15,0.13,0.13,210299,0
P24,D,20181019,000000,0.14,0.15,0.13,0.13,91482,0
P24,D,20181022,000000,0.15,0.15,0.12,0.12,189213,0
P24,D,20181023,000000,0.12,0.13,0.11,0.12,64965,0
P24,D,20181024,000000,0.13,0.13,0.11,0.13,867,0
P24,D,20181025,000000,0.13,0.13,0.11,0.12,22,0
P24,D,20181026,000000,0.13,0.13,0.12,0.13,14101,0
P24,D,20181029,000000,0.13,0.13,0.11,0.13,599,0
P24,D,20181030,000000,0.11,0.13,0.11,0.13,10081,0
P24,D,20181031,000000,0.13,0.13,0.13,0.13,116,0
P24,D,20181102,000000,0.12,0.13,0.12,0.13,1000,0
P24,D,20181105,000000,0.13,0.13,0.11,0.13,11171,0
P24,D,20181106,000000,0.11,0.13,0.1,0.12,165113,0
P24,D,20181107,000000,0.12,0.12,0.12,0.12,1000,0
P24,D,20181108,000000,0.11,0.12,0.11,0.12,231,0
P24,D,20181109,000000,0.11,0.12,0.11,0.11,7820,0
P24,D,20181113,000000,0.12,0.12,0.12,0.12,10,0
P24,D,20181114,000000,0.12,0.12,0.1,0.12,160,0
P24,D,20181115,000000,0.12,0.12,0.1,0.12,46372,0
P24,D,20181116,000000,0.1,0.12,0.1,0.12,11,0
P24,D,20181119,000000,0.12,0.12,0.11,0.12,162047,0
P24,D,20181120,000000,0.11,0.12,0.11,0.12,29011,0
P24,D,20181121,000000,0.12,0.12,0.1,0.11,56455,0
P24,D,20181122,000000,0.11,0.11,0.1,0.11,180265,0
P24,D,20181123,000000,0.11,0.11,0.11,0.11,1,0
P24,D,20181126,000000,0.11,0.11,0.09,0.1,47146,0
P24,D,20181127,000000,0.11,0.11,0.11,0.11,1,0
P24,D,20181128,000000,0.11,0.11,0.09,0.11,12,0
P24,D,20181129,000000,0.11,0.11,0.11,0.11,1,0
P24,D,20181130,000000,0.11,0.11,0.11,0.11,1,0
P24,D,20181203,000000,0.11,0.11,0.11,0.11,29500,0
P24,D,20181204,000000,0.11,0.11,0.11,0.11,10000,0
P24,D,20181205,000000,0.11,0.11,0.11,0.11,1,0
P24,D,20181207,000000,0.1,0.11,0.1,0.11,10001,0
P24,D,20181210,000000,0.11,0.11,0.11,0.11,1,0
P24,D,20181212,000000,0.11,0.11,0.11,0.11,20000,0
P24,D,20181213,000000,0.11,0.12,0.1,0.12,106844,0
P24,D,20181214,000000,0.12,0.12,0.1,0.12,12,0
P24,D,20181217,000000,0.1,0.12,0.1,0.12,2831,0
P24,D,20181218,000000,0.1,0.12,0.1,0.12,154350,0
P24,D,20181219,000000,0.12,0.12,0.1,0.12,30856,0
P24,D,20181220,000000,0.12,0.12,0.1,0.12,11003,0
P24,D,20181221,000000,0.11,0.11,0.1,0.11,6985,0
P24,D,20181227,000000,0.1,0.12,0.1,0.12,1701,0
P24,D,20181228,000000,0.11,0.12,0.11,0.12,4456,0
P24,D,20190102,000000,0.12,0.12,0.12,0.12,1000,0
P24,D,20190103,000000,0.12,0.13,0.12,0.13,61400,0
P24,D,20190104,000000,0.13,0.17,0.12,0.16,738730,0
P24,D,20190107,000000,0.16,0.16,0.14,0.15,38807,0
P24,D,20190108,000000,0.14,0.15,0.13,0.14,337562,0
P24,D,20190109,000000,0.14,0.16,0.12,0.14,387404,0
P24,D,20190110,000000,0.14,0.15,0.14,0.15,118853,0
P24,D,20190111,000000,0.15,0.15,0.13,0.14,29891,0
P24,D,20190114,000000,0.14,0.15,0.14,0.14,15101,0
P24,D,20190115,000000,0.13,0.14,0.13,0.14,48685,0
P24,D,20190116,000000,0.14,0.14,0.13,0.14,31103,0
P24,D,20190117,000000,0.14,0.14,0.14,0.14,1,0
P24,D,20190118,000000,0.14,0.14,0.14,0.14,7143,0
P24,D,20190121,000000,0.14,0.14,0.14,0.14,1,0
P24,D,20190122,000000,0.14,0.14,0.13,0.14,10101,0
P24,D,20190123,000000,0.14,0.14,0.14,0.14,1,0
P24,D,20190124,000000,0.13,0.14,0.12,0.14,15006,0
P24,D,20190128,000000,0.13,0.14,0.13,0.14,25,0
P24,D,20190129,000000,0.14,0.14,0.12,0.13,181596,0
P24,D,20190130,000000,0.12,0.13,0.12,0.13,61806,0
P24,D,20190131,000000,0.13,0.13,0.13,0.13,1,0
P24,D,20190201,000000,0.13,0.13,0.13,0.13,1,0
P24,D,20190204,000000,0.13,0.13,0.12,0.13,14968,0
P24,D,20190205,000000,0.13,0.13,0.12,0.13,552,0
P24,D,20190206,000000,0.13,0.13,0.13,0.13,1,0
P24,D,20190207,000000,0.13,0.13,0.13,0.13,1,0
P24,D,20190208,000000,0.12,0.12,0.1,0.12,263776,0
P24,D,20190212,000000,0.11,0.12,0.11,0.12,15100,0
P24,D,20190213,000000,0.11,0.12,0.11,0.12,51600,0
P24,D,20190215,000000,0.12,0.12,0.11,0.12,15176,0
P24,D,20190218,000000,0.11,0.12,0.11,0.12,20000,0
P24,D,20190220,000000,0.11,0.12,0.11,0.12,32000,0
P24,D,20190221,000000,0.11,0.12,0.11,0.12,30001,0
P24,D,20190222,000000,0.1,0.11,0.1,0.11,50500,0
P24,D,20190225,000000,0.11,0.11,0.11,0.11,100,0
P24,D,20190226,000000,0.1,0.11,0.1,0.11,152200,0
P24,D,20190227,000000,0.1,0.11,0.1,0.11,200035,0
P24,D,20190228,000000,0.11,0.11,0.1,0.11,18488,0
P24,D,20190301,000000,0.11,0.12,0.11,0.12,271139,0
P24,D,20190304,000000,0.11,0.117,0.11,0.12,35500,0
P24,D,20190306,000000,0.11,0.11,0.11,0.11,10000,0
P24,D,20190307,000000,0.1015,0.116,0.088,0.09,2547567,0
P24,D,20190308,000000,0.0986,0.1005,0.085,0.1,272485,0
P24,D,20190311,000000,0.0994,0.0996,0.096,0.1,45085,0
P24,D,20190312,000000,0.0992,0.0992,0.09,0.1,159012,0
P24,D,20190313,000000,0.0982,0.0982,0.078,0.08,571669,0
P24,D,20190314,000000,0.081,0.0824,0.0732,0.08,135098,0
P24,D,20190315,000000,0.08,0.0822,0.078,0.08,23469,0
P24,D,20190318,000000,0.077,0.079,0.075,0.08,32631,0
P24,D,20190319,000000,0.079,0.0824,0.079,0.08,76312,0
P24,D,20190320,000000,0.08,0.0826,0.08,0.08,22755,0
P24,D,20190321,000000,0.0776,0.0828,0.076,0.08,144010,0
P24,D,20190322,000000,0.0798,0.0798,0.0798,0.08,10000,0
P24,D,20190325,000000,0.0782,0.0782,0.0692,0.07,172953,0
P24,D,20190326,000000,0.07,0.07,0.0506,0.07,553190,0
P24,D,20190327,000000,0.0676,0.075,0.067,0.07,62401,0
P24,D,20190328,000000,0.074,0.0782,0.074,0.08,29430,0
P24,D,20190329,000000,0.078,0.078,0.071,0.07,3744,0
P24,D,20190401,000000,0.07,0.078,0.07,0.08,71182,0
P24,D,20190402,000000,0.0785,0.0825,0.078,0.08,22128,0
P24,D,20190403,000000,0.078,0.081,0.0735,0.07,89205,0
P24,D,20190404,000000,0.0805,0.0805,0.075,0.08,27173,0
P24,D,20190405,000000,0.0775,0.08,0.075,0.08,41212,0
P24,D,20190408,000000,0.076,0.0795,0.0735,0.07,3791,0
P24,D,20190409,000000,0.08,0.08,0.074,0.08,6746,0
P24,D,20190410,000000,0.079,0.079,0.078,0.08,7229,0
P24,D,20190411,000000,0.0785,0.0785,0.074,0.07,624,0
P24,D,20190412,000000,0.0785,0.0785,0.062,0.07,104705,0
P24,D,20190415,000000,0.0755,0.0755,0.062,0.07,240054,0
P24,D,20190416,000000,0.061,0.0675,0.061,0.07,18922,0
P24,D,20190417,000000,0.067,0.067,0.0635,0.06,38232,0
P24,D,20190418,000000,0.067,0.067,0.067,0.07,5603,0
P24,D,20190423,000000,0.067,0.067,0.061,0.06,3802,0
P24,D,20190424,000000,0.067,0.067,0.0615,0.06,24902,0
P24,D,20190425,000000,0.065,0.067,0.065,0.07,2251,0
P24,D,20190426,000000,0.066,0.0685,0.066,0.07,27534,0
P24,D,20190429,000000,0.07,0.074,0.069,0.07,24687,0
P24,D,20190430,000000,0.0705,0.0735,0.07,0.07,10002,0
P24,D,20190502,000000,0.0705,0.0795,0.0655,0.08,49916,0
P24,D,20190506,000000,0.079,0.079,0.079,0.08,1000,0
P24,D,20190507,000000,0.0685,0.0685,0.0685,0.07,1,0
P24,D,20190508,000000,0.079,0.0795,0.0675,0.07,3001,0
P24,D,20190509,000000,0.0675,0.075,0.0675,0.07,4803,0
P24,D,20190510,000000,0.0795,0.0795,0.079,0.08,52,0
P24,D,20190513,000000,0.077,0.077,0.0715,0.07,3001,0
P24,D,20190514,000000,0.0765,0.0765,0.0765,0.08,843,0
P24,D,20190515,000000,0.0755,0.08,0.0755,0.08,47279,0
P24,D,20190516,000000,0.0795,0.0805,0.0785,0.08,126721,0
P24,D,20190517,000000,0.0785,0.08,0.0755,0.08,16589,0
P24,D,20190520,000000,0.08,0.082,0.0785,0.08,7879,0
P24,D,20190521,000000,0.0785,0.082,0.0785,0.08,3422,0
P24,D,20190522,000000,0.081,0.081,0.076,0.08,18866,0
P24,D,20190523,000000,0.081,0.081,0.0805,0.08,127,0
P24,D,20190524,000000,0.081,0.081,0.081,0.08,51,0
P24,D,20190527,000000,0.081,0.081,0.0755,0.08,10099,0
P24,D,20190528,000000,0.081,0.081,0.076,0.08,10001,0
P24,D,20190529,000000,0.081,0.081,0.081,0.08,401,0
P24,D,20190530,000000,0.081,0.081,0.076,0.08,2,0
P24,D,20190531,000000,0.081,0.081,0.076,0.08,10002,0
P24,D,20190603,000000,0.08,0.08,0.08,0.08,10100,0
P24,D,20190604,000000,0.076,0.08,0.0755,0.08,20889,0
P24,D,20190605,000000,0.08,0.081,0.08,0.08,20050,0
P24,D,20190606,000000,0.0765,0.0765,0.0655,0.07,30926,0
P24,D,20190607,000000,0.0795,0.0795,0.079,0.08,111,0
P24,D,20190610,000000,0.079,0.0795,0.072,0.08,33861,0
P24,D,20190611,000000,0.0795,0.0795,0.071,0.07,63210,0
P24,D,20190612,000000,0.074,0.0745,0.0705,0.07,3,0
P24,D,20190613,000000,0.074,0.074,0.0685,0.07,2,0
P24,D,20190614,000000,0.074,0.074,0.0735,0.07,11,0
P24,D,20190617,000000,0.074,0.08,0.074,0.08,23801,0
P24,D,20190618,000000,0.069,0.069,0.069,0.07,1,0
P24,D,20190619,000000,0.08,0.08,0.064,0.08,49990,0
P24,D,20190621,000000,0.0765,0.0765,0.064,0.06,601,0
P24,D,20190624,000000,0.078,0.078,0.0775,0.08,10020,0
P24,D,20190625,000000,0.078,0.078,0.0645,0.06,17001,0
P24,D,20190626,000000,0.0705,0.0775,0.0645,0.06,16001,0
P24,D,20190627,000000,0.077,0.077,0.076,0.08,11,0
P24,D,20190628,000000,0.08,0.08,0.08,0.08,110,0
P24,D,20190702,000000,0.0655,0.0655,0.0655,0.07,7710,0
P24,D,20190703,000000,0.0695,0.072,0.066,0.07,43001,0
P24,D,20190704,000000,0.07,0.072,0.07,0.07,62357,0
P24,D,20190705,000000,0.0675,0.083,0.0675,0.08,138056,0
P24,D,20190708,000000,0.0825,0.09,0.0825,0.09,185676,0
P24,D,20190710,000000,0.09,0.09,0.083,0.09,2180,0
P24,D,20190711,000000,0.089,0.0895,0.089,0.09,1000,0
P24,D,20190715,000000,0.0895,0.0895,0.0775,0.08,13506,0
P24,D,20190716,000000,0.0825,0.088,0.08,0.09,45001,0
P24,D,20190717,000000,0.087,0.089,0.087,0.09,53500,0
P24,D,20190718,000000,0.088,0.09,0.088,0.09,10188,0
P24,D,20190719,000000,0.09,0.09,0.09,0.09,1,0
P24,D,20190722,000000,0.09,0.09,0.0835,0.09,9780,0
P24,D,20190724,000000,0.089,0.09,0.089,0.09,11000,0
P24,D,20190725,000000,0.09,0.09,0.09,0.09,1,0
P24,D,20190726,000000,0.09,0.09,0.09,0.09,10000,0
P24,D,20190729,000000,0.085,0.0895,0.085,0.0895,41369,0
P24,D,20190730,000000,0.089,0.089,0.089,0.089,200,0
P24,D,20190731,000000,0.089,0.0895,0.082,0.089,20001,0
P24,D,20190801,000000,0.0885,0.089,0.0885,0.089,21000,0
P24,D,20190802,000000,0.089,0.089,0.089,0.089,560,0
P24,D,20190805,000000,0.089,0.0895,0.082,0.082,29226,0
P24,D,20190806,000000,0.0885,0.089,0.0845,0.089,22122,0
P24,D,20190807,000000,0.0845,0.089,0.0845,0.089,26834,0
P24,D,20190808,000000,0.089,0.089,0.085,0.0885,17001,0
P24,D,20190809,000000,0.085,0.089,0.085,0.089,30000,0
P24,D,20190812,000000,0.089,0.089,0.0865,0.0885,28397,0
P24,D,20190813,000000,0.0885,0.089,0.0845,0.089,39359,0
P24,D,20190814,000000,0.089,0.095,0.088,0.0945,100003,0
P24,D,20190816,000000,0.0945,0.0945,0.085,0.094,81701,0
P24,D,20190819,000000,0.0945,0.0945,0.094,0.094,15000,0
P24,D,20190820,000000,0.0945,0.0945,0.0875,0.0875,37702,0
P24,D,20190821,000000,0.092,0.092,0.0855,0.0855,1101,0
P24,D,20190822,000000,0.0915,0.099,0.088,0.088,44890,0
P24,D,20190823,000000,0.088,0.098,0.088,0.0885,7991,0
P24,D,20190826,000000,0.0955,0.0995,0.092,0.092,26587,0
P24,D,20190827,000000,0.093,0.0985,0.092,0.092,22402,0
P24,D,20190828,000000,0.098,0.098,0.098,0.098,511,0
P24,D,20190829,000000,0.098,0.098,0.098,0.098,201,0
P24,D,20190830,000000,0.0925,0.098,0.0885,0.091,62555,0
P24,D,20190902,000000,0.091,0.092,0.09,0.092,29002,0
P24,D,20190903,000000,0.095,0.095,0.095,0.095,31,0
P24,D,20190904,000000,0.095,0.098,0.095,0.097,9996,0
P24,D,20190905,000000,0.097,0.097,0.0945,0.0945,401,0
P24,D,20190906,000000,0.094,0.094,0.085,0.0855,30003,0
P24,D,20190909,000000,0.091,0.091,0.09,0.0905,251,0
P24,D,20190910,000000,0.0905,0.098,0.0905,0.097,105619,0
P24,D,20190911,000000,0.097,0.098,0.09,0.0975,16280,0
P24,D,20190912,000000,0.096,0.0975,0.096,0.0975,10002,0
P24,D,20190913,000000,0.0955,0.103,0.095,0.103,204880,0
P24,D,20190916,000000,0.109,0.13,0.107,0.115,286257,0
P24,D,20190917,000000,0.115,0.12,0.103,0.109,126278,0
P24,D,20190918,000000,0.109,0.12,0.109,0.12,7347,0
P24,D,20190919,000000,0.12,0.12,0.105,0.119,13002,0
P24,D,20190920,000000,0.119,0.119,0.101,0.119,15202,0
P24,D,20190923,000000,0.103,0.118,0.092,0.103,19409,0
P24,D,20190924,000000,0.0965,0.0995,0.09,0.098,18638,0
P24,D,20190925,000000,0.0975,0.0975,0.091,0.0975,6490,0
P24,D,20190927,000000,0.0915,0.0965,0.09,0.0945,163890,0
P24,D,20190930,000000,0.096,0.097,0.096,0.097,5600,0
P24,D,20191003,000000,0.0965,0.0965,0.0965,0.0965,1,0
P24,D,20191004,000000,0.0965,0.097,0.0965,0.097,8294,0
P24,D,20191007,000000,0.097,0.097,0.097,0.097,1,0
P24,D,20191008,000000,0.097,0.097,0.097,0.097,100,0
P24,D,20191009,000000,0.097,0.097,0.081,0.097,21137,0
P24,D,20191010,000000,0.096,0.096,0.08,0.088,120147,0
P24,D,20191011,000000,0.085,0.0945,0.085,0.0945,25026,0
P24,D,20191014,000000,0.094,0.094,0.094,0.094,1,0
P24,D,20191015,000000,0.088,0.094,0.088,0.094,102,0
P24,D,20191016,000000,0.0935,0.094,0.0935,0.094,3,0
P24,D,20191017,000000,0.094,0.099,0.094,0.098,3136,0
P24,D,20191018,000000,0.098,0.1,0.098,0.1,2009,0
P24,D,20191021,000000,0.0875,0.1,0.0875,0.1,13200,0
P24,D,20191022,000000,0.1,0.1,0.1,0.1,400,0
P24,D,20191023,000000,0.1,0.1,0.1,0.1,155,0
P24,D,20191024,000000,0.1,0.1,0.0905,0.1,2001,0
P24,D,20191025,000000,0.1,0.109,0.0905,0.109,14000,0
P24,D,20191028,000000,0.109,0.109,0.109,0.109,6599,0
P24,D,20191029,000000,0.109,0.109,0.109,0.109,10001,0
P24,D,20191030,000000,0.11,0.117,0.091,0.117,215655,0
P24,D,20191031,000000,0.117,0.117,0.1,0.109,122454,0
P24,D,20191104,000000,0.107,0.11,0.107,0.11,24006,0
P24,D,20191105,000000,0.11,0.126,0.11,0.126,293796,0
P24,D,20191106,000000,0.126,0.127,0.114,0.127,26474,0
P24,D,20191107,000000,0.125,0.127,0.109,0.127,18500,0
P24,D,20191108,000000,0.11,0.116,0.1,0.116,101248,0
P24,D,20191112,000000,0.105,0.112,0.105,0.112,54287,0
P24,D,20191114,000000,0.112,0.112,0.112,0.112,395,0
P24,D,20191115,000000,0.116,0.116,0.116,0.116,431,0
P24,D,20191119,000000,0.101,0.116,0.101,0.116,3272,0
P24,D,20191121,000000,0.101,0.115,0.1,0.11,16332,0
P24,D,20191122,000000,0.1,0.11,0.1,0.11,35536,0
P24,D,20191125,000000,0.093,0.0945,0.091,0.0945,103000,0
P24,D,20191126,000000,0.092,0.096,0.09,0.096,15002,0
P24,D,20191127,000000,0.088,0.097,0.084,0.097,33918,0
P24,D,20191128,000000,0.0895,0.0955,0.08,0.085,216110,0
P24,D,20191129,000000,0.085,0.0975,0.085,0.0975,76086,0
P24,D,20191203,000000,0.097,0.097,0.097,0.097,1,0
P24,D,20191209,000000,0.087,0.095,0.086,0.095,38001,0
P24,D,20191210,000000,0.095,0.095,0.086,0.0945,51003,0
P24,D,20191211,000000,0.086,0.089,0.082,0.089,62057,0
P24,D,20191212,000000,0.094,0.094,0.084,0.093,40546,0
P24,D,20191213,000000,0.086,0.0925,0.085,0.0925,24698,0
P24,D,20191216,000000,0.092,0.092,0.092,0.092,5000,0
P24,D,20191217,000000,0.0905,0.092,0.082,0.092,43002,0
P24,D,20191218,000000,0.092,0.092,0.092,0.092,300,0
P24,D,20191219,000000,0.084,0.0915,0.0825,0.0915,15001,0
P24,D,20191223,000000,0.091,0.091,0.091,0.091,2000,0
P24,D,20191227,000000,0.091,0.0935,0.084,0.0935,61003,0
P24,D,20200102,000000,0.097,0.097,0.071,0.087,92003,0
P24,D,20200103,000000,0.0835,0.087,0.083,0.087,23100,0
P24,D,20200107,000000,0.0835,0.087,0.0835,0.0865,16503,0
P24,D,20200108,000000,0.0835,0.0865,0.0825,0.0835,39654,0
P24,D,20200109,000000,0.0835,0.086,0.0835,0.086,3001,0
P24,D,20200110,000000,0.084,0.09,0.084,0.09,18808,0
P24,D,20200113,000000,0.083,0.09,0.08,0.088,101003,0
P24,D,20200114,000000,0.081,0.0845,0.08,0.0835,47653,0
P24,D,20200115,000000,0.0835,0.087,0.0825,0.085,11300,0
P24,D,20200116,000000,0.0835,0.0835,0.078,0.082,50598,0
P24,D,20200117,000000,0.0785,0.0825,0.071,0.0775,215958,0
P24,D,20200120,000000,0.0735,0.087,0.0735,0.087,136240,0
P24,D,20200121,000000,0.085,0.09,0.085,0.09,138390,0
P24,D,20200122,000000,0.094,0.094,0.0845,0.09,1286,0
P24,D,20200123,000000,0.0845,0.09,0.08,0.09,84897,0
P24,D,20200128,000000,0.087,0.089,0.085,0.089,511,0
P24,D,20200129,000000,0.088,0.088,0.088,0.088,100,0
P24,D,20200131,000000,0.078,0.088,0.078,0.088,8134,0
P24,D,20200203,000000,0.0875,0.0875,0.0875,0.0875,1,0
P24,D,20200204,000000,0.0875,0.0875,0.08,0.08,19484,0
P24,D,20200205,000000,0.0895,0.0895,0.078,0.0885,11170,0
P24,D,20200206,000000,0.088,0.088,0.08,0.088,19803,0
P24,D,20200207,000000,0.088,0.088,0.075,0.077,40014,0
P24,D,20200210,000000,0.087,0.087,0.086,0.086,5150,0
P24,D,20200211,000000,0.0775,0.085,0.0775,0.085,39970,0
P24,D,20200213,000000,0.08,0.087,0.08,0.08,90333,0
P24,D,20200214,000000,0.086,0.086,0.086,0.086,5260,0
P24,D,20200217,000000,0.086,0.086,0.086,0.086,5140,0
P24,D,20200218,000000,0.0885,0.0885,0.081,0.088,22201,0
P24,D,20200219,000000,0.0885,0.0885,0.081,0.088,23931,0
P24,D,20200220,000000,0.08,0.0875,0.08,0.0875,34369,0
P24,D,20200221,000000,0.0875,0.0875,0.0875,0.0875,1,0
P24,D,20200224,000000,0.0875,0.0875,0.0855,0.0855,501,0
P24,D,20200225,000000,0.079,0.0875,0.077,0.0855,34497,0
P24,D,20200226,000000,0.0855,0.0855,0.075,0.085,14761,0
P24,D,20200227,000000,0.0755,0.085,0.075,0.085,14001,0
P24,D,20200228,000000,0.075,0.0785,0.075,0.0785,36468,0
P24,D,20200302,000000,0.079,0.079,0.079,0.079,10000,0
P24,D,20200303,000000,0.079,0.0855,0.079,0.0855,8785,0
P24,D,20200305,000000,0.079,0.079,0.079,0.079,1,0
P24,D,20200306,000000,0.079,0.079,0.079,0.079,1215,0
P24,D,20200309,000000,0.0785,0.0785,0.068,0.0785,91299,0
P24,D,20200310,000000,0.0845,0.0845,0.0845,0.0845,51,0
P24,D,20200312,000000,0.068,0.0845,0.06,0.0695,92343,0
P24,D,20200313,000000,0.0525,0.0835,0.0525,0.0835,11507,0
P24,D,20200316,000000,0.0615,0.0715,0.06,0.0615,60101,0
P24,D,20200317,000000,0.061,0.0785,0.06,0.0695,37554,0
P24,D,20200318,000000,0.0695,0.0695,0.06,0.068,51011,0
P24,D,20200319,000000,0.0675,0.0675,0.0675,0.0675,1,0
P24,D,20200320,000000,0.0675,0.07,0.0595,0.07,16909,0
P24,D,20200323,000000,0.06,0.068,0.0565,0.068,218392,0
P24,D,20200324,000000,0.06,0.067,0.0515,0.065,54702,0
P24,D,20200325,000000,0.065,0.067,0.06,0.06,40030,0
P24,D,20200326,000000,0.061,0.067,0.061,0.0665,35935,0
P24,D,20200327,000000,0.07,0.07,0.069,0.069,45,0
P24,D,20200330,000000,0.062,0.069,0.06,0.069,35932,0
P24,D,20200331,000000,0.06,0.069,0.06,0.068,277131,0
P24,D,20200401,000000,0.068,0.072,0.065,0.071,144260,0
P24,D,20200402,000000,0.07,0.07,0.066,0.07,6002,0
P24,D,20200403,000000,0.07,0.077,0.07,0.077,55353,0
P24,D,20200406,000000,0.0765,0.0775,0.066,0.077,42522,0
P24,D,20200407,000000,0.077,0.077,0.0675,0.0755,14007,0
P24,D,20200408,000000,0.075,0.075,0.075,0.075,1,0
P24,D,20200409,000000,0.07,0.075,0.0665,0.075,11711,0
P24,D,20200414,000000,0.075,0.075,0.0615,0.0695,29648,0
P24,D,20200415,000000,0.07,0.07,0.069,0.069,12000,0
P24,D,20200416,000000,0.069,0.069,0.0605,0.069,158001,0
P24,D,20200417,000000,0.069,0.069,0.069,0.069,7000,0
P24,D,20200420,000000,0.069,0.0795,0.069,0.0795,205154,0
P24,D,20200421,000000,0.0785,0.079,0.0785,0.079,10002,0
P24,D,20200422,000000,0.065,0.0785,0.065,0.0785,6000,0
P24,D,20200423,000000,0.0785,0.0785,0.0785,0.0785,1235,0
P24,D,20200424,000000,0.0785,0.129,0.0785,0.129,2057608,0
P24,D,20200427,000000,0.122,0.175,0.105,0.14,4880484,0
P24,D,20200428,000000,0.14,0.14,0.113,0.128,804562,0
P24,D,20200429,000000,0.119,0.127,0.105,0.116,530235,0
P24,D,20200430,000000,0.115,0.132,0.11,0.131,555227,0
P24,D,20200504,000000,0.131,0.144,0.105,0.137,757668,0
P24,D,20200505,000000,0.141,0.141,0.12,0.133,293652,0
P24,D,20200506,000000,0.127,0.129,0.112,0.128,216741,0
P24,D,20200507,000000,0.12,0.127,0.113,0.12,104414,0
P24,D,20200508,000000,0.12,0.14,0.12,0.139,185686,0
P24,D,20200511,000000,0.137,0.138,0.129,0.136,167228,0
P24,D,20200512,000000,0.136,0.145,0.131,0.145,550947,0
P24,D,20200513,000000,0.14,0.14,0.124,0.139,184533,0
P24,D,20200514,000000,0.14,0.14,0.115,0.123,266775,0
P24,D,20200515,000000,0.123,0.136,0.12,0.132,158322,0
P24,D,20200518,000000,0.125,0.132,0.11,0.13,523925,0
P24,D,20200519,000000,0.13,0.13,0.114,0.114,134503,0
P24,D,20200520,000000,0.12,0.12,0.111,0.12,38880,0
P24,D,20200521,000000,0.116,0.125,0.11,0.123,674355,0
P24,D,20200522,000000,0.12,0.13,0.117,0.129,286293,0
P24,D,20200525,000000,0.128,0.148,0.122,0.139,1460913,0
P24,D,20200526,000000,0.146,0.149,0.136,0.145,568887,0
P24,D,20200527,000000,0.146,0.146,0.137,0.144,248169,0
P24,D,20200528,000000,0.144,0.144,0.131,0.137,231526,0
P24,D,20200529,000000,0.138,0.139,0.13,0.135,337552,0
P24,D,20200601,000000,0.135,0.185,0.135,0.174,3621743,0
P24,D,20200602,000000,0.178,0.178,0.146,0.16,1554804,0
P24,D,20200603,000000,0.161,0.178,0.145,0.16,977936,0
P24,D,20200604,000000,0.16,0.16,0.146,0.153,272528,0
P24,D,20200605,000000,0.156,0.156,0.143,0.155,343781,0
P24,D,20200608,000000,0.156,0.164,0.156,0.161,206471,0
P24,D,20200609,000000,0.163,0.163,0.152,0.159,24098,0
P24,D,20200610,000000,0.162,0.162,0.146,0.156,68056,0
P24,D,20200612,000000,0.145,0.153,0.145,0.152,93931,0
P24,D,20200615,000000,0.152,0.153,0.146,0.151,21639,0
P24,D,20200616,000000,0.151,0.153,0.146,0.149,142269,0
P24,D,20200617,000000,0.153,0.153,0.144,0.144,111690,0
P24,D,20200618,000000,0.15,0.15,0.14,0.144,53672,0
P24,D,20200619,000000,0.148,0.163,0.136,0.149,1160327,0
P24,D,20200622,000000,0.153,0.158,0.149,0.151,335474,0
P24,D,20200623,000000,0.15,0.154,0.144,0.153,174527,0
P24,D,20200624,000000,0.15,0.154,0.141,0.149,93846,0
P24,D,20200625,000000,0.148,0.148,0.139,0.145,89106,0
P24,D,20200626,000000,0.149,0.152,0.134,0.152,295139,0
P24,D,20200629,000000,0.147,0.147,0.131,0.139,214836,0
P24,D,20200630,000000,0.131,0.136,0.123,0.132,125161,0
P24,D,20200701,000000,0.128,0.137,0.124,0.131,82082,0
P24,D,20200702,000000,0.131,0.138,0.125,0.138,147206,0
P24,D,20200703,000000,0.138,0.138,0.13,0.136,73423,0
P24,D,20200706,000000,0.132,0.14,0.132,0.138,77728,0
P24,D,20200707,000000,0.138,0.139,0.126,0.138,252380,0
P24,D,20200708,000000,0.132,0.135,0.126,0.132,131808,0
P24,D,20200709,000000,0.126,0.15,0.125,0.14,544473,0
P24,D,20200710,000000,0.149,0.149,0.136,0.142,67862,0
P24,D,20200713,000000,0.14,0.142,0.136,0.14,54660,0
P24,D,20200714,000000,0.139,0.139,0.13,0.136,41311,0
P24,D,20200715,000000,0.136,0.163,0.136,0.158,2658819,0
P24,D,20200716,000000,0.158,0.158,0.147,0.152,116811,0
P24,D,20200717,000000,0.15,0.162,0.146,0.155,433815,0
P24,D,20200720,000000,0.155,0.17,0.152,0.167,588973,0
P24,D,20200721,000000,0.155,0.166,0.155,0.164,158292,0
P24,D,20200722,000000,0.163,0.168,0.143,0.166,1773780,0
P24,D,20200723,000000,0.161,0.165,0.15,0.156,2402633,0
P24,D,20200724,000000,0.156,0.156,0.144,0.154,855259,0
P24,D,20200727,000000,0.168,0.22,0.165,0.22,7555016,0
P24,D,20200728,000000,0.28,0.336,0.23,0.336,6822645,0
P24,D,20200729,000000,0.46,0.468,0.38,0.468,4668119,0
P24,D,20200730,000000,0.4,0.414,0.256,0.278,6371958,0
P24,D,20200731,000000,0.278,0.318,0.25,0.27,3196262,0
P24,D,20200803,000000,0.324,0.42,0.28,0.42,5095437,0
P24,D,20200804,000000,0.42,0.42,0.336,0.38,4178783,0
P24,D,20200805,000000,0.38,0.414,0.342,0.39,2882857,0
P24,D,20200806,000000,0.39,0.39,0.32,0.34,2185554,0
P24,D,20200807,000000,0.32,0.336,0.28,0.328,2868497,0
P24,D,20200810,000000,0.34,0.34,0.26,0.26,2004087,0
P24,D,20200811,000000,0.262,0.294,0.234,0.242,2333774,0
P24,D,20200812,000000,0.2,0.23,0.18,0.206,2135355,0
P24,D,20200813,000000,0.206,0.238,0.206,0.23,830758,0
P24,D,20200814,000000,0.228,0.23,0.202,0.226,604919,0
P24,D,20200817,000000,0.21,0.21,0.183,0.196,773252,0
P24,D,20200818,000000,0.202,0.202,0.164,0.171,1255503,0
P24,D,20200819,000000,0.18,0.198,0.171,0.193,1226432,0
P24,D,20200820,000000,0.19,0.193,0.175,0.186,282943,0
P24,D,20200821,000000,0.186,0.199,0.175,0.187,299838,0
P24,D,20200824,000000,0.182,0.194,0.177,0.19,349739,0
P24,D,20200825,000000,0.196,0.21,0.185,0.189,231846,0
P24,D,20200826,000000,0.184,0.188,0.16,0.175,712306,0
P24,D,20200827,000000,0.17,0.194,0.169,0.19,811109,0
P24,D,20200828,000000,0.192,0.195,0.181,0.186,143499,0
P24,D,20200831,000000,0.185,0.192,0.176,0.178,170641,0
P24,D,20200901,000000,0.185,0.185,0.167,0.172,541871,0
P24,D,20200902,000000,0.162,0.167,0.136,0.16,4916753,0
P24,D,20200903,000000,0.155,0.172,0.155,0.156,381836,0
P24,D,20200904,000000,0.148,0.165,0.145,0.157,419823,0
P24,D,20200907,000000,0.15,0.161,0.136,0.147,1102341,0
P24,D,20200908,000000,0.14,0.144,0.112,0.118,2301008,0
P24,D,20200909,000000,0.12,0.138,0.12,0.136,663331,0
P24,D,20200910,000000,0.136,0.138,0.128,0.134,154003,0
P24,D,20200911,000000,0.134,0.14,0.128,0.138,161927,0
P24,D,20200914,000000,0.14,0.14,0.13,0.136,111194,0
P24,D,20200915,000000,0.136,0.136,0.125,0.13,202700,0
P24,D,20200916,000000,0.125,0.134,0.123,0.129,246667,0
P24,D,20200917,000000,0.13,0.153,0.128,0.143,1573640,0
P24,D,20200918,000000,0.143,0.149,0.134,0.138,280633,0
P24,D,20200921,000000,0.142,0.142,0.128,0.132,241717,0
P24,D,20200922,000000,0.132,0.134,0.128,0.133,125006,0
P24,D,20200923,000000,0.133,0.137,0.119,0.124,344334,0
P24,D,20200924,000000,0.118,0.126,0.11,0.113,1494455,0
P24,D,20200925,000000,0.117,0.124,0.116,0.12,442448,0
P24,D,20200928,000000,0.123,0.124,0.115,0.119,446882,0
P24,D,20200929,000000,0.115,0.12,0.114,0.118,123350,0
P24,D,20200930,000000,0.117,0.119,0.114,0.114,173164,0
P24,D,20201001,000000,0.119,0.122,0.113,0.122,179899,0
P24,D,20201002,000000,0.116,0.118,0.111,0.114,614376,0
P24,D,20201005,000000,0.114,0.137,0.111,0.137,1163527,0
P24,D,20201006,000000,0.139,0.196,0.139,0.189,4804890,0
P24,D,20201007,000000,0.186,0.193,0.156,0.16,1518404,0
P24,D,20201008,000000,0.161,0.167,0.145,0.15,936018,0
P24,D,20201009,000000,0.152,0.156,0.137,0.151,952997,0
P24,D,20201012,000000,0.151,0.178,0.151,0.171,828739,0
P24,D,20201013,000000,0.176,0.176,0.148,0.15,475287,0
P24,D,20201014,000000,0.146,0.156,0.139,0.139,381692,0
P24,D,20201015,000000,0.138,0.142,0.125,0.125,550795,0
P24,D,20201016,000000,0.124,0.141,0.12,0.14,627255,0
