<TICKER>,<PER>,<DATE>,<TIME>,<OPEN>,<HIGH>,<LOW>,<CLOSE>,<VOL>,<OPENINT>
PLM,D,20080110,000000,0.318,0.318,0.283,0.297,2778760,0
PLM,D,20080111,000000,0.289,0.299,0.238,0.273,226840,0
PLM,D,20080114,000000,0.258,0.258,0.231,0.231,67000,0
PLM,D,20080115,000000,0.231,0.297,0.231,0.294,876160,0
PLM,D,20080116,000000,0.231,0.285,0.231,0.28,194170,0
PLM,D,20080117,000000,0.28,0.284,0.259,0.259,239980,0
PLM,D,20080118,000000,0.255,0.274,0.255,0.274,15480,0
PLM,D,20080121,000000,0.283,0.284,0.279,0.284,117320,0
PLM,D,20080122,000000,0.279,0.279,0.279,0.279,1100,0
PLM,D,20080123,000000,0.27,0.289,0.24,0.246,532540,0
PLM,D,20080124,000000,0.249,0.279,0.242,0.26,56790,0
PLM,D,20080125,000000,0.243,0.25,0.241,0.245,147000,0
PLM,D,20080128,000000,0.24,0.249,0.232,0.249,51910,0
PLM,D,20080130,000000,0.249,0.249,0.212,0.249,15920,0
PLM,D,20080204,000000,0.22,0.248,0.22,0.248,1010,0
PLM,D,20080205,000000,0.248,0.297,0.248,0.278,451650,0
PLM,D,20080206,000000,0.25,0.259,0.246,0.259,450950,0
PLM,D,20080207,000000,0.235,0.268,0.232,0.259,157470,0
PLM,D,20080208,000000,0.26,0.26,0.25,0.25,15500,0
PLM,D,20080211,000000,0.232,0.278,0.232,0.26,23500,0
PLM,D,20080212,000000,0.25,0.26,0.25,0.26,2500,0
PLM,D,20080213,000000,0.231,0.255,0.231,0.255,5600,0
PLM,D,20080214,000000,0.254,0.275,0.254,0.275,95890,0
PLM,D,20080215,000000,0.272,0.272,0.271,0.271,2150,0
PLM,D,20080218,000000,0.271,0.275,0.26,0.273,33150,0
PLM,D,20080220,000000,0.27,0.27,0.27,0.27,5000,0
PLM,D,20080221,000000,0.252,0.269,0.251,0.269,16000,0
PLM,D,20080222,000000,0.265,0.265,0.255,0.265,11000,0
PLM,D,20080225,000000,0.26,0.272,0.26,0.272,750,0
PLM,D,20080226,000000,0.251,0.261,0.241,0.261,65060,0
PLM,D,20080227,000000,0.261,0.261,0.24,0.255,54970,0
PLM,D,20080229,000000,0.267,0.267,0.267,0.267,500,0
PLM,D,20080304,000000,0.233,0.26,0.232,0.26,16000,0
PLM,D,20080305,000000,0.258,0.258,0.258,0.258,200,0
PLM,D,20080307,000000,0.24,0.26,0.24,0.26,18500,0
PLM,D,20080311,000000,0.236,0.251,0.236,0.251,12190,0
PLM,D,20080312,000000,0.25,0.251,0.25,0.251,11000,0
PLM,D,20080313,000000,0.251,0.251,0.251,0.251,200,0
PLM,D,20080314,000000,0.237,0.25,0.235,0.25,8210,0
PLM,D,20080317,000000,0.234,0.244,0.233,0.233,108060,0
PLM,D,20080318,000000,0.24,0.24,0.24,0.24,100,0
PLM,D,20080319,000000,0.24,0.24,0.239,0.239,1110,0
PLM,D,20080320,000000,0.202,0.202,0.202,0.202,120,0
PLM,D,20080325,000000,0.24,0.24,0.205,0.205,11150,0
PLM,D,20080326,000000,0.24,0.24,0.21,0.21,17160,0
PLM,D,20080327,000000,0.215,0.224,0.21,0.21,18920,0
PLM,D,20080328,000000,0.234,0.234,0.229,0.229,2330,0
PLM,D,20080401,000000,0.232,0.232,0.213,0.213,4750,0
PLM,D,20080402,000000,0.238,0.238,0.237,0.237,2540,0
PLM,D,20080404,000000,0.215,0.235,0.215,0.235,8440,0
PLM,D,20080407,000000,0.222,0.235,0.222,0.235,5140,0
PLM,D,20080410,000000,0.23,0.235,0.219,0.235,28590,0
PLM,D,20080411,000000,0.235,0.235,0.235,0.235,7000,0
PLM,D,20080414,000000,0.225,0.235,0.225,0.235,3500,0
PLM,D,20080415,000000,0.234,0.234,0.225,0.225,3250,0
PLM,D,20080416,000000,0.225,0.225,0.225,0.225,3920,0
PLM,D,20080421,000000,0.216,0.233,0.216,0.233,4700,0
PLM,D,20080422,000000,0.216,0.229,0.215,0.229,16700,0
PLM,D,20080423,000000,0.215,0.215,0.215,0.215,118630,0
PLM,D,20080424,000000,0.225,0.225,0.205,0.224,13710,0
PLM,D,20080429,000000,0.21,0.229,0.21,0.229,3600,0
PLM,D,20080505,000000,0.229,0.229,0.212,0.229,20900,0
PLM,D,20080506,000000,0.213,0.228,0.213,0.228,3130,0
PLM,D,20080507,000000,0.213,0.228,0.212,0.228,3000,0
PLM,D,20080509,000000,0.216,0.216,0.215,0.215,53470,0
PLM,D,20080513,000000,0.215,0.226,0.213,0.226,29380,0
PLM,D,20080516,000000,0.224,0.224,0.224,0.224,3800,0
PLM,D,20080519,000000,0.213,0.222,0.213,0.222,8890,0
PLM,D,20080520,000000,0.211,0.211,0.211,0.211,14580,0
PLM,D,20080521,000000,0.228,0.228,0.228,0.228,600,0
PLM,D,20080528,000000,0.21,0.21,0.21,0.21,14230,0
PLM,D,20080529,000000,0.228,0.228,0.208,0.228,2770,0
PLM,D,20080530,000000,0.209,0.228,0.209,0.228,50840,0
PLM,D,20080602,000000,0.209,0.209,0.207,0.207,341010,0
PLM,D,20080603,000000,0.207,0.23,0.181,0.23,718040,0
PLM,D,20080604,000000,0.184,0.184,0.184,0.184,3600,0
PLM,D,20080605,000000,0.22,0.22,0.163,0.163,715980,0
PLM,D,20080606,000000,0.169,0.186,0.157,0.157,1570,0
PLM,D,20080609,000000,0.188,0.188,0.151,0.187,841600,0
PLM,D,20080610,000000,0.214,0.214,0.214,0.214,100,0
PLM,D,20080623,000000,0.18,0.181,0.18,0.18,244270,0
PLM,D,20080624,000000,0.18,0.18,0.18,0.18,5000,0
PLM,D,20080626,000000,0.162,0.179,0.162,0.179,1980,0
PLM,D,20080630,000000,0.179,0.179,0.179,0.179,9220,0
PLM,D,20080704,000000,0.158,0.192,0.158,0.192,6100,0
PLM,D,20080717,000000,0.156,0.188,0.156,0.188,4470,0
PLM,D,20080721,000000,0.172,0.185,0.171,0.185,43610,0
PLM,D,20080723,000000,0.161,0.184,0.161,0.184,55150,0
PLM,D,20080724,000000,0.179,0.185,0.179,0.185,7610,0
PLM,D,20080725,000000,0.172,0.179,0.171,0.179,58180,0
PLM,D,20080728,000000,0.18,0.194,0.18,0.194,123000,0
PLM,D,20080729,000000,0.193,0.241,0.192,0.241,59730,0
PLM,D,20080730,000000,0.243,0.243,0.2,0.225,31770,0
PLM,D,20080731,000000,0.225,0.225,0.225,0.225,500,0
PLM,D,20080801,000000,0.225,0.24,0.225,0.239,6090,0
PLM,D,20080805,000000,0.21,0.219,0.21,0.219,3830,0
PLM,D,20080806,000000,0.236,0.236,0.236,0.236,300,0
PLM,D,20080808,000000,0.19,0.21,0.19,0.21,280,0
PLM,D,20080811,000000,0.235,0.235,0.192,0.228,10410,0
PLM,D,20080812,000000,0.217,0.234,0.217,0.234,9790,0
PLM,D,20080814,000000,0.236,0.236,0.195,0.226,12110,0
PLM,D,20080818,000000,0.19,0.221,0.186,0.221,6010,0
PLM,D,20080819,000000,0.181,0.2,0.177,0.2,5390,0
PLM,D,20080821,000000,0.213,0.213,0.16,0.19,46020,0
PLM,D,20080822,000000,0.199,0.199,0.199,0.199,10,0
PLM,D,20080825,000000,0.195,0.195,0.16,0.173,29930,0
PLM,D,20080826,000000,0.16,0.172,0.16,0.172,11070,0
PLM,D,20080827,000000,0.161,0.18,0.161,0.18,8010,0
PLM,D,20080828,000000,0.163,0.18,0.162,0.18,10040,0
PLM,D,20080901,000000,0.146,0.174,0.146,0.174,70,0
PLM,D,20080902,000000,0.174,0.174,0.174,0.174,1100,0
PLM,D,20080904,000000,0.175,0.175,0.175,0.175,10,0
PLM,D,20080905,000000,0.14,0.14,0.14,0.14,7330,0
PLM,D,20080908,000000,0.168,0.168,0.14,0.166,77300,0
PLM,D,20080909,000000,0.141,0.162,0.141,0.162,18500,0
PLM,D,20080911,000000,0.141,0.162,0.141,0.162,61420,0
PLM,D,20080912,000000,0.139,0.147,0.13,0.147,9420,0
PLM,D,20080915,000000,0.157,0.157,0.157,0.157,5000,0
PLM,D,20080916,000000,0.137,0.144,0.137,0.144,8500,0
PLM,D,20080917,000000,0.154,0.154,0.154,0.154,10,0
PLM,D,20080918,000000,0.124,0.124,0.124,0.124,10000,0
PLM,D,20080919,000000,0.148,0.148,0.1,0.13,31740,0
PLM,D,20080922,000000,0.145,0.145,0.13,0.144,2020,0
PLM,D,20080924,000000,0.116,0.144,0.116,0.144,8010,0
PLM,D,20080929,000000,0.118,0.144,0.118,0.144,7020,0
PLM,D,20080930,000000,0.121,0.125,0.121,0.125,30000,0
PLM,D,20081002,000000,0.125,0.125,0.125,0.125,2700,0
PLM,D,20081007,000000,0.125,0.14,0.11,0.124,10030,0
PLM,D,20081008,000000,0.115,0.148,0.115,0.125,15150,0
PLM,D,20081009,000000,0.124,0.125,0.124,0.125,14930,0
PLM,D,20081010,000000,0.111,0.123,0.11,0.123,42260,0
PLM,D,20081013,000000,0.123,0.147,0.123,0.147,15690,0
PLM,D,20081022,000000,0.12,0.12,0.12,0.12,53100,0
PLM,D,20081027,000000,0.122,0.122,0.122,0.122,100,0
PLM,D,20081103,000000,0.122,0.122,0.122,0.122,5000,0
PLM,D,20081104,000000,0.123,0.148,0.123,0.148,24200,0
PLM,D,20081105,000000,0.167,0.167,0.167,0.167,100,0
PLM,D,20081106,000000,0.155,0.164,0.155,0.164,110,0
PLM,D,20081110,000000,0.132,0.132,0.116,0.119,16750,0
PLM,D,20081112,000000,0.132,0.132,0.12,0.12,5210,0
PLM,D,20081114,000000,0.101,0.144,0.09,0.098,581950,0
PLM,D,20081117,000000,0.095,0.097,0.085,0.097,54220,0
PLM,D,20081118,000000,0.086,0.088,0.078,0.088,17100,0
PLM,D,20081119,000000,0.085,0.089,0.082,0.089,11660,0
PLM,D,20081120,000000,0.09,0.105,0.09,0.105,29350,0
PLM,D,20081124,000000,0.099,0.099,0.099,0.099,10,0
PLM,D,20081203,000000,0.083,0.09,0.071,0.09,39950,0
PLM,D,20081211,000000,0.073,0.073,0.072,0.072,4000,0
PLM,D,20081212,000000,0.07,0.087,0.07,0.087,5100,0
PLM,D,20081215,000000,0.08,0.088,0.08,0.088,6220,0
PLM,D,20081219,000000,0.075,0.084,0.072,0.084,266780,0
PLM,D,20081223,000000,0.09,0.09,0.09,0.09,30,0
PLM,D,20081231,000000,0.071,0.071,0.071,0.071,280,0
PLM,D,20090107,000000,0.091,0.091,0.091,0.091,100,0
PLM,D,20090112,000000,0.076,0.091,0.076,0.091,600340,0
PLM,D,20090113,000000,0.085,0.091,0.085,0.091,340010,0
PLM,D,20090116,000000,0.08,0.081,0.08,0.081,45500,0
PLM,D,20090119,000000,0.091,0.091,0.083,0.083,5010,0
PLM,D,20090120,000000,0.085,0.085,0.085,0.085,10780,0
PLM,D,20090121,000000,0.08,0.09,0.08,0.088,7600,0
PLM,D,20090122,000000,0.075,0.088,0.075,0.088,3050,0
PLM,D,20090126,000000,0.088,0.088,0.088,0.088,29200,0
PLM,D,20090127,000000,0.089,0.089,0.089,0.089,1040,0
PLM,D,20090130,000000,0.1,0.1,0.1,0.1,13280,0
PLM,D,20090216,000000,0.09,0.09,0.09,0.09,1050,0
PLM,D,20090218,000000,0.081,0.081,0.081,0.081,2400,0
PLM,D,20090220,000000,0.08,0.088,0.08,0.088,21050,0
PLM,D,20090224,000000,0.088,0.088,0.088,0.088,500,0
PLM,D,20090302,000000,0.075,0.088,0.075,0.088,330,0
PLM,D,20090305,000000,0.088,0.088,0.088,0.088,1100,0
PLM,D,20090306,000000,0.088,0.098,0.088,0.098,16030,0
PLM,D,20090309,000000,0.088,0.088,0.088,0.088,10000,0
PLM,D,20090310,000000,0.088,0.097,0.088,0.097,17120,0
PLM,D,20090320,000000,0.096,0.096,0.096,0.096,10,0
PLM,D,20090326,000000,0.099,0.1,0.099,0.1,19290,0
PLM,D,20090330,000000,0.101,0.105,0.1,0.105,14700,0
PLM,D,20090331,000000,0.1,0.1,0.1,0.1,50000,0
PLM,D,20090402,000000,0.105,0.105,0.105,0.105,5780,0
PLM,D,20090407,000000,0.11,0.11,0.11,0.11,5350,0
PLM,D,20090408,000000,0.11,0.11,0.11,0.11,940,0
PLM,D,20090409,000000,0.11,0.112,0.11,0.112,4820,0
PLM,D,20090414,000000,0.115,0.13,0.115,0.13,19340,0
PLM,D,20090415,000000,0.133,0.15,0.133,0.15,28150,0
PLM,D,20090416,000000,0.16,0.16,0.16,0.16,620,0
PLM,D,20090417,000000,0.157,0.16,0.157,0.16,28490,0
PLM,D,20090420,000000,0.128,0.148,0.128,0.148,1850,0
PLM,D,20090422,000000,0.14,0.14,0.14,0.14,10,0
PLM,D,20090430,000000,0.13,0.13,0.13,0.13,42640,0
PLM,D,20090504,000000,0.12,0.13,0.12,0.13,10000,0
PLM,D,20090512,000000,0.13,0.13,0.13,0.13,760,0
PLM,D,20090513,000000,0.11,0.13,0.11,0.13,23400,0
PLM,D,20090520,000000,0.104,0.104,0.104,0.104,10000,0
PLM,D,20090521,000000,0.124,0.124,0.124,0.124,10,0
PLM,D,20090525,000000,0.124,0.124,0.124,0.124,10,0
PLM,D,20090526,000000,0.139,0.139,0.139,0.139,10,0
PLM,D,20090604,000000,0.115,0.115,0.115,0.115,20000,0
PLM,D,20090615,000000,0.121,0.121,0.121,0.121,40000,0
PLM,D,20090616,000000,0.12,0.12,0.12,0.12,620,0
PLM,D,20090622,000000,0.125,0.125,0.125,0.125,1000,0
PLM,D,20090630,000000,0.135,0.14,0.135,0.14,56240,0
PLM,D,20090721,000000,0.12,0.12,0.12,0.12,3000,0
PLM,D,20090724,000000,0.113,0.113,0.113,0.113,2400,0
PLM,D,20090727,000000,0.11,0.11,0.11,0.11,2400,0
PLM,D,20090730,000000,0.13,0.134,0.13,0.134,53750,0
PLM,D,20090731,000000,0.138,0.138,0.134,0.134,6520,0
PLM,D,20090804,000000,0.133,0.139,0.133,0.139,48450,0
PLM,D,20090810,000000,0.14,0.16,0.14,0.16,31010,0
PLM,D,20090811,000000,0.142,0.159,0.142,0.159,600,0
PLM,D,20090813,000000,0.16,0.17,0.142,0.17,10370,0
PLM,D,20090814,000000,0.143,0.193,0.141,0.193,47460,0
PLM,D,20090818,000000,0.155,0.192,0.155,0.192,11000,0
PLM,D,20090819,000000,0.192,0.193,0.192,0.193,11500,0
PLM,D,20090820,000000,0.192,0.193,0.192,0.193,27990,0
PLM,D,20090821,000000,0.171,0.192,0.165,0.192,20050,0
PLM,D,20090824,000000,0.191,0.191,0.191,0.191,2840,0
PLM,D,20090825,000000,0.209,0.209,0.169,0.199,21600,0
PLM,D,20090826,000000,0.169,0.19,0.164,0.188,50930,0
PLM,D,20090828,000000,0.165,0.17,0.151,0.17,11250,0
PLM,D,20090903,000000,0.155,0.155,0.155,0.155,101540,0
PLM,D,20090921,000000,0.15,0.17,0.15,0.17,43180,0
PLM,D,20090922,000000,0.15,0.15,0.15,0.15,14000,0
PLM,D,20090924,000000,0.155,0.155,0.155,0.155,11160,0
PLM,D,20090928,000000,0.156,0.156,0.156,0.156,670,0
PLM,D,20090929,000000,0.176,0.176,0.176,0.176,820,0
PLM,D,20090930,000000,0.164,0.164,0.164,0.164,10000,0
PLM,D,20091001,000000,0.16,0.16,0.16,0.16,44000,0
PLM,D,20091002,000000,0.176,0.176,0.176,0.176,6770,0
PLM,D,20091005,000000,0.176,0.18,0.176,0.18,1000,0
PLM,D,20091007,000000,0.15,0.15,0.15,0.15,50000,0
PLM,D,20091009,000000,0.189,0.189,0.17,0.17,1110,0
PLM,D,20091021,000000,0.176,0.189,0.17,0.17,32140,0
PLM,D,20091030,000000,0.151,0.151,0.151,0.151,16010,0
PLM,D,20091102,000000,0.16,0.16,0.16,0.16,20000,0
PLM,D,20091103,000000,0.165,0.165,0.165,0.165,15000,0
PLM,D,20091104,000000,0.17,0.17,0.17,0.17,27930,0
PLM,D,20091105,000000,0.175,0.189,0.175,0.189,19490,0
PLM,D,20091106,000000,0.175,0.189,0.175,0.176,24240,0
PLM,D,20091110,000000,0.174,0.174,0.174,0.174,15000,0
PLM,D,20091112,000000,0.163,0.163,0.16,0.16,25980,0
PLM,D,20091113,000000,0.179,0.179,0.179,0.179,10,0
PLM,D,20091120,000000,0.177,0.178,0.177,0.178,4000,0
PLM,D,20091127,000000,0.178,0.178,0.178,0.178,11180,0
PLM,D,20091202,000000,0.15,0.19,0.15,0.19,30040,0
PLM,D,20091217,000000,0.153,0.187,0.153,0.187,54610,0
PLM,D,20091222,000000,0.178,0.178,0.17,0.17,11180,0
PLM,D,20091230,000000,0.185,0.185,0.147,0.147,1060,0
PLM,D,20091231,000000,0.15,0.15,0.15,0.15,840,0
PLM,D,20100106,000000,0.145,0.155,0.145,0.155,19010,0
PLM,D,20100107,000000,0.15,0.18,0.15,0.18,10010,0
PLM,D,20100114,000000,0.183,0.188,0.183,0.188,20400,0
PLM,D,20100115,000000,0.193,0.193,0.192,0.192,10520,0
PLM,D,20100118,000000,0.19,0.198,0.19,0.198,50000,0
PLM,D,20100119,000000,0.196,0.234,0.184,0.234,103370,0
PLM,D,20100120,000000,0.201,0.231,0.201,0.23,26720,0
PLM,D,20100121,000000,0.227,0.28,0.227,0.28,195930,0
PLM,D,20100122,000000,0.28,0.299,0.26,0.297,89510,0
PLM,D,20100125,000000,0.299,0.299,0.299,0.299,4400,0
PLM,D,20100126,000000,0.293,0.293,0.293,0.293,1000,0
PLM,D,20100128,000000,0.289,0.309,0.28,0.289,36290,0
PLM,D,20100201,000000,0.31,0.335,0.301,0.314,342660,0
PLM,D,20100202,000000,0.31,0.31,0.285,0.301,45550,0
PLM,D,20100203,000000,0.291,0.295,0.285,0.295,54000,0
PLM,D,20100204,000000,0.292,0.292,0.278,0.292,10510,0
PLM,D,20100205,000000,0.255,0.289,0.241,0.289,59060,0
PLM,D,20100208,000000,0.266,0.266,0.265,0.265,5000,0
PLM,D,20100210,000000,0.27,0.27,0.265,0.265,25000,0
PLM,D,20100211,000000,0.266,0.266,0.265,0.265,25360,0
PLM,D,20100215,000000,0.279,0.293,0.279,0.293,17390,0
PLM,D,20100219,000000,0.265,0.27,0.265,0.27,78000,0
PLM,D,20100222,000000,0.285,0.285,0.248,0.248,73070,0
PLM,D,20100223,000000,0.241,0.241,0.241,0.241,610,0
PLM,D,20100224,000000,0.278,0.278,0.277,0.277,7460,0
PLM,D,20100226,000000,0.225,0.277,0.225,0.277,25260,0
PLM,D,20100301,000000,0.277,0.277,0.277,0.277,3400,0
PLM,D,20100303,000000,0.241,0.28,0.241,0.28,17000,0
PLM,D,20100304,000000,0.291,0.291,0.291,0.291,100,0
PLM,D,20100305,000000,0.28,0.293,0.28,0.293,66630,0
PLM,D,20100309,000000,0.27,0.297,0.27,0.297,10000,0
PLM,D,20100311,000000,0.297,0.297,0.281,0.281,30340,0
PLM,D,20100316,000000,0.25,0.255,0.237,0.255,17500,0
PLM,D,20100317,000000,0.25,0.255,0.248,0.249,30600,0
PLM,D,20100318,000000,0.235,0.235,0.228,0.228,8150,0
PLM,D,20100319,000000,0.24,0.265,0.24,0.265,6600,0
PLM,D,20100322,000000,0.28,0.28,0.24,0.24,61770,0
PLM,D,20100324,000000,0.251,0.251,0.251,0.251,1000,0
PLM,D,20100326,000000,0.25,0.25,0.25,0.25,2400,0
PLM,D,20100330,000000,0.252,0.252,0.252,0.252,20000,0
PLM,D,20100331,000000,0.25,0.29,0.23,0.23,53770,0
PLM,D,20100401,000000,0.273,0.3,0.27,0.298,26610,0
PLM,D,20100406,000000,0.3,0.31,0.285,0.285,22000,0
PLM,D,20100407,000000,0.285,0.285,0.28,0.28,200,0
PLM,D,20100408,000000,0.29,0.29,0.29,0.29,20,0
PLM,D,20100409,000000,0.3,0.3,0.3,0.3,7000,0
PLM,D,20100416,000000,0.31,0.313,0.31,0.313,60000,0
PLM,D,20100419,000000,0.314,0.315,0.29,0.29,22600,0
PLM,D,20100420,000000,0.285,0.285,0.285,0.285,5600,0
PLM,D,20100421,000000,0.292,0.292,0.292,0.292,1340,0
PLM,D,20100428,000000,0.285,0.305,0.285,0.305,940,0
PLM,D,20100429,000000,0.298,0.298,0.298,0.298,16040,0
PLM,D,20100505,000000,0.276,0.276,0.276,0.276,1900,0
PLM,D,20100506,000000,0.276,0.276,0.275,0.275,2990,0
PLM,D,20100514,000000,0.299,0.313,0.299,0.313,61660,0
PLM,D,20100517,000000,0.315,0.316,0.31,0.316,146560,0
PLM,D,20100518,000000,0.316,0.371,0.316,0.357,222160,0
PLM,D,20100519,000000,0.336,0.352,0.336,0.352,8330,0
PLM,D,20100520,000000,0.351,0.351,0.351,0.351,5500,0
PLM,D,20100521,000000,0.35,0.35,0.293,0.345,33610,0
PLM,D,20100526,000000,0.344,0.35,0.305,0.329,71200,0
PLM,D,20100527,000000,0.306,0.306,0.305,0.305,5590,0
PLM,D,20100528,000000,0.296,0.328,0.296,0.328,1600,0
PLM,D,20100531,000000,0.35,0.35,0.35,0.35,740,0
PLM,D,20100601,000000,0.335,0.335,0.318,0.318,12000,0
PLM,D,20100602,000000,0.319,0.334,0.319,0.334,2000,0
PLM,D,20100608,000000,0.353,0.353,0.301,0.328,1250,0
PLM,D,20100614,000000,0.339,0.339,0.301,0.339,5110,0
PLM,D,20100622,000000,0.291,0.323,0.28,0.323,10050,0
PLM,D,20100623,000000,0.292,0.292,0.292,0.292,6000,0
PLM,D,20100624,000000,0.285,0.324,0.285,0.324,16110,0
PLM,D,20100628,000000,0.28,0.28,0.28,0.28,21340,0
PLM,D,20100629,000000,0.28,0.28,0.28,0.28,2000,0
PLM,D,20100630,000000,0.28,0.28,0.28,0.28,3030,0
PLM,D,20100701,000000,0.317,0.318,0.227,0.318,11820,0
PLM,D,20100707,000000,0.339,0.339,0.256,0.28,4220,0
PLM,D,20100708,000000,0.305,0.305,0.305,0.305,10,0
PLM,D,20100712,000000,0.316,0.316,0.316,0.316,50,0
PLM,D,20100719,000000,0.304,0.316,0.304,0.316,8000,0
PLM,D,20100722,000000,0.34,0.34,0.34,0.34,1000,0
PLM,D,20100723,000000,0.315,0.33,0.315,0.33,3190,0
PLM,D,20100726,000000,0.327,0.328,0.327,0.328,5000,0
PLM,D,20100727,000000,0.3,0.324,0.3,0.324,3190,0
PLM,D,20100802,000000,0.264,0.298,0.264,0.298,3800,0
PLM,D,20100803,000000,0.297,0.32,0.296,0.32,14000,0
PLM,D,20100805,000000,0.276,0.276,0.276,0.276,4160,0
PLM,D,20100806,000000,0.275,0.29,0.261,0.261,8000,0
PLM,D,20100809,000000,0.31,0.31,0.31,0.31,50,0
PLM,D,20100810,000000,0.285,0.313,0.28,0.313,50340,0
PLM,D,20100813,000000,0.279,0.29,0.279,0.281,23100,0
PLM,D,20100818,000000,0.26,0.278,0.226,0.278,133940,0
PLM,D,20100819,000000,0.26,0.26,0.26,0.26,11280,0
PLM,D,20100820,000000,0.265,0.27,0.265,0.27,14600,0
PLM,D,20100824,000000,0.27,0.303,0.27,0.303,12000,0
PLM,D,20100830,000000,0.258,0.267,0.25,0.267,12210,0
PLM,D,20100831,000000,0.26,0.26,0.25,0.26,54960,0
PLM,D,20100901,000000,0.255,0.255,0.25,0.25,8000,0
PLM,D,20100902,000000,0.26,0.26,0.246,0.246,81300,0
PLM,D,20100903,000000,0.241,0.258,0.24,0.258,30200,0
PLM,D,20100906,000000,0.255,0.26,0.25,0.25,29230,0
PLM,D,20100907,000000,0.259,0.26,0.259,0.26,3610,0
PLM,D,20100908,000000,0.26,0.274,0.26,0.274,1620,0
PLM,D,20100909,000000,0.274,0.281,0.274,0.281,2300,0
PLM,D,20100910,000000,0.28,0.282,0.28,0.282,10000,0
PLM,D,20100913,000000,0.253,0.281,0.253,0.281,2100,0
PLM,D,20100914,000000,0.28,0.28,0.28,0.28,10000,0
PLM,D,20100915,000000,0.279,0.293,0.279,0.293,10010,0
PLM,D,20100916,000000,0.29,0.29,0.29,0.29,6000,0
PLM,D,20100917,000000,0.293,0.293,0.293,0.293,100,0
PLM,D,20100920,000000,0.295,0.295,0.295,0.295,100,0
PLM,D,20100922,000000,0.28,0.28,0.27,0.27,6000,0
PLM,D,20100924,000000,0.29,0.291,0.29,0.291,12090,0
PLM,D,20100928,000000,0.29,0.29,0.29,0.29,7000,0
PLM,D,20100930,000000,0.28,0.28,0.27,0.27,5720,0
PLM,D,20101008,000000,0.275,0.275,0.275,0.275,5000,0
PLM,D,20101011,000000,0.276,0.277,0.276,0.277,7000,0
PLM,D,20101018,000000,0.27,0.27,0.26,0.26,14500,0
PLM,D,20101019,000000,0.27,0.29,0.27,0.28,61240,0
PLM,D,20101020,000000,0.27,0.27,0.27,0.27,1280,0
PLM,D,20101022,000000,0.29,0.31,0.29,0.31,9430,0
PLM,D,20101025,000000,0.31,0.31,0.31,0.31,230,0
PLM,D,20101027,000000,0.27,0.33,0.27,0.33,53070,0
PLM,D,20101028,000000,0.33,0.33,0.33,0.33,45900,0
PLM,D,20101102,000000,0.29,0.29,0.29,0.29,7780,0
PLM,D,20101104,000000,0.32,0.33,0.32,0.33,39130,0
PLM,D,20101105,000000,0.33,0.35,0.33,0.35,1500,0
PLM,D,20101108,000000,0.33,0.33,0.3,0.31,162480,0
PLM,D,20101109,000000,0.31,0.35,0.31,0.31,131900,0
PLM,D,20101110,000000,0.31,0.35,0.3,0.34,130831,0
PLM,D,20101112,000000,0.33,0.36,0.33,0.34,87870,0
PLM,D,20101115,000000,0.35,0.35,0.32,0.32,66800,0
PLM,D,20101116,000000,0.32,0.32,0.32,0.32,9086,0
PLM,D,20101117,000000,0.32,0.32,0.29,0.3,37270,0
PLM,D,20101118,000000,0.3,0.32,0.29,0.32,42480,0
PLM,D,20101119,000000,0.3,0.31,0.3,0.31,35400,0
PLM,D,20101123,000000,0.31,0.31,0.28,0.3,20360,0
PLM,D,20101124,000000,0.29,0.29,0.29,0.29,1850,0
PLM,D,20101125,000000,0.29,0.3,0.29,0.3,17405,0
PLM,D,20101126,000000,0.29,0.29,0.29,0.29,4990,0
PLM,D,20101129,000000,0.29,0.29,0.29,0.29,2000,0
PLM,D,20101201,000000,0.3,0.31,0.3,0.31,28107,0
PLM,D,20101203,000000,0.3,0.3,0.3,0.3,1600,0
PLM,D,20101207,000000,0.29,0.3,0.29,0.3,19040,0
PLM,D,20101208,000000,0.3,0.3,0.3,0.3,5000,0
PLM,D,20101209,000000,0.31,0.32,0.31,0.31,132107,0
PLM,D,20101210,000000,0.31,0.31,0.31,0.31,100,0
PLM,D,20101213,000000,0.3,0.3,0.3,0.3,10000,0
PLM,D,20101214,000000,0.3,0.3,0.3,0.3,17855,0
PLM,D,20101215,000000,0.3,0.3,0.3,0.3,2000,0
PLM,D,20101216,000000,0.29,0.3,0.29,0.3,44500,0
PLM,D,20101217,000000,0.29,0.33,0.29,0.33,102887,0
PLM,D,20101220,000000,0.32,0.32,0.32,0.32,8500,0
PLM,D,20101221,000000,0.32,0.32,0.32,0.32,6800,0
PLM,D,20101222,000000,0.31,0.31,0.31,0.31,22375,0
PLM,D,20101223,000000,0.3,0.3,0.3,0.3,36498,0
PLM,D,20101227,000000,0.3,0.31,0.3,0.31,3040,0
PLM,D,20101228,000000,0.3,0.31,0.3,0.31,5950,0
PLM,D,20101229,000000,0.29,0.29,0.29,0.29,9382,0
PLM,D,20101230,000000,0.3,0.3,0.3,0.3,1100,0
PLM,D,20101231,000000,0.29,0.3,0.29,0.3,22422,0
PLM,D,20110103,000000,0.3,0.3,0.3,0.3,17500,0
PLM,D,20110104,000000,0.3,0.3,0.29,0.29,46776,0
PLM,D,20110107,000000,0.28,0.28,0.28,0.28,1700,0
PLM,D,20110110,000000,0.29,0.3,0.29,0.29,118022,0
PLM,D,20110111,000000,0.29,0.29,0.29,0.29,21306,0
PLM,D,20110113,000000,0.28,0.3,0.28,0.3,270,0
PLM,D,20110114,000000,0.3,0.3,0.3,0.3,40194,0
PLM,D,20110117,000000,0.3,0.3,0.29,0.29,30726,0
PLM,D,20110118,000000,0.3,0.3,0.29,0.29,128510,0
PLM,D,20110119,000000,0.29,0.29,0.29,0.29,7000,0
PLM,D,20110120,000000,0.29,0.3,0.29,0.3,49443,0
PLM,D,20110124,000000,0.29,0.29,0.29,0.29,5000,0
PLM,D,20110126,000000,0.29,0.29,0.29,0.29,1000,0
PLM,D,20110127,000000,0.29,0.29,0.29,0.29,3000,0
PLM,D,20110201,000000,0.29,0.29,0.29,0.29,1800,0
PLM,D,20110202,000000,0.29,0.3,0.28,0.3,23384,0
PLM,D,20110207,000000,0.29,0.29,0.29,0.29,315,0
PLM,D,20110208,000000,0.29,0.29,0.29,0.29,18090,0
PLM,D,20110209,000000,0.3,0.3,0.3,0.3,2000,0
PLM,D,20110210,000000,0.3,0.31,0.3,0.31,33399,0
PLM,D,20110214,000000,0.31,0.31,0.31,0.31,25771,0
PLM,D,20110215,000000,0.31,0.31,0.3,0.3,48034,0
PLM,D,20110216,000000,0.29,0.29,0.29,0.29,6550,0
PLM,D,20110217,000000,0.29,0.3,0.29,0.29,93467,0
PLM,D,20110218,000000,0.29,0.29,0.29,0.29,10000,0
PLM,D,20110221,000000,0.29,0.3,0.29,0.3,12000,0
PLM,D,20110222,000000,0.29,0.29,0.28,0.29,55549,0
PLM,D,20110223,000000,0.28,0.28,0.28,0.28,16500,0
PLM,D,20110224,000000,0.28,0.28,0.28,0.28,9000,0
PLM,D,20110225,000000,0.28,0.28,0.28,0.28,10500,0
PLM,D,20110301,000000,0.28,0.29,0.28,0.28,40080,0
PLM,D,20110302,000000,0.27,0.28,0.27,0.27,61505,0
PLM,D,20110304,000000,0.27,0.27,0.27,0.27,8500,0
PLM,D,20110307,000000,0.27,0.27,0.27,0.27,1500,0
PLM,D,20110308,000000,0.26,0.26,0.26,0.26,43000,0
PLM,D,20110309,000000,0.25,0.25,0.25,0.25,18916,0
PLM,D,20110310,000000,0.25,0.25,0.25,0.25,790,0
PLM,D,20110311,000000,0.25,0.25,0.24,0.24,17300,0
PLM,D,20110314,000000,0.25,0.26,0.25,0.26,8900,0
PLM,D,20110315,000000,0.26,0.26,0.24,0.24,390,0
PLM,D,20110316,000000,0.24,0.24,0.24,0.24,58600,0
PLM,D,20110318,000000,0.24,0.24,0.24,0.24,4000,0
PLM,D,20110322,000000,0.25,0.26,0.25,0.25,32500,0
PLM,D,20110323,000000,0.25,0.25,0.25,0.25,4800,0
PLM,D,20110324,000000,0.25,0.25,0.25,0.25,7500,0
PLM,D,20110325,000000,0.26,0.26,0.25,0.25,3150,0
PLM,D,20110329,000000,0.26,0.26,0.25,0.25,15000,0
PLM,D,20110331,000000,0.25,0.25,0.25,0.25,7700,0
PLM,D,20110407,000000,0.25,0.25,0.25,0.25,12640,0
PLM,D,20110408,000000,0.26,0.27,0.26,0.27,56632,0
PLM,D,20110412,000000,0.28,0.28,0.27,0.27,4650,0
PLM,D,20110415,000000,0.26,0.26,0.26,0.26,3742,0
PLM,D,20110418,000000,0.27,0.27,0.27,0.27,12000,0
PLM,D,20110427,000000,0.27,0.27,0.27,0.27,6000,0
PLM,D,20110428,000000,0.27,0.28,0.27,0.27,19701,0
PLM,D,20110429,000000,0.27,0.27,0.27,0.27,24373,0
PLM,D,20110502,000000,0.27,0.27,0.27,0.27,3797,0
PLM,D,20110504,000000,0.27,0.27,0.27,0.27,2000,0
PLM,D,20110506,000000,0.27,0.27,0.27,0.27,5543,0
PLM,D,20110510,000000,0.27,0.27,0.26,0.26,65000,0
PLM,D,20110511,000000,0.25,0.27,0.25,0.26,155023,0
PLM,D,20110512,000000,0.26,0.26,0.26,0.26,20000,0
PLM,D,20110517,000000,0.25,0.25,0.24,0.24,48123,0
PLM,D,20110518,000000,0.23,0.24,0.23,0.24,22000,0
PLM,D,20110523,000000,0.24,0.24,0.24,0.24,5016,0
PLM,D,20110524,000000,0.23,0.23,0.23,0.23,28600,0
PLM,D,20110525,000000,0.22,0.23,0.22,0.23,11000,0
PLM,D,20110527,000000,0.24,0.24,0.24,0.24,19413,0
PLM,D,20110530,000000,0.23,0.23,0.23,0.23,25000,0
PLM,D,20110531,000000,0.23,0.23,0.23,0.23,14686,0
PLM,D,20110603,000000,0.23,0.23,0.23,0.23,10000,0
PLM,D,20110606,000000,0.22,0.23,0.22,0.23,5066,0
PLM,D,20110607,000000,0.22,0.23,0.22,0.23,20463,0
PLM,D,20110616,000000,0.22,0.22,0.21,0.22,28050,0
PLM,D,20110627,000000,0.21,0.21,0.19,0.2,28050,0
PLM,D,20110628,000000,0.19,0.2,0.19,0.2,1800,0
PLM,D,20110629,000000,0.2,0.2,0.2,0.2,17700,0
PLM,D,20110701,000000,0.18,0.18,0.17,0.17,25000,0
PLM,D,20110704,000000,0.18,0.19,0.18,0.18,21971,0
PLM,D,20110705,000000,0.18,0.18,0.18,0.18,5350,0
PLM,D,20110706,000000,0.18,0.19,0.18,0.19,14861,0
PLM,D,20110707,000000,0.19,0.19,0.19,0.19,728,0
PLM,D,20110708,000000,0.19,0.19,0.19,0.19,26771,0
PLM,D,20110711,000000,0.2,0.2,0.19,0.19,43101,0
PLM,D,20110714,000000,0.19,0.2,0.19,0.19,35000,0
PLM,D,20110715,000000,0.19,0.19,0.19,0.19,37364,0
PLM,D,20110719,000000,0.19,0.26,0.19,0.26,607909,0
PLM,D,20110720,000000,0.22,0.27,0.22,0.24,132195,0
PLM,D,20110721,000000,0.22,0.24,0.22,0.24,41777,0
PLM,D,20110722,000000,0.22,0.22,0.2,0.2,110877,0
PLM,D,20110725,000000,0.2,0.23,0.2,0.23,51588,0
PLM,D,20110726,000000,0.21,0.22,0.21,0.22,24990,0
PLM,D,20110727,000000,0.21,0.23,0.21,0.23,9400,0
PLM,D,20110728,000000,0.21,0.23,0.21,0.23,1540,0
PLM,D,20110729,000000,0.21,0.23,0.21,0.23,10700,0
PLM,D,20110802,000000,0.2,0.2,0.2,0.2,29500,0
PLM,D,20110803,000000,0.19,0.19,0.18,0.18,80696,0
PLM,D,20110804,000000,0.18,0.19,0.18,0.19,17051,0
PLM,D,20110805,000000,0.17,0.19,0.17,0.19,39877,0
PLM,D,20110808,000000,0.18,0.18,0.18,0.18,6000,0
PLM,D,20110809,000000,0.18,0.18,0.17,0.17,19475,0
PLM,D,20110811,000000,0.18,0.18,0.18,0.18,500,0
PLM,D,20110816,000000,0.18,0.18,0.18,0.18,41558,0
PLM,D,20110817,000000,0.17,0.19,0.17,0.19,206,0
PLM,D,20110822,000000,0.18,0.18,0.18,0.18,10000,0
PLM,D,20110823,000000,0.18,0.19,0.17,0.18,69513,0
PLM,D,20110824,000000,0.18,0.18,0.15,0.16,88250,0
PLM,D,20110826,000000,0.15,0.16,0.15,0.15,55490,0
PLM,D,20110829,000000,0.15,0.16,0.15,0.16,14797,0
PLM,D,20110830,000000,0.16,0.16,0.15,0.15,39700,0
PLM,D,20110831,000000,0.16,0.16,0.15,0.15,44975,0
PLM,D,20110902,000000,0.16,0.16,0.16,0.16,26000,0
PLM,D,20110906,000000,0.16,0.16,0.16,0.16,5205,0
PLM,D,20110907,000000,0.16,0.16,0.15,0.16,25417,0
PLM,D,20110908,000000,0.16,0.16,0.15,0.16,75104,0
PLM,D,20110909,000000,0.16,0.16,0.15,0.15,22610,0
PLM,D,20110912,000000,0.15,0.15,0.14,0.14,45372,0
PLM,D,20110913,000000,0.15,0.15,0.15,0.15,7102,0
PLM,D,20110914,000000,0.15,0.15,0.15,0.15,6621,0
PLM,D,20110915,000000,0.15,0.15,0.15,0.15,6701,0
PLM,D,20110916,000000,0.15,0.15,0.15,0.15,5576,0
PLM,D,20110919,000000,0.16,0.16,0.16,0.16,6955,0
PLM,D,20110920,000000,0.16,0.16,0.14,0.14,22817,0
PLM,D,20110923,000000,0.15,0.15,0.15,0.15,10311,0
PLM,D,20110926,000000,0.15,0.16,0.15,0.16,9181,0
PLM,D,20110927,000000,0.16,0.16,0.15,0.15,158991,0
PLM,D,20110930,000000,0.16,0.16,0.15,0.15,50251,0
PLM,D,20111004,000000,0.16,0.16,0.16,0.16,38200,0
PLM,D,20111005,000000,0.17,0.17,0.17,0.17,12380,0
PLM,D,20111006,000000,0.17,0.17,0.16,0.17,36293,0
PLM,D,20111007,000000,0.17,0.17,0.16,0.16,20354,0
PLM,D,20111010,000000,0.17,0.17,0.17,0.17,13952,0
PLM,D,20111012,000000,0.18,0.18,0.18,0.18,18964,0
PLM,D,20111013,000000,0.18,0.18,0.16,0.18,31673,0
PLM,D,20111014,000000,0.17,0.17,0.17,0.17,12800,0
PLM,D,20111017,000000,0.18,0.18,0.18,0.18,20078,0
PLM,D,20111018,000000,0.18,0.18,0.18,0.18,10369,0
PLM,D,20111019,000000,0.18,0.18,0.18,0.18,10086,0
PLM,D,20111020,000000,0.18,0.18,0.18,0.18,8532,0
PLM,D,20111021,000000,0.18,0.18,0.18,0.18,16509,0
PLM,D,20111024,000000,0.18,0.18,0.17,0.17,30650,0
PLM,D,20111025,000000,0.18,0.18,0.18,0.18,21138,0
PLM,D,20111026,000000,0.18,0.18,0.18,0.18,6768,0
PLM,D,20111027,000000,0.18,0.18,0.18,0.18,11385,0
PLM,D,20111028,000000,0.18,0.18,0.17,0.17,171324,0
PLM,D,20111031,000000,0.18,0.18,0.18,0.18,32141,0
PLM,D,20111102,000000,0.18,0.18,0.18,0.18,22823,0
PLM,D,20111107,000000,0.18,0.18,0.18,0.18,20550,0
PLM,D,20111108,000000,0.18,0.18,0.18,0.18,21352,0
PLM,D,20111109,000000,0.18,0.18,0.18,0.18,9319,0
PLM,D,20111110,000000,0.18,0.19,0.18,0.19,14280,0
PLM,D,20111114,000000,0.19,0.19,0.19,0.19,11794,0
PLM,D,20111115,000000,0.19,0.19,0.19,0.19,11297,0
PLM,D,20111116,000000,0.19,0.19,0.19,0.19,14823,0
PLM,D,20111117,000000,0.19,0.19,0.19,0.19,8885,0
PLM,D,20111118,000000,0.19,0.19,0.19,0.19,10500,0
PLM,D,20111121,000000,0.19,0.19,0.19,0.19,11101,0
PLM,D,20111122,000000,0.19,0.19,0.19,0.19,11165,0
PLM,D,20111123,000000,0.19,0.19,0.18,0.18,38697,0
PLM,D,20111124,000000,0.18,0.19,0.17,0.19,12778,0
PLM,D,20111125,000000,0.18,0.18,0.18,0.18,29633,0
PLM,D,20111128,000000,0.18,0.18,0.18,0.18,160,0
PLM,D,20111129,000000,0.19,0.19,0.19,0.19,26097,0
PLM,D,20111130,000000,0.19,0.19,0.19,0.19,22684,0
PLM,D,20111201,000000,0.2,0.2,0.2,0.2,7498,0
PLM,D,20111202,000000,0.2,0.2,0.19,0.19,33278,0
PLM,D,20111205,000000,0.18,0.18,0.18,0.18,16595,0
PLM,D,20111207,000000,0.19,0.19,0.19,0.19,9298,0
PLM,D,20111208,000000,0.19,0.19,0.18,0.18,16789,0
PLM,D,20111209,000000,0.19,0.19,0.19,0.19,19978,0
PLM,D,20111212,000000,0.19,0.19,0.18,0.18,23301,0
PLM,D,20111213,000000,0.18,0.18,0.18,0.18,12999,0
PLM,D,20111214,000000,0.18,0.18,0.18,0.18,13910,0
PLM,D,20111215,000000,0.18,0.18,0.18,0.18,31110,0
PLM,D,20111220,000000,0.18,0.18,0.18,0.18,21135,0
PLM,D,20111221,000000,0.18,0.19,0.18,0.19,9803,0
PLM,D,20111222,000000,0.19,0.19,0.19,0.19,7843,0
PLM,D,20111223,000000,0.19,0.19,0.18,0.18,111827,0
PLM,D,20111227,000000,0.17,0.17,0.17,0.17,1230,0
PLM,D,20111228,000000,0.18,0.18,0.18,0.18,37400,0
PLM,D,20111229,000000,0.19,0.19,0.19,0.19,16591,0
PLM,D,20120102,000000,0.18,0.2,0.18,0.2,14355,0
PLM,D,20120103,000000,0.21,0.22,0.19,0.2,13384,0
PLM,D,20120104,000000,0.22,0.22,0.22,0.22,9133,0
PLM,D,20120105,000000,0.2,0.2,0.2,0.2,13102,0
PLM,D,20120109,000000,0.19,0.19,0.19,0.19,7001,0
PLM,D,20120111,000000,0.2,0.2,0.2,0.2,12500,0
PLM,D,20120113,000000,0.2,0.2,0.2,0.2,40000,0
PLM,D,20120116,000000,0.2,0.2,0.2,0.2,50000,0
PLM,D,20120117,000000,0.2,0.2,0.2,0.2,9205,0
PLM,D,20120119,000000,0.2,0.2,0.2,0.2,22500,0
PLM,D,20120120,000000,0.2,0.21,0.2,0.21,47350,0
PLM,D,20120123,000000,0.2,0.2,0.2,0.2,13000,0
PLM,D,20120125,000000,0.21,0.21,0.21,0.21,7768,0
PLM,D,20120127,000000,0.2,0.2,0.2,0.2,60000,0
PLM,D,20120130,000000,0.2,0.2,0.2,0.2,10000,0
PLM,D,20120131,000000,0.2,0.2,0.2,0.2,10994,0
PLM,D,20120201,000000,0.21,0.21,0.21,0.21,12348,0
PLM,D,20120206,000000,0.21,0.21,0.21,0.21,10,0
PLM,D,20120208,000000,0.21,0.22,0.21,0.22,7912,0
PLM,D,20120209,000000,0.23,0.23,0.23,0.23,7787,0
PLM,D,20120210,000000,0.23,0.23,0.23,0.23,2000,0
PLM,D,20120213,000000,0.23,0.23,0.23,0.23,6521,0
PLM,D,20120214,000000,0.23,0.25,0.21,0.21,31698,0
PLM,D,20120216,000000,0.23,0.23,0.23,0.23,9400,0
PLM,D,20120217,000000,0.22,0.22,0.22,0.22,16478,0
PLM,D,20120222,000000,0.24,0.24,0.24,0.24,18400,0
PLM,D,20120223,000000,0.25,0.26,0.25,0.26,69599,0
PLM,D,20120224,000000,0.26,0.27,0.26,0.27,9905,0
PLM,D,20120227,000000,0.27,0.27,0.27,0.27,6548,0
PLM,D,20120228,000000,0.26,0.26,0.26,0.26,5240,0
PLM,D,20120229,000000,0.26,0.26,0.26,0.26,5096,0
PLM,D,20120301,000000,0.27,0.27,0.27,0.27,14914,0
PLM,D,20120302,000000,0.26,0.26,0.26,0.26,5287,0
PLM,D,20120305,000000,0.26,0.26,0.26,0.26,5919,0
PLM,D,20120306,000000,0.26,0.26,0.26,0.26,5567,0
PLM,D,20120307,000000,0.25,0.25,0.25,0.25,12500,0
PLM,D,20120308,000000,0.26,0.26,0.26,0.26,10821,0
PLM,D,20120309,000000,0.26,0.26,0.26,0.26,5897,0
PLM,D,20120312,000000,0.26,0.26,0.26,0.26,5994,0
PLM,D,20120313,000000,0.26,0.26,0.26,0.26,5981,0
PLM,D,20120314,000000,0.25,0.25,0.25,0.25,5338,0
PLM,D,20120315,000000,0.25,0.25,0.25,0.25,5472,0
PLM,D,20120316,000000,0.25,0.25,0.25,0.25,5372,0
PLM,D,20120319,000000,0.24,0.24,0.24,0.24,5096,0
PLM,D,20120320,000000,0.24,0.24,0.24,0.24,5223,0
PLM,D,20120321,000000,0.24,0.24,0.24,0.24,5354,0
PLM,D,20120322,000000,0.24,0.24,0.24,0.24,5028,0
PLM,D,20120323,000000,0.25,0.25,0.25,0.25,5383,0
PLM,D,20120326,000000,0.25,0.25,0.25,0.25,3300,0
PLM,D,20120327,000000,0.25,0.25,0.25,0.25,3219,0
PLM,D,20120328,000000,0.24,0.24,0.24,0.24,132420,0
PLM,D,20120329,000000,0.24,0.25,0.24,0.25,189523,0
PLM,D,20120330,000000,0.25,0.26,0.25,0.26,71717,0
PLM,D,20120402,000000,0.27,0.27,0.27,0.27,500,0
PLM,D,20120403,000000,0.26,0.26,0.26,0.26,31395,0
PLM,D,20120404,000000,0.26,0.26,0.26,0.26,22888,0
PLM,D,20120405,000000,0.26,0.26,0.26,0.26,13148,0
PLM,D,20120410,000000,0.26,0.26,0.26,0.26,13206,0
PLM,D,20120411,000000,0.25,0.25,0.25,0.25,24942,0
PLM,D,20120412,000000,0.25,0.25,0.25,0.25,11000,0
PLM,D,20120413,000000,0.25,0.25,0.25,0.25,4376,0
PLM,D,20120416,000000,0.25,0.25,0.24,0.24,31761,0
PLM,D,20120417,000000,0.24,0.24,0.24,0.24,14571,0
PLM,D,20120418,000000,0.24,0.24,0.24,0.24,14801,0
PLM,D,20120419,000000,0.24,0.24,0.24,0.24,15044,0
PLM,D,20120420,000000,0.25,0.25,0.25,0.25,16290,0
PLM,D,20120424,000000,0.27,0.27,0.27,0.27,17437,0
PLM,D,20120425,000000,0.27,0.27,0.27,0.27,20000,0
PLM,D,20120426,000000,0.28,0.28,0.27,0.27,22134,0
PLM,D,20120430,000000,0.27,0.27,0.27,0.27,13175,0
PLM,D,20120502,000000,0.27,0.32,0.27,0.29,37082,0
PLM,D,20120504,000000,0.29,0.29,0.29,0.29,7900,0
PLM,D,20120507,000000,0.29,0.29,0.29,0.29,8085,0
PLM,D,20120508,000000,0.29,0.29,0.29,0.29,7503,0
PLM,D,20120509,000000,0.27,0.27,0.27,0.27,7118,0
PLM,D,20120511,000000,0.27,0.27,0.27,0.27,6637,0
PLM,D,20120514,000000,0.27,0.27,0.27,0.27,3000,0
PLM,D,20120516,000000,0.28,0.3,0.28,0.3,7665,0
PLM,D,20120517,000000,0.3,0.3,0.3,0.3,5317,0
PLM,D,20120518,000000,0.3,0.3,0.3,0.3,5085,0
PLM,D,20120521,000000,0.29,0.29,0.29,0.29,4400,0
PLM,D,20120522,000000,0.29,0.3,0.29,0.3,9576,0
PLM,D,20120523,000000,0.3,0.3,0.3,0.3,5059,0
PLM,D,20120524,000000,0.3,0.3,0.3,0.3,4535,0
PLM,D,20120525,000000,0.29,0.3,0.29,0.3,4223,0
PLM,D,20120528,000000,0.3,0.3,0.3,0.3,5818,0
PLM,D,20120529,000000,0.3,0.3,0.3,0.3,3554,0
PLM,D,20120530,000000,0.3,0.3,0.3,0.3,3643,0
PLM,D,20120531,000000,0.3,0.3,0.3,0.3,3405,0
PLM,D,20120601,000000,0.3,0.3,0.3,0.3,2563,0
PLM,D,20120604,000000,0.29,0.3,0.29,0.3,2439,0
PLM,D,20120605,000000,0.3,0.3,0.3,0.3,2288,0
PLM,D,20120606,000000,0.3,0.3,0.3,0.3,2156,0
PLM,D,20120608,000000,0.3,0.3,0.3,0.3,2034,0
PLM,D,20120611,000000,0.3,0.3,0.3,0.3,2084,0
PLM,D,20120612,000000,0.29,0.3,0.28,0.3,48069,0
PLM,D,20120613,000000,0.29,0.29,0.28,0.29,49697,0
PLM,D,20120614,000000,0.29,0.29,0.29,0.29,4340,0
PLM,D,20120615,000000,0.29,0.29,0.29,0.29,4257,0
PLM,D,20120618,000000,0.28,0.29,0.28,0.29,4240,0
PLM,D,20120619,000000,0.28,0.29,0.28,0.29,4219,0
PLM,D,20120620,000000,0.28,0.29,0.28,0.29,40010,0
PLM,D,20120621,000000,0.28,0.28,0.28,0.28,1990,0
PLM,D,20120625,000000,0.3,0.3,0.3,0.3,7472,0
PLM,D,20120626,000000,0.29,0.29,0.29,0.29,4856,0
PLM,D,20120627,000000,0.28,0.28,0.28,0.28,4433,0
PLM,D,20120629,000000,0.28,0.3,0.28,0.3,4773,0
PLM,D,20120702,000000,0.29,0.29,0.29,0.29,4798,0
PLM,D,20120703,000000,0.29,0.29,0.29,0.29,4853,0
PLM,D,20120704,000000,0.29,0.29,0.29,0.29,4914,0
PLM,D,20120705,000000,0.29,0.29,0.29,0.29,4979,0
PLM,D,20120706,000000,0.29,0.29,0.29,0.29,5050,0
PLM,D,20120709,000000,0.28,0.28,0.28,0.28,5025,0
PLM,D,20120710,000000,0.28,0.28,0.28,0.28,5199,0
PLM,D,20120711,000000,0.28,0.28,0.28,0.28,4127,0
PLM,D,20120712,000000,0.24,0.3,0.24,0.3,3138,0
PLM,D,20120713,000000,0.3,0.3,0.29,0.29,3258,0
PLM,D,20120716,000000,0.29,0.29,0.29,0.29,2933,0
PLM,D,20120717,000000,0.29,0.29,0.29,0.29,2900,0
PLM,D,20120718,000000,0.29,0.29,0.29,0.29,2867,0
PLM,D,20120719,000000,0.29,0.29,0.29,0.29,1938,0
PLM,D,20120720,000000,0.29,0.29,0.29,0.29,1937,0
PLM,D,20120723,000000,0.29,0.29,0.29,0.29,1986,0
PLM,D,20120724,000000,0.29,0.29,0.29,0.29,1849,0
PLM,D,20120725,000000,0.29,0.29,0.29,0.29,1773,0
PLM,D,20120809,000000,0.25,0.25,0.25,0.25,24000,0
PLM,D,20120829,000000,0.25,0.25,0.25,0.25,55448,0
PLM,D,20120830,000000,0.25,0.25,0.25,0.25,59679,0
PLM,D,20120831,000000,0.25,0.26,0.25,0.26,68699,0
PLM,D,20120903,000000,0.25,0.25,0.25,0.25,31867,0
PLM,D,20120904,000000,0.25,0.29,0.25,0.29,92413,0
PLM,D,20120906,000000,0.27,0.29,0.27,0.28,48454,0
PLM,D,20120907,000000,0.27,0.35,0.27,0.34,84241,0
PLM,D,20120910,000000,0.3,0.3,0.3,0.3,11000,0
PLM,D,20120911,000000,0.32,0.32,0.32,0.32,209,0
PLM,D,20120912,000000,0.32,0.32,0.32,0.32,11300,0
PLM,D,20120913,000000,0.32,0.32,0.32,0.32,11582,0
PLM,D,20120914,000000,0.32,0.32,0.32,0.32,26872,0
PLM,D,20120917,000000,0.32,0.32,0.32,0.32,12544,0
PLM,D,20120918,000000,0.34,0.34,0.34,0.34,14007,0
PLM,D,20120919,000000,0.34,0.34,0.34,0.34,13207,0
PLM,D,20120920,000000,0.34,0.34,0.34,0.34,13538,0
PLM,D,20120921,000000,0.34,0.34,0.34,0.34,13876,0
PLM,D,20120924,000000,0.34,0.34,0.34,0.34,14223,0
PLM,D,20120925,000000,0.34,0.34,0.34,0.34,1000,0
PLM,D,20120926,000000,0.33,0.33,0.33,0.33,22990,0
PLM,D,20120928,000000,0.33,0.36,0.33,0.36,54523,0
PLM,D,20121001,000000,0.36,0.38,0.36,0.38,12543,0
PLM,D,20121002,000000,0.37,0.37,0.37,0.37,11460,0
PLM,D,20121004,000000,0.37,0.37,0.34,0.34,50472,0
PLM,D,20121005,000000,0.34,0.34,0.34,0.34,14223,0
PLM,D,20121009,000000,0.34,0.34,0.34,0.34,7461,0
PLM,D,20121010,000000,0.3,0.34,0.3,0.34,11970,0
PLM,D,20121011,000000,0.3,0.3,0.3,0.3,10976,0
PLM,D,20121012,000000,0.29,0.3,0.27,0.3,16612,0
PLM,D,20121015,000000,0.3,0.3,0.3,0.3,7388,0
PLM,D,20121016,000000,0.3,0.3,0.29,0.29,10657,0
PLM,D,20121017,000000,0.28,0.33,0.28,0.33,7225,0
PLM,D,20121018,000000,0.28,0.28,0.28,0.28,12982,0
PLM,D,20121019,000000,0.27,0.27,0.27,0.27,7012,0
PLM,D,20121022,000000,0.27,0.27,0.27,0.27,6840,0
PLM,D,20121023,000000,0.27,0.27,0.27,0.27,6656,0
PLM,D,20121024,000000,0.27,0.27,0.27,0.27,6797,0
PLM,D,20121025,000000,0.27,0.27,0.27,0.27,6394,0
PLM,D,20121026,000000,0.27,0.27,0.27,0.27,6554,0
PLM,D,20121029,000000,0.27,0.27,0.27,0.27,5355,0
PLM,D,20121030,000000,0.27,0.27,0.27,0.27,5101,0
PLM,D,20121031,000000,0.27,0.27,0.27,0.27,5016,0
PLM,D,20121102,000000,0.28,0.28,0.28,0.28,9142,0
PLM,D,20121105,000000,0.28,0.28,0.28,0.28,4109,0
PLM,D,20121106,000000,0.28,0.28,0.28,0.28,3856,0
PLM,D,20121107,000000,0.28,0.28,0.28,0.28,3952,0
PLM,D,20121108,000000,0.28,0.28,0.28,0.28,3864,0
PLM,D,20121109,000000,0.28,0.28,0.28,0.28,3662,0
PLM,D,20121112,000000,0.28,0.28,0.28,0.28,3480,0
PLM,D,20121113,000000,0.28,0.28,0.28,0.28,3151,0
PLM,D,20121114,000000,0.28,0.28,0.28,0.28,3045,0
PLM,D,20121115,000000,0.28,0.28,0.28,0.28,3024,0
PLM,D,20121116,000000,0.28,0.28,0.28,0.28,2749,0
PLM,D,20121119,000000,0.28,0.28,0.28,0.28,2493,0
PLM,D,20121120,000000,0.28,0.28,0.28,0.28,2381,0
PLM,D,20121121,000000,0.28,0.28,0.28,0.28,2269,0
PLM,D,20121122,000000,0.28,0.28,0.28,0.28,2159,0
PLM,D,20121123,000000,0.29,0.29,0.29,0.29,2103,0
PLM,D,20121126,000000,0.28,0.28,0.28,0.28,14436,0
PLM,D,20121127,000000,0.29,0.29,0.29,0.29,9007,0
PLM,D,20121128,000000,0.29,0.29,0.29,0.29,2224,0
PLM,D,20121129,000000,0.29,0.29,0.29,0.29,1800,0
PLM,D,20121130,000000,0.29,0.29,0.29,0.29,2072,0
PLM,D,20121203,000000,0.29,0.29,0.29,0.29,1484,0
PLM,D,20121205,000000,0.28,0.29,0.28,0.29,16350,0
PLM,D,20121206,000000,0.27,0.3,0.27,0.3,22464,0
PLM,D,20121211,000000,0.28,0.3,0.28,0.3,50030,0
PLM,D,20121212,000000,0.28,0.3,0.28,0.3,442,0
PLM,D,20121214,000000,0.28,0.36,0.28,0.32,52103,0
PLM,D,20121217,000000,0.32,0.32,0.32,0.32,5686,0
PLM,D,20121228,000000,0.31,0.31,0.31,0.31,10000,0
PLM,D,20130102,000000,0.34,0.34,0.34,0.34,100,0
PLM,D,20130205,000000,0.28,0.31,0.28,0.31,14240,0
PLM,D,20130327,000000,0.29,0.3,0.29,0.3,11460,0
PLM,D,20130513,000000,0.29,0.29,0.29,0.29,2000,0
PLM,D,20130527,000000,0.24,0.28,0.23,0.28,7540,0
PLM,D,20131015,000000,0.23,0.23,0.23,0.23,100,0
PLM,D,20131105,000000,0.19,0.19,0.19,0.19,2000,0
PLM,D,20131106,000000,0.22,0.22,0.22,0.22,3000,0
PLM,D,20131122,000000,0.22,0.22,0.22,0.22,600,0
PLM,D,20140107,000000,0.23,0.23,0.23,0.23,26,0
PLM,D,20140212,000000,0.22,0.22,0.22,0.22,150,0
PLM,D,20140213,000000,0.18,0.21,0.17,0.21,2170,0
PLM,D,20140214,000000,0.17,0.17,0.17,0.17,8570,0
PLM,D,20140305,000000,0.16,0.16,0.16,0.16,340,0
PLM,D,20140325,000000,0.13,0.13,0.12,0.12,10000,0
PLM,D,20140328,000000,0.12,0.12,0.12,0.12,180,0
PLM,D,20140410,000000,0.12,0.12,0.12,0.12,150000,0
PLM,D,20140411,000000,0.12,0.12,0.12,0.12,100000,0
PLM,D,20140417,000000,0.13,0.13,0.13,0.13,6090,0
PLM,D,20140422,000000,0.13,0.13,0.13,0.13,64,0
PLM,D,20140512,000000,0.12,0.12,0.12,0.12,6700,0
PLM,D,20140523,000000,0.12,0.12,0.1,0.1,2000,0
PLM,D,20140604,000000,0.1,0.1,0.1,0.1,5000,0
PLM,D,20140617,000000,0.12,0.12,0.12,0.12,500,0
PLM,D,20140618,000000,0.12,0.13,0.12,0.13,510,0
PLM,D,20140714,000000,0.13,0.13,0.13,0.13,2000,0
PLM,D,20140822,000000,0.13,0.13,0.13,0.13,1,0
PLM,D,20141107,000000,0.08,0.08,0.08,0.08,6000,0
PLM,D,20141128,000000,0.12,0.12,0.12,0.12,166019,0
PLM,D,20141201,000000,0.12,0.13,0.12,0.12,131602,0
PLM,D,20141202,000000,0.12,0.12,0.12,0.12,95736,0
PLM,D,20141205,000000,0.13,0.13,0.13,0.13,2000,0
PLM,D,20141210,000000,0.15,0.15,0.15,0.15,33203,0
PLM,D,20141222,000000,0.16,0.16,0.13,0.13,6476,0
PLM,D,20141223,000000,0.13,0.15,0.12,0.15,240970,0
PLM,D,20141230,000000,0.17,0.17,0.17,0.17,1,0
PLM,D,20150109,000000,0.2,0.2,0.2,0.2,100,0
PLM,D,20150128,000000,0.2,0.2,0.2,0.2,5000,0
PLM,D,20150204,000000,0.16,0.16,0.13,0.13,10847,0
PLM,D,20150205,000000,0.11,0.11,0.11,0.11,200,0
PLM,D,20150211,000000,0.13,0.13,0.13,0.13,55,0
PLM,D,20150217,000000,0.12,0.12,0.12,0.12,10901,0
PLM,D,20150224,000000,0.14,0.14,0.14,0.14,10901,0
PLM,D,20150225,000000,0.16,0.16,0.16,0.16,1,0
PLM,D,20150311,000000,0.18,0.18,0.18,0.18,30908,0
PLM,D,20150318,000000,0.2,0.2,0.2,0.2,5000,0
PLM,D,20150331,000000,0.2,0.2,0.2,0.2,7064,0
PLM,D,20150401,000000,0.2,0.2,0.2,0.2,10500,0
PLM,D,20150402,000000,0.2,0.2,0.2,0.2,3400,0
PLM,D,20150525,000000,0.21,0.21,0.21,0.21,1,0
PLM,D,20150526,000000,0.21,0.21,0.21,0.21,59,0
PLM,D,20150528,000000,0.21,0.21,0.21,0.21,1,0
PLM,D,20150813,000000,0.22,0.22,0.22,0.22,5000,0
PLM,D,20150814,000000,0.23,0.23,0.23,0.23,10,0
PLM,D,20150902,000000,0.23,0.23,0.23,0.23,5241,0
PLM,D,20150921,000000,0.24,0.24,0.24,0.24,100,0
PLM,D,20150924,000000,0.24,0.24,0.24,0.24,210,0
PLM,D,20151005,000000,0.22,0.22,0.22,0.22,50,0
PLM,D,20151008,000000,0.21,0.21,0.21,0.21,1950,0
PLM,D,20151109,000000,0.21,0.21,0.2,0.2,8892,0
PLM,D,20151110,000000,0.17,0.17,0.17,0.17,1350,0
PLM,D,20151221,000000,0.19,0.19,0.17,0.17,3376,0
PLM,D,20151222,000000,0.19,0.19,0.19,0.19,450,0
PLM,D,20160104,000000,0.22,0.26,0.22,0.26,3000,0
PLM,D,20160105,000000,0.24,0.24,0.24,0.24,1000,0
PLM,D,20160111,000000,0.22,0.24,0.22,0.24,22000,0
PLM,D,20160115,000000,0.24,0.24,0.24,0.24,1000,0
PLM,D,20160119,000000,0.24,0.24,0.24,0.24,1500,0
PLM,D,20160120,000000,0.22,0.22,0.22,0.22,6500,0
PLM,D,20160208,000000,0.22,0.22,0.22,0.22,200,0
PLM,D,20160217,000000,0.18,0.18,0.18,0.18,4000,0
PLM,D,20160222,000000,0.17,0.17,0.17,0.17,5517,0
PLM,D,20160513,000000,0.17,0.17,0.17,0.17,20,0
PLM,D,20160613,000000,0.15,0.15,0.15,0.15,20,0
PLM,D,20160630,000000,0.15,0.15,0.15,0.15,170,0
PLM,D,20160802,000000,0.21,0.21,0.21,0.21,10260,0
PLM,D,20160803,000000,0.21,0.24,0.21,0.23,6290,0
PLM,D,20160804,000000,0.23,0.24,0.23,0.24,17650,0
PLM,D,20160805,000000,0.24,0.24,0.24,0.24,5000,0
PLM,D,20160808,000000,0.21,0.21,0.21,0.21,10000,0
PLM,D,20160809,000000,0.21,0.24,0.21,0.24,11000,0
PLM,D,20160810,000000,0.24,0.32,0.24,0.27,352562,0
PLM,D,20160811,000000,0.27,0.29,0.25,0.29,13136,0
PLM,D,20160812,000000,0.29,0.33,0.29,0.32,28117,0
PLM,D,20160816,000000,0.32,0.33,0.29,0.3,8341,0
PLM,D,20160818,000000,0.29,0.29,0.27,0.29,819,0
PLM,D,20160822,000000,0.25,0.31,0.24,0.31,41221,0
PLM,D,20160823,000000,0.32,0.34,0.32,0.33,18691,0
PLM,D,20160825,000000,0.32,0.33,0.28,0.28,18097,0
PLM,D,20160826,000000,0.28,0.32,0.28,0.32,14719,0
PLM,D,20160830,000000,0.28,0.28,0.27,0.27,6700,0
PLM,D,20160831,000000,0.25,0.3,0.24,0.3,6573,0
PLM,D,20160901,000000,0.24,0.26,0.21,0.21,12065,0
PLM,D,20160902,000000,0.24,0.26,0.24,0.26,12830,0
PLM,D,20160905,000000,0.29,0.32,0.26,0.26,6552,0
PLM,D,20160907,000000,0.31,0.31,0.31,0.31,390,0
PLM,D,20160908,000000,0.32,0.37,0.32,0.35,56399,0
PLM,D,20160909,000000,0.35,0.35,0.35,0.35,4900,0
PLM,D,20160913,000000,0.35,0.35,0.35,0.35,9492,0
PLM,D,20160914,000000,0.32,0.35,0.32,0.35,3307,0
PLM,D,20160915,000000,0.35,0.35,0.28,0.35,18587,0
PLM,D,20160916,000000,0.34,0.35,0.33,0.35,31,0
PLM,D,20160921,000000,0.34,0.34,0.34,0.34,130,0
PLM,D,20160922,000000,0.35,0.35,0.35,0.35,1287,0
PLM,D,20160923,000000,0.35,0.35,0.35,0.35,100,0
PLM,D,20160926,000000,0.35,0.35,0.35,0.35,700,0
PLM,D,20160927,000000,0.35,0.35,0.35,0.35,100,0
PLM,D,20160928,000000,0.35,0.35,0.35,0.35,50,0
PLM,D,20160929,000000,0.28,0.3,0.28,0.28,5610,0
PLM,D,20161003,000000,0.33,0.33,0.33,0.33,45,0
PLM,D,20161005,000000,0.34,0.34,0.34,0.34,100,0
PLM,D,20161006,000000,0.29,0.33,0.29,0.33,1005,0
PLM,D,20161010,000000,0.34,0.35,0.34,0.35,3579,0
PLM,D,20161012,000000,0.35,0.35,0.35,0.35,120,0
PLM,D,20161020,000000,0.32,0.32,0.32,0.32,100,0
PLM,D,20161021,000000,0.33,0.33,0.33,0.33,100,0
PLM,D,20161025,000000,0.33,0.33,0.33,0.33,150,0
PLM,D,20161026,000000,0.33,0.33,0.33,0.33,470,0
PLM,D,20161027,000000,0.28,0.33,0.28,0.33,380,0
PLM,D,20161031,000000,0.28,0.28,0.28,0.28,3520,0
PLM,D,20161102,000000,0.3,0.3,0.3,0.3,615,0
PLM,D,20161103,000000,0.26,0.29,0.26,0.29,3857,0
PLM,D,20161107,000000,0.28,0.28,0.28,0.28,52,0
PLM,D,20161108,000000,0.27,0.27,0.27,0.27,500,0
PLM,D,20161115,000000,0.29,0.29,0.28,0.28,2690,0
PLM,D,20161116,000000,0.29,0.32,0.29,0.32,5588,0
PLM,D,20161118,000000,0.34,0.34,0.34,0.34,10,0
PLM,D,20161121,000000,0.29,0.29,0.29,0.29,6000,0
PLM,D,20161123,000000,0.25,0.29,0.22,0.29,6600,0
PLM,D,20161124,000000,0.27,0.27,0.27,0.27,1500,0
PLM,D,20161128,000000,0.23,0.25,0.21,0.25,21999,0
PLM,D,20161129,000000,0.25,0.25,0.25,0.25,150,0
PLM,D,20161202,000000,0.26,0.26,0.26,0.26,10,0
PLM,D,20161212,000000,0.25,0.25,0.25,0.25,1992,0
PLM,D,20161214,000000,0.24,0.24,0.24,0.24,1000,0
PLM,D,20161216,000000,0.2,0.23,0.2,0.23,7110,0
PLM,D,20161222,000000,0.24,0.24,0.2,0.2,3838,0
PLM,D,20161223,000000,0.24,0.24,0.24,0.24,100,0
PLM,D,20161228,000000,0.22,0.22,0.22,0.22,6370,0
PLM,D,20161229,000000,0.25,0.27,0.25,0.27,7100,0
PLM,D,20170102,000000,0.29,0.29,0.29,0.29,500,0
PLM,D,20170109,000000,0.28,0.28,0.28,0.28,5334,0
PLM,D,20170112,000000,0.23,0.27,0.23,0.27,1870,0
PLM,D,20170113,000000,0.23,0.27,0.23,0.27,2165,0
PLM,D,20170117,000000,0.26,0.26,0.26,0.26,1000,0
PLM,D,20170202,000000,0.27,0.27,0.27,0.27,11528,0
PLM,D,20170207,000000,0.27,0.29,0.27,0.29,11897,0
PLM,D,20170208,000000,0.29,0.29,0.29,0.29,5000,0
PLM,D,20170209,000000,0.29,0.29,0.29,0.29,2400,0
PLM,D,20170210,000000,0.29,0.34,0.29,0.32,26148,0
PLM,D,20170216,000000,0.28,0.32,0.28,0.32,3220,0
PLM,D,20170221,000000,0.31,0.32,0.28,0.32,14951,0
PLM,D,20170224,000000,0.28,0.28,0.27,0.27,7990,0
PLM,D,20170227,000000,0.27,0.27,0.27,0.27,5000,0
PLM,D,20170228,000000,0.29,0.29,0.29,0.29,11,0
PLM,D,20170301,000000,0.27,0.27,0.27,0.27,4077,0
PLM,D,20170302,000000,0.29,0.29,0.29,0.29,111,0
PLM,D,20170307,000000,0.29,0.32,0.29,0.32,14125,0
PLM,D,20170310,000000,0.28,0.28,0.28,0.28,3300,0
PLM,D,20170316,000000,0.26,0.3,0.26,0.3,4030,0
PLM,D,20170321,000000,0.29,0.32,0.29,0.29,80884,0
PLM,D,20170322,000000,0.27,0.29,0.27,0.27,6100,0
PLM,D,20170328,000000,0.27,0.31,0.26,0.31,89046,0
PLM,D,20170329,000000,0.31,0.31,0.3,0.31,38674,0
PLM,D,20170330,000000,0.3,0.32,0.3,0.32,62072,0
PLM,D,20170331,000000,0.31,0.39,0.31,0.37,523170,0
PLM,D,20170403,000000,0.37,0.37,0.3,0.34,47767,0
PLM,D,20170404,000000,0.31,0.35,0.31,0.35,93659,0
PLM,D,20170405,000000,0.33,0.35,0.31,0.35,33751,0
PLM,D,20170406,000000,0.35,0.35,0.3,0.32,72321,0
PLM,D,20170407,000000,0.3,0.3,0.3,0.3,12207,0
PLM,D,20170410,000000,0.3,0.32,0.3,0.32,13849,0
PLM,D,20170411,000000,0.32,0.32,0.31,0.31,5100,0
PLM,D,20170412,000000,0.29,0.34,0.29,0.34,32551,0
PLM,D,20170413,000000,0.34,0.35,0.34,0.35,1800,0
PLM,D,20170418,000000,0.35,0.35,0.34,0.34,5244,0
PLM,D,20170419,000000,0.32,0.32,0.31,0.31,4000,0
PLM,D,20170420,000000,0.33,0.39,0.32,0.37,122320,0
PLM,D,20170421,000000,0.37,0.38,0.35,0.38,44906,0
PLM,D,20170424,000000,0.37,0.38,0.37,0.38,8755,0
PLM,D,20170425,000000,0.38,0.38,0.38,0.38,2355,0
PLM,D,20170426,000000,0.38,0.38,0.32,0.33,25653,0
PLM,D,20170427,000000,0.37,0.37,0.37,0.37,29,0
PLM,D,20170504,000000,0.33,0.35,0.32,0.35,36344,0
PLM,D,20170505,000000,0.35,0.35,0.35,0.35,650,0
PLM,D,20170508,000000,0.33,0.35,0.31,0.35,2100,0
PLM,D,20170509,000000,0.28,0.31,0.24,0.29,59898,0
PLM,D,20170510,000000,0.27,0.27,0.27,0.27,5000,0
PLM,D,20170511,000000,0.27,0.28,0.25,0.28,7993,0
PLM,D,20170512,000000,0.27,0.28,0.27,0.28,3507,0
PLM,D,20170515,000000,0.3,0.3,0.3,0.3,160,0
PLM,D,20170518,000000,0.29,0.29,0.29,0.29,1500,0
PLM,D,20170519,000000,0.27,0.27,0.27,0.27,8081,0
PLM,D,20170522,000000,0.25,0.27,0.25,0.27,7000,0
PLM,D,20170523,000000,0.25,0.28,0.25,0.28,954,0
PLM,D,20170525,000000,0.27,0.27,0.27,0.27,2500,0
PLM,D,20170526,000000,0.25,0.28,0.25,0.28,3071,0
PLM,D,20170529,000000,0.27,0.27,0.27,0.27,2307,0
PLM,D,20170530,000000,0.27,0.27,0.27,0.27,5000,0
PLM,D,20170531,000000,0.27,0.27,0.27,0.27,6000,0
PLM,D,20170607,000000,0.27,0.27,0.25,0.25,10100,0
PLM,D,20170608,000000,0.25,0.25,0.25,0.25,3772,0
PLM,D,20170609,000000,0.28,0.28,0.28,0.28,850,0
PLM,D,20170612,000000,0.28,0.29,0.28,0.29,2427,0
PLM,D,20170613,000000,0.25,0.28,0.25,0.28,17061,0
PLM,D,20170614,000000,0.25,0.25,0.25,0.25,4939,0
PLM,D,20170619,000000,0.25,0.25,0.25,0.25,5700,0
PLM,D,20170620,000000,0.29,0.29,0.29,0.29,150,0
PLM,D,20170621,000000,0.25,0.25,0.24,0.25,41000,0
PLM,D,20170626,000000,0.26,0.29,0.26,0.29,105,0
PLM,D,20170627,000000,0.26,0.28,0.26,0.28,1615,0
PLM,D,20170629,000000,0.26,0.26,0.23,0.24,70221,0
PLM,D,20170630,000000,0.26,0.26,0.26,0.26,262,0
PLM,D,20170705,000000,0.28,0.3,0.27,0.29,27149,0
PLM,D,20170706,000000,0.29,0.29,0.29,0.29,263,0
PLM,D,20170707,000000,0.27,0.27,0.27,0.27,328,0
PLM,D,20170711,000000,0.28,0.28,0.28,0.28,3000,0
PLM,D,20170717,000000,0.28,0.3,0.28,0.3,737,0
PLM,D,20170801,000000,0.28,0.28,0.27,0.27,3707,0
PLM,D,20170802,000000,0.29,0.3,0.29,0.3,2000,0
PLM,D,20170803,000000,0.3,0.32,0.3,0.31,2050,0
PLM,D,20170808,000000,0.31,0.31,0.31,0.31,6700,0
PLM,D,20170816,000000,0.29,0.29,0.29,0.29,4260,0
PLM,D,20170817,000000,0.3,0.3,0.3,0.3,3510,0
PLM,D,20170828,000000,0.3,0.3,0.3,0.3,90,0
PLM,D,20170901,000000,0.27,0.29,0.26,0.29,11605,0
PLM,D,20170904,000000,0.29,0.29,0.29,0.29,40000,0
PLM,D,20170913,000000,0.27,0.27,0.27,0.27,8008,0
PLM,D,20170914,000000,0.25,0.27,0.23,0.27,13366,0
PLM,D,20170926,000000,0.27,0.27,0.27,0.27,300,0
PLM,D,20170928,000000,0.26,0.26,0.26,0.26,32617,0
PLM,D,20171012,000000,0.26,0.26,0.26,0.26,5000,0
PLM,D,20171019,000000,0.26,0.26,0.22,0.26,12289,0
PLM,D,20171026,000000,0.26,0.26,0.26,0.26,50,0
PLM,D,20171031,000000,0.22,0.26,0.22,0.26,525,0
PLM,D,20171108,000000,0.25,0.25,0.25,0.25,2000,0
PLM,D,20171113,000000,0.22,0.26,0.18,0.22,46574,0
PLM,D,20171115,000000,0.22,0.25,0.22,0.25,6555,0
PLM,D,20171128,000000,0.25,0.32,0.25,0.32,64980,0
PLM,D,20171129,000000,0.32,0.32,0.32,0.32,978,0
PLM,D,20171201,000000,0.26,0.31,0.26,0.31,5025,0
PLM,D,20171205,000000,0.25,0.26,0.24,0.26,7952,0
PLM,D,20171206,000000,0.26,0.31,0.26,0.31,4250,0
PLM,D,20171212,000000,0.31,0.31,0.31,0.31,1,0
PLM,D,20171218,000000,0.31,0.31,0.31,0.31,1,0
PLM,D,20171222,000000,0.23,0.27,0.23,0.25,3999,0
PLM,D,20171227,000000,0.3,0.3,0.3,0.3,100,0
PLM,D,20171228,000000,0.3,0.3,0.3,0.3,1000,0
PLM,D,20180103,000000,0.32,0.32,0.32,0.32,30,0
PLM,D,20180109,000000,0.3,0.31,0.3,0.31,185,0
PLM,D,20180110,000000,0.31,0.33,0.31,0.33,44179,0
PLM,D,20180111,000000,0.3,0.32,0.3,0.32,1005,0
PLM,D,20180112,000000,0.32,0.32,0.32,0.32,945,0
PLM,D,20180124,000000,0.32,0.32,0.32,0.32,1100,0
PLM,D,20180206,000000,0.27,0.32,0.27,0.32,3522,0
PLM,D,20180212,000000,0.32,0.38,0.29,0.33,44747,0
PLM,D,20180213,000000,0.33,0.33,0.33,0.33,16900,0
PLM,D,20180214,000000,0.32,0.33,0.32,0.33,15106,0
PLM,D,20180215,000000,0.33,0.37,0.32,0.35,33758,0
PLM,D,20180216,000000,0.33,0.35,0.32,0.35,12899,0
PLM,D,20180219,000000,0.34,0.35,0.34,0.35,10950,0
PLM,D,20180220,000000,0.33,0.35,0.33,0.35,35085,0
PLM,D,20180221,000000,0.35,0.35,0.35,0.35,25,0
PLM,D,20180226,000000,0.32,0.35,0.3,0.35,83052,0
PLM,D,20180227,000000,0.3,0.33,0.28,0.33,16803,0
PLM,D,20180228,000000,0.34,0.34,0.34,0.34,2000,0
PLM,D,20180302,000000,0.32,0.35,0.32,0.34,30173,0
PLM,D,20180305,000000,0.33,0.34,0.33,0.34,10600,0
PLM,D,20180306,000000,0.33,0.35,0.33,0.35,17350,0
PLM,D,20180307,000000,0.33,0.35,0.33,0.35,1150,0
PLM,D,20180308,000000,0.35,0.35,0.35,0.35,8024,0
PLM,D,20180309,000000,0.35,0.35,0.35,0.35,1432,0
PLM,D,20180314,000000,0.3,0.35,0.3,0.35,10100,0
PLM,D,20180328,000000,0.28,0.35,0.27,0.35,40011,0
PLM,D,20180329,000000,0.35,0.35,0.3,0.35,5269,0
PLM,D,20180403,000000,0.3,0.34,0.3,0.34,324711,0
PLM,D,20180404,000000,0.3,0.34,0.3,0.34,1100,0
PLM,D,20180405,000000,0.3,0.34,0.3,0.34,2876,0
PLM,D,20180406,000000,0.3,0.35,0.3,0.35,40200,0
PLM,D,20180504,000000,0.28,0.28,0.28,0.28,9000,0
PLM,D,20180507,000000,0.32,0.32,0.32,0.32,100,0
PLM,D,20180509,000000,0.32,0.35,0.32,0.35,19060,0
PLM,D,20180605,000000,0.3,0.33,0.3,0.33,11000,0
PLM,D,20180606,000000,0.27,0.32,0.27,0.32,6004,0
PLM,D,20180613,000000,0.29,0.32,0.29,0.32,3500,0
PLM,D,20180710,000000,0.31,0.31,0.31,0.31,323,0
PLM,D,20180712,000000,0.27,0.27,0.27,0.27,11147,0
PLM,D,20180713,000000,0.22,0.28,0.22,0.28,346,0
PLM,D,20180717,000000,0.28,0.31,0.28,0.31,3600,0
PLM,D,20180726,000000,0.26,0.31,0.22,0.31,4100,0
PLM,D,20181217,000000,0.23,0.23,0.23,0.23,5348,0
PLM,D,20181218,000000,0.23,0.24,0.23,0.24,1000,0
PLM,D,20181221,000000,0.24,0.24,0.24,0.24,200,0
PLM,D,20190102,000000,0.26,0.26,0.26,0.26,36,0
PLM,D,20190111,000000,0.24,0.26,0.24,0.26,19051,0
PLM,D,20190122,000000,0.26,0.29,0.26,0.29,3890,0
PLM,D,20190129,000000,0.28,0.29,0.28,0.29,14600,0
PLM,D,20190207,000000,0.24,0.28,0.24,0.28,4267,0
PLM,D,20190208,000000,0.2,0.24,0.18,0.24,45530,0
PLM,D,20190211,000000,0.19,0.2,0.18,0.2,6153,0
PLM,D,20190212,000000,0.18,0.18,0.18,0.18,5410,0
PLM,D,20190213,000000,0.19,0.19,0.19,0.19,100,0
PLM,D,20190215,000000,0.19,0.22,0.19,0.22,7552,0
PLM,D,20190218,000000,0.24,0.25,0.24,0.25,2060,0
PLM,D,20190228,000000,0.19,0.22,0.19,0.22,2305,0
PLM,D,20190301,000000,0.24,0.24,0.24,0.24,8,0
PLM,D,20190304,000000,0.25,0.25,0.25,0.25,40,0
PLM,D,20190318,000000,0.23,0.23,0.23,0.23,1907,0
PLM,D,20190322,000000,0.23,0.25,0.202,0.25,32946,0
PLM,D,20190325,000000,0.25,0.29,0.21,0.28,55169,0
PLM,D,20190326,000000,0.28,0.29,0.226,0.29,33800,0
PLM,D,20190327,000000,0.278,0.328,0.278,0.33,77248,0
PLM,D,20190328,000000,0.31,0.312,0.26,0.31,57700,0
PLM,D,20190401,000000,0.288,0.288,0.288,0.29,24400,0
PLM,D,20190402,000000,0.29,0.31,0.29,0.31,23200,0
PLM,D,20190404,000000,0.25,0.3,0.24,0.3,71052,0
PLM,D,20190405,000000,0.26,0.288,0.26,0.29,20910,0
PLM,D,20190410,000000,0.26,0.288,0.232,0.29,23860,0
PLM,D,20190411,000000,0.276,0.278,0.23,0.28,120638,0
PLM,D,20190412,000000,0.24,0.27,0.23,0.27,41501,0
PLM,D,20190415,000000,0.268,0.302,0.268,0.3,49315,0
PLM,D,20190416,000000,0.29,0.29,0.25,0.29,43728,0
PLM,D,20190417,000000,0.26,0.288,0.26,0.29,8796,0
PLM,D,20190418,000000,0.286,0.288,0.26,0.29,12100,0
PLM,D,20190423,000000,0.288,0.302,0.288,0.3,24000,0
PLM,D,20190425,000000,0.302,0.306,0.244,0.3,129056,0
PLM,D,20190426,000000,0.298,0.3,0.298,0.3,21350,0
PLM,D,20190429,000000,0.298,0.302,0.298,0.3,26850,0
PLM,D,20190430,000000,0.3,0.31,0.3,0.31,30300,0
PLM,D,20190506,000000,0.308,0.308,0.264,0.3,20060,0
PLM,D,20190507,000000,0.26,0.298,0.26,0.3,8790,0
PLM,D,20190510,000000,0.27,0.298,0.27,0.3,35440,0
PLM,D,20190513,000000,0.296,0.298,0.296,0.3,7800,0
PLM,D,20190514,000000,0.296,0.298,0.296,0.3,8100,0
PLM,D,20190515,000000,0.296,0.296,0.25,0.29,60210,0
PLM,D,20190517,000000,0.24,0.276,0.24,0.28,34384,0
PLM,D,20190520,000000,0.272,0.284,0.24,0.28,37600,0
PLM,D,20190522,000000,0.278,0.29,0.278,0.29,17700,0
PLM,D,20190523,000000,0.288,0.29,0.288,0.29,5700,0
PLM,D,20190524,000000,0.254,0.288,0.254,0.29,6001,0
PLM,D,20190528,000000,0.286,0.286,0.286,0.29,8601,0
PLM,D,20190529,000000,0.286,0.288,0.248,0.29,15900,0
PLM,D,20190611,000000,0.284,0.29,0.284,0.29,7550,0
PLM,D,20190614,000000,0.288,0.296,0.288,0.3,20350,0
PLM,D,20190617,000000,0.27,0.292,0.27,0.29,2007,0
PLM,D,20190621,000000,0.25,0.294,0.25,0.29,2150,0
PLM,D,20190625,000000,0.256,0.292,0.25,0.27,27700,0
PLM,D,20190711,000000,0.262,0.262,0.262,0.26,1100,0
PLM,D,20190715,000000,0.262,0.292,0.252,0.29,46740,0
PLM,D,20190719,000000,0.26,0.268,0.24,0.27,20100,0
PLM,D,20190726,000000,0.24,0.262,0.218,0.254,30120,0
PLM,D,20190731,000000,0.23,0.258,0.23,0.254,31000,0
PLM,D,20190801,000000,0.254,0.26,0.254,0.26,2600,0
PLM,D,20190806,000000,0.258,0.27,0.258,0.27,34663,0
PLM,D,20190807,000000,0.268,0.268,0.268,0.268,5000,0
PLM,D,20190808,000000,0.27,0.27,0.27,0.27,10,0
PLM,D,20190826,000000,0.26,0.26,0.26,0.26,40000,0
PLM,D,20190827,000000,0.25,0.268,0.25,0.268,40040,0
PLM,D,20190828,000000,0.268,0.268,0.268,0.268,800,0
PLM,D,20190903,000000,0.266,0.268,0.266,0.268,111,0
PLM,D,20190910,000000,0.25,0.27,0.25,0.27,9198,0
PLM,D,20190916,000000,0.25,0.268,0.25,0.268,10010,0
PLM,D,20190919,000000,0.25,0.268,0.25,0.268,803,0
PLM,D,20191001,000000,0.268,0.268,0.268,0.268,1000,0
PLM,D,20191010,000000,0.24,0.268,0.24,0.268,2037,0
PLM,D,20191011,000000,0.238,0.268,0.238,0.268,310,0
PLM,D,20191017,000000,0.238,0.268,0.236,0.268,10930,0
PLM,D,20191104,000000,0.236,0.268,0.236,0.268,660,0
PLM,D,20191105,000000,0.27,0.27,0.268,0.27,12000,0
PLM,D,20191106,000000,0.27,0.28,0.27,0.28,4075,0
PLM,D,20191115,000000,0.25,0.28,0.25,0.28,5010,0
PLM,D,20191125,000000,0.278,0.278,0.278,0.278,2031,0
PLM,D,20191126,000000,0.25,0.278,0.25,0.278,6875,0
PLM,D,20191127,000000,0.278,0.286,0.278,0.286,200,0
PLM,D,20191128,000000,0.286,0.286,0.286,0.286,203,0
PLM,D,20191204,000000,0.252,0.286,0.252,0.286,213,0
PLM,D,20191210,000000,0.252,0.286,0.25,0.286,2230,0
PLM,D,20191227,000000,0.286,0.286,0.286,0.286,500,0
PLM,D,20200103,000000,0.254,0.284,0.252,0.284,12610,0
PLM,D,20200110,000000,0.254,0.278,0.25,0.278,102010,0
PLM,D,20200113,000000,0.254,0.284,0.254,0.284,3210,0
PLM,D,20200115,000000,0.252,0.278,0.25,0.278,10505,0
PLM,D,20200117,000000,0.278,0.286,0.278,0.286,14427,0
PLM,D,20200120,000000,0.258,0.284,0.258,0.284,1145,0
PLM,D,20200121,000000,0.284,0.292,0.284,0.292,8000,0
PLM,D,20200124,000000,0.258,0.3,0.256,0.3,18512,0
PLM,D,20200128,000000,0.294,0.294,0.294,0.294,900,0
PLM,D,20200131,000000,0.274,0.29,0.27,0.29,12122,0
PLM,D,20200203,000000,0.27,0.292,0.27,0.29,1350,0
PLM,D,20200204,000000,0.27,0.29,0.258,0.29,5913,0
PLM,D,20200206,000000,0.266,0.29,0.266,0.29,13101,0
PLM,D,20200207,000000,0.27,0.31,0.27,0.31,90286,0
PLM,D,20200210,000000,0.31,0.33,0.29,0.314,186859,0
PLM,D,20200211,000000,0.326,0.326,0.28,0.308,18000,0
PLM,D,20200212,000000,0.312,0.312,0.312,0.312,500,0
PLM,D,20200213,000000,0.29,0.31,0.29,0.31,5520,0
PLM,D,20200214,000000,0.282,0.304,0.28,0.304,9840,0
PLM,D,20200217,000000,0.28,0.304,0.28,0.304,5370,0
PLM,D,20200218,000000,0.304,0.31,0.282,0.31,4330,0
PLM,D,20200219,000000,0.28,0.306,0.28,0.306,1850,0
PLM,D,20200220,000000,0.29,0.306,0.29,0.306,29050,0
PLM,D,20200225,000000,0.304,0.304,0.304,0.304,500,0
PLM,D,20200226,000000,0.268,0.29,0.268,0.29,10690,0
PLM,D,20200227,000000,0.268,0.268,0.268,0.268,5000,0
PLM,D,20200228,000000,0.29,0.29,0.266,0.266,3030,0
PLM,D,20200302,000000,0.29,0.29,0.29,0.29,1,0
PLM,D,20200304,000000,0.29,0.3,0.29,0.3,18062,0
PLM,D,20200305,000000,0.298,0.298,0.298,0.298,3536,0
PLM,D,20200309,000000,0.302,0.302,0.254,0.28,21749,0
PLM,D,20200311,000000,0.278,0.28,0.278,0.278,43322,0
PLM,D,20200312,000000,0.266,0.266,0.254,0.266,11000,0
PLM,D,20200313,000000,0.266,0.304,0.266,0.304,12791,0
PLM,D,20200316,000000,0.29,0.314,0.29,0.314,52548,0
PLM,D,20200317,000000,0.314,0.338,0.312,0.328,129686,0
PLM,D,20200318,000000,0.33,0.338,0.33,0.336,136589,0
PLM,D,20200319,000000,0.336,0.338,0.32,0.32,31230,0
PLM,D,20200320,000000,0.33,0.338,0.27,0.336,143830,0
PLM,D,20200323,000000,0.338,0.4,0.33,0.4,265511,0
PLM,D,20200324,000000,0.58,0.755,0.55,0.74,1168848,0
PLM,D,20200325,000000,0.775,0.84,0.67,0.7,704298,0
PLM,D,20200326,000000,0.71,0.75,0.6,0.745,585545,0
PLM,D,20200327,000000,0.68,0.715,0.6,0.62,400274,0
PLM,D,20200330,000000,0.59,0.59,0.422,0.48,546787,0
PLM,D,20200331,000000,0.48,0.615,0.428,0.555,836470,0
PLM,D,20200401,000000,0.575,0.595,0.5,0.575,119092,0
PLM,D,20200402,000000,0.56,0.56,0.46,0.49,187611,0
PLM,D,20200403,000000,0.5,0.59,0.48,0.56,494264,0
PLM,D,20200406,000000,0.55,0.575,0.505,0.54,147237,0
PLM,D,20200407,000000,0.54,0.58,0.51,0.52,187064,0
PLM,D,20200408,000000,0.52,0.54,0.515,0.54,56624,0
PLM,D,20200409,000000,0.54,0.54,0.49,0.505,33690,0
PLM,D,20200414,000000,0.515,0.7,0.515,0.695,622731,0
PLM,D,20200415,000000,0.695,0.73,0.59,0.615,323777,0
PLM,D,20200416,000000,0.64,0.69,0.52,0.615,397423,0
PLM,D,20200417,000000,0.575,0.64,0.57,0.64,157056,0
PLM,D,20200420,000000,0.64,0.75,0.63,0.71,332036,0
PLM,D,20200421,000000,0.69,0.71,0.58,0.645,257751,0
PLM,D,20200422,000000,0.62,0.64,0.6,0.64,18979,0
PLM,D,20200423,000000,0.655,0.675,0.61,0.63,48724,0
PLM,D,20200424,000000,0.615,0.62,0.58,0.6,28545,0
PLM,D,20200427,000000,0.585,0.64,0.57,0.58,26704,0
PLM,D,20200428,000000,0.6,0.635,0.575,0.635,60965,0
PLM,D,20200429,000000,0.6,0.65,0.585,0.65,44082,0
PLM,D,20200430,000000,0.66,0.67,0.61,0.64,48631,0
PLM,D,20200504,000000,0.645,0.7,0.6,0.685,47284,0
PLM,D,20200505,000000,0.685,0.74,0.635,0.71,145197,0
PLM,D,20200506,000000,0.725,0.735,0.67,0.715,37171,0
PLM,D,20200507,000000,0.7,0.705,0.665,0.705,42287,0
PLM,D,20200508,000000,0.68,0.72,0.68,0.68,39531,0
PLM,D,20200511,000000,0.68,1.03,0.68,1.03,1352998,0
PLM,D,20200512,000000,1.12,1.27,0.95,1.01,1946643,0
PLM,D,20200513,000000,1.03,1.08,0.87,0.915,740955,0
PLM,D,20200514,000000,0.93,1.02,0.82,0.92,863071,0
PLM,D,20200515,000000,0.91,0.94,0.83,0.87,87455,0
PLM,D,20200518,000000,0.91,0.94,0.87,0.94,172151,0
PLM,D,20200519,000000,0.995,1.03,0.94,0.98,140573,0
PLM,D,20200520,000000,0.97,1.39,0.93,1.29,3061438,0
PLM,D,20200521,000000,1.27,1.39,1.16,1.19,1322937,0
PLM,D,20200522,000000,1.19,1.25,1.1,1.16,407452,0
PLM,D,20200525,000000,1.16,1.24,1.1,1.19,582116,0
PLM,D,20200526,000000,1.19,1.27,1.15,1.26,381524,0
PLM,D,20200527,000000,1.26,1.45,1.22,1.27,1051790,0
PLM,D,20200528,000000,1.32,1.35,1.18,1.27,214630,0
PLM,D,20200529,000000,1.27,1.32,1.18,1.29,89649,0
PLM,D,20200601,000000,1.31,1.35,1.23,1.29,143226,0
PLM,D,20200602,000000,1.29,1.3,1.22,1.29,102139,0
PLM,D,20200603,000000,1.29,1.29,1.2,1.25,141922,0
PLM,D,20200604,000000,1.23,1.34,1.16,1.22,461636,0
PLM,D,20200605,000000,1.18,1.21,1.12,1.21,97171,0
PLM,D,20200608,000000,1.21,1.21,1.13,1.16,91506,0
PLM,D,20200609,000000,1.16,1.21,1.14,1.21,50817,0
PLM,D,20200610,000000,1.2,1.2,1.12,1.17,114691,0
PLM,D,20200612,000000,1.02,1.16,0.98,1.16,217540,0
PLM,D,20200615,000000,1.11,1.11,1.05,1.1,41294,0
PLM,D,20200616,000000,1.11,1.22,1.05,1.14,326304,0
PLM,D,20200617,000000,1.14,1.14,1.07,1.12,79798,0
PLM,D,20200618,000000,1.12,1.12,1.05,1.08,44489,0
PLM,D,20200619,000000,1.08,1.15,1.08,1.15,26806,0
PLM,D,20200622,000000,1.1,1.24,1.08,1.21,182736,0
PLM,D,20200623,000000,1.26,1.26,1.15,1.2,78207,0
PLM,D,20200624,000000,1.18,1.22,1.13,1.19,87299,0
PLM,D,20200625,000000,1.15,1.17,1.13,1.17,46664,0
PLM,D,20200626,000000,1.17,1.2,1.14,1.18,62366,0
PLM,D,20200629,000000,1.2,1.2,1.15,1.18,81841,0
PLM,D,20200630,000000,1.15,1.18,1.14,1.17,26604,0
PLM,D,20200701,000000,1.17,1.18,1.07,1.13,49545,0
PLM,D,20200702,000000,1.12,1.19,1.1,1.17,42559,0
PLM,D,20200703,000000,1.15,1.15,1.12,1.14,26749,0
PLM,D,20200706,000000,1.14,1.2,1.12,1.16,45748,0
PLM,D,20200707,000000,1.18,1.18,1.13,1.14,95209,0
PLM,D,20200708,000000,1.17,1.26,1.12,1.23,335792,0
PLM,D,20200709,000000,1.23,1.24,1.18,1.22,85245,0
PLM,D,20200710,000000,1.19,1.23,1.15,1.2,51347,0
PLM,D,20200713,000000,1.22,1.22,1.15,1.17,34893,0
PLM,D,20200714,000000,1.18,1.18,1.13,1.16,71874,0
PLM,D,20200715,000000,1.14,1.16,1.1,1.13,124182,0
PLM,D,20200716,000000,1.13,1.13,1.1,1.13,25254,0
PLM,D,20200717,000000,1.13,1.21,1.1,1.18,183091,0
PLM,D,20200720,000000,1.21,1.4,1.2,1.36,960386,0
PLM,D,20200721,000000,1.39,1.42,1.3,1.38,442187,0
PLM,D,20200722,000000,1.4,1.4,1.26,1.3,192481,0
PLM,D,20200723,000000,1.3,1.35,1.22,1.34,157590,0
PLM,D,20200724,000000,1.34,1.35,1.17,1.24,317485,0
PLM,D,20200727,000000,1.39,1.66,1.35,1.61,1074985,0
PLM,D,20200728,000000,1.63,1.85,1.52,1.66,853893,0
PLM,D,20200729,000000,1.68,1.75,1.51,1.58,242395,0
PLM,D,20200730,000000,1.63,1.64,1.19,1.3,384646,0
PLM,D,20200731,000000,1.33,1.55,1.33,1.47,141148,0
PLM,D,20200803,000000,1.65,1.65,1.5,1.54,160695,0
PLM,D,20200804,000000,1.56,1.58,1.34,1.5,376705,0
PLM,D,20200805,000000,1.52,1.52,1.42,1.48,81056,0
PLM,D,20200806,000000,1.49,1.7,1.38,1.68,491684,0
PLM,D,20200807,000000,1.74,1.75,1.5,1.59,274523,0
PLM,D,20200810,000000,1.6,1.65,1.5,1.55,116454,0
PLM,D,20200811,000000,1.55,1.63,1.43,1.53,104274,0
PLM,D,20200812,000000,1.55,1.8,1.35,1.76,573149,0
PLM,D,20200813,000000,1.75,1.76,1.29,1.44,1198331,0
PLM,D,20200814,000000,1.47,1.47,1.35,1.41,110065,0
PLM,D,20200817,000000,1.42,1.48,1.17,1.45,222393,0
PLM,D,20200818,000000,1.38,1.44,1.3,1.36,254673,0
PLM,D,20200819,000000,1.3,1.33,1.24,1.31,115904,0
PLM,D,20200820,000000,1.27,1.3,1.25,1.3,100598,0
PLM,D,20200821,000000,1.27,1.33,1.24,1.29,37770,0
PLM,D,20200824,000000,1.35,1.35,1.3,1.31,48468,0
PLM,D,20200825,000000,1.31,1.34,1.27,1.33,32358,0
PLM,D,20200826,000000,1.33,1.33,1.24,1.31,30508,0
PLM,D,20200827,000000,1.32,1.32,1.26,1.3,22937,0
PLM,D,20200828,000000,1.27,1.29,1.24,1.28,14319,0
PLM,D,20200831,000000,1.29,1.29,1.24,1.28,20336,0
PLM,D,20200901,000000,1.28,1.29,1.2,1.23,97946,0
PLM,D,20200902,000000,1.2,1.25,1.14,1.23,82852,0
PLM,D,20200903,000000,1.19,1.23,1.15,1.15,49199,0
PLM,D,20200904,000000,1.1,1.15,1.06,1.15,36343,0
PLM,D,20200907,000000,1.1,1.11,0.965,0.975,165203,0
PLM,D,20200908,000000,0.98,1.01,0.81,0.89,230814,0
PLM,D,20200909,000000,0.81,1.02,0.81,0.99,118433,0
PLM,D,20200910,000000,0.98,1.01,0.92,0.95,58610,0
PLM,D,20200911,000000,0.93,1.07,0.93,1.04,19426,0
PLM,D,20200914,000000,1.01,1.03,0.975,1.03,26688,0
PLM,D,20200915,000000,1.04,1.13,1,1.1,73256,0
PLM,D,20200916,000000,1.1,1.16,1.08,1.11,22620,0
PLM,D,20200917,000000,1.12,1.12,1.02,1.08,34101,0
PLM,D,20200918,000000,1.09,1.09,1.01,1.07,12577,0
PLM,D,20200921,000000,1.01,1.09,0.99,1,20969,0
PLM,D,20200922,000000,1.02,1.02,0.97,0.99,20001,0
PLM,D,20200923,000000,0.99,1.02,0.92,0.95,31740,0
PLM,D,20200924,000000,0.91,0.98,0.9,0.98,24102,0
PLM,D,20200925,000000,0.93,0.95,0.89,0.95,40343,0
PLM,D,20200928,000000,0.94,0.95,0.905,0.94,57666,0
PLM,D,20200929,000000,0.92,0.96,0.9,0.96,36859,0
PLM,D,20200930,000000,0.96,0.96,0.86,0.915,79026,0
PLM,D,20201001,000000,0.915,1.07,0.9,1.07,118845,0
PLM,D,20201002,000000,1.07,1.17,1.04,1.12,75661,0
PLM,D,20201005,000000,1.11,1.2,1.07,1.07,138196,0
PLM,D,20201006,000000,1.05,1.08,1.02,1.06,46577,0
PLM,D,20201007,000000,1.07,1.1,1,1.05,53173,0
PLM,D,20201008,000000,1.05,1.15,1,1.1,73199,0
PLM,D,20201009,000000,1.03,1.04,1,1.04,55917,0
PLM,D,20201012,000000,1.05,1.06,1.02,1.02,24388,0
PLM,D,20201013,000000,1.05,1.05,0.98,1.03,21355,0
PLM,D,20201014,000000,1.03,1.09,0.95,0.995,112151,0
PLM,D,20201015,000000,1,1,0.95,0.95,43092,0
PLM,D,20201016,000000,0.98,0.98,0.94,0.96,17795,0
