<TICKER>,<PER>,<DATE>,<TIME>,<OPEN>,<HIGH>,<LOW>,<CLOSE>,<VOL>,<OPENINT>
QON,D,20190118,000000,58.05,58.05,53.5,56,958,0
QON,D,20190121,000000,56,65.2,56,60.5,1827,0
QON,D,20190122,000000,60,60,57.6,59.7,416,0
QON,D,20190123,000000,58.1,58.2,56.4,58.2,198,0
QON,D,20190124,000000,56.5,58,45.2,49,892,0
QON,D,20190125,000000,49,51,49,51,160,0
QON,D,20190128,000000,51,52.5,51,52.4,201,0
QON,D,20190129,000000,52.4,52.6,52.3,52.3,117,0
QON,D,20190130,000000,52.8,52.8,50,51.5,209,0
QON,D,20190131,000000,53,53.9,52.2,52.2,698,0
QON,D,20190201,000000,52.2,53,52.2,52.2,226,0
QON,D,20190204,000000,52.7,53,52,52,40,0
QON,D,20190205,000000,52,52,51,51,133,0
QON,D,20190206,000000,51.05,51.05,51,51,240,0
QON,D,20190207,000000,51,51.8,50.6,51,1930,0
QON,D,20190208,000000,51,51,50.6,50.6,652,0
QON,D,20190211,000000,51.9,51.9,50.6,50.8,133,0
QON,D,20190212,000000,50.6,50.6,49,49.9,326,0
QON,D,20190213,000000,50,50,47.8,49.7,416,0
QON,D,20190214,000000,48.7,48.7,42.2,43,955,0
QON,D,20190215,000000,43.1,46,42.7,43.7,821,0
QON,D,20190218,000000,43.7,45.6,43.7,45.6,364,0
QON,D,20190219,000000,45.8,45.8,43,44.6,403,0
QON,D,20190220,000000,42,43.5,42,42.2,238,0
QON,D,20190221,000000,42,42,42,42,530,0
QON,D,20190222,000000,41.9,41.9,41.9,41.9,255,0
QON,D,20190225,000000,42.4,43.2,42.4,42.9,120,0
QON,D,20190226,000000,42.4,42.4,42.3,42.4,401,0
QON,D,20190227,000000,42.4,42.4,42,42,698,0
QON,D,20190228,000000,42,48.96,42,42,1831,0
QON,D,20190301,000000,42,42,41.5,41.5,718,0
QON,D,20190304,000000,43.2,47.9,35,40,405,0
QON,D,20190305,000000,40,40,39.9,39.9,3,0
QON,D,20190306,000000,40.4,40.4,40,40,290,0
QON,D,20190307,000000,39.9,40,39.9,40,139,0
QON,D,20190308,000000,40,40,40,40,1,0
QON,D,20190311,000000,40.2,40.2,38.605,38.65,562,0
QON,D,20190312,000000,39.2,39.8,39.2,39.8,15,0
QON,D,20190313,000000,38.6,38.6,38.6,38.6,5,0
QON,D,20190314,000000,38.6,38.6,38.6,38.6,2,0
QON,D,20190315,000000,38.9,38.9,38.8,38.9,26,0
QON,D,20190318,000000,38.9,38.9,33,38.7,727,0
QON,D,20190320,000000,38,38,38,38,206,0
QON,D,20190321,000000,38,38,36,38,15,0
QON,D,20190322,000000,36,36,35.5,35.5,25,0
QON,D,20190325,000000,35,35.5,32,34.9,310,0
QON,D,20190326,000000,34.9,34.9,34.9,34.9,1,0
QON,D,20190327,000000,34.9,39.6,34.6,37.8,471,0
QON,D,20190328,000000,37.8,42.5,37.8,42.5,140,0
QON,D,20190329,000000,41.2,46,41.2,45.1,960,0
QON,D,20190401,000000,45.4,53,45,51.5,1449,0
QON,D,20190402,000000,47.8,49.2,47.8,48.6,144,0
QON,D,20190403,000000,47.7,57,44.3,57,2037,0
QON,D,20190404,000000,50,56.5,50,56.5,596,0
QON,D,20190405,000000,55.6,55.6,55.6,55.6,10,0
QON,D,20190408,000000,54.6,56.6,50,50.8,160,0
QON,D,20190411,000000,49.6,50,41,50,110,0
QON,D,20190412,000000,50,51.5,50,51.5,194,0
QON,D,20190415,000000,54,63,52.2,57,328,0
QON,D,20190416,000000,57,57,54.1,54.1,30,0
QON,D,20190417,000000,54.1,54.1,53.2,53.2,15,0
QON,D,20190418,000000,52.2,54,52,54,28,0
QON,D,20190423,000000,53.4,62.9,53.4,55,448,0
QON,D,20190424,000000,59.6,59.6,55.6,55.6,45,0
QON,D,20190425,000000,57,57,54.2,54.2,36,0
QON,D,20190426,000000,54.2,54.2,54.2,54.2,20,0
QON,D,20190429,000000,54,54,50,53,42,0
QON,D,20190506,000000,54.9,56.8,54.5,54.5,50,0
QON,D,20190507,000000,54.5,54.5,54.5,54.5,85,0
QON,D,20190508,000000,54.8,59.4,54.8,59.4,64,0
QON,D,20190509,000000,55.8,57,53.6,53.6,110,0
QON,D,20190510,000000,55.8,59.3,53,53,245,0
QON,D,20190513,000000,52,59.2,52,57.8,257,0
QON,D,20190515,000000,55,55,55,55,26,0
QON,D,20190516,000000,54,54,53,53,20,0
QON,D,20190517,000000,53,53,53,53,402,0
QON,D,20190520,000000,56.8,56.8,56.8,56.8,1,0
QON,D,20190522,000000,54,54,54,54,2,0
QON,D,20190527,000000,54,54,54,54,7,0
QON,D,20190528,000000,55,55,53.2,53.2,10,0
QON,D,20190529,000000,52.5,52.5,52.5,52.5,20,0
QON,D,20190530,000000,50,52.8,49.2,52.8,31,0
QON,D,20190531,000000,48,48,47,47,39,0
QON,D,20190603,000000,46,46,45,45,40,0
QON,D,20190606,000000,44.9,46.2,44.8,46.2,90,0
QON,D,20190607,000000,46,46,43,43,23,0
QON,D,20190613,000000,42.2,42.2,41.8,42,45,0
QON,D,20190617,000000,41,41,39.8,39.8,37,0
QON,D,20190619,000000,42.7,42.7,42.7,42.7,5,0
QON,D,20190625,000000,42.7,42.7,42.7,42.7,25,0
QON,D,20190626,000000,43.6,43.6,42.7,42.7,28,0
QON,D,20190627,000000,42.5,42.5,42.5,42.5,1,0
QON,D,20190709,000000,41,41,40.6,40.6,14,0
QON,D,20190710,000000,40.6,40.6,40.4,40.4,20,0
QON,D,20190711,000000,40,40,39.005,39.01,8,0
QON,D,20190712,000000,41.7,41.7,41.7,41.7,1,0
QON,D,20190716,000000,40.5,41.6,39,41.6,30,0
QON,D,20190723,000000,43,43.6,43,43.6,8,0
QON,D,20190730,000000,41.4,41.4,41.4,41.4,80,0
QON,D,20190801,000000,41,41,40,40,60,0
QON,D,20190806,000000,40.6,40.6,40.6,40.6,20,0
QON,D,20190808,000000,42.8,42.8,42.8,42.8,5,0
QON,D,20190809,000000,41,42,41,42,17,0
QON,D,20190819,000000,41,41,40.4,40.4,7,0
QON,D,20190822,000000,40.4,40.4,38.4,38.4,33,0
QON,D,20190823,000000,41,41,41,41,5,0
QON,D,20190826,000000,41,41,40.4,40.4,45,0
QON,D,20190828,000000,40.4,40.4,40.4,40.4,25,0
QON,D,20190829,000000,39,40,39,40,160,0
QON,D,20190830,000000,39.7,39.7,39,39.5,210,0
QON,D,20190902,000000,39.5,39.5,39.5,39.5,27,0
QON,D,20190903,000000,39,39.4,37.3,39.4,239,0
QON,D,20190904,000000,39.4,39.4,39.4,39.4,51,0
QON,D,20190905,000000,38,38,38,38,51,0
QON,D,20190909,000000,37.2,37.2,37.2,37.2,50,0
QON,D,20190911,000000,38,39,38,38.9,245,0
QON,D,20190912,000000,38.9,38.9,38,38,115,0
QON,D,20190913,000000,38.8,38.8,38.8,38.8,20,0
QON,D,20190916,000000,39,39.2,38.995,39.2,56,0
QON,D,20190917,000000,38.05,38.05,37.995,38,79,0
QON,D,20190918,000000,38,38,37.5,38,61,0
QON,D,20190919,000000,38.1,38.1,38.1,38.1,2,0
QON,D,20190920,000000,38,38,37.6,37.6,11,0
QON,D,20190923,000000,37.5,38,37.5,38,4,0
QON,D,20190924,000000,38.1,38.1,37.6,37.6,31,0
QON,D,20190925,000000,37.5,38.1,37.5,38.1,45,0
QON,D,20190926,000000,38.1,38.1,38.1,38.1,5,0
QON,D,20190927,000000,38,38,38,38,5,0
QON,D,20191001,000000,37.6,37.95,37.5,37.95,42,0
QON,D,20191002,000000,38,38,37.1,37.1,162,0
QON,D,20191003,000000,37.8,37.8,37.8,37.8,2,0
QON,D,20191004,000000,37.8,38,37.8,38,9,0
QON,D,20191008,000000,37.9,38,37.9,38,11,0
QON,D,20191009,000000,38,38.1,38,38.1,17,0
QON,D,20191010,000000,38.1,38.1,37,37,12,0
QON,D,20191011,000000,37,37.5,37,37.5,6,0
QON,D,20191014,000000,37.5,38.3,37.5,38.3,15,0
QON,D,20191015,000000,38.1,38.1,38.1,38.1,1,0
QON,D,20191018,000000,38,39.2,38,39.2,35,0
QON,D,20191022,000000,38.5,38.9,38,38.9,16,0
QON,D,20191025,000000,38.6,39.2,38.6,39.2,24,0
QON,D,20191028,000000,39.2,41,39.2,41,230,0
QON,D,20191029,000000,42.7,42.8,40.1,42.8,70,0
QON,D,20191030,000000,42.8,43.3,42.8,43.3,196,0
QON,D,20191031,000000,43.2,43.55,41,43.4,141,0
QON,D,20191104,000000,43.4,43.4,43.4,43.4,1,0
QON,D,20191106,000000,41.6,41.6,34,41.4,170,0
QON,D,20191107,000000,40,40,40,40,2,0
QON,D,20191108,000000,40,40,40,40,1,0
QON,D,20191112,000000,37.5,39.9,35.1,38.7,103,0
QON,D,20191113,000000,38.7,38.7,37,38.7,31,0
QON,D,20191115,000000,37.4,38.7,37,38.5,20,0
QON,D,20191118,000000,38,38,37,37,7,0
QON,D,20191119,000000,38.1,38.1,35,35.5,325,0
QON,D,20191120,000000,36,37,36,37,7,0
QON,D,20191121,000000,34.2,36.765,30,36.765,66,0
QON,D,20191126,000000,35.4,35.4,35.4,35.4,1,0
QON,D,20191127,000000,34.8,35,34.8,35,16,0
QON,D,20191128,000000,35,35,34,35,103,0
QON,D,20191203,000000,34.8,35.475,34.8,35.475,14,0
QON,D,20191204,000000,34.9,34.9,34.9,34.9,70,0
QON,D,20191206,000000,34.9,34.9,34.9,34.9,1,0
QON,D,20191209,000000,34.9,34.9,34.9,34.9,1,0
QON,D,20191210,000000,34.9,35.4,34.9,35,11,0
QON,D,20191211,000000,34.8,35.5,34.8,35.5,19,0
QON,D,20191212,000000,35.5,35.6,34.5,35.6,68,0
QON,D,20191213,000000,35.6,35.6,35.6,35.6,8,0
QON,D,20191217,000000,35.65,35.65,35.65,35.65,2,0
QON,D,20191220,000000,35.6,35.65,35.6,35.65,71,0
QON,D,20191223,000000,34.5,34.5,34.5,34.5,2,0
QON,D,20191227,000000,34.5,35.69,34.2,35.69,61,0
QON,D,20200102,000000,35.69,38,35,38,57,0
QON,D,20200103,000000,38,40,35.6,40,71,0
QON,D,20200107,000000,38,38,35.8,36.335,76,0
QON,D,20200108,000000,37,37,35.5,35.5,170,0
QON,D,20200110,000000,34.8,36,34,36,87,0
QON,D,20200113,000000,36,38,36,38,141,0
QON,D,20200114,000000,35,36.25,34.1,36.25,21,0
QON,D,20200116,000000,36.29,37,36.29,37,102,0
QON,D,20200117,000000,36.7,36.7,36.7,36.7,4,0
QON,D,20200120,000000,36.9,36.9,36.9,36.9,15,0
QON,D,20200121,000000,36.8,37.1,36.8,37.1,512,0
QON,D,20200122,000000,36.7,36.9,33,35.26,336,0
QON,D,20200123,000000,36.8,36.8,30,35,10820,0
QON,D,20200124,000000,31,36.8,31,36.8,349,0
QON,D,20200127,000000,33.97,36,33.97,36,33,0
QON,D,20200128,000000,34.185,35.045,34.185,35.045,26,0
QON,D,20200129,000000,34,36,34,36,12,0
QON,D,20200130,000000,34,36.8,32.8,36.8,36,0
QON,D,20200203,000000,32.8,32.8,32.6,32.8,193,0
QON,D,20200204,000000,32.4,32.4,32.4,32.4,5,0
QON,D,20200205,000000,32.4,32.4,32.4,32.4,20,0
QON,D,20200206,000000,31,31,29.05,29.2,1242,0
QON,D,20200207,000000,32.2,32.2,29,29.775,312,0
QON,D,20200210,000000,29.895,29.895,29,29,80,0
QON,D,20200211,000000,29.5,29.5,28.5,29,150,0
QON,D,20200212,000000,29,29,28,28,25,0
QON,D,20200214,000000,28,28.4,28,28.4,31,0
QON,D,20200217,000000,28.3,28.3,24.3,27.735,396,0
QON,D,20200218,000000,28.2,28.2,28.1,28.1,6,0
QON,D,20200219,000000,28.1,28.18,28.1,28.18,6,0
QON,D,20200220,000000,28.19,28.19,28.19,28.19,10,0
QON,D,20200221,000000,27.99,27.99,27.99,27.99,5,0
QON,D,20200224,000000,27.735,27.735,26.6,27.7,71,0
QON,D,20200225,000000,27.6,27.6,26.4,27,29,0
QON,D,20200226,000000,25.7,26.99,25,26.99,96,0
QON,D,20200228,000000,25.005,26.7,25.005,26.7,61,0
QON,D,20200302,000000,26.6,26.6,24.6,24.6,236,0
QON,D,20200303,000000,24.85,25.79,20,25.79,942,0
QON,D,20200304,000000,25.75,25.75,21.335,25.75,127,0
QON,D,20200305,000000,23.055,25.79,23.055,25.79,117,0
QON,D,20200306,000000,23,24.69,23,23.2,61,0
QON,D,20200309,000000,24.58,24.58,21.35,24.5,101,0
QON,D,20200310,000000,23.22,24.4,21.6,23.99,79,0
QON,D,20200312,000000,21.35,22,18,22,171,0
QON,D,20200313,000000,19.9,21,17.1,19.9,379,0
QON,D,20200317,000000,18.2,19.9,15,19,3171,0
QON,D,20200318,000000,18.45,22,16,17.9,1327,0
QON,D,20200319,000000,18.5,18.5,18.5,18.5,22,0
QON,D,20200320,000000,18.5,19.8,17.5,18,264,0
QON,D,20200323,000000,20,20,20,20,30,0
QON,D,20200324,000000,19,19,17.5,17.5,267,0
QON,D,20200326,000000,17.5,17.5,17.5,17.5,10,0
QON,D,20200327,000000,17.5,17.5,12.02,15,2643,0
QON,D,20200330,000000,15,15,12,13.114,518,0
QON,D,20200331,000000,13.4,13.4,12.51,12.51,363,0
QON,D,20200401,000000,11.5,12.9,10.9,12.9,1464,0
QON,D,20200402,000000,11.6,13.8,11.6,13.8,203,0
QON,D,20200403,000000,12.4,13.1,12,13.1,342,0
QON,D,20200406,000000,13.1,15.2,13.1,15.2,620,0
QON,D,20200407,000000,15.2,17,14.5,15.6,379,0
QON,D,20200408,000000,16.8,17,16.8,17,15,0
QON,D,20200409,000000,17.4,17.9,17.4,17.9,7,0
QON,D,20200414,000000,17.9,18,16.5,17.9,162,0
QON,D,20200415,000000,17,20,17,19.8,442,0
QON,D,20200416,000000,19.8,19.8,19.2,19.2,32,0
QON,D,20200417,000000,19.3,19.3,18.1,18.2,101,0
QON,D,20200420,000000,19.5,19.5,18,18,169,0
QON,D,20200421,000000,18.2,18.8,14.6,17,770,0
QON,D,20200422,000000,17,17.8,16.5,17.8,1046,0
QON,D,20200423,000000,17.9,19,17.9,18.6,220,0
QON,D,20200424,000000,18.6,18.6,18.6,18.6,60,0
QON,D,20200427,000000,18.8,19.2,18.8,19.2,830,0
QON,D,20200428,000000,19.2,23,19.2,20,1752,0
QON,D,20200429,000000,21,22,21,21,384,0
QON,D,20200430,000000,20.4,22,18,20,715,0
QON,D,20200504,000000,19.2,19.9,18,18,656,0
QON,D,20200506,000000,18.1,20,18.1,19.3,935,0
QON,D,20200507,000000,19.2,19.2,18,18.5,285,0
QON,D,20200508,000000,18.5,18.9,18.5,18.9,37,0
QON,D,20200511,000000,19.1,19.3,18,18,300,0
QON,D,20200512,000000,18.7,18.7,18,18,365,0
QON,D,20200513,000000,18.1,18.1,17.2,17.2,90,0
QON,D,20200514,000000,17.1,17.8,16.6,17.4,558,0
QON,D,20200515,000000,16.6,18.6,16.6,18.6,135,0
QON,D,20200518,000000,17.8,18.6,17.7,18.6,398,0
QON,D,20200520,000000,18.5,18.5,17.9,17.9,41,0
QON,D,20200521,000000,17.7,19,16.9,19,770,0
QON,D,20200522,000000,18,19,18,19,61,0
QON,D,20200525,000000,17.8,19.9,17.8,19,85,0
QON,D,20200526,000000,18,18,18,18,100,0
QON,D,20200527,000000,18,18,18,18,100,0
QON,D,20200528,000000,18.4,22,18.4,22,1574,0
QON,D,20200529,000000,21.8,22.4,20,20,478,0
QON,D,20200601,000000,21,22,20,20.4,3178,0
QON,D,20200602,000000,22.8,27.2,20,22,8794,0
QON,D,20200603,000000,22,24,21.4,23.6,4003,0
QON,D,20200604,000000,23.6,23.6,21.8,22.8,948,0
QON,D,20200605,000000,22.8,23.4,19,23.2,3707,0
QON,D,20200608,000000,22.6,22.6,19,21,4017,0
QON,D,20200609,000000,20.8,21,20.4,20.6,284,0
QON,D,20200610,000000,20.6,22,18.4,21.2,2253,0
QON,D,20200612,000000,18,19.9,17.1,19.7,10064,0
QON,D,20200615,000000,21.4,21.4,18.2,20,826,0
QON,D,20200616,000000,19,19.2,19,19.2,497,0
QON,D,20200617,000000,19.2,19.2,18.3,18.8,749,0
QON,D,20200618,000000,18.8,19.2,18.8,19.2,111,0
QON,D,20200619,000000,19.2,20,18.8,19.4,614,0
QON,D,20200622,000000,19.9,21.4,19.6,20.4,9340,0
QON,D,20200623,000000,23.2,23.2,21,21.4,2454,0
QON,D,20200624,000000,21.4,22.4,21.4,21.6,1756,0
QON,D,20200625,000000,21.6,21.6,20,20,346,0
QON,D,20200626,000000,20.2,21,20,20,193,0
QON,D,20200629,000000,20,20.6,19.8,20.2,362,0
QON,D,20200630,000000,20.2,20.6,19.6,19.6,328,0
QON,D,20200701,000000,19.8,20.4,19,19.6,377,0
QON,D,20200702,000000,19,20.8,18.1,19.1,3457,0
QON,D,20200703,000000,18.8,19.1,18.8,18.9,511,0
QON,D,20200706,000000,19.4,19.4,17.1,17.6,4039,0
QON,D,20200707,000000,17.7,18.5,16.5,18.5,1995,0
QON,D,20200708,000000,18.5,18.6,17,17.8,2597,0
QON,D,20200709,000000,17.9,18.2,17,17.7,5162,0
QON,D,20200710,000000,17.8,18.5,16.9,17,2284,0
QON,D,20200713,000000,17.2,18.7,17,18.2,9932,0
QON,D,20200714,000000,18.7,18.7,16.7,17.8,2015,0
QON,D,20200715,000000,17.8,18.4,16.9,18,11285,0
QON,D,20200716,000000,18,18.4,16.9,18.1,2504,0
QON,D,20200717,000000,17.8,18,16.9,17.9,2753,0
QON,D,20200720,000000,18,18,16.7,18,5607,0
QON,D,20200721,000000,17.5,17.9,16,17.5,3856,0
QON,D,20200722,000000,17.5,17.7,16.5,17.7,1190,0
QON,D,20200723,000000,17,17.7,13.7,16.6,5668,0
QON,D,20200724,000000,16.6,17.7,15,17,3703,0
QON,D,20200727,000000,17,17,13.8,16.2,8080,0
QON,D,20200728,000000,15.5,23.4,14.5,23,21076,0
QON,D,20200729,000000,25,27,18.5,19.5,29129,0
QON,D,20200730,000000,19.6,19.9,14.8,15.4,12920,0
QON,D,20200731,000000,15.5,17,15.5,16,6883,0
QON,D,20200803,000000,17.3,17.3,14,15.7,3826,0
QON,D,20200804,000000,16.2,16.2,15.3,16,1250,0
QON,D,20200805,000000,16.6,17.5,15,16.2,4442,0
QON,D,20200806,000000,16.4,19.2,15.6,17.6,1924,0
QON,D,20200807,000000,18,18,15.4,17.3,2217,0
QON,D,20200810,000000,18.5,18.5,17.2,17.3,5370,0
QON,D,20200811,000000,17.3,17.3,16.4,16.8,3292,0
QON,D,20200812,000000,16.2,16.5,16,16.1,799,0
QON,D,20200813,000000,15.8,17.9,15.8,17.9,694,0
QON,D,20200814,000000,17.8,17.8,17,17.4,594,0
QON,D,20200817,000000,17.4,17.4,15.8,16.1,2271,0
QON,D,20200818,000000,16,16.1,15.5,15.5,1054,0
QON,D,20200819,000000,15.4,17.2,15.4,16.9,6190,0
QON,D,20200820,000000,16.8,16.8,16.3,16.7,251,0
QON,D,20200821,000000,16.8,17.3,16.6,17.3,1632,0
QON,D,20200824,000000,17,17,16.8,17,448,0
QON,D,20200825,000000,16.7,17.2,16.7,16.7,103,0
QON,D,20200827,000000,16.9,17,16.9,17,245,0
QON,D,20200828,000000,16.9,17.4,16.7,16.7,379,0
QON,D,20200831,000000,16.8,17.9,16.6,17.9,767,0
QON,D,20200901,000000,17.3,17.3,16.6,17,1309,0
QON,D,20200902,000000,17.5,17.5,16.5,17,789,0
QON,D,20200903,000000,17.1,17.2,16.9,17.2,94,0
QON,D,20200904,000000,16.9,17.1,16,16.3,1084,0
QON,D,20200907,000000,16.5,16.6,15.5,16.6,2058,0
QON,D,20200908,000000,16.4,16.4,14.4,15.8,2352,0
QON,D,20200909,000000,15.1,16,14.6,15.4,604,0
QON,D,20200910,000000,16.1,16.3,15.2,16,1182,0
QON,D,20200911,000000,16,16.2,16,16.2,345,0
QON,D,20200914,000000,16.4,17.1,16.4,17.1,1285,0
QON,D,20200915,000000,17.1,17.2,16.9,17.2,1436,0
QON,D,20200916,000000,16.6,17.2,16.5,16.5,2100,0
QON,D,20200917,000000,16.4,16.4,15.9,16.4,110,0
QON,D,20200918,000000,16.4,17,16.2,17,257,0
QON,D,20200921,000000,15.9,16.6,15.9,16.6,132,0
QON,D,20200922,000000,16.1,16.3,16.1,16.3,69,0
QON,D,20200923,000000,15.9,16.5,15.5,16.5,526,0
QON,D,20200924,000000,16.5,17.2,15.7,16.5,1199,0
QON,D,20200925,000000,16.5,16.8,15.9,16.4,1039,0
QON,D,20200928,000000,16,16.8,16,16.8,553,0
QON,D,20200929,000000,16.7,17,16.5,17,347,0
QON,D,20200930,000000,16.3,16.9,16.3,16.8,392,0
QON,D,20201001,000000,16.4,16.6,15.9,16.6,122,0
QON,D,20201002,000000,16,16.6,15.9,16.6,1112,0
QON,D,20201005,000000,16.6,16.8,16.4,16.8,92,0
QON,D,20201006,000000,16.2,18.8,16.2,18.8,2263,0
QON,D,20201007,000000,18.1,18.1,17,17.3,910,0
QON,D,20201008,000000,17.4,17.6,17,17.5,428,0
QON,D,20201009,000000,17.5,17.5,16.4,17,541,0
QON,D,20201012,000000,17,17,17,17,12,0
QON,D,20201013,000000,16.4,16.9,15.8,16.8,587,0
QON,D,20201014,000000,16.5,17,16.5,17,630,0
QON,D,20201015,000000,17,17,15.8,16,2122,0
QON,D,20201016,000000,16.4,17,16.4,17,575,0
