<TICKER>,<PER>,<DATE>,<TIME>,<OPEN>,<HIGH>,<LOW>,<CLOSE>,<VOL>,<OPENINT>
REV,D,20120905,000000,2.8634,3.2003,1.8528,1.8528,17092,0
REV,D,20120906,000000,1.8612,2.0802,1.516,2.0466,2297,0
REV,D,20120907,000000,1.8275,1.836,1.6423,1.836,593,0
REV,D,20120910,000000,1.4738,1.4738,1.4738,1.4738,772,0
REV,D,20120911,000000,1.1791,1.1791,1.1791,1.1791,47,0
REV,D,20120912,000000,1.1454,1.3475,0.9517,1.3475,3138,0
REV,D,20120913,000000,1.3812,1.3812,1.3475,1.3475,2102,0
REV,D,20120914,000000,1.1369,1.1369,1.1369,1.1369,169,0
REV,D,20120918,000000,0.8422,1.0864,0.8422,1.0864,1409,0
REV,D,20120919,000000,0.8759,0.8759,0.8759,0.8759,650,0
REV,D,20120920,000000,0.8843,0.8843,0.8843,0.8843,1277,0
REV,D,20120921,000000,1.1285,1.2044,0.9348,0.9348,1937,0
REV,D,20120924,000000,0.8927,0.8927,0.859,0.859,2700,0
REV,D,20121012,000000,0.8675,0.8675,0.8338,0.8338,699,0
REV,D,20121015,000000,0.8843,0.8843,0.8843,0.8843,154,0
REV,D,20121018,000000,1.1032,1.1032,1.0949,1.0949,1885,0
REV,D,20121128,000000,0.9854,0.9854,0.9854,0.9854,593,0
REV,D,20121129,000000,0.8675,0.8675,0.8338,0.8338,512,0
REV,D,20121130,000000,0.8338,0.8338,0.8338,0.8338,82,0
REV,D,20121206,000000,0.8675,0.8675,0.8675,0.8675,950,0
REV,D,20121207,000000,0.8675,0.8675,0.8675,0.8675,238,0
REV,D,20121211,000000,0.8422,0.8422,0.8085,0.8085,7005,0
REV,D,20121212,000000,0.8422,0.8422,0.8422,0.8422,238,0
REV,D,20130104,000000,0.918,0.918,0.918,0.918,95,0
REV,D,20130107,000000,0.918,0.918,0.918,0.918,59,0
REV,D,20130116,000000,0.918,1.1791,0.918,1.1791,1139,0
REV,D,20130117,000000,1.1791,1.3054,1.1791,1.1791,2082,0
REV,D,20130118,000000,1.1032,1.1032,1.1032,1.1032,593,0
REV,D,20130121,000000,1.2549,1.3896,1.2549,1.3475,981,0
REV,D,20130122,000000,1.2633,1.2633,1.2633,1.2633,238,0
REV,D,20130124,000000,1.0949,1.0949,1.0107,1.0107,879,0
REV,D,20130125,000000,1.1369,1.1369,1.1369,1.1369,593,0
REV,D,20130128,000000,1.2633,1.3559,1.2633,1.3475,2375,0
REV,D,20130205,000000,1.2212,1.2212,1.078,1.078,1188,0
REV,D,20130207,000000,1.1791,1.1791,1.1791,1.1791,593,0
REV,D,20130212,000000,1.2549,1.2549,1.2549,1.2549,6,0
REV,D,20130215,000000,1.2549,1.3391,1.2549,1.3391,826,0
REV,D,20130218,000000,1.3475,1.5075,1.3475,1.5075,2968,0
REV,D,20130219,000000,1.3054,1.3054,1.2633,1.2633,2291,0
REV,D,20130220,000000,1.3306,1.3306,1.3306,1.3306,238,0
REV,D,20130222,000000,1.2044,1.2044,1.2044,1.2044,145,0
REV,D,20130225,000000,1.3306,1.3306,1.3306,1.3306,356,0
REV,D,20130226,000000,1.3306,1.3306,1.3306,1.3306,178,0
REV,D,20130301,000000,1.2633,1.2633,1.2633,1.2633,257,0
REV,D,20130305,000000,1.3223,1.3223,1.3223,1.3223,62,0
REV,D,20130308,000000,1.3223,1.3475,1.3223,1.3475,1895,0
REV,D,20130318,000000,1.3559,1.3559,1.3559,1.3559,50,0
REV,D,20130405,000000,1.3475,1.3475,1.3475,1.3475,118,0
REV,D,20130408,000000,1.3475,1.3475,1.3475,1.3475,36,0
REV,D,20130409,000000,1.3812,1.3896,1.3812,1.3896,831,0
REV,D,20130410,000000,1.4318,1.4738,1.1201,1.3054,9172,0
REV,D,20130423,000000,1.3896,1.3896,1.3896,1.3896,475,0
REV,D,20130502,000000,1.5229,1.5229,1.5136,1.5136,1247,0
REV,D,20130506,000000,1.516,1.516,1.516,1.516,28,0
REV,D,20130507,000000,1.43,1.43,1.4114,1.4114,2375,0
REV,D,20130515,000000,1.4738,1.7687,1.4738,1.7687,16072,0
REV,D,20130516,000000,1.9286,1.9286,1.9286,1.9286,80,0
REV,D,20130517,000000,1.9314,2.0893,1.9314,2.0893,159,0
REV,D,20130521,000000,1.9407,1.9407,1.9407,1.9407,238,0
REV,D,20130524,000000,1.9407,1.9407,1.8107,1.8107,949,0
REV,D,20130529,000000,1.8571,1.9036,1.8571,1.9036,1292,0
REV,D,20130531,000000,1.9036,1.9036,1.9036,1.9036,54,0
REV,D,20130603,000000,1.9036,1.9036,1.9036,1.9036,683,0
REV,D,20130604,000000,1.9036,1.9036,1.9036,1.9036,162,0
REV,D,20130606,000000,1.95,2.3307,1.9036,2.3307,4357,0
REV,D,20130607,000000,2.3679,2.7764,2.3679,2.7764,2019,0
REV,D,20130610,000000,2.7857,3.3429,2.7857,2.795,2535,0
REV,D,20130611,000000,2.795,2.795,2.2379,2.7857,1626,0
REV,D,20130612,000000,2.5907,2.5907,2.5536,2.5536,1077,0
REV,D,20130617,000000,2.5071,2.5071,2.5071,2.5071,108,0
REV,D,20130618,000000,2.7393,2.7393,2.7393,2.7393,215,0
REV,D,20130621,000000,2.7857,2.7857,2.7857,2.7857,43,0
REV,D,20130625,000000,2.5536,2.5536,2.1821,2.3214,9369,0
REV,D,20130626,000000,2.0614,2.3214,2.0521,2.3214,3985,0
REV,D,20130703,000000,2.1357,2.1357,1.8664,1.8664,3769,0
REV,D,20130711,000000,2.3214,2.3214,2.3214,2.3214,323,0
REV,D,20130715,000000,2.3679,2.3679,2.3679,2.3679,323,0
REV,D,20130718,000000,2.0614,2.0614,2.0429,2.0429,1723,0
REV,D,20130722,000000,2.0429,2.2286,2.0429,2.2286,4308,0
REV,D,20130726,000000,2.3586,2.3679,2.3586,2.3679,786,0
REV,D,20130729,000000,2.3679,2.3679,2.3679,2.3679,452,0
REV,D,20130731,000000,2.4607,2.6929,2.4607,2.6929,2050,0
REV,D,20130801,000000,2.6929,2.6929,2.6929,2.6929,108,0
REV,D,20130805,000000,2.5536,2.5536,2.5536,2.5536,15,0
REV,D,20130807,000000,2.4607,2.6836,2.4607,2.6836,541,0
REV,D,20130809,000000,2.4607,2.4607,2.3679,2.3679,646,0
REV,D,20130812,000000,2.1543,2.5814,1.9593,2.5814,4868,0
REV,D,20130813,000000,2.4143,2.4143,2.4143,2.4143,1237,0
REV,D,20130814,000000,2.5814,2.5814,2.5814,2.5814,43,0
REV,D,20130816,000000,2.5814,2.5814,2.5814,2.5814,37,0
REV,D,20130819,000000,2.5814,2.5814,2.5814,2.5814,11,0
REV,D,20130820,000000,2.5814,2.5814,2.5814,2.5814,11,0
REV,D,20130821,000000,2.3307,2.3307,2.2286,2.2286,1615,0
REV,D,20130828,000000,2.4607,2.4607,2.1264,2.1264,633,0
REV,D,20130902,000000,2.0429,2.1264,1.8664,2.1264,4114,0
REV,D,20130916,000000,2.1357,2.3679,2.1357,2.3679,236,0
REV,D,20130923,000000,2.3214,2.3214,1.8664,1.8664,1422,0
REV,D,20130925,000000,1.9036,1.9036,1.9036,1.9036,54,0
REV,D,20130927,000000,1.8664,1.8757,1.8664,1.8757,825,0
REV,D,20130930,000000,2.1357,2.3586,1.8107,1.8107,4340,0
REV,D,20131002,000000,1.7086,1.7086,1.7086,1.7086,215,0
REV,D,20131008,000000,1.9221,1.9221,1.9221,1.9221,65,0
REV,D,20131009,000000,1.7643,1.7643,1.6714,1.6714,2018,0
REV,D,20131011,000000,1.7736,1.7736,1.7643,1.7643,754,0
REV,D,20131014,000000,1.9407,1.9407,1.9407,1.9407,50,0
REV,D,20131015,000000,1.9407,2.08,1.8571,2.0429,3149,0
REV,D,20131016,000000,1.9036,1.9036,1.8571,1.8757,4038,0
REV,D,20131017,000000,1.8757,1.8757,1.8757,1.8757,22,0
REV,D,20131021,000000,2.015,2.015,2.015,2.015,54,0
REV,D,20131022,000000,2.0243,2.0336,2.0243,2.0336,120,0
REV,D,20131023,000000,2.0336,2.0336,2.0336,2.0336,1567,0
REV,D,20131025,000000,2.0243,2.0336,2.0243,2.0336,199,0
REV,D,20131028,000000,2.0429,2.0429,2.0429,2.0429,3,0
REV,D,20131029,000000,2.0429,2.0429,2.0429,2.0429,16,0
REV,D,20131030,000000,2.0429,2.0429,2.0429,2.0429,56,0
REV,D,20131031,000000,2.0707,2.0893,2.0707,2.0893,431,0
REV,D,20131104,000000,2.1357,2.4143,2.1357,2.4143,3933,0
REV,D,20131105,000000,2.4143,2.4979,1.9314,2.4979,6109,0
REV,D,20131106,000000,2.4607,2.4793,2.4607,2.4793,2363,0
REV,D,20131107,000000,2.4793,2.4793,2.4793,2.4793,754,0
REV,D,20131108,000000,2.3771,2.4143,2.3771,2.4143,1118,0
REV,D,20131112,000000,2.4143,2.4886,2.1821,2.2379,7267,0
REV,D,20131113,000000,2.4886,2.4979,2.4793,2.4793,8736,0
REV,D,20131114,000000,2.4793,2.5443,2.4607,2.4607,4006,0
REV,D,20131115,000000,2.4607,2.4607,2.2286,2.2379,6891,0
REV,D,20131118,000000,2.4607,2.4607,2.4607,2.4607,1249,0
REV,D,20131119,000000,2.4607,2.4886,2.2379,2.4886,10305,0
REV,D,20131122,000000,2.4979,2.535,2.2286,2.535,2283,0
REV,D,20131125,000000,2.275,2.5257,2.275,2.405,1588,0
REV,D,20131127,000000,2.5164,2.5164,2.5164,2.5164,3024,0
REV,D,20131128,000000,2.5164,2.5164,2.5164,2.5164,207,0
REV,D,20131129,000000,2.5164,2.5164,2.5164,2.5164,108,0
REV,D,20131202,000000,2.535,2.535,2.535,2.535,576,0
REV,D,20131203,000000,2.5071,2.5071,2.405,2.405,2904,0
REV,D,20131204,000000,2.405,2.405,1.95,2.3957,3123,0
REV,D,20131205,000000,2.4143,2.5536,2.4143,2.5536,5298,0
REV,D,20131206,000000,2.5443,2.5721,2.5443,2.5443,1098,0
REV,D,20131211,000000,2.5721,2.5721,2.5721,2.5721,22,0
REV,D,20131212,000000,2.5721,2.5721,2.5721,2.5721,350,0
REV,D,20131213,000000,2.5721,2.5721,2.5721,2.5721,278,0
REV,D,20131216,000000,2.5814,2.5907,2.5814,2.5907,597,0
REV,D,20131217,000000,2.5907,2.5907,2.5907,2.5907,885,0
REV,D,20131218,000000,2.6,2.7764,2.6,2.7764,18686,0
REV,D,20131219,000000,2.7021,2.7021,2.7021,2.7021,485,0
REV,D,20131220,000000,2.6557,2.7579,2.6557,2.7579,25322,0
REV,D,20131223,000000,2.7579,2.7579,2.7579,2.7579,16,0
REV,D,20131227,000000,2.7579,2.7579,2.7579,2.7579,1240,0
REV,D,20131230,000000,2.7671,2.7671,2.7671,2.7671,215,0
REV,D,20140102,000000,2.7671,2.7671,2.7671,2.7671,1283,0
REV,D,20140103,000000,2.7671,2.7671,2.7671,2.7671,495,0
REV,D,20140107,000000,2.7671,2.7671,2.7671,2.7671,2358,0
REV,D,20140108,000000,2.7579,2.7579,2.7393,2.7393,215,0
REV,D,20140109,000000,2.7393,3.1386,2.7393,3.1386,1832,0
REV,D,20140113,000000,2.9714,2.9714,2.9714,2.9714,538,0
REV,D,20140114,000000,2.9807,3.1293,2.9807,3.1293,221,0
REV,D,20140115,000000,3.1386,3.1386,3.1386,3.1386,431,0
REV,D,20140117,000000,2.9807,2.9807,2.8507,2.925,1494,0
REV,D,20140120,000000,2.73,2.73,2.73,2.73,965,0
REV,D,20140129,000000,2.73,2.73,2.73,2.73,22,0
REV,D,20140130,000000,2.7857,2.7857,2.7857,2.7857,1077,0
REV,D,20140204,000000,2.8786,2.8786,2.7857,2.7857,1451,0
REV,D,20140205,000000,2.6929,2.6929,2.6929,2.6929,549,0
REV,D,20140207,000000,2.6929,2.6929,2.535,2.535,1678,0
REV,D,20140210,000000,2.5536,2.5536,2.5536,2.5536,587,0
REV,D,20140213,000000,2.6,2.6,2.6,2.6,14,0
REV,D,20140214,000000,2.6,2.6,2.6,2.6,574,0
REV,D,20140219,000000,2.6093,2.6093,2.6,2.6,560,0
REV,D,20140221,000000,2.4886,2.5907,2.4793,2.5907,2099,0
REV,D,20140224,000000,2.535,2.535,2.4236,2.4979,1948,0
REV,D,20140225,000000,2.4236,2.4236,2.4236,2.4236,181,0
REV,D,20140226,000000,2.4236,2.4236,2.3214,2.3214,3256,0
REV,D,20140227,000000,2.405,2.405,2.405,2.405,624,0
REV,D,20140303,000000,2.3214,2.3214,2.2657,2.2657,1684,0
REV,D,20140304,000000,2.0429,2.3771,2.0429,2.3771,92,0
REV,D,20140306,000000,2.3771,2.3864,2.145,2.145,1626,0
REV,D,20140310,000000,2.2379,2.2379,2.2379,2.2379,108,0
REV,D,20140311,000000,2.2379,2.2379,2.2379,2.2379,603,0
REV,D,20140314,000000,2.2286,2.2286,2.1821,2.1821,1895,0
REV,D,20140317,000000,2.1821,2.3679,2.1357,2.3679,560,0
REV,D,20140319,000000,2.275,2.275,2.275,2.275,377,0
REV,D,20140321,000000,2.275,2.275,2.275,2.275,699,0
REV,D,20140324,000000,2.275,2.275,2.275,2.275,11,0
REV,D,20140325,000000,2.275,2.275,2.275,2.275,388,0
REV,D,20140327,000000,2.1357,2.275,1.9964,1.9964,59,0
REV,D,20140403,000000,2.1357,2.275,2.1357,2.275,355,0
REV,D,20140422,000000,2.2286,2.2657,2.1357,2.2657,46,0
REV,D,20140428,000000,2.2471,2.2471,2.145,2.145,1400,0
REV,D,20140429,000000,2.2286,2.2286,2.2286,2.2286,10,0
REV,D,20140502,000000,2.2286,2.2286,2.2286,2.2286,108,0
REV,D,20140505,000000,2.2286,2.2286,2.2286,2.2286,222,0
REV,D,20140506,000000,2.2286,2.2286,2.2286,2.2286,22,0
REV,D,20140508,000000,2.145,2.145,2.0429,2.0429,54,0
REV,D,20140513,000000,2.0429,2.0429,2.0429,2.0429,215,0
REV,D,20140515,000000,1.9036,1.9036,1.8664,1.8664,3720,0
REV,D,20140516,000000,1.7643,1.7643,1.7643,1.7643,312,0
REV,D,20140522,000000,1.7643,1.7643,1.7643,1.7643,22,0
REV,D,20140527,000000,1.7643,1.7643,1.7643,1.7643,22,0
REV,D,20140528,000000,1.7643,1.7643,1.7643,1.7643,22,0
REV,D,20140529,000000,1.9036,1.9036,1.9036,1.9036,269,0
REV,D,20140602,000000,1.7643,1.7643,1.7643,1.7643,1238,0
REV,D,20140610,000000,1.8107,1.9686,1.8107,1.9686,3124,0
REV,D,20140627,000000,1.8571,1.8571,1.8571,1.8571,22,0
REV,D,20140703,000000,1.8571,1.8571,1.8571,1.8571,27,0
REV,D,20140704,000000,1.8571,1.8571,1.8571,1.8571,27,0
REV,D,20140707,000000,1.8571,1.8571,1.8571,1.8571,17,0
REV,D,20140710,000000,1.8571,1.8571,1.8571,1.8571,22,0
REV,D,20140715,000000,1.8386,1.8386,1.8386,1.8386,27,0
REV,D,20140716,000000,1.82,1.82,1.82,1.82,27,0
REV,D,20140717,000000,1.82,1.82,1.82,1.82,11,0
REV,D,20140718,000000,1.82,1.82,1.82,1.82,11,0
REV,D,20140722,000000,1.8386,1.8386,1.8386,1.8386,22,0
REV,D,20140804,000000,1.8293,1.8293,1.8293,1.8293,43,0
REV,D,20140805,000000,1.8293,1.8293,1.8293,1.8293,16,0
REV,D,20140806,000000,1.8293,1.8293,1.8293,1.8293,17,0
REV,D,20140807,000000,1.8293,1.8293,1.8293,1.8293,11,0
REV,D,20140808,000000,1.8293,1.8293,1.8293,1.8293,10,0
REV,D,20140813,000000,1.8293,1.8293,1.8293,1.8293,43,0
REV,D,20140818,000000,1.69,1.69,1.69,1.69,285,0
REV,D,20140819,000000,1.5414,1.5414,1.3929,1.4114,5304,0
REV,D,20140820,000000,1.4114,1.4114,1.4114,1.4114,215,0
REV,D,20140827,000000,1.4021,1.4021,1.4021,1.4021,22,0
REV,D,20140909,000000,1.3929,1.3929,1.3929,1.3929,32,0
REV,D,20140910,000000,1.3929,1.3929,1.3929,1.3929,16,0
REV,D,20140911,000000,1.4021,1.4021,1.4021,1.4021,13,0
REV,D,20140912,000000,1.4021,1.4021,1.4021,1.4021,11,0
REV,D,20140929,000000,1.1329,1.2071,1.1329,1.2071,2075,0
REV,D,20141002,000000,1.2443,1.3279,1.2443,1.3279,2731,0
REV,D,20141003,000000,1.2629,1.2629,1.2629,1.2629,1400,0
REV,D,20141008,000000,1.2629,1.2629,1.2629,1.2629,22,0
REV,D,20141009,000000,1.2629,1.2629,1.2629,1.2629,22,0
REV,D,20141027,000000,1.3279,1.3279,1.3279,1.3279,65,0
REV,D,20141103,000000,1.3093,1.3093,1.3093,1.3093,754,0
REV,D,20141117,000000,1.3279,1.3279,1.3279,1.3279,22,0
REV,D,20141119,000000,1.2164,1.2164,1.2164,1.2164,108,0
REV,D,20141125,000000,1.2071,1.2071,1.2071,1.2071,237,0
REV,D,20141223,000000,1.2071,1.2071,1.2071,1.2071,200,0
REV,D,20150105,000000,1.2443,1.3929,1.2443,1.3186,6515,0
REV,D,20150112,000000,1.2814,1.2814,1.2814,1.2814,269,0
REV,D,20150213,000000,1.2814,1.2814,1.2814,1.2814,122,0
REV,D,20150217,000000,1.3371,1.3371,1.3371,1.3371,54,0
REV,D,20150224,000000,1.3371,1.3371,1.2629,1.2629,70,0
REV,D,20150225,000000,1.2536,1.2536,1.2536,1.2536,43,0
REV,D,20150306,000000,1.1607,1.1607,1.0214,1.0771,1831,0
REV,D,20150309,000000,1.0771,1.0771,0.9564,0.9564,1831,0
REV,D,20150312,000000,0.9564,0.9564,0.9564,0.9564,1077,0
REV,D,20150317,000000,0.975,0.975,0.975,0.975,1075,0
REV,D,20150318,000000,1.0214,1.0214,0.8171,0.845,7345,0
REV,D,20150320,000000,0.9286,1.0121,0.9286,1.0121,2492,0
REV,D,20150323,000000,0.8914,0.8914,0.8821,0.8821,3155,0
REV,D,20150324,000000,0.8357,0.91,0.8171,0.8171,5606,0
REV,D,20150326,000000,0.8357,0.845,0.8357,0.845,936,0
REV,D,20150327,000000,0.8079,0.8079,0.7986,0.7986,1165,0
REV,D,20150330,000000,0.7986,0.7986,0.7986,0.7986,627,0
REV,D,20150408,000000,0.7521,0.7707,0.6686,0.7707,3015,0
REV,D,20150414,000000,0.7057,0.7057,0.6686,0.6686,888,0
REV,D,20150416,000000,0.6593,0.7429,0.6593,0.7429,4676,0
REV,D,20150417,000000,0.7429,0.7986,0.7429,0.7986,1074,0
REV,D,20150420,000000,0.7429,0.7429,0.7429,0.7429,668,0
REV,D,20150427,000000,0.7614,0.8914,0.7614,0.8914,1906,0
REV,D,20150429,000000,0.845,0.845,0.845,0.845,431,0
REV,D,20150430,000000,0.845,0.845,0.845,0.845,171,0
REV,D,20150504,000000,0.7893,0.7893,0.7893,0.7893,748,0
REV,D,20150508,000000,0.8636,0.9379,0.8636,0.9379,646,0
REV,D,20150511,000000,0.9379,1.04,0.9379,1.04,538,0
REV,D,20150518,000000,0.8914,0.8914,0.8821,0.8821,1325,0
REV,D,20150522,000000,0.8821,0.8821,0.8821,0.8821,538,0
REV,D,20150528,000000,0.8729,0.9286,0.8729,0.9286,1702,0
REV,D,20150610,000000,0.9193,0.9193,0.9193,0.9193,162,0
REV,D,20150611,000000,0.91,0.91,0.91,0.91,108,0
REV,D,20150612,000000,0.91,1.0493,0.91,1.0493,4332,0
REV,D,20150615,000000,1.1979,1.2071,1.1979,1.1979,16132,0
REV,D,20150616,000000,1.0493,1.0493,1.0493,1.0493,1055,0
REV,D,20150618,000000,1.0493,1.0493,0.975,0.975,312,0
REV,D,20150619,000000,0.975,0.975,0.975,0.975,54,0
REV,D,20150622,000000,0.9936,1.0214,0.9936,1.0214,560,0
REV,D,20150623,000000,1.0214,1.0214,0.975,1.0029,7023,0
REV,D,20150625,000000,1.0029,1.0029,1.0029,1.0029,108,0
REV,D,20150706,000000,0.9564,0.9564,0.9007,0.9007,2400,0
REV,D,20150714,000000,0.9007,0.9007,0.9007,0.9007,54,0
REV,D,20150717,000000,0.9007,0.9007,0.9007,0.9007,65,0
REV,D,20150720,000000,0.9007,0.9007,0.9007,0.9007,54,0
REV,D,20150722,000000,0.9007,0.9007,0.9007,0.9007,43,0
REV,D,20150724,000000,0.9007,0.9007,0.9007,0.9007,8,0
REV,D,20150727,000000,0.9007,0.9007,0.9007,0.9007,2154,0
REV,D,20150728,000000,0.9007,0.9007,0.9007,0.9007,32,0
REV,D,20150806,000000,0.8914,0.8914,0.7429,0.7429,3911,0
REV,D,20150807,000000,0.715,0.715,0.715,0.715,598,0
REV,D,20150811,000000,0.7336,0.7429,0.7336,0.7429,1292,0
REV,D,20150813,000000,0.6964,0.7429,0.65,0.7429,2068,0
REV,D,20150817,000000,0.6964,0.7429,0.6964,0.7429,7538,0
REV,D,20150818,000000,0.6964,0.6964,0.6964,0.6964,718,0
REV,D,20150827,000000,0.6593,0.6593,0.6036,0.6036,3872,0
REV,D,20150916,000000,0.65,0.65,0.65,0.65,770,0
REV,D,20150921,000000,0.6964,0.6964,0.6964,0.6964,718,0
REV,D,20150922,000000,0.7243,0.7243,0.7243,0.7243,326,0
REV,D,20151014,000000,0.65,0.65,0.65,0.65,4022,0
REV,D,20151023,000000,0.65,0.65,0.65,0.65,1755,0
REV,D,20151028,000000,0.65,0.7429,0.65,0.7429,11916,0
REV,D,20151030,000000,0.7429,0.8264,0.7429,0.8264,678,0
REV,D,20151102,000000,0.7243,0.7243,0.7243,0.7243,208,0
REV,D,20151104,000000,0.78,0.8264,0.78,0.8264,646,0
REV,D,20151109,000000,0.8264,0.9193,0.8264,0.9193,1615,0
REV,D,20151113,000000,0.9193,0.9936,0.9193,0.9936,966,0
REV,D,20151120,000000,0.8171,0.8171,0.8171,0.8171,613,0
REV,D,20151125,000000,0.7429,0.7429,0.6593,0.6593,1212,0
REV,D,20151126,000000,0.6779,0.6779,0.6779,0.6779,700,0
REV,D,20151130,000000,0.6779,0.6779,0.6779,0.6779,576,0
REV,D,20151208,000000,0.6871,0.6871,0.6871,0.6871,1338,0
REV,D,20151209,000000,0.6686,0.6686,0.6686,0.6686,700,0
REV,D,20151214,000000,0.65,0.65,0.65,0.65,5152,0
REV,D,20151221,000000,0.65,0.65,0.65,0.65,46,0
REV,D,20151222,000000,0.6593,0.715,0.6593,0.715,9692,0
REV,D,20151229,000000,0.6871,0.6871,0.6871,0.6871,2154,0
REV,D,20160104,000000,0.6871,0.6871,0.6871,0.6871,728,0
REV,D,20160112,000000,0.6686,0.6686,0.6686,0.6686,412,0
REV,D,20160114,000000,0.6593,0.6593,0.6593,0.6593,2154,0
REV,D,20160118,000000,0.6964,0.7614,0.6964,0.7614,1615,0
REV,D,20160121,000000,0.715,0.715,0.715,0.715,700,0
REV,D,20160202,000000,0.7429,0.7429,0.7336,0.7336,2006,0
REV,D,20160217,000000,0.6871,0.6871,0.5664,0.5664,1482,0
REV,D,20160218,000000,0.6407,0.7336,0.6407,0.6964,2788,0
REV,D,20160219,000000,0.7614,0.7614,0.6686,0.7057,3391,0
REV,D,20160302,000000,0.7057,0.7057,0.7057,0.7057,3662,0
REV,D,20160303,000000,0.7057,0.7057,0.7057,0.7057,4307,0
REV,D,20160314,000000,0.715,0.715,0.715,0.715,700,0
REV,D,20160322,000000,0.715,0.715,0.715,0.715,215,0
REV,D,20160329,000000,0.7429,0.7429,0.7429,0.7429,4308,0
REV,D,20160406,000000,0.7243,0.7243,0.7243,0.7243,2153,0
REV,D,20160420,000000,0.7521,0.7986,0.7521,0.7986,1077,0
REV,D,20160422,000000,0.715,0.7614,0.6686,0.7614,1354,0
REV,D,20160425,000000,0.7243,0.7243,0.7243,0.7243,56,0
REV,D,20160427,000000,0.7057,0.7057,0.6686,0.6686,1077,0
REV,D,20160428,000000,0.7429,0.8171,0.7243,0.7243,6792,0
REV,D,20160429,000000,0.7336,0.7336,0.7336,0.7336,5,0
REV,D,20160512,000000,0.8079,0.8079,0.8079,0.8079,908,0
REV,D,20160513,000000,0.7243,0.7243,0.7243,0.7243,691,0
REV,D,20160519,000000,0.78,0.78,0.78,0.78,642,0
REV,D,20160520,000000,0.78,0.78,0.7614,0.7614,757,0
REV,D,20160608,000000,0.7057,0.7057,0.6593,0.6593,2692,0
REV,D,20160609,000000,0.6779,0.6779,0.585,0.6129,7193,0
REV,D,20160615,000000,0.6129,0.6964,0.6129,0.6964,5385,0
REV,D,20160616,000000,0.7243,0.7707,0.7243,0.7707,7808,0
REV,D,20160620,000000,0.78,0.78,0.78,0.78,32,0
REV,D,20160624,000000,0.78,0.78,0.78,0.78,969,0
REV,D,20160627,000000,0.78,0.78,0.78,0.78,22,0
REV,D,20160628,000000,0.77071,0.77071,0.64071,0.64071,3785,0
REV,D,20160630,000000,0.69643,0.70571,0.67786,0.70571,2283,0
REV,D,20160705,000000,0.74286,0.77071,0.74286,0.77071,1831,0
REV,D,20160706,000000,0.77071,0.77071,0.77071,0.77071,79,0
REV,D,20160707,000000,0.78,0.78,0.78,0.78,22,0
REV,D,20160708,000000,0.77,0.8,0.77,0.8,10961,0
REV,D,20160711,000000,0.8,0.8,0.8,0.8,100,0
REV,D,20160713,000000,0.8,0.8,0.71,0.71,6810,0
REV,D,20160714,000000,0.72,0.72,0.72,0.72,150,0
REV,D,20160718,000000,0.72,0.72,0.72,0.72,75,0
REV,D,20160719,000000,0.72,0.72,0.72,0.72,25,0
REV,D,20160721,000000,0.7,0.7,0.7,0.7,50,0
REV,D,20160722,000000,0.7,0.7,0.7,0.7,40,0
REV,D,20160725,000000,0.7,0.7,0.7,0.7,70,0
REV,D,20160726,000000,0.7,0.7,0.7,0.7,85,0
REV,D,20160727,000000,0.7,0.7,0.7,0.7,100,0
REV,D,20160728,000000,0.7,0.7,0.7,0.7,4075,0
REV,D,20160729,000000,0.77,0.77,0.77,0.77,204,0
REV,D,20160801,000000,0.77,0.77,0.77,0.77,70,0
REV,D,20160802,000000,0.77,0.77,0.77,0.77,50,0
REV,D,20160803,000000,0.77,0.77,0.77,0.77,70,0
REV,D,20160804,000000,0.77,0.77,0.7,0.7,71,0
REV,D,20160805,000000,0.7,0.7,0.7,0.7,79,0
REV,D,20160808,000000,0.77,0.77,0.77,0.77,70,0
REV,D,20160809,000000,0.77,0.77,0.77,0.77,50,0
REV,D,20160810,000000,0.77,0.77,0.77,0.77,70,0
REV,D,20160811,000000,0.77,0.77,0.77,0.77,25,0
REV,D,20160812,000000,0.77,0.77,0.7,0.7,2175,0
REV,D,20160816,000000,0.69,0.69,0.69,0.69,70,0
REV,D,20160817,000000,0.69,0.69,0.69,0.69,100,0
REV,D,20160818,000000,0.69,0.69,0.69,0.69,60,0
REV,D,20160819,000000,0.69,0.69,0.69,0.69,80,0
REV,D,20160822,000000,0.69,0.69,0.69,0.69,60,0
REV,D,20160823,000000,0.69,0.69,0.69,0.69,626,0
REV,D,20160824,000000,0.69,0.69,0.69,0.69,100,0
REV,D,20160825,000000,0.74,0.74,0.74,0.74,60,0
REV,D,20160826,000000,0.74,0.74,0.74,0.74,60,0
REV,D,20160830,000000,0.74,0.74,0.74,0.74,3000,0
REV,D,20160905,000000,0.74,0.74,0.65,0.65,163,0
REV,D,20160921,000000,0.74,0.74,0.74,0.74,70,0
REV,D,20160922,000000,0.74,0.74,0.74,0.74,60,0
REV,D,20160923,000000,0.74,0.74,0.64,0.64,144,0
REV,D,20160926,000000,0.64,0.64,0.64,0.64,782,0
REV,D,20160930,000000,0.64,0.64,0.64,0.64,80,0
REV,D,20161020,000000,0.62,0.62,0.53,0.53,1700,0
REV,D,20161021,000000,0.6,0.6,0.6,0.6,410,0
REV,D,20161024,000000,0.6,0.6,0.6,0.6,90,0
REV,D,20161025,000000,0.6,0.6,0.6,0.6,120,0
REV,D,20161027,000000,0.6,0.6,0.6,0.6,70,0
REV,D,20161028,000000,0.6,0.6,0.6,0.6,80,0
REV,D,20161102,000000,0.6,0.6,0.6,0.6,80,0
REV,D,20161104,000000,0.6,0.6,0.6,0.6,150,0
REV,D,20161107,000000,0.6,0.6,0.6,0.6,80,0
REV,D,20161108,000000,0.6,0.6,0.59,0.59,2200,0
REV,D,20161114,000000,0.59,0.59,0.58,0.58,3525,0
REV,D,20161115,000000,0.57,0.57,0.57,0.57,80,0
REV,D,20161117,000000,0.52,0.52,0.5,0.5,4023,0
REV,D,20161118,000000,0.55,0.55,0.45,0.45,2001,0
REV,D,20161121,000000,0.41,0.41,0.41,0.41,71,0
REV,D,20161123,000000,0.48,0.5,0.48,0.5,4050,0
REV,D,20161124,000000,0.54,0.54,0.54,0.54,1700,0
REV,D,20161125,000000,0.57,0.57,0.49,0.55,14932,0
REV,D,20161219,000000,0.55,0.55,0.55,0.55,15000,0
REV,D,20161223,000000,0.52,0.52,0.52,0.52,5000,0
REV,D,20161227,000000,0.52,0.52,0.52,0.52,2375,0
REV,D,20161230,000000,0.52,0.52,0.5,0.52,14591,0
REV,D,20170102,000000,0.5,0.5,0.5,0.5,80,0
REV,D,20170103,000000,0.5,0.5,0.5,0.5,90,0
REV,D,20170104,000000,0.5,0.5,0.5,0.5,100,0
REV,D,20170105,000000,0.5,0.5,0.5,0.5,70,0
REV,D,20170109,000000,0.5,0.5,0.5,0.5,80,0
REV,D,20170110,000000,0.51,0.51,0.51,0.51,70,0
REV,D,20170112,000000,0.51,0.51,0.51,0.51,80,0
REV,D,20170113,000000,0.52,0.61,0.52,0.61,2070,0
REV,D,20170116,000000,0.62,0.66,0.62,0.66,2000,0
REV,D,20170117,000000,0.67,0.67,0.67,0.67,400,0
REV,D,20170118,000000,0.61,0.61,0.61,0.61,1000,0
REV,D,20170123,000000,0.61,0.68,0.61,0.68,39608,0
REV,D,20170124,000000,0.72,0.72,0.72,0.72,2060,0
REV,D,20170125,000000,0.72,0.72,0.72,0.72,50,0
REV,D,20170126,000000,0.72,0.72,0.72,0.72,50,0
REV,D,20170127,000000,0.65,0.65,0.61,0.61,3707,0
REV,D,20170130,000000,0.61,0.61,0.55,0.55,7081,0
REV,D,20170201,000000,0.57,0.57,0.57,0.57,70,0
REV,D,20170202,000000,0.57,0.57,0.57,0.57,60,0
REV,D,20170203,000000,0.58,0.58,0.58,0.58,60,0
REV,D,20170206,000000,0.58,0.8,0.58,0.79,63735,0
REV,D,20170207,000000,0.76,0.76,0.63,0.67,10915,0
REV,D,20170208,000000,0.64,0.65,0.64,0.65,1220,0
REV,D,20170209,000000,0.64,0.64,0.63,0.63,4830,0
REV,D,20170213,000000,0.65,0.66,0.65,0.66,1001,0
REV,D,20170214,000000,0.59,0.59,0.59,0.59,2201,0
REV,D,20170215,000000,0.65,0.65,0.65,0.65,1000,0
REV,D,20170301,000000,0.6,0.6,0.6,0.6,3000,0
REV,D,20170302,000000,0.66,0.7,0.62,0.62,19266,0
REV,D,20170307,000000,0.6,0.6,0.6,0.6,3000,0
REV,D,20170313,000000,0.59,0.59,0.59,0.59,6808,0
REV,D,20170314,000000,0.58,0.58,0.58,0.58,3222,0
REV,D,20170317,000000,0.57,0.63,0.57,0.61,40000,0
REV,D,20170323,000000,0.56,0.56,0.51,0.51,11373,0
REV,D,20170411,000000,0.53,0.53,0.53,0.53,260,0
REV,D,20170504,000000,0.59,0.59,0.59,0.59,70,0
REV,D,20170505,000000,0.58,0.58,0.58,0.58,1711,0
REV,D,20170512,000000,0.53,0.53,0.53,0.53,1740,0
REV,D,20170523,000000,0.51,0.51,0.51,0.51,40,0
REV,D,20170524,000000,0.54,0.54,0.54,0.54,105,0
REV,D,20170601,000000,0.54,0.54,0.54,0.54,400,0
REV,D,20170605,000000,0.54,0.54,0.54,0.54,1851,0
REV,D,20170606,000000,0.48,0.48,0.48,0.48,2718,0
REV,D,20170622,000000,0.5,0.56,0.5,0.56,2001,0
REV,D,20170705,000000,0.6,0.6,0.6,0.6,4999,0
REV,D,20170809,000000,0.5,0.5,0.5,0.5,1000,0
REV,D,20170922,000000,0.5,0.5,0.5,0.5,18,0
REV,D,20170928,000000,0.5,0.5,0.5,0.5,1000,0
REV,D,20170929,000000,0.5,0.51,0.5,0.51,2033,0
REV,D,20171002,000000,0.5,0.52,0.5,0.52,5771,0
REV,D,20171003,000000,0.52,0.52,0.52,0.52,1924,0
REV,D,20171018,000000,0.55,0.56,0.5,0.56,29500,0
REV,D,20171031,000000,0.55,0.55,0.55,0.55,10,0
REV,D,20171107,000000,0.49,0.49,0.49,0.49,940,0
REV,D,20171113,000000,0.53,0.54,0.53,0.54,5000,0
REV,D,20171116,000000,0.53,0.53,0.53,0.53,2000,0
REV,D,20171206,000000,0.46,0.53,0.46,0.53,40001,0
REV,D,20171220,000000,0.46,0.46,0.41,0.41,2251,0
REV,D,20171222,000000,0.41,0.42,0.41,0.42,28000,0
REV,D,20180108,000000,0.4,0.4,0.4,0.4,2500,0
REV,D,20180110,000000,0.36,0.36,0.32,0.32,100,0
REV,D,20180111,000000,0.33,0.33,0.32,0.32,3141,0
REV,D,20180115,000000,0.32,0.38,0.32,0.38,7893,0
REV,D,20180116,000000,0.4,0.45,0.4,0.45,2900,0
REV,D,20180122,000000,0.45,0.45,0.37,0.38,12914,0
REV,D,20180131,000000,0.45,0.45,0.45,0.45,2217,0
REV,D,20180201,000000,0.42,0.42,0.4,0.4,4873,0
REV,D,20180202,000000,0.43,0.5,0.43,0.45,10930,0
REV,D,20180205,000000,0.46,0.55,0.4,0.52,80654,0
REV,D,20180207,000000,0.48,0.7,0.48,0.7,50886,0
REV,D,20180208,000000,0.85,1.02,0.85,1.02,43146,0
REV,D,20180212,000000,1.23,1.46,1.2,1.25,52594,0
REV,D,20180213,000000,1.32,1.58,1.2,1.54,34869,0
REV,D,20180214,000000,1.58,2.24,1.36,1.95,64448,0
REV,D,20180215,000000,2.2,2.64,1.95,2.48,32874,0
REV,D,20180216,000000,2.5,2.6,2,2.2,62532,0
REV,D,20180219,000000,2.04,2.62,2.04,2.48,19760,0
REV,D,20180220,000000,2.48,2.6,2.24,2.38,35060,0
REV,D,20180221,000000,2.38,2.48,2.08,2.08,9010,0
REV,D,20180222,000000,2.1,2.4,1.69,2.4,13136,0
REV,D,20180223,000000,2,2.38,1.95,2.32,5890,0
REV,D,20180226,000000,2.02,2.22,1.95,2.2,5725,0
REV,D,20180227,000000,1.85,2.3,1.83,2.3,22417,0
REV,D,20180228,000000,2.08,2.28,2.08,2.28,3090,0
REV,D,20180301,000000,2.1,2.1,1.75,1.97,31252,0
REV,D,20180302,000000,1.93,2.16,1.8,2.16,6402,0
REV,D,20180305,000000,2.22,2.3,2,2.3,13942,0
REV,D,20180306,000000,2.28,2.32,2.28,2.32,2023,0
REV,D,20180307,000000,2.12,2.12,1.96,1.96,1330,0
REV,D,20180309,000000,2.36,2.58,2.34,2.58,36630,0
REV,D,20180312,000000,2.68,2.68,2.16,2.38,6503,0
REV,D,20180313,000000,2.42,2.58,2.02,2.14,8845,0
REV,D,20180314,000000,2.34,2.34,2.3,2.3,265,0
REV,D,20180315,000000,2.24,2.26,2.22,2.22,1136,0
REV,D,20180316,000000,2.04,2.16,2.04,2.16,815,0
REV,D,20180319,000000,2.04,2.04,1.9,1.9,2502,0
REV,D,20180321,000000,1.92,2.04,1.92,2.04,1384,0
REV,D,20180322,000000,1.94,1.94,1.88,1.88,500,0
REV,D,20180403,000000,1.75,1.75,1.75,1.75,210,0
REV,D,20180409,000000,1.4,1.4,1.4,1.4,214,0
REV,D,20180410,000000,1.4,1.4,1.4,1.4,2766,0
REV,D,20180412,000000,1.5,1.5,1.5,1.5,65,0
REV,D,20180413,000000,1.5,1.5,1.5,1.5,1500,0
REV,D,20180417,000000,1.49,1.49,1.49,1.49,500,0
REV,D,20180504,000000,1.08,1.08,1.08,1.08,896,0
REV,D,20180516,000000,1.3,1.3,1.3,1.3,23,0
REV,D,20180518,000000,1.68,1.68,1.68,1.68,2335,0
REV,D,20180521,000000,1.79,1.79,1.79,1.79,3188,0
REV,D,20180522,000000,1.79,1.79,1.79,1.79,5,0
REV,D,20180604,000000,1.7,1.7,1.7,1.7,800,0
REV,D,20180620,000000,1.5,1.5,1.5,1.5,600,0
REV,D,20180621,000000,1.2,1.2,1.2,1.2,900,0
REV,D,20180702,000000,1.2,1.2,1.2,1.2,230,0
REV,D,20180705,000000,1.09,1.09,1.09,1.09,410,0
REV,D,20180713,000000,1.2,1.2,1.2,1.2,1440,0
REV,D,20180717,000000,1.2,1.2,1.2,1.2,605,0
REV,D,20180718,000000,1.49,1.49,1.49,1.49,199,0
REV,D,20180726,000000,1.2,1.2,1.2,1.2,345,0
REV,D,20180809,000000,1.03,1.03,1.03,1.03,459,0
REV,D,20180813,000000,1,1,1,1,1571,0
REV,D,20180829,000000,0.81,0.81,0.81,0.81,500,0
REV,D,20190123,000000,0.8,0.8,0.8,0.8,300,0
