<TICKER>,<PER>,<DATE>,<TIME>,<OPEN>,<HIGH>,<LOW>,<CLOSE>,<VOL>,<OPENINT>
SFD,D,20120109,000000,0.19893,0.23872,0.19893,0.22877,719673,0
SFD,D,20120110,000000,0.24866,0.24866,0.18898,0.20888,275277,0
SFD,D,20120111,000000,0.19893,0.20888,0.17904,0.20888,22241,0
SFD,D,20120112,000000,0.20888,0.23872,0.20888,0.23872,17594,0
SFD,D,20120113,000000,0.22877,0.22877,0.18898,0.19893,86956,0
SFD,D,20120116,000000,0.19893,0.19893,0.17904,0.18898,80246,0
SFD,D,20120117,000000,0.19893,0.19893,0.19893,0.19893,3810,0
SFD,D,20120118,000000,0.17904,0.19893,0.17904,0.19893,27360,0
SFD,D,20120119,000000,0.17904,0.19893,0.16909,0.19893,80430,0
SFD,D,20120120,000000,0.16909,0.16909,0.16909,0.16909,20066,0
SFD,D,20120123,000000,0.15914,0.15914,0.15914,0.15914,30898,0
SFD,D,20120124,000000,0.1492,0.18898,0.1492,0.15914,22989,0
SFD,D,20120125,000000,0.18898,0.18898,0.18898,0.18898,503,0
SFD,D,20120126,000000,0.18898,0.18898,0.15914,0.18898,5731,0
SFD,D,20120127,000000,0.18898,0.18898,0.18898,0.18898,201,0
SFD,D,20120130,000000,0.17904,0.17904,0.17904,0.17904,503,0
SFD,D,20120201,000000,0.13925,0.17904,0.13925,0.17904,10305,0
SFD,D,20120207,000000,0.1492,0.1492,0.1492,0.1492,32675,0
SFD,D,20120208,000000,0.1492,0.17904,0.1492,0.17904,101683,0
SFD,D,20120209,000000,0.15914,0.15914,0.13925,0.1492,68290,0
SFD,D,20120210,000000,0.1492,0.1492,0.1492,0.1492,2212,0
SFD,D,20120213,000000,0.1492,0.1492,0.1492,0.1492,15081,0
SFD,D,20120214,000000,0.1492,0.1492,0.13925,0.13925,73898,0
SFD,D,20120215,000000,0.13925,0.13925,0.1293,0.1293,7540,0
SFD,D,20120216,000000,0.1293,0.1293,0.1293,0.1293,2212,0
SFD,D,20120217,000000,0.13925,0.1492,0.13925,0.1492,52506,0
SFD,D,20120220,000000,0.13925,0.13925,0.13925,0.13925,115719,0
SFD,D,20120222,000000,0.13925,0.13925,0.13925,0.13925,14591,0
SFD,D,20120223,000000,0.1293,0.1492,0.1293,0.13925,127381,0
SFD,D,20120224,000000,0.13925,0.1492,0.1293,0.1293,92243,0
SFD,D,20120227,000000,0.1293,0.1293,0.11936,0.11936,36093,0
SFD,D,20120228,000000,0.1293,0.1293,0.1293,0.1293,34679,0
SFD,D,20120229,000000,0.1293,0.13925,0.11936,0.1293,215857,0
SFD,D,20120301,000000,0.1293,0.13925,0.11936,0.13925,262252,0
SFD,D,20120302,000000,0.13925,0.13925,0.13925,0.13925,11562,0
SFD,D,20120305,000000,0.1293,0.1293,0.1293,0.1293,26666,0
SFD,D,20120306,000000,0.1293,0.13925,0.1293,0.13925,20251,0
SFD,D,20120307,000000,0.1293,0.1293,0.1293,0.1293,15081,0
SFD,D,20120308,000000,0.1293,0.1293,0.1293,0.1293,35755,0
SFD,D,20120309,000000,0.1293,0.1293,0.1293,0.1293,38204,0
SFD,D,20120313,000000,0.1293,0.1293,0.11936,0.11936,153524,0
SFD,D,20120314,000000,0.11936,0.11936,0.11936,0.11936,3214,0
SFD,D,20120315,000000,0.11936,0.11936,0.11936,0.11936,4022,0
SFD,D,20120316,000000,0.1293,0.1293,0.1293,0.1293,68154,0
SFD,D,20120319,000000,0.1293,0.1293,0.1293,0.1293,4022,0
SFD,D,20120323,000000,0.1293,0.1293,0.1293,0.1293,11562,0
SFD,D,20120329,000000,0.1293,0.1293,0.1293,0.1293,2512,0
SFD,D,20120330,000000,0.13925,0.13925,0.13925,0.13925,1005,0
SFD,D,20120405,000000,0.11936,0.11936,0.11936,0.11936,3922,0
SFD,D,20120411,000000,0.1293,0.13925,0.1293,0.13925,23254,0
SFD,D,20120412,000000,0.13925,0.1492,0.13925,0.1492,26594,0
SFD,D,20120413,000000,0.1293,0.1293,0.1293,0.1293,1558,0
SFD,D,20120417,000000,0.1492,0.1492,0.1492,0.1492,1558,0
SFD,D,20120424,000000,0.1293,0.1293,0.1293,0.1293,9943,0
SFD,D,20120509,000000,0.11936,0.11936,0.11936,0.11936,31167,0
SFD,D,20120511,000000,0.11936,0.11936,0.11936,0.11936,13591,0
SFD,D,20120521,000000,0.11936,0.11936,0.11936,0.11936,1005,0
SFD,D,20120523,000000,0.11936,0.11936,0.11936,0.11936,10054,0
SFD,D,20120524,000000,0.11936,0.11936,0.11936,0.11936,4518,0
SFD,D,20120529,000000,0.11936,0.11936,0.11936,0.11936,14307,0
SFD,D,20120531,000000,0.13925,0.13925,0.13925,0.13925,503,0
SFD,D,20120601,000000,0.13925,0.13925,0.13925,0.13925,201,0
SFD,D,20120604,000000,0.13925,0.13925,0.13925,0.13925,201,0
SFD,D,20120605,000000,0.11936,0.1293,0.11936,0.1293,302,0
SFD,D,20120606,000000,0.1293,0.1293,0.1293,0.1293,201,0
SFD,D,20120608,000000,0.1293,0.1293,0.1293,0.1293,126051,0
SFD,D,20120611,000000,0.13925,0.13925,0.13925,0.13925,201,0
SFD,D,20120614,000000,0.1293,0.1293,0.1293,0.1293,131451,0
SFD,D,20120615,000000,0.1293,0.1293,0.1293,0.1293,100538,0
SFD,D,20120625,000000,0.1293,0.1293,0.1293,0.1293,101158,0
SFD,D,20120627,000000,0.13925,0.1492,0.13925,0.1492,23636,0
SFD,D,20120628,000000,0.1492,0.1492,0.1492,0.1492,1005,0
SFD,D,20120716,000000,0.1492,0.1492,0.1492,0.1492,503,0
SFD,D,20120719,000000,0.10941,0.10941,0.10941,0.10941,4993,0
SFD,D,20120720,000000,0.10941,0.10941,0.10941,0.10941,50269,0
SFD,D,20120725,000000,0.10941,0.10941,0.10941,0.10941,15081,0
SFD,D,20120824,000000,0.1293,0.1293,0.11936,0.1293,321769,0
SFD,D,20120828,000000,0.1293,0.1492,0.1293,0.1492,1006683,0
SFD,D,20120911,000000,0.1293,0.1293,0.1293,0.1293,1005376,0
SFD,D,20120919,000000,0.10941,0.10941,0.10941,0.10941,503,0
SFD,D,20120920,000000,0.1293,0.1293,0.1293,0.1293,1005,0
SFD,D,20120921,000000,0.10941,0.10941,0.10941,0.10941,59317,0
SFD,D,20120924,000000,0.10941,0.10941,0.10941,0.10941,2312,0
SFD,D,20120925,000000,0.10941,0.10941,0.10941,0.10941,189011,0
SFD,D,20120926,000000,0.10941,0.10941,0.10941,0.10941,321720,0
SFD,D,20120928,000000,0.11936,0.1293,0.11936,0.1293,201,0
SFD,D,20121001,000000,0.13925,0.13925,0.13925,0.13925,101,0
SFD,D,20121008,000000,0.13925,0.15914,0.1293,0.15914,292936,0
SFD,D,20121009,000000,0.18898,0.19893,0.15914,0.15914,9605,0
SFD,D,20121010,000000,0.13925,0.13925,0.1293,0.1293,89262,0
SFD,D,20121022,000000,0.11936,0.11936,0.11936,0.11936,1307,0
SFD,D,20121024,000000,0.15914,0.15914,0.15914,0.15914,1307,0
SFD,D,20121025,000000,0.15914,0.15914,0.15914,0.15914,8747,0
SFD,D,20121026,000000,0.13925,0.13925,0.13925,0.13925,177416,0
SFD,D,20121030,000000,0.15914,0.15914,0.15914,0.15914,190,0
SFD,D,20121031,000000,0.15914,0.15914,0.15914,0.15914,2011,0
SFD,D,20121108,000000,0.15914,0.15914,0.15914,0.15914,5806,0
SFD,D,20121119,000000,0.15914,0.16909,0.15914,0.16909,5027,0
SFD,D,20121121,000000,0.13925,0.16909,0.13925,0.16909,247518,0
SFD,D,20121122,000000,0.17904,0.17904,0.17904,0.17904,2513,0
SFD,D,20121126,000000,0.19893,0.20888,0.19893,0.20888,21640,0
SFD,D,20121127,000000,0.20888,0.21882,0.20888,0.21882,11431,0
SFD,D,20121128,000000,0.21882,0.24866,0.21882,0.24866,17808,0
SFD,D,20121129,000000,0.23872,0.23872,0.20888,0.20888,17192,0
SFD,D,20121130,000000,0.17904,0.18898,0.17904,0.18898,18724,0
SFD,D,20121204,000000,0.19893,0.19893,0.19893,0.19893,119170,0
SFD,D,20121205,000000,0.18898,0.18898,0.18898,0.18898,1206,0
SFD,D,20121210,000000,0.19893,0.19893,0.17904,0.17904,8676,0
SFD,D,20121227,000000,0.20888,0.20888,0.20888,0.20888,6502,0
SFD,D,20121228,000000,0.21882,0.23872,0.21882,0.23872,7040,0
SFD,D,20130103,000000,0.21882,0.21882,0.21882,0.21882,1508,0
SFD,D,20130111,000000,0.19893,0.23872,0.19893,0.23872,614319,0
SFD,D,20130114,000000,0.24866,0.32824,0.24866,0.26856,56388,0
SFD,D,20130115,000000,0.31829,0.32824,0.31829,0.32824,10737,0
SFD,D,20130116,000000,0.39786,0.39786,0.39786,0.39786,5027,0
SFD,D,20130117,000000,0.40781,0.47743,0.39786,0.39786,22128,0
SFD,D,20130121,000000,0.39786,0.39786,0.32824,0.32824,4275,0
SFD,D,20130122,000000,0.33818,0.33818,0.33818,0.33818,13492,0
SFD,D,20130123,000000,0.37797,0.37797,0.37797,0.37797,2,0
SFD,D,20130124,000000,0.31829,0.37797,0.31829,0.37797,1460,0
SFD,D,20130125,000000,0.36802,0.37797,0.36802,0.37797,3016,0
SFD,D,20130201,000000,0.36802,0.38791,0.36802,0.38791,34877,0
SFD,D,20130204,000000,0.38791,0.38791,0.35807,0.38791,11279,0
SFD,D,20130205,000000,0.36802,0.44759,0.36802,0.44759,9750,0
SFD,D,20130206,000000,0.38791,0.41775,0.38791,0.41775,6116,0
SFD,D,20130207,000000,0.39786,0.44759,0.39786,0.44759,3972,0
SFD,D,20130208,000000,0.44759,0.44759,0.44759,0.44759,1005,0
SFD,D,20130214,000000,0.44759,0.44759,0.39786,0.44759,10723,0
SFD,D,20130215,000000,0.47743,0.47743,0.44759,0.44759,15092,0
SFD,D,20130218,000000,0.34813,0.37797,0.34813,0.37797,16621,0
SFD,D,20130219,000000,0.33818,0.37797,0.33818,0.37797,2902,0
SFD,D,20130220,000000,0.33818,0.33818,0.32824,0.32824,7154,0
SFD,D,20130221,000000,0.32824,0.37797,0.32824,0.37797,304,0
SFD,D,20130227,000000,0.2984,0.2984,0.2984,0.2984,2900,0
SFD,D,20130228,000000,0.2984,0.2984,0.2984,0.2984,3793,0
SFD,D,20130301,000000,0.2984,0.2984,0.28845,0.28845,11361,0
SFD,D,20130307,000000,0.25861,0.25861,0.25861,0.25861,871,0
SFD,D,20130311,000000,0.31829,0.31829,0.25861,0.25861,1986,0
SFD,D,20130315,000000,0.28845,0.28845,0.25861,0.25861,7714,0
SFD,D,20130320,000000,0.26856,0.26856,0.26856,0.26856,10164,0
SFD,D,20130321,000000,0.26856,0.26856,0.25861,0.26856,8707,0
SFD,D,20130322,000000,0.31829,0.31829,0.31829,0.31829,101,0
SFD,D,20130328,000000,0.32824,0.34813,0.32824,0.34813,4671,0
SFD,D,20130405,000000,0.34813,0.34813,0.34813,0.34813,2513,0
SFD,D,20130417,000000,0.30834,0.30834,0.30834,0.30834,4436,0
SFD,D,20130419,000000,0.30834,0.30834,0.30834,0.30834,10645,0
SFD,D,20130425,000000,0.26856,0.26856,0.26856,0.26856,3016,0
SFD,D,20130426,000000,0.30834,0.30834,0.24866,0.24866,25134,0
SFD,D,20130430,000000,0.2984,0.2984,0.2984,0.2984,13654,0
SFD,D,20130506,000000,0.30834,0.30834,0.30834,0.30834,31167,0
SFD,D,20130507,000000,0.33818,0.33818,0.33818,0.33818,101,0
SFD,D,20130508,000000,0.35807,0.36802,0.35807,0.36802,23761,0
SFD,D,20130509,000000,0.36802,0.36802,0.36802,0.36802,11059,0
SFD,D,20130510,000000,0.38791,0.39786,0.38791,0.39786,15071,0
SFD,D,20130514,000000,0.40781,0.40781,0.40781,0.40781,3016,0
SFD,D,20130515,000000,0.39786,0.40781,0.39786,0.40781,7540,0
SFD,D,20130522,000000,0.40781,0.40781,0.40781,0.40781,5027,0
SFD,D,20130524,000000,0.32824,0.33818,0.32824,0.33818,12862,0
SFD,D,20130527,000000,0.32824,0.32824,0.32824,0.32824,5580,0
SFD,D,20130528,000000,0.2984,0.2984,0.2984,0.2984,10054,0
SFD,D,20130531,000000,0.2984,0.2984,0.28845,0.28845,19060,0
SFD,D,20130606,000000,0.28845,0.28845,0.28845,0.28845,22161,0
SFD,D,20130607,000000,0.2984,0.2984,0.2984,0.2984,10054,0
SFD,D,20130610,000000,0.33818,0.33818,0.33818,0.33818,34675,0
SFD,D,20130613,000000,0.34813,0.34813,0.34813,0.34813,5694,0
SFD,D,20130617,000000,0.2984,0.34813,0.2984,0.34813,20879,0
SFD,D,20130618,000000,0.31829,0.31829,0.31829,0.31829,3448,0
SFD,D,20130619,000000,0.31829,0.31829,0.31829,0.31829,7723,0
SFD,D,20130621,000000,0.31829,0.31829,0.2984,0.2984,17377,0
SFD,D,20130624,000000,0.2984,0.2984,0.2984,0.2984,20108,0
SFD,D,20130627,000000,0.30834,0.30834,0.30834,0.30834,5027,0
SFD,D,20130628,000000,0.30834,0.30834,0.30834,0.30834,6032,0
SFD,D,20130702,000000,0.35807,0.35807,0.28845,0.28845,141793,0
SFD,D,20130703,000000,0.28845,0.28845,0.28845,0.28845,33177,0
SFD,D,20130704,000000,0.28845,0.28845,0.28845,0.28845,55296,0
SFD,D,20130710,000000,0.28845,0.28845,0.28845,0.28845,40215,0
SFD,D,20130712,000000,0.28845,0.28845,0.28845,0.28845,30161,0
SFD,D,20130715,000000,0.2785,0.2785,0.2785,0.2785,15583,0
SFD,D,20130719,000000,0.2785,0.2785,0.26856,0.26856,258,0
SFD,D,20130722,000000,0.26856,0.26856,0.25861,0.25861,29982,0
SFD,D,20130807,000000,0.28845,0.28845,0.28845,0.28845,341828,0
SFD,D,20130808,000000,0.34813,0.35807,0.34813,0.35807,13838,0
SFD,D,20130812,000000,0.32824,0.39786,0.32824,0.39786,60560,0
SFD,D,20130814,000000,0.39786,0.39786,0.39786,0.39786,1005,0
SFD,D,20130819,000000,0.35807,0.35807,0.35807,0.35807,3016,0
SFD,D,20130820,000000,0.32824,0.33818,0.30834,0.33818,9551,0
SFD,D,20130821,000000,0.33818,0.33818,0.33818,0.33818,9047,0
SFD,D,20130822,000000,0.31829,0.31829,0.31829,0.31829,10054,0
SFD,D,20130830,000000,0.37797,0.38791,0.37797,0.38791,5273,0
SFD,D,20130902,000000,0.38791,0.38791,0.38791,0.38791,101,0
SFD,D,20130903,000000,0.33818,0.33818,0.32824,0.33818,25134,0
SFD,D,20130904,000000,0.31829,0.31829,0.31829,0.31829,30161,0
SFD,D,20130911,000000,0.31829,0.31829,0.2984,0.2984,20108,0
SFD,D,20130912,000000,0.2984,0.2984,0.2984,0.2984,5027,0
SFD,D,20130917,000000,0.2984,0.37797,0.28845,0.37797,36748,0
SFD,D,20130918,000000,0.36802,0.38791,0.35807,0.35807,70376,0
SFD,D,20130919,000000,0.38791,0.38791,0.38791,0.38791,4022,0
SFD,D,20130924,000000,0.34813,0.34813,0.34813,0.34813,251,0
SFD,D,20130925,000000,0.37797,0.37797,0.37797,0.37797,10270,0
SFD,D,20130926,000000,0.38791,0.43765,0.38791,0.43765,24067,0
SFD,D,20130927,000000,0.35807,0.35807,0.35807,0.35807,5530,0
SFD,D,20130930,000000,0.40781,0.40781,0.40781,0.40781,4022,0
SFD,D,20131001,000000,0.46749,0.46749,0.46749,0.46749,881,0
SFD,D,20131002,000000,0.46749,0.5471,0.46749,0.5471,25134,0
SFD,D,20131007,000000,0.6465,0.6465,0.6465,0.6465,101,0
SFD,D,20131009,000000,0.7758,0.7758,0.7758,0.7758,50,0
SFD,D,20131010,000000,0.8653,0.8653,0.7062,0.8653,1951,0
SFD,D,20131014,000000,0.8653,1.0145,0.8653,0.9748,22357,0
SFD,D,20131015,000000,0.9748,0.9748,0.9748,0.9748,3016,0
SFD,D,20131016,000000,1.114,1.1538,1.114,1.1538,1005,0
SFD,D,20131017,000000,0.9947,0.9947,0.9947,0.9947,101,0
SFD,D,20131018,000000,0.8952,0.8952,0.8952,0.8952,2011,0
SFD,D,20131021,000000,0.8057,0.8057,0.6963,0.7858,5278,0
SFD,D,20131022,000000,0.7858,0.7858,0.7858,0.7858,2966,0
SFD,D,20131023,000000,0.8455,0.925,0.8455,0.925,11562,0
SFD,D,20131024,000000,0.9648,1.0941,0.9648,1.0941,741,0
SFD,D,20131025,000000,1.3129,1.3129,1.3129,1.3129,101,0
SFD,D,20131028,000000,1.3925,1.3925,1.3925,1.3925,1910,0
SFD,D,20131029,000000,1.671,1.671,1.671,1.671,101,0
SFD,D,20131031,000000,1.8302,1.8302,1.8302,1.8302,151,0
SFD,D,20131104,000000,1.8302,1.8302,1.8302,1.8302,101,0
SFD,D,20131106,000000,1.492,1.492,1.0444,1.0444,4994,0
SFD,D,20131108,000000,1.0643,1.0643,1.0643,1.0643,721,0
SFD,D,20131112,000000,1.1737,1.1737,1.0941,1.0941,3505,0
SFD,D,20131118,000000,1.1637,1.1637,1.1637,1.1637,50,0
SFD,D,20131119,000000,1.0444,1.0444,1.0444,1.0444,50,0
SFD,D,20131120,000000,1.0543,1.0543,1.0543,1.0543,578,0
SFD,D,20131121,000000,1.1637,1.1637,1.1637,1.1637,302,0
SFD,D,20131202,000000,1.1637,1.1737,1.1637,1.1737,1005,0
SFD,D,20131206,000000,1.0444,1.1439,0.9549,1.1439,1960,0
SFD,D,20131217,000000,0.9449,0.9449,0.9449,0.9449,2011,0
SFD,D,20131220,000000,1.0145,1.0145,1.0145,1.0145,4062,0
SFD,D,20140102,000000,0.8952,0.8952,0.8952,0.8952,1676,0
SFD,D,20140109,000000,0.8952,0.8952,0.8057,0.8852,6434,0
SFD,D,20140114,000000,0.8753,0.8753,0.8753,0.8753,1005,0
SFD,D,20140120,000000,0.8753,0.8852,0.8753,0.8852,251,0
SFD,D,20140121,000000,0.8852,1.0145,0.8852,0.9947,7540,0
SFD,D,20140122,000000,0.9947,1.1439,0.9947,1.1439,1508,0
SFD,D,20140131,000000,1.114,1.114,1.114,1.114,302,0
SFD,D,20140218,000000,1.114,1.1836,1.114,1.1836,2212,0
SFD,D,20140219,000000,0.8554,0.8554,0.8554,0.8554,187,0
SFD,D,20140220,000000,1.0245,1.1936,0.9449,1.1936,4534,0
SFD,D,20140221,000000,1.3925,1.5716,1.3726,1.5716,211,0
SFD,D,20140224,000000,1.492,1.7705,1.4721,1.7705,3619,0
SFD,D,20140228,000000,1.5914,1.5914,1.5914,1.5914,101,0
SFD,D,20140307,000000,1.293,1.492,1.293,1.492,9074,0
SFD,D,20140311,000000,1.4422,1.4422,1.4422,1.4422,1206,0
SFD,D,20140314,000000,1.3428,1.3428,1.3428,1.3428,40,0
SFD,D,20140319,000000,1.3428,1.492,1.3428,1.4025,4524,0
SFD,D,20140325,000000,1.3925,1.3925,1.3925,1.3925,1,0
SFD,D,20140327,000000,1.3925,1.3925,1.3925,1.3925,1278,0
SFD,D,20140402,000000,1.293,1.293,1.293,1.293,1508,0
SFD,D,20140410,000000,1.0742,1.0742,1.0444,1.0444,6535,0
SFD,D,20140411,000000,1.1538,1.1538,1.1538,1.1538,587,0
SFD,D,20140422,000000,1.1538,1.3826,1.1538,1.3826,2759,0
SFD,D,20140423,000000,1.6412,1.6412,1.6412,1.6412,302,0
SFD,D,20140505,000000,1.5417,1.5417,1.5417,1.5417,201,0
SFD,D,20140515,000000,1.5417,1.7108,1.5417,1.7108,1408,0
SFD,D,20140516,000000,1.6014,1.6611,1.6014,1.6014,1307,0
SFD,D,20140605,000000,1.4621,1.4621,1.4522,1.4522,3519,0
SFD,D,20140606,000000,1.3925,1.3925,1.3428,1.3428,2011,0
SFD,D,20140611,000000,1.293,1.293,1.293,1.293,1810,0
SFD,D,20140612,000000,1.2533,1.2533,1.2533,1.2533,251,0
SFD,D,20140613,000000,1.2533,1.2533,1.2533,1.2533,80430,0
SFD,D,20140617,000000,1.2533,1.2533,1.2533,1.2533,80430,0
SFD,D,20140623,000000,1.2234,1.2234,1.2234,1.2234,533,0
SFD,D,20140624,000000,1.2234,1.2234,1.0941,1.0941,3489,0
SFD,D,20140625,000000,1.0444,1.0444,0.9449,0.9449,6434,0
SFD,D,20140626,000000,0.8455,0.8455,0.8455,0.8455,1005,0
SFD,D,20140627,000000,0.9947,0.9947,0.9947,0.9947,108,0
SFD,D,20140701,000000,0.9947,0.9947,0.9947,0.9947,1400,0
SFD,D,20140708,000000,0.8455,0.8952,0.8455,0.8952,3820,0
SFD,D,20140711,000000,0.8156,0.8952,0.8156,0.8952,2702,0
SFD,D,20140716,000000,0.935,0.935,0.935,0.935,1609,0
SFD,D,20140718,000000,0.925,0.925,0.925,0.925,1659,0
SFD,D,20140721,000000,0.9449,1.0046,0.9151,0.9151,7038,0
SFD,D,20140722,000000,0.8952,0.925,0.8952,0.925,1659,0
SFD,D,20140728,000000,0.925,0.925,0.925,0.925,449,0
SFD,D,20140801,000000,0.8753,0.9449,0.8753,0.9449,1810,0
SFD,D,20140804,000000,0.9449,0.9947,0.8952,0.9947,3820,0
SFD,D,20140805,000000,0.7957,0.8753,0.7957,0.8753,827,0
SFD,D,20140806,000000,0.8753,0.8753,0.8753,0.8753,1217,0
SFD,D,20140807,000000,0.8455,0.8455,0.8455,0.8455,2011,0
SFD,D,20140808,000000,0.8156,0.8156,0.8156,0.8156,1910,0
SFD,D,20140811,000000,0.7758,0.7758,0.7758,0.7758,402,0
SFD,D,20140812,000000,0.7758,0.7858,0.7758,0.7758,3102,0
SFD,D,20140813,000000,0.6963,0.6963,0.6963,0.6963,402,0
SFD,D,20140814,000000,0.7758,0.7758,0.7758,0.7758,644,0
SFD,D,20140818,000000,0.7758,0.7758,0.7758,0.7758,1366,0
SFD,D,20140821,000000,0.746,0.746,0.746,0.746,2011,0
SFD,D,20140826,000000,0.8256,0.9847,0.8256,0.9847,2012,0
SFD,D,20140827,000000,0.8455,0.9947,0.8455,0.9947,5027,0
SFD,D,20140902,000000,0.8455,0.8952,0.8455,0.8952,1005,0
SFD,D,20140903,000000,0.8952,1.0444,0.8952,1.0444,2011,0
SFD,D,20140904,000000,1.0444,1.1936,1.0444,1.1936,176,0
SFD,D,20140905,000000,0.9947,0.9947,0.9947,0.9947,1508,0
SFD,D,20140909,000000,0.9151,0.9151,0.9151,0.9151,1507,0
SFD,D,20140912,000000,0.8852,0.8852,0.8852,0.8852,1810,0
SFD,D,20140916,000000,0.925,0.9947,0.925,0.9947,1609,0
SFD,D,20140917,000000,0.8952,0.8952,0.8952,0.8952,1810,0
SFD,D,20140918,000000,0.8455,0.8952,0.8455,0.8952,628,0
SFD,D,20140923,000000,0.8455,0.8455,0.8455,0.8455,262,0
SFD,D,20140925,000000,0.8952,0.8952,0.8952,0.8952,101,0
SFD,D,20140929,000000,0.8952,0.8952,0.8952,0.8952,473,0
SFD,D,20141001,000000,0.8952,0.8952,0.7957,0.8455,4197,0
SFD,D,20141002,000000,0.7957,0.8455,0.7957,0.8455,3117,0
SFD,D,20141003,000000,0.8852,0.8852,0.8852,0.8852,101,0
SFD,D,20141008,000000,0.8455,0.8852,0.6963,0.8852,2111,0
SFD,D,20141009,000000,0.8057,0.8057,0.8057,0.8057,1609,0
SFD,D,20141017,000000,0.8057,0.8057,0.8057,0.8057,1005,0
SFD,D,20141020,000000,0.8057,0.8057,0.736,0.736,1005,0
SFD,D,20141029,000000,0.8057,0.8057,0.8057,0.8057,2071,0
SFD,D,20141030,000000,0.7559,0.8952,0.7559,0.8952,31468,0
SFD,D,20141106,000000,0.8256,0.8256,0.8256,0.8256,1508,0
SFD,D,20141107,000000,0.7559,0.8156,0.7559,0.8156,31167,0
SFD,D,20141110,000000,0.8057,0.8057,0.8057,0.8057,276,0
SFD,D,20141112,000000,0.8057,0.8057,0.8057,0.8057,50,0
SFD,D,20141114,000000,0.746,0.746,0.746,0.746,2826,0
SFD,D,20141117,000000,0.7559,0.7559,0.7161,0.7161,3550,0
SFD,D,20141119,000000,0.7161,0.7858,0.6863,0.7858,37196,0
SFD,D,20141120,000000,0.7161,0.7161,0.7161,0.7161,1860,0
SFD,D,20141125,000000,0.7161,0.7161,0.6963,0.6963,13573,0
SFD,D,20141202,000000,0.6664,0.7161,0.6366,0.7161,49867,0
SFD,D,20141203,000000,0.6863,0.6863,0.6465,0.6465,5429,0
SFD,D,20141204,000000,0.6764,0.6764,0.6764,0.6764,1458,0
SFD,D,20141205,000000,0.6764,0.6963,0.6764,0.6963,1629,0
SFD,D,20141209,000000,0.6963,0.6963,0.6067,0.6067,5057,0
SFD,D,20141211,000000,0.6764,0.6764,0.6764,0.6764,2011,0
SFD,D,20141215,000000,0.6764,0.6764,0.6764,0.6764,94,0
SFD,D,20141217,000000,0.6764,0.6764,0.6764,0.6764,2923,0
SFD,D,20141218,000000,0.7062,0.7062,0.7062,0.7062,3129,0
SFD,D,20141219,000000,0.736,0.736,0.736,0.736,5027,0
SFD,D,20141222,000000,0.7161,0.7161,0.7161,0.7161,2011,0
SFD,D,20141223,000000,0.6963,0.7062,0.6963,0.7062,48717,0
SFD,D,20150105,000000,0.7261,0.8355,0.7261,0.8355,13519,0
SFD,D,20150107,000000,0.7858,0.7858,0.7161,0.7858,37299,0
SFD,D,20150108,000000,0.7858,0.7858,0.7161,0.7559,15838,0
SFD,D,20150113,000000,0.6963,0.6963,0.6963,0.6963,2011,0
SFD,D,20150114,000000,0.6764,0.6764,0.6664,0.6664,4524,0
SFD,D,20150116,000000,0.7261,0.7261,0.7261,0.7261,402,0
SFD,D,20150120,000000,0.6963,0.6963,0.6863,0.6963,95132,0
SFD,D,20150121,000000,0.6465,0.6764,0.6465,0.6764,1885,0
SFD,D,20150206,000000,0.6764,0.6764,0.6764,0.6764,5027,0
SFD,D,20150209,000000,0.6963,0.6963,0.6963,0.6963,893,0
SFD,D,20150210,000000,0.6963,0.8355,0.6963,0.8355,3117,0
SFD,D,20150212,000000,0.6963,0.6963,0.6963,0.6963,2614,0
SFD,D,20150213,000000,0.7758,0.7758,0.6863,0.7559,42628,0
SFD,D,20150216,000000,0.7559,0.7559,0.7559,0.7559,1357,0
SFD,D,20150218,000000,0.7161,0.7161,0.7062,0.7062,7239,0
SFD,D,20150219,000000,0.6863,0.6863,0.6863,0.6863,5027,0
SFD,D,20150220,000000,0.7161,0.7161,0.7161,0.7161,2513,0
SFD,D,20150224,000000,0.6963,0.6963,0.6963,0.6963,468,0
SFD,D,20150226,000000,0.6963,0.6963,0.6963,0.6963,1543,0
SFD,D,20150227,000000,0.7161,0.7161,0.7161,0.7161,302,0
SFD,D,20150302,000000,0.6863,0.6863,0.6863,0.6863,2190,0
SFD,D,20150303,000000,0.6764,0.6764,0.6764,0.6764,5027,0
SFD,D,20150304,000000,0.7161,0.7161,0.7161,0.7161,2212,0
SFD,D,20150306,000000,0.7062,0.7062,0.7062,0.7062,6535,0
SFD,D,20150309,000000,0.7062,0.7161,0.7062,0.7161,92997,0
SFD,D,20150310,000000,0.7062,0.7062,0.7062,0.7062,37702,0
SFD,D,20150318,000000,0.6863,0.6863,0.6863,0.6863,3484,0
SFD,D,20150401,000000,0.6764,0.6764,0.6764,0.6764,7892,0
SFD,D,20150408,000000,0.6465,0.6465,0.6465,0.6465,3016,0
SFD,D,20150414,000000,0.6764,0.6764,0.6764,0.6764,3016,0
SFD,D,20150415,000000,0.6067,0.6067,0.6067,0.6067,2715,0
SFD,D,20150417,000000,0.6167,0.6167,0.6167,0.6167,1659,0
SFD,D,20150420,000000,0.6664,0.6664,0.6664,0.6664,4022,0
SFD,D,20150421,000000,0.5968,0.5968,0.5968,0.5968,3418,0
SFD,D,20150422,000000,0.6167,0.6167,0.5968,0.5968,17310,0
SFD,D,20150429,000000,0.49733,0.5968,0.49733,0.5968,9099,0
SFD,D,20150504,000000,0.5968,0.6067,0.5968,0.6067,1508,0
SFD,D,20150506,000000,0.6067,0.6067,0.6067,0.6067,3217,0
SFD,D,20150508,000000,0.5968,0.5968,0.5968,0.5968,1508,0
SFD,D,20150512,000000,0.567,0.567,0.5371,0.5371,4022,0
SFD,D,20150513,000000,0.5868,0.5868,0.5868,0.5868,704,0
SFD,D,20150518,000000,0.5471,0.5868,0.5471,0.5868,6032,0
SFD,D,20150525,000000,0.5172,0.5172,0.5172,0.5172,2513,0
SFD,D,20150527,000000,0.5272,0.5272,0.5272,0.5272,5630,0
SFD,D,20150529,000000,0.5371,0.5371,0.44759,0.44759,43131,0
SFD,D,20150601,000000,0.46749,0.46749,0.46749,0.46749,3792,0
SFD,D,20150609,000000,0.47743,0.47743,0.47743,0.47743,229,0
SFD,D,20150610,000000,0.47743,0.47743,0.47743,0.47743,1882,0
SFD,D,20150612,000000,0.5371,0.5371,0.5371,0.5371,503,0
SFD,D,20150615,000000,0.5371,0.5371,0.5371,0.5371,1359,0
SFD,D,20150617,000000,0.5769,0.5769,0.5769,0.5769,3016,0
SFD,D,20150618,000000,0.6366,0.6366,0.6366,0.6366,1508,0
SFD,D,20150622,000000,0.567,0.567,0.567,0.567,4752,0
SFD,D,20150623,000000,0.567,0.6764,0.567,0.6764,325,0
SFD,D,20150624,000000,0.746,0.746,0.746,0.746,51,0
SFD,D,20150629,000000,0.567,0.6565,0.557,0.5868,28745,0
SFD,D,20150701,000000,0.567,0.567,0.567,0.567,4022,0
SFD,D,20150702,000000,0.6266,0.6266,0.6266,0.6266,101,0
SFD,D,20150703,000000,0.5868,0.5868,0.5868,0.5868,10034,0
SFD,D,20150717,000000,0.5868,0.5868,0.5868,0.5868,452,0
SFD,D,20150804,000000,0.5968,0.5968,0.5868,0.5868,20,0
SFD,D,20150811,000000,0.567,0.567,0.567,0.567,10024,0
SFD,D,20150821,000000,0.557,0.557,0.557,0.557,603,0
SFD,D,20150824,000000,0.557,0.557,0.5272,0.5272,7215,0
SFD,D,20150901,000000,0.49733,0.49733,0.49733,0.49733,5027,0
SFD,D,20150902,000000,0.46749,0.46749,0.38791,0.39786,69371,0
SFD,D,20150903,000000,0.40781,0.40781,0.39786,0.39786,979,0
SFD,D,20150908,000000,0.44759,0.44759,0.4277,0.4277,3519,0
SFD,D,20150914,000000,0.48738,0.48738,0.43765,0.43765,3710,0
SFD,D,20150915,000000,0.44759,0.44759,0.44759,0.44759,1,0
SFD,D,20150917,000000,0.45754,0.45754,0.45754,0.45754,503,0
SFD,D,20151013,000000,0.46749,0.5471,0.46749,0.5471,3015,0
SFD,D,20151014,000000,0.6366,0.6366,0.6366,0.6366,70,0
SFD,D,20151019,000000,0.5172,0.5769,0.43765,0.49733,2457,0
SFD,D,20151020,000000,0.43765,0.43765,0.43765,0.43765,3187,0
SFD,D,20151023,000000,0.44759,0.44759,0.44759,0.44759,2011,0
SFD,D,20151026,000000,0.44759,0.44759,0.44759,0.44759,2011,0
SFD,D,20151028,000000,0.45754,0.45754,0.45754,0.45754,2011,0
SFD,D,20151029,000000,0.45754,0.45754,0.45754,0.45754,5027,0
SFD,D,20151102,000000,0.38791,0.39786,0.38791,0.39786,7039,0
SFD,D,20151112,000000,0.44759,0.47743,0.44759,0.47743,6116,0
SFD,D,20151116,000000,0.47743,0.48738,0.47743,0.48738,6048,0
SFD,D,20151117,000000,0.48738,0.5769,0.48738,0.5769,4642,0
SFD,D,20151118,000000,0.5471,0.5471,0.5471,0.5471,101,0
SFD,D,20151119,000000,0.47743,0.557,0.47743,0.557,542,0
SFD,D,20151120,000000,0.567,0.5769,0.567,0.5769,2011,0
SFD,D,20151123,000000,0.5769,0.5769,0.5769,0.5769,201,0
SFD,D,20151125,000000,0.49733,0.49733,0.49733,0.49733,6535,0
SFD,D,20151202,000000,0.49733,0.49733,0.49733,0.49733,101,0
SFD,D,20151204,000000,0.43765,0.43765,0.43765,0.43765,2011,0
SFD,D,20151209,000000,0.43765,0.43765,0.43765,0.43765,2513,0
SFD,D,20151218,000000,0.43765,0.43765,0.43765,0.43765,2513,0
SFD,D,20151221,000000,0.43765,0.49733,0.43765,0.49733,5027,0
SFD,D,20151222,000000,0.49733,0.5769,0.49733,0.5769,3104,0
SFD,D,20151223,000000,0.5968,0.7062,0.49733,0.6067,12819,0
SFD,D,20160104,000000,0.49733,0.49733,0.49733,0.49733,1005,0
SFD,D,20160105,000000,0.567,0.567,0.567,0.567,498,0
SFD,D,20160107,000000,0.5371,0.557,0.5371,0.557,5525,0
SFD,D,20160111,000000,0.5471,0.5471,0.5471,0.5471,1819,0
SFD,D,20160112,000000,0.5471,0.5471,0.49733,0.5172,8750,0
SFD,D,20160122,000000,0.5172,0.5471,0.5172,0.5471,3434,0
SFD,D,20160201,000000,0.44759,0.44759,0.44759,0.44759,2513,0
SFD,D,20160205,000000,0.49733,0.49733,0.49733,0.49733,121,0
SFD,D,20160208,000000,0.5371,0.5371,0.5371,0.5371,101,0
SFD,D,20160216,000000,0.49733,0.5371,0.49733,0.5371,2134,0
SFD,D,20160223,000000,0.44759,0.44759,0.44759,0.44759,498,0
SFD,D,20160311,000000,0.49733,0.49733,0.49733,0.49733,4022,0
SFD,D,20160317,000000,0.5371,0.5371,0.5371,0.5371,1037,0
SFD,D,20160318,000000,0.45754,0.45754,0.45754,0.45754,1037,0
SFD,D,20160321,000000,0.45754,0.45754,0.45754,0.45754,2413,0
SFD,D,20160323,000000,0.5172,0.5471,0.5172,0.5371,18775,0
SFD,D,20160330,000000,0.5471,0.5471,0.5471,0.5471,1005,0
SFD,D,20160405,000000,0.46749,0.5272,0.44759,0.5272,2904,0
SFD,D,20160414,000000,0.5371,0.5471,0.5371,0.5371,51073,0
SFD,D,20160415,000000,0.5471,0.567,0.5371,0.567,3418,0
SFD,D,20160418,000000,0.567,0.6664,0.567,0.6664,6146,0
SFD,D,20160419,000000,0.6565,0.6565,0.6565,0.6565,667,0
SFD,D,20160420,000000,0.5968,0.5968,0.5968,0.5968,704,0
SFD,D,20160421,000000,0.6565,0.6565,0.6565,0.6565,1117,0
SFD,D,20160422,000000,0.5272,0.5272,0.46749,0.47743,20876,0
SFD,D,20160429,000000,0.47743,0.47743,0.44759,0.44759,33677,0
SFD,D,20160502,000000,0.44759,0.44759,0.44759,0.44759,1508,0
SFD,D,20160509,000000,0.45754,0.45754,0.44759,0.44759,2050,0
SFD,D,20160513,000000,0.5172,0.5172,0.5172,0.5172,1005,0
SFD,D,20160518,000000,0.5272,0.5272,0.46749,0.5172,39809,0
SFD,D,20160519,000000,0.5272,0.5968,0.5272,0.5968,26059,0
SFD,D,20160520,000000,0.5968,0.5968,0.5471,0.5471,1664,0
SFD,D,20160523,000000,0.5968,0.5968,0.5968,0.5968,1709,0
SFD,D,20160524,000000,0.6266,0.6266,0.6266,0.6266,201,0
SFD,D,20160525,000000,0.5471,0.5471,0.5471,0.5471,4988,0
SFD,D,20160601,000000,0.49733,0.49733,0.47743,0.47743,7038,0
SFD,D,20160606,000000,0.48738,0.48738,0.47743,0.47743,2234,0
SFD,D,20160608,000000,0.44759,0.44759,0.44759,0.44759,5278,0
SFD,D,20160613,000000,0.41775,0.41775,0.41775,0.41775,3434,0
SFD,D,20160615,000000,0.44759,0.44759,0.41775,0.41775,10310,0
SFD,D,20160620,000000,0.41775,0.41775,0.41775,0.41775,14038,0
SFD,D,20160623,000000,0.41775,0.41775,0.40781,0.40781,256,0
SFD,D,20160701,000000,0.47743,0.47743,0.47743,0.47743,4022,0
SFD,D,20160704,000000,0.47743,0.47743,0.47743,0.47743,4524,0
SFD,D,20160707,000000,0.47743,0.47743,0.47743,0.47743,221,0
SFD,D,20160708,000000,0.47743,0.567,0.47743,0.567,8807,0
SFD,D,20160711,000000,0.46749,0.46749,0.46749,0.46749,4022,0
SFD,D,20160712,000000,0.44759,0.44759,0.44759,0.44759,9048,0
SFD,D,20160715,000000,0.4277,0.4277,0.41775,0.41775,5027,0
SFD,D,20160719,000000,0.44759,0.5371,0.35807,0.39786,64456,0
SFD,D,20160720,000000,0.46749,0.46749,0.46749,0.46749,503,0
SFD,D,20160728,000000,0.47743,0.47743,0.47743,0.47743,302,0
SFD,D,20160801,000000,0.47743,0.47743,0.47743,0.47743,1,0
SFD,D,20160803,000000,0.47743,0.47743,0.47743,0.47743,5,0
SFD,D,20160805,000000,0.47743,0.47743,0.47743,0.47743,6227,0
SFD,D,20160817,000000,0.49733,0.49733,0.47743,0.47743,12175,0
SFD,D,20160818,000000,0.44759,0.44759,0.41775,0.41775,20746,0
SFD,D,20160819,000000,0.47743,0.47743,0.47743,0.47743,101,0
SFD,D,20160901,000000,0.46749,0.567,0.46749,0.567,36742,0
SFD,D,20160907,000000,0.5471,0.557,0.5471,0.557,5027,0
SFD,D,20160909,000000,0.5471,0.5471,0.5471,0.5471,633,0
SFD,D,20160912,000000,0.5471,0.5471,0.5471,0.5471,4645,0
SFD,D,20160916,000000,0.567,0.5968,0.567,0.5968,16388,0
SFD,D,20160920,000000,0.567,0.567,0.567,0.567,201,0
SFD,D,20160928,000000,0.557,0.557,0.557,0.557,101,0
SFD,D,20161004,000000,0.567,0.567,0.567,0.567,302,0
SFD,D,20161011,000000,0.5073,0.5073,0.49733,0.49733,11679,0
SFD,D,20161012,000000,0.49733,0.49733,0.49733,0.49733,4407,0
SFD,D,20161013,000000,0.567,0.567,0.567,0.567,1,0
SFD,D,20161107,000000,0.557,0.557,0.557,0.557,45,0
SFD,D,20161110,000000,0.557,0.557,0.557,0.557,3016,0
SFD,D,20161115,000000,0.5073,0.5073,0.49733,0.49733,6992,0
SFD,D,20161121,000000,0.49733,0.5272,0.49733,0.5272,70376,0
SFD,D,20161122,000000,0.5272,0.5371,0.5272,0.5371,107585,0
SFD,D,20161123,000000,0.5272,0.5272,0.5272,0.5272,94391,0
SFD,D,20161125,000000,0.5073,0.5073,0.5073,0.5073,28152,0
SFD,D,20161129,000000,0.5073,0.5073,0.5073,0.5073,83446,0
SFD,D,20161130,000000,0.5073,0.5073,0.5073,0.5073,60323,0
SFD,D,20161201,000000,0.49733,0.5172,0.47743,0.5172,46845,0
SFD,D,20161205,000000,0.5172,0.5172,0.5172,0.5172,80531,0
SFD,D,20161207,000000,0.5272,0.5272,0.47743,0.47743,21773,0
SFD,D,20161212,000000,0.5172,0.5172,0.5172,0.5172,15081,0
SFD,D,20161213,000000,0.5172,0.5172,0.5172,0.5172,32303,0
SFD,D,20161216,000000,0.47743,0.5371,0.47743,0.5371,14076,0
SFD,D,20161220,000000,0.5371,0.5371,0.5371,0.5371,3519,0
SFD,D,20161222,000000,0.47743,0.47743,0.47743,0.47743,134,0
SFD,D,20161223,000000,0.5371,0.5371,0.5371,0.5371,180,0
SFD,D,20170105,000000,0.49733,0.5272,0.49733,0.5272,12065,0
SFD,D,20170118,000000,0.49733,0.49733,0.49733,0.49733,101,0
SFD,D,20170123,000000,0.5272,0.5272,0.5272,0.5272,10054,0
SFD,D,20170125,000000,0.49733,0.49733,0.49733,0.49733,5027,0
SFD,D,20170131,000000,0.48738,0.49733,0.47743,0.49733,23134,0
SFD,D,20170201,000000,0.45754,0.47743,0.45754,0.47743,3006,0
SFD,D,20170214,000000,0.45754,0.45754,0.44759,0.44759,5027,0
SFD,D,20170215,000000,0.45754,0.45754,0.39786,0.40781,16589,0
SFD,D,20170216,000000,0.41775,0.41775,0.41775,0.41775,1508,0
SFD,D,20170221,000000,0.38791,0.38791,0.38791,0.38791,1005,0
SFD,D,20170303,000000,0.40781,0.41775,0.40781,0.41775,22621,0
SFD,D,20170313,000000,0.4277,0.4277,0.4277,0.4277,1866,0
SFD,D,20170328,000000,0.4277,0.4277,0.4277,0.4277,4424,0
SFD,D,20170403,000000,0.4277,0.4277,0.4277,0.4277,5362,0
SFD,D,20170406,000000,0.4277,0.4277,0.4277,0.4277,2513,0
SFD,D,20170424,000000,0.47743,0.47743,0.47743,0.47743,20610,0
SFD,D,20170425,000000,0.46749,0.46749,0.46749,0.46749,2513,0
SFD,D,20170426,000000,0.46749,0.46749,0.46749,0.46749,503,0
SFD,D,20170515,000000,0.45754,0.45754,0.45754,0.45754,3498,0
SFD,D,20170516,000000,0.45754,0.45754,0.45754,0.45754,4052,0
SFD,D,20170519,000000,0.4277,0.4277,0.4277,0.4277,4096,0
SFD,D,20170524,000000,0.44759,0.44759,0.44759,0.44759,3418,0
SFD,D,20170525,000000,0.44759,0.44759,0.44759,0.44759,599,0
SFD,D,20170531,000000,0.4277,0.4277,0.4277,0.4277,1997,0
SFD,D,20170602,000000,0.41775,0.41775,0.41775,0.41775,7038,0
SFD,D,20170605,000000,0.4277,0.44759,0.4277,0.44759,2025,0
SFD,D,20170609,000000,0.37797,0.37797,0.37797,0.37797,9048,0
SFD,D,20170616,000000,0.39786,0.39786,0.39786,0.39786,4,0
SFD,D,20170620,000000,0.39786,0.39786,0.39786,0.39786,7034,0
SFD,D,20170622,000000,0.40781,0.40781,0.40781,0.40781,3505,0
SFD,D,20170623,000000,0.41775,0.41775,0.41775,0.41775,2834,0
SFD,D,20170703,000000,0.41775,0.41775,0.41775,0.41775,8043,0
SFD,D,20170705,000000,0.41775,0.41775,0.39786,0.39786,1546,0
SFD,D,20170711,000000,0.44759,0.44759,0.44759,0.44759,9796,0
SFD,D,20170712,000000,0.44759,0.44759,0.44759,0.44759,2513,0
SFD,D,20170713,000000,0.44759,0.44759,0.44759,0.44759,5530,0
SFD,D,20170721,000000,0.45754,0.45754,0.45754,0.45754,503,0
SFD,D,20170724,000000,0.48738,0.48738,0.48738,0.48738,4084,0
SFD,D,20170731,000000,0.45754,0.45754,0.45754,0.45754,4022,0
SFD,D,20170804,000000,0.48738,0.5371,0.48738,0.5371,27094,0
SFD,D,20170807,000000,0.43765,0.48738,0.43765,0.45754,178704,0
SFD,D,20170808,000000,0.46749,0.557,0.46749,0.557,21113,0
SFD,D,20170809,000000,0.557,0.557,0.46749,0.46749,21917,0
SFD,D,20170810,000000,0.5272,0.5272,0.48738,0.48738,28352,0
SFD,D,20170811,000000,0.46749,0.47743,0.46749,0.46749,92696,0
SFD,D,20170814,000000,0.46749,0.46749,0.46749,0.46749,17445,0
SFD,D,20170816,000000,0.44759,0.44759,0.44759,0.44759,18097,0
SFD,D,20170817,000000,0.43765,0.43765,0.43765,0.43765,1005,0
SFD,D,20170821,000000,0.44759,0.44759,0.44759,0.44759,10054,0
SFD,D,20170824,000000,0.4277,0.4277,0.4277,0.4277,10054,0
SFD,D,20170828,000000,0.44759,0.44759,0.44759,0.44759,7038,0
SFD,D,20170829,000000,0.44759,0.44759,0.44759,0.44759,21113,0
SFD,D,20170830,000000,0.45754,0.45754,0.45754,0.45754,1005,0
SFD,D,20170918,000000,0.44759,0.44759,0.39786,0.39786,7355,0
SFD,D,20170925,000000,0.40781,0.40781,0.40781,0.40781,1810,0
SFD,D,20170926,000000,0.44759,0.44759,0.44759,0.44759,1,0
SFD,D,20171024,000000,0.44759,0.44759,0.4277,0.4277,10067,0
SFD,D,20171027,000000,0.38791,0.38791,0.38791,0.38791,246,0
SFD,D,20171031,000000,0.43765,0.43765,0.43765,0.43765,56,0
SFD,D,20171113,000000,0.36802,0.36802,0.36802,0.36802,1162,0
SFD,D,20171116,000000,0.38791,0.38791,0.38791,0.38791,236,0
SFD,D,20171120,000000,0.38791,0.38791,0.38791,0.38791,31167,0
SFD,D,20171121,000000,0.34813,0.35807,0.28845,0.35807,5230,0
SFD,D,20171124,000000,0.33818,0.33818,0.33818,0.33818,4,0
SFD,D,20171212,000000,0.33818,0.33818,0.33818,0.33818,452,0
SFD,D,20171213,000000,0.30834,0.30834,0.30834,0.30834,236,0
SFD,D,20171215,000000,0.31829,0.31829,0.31829,0.31829,1744,0
SFD,D,20171219,000000,0.32824,0.32824,0.32824,0.32824,100538,0
SFD,D,20171227,000000,0.32824,0.32824,0.32824,0.32824,4674,0
SFD,D,20171229,000000,0.33818,0.33818,0.33818,0.33818,7986,0
SFD,D,20180105,000000,0.31829,0.31829,0.31829,0.31829,55,0
SFD,D,20180108,000000,0.31829,0.33818,0.31829,0.33818,6536,0
SFD,D,20180118,000000,0.31829,0.31829,0.31829,0.31829,1006,0
SFD,D,20180119,000000,0.37797,0.44759,0.37797,0.44759,6765,0
SFD,D,20180122,000000,0.39786,0.46749,0.31829,0.39786,37246,0
SFD,D,20180129,000000,0.39786,0.39786,0.39786,0.39786,1005,0
SFD,D,20180215,000000,0.40781,0.4277,0.40781,0.41775,17594,0
SFD,D,20180219,000000,0.38791,0.44759,0.38791,0.44759,22930,0
SFD,D,20180222,000000,0.39786,0.39786,0.39786,0.39786,1817,0
SFD,D,20180226,000000,0.39786,0.39786,0.39786,0.39786,220,0
SFD,D,20180228,000000,0.43765,0.43765,0.43765,0.43765,47,0
SFD,D,20180305,000000,0.39786,0.39786,0.36802,0.36802,11072,0
SFD,D,20180307,000000,0.34813,0.34813,0.34813,0.34813,47,0
SFD,D,20180308,000000,0.40781,0.40781,0.40781,0.40781,2513,0
SFD,D,20180315,000000,0.40781,0.40781,0.40781,0.40781,4037,0
SFD,D,20180404,000000,0.40781,0.40781,0.40781,0.40781,5027,0
SFD,D,20180406,000000,0.37797,0.37797,0.34813,0.34813,35154,0
SFD,D,20180409,000000,0.38791,0.38791,0.33818,0.33818,11060,0
SFD,D,20180411,000000,0.33818,0.33818,0.33818,0.33818,6032,0
SFD,D,20180412,000000,0.32824,0.32824,0.32824,0.32824,613,0
SFD,D,20180413,000000,0.36802,0.36802,0.33818,0.33818,5030,0
SFD,D,20180416,000000,0.33818,0.33818,0.33818,0.33818,6150,0
SFD,D,20180417,000000,0.32824,0.32824,0.31829,0.31829,6022,0
SFD,D,20180418,000000,0.31829,0.36802,0.31829,0.36802,7239,0
SFD,D,20180424,000000,0.30834,0.36802,0.30834,0.32824,12981,0
SFD,D,20180427,000000,0.2984,0.2984,0.2984,0.2984,7138,0
SFD,D,20180504,000000,0.31829,0.31829,0.31829,0.31829,7138,0
SFD,D,20180507,000000,0.31829,0.31829,0.31829,0.31829,7540,0
SFD,D,20180511,000000,0.33818,0.35807,0.33818,0.35807,6353,0
SFD,D,20180514,000000,0.30834,0.30834,0.2984,0.2984,17494,0
SFD,D,20180516,000000,0.2984,0.2984,0.2984,0.2984,1241,0
SFD,D,20180521,000000,0.2785,0.2785,0.2785,0.2785,10456,0
SFD,D,20180522,000000,0.28845,0.28845,0.28845,0.28845,7440,0
SFD,D,20180523,000000,0.25861,0.2785,0.25861,0.2785,19201,0
SFD,D,20180525,000000,0.23872,0.23872,0.23872,0.23872,9048,0
SFD,D,20180528,000000,0.23872,0.24866,0.23872,0.24866,12233,0
SFD,D,20180529,000000,0.22877,0.22877,0.21882,0.21882,21817,0
SFD,D,20180530,000000,0.20888,0.20888,0.19893,0.19893,23626,0
SFD,D,20180601,000000,0.19893,0.19893,0.19893,0.19893,20108,0
SFD,D,20180604,000000,0.23872,0.25861,0.23872,0.25861,24129,0
SFD,D,20180605,000000,0.36802,0.36802,0.36802,0.36802,37811,0
SFD,D,20180606,000000,0.32824,0.32824,0.32824,0.32824,18097,0
SFD,D,20180607,000000,0.34813,0.34813,0.2984,0.32824,16940,0
SFD,D,20180611,000000,0.2984,0.2984,0.2984,0.2984,5027,0
SFD,D,20180612,000000,0.2785,0.2785,0.2785,0.2785,7239,0
SFD,D,20180613,000000,0.24866,0.26856,0.24866,0.26856,8045,0
SFD,D,20180614,000000,0.26856,0.26856,0.26856,0.26856,5,0
SFD,D,20180618,000000,0.21882,0.21882,0.20888,0.20888,10255,0
SFD,D,20180619,000000,0.20888,0.20888,0.20888,0.20888,5027,0
SFD,D,20180620,000000,0.20888,0.20888,0.20888,0.20888,3532,0
SFD,D,20180621,000000,0.21882,0.21882,0.20888,0.20888,5027,0
SFD,D,20180625,000000,0.19893,0.19893,0.19893,0.19893,21720,0
SFD,D,20180629,000000,0.22877,0.24866,0.22877,0.24866,22573,0
SFD,D,20180702,000000,0.25861,0.25861,0.25861,0.25861,503,0
SFD,D,20180706,000000,0.24866,0.24866,0.24866,0.24866,5026,0
SFD,D,20180709,000000,0.21882,0.21882,0.20888,0.20888,5453,0
SFD,D,20180710,000000,0.21882,0.21882,0.20888,0.20888,20108,0
SFD,D,20180712,000000,0.22877,0.22877,0.22877,0.22877,10054,0
SFD,D,20180713,000000,0.24866,0.24866,0.24866,0.24866,11059,0
SFD,D,20180716,000000,0.22877,0.22877,0.21882,0.21882,14578,0
SFD,D,20180717,000000,0.24866,0.24866,0.20888,0.20888,16619,0
SFD,D,20180718,000000,0.19893,0.19893,0.19893,0.19893,2815,0
SFD,D,20180724,000000,0.20888,0.22877,0.19893,0.20888,21113,0
SFD,D,20180725,000000,0.20888,0.21882,0.20888,0.21882,10054,0
SFD,D,20180727,000000,0.21882,0.21882,0.21882,0.21882,20811,0
SFD,D,20180801,000000,0.21882,0.23872,0.21882,0.23872,30161,0
SFD,D,20180802,000000,0.20888,0.20888,0.20888,0.20888,10054,0
SFD,D,20180803,000000,0.19893,0.19893,0.19893,0.19893,21193,0
SFD,D,20180806,000000,0.22877,0.22877,0.21882,0.21882,10286,0
SFD,D,20180809,000000,0.22877,0.25861,0.22877,0.25861,10054,0
SFD,D,20180810,000000,0.25861,0.25861,0.24866,0.24866,29482,0
SFD,D,20180813,000000,0.23872,0.23872,0.23872,0.23872,10054,0
SFD,D,20180814,000000,0.21882,0.22877,0.20888,0.22877,36225,0
SFD,D,20180817,000000,0.22877,0.26856,0.22877,0.24866,23464,0
SFD,D,20180820,000000,0.2785,0.2785,0.22877,0.22877,10091,0
SFD,D,20180821,000000,0.25861,0.32824,0.24866,0.32824,80161,0
SFD,D,20180822,000000,0.32824,0.38791,0.2984,0.32824,63238,0
SFD,D,20180823,000000,0.2984,0.2984,0.23872,0.23872,35544,0
SFD,D,20180824,000000,0.23872,0.23872,0.21882,0.22877,17531,0
SFD,D,20180827,000000,0.22877,0.22877,0.22877,0.22877,13818,0
SFD,D,20180829,000000,0.21882,0.21882,0.21882,0.21882,10054,0
SFD,D,20180905,000000,0.23872,0.23872,0.23872,0.23872,6032,0
SFD,D,20180906,000000,0.24866,0.24866,0.21882,0.21882,10255,0
SFD,D,20180917,000000,0.23872,0.23872,0.23872,0.23872,241,0
SFD,D,20180920,000000,0.23872,0.23872,0.23872,0.23872,41,0
SFD,D,20180924,000000,0.23872,0.23872,0.23872,0.23872,6,0
SFD,D,20180928,000000,0.23872,0.24866,0.23872,0.24866,5831,0
SFD,D,20181001,000000,0.24866,0.24866,0.24866,0.24866,9665,0
SFD,D,20181004,000000,0.24866,0.24866,0.24866,0.24866,10054,0
SFD,D,20181010,000000,0.21882,0.21882,0.21882,0.21882,4080,0
SFD,D,20181016,000000,0.21882,0.21882,0.21882,0.21882,1910,0
SFD,D,20181022,000000,0.23872,0.25861,0.23872,0.25861,35425,0
SFD,D,20181023,000000,0.26856,0.28845,0.26856,0.28845,23691,0
SFD,D,20181024,000000,0.2984,0.2984,0.2984,0.2984,2234,0
SFD,D,20181025,000000,0.24866,0.24866,0.24866,0.24866,8043,0
SFD,D,20181026,000000,0.24866,0.25861,0.24866,0.25861,1006,0
SFD,D,20181115,000000,0.22877,0.22877,0.18898,0.18898,27547,0
SFD,D,20181116,000000,0.19893,0.23872,0.19893,0.23872,19052,0
SFD,D,20181119,000000,0.24866,0.32824,0.24866,0.32824,40215,0
SFD,D,20181120,000000,0.2785,0.2785,0.26856,0.26856,17593,0
SFD,D,20181121,000000,0.23872,0.23872,0.23872,0.23872,10054,0
SFD,D,20181126,000000,0.23872,0.23872,0.22877,0.22877,16589,0
SFD,D,20181127,000000,0.20888,0.24866,0.20888,0.24866,38874,0
SFD,D,20181128,000000,0.24866,0.24866,0.21882,0.21882,32178,0
SFD,D,20181130,000000,0.23872,0.23872,0.23872,0.23872,6032,0
SFD,D,20181203,000000,0.23872,0.23872,0.23872,0.23872,9551,0
SFD,D,20181204,000000,0.24866,0.24866,0.24866,0.24866,12065,0
SFD,D,20181206,000000,0.23872,0.23872,0.20888,0.20888,23124,0
SFD,D,20181207,000000,0.19893,0.21882,0.18898,0.18898,10055,0
SFD,D,20181210,000000,0.21882,0.26856,0.20888,0.23872,63131,0
SFD,D,20181211,000000,0.23872,0.2785,0.21882,0.21882,17595,0
SFD,D,20181213,000000,0.19893,0.20888,0.15914,0.15914,70276,0
SFD,D,20181214,000000,0.17904,0.20888,0.17904,0.20888,3338,0
SFD,D,20181217,000000,0.20888,0.20888,0.20888,0.20888,463,0
SFD,D,20181219,000000,0.20888,0.20888,0.20888,0.20888,3,0
SFD,D,20181221,000000,0.17904,0.17904,0.17904,0.17904,2012,0
SFD,D,20181227,000000,0.20888,0.20888,0.20888,0.20888,1,0
SFD,D,20181228,000000,0.20888,0.21882,0.17904,0.21882,14314,0
SFD,D,20190102,000000,0.20888,0.20888,0.19893,0.19893,6434,0
SFD,D,20190104,000000,0.20888,0.22877,0.20888,0.22877,27145,0
SFD,D,20190110,000000,0.19893,0.19893,0.18898,0.18898,4023,0
SFD,D,20190111,000000,0.21882,0.21882,0.21882,0.21882,2262,0
SFD,D,20190115,000000,0.19893,0.19893,0.19893,0.19893,100,0
SFD,D,20190118,000000,0.21882,0.24866,0.21882,0.24866,15595,0
SFD,D,20190121,000000,0.24866,0.24866,0.19893,0.19893,5596,0
SFD,D,20190122,000000,0.20888,0.20888,0.19893,0.19893,3922,0
SFD,D,20190123,000000,0.19893,0.19893,0.19893,0.19893,9047,0
SFD,D,20190124,000000,0.19893,0.19893,0.18898,0.18898,7038,0
SFD,D,20190125,000000,0.18898,0.18898,0.18898,0.18898,5027,0
SFD,D,20190130,000000,0.18898,0.18898,0.18898,0.18898,25134,0
SFD,D,20190131,000000,0.17904,0.17904,0.17904,0.17904,5932,0
SFD,D,20190201,000000,0.20888,0.20888,0.20888,0.20888,153,0
SFD,D,20190204,000000,0.20888,0.23872,0.20888,0.22877,12302,0
SFD,D,20190206,000000,0.20888,0.20888,0.19893,0.19893,8546,0
SFD,D,20190208,000000,0.21882,0.21882,0.19893,0.19893,7311,0
SFD,D,20190211,000000,0.19893,0.22877,0.18898,0.22877,53626,0
SFD,D,20190214,000000,0.21882,0.21882,0.21882,0.21882,38456,0
SFD,D,20190215,000000,0.22877,0.31829,0.22877,0.31829,105109,0
SFD,D,20190218,000000,0.36802,0.40781,0.35807,0.37797,93802,0
SFD,D,20190219,000000,0.40781,0.40781,0.28845,0.28845,143465,0
SFD,D,20190220,000000,0.33818,0.33818,0.23872,0.23872,49456,0
SFD,D,20190221,000000,0.23872,0.23872,0.21882,0.23872,29055,0
SFD,D,20190222,000000,0.23872,0.23872,0.21882,0.21882,16591,0
SFD,D,20190225,000000,0.22877,0.22877,0.20888,0.20888,8136,0
SFD,D,20190226,000000,0.21882,0.25861,0.21882,0.25861,26653,0
SFD,D,20190227,000000,0.26856,0.2984,0.26856,0.2984,3504,0
SFD,D,20190228,000000,0.2785,0.2785,0.2785,0.2785,3016,0
SFD,D,20190301,000000,0.25861,0.25861,0.25861,0.25861,15568,0
SFD,D,20190305,000000,0.26856,0.26856,0.26856,0.26856,5027,0
SFD,D,20190306,000000,0.25065,0.27651,0.2228,0.26856,53286,0
SFD,D,20190308,000000,0.24468,0.28845,0.2427,0.28845,21569,0
SFD,D,20190311,000000,0.24866,0.2606,0.24468,0.25861,9048,0
SFD,D,20190313,000000,0.24866,0.25861,0.24667,0.25861,40264,0
SFD,D,20190314,000000,0.25264,0.2606,0.25264,0.24866,18630,0
SFD,D,20190315,000000,0.25264,0.25264,0.25264,0.24866,5228,0
SFD,D,20190318,000000,0.2427,0.27651,0.2427,0.2785,12969,0
SFD,D,20190319,000000,0.27253,0.2984,0.27253,0.2984,64947,0
SFD,D,20190321,000000,0.26259,0.2785,0.24866,0.2785,10658,0
SFD,D,20190322,000000,0.2785,0.29243,0.25463,0.28845,10447,0
SFD,D,20190325,000000,0.25463,0.25463,0.25264,0.24866,6041,0
SFD,D,20190326,000000,0.26856,0.26856,0.25065,0.25861,6035,0
SFD,D,20190327,000000,0.26657,0.26657,0.24866,0.24866,42252,0
SFD,D,20190328,000000,0.24866,0.28845,0.24866,0.28845,65571,0
SFD,D,20190329,000000,0.25463,0.25463,0.25463,0.25861,10,0
SFD,D,20190401,000000,0.25861,0.27253,0.25861,0.25861,2534,0
SFD,D,20190402,000000,0.2606,0.28845,0.25861,0.26856,66375,0
SFD,D,20190403,000000,0.26657,0.28447,0.26657,0.26856,4042,0
SFD,D,20190404,000000,0.29442,0.29442,0.27055,0.26856,9058,0
SFD,D,20190405,000000,0.28049,0.31829,0.28049,0.2785,9068,0
SFD,D,20190408,000000,0.28447,0.28447,0.28447,0.28845,10064,0
SFD,D,20190409,000000,0.27055,0.29641,0.27055,0.2984,20610,0
SFD,D,20190410,000000,0.2984,0.35807,0.2984,0.2984,67975,0
SFD,D,20190411,000000,0.33619,0.34813,0.30039,0.31829,22588,0
SFD,D,20190412,000000,0.33022,0.36802,0.32426,0.32824,23154,0
SFD,D,20190415,000000,0.34813,0.36802,0.32426,0.33818,13613,0
SFD,D,20190416,000000,0.34216,0.34216,0.34216,0.33818,158045,0
SFD,D,20190417,000000,0.34614,0.34614,0.34614,0.34813,995,0
SFD,D,20190418,000000,0.34614,0.49534,0.34614,0.39786,375125,0
SFD,D,20190423,000000,0.36802,0.38394,0.36006,0.35807,79762,0
SFD,D,20190424,000000,0.35807,0.35807,0.35807,0.35807,23872,0
SFD,D,20190425,000000,0.38593,0.38593,0.35012,0.35807,101542,0
SFD,D,20190429,000000,0.38593,0.38593,0.36603,0.36802,6535,0
SFD,D,20190502,000000,0.37001,0.37001,0.37001,0.36802,601,0
SFD,D,20190506,000000,0.36802,0.37598,0.36802,0.37797,10060,0
SFD,D,20190507,000000,0.37797,0.37797,0.37797,0.37797,10054,0
SFD,D,20190508,000000,0.38791,0.45754,0.38791,0.38791,32675,0
SFD,D,20190509,000000,0.39587,0.39587,0.3899,0.38791,12019,0
SFD,D,20190510,000000,0.39786,0.4277,0.38791,0.39786,40446,0
SFD,D,20190513,000000,0.38791,0.40781,0.38791,0.40781,15734,0
SFD,D,20190514,000000,0.41378,0.41378,0.40781,0.40781,12768,0
SFD,D,20190515,000000,0.4277,0.43765,0.4277,0.43765,19353,0
SFD,D,20190516,000000,0.44759,0.5272,0.38791,0.45754,251338,0
SFD,D,20190517,000000,0.4277,0.45754,0.42372,0.45754,44739,0
SFD,D,20190520,000000,0.4277,0.46749,0.40781,0.45754,98048,0
SFD,D,20190521,000000,0.41775,0.45754,0.41775,0.45754,13892,0
SFD,D,20190522,000000,0.45754,0.46749,0.43367,0.43765,5022,0
SFD,D,20190523,000000,0.43765,0.43765,0.43367,0.43765,2971,0
SFD,D,20190524,000000,0.43765,0.45555,0.43367,0.45754,3302,0
SFD,D,20190527,000000,0.44759,0.44759,0.39786,0.39786,2061,0
SFD,D,20190528,000000,0.39985,0.43566,0.39786,0.43765,9551,0
SFD,D,20190529,000000,0.41775,0.41775,0.41775,0.41775,480,0
SFD,D,20190530,000000,0.41775,0.45754,0.40781,0.44759,29481,0
SFD,D,20190531,000000,0.40781,0.43566,0.39786,0.43765,7138,0
SFD,D,20190605,000000,0.40781,0.40781,0.40781,0.40781,75,0
SFD,D,20190606,000000,0.37797,0.40781,0.37797,0.40781,5127,0
SFD,D,20190612,000000,0.40781,0.40781,0.40781,0.40781,10,0
SFD,D,20190619,000000,0.4098,0.4098,0.4098,0.40781,201,0
SFD,D,20190625,000000,0.36006,0.4098,0.36006,0.40781,518,0
SFD,D,20190701,000000,0.4098,0.4098,0.4098,0.40781,60,0
SFD,D,20190711,000000,0.38593,0.38791,0.38593,0.38791,6434,0
SFD,D,20190717,000000,0.36006,0.36006,0.36006,0.35807,1609,0
SFD,D,20190718,000000,0.36006,0.36006,0.36006,0.35807,503,0
SFD,D,20190719,000000,0.372,0.372,0.372,0.36802,1860,0
SFD,D,20190726,000000,0.4098,0.4655,0.4098,0.4655,9089,0
SFD,D,20190730,000000,0.46749,0.46749,0.46749,0.46749,146,0
SFD,D,20190731,000000,0.40781,0.40781,0.40781,0.40781,480,0
SFD,D,20190801,000000,0.45754,0.45754,0.45754,0.45754,15081,0
SFD,D,20190806,000000,0.46749,0.46749,0.46749,0.46749,1063,0
SFD,D,20190807,000000,0.42372,0.42372,0.42372,0.42372,1005,0
SFD,D,20190808,000000,0.39985,0.44361,0.39985,0.44361,163,0
SFD,D,20190809,000000,0.39985,0.39985,0.39985,0.39985,45,0
SFD,D,20190814,000000,0.43765,0.44759,0.43765,0.44759,24792,0
SFD,D,20190820,000000,0.39985,0.39985,0.39985,0.39985,4980,0
SFD,D,20190822,000000,0.44361,0.47743,0.44361,0.46749,14638,0
SFD,D,20190823,000000,0.49733,0.49733,0.4277,0.4277,302,0
SFD,D,20190826,000000,0.49733,0.49733,0.49733,0.49733,101,0
SFD,D,20190827,000000,0.49733,0.6167,0.47743,0.5471,20715,0
SFD,D,20190828,000000,0.47743,0.557,0.47743,0.557,3117,0
SFD,D,20190829,000000,0.47743,0.567,0.43765,0.5073,23370,0
SFD,D,20190830,000000,0.5073,0.6067,0.5073,0.5968,26854,0
SFD,D,20190903,000000,0.49733,0.5371,0.46749,0.5371,6143,0
SFD,D,20190904,000000,0.5321,0.5371,0.5321,0.5371,2413,0
SFD,D,20190909,000000,0.49733,0.5371,0.49733,0.5371,2096,0
SFD,D,20190916,000000,0.5272,0.5272,0.5272,0.5272,89,0
SFD,D,20190918,000000,0.46152,0.5321,0.45754,0.5321,15282,0
SFD,D,20190920,000000,0.46749,0.49733,0.46749,0.49733,3117,0
SFD,D,20190923,000000,0.45754,0.49733,0.45754,0.49733,5932,0
SFD,D,20190924,000000,0.46749,0.49534,0.44759,0.49534,5731,0
SFD,D,20191002,000000,0.40781,0.40781,0.37001,0.37001,4826,0
SFD,D,20191003,000000,0.36802,0.36802,0.3163,0.32028,5359,0
SFD,D,20191004,000000,0.32028,0.32028,0.25861,0.28049,14347,0
SFD,D,20191008,000000,0.29044,0.29044,0.2785,0.2785,10487,0
SFD,D,20191009,000000,0.31829,0.34614,0.2984,0.30436,8948,0
SFD,D,20191010,000000,0.34614,0.34813,0.2785,0.2785,40032,0
SFD,D,20191011,000000,0.3342,0.3342,0.3342,0.3342,20963,0
SFD,D,20191014,000000,0.34813,0.34813,0.31033,0.31033,2596,0
SFD,D,20191028,000000,0.32625,0.32625,0.32625,0.32625,2495,0
SFD,D,20191029,000000,0.34614,0.34614,0.30834,0.30834,1558,0
SFD,D,20191030,000000,0.34813,0.34813,0.34813,0.34813,77414,0
SFD,D,20191031,000000,0.31033,0.31033,0.31033,0.31033,101,0
SFD,D,20191115,000000,0.36802,0.40781,0.36802,0.38791,22624,0
SFD,D,20191118,000000,0.44759,0.44759,0.38791,0.38791,509,0
SFD,D,20191119,000000,0.44759,0.44759,0.44759,0.44759,446,0
SFD,D,20191120,000000,0.38791,0.38791,0.38791,0.38791,40,0
SFD,D,20191128,000000,0.38791,0.38791,0.38791,0.38791,4159,0
SFD,D,20191204,000000,0.38791,0.38791,0.38791,0.38791,50,0
SFD,D,20191205,000000,0.35807,0.35807,0.35807,0.35807,101,0
SFD,D,20191209,000000,0.35807,0.35807,0.32824,0.32824,5027,0
SFD,D,20191219,000000,0.32824,0.32824,0.32824,0.32824,446,0
SFD,D,20191223,000000,0.32824,0.32824,0.32824,0.32824,10573,0
SFD,D,20191230,000000,0.32824,0.32824,0.32824,0.32824,10456,0
SFD,D,20200102,000000,0.38791,0.39786,0.33022,0.39786,55214,0
SFD,D,20200103,000000,0.37797,0.37797,0.3342,0.37797,6143,0
SFD,D,20200108,000000,0.34813,0.34813,0.34813,0.34813,90,0
SFD,D,20200109,000000,0.34813,0.34813,0.32227,0.32227,6957,0
SFD,D,20200113,000000,0.32227,0.32227,0.32028,0.32028,4059,0
SFD,D,20200114,000000,0.32227,0.32227,0.32227,0.32227,50,0
SFD,D,20200120,000000,0.3541,0.37797,0.32824,0.36802,36573,0
SFD,D,20200121,000000,0.36802,0.43765,0.35807,0.40781,65301,0
SFD,D,20200122,000000,0.39786,0.40781,0.35807,0.36802,7741,0
SFD,D,20200123,000000,0.35807,0.35807,0.34813,0.34813,8813,0
SFD,D,20200124,000000,0.34813,0.37797,0.34813,0.35012,3730,0
SFD,D,20200127,000000,0.43168,0.43765,0.38791,0.40781,39638,0
SFD,D,20200128,000000,0.40582,0.40582,0.40582,0.40582,1709,0
SFD,D,20200130,000000,0.36006,0.40582,0.36006,0.40383,3036,0
SFD,D,20200131,000000,0.36205,0.36802,0.36205,0.36802,20118,0
SFD,D,20200203,000000,0.36802,0.37996,0.36205,0.37996,12105,0
SFD,D,20200204,000000,0.36205,0.36205,0.33818,0.33818,20108,0
SFD,D,20200205,000000,0.33818,0.33818,0.31829,0.32824,28362,0
SFD,D,20200206,000000,0.35609,0.35609,0.31829,0.35609,3066,0
SFD,D,20200207,000000,0.32227,0.35807,0.32227,0.35807,4001,0
SFD,D,20200210,000000,0.32227,0.35807,0.32227,0.35807,12140,0
SFD,D,20200211,000000,0.35807,0.35807,0.33818,0.33818,45,0
SFD,D,20200213,000000,0.37797,0.37797,0.34813,0.34813,1439,0
SFD,D,20200217,000000,0.34813,0.34813,0.32824,0.32824,4514,0
SFD,D,20200219,000000,0.3342,0.3342,0.3342,0.3342,30,0
SFD,D,20200221,000000,0.3342,0.3342,0.33221,0.33221,1508,0
SFD,D,20200224,000000,0.33221,0.33221,0.32426,0.32426,128387,0
SFD,D,20200228,000000,0.32625,0.34813,0.32426,0.34813,62827,0
SFD,D,20200302,000000,0.32426,0.32426,0.32426,0.32426,10,0
SFD,D,20200306,000000,0.32426,0.32426,0.32227,0.32227,1066,0
SFD,D,20200309,000000,0.32227,0.32227,0.30834,0.30834,26898,0
SFD,D,20200310,000000,0.2984,0.2984,0.2984,0.2984,40,0
SFD,D,20200311,000000,0.2984,0.2984,0.23872,0.23872,4997,0
SFD,D,20200313,000000,0.19893,0.19893,0.17904,0.17904,20,0
SFD,D,20200316,000000,0.15914,0.15914,0.15914,0.15914,10,0
SFD,D,20200317,000000,0.15914,0.18898,0.15914,0.18898,47,0
SFD,D,20200319,000000,0.16909,0.16909,0.16909,0.16909,10,0
SFD,D,20200330,000000,0.20291,0.20291,0.20291,0.20291,343,0
SFD,D,20200402,000000,0.24866,0.2984,0.24866,0.25662,17970,0
SFD,D,20200403,000000,0.28845,0.34614,0.25463,0.2984,11444,0
SFD,D,20200407,000000,0.33818,0.39587,0.28845,0.33619,73177,0
SFD,D,20200408,000000,0.33619,0.34813,0.33619,0.34813,3087,0
SFD,D,20200409,000000,0.32028,0.34813,0.32028,0.34813,4591,0
SFD,D,20200415,000000,0.34813,0.36802,0.31829,0.36802,13774,0
SFD,D,20200420,000000,0.31431,0.36802,0.31431,0.36802,6034,0
SFD,D,20200423,000000,0.32028,0.32028,0.32028,0.32028,2011,0
SFD,D,20200429,000000,0.36603,0.36603,0.36603,0.36603,10,0
SFD,D,20200430,000000,0.36603,0.36603,0.30834,0.30834,5879,0
SFD,D,20200505,000000,0.32824,0.36603,0.32824,0.36603,25112,0
SFD,D,20200506,000000,0.36603,0.36802,0.36603,0.36802,1005,0
SFD,D,20200508,000000,0.32824,0.36603,0.32824,0.36603,2363,0
SFD,D,20200511,000000,0.36404,0.36802,0.36404,0.36802,4333,0
SFD,D,20200512,000000,0.36802,0.38791,0.36802,0.36802,30344,0
SFD,D,20200513,000000,0.34813,0.38593,0.34813,0.38593,2111,0
SFD,D,20200514,000000,0.34813,0.36802,0.34813,0.36802,1357,0
SFD,D,20200518,000000,0.34813,0.34813,0.34813,0.34813,1005,0
SFD,D,20200519,000000,0.36802,0.36802,0.2984,0.2984,42174,0
SFD,D,20200520,000000,0.2984,0.34813,0.2984,0.2984,9943,0
SFD,D,20200521,000000,0.34415,0.34614,0.30039,0.30834,7560,0
SFD,D,20200525,000000,0.32028,0.34614,0.30635,0.34614,7038,0
SFD,D,20200526,000000,0.34813,0.38791,0.34614,0.38394,5506,0
SFD,D,20200528,000000,0.34813,0.36802,0.32227,0.33022,4810,0
SFD,D,20200529,000000,0.36802,0.39786,0.36802,0.39786,17258,0
SFD,D,20200601,000000,0.39786,0.45754,0.39786,0.45754,52611,0
SFD,D,20200602,000000,0.45754,0.47743,0.39786,0.47743,22246,0
SFD,D,20200603,000000,0.39786,0.47743,0.39786,0.40781,10001,0
SFD,D,20200604,000000,0.40781,0.47743,0.39786,0.43765,16523,0
SFD,D,20200605,000000,0.39786,0.43765,0.39786,0.43765,5127,0
SFD,D,20200609,000000,0.38195,0.45754,0.38195,0.45754,5520,0
SFD,D,20200610,000000,0.39786,0.44759,0.39786,0.44759,303,0
SFD,D,20200612,000000,0.39786,0.44361,0.39786,0.44361,9953,0
SFD,D,20200615,000000,0.39786,0.41775,0.39786,0.39786,8387,0
SFD,D,20200616,000000,0.38195,0.39786,0.38195,0.39786,1257,0
SFD,D,20200617,000000,0.38195,0.38195,0.35012,0.37797,11638,0
SFD,D,20200618,000000,0.35807,0.37797,0.34813,0.37797,9609,0
SFD,D,20200619,000000,0.37797,0.43765,0.35012,0.43765,46028,0
SFD,D,20200622,000000,0.41576,0.41576,0.35012,0.41179,6237,0
SFD,D,20200623,000000,0.44759,0.48738,0.39786,0.45754,107171,0
SFD,D,20200624,000000,0.44163,0.45555,0.41378,0.43367,22506,0
SFD,D,20200625,000000,0.41775,0.45157,0.41775,0.45157,20930,0
SFD,D,20200626,000000,0.45356,0.45356,0.41974,0.45356,25777,0
SFD,D,20200629,000000,0.44759,0.44759,0.4277,0.4277,10487,0
SFD,D,20200630,000000,0.41974,0.41974,0.41974,0.41974,2932,0
SFD,D,20200701,000000,0.44361,0.44361,0.44361,0.44361,432,0
SFD,D,20200702,000000,0.43566,0.43566,0.39985,0.42372,20621,0
SFD,D,20200703,000000,0.42372,0.42372,0.42372,0.42372,2461,0
SFD,D,20200706,000000,0.41775,0.4277,0.39985,0.42372,9258,0
SFD,D,20200707,000000,0.40781,0.40781,0.40582,0.40781,6244,0
SFD,D,20200708,000000,0.42372,0.42372,0.40582,0.40582,2750,0
SFD,D,20200709,000000,0.42372,0.6067,0.42372,0.5272,221637,0
SFD,D,20200710,000000,0.5719,0.5968,0.45754,0.5073,215629,0
SFD,D,20200713,000000,0.5272,0.5272,0.47743,0.49733,38349,0
SFD,D,20200714,000000,0.49733,0.49733,0.47743,0.49733,20513,0
SFD,D,20200715,000000,0.49733,0.49733,0.46948,0.49534,13982,0
SFD,D,20200716,000000,0.48738,0.49534,0.45754,0.48937,10294,0
SFD,D,20200717,000000,0.48937,0.48937,0.43765,0.45754,49519,0
SFD,D,20200720,000000,0.45754,0.4834,0.4277,0.4834,6807,0
SFD,D,20200721,000000,0.45754,0.45754,0.4277,0.4277,10486,0
SFD,D,20200722,000000,0.4456,0.4456,0.36006,0.44361,51294,0
SFD,D,20200723,000000,0.4277,0.4277,0.39985,0.42571,38546,0
SFD,D,20200724,000000,0.42571,0.4277,0.40781,0.4277,10384,0
SFD,D,20200727,000000,0.43367,0.47743,0.43367,0.46749,43276,0
SFD,D,20200728,000000,0.5172,0.6266,0.5172,0.6266,63953,0
SFD,D,20200729,000000,0.7261,0.8355,0.5868,0.7311,240958,0
SFD,D,20200730,000000,0.8952,0.9449,0.7559,0.8206,283059,0
SFD,D,20200731,000000,0.8156,0.8156,0.6963,0.7659,55222,0
SFD,D,20200803,000000,0.8106,1.1637,0.8106,1.1637,192108,0
SFD,D,20200804,000000,1.2035,1.6909,1.2035,1.4124,335916,0
SFD,D,20200805,000000,1.492,1.492,1.1936,1.1936,109339,0
SFD,D,20200806,000000,1.2334,1.293,1.0344,1.1836,107250,0
SFD,D,20200807,000000,1.1737,1.2831,1.0046,1.2035,54793,0
SFD,D,20200810,000000,1.293,1.293,1.114,1.1538,21682,0
SFD,D,20200811,000000,1.1836,1.2433,1.1041,1.1737,34595,0
SFD,D,20200812,000000,1.1737,1.2135,1.0941,1.1836,44956,0
SFD,D,20200813,000000,1.1836,1.1836,1.0543,1.1737,41933,0
SFD,D,20200814,000000,1.3925,1.6909,1.1836,1.681,654701,0
SFD,D,20200817,000000,1.7904,2.2479,1.7904,2.0291,606275,0
SFD,D,20200818,000000,2.0291,2.0291,1.6909,1.8003,227577,0
SFD,D,20200819,000000,1.7207,2.049,1.6014,1.8898,317714,0
SFD,D,20200820,000000,1.9495,2.0092,1.8302,1.8699,48340,0
SFD,D,20200821,000000,1.8699,1.9396,1.7904,1.8202,71965,0
SFD,D,20200824,000000,1.8202,2.0291,1.8202,1.9097,55409,0
SFD,D,20200825,000000,1.9495,2.049,1.8003,1.8003,136009,0
SFD,D,20200826,000000,1.7904,1.8103,1.6014,1.7406,137188,0
SFD,D,20200827,000000,1.7406,1.86,1.6909,1.86,32475,0
SFD,D,20200828,000000,1.85,1.85,1.71,1.71,18007,0
SFD,D,20200831,000000,1.71,1.8,1.65,1.7,43997,0
SFD,D,20200901,000000,1.65,1.65,1.53,1.58,46646,0
SFD,D,20200902,000000,1.59,1.78,1.59,1.77,22009,0
SFD,D,20200903,000000,1.77,1.8,1.65,1.72,11949,0
SFD,D,20200904,000000,1.7,1.71,1.63,1.7,5341,0
SFD,D,20200907,000000,1.67,1.7,1.5,1.6,21889,0
SFD,D,20200908,000000,1.6,1.6,1.31,1.45,59202,0
SFD,D,20200909,000000,1.45,1.69,1.41,1.59,29571,0
SFD,D,20200910,000000,1.59,1.59,1.42,1.54,11408,0
SFD,D,20200911,000000,1.5,1.5,1.4,1.48,34103,0
SFD,D,20200914,000000,1.5,1.58,1.48,1.57,14956,0
SFD,D,20200915,000000,1.58,1.74,1.58,1.69,28997,0
SFD,D,20200916,000000,1.7,1.7,1.6,1.68,20139,0
SFD,D,20200917,000000,1.67,1.67,1.41,1.6,14320,0
SFD,D,20200918,000000,1.5,1.58,1.48,1.58,7984,0
SFD,D,20200921,000000,1.61,1.62,1.53,1.59,3824,0
SFD,D,20200922,000000,1.59,2,1.59,1.93,126397,0
SFD,D,20200923,000000,1.99,2,1.74,1.82,67053,0
SFD,D,20200924,000000,1.73,1.75,1.6,1.73,27509,0
SFD,D,20200925,000000,1.75,1.88,1.67,1.85,23973,0
SFD,D,20200928,000000,1.88,1.88,1.72,1.8,14793,0
SFD,D,20200929,000000,1.8,1.85,1.63,1.71,37725,0
SFD,D,20200930,000000,1.62,1.86,1.62,1.73,39788,0
SFD,D,20201001,000000,1.73,1.81,1.63,1.81,12557,0
SFD,D,20201002,000000,1.68,1.72,1.66,1.72,6011,0
SFD,D,20201005,000000,1.7,1.79,1.65,1.72,16544,0
SFD,D,20201006,000000,1.69,1.72,1.67,1.7,21484,0
SFD,D,20201007,000000,1.66,1.71,1.65,1.71,8490,0
SFD,D,20201008,000000,1.71,1.72,1.69,1.7,19590,0
SFD,D,20201009,000000,1.68,1.77,1.65,1.7,23035,0
SFD,D,20201012,000000,1.78,1.85,1.75,1.8,28971,0
SFD,D,20201013,000000,1.84,2.2,1.81,1.96,185063,0
SFD,D,20201014,000000,1.94,1.94,1.83,1.88,14018,0
SFD,D,20201015,000000,1.8,1.84,1.66,1.83,51138,0
SFD,D,20201016,000000,1.8,1.8,1.7,1.78,8135,0
