<TICKER>,<PER>,<DATE>,<TIME>,<OPEN>,<HIGH>,<LOW>,<CLOSE>,<VOL>,<OPENINT>
SWK,D,20110705,000000,2.94,3.68,2.76,3.68,166668,0
SWK,D,20110706,000000,3.68,3.99,3.1,3.15,113662,0
SWK,D,20110707,000000,3.15,3.37,3.05,3.15,20228,0
SWK,D,20110708,000000,3.2,3.2,3.06,3.15,11547,0
SWK,D,20110711,000000,3.08,3.27,3.05,3.05,8419,0
SWK,D,20110712,000000,3.11,3.69,3.02,3.59,52398,0
SWK,D,20110713,000000,3.45,3.51,3.21,3.21,15925,0
SWK,D,20110714,000000,3.4,3.58,3.2,3.58,1238,0
SWK,D,20110715,000000,3.45,3.57,3.3,3.41,2525,0
SWK,D,20110718,000000,3.36,3.36,3.25,3.3,1960,0
SWK,D,20110719,000000,3.47,3.75,3.35,3.75,6006,0
SWK,D,20110720,000000,3.75,3.76,3.6,3.76,1121,0
SWK,D,20110721,000000,3.75,3.75,3.53,3.53,1575,0
SWK,D,20110722,000000,3.55,3.65,3.55,3.57,115,0
SWK,D,20110725,000000,3.57,3.64,3.55,3.62,1724,0
SWK,D,20110726,000000,3.66,3.66,3.53,3.66,730,0
SWK,D,20110727,000000,3.61,3.83,3.57,3.83,13087,0
SWK,D,20110728,000000,3.82,3.97,3.82,3.82,23383,0
SWK,D,20110729,000000,3.81,3.81,3.55,3.56,4610,0
SWK,D,20110801,000000,3.57,3.68,3.51,3.65,5741,0
SWK,D,20110802,000000,3.55,5.28,3.51,5.28,104704,0
SWK,D,20110803,000000,5.3,5.67,4.9,5.57,42963,0
SWK,D,20110804,000000,5.4,5.4,4.8,4.8,24075,0
SWK,D,20110805,000000,4.5,4.8,4.3,4.67,6213,0
SWK,D,20110808,000000,4.35,4.6,4,4.2,5676,0
SWK,D,20110809,000000,4.01,4.2,3.8,4.2,4161,0
SWK,D,20110810,000000,4.35,4.98,4.01,4.88,12597,0
SWK,D,20110811,000000,4.88,5.03,4.88,5.03,500,0
SWK,D,20110812,000000,4.93,4.93,4.93,4.93,165,0
SWK,D,20110816,000000,4.94,4.94,4.02,4.5,15067,0
SWK,D,20110817,000000,4.48,4.79,4.48,4.79,708,0
SWK,D,20110818,000000,4.5,4.5,4.11,4.11,2255,0
SWK,D,20110819,000000,4.06,4.3,4.06,4.3,1180,0
SWK,D,20110822,000000,4.79,4.79,4.79,4.79,22,0
SWK,D,20110823,000000,4.75,4.75,4.75,4.75,22,0
SWK,D,20110824,000000,4.79,4.79,4.4,4.4,181,0
SWK,D,20110825,000000,4.78,5.45,4.75,4.93,32634,0
SWK,D,20110826,000000,4.94,4.94,4.56,4.94,155,0
SWK,D,20110829,000000,4.7,4.7,4.7,4.7,560,0
SWK,D,20110830,000000,4.51,4.51,4.4,4.42,3096,0
SWK,D,20110831,000000,4.45,4.6,4.45,4.6,222,0
SWK,D,20110901,000000,4.45,4.6,4.36,4.37,3596,0
SWK,D,20110902,000000,4.35,4.36,4.31,4.31,614,0
SWK,D,20110905,000000,4.3,4.3,4.2,4.2,536,0
SWK,D,20110906,000000,4.4,4.4,4.21,4.21,50,0
SWK,D,20110907,000000,4.35,4.35,4.35,4.35,40,0
SWK,D,20110908,000000,4.44,4.44,4.35,4.35,388,0
SWK,D,20110909,000000,4.44,4.44,4.15,4.44,262,0
SWK,D,20110912,000000,4.35,4.39,4.11,4.11,165,0
SWK,D,20110913,000000,4.25,4.4,4.25,4.4,600,0
SWK,D,20110914,000000,4.44,4.44,4.3,4.3,270,0
SWK,D,20110915,000000,4.44,4.48,4.3,4.48,706,0
SWK,D,20110916,000000,4.49,4.49,4.49,4.49,20,0
SWK,D,20110919,000000,4.49,4.49,4.45,4.45,116,0
SWK,D,20110920,000000,4.45,4.45,4.35,4.35,1620,0
SWK,D,20110921,000000,4.34,4.34,4.34,4.34,20,0
SWK,D,20110922,000000,4.29,4.47,4.05,4.25,6115,0
SWK,D,20110923,000000,4.25,4.25,4.25,4.25,170,0
SWK,D,20110926,000000,4.35,4.35,4.35,4.35,20,0
SWK,D,20110927,000000,4.35,4.35,4.34,4.34,50,0
SWK,D,20110928,000000,4.11,4.34,4.05,4.34,1475,0
SWK,D,20110929,000000,4.02,4.24,4.02,4.24,635,0
SWK,D,20110930,000000,4.01,4.14,4.01,4.14,1003,0
SWK,D,20111003,000000,3.99,4.33,3.97,4.02,10372,0
SWK,D,20111004,000000,4.02,4.02,3.8,3.8,5260,0
SWK,D,20111005,000000,3.8,3.8,3.8,3.8,8,0
SWK,D,20111006,000000,3.8,3.8,3.05,3.75,3643,0
SWK,D,20111007,000000,3.59,4.05,3.01,4.05,11172,0
SWK,D,20111010,000000,4.06,4.06,4.04,4.04,330,0
SWK,D,20111011,000000,3.95,3.95,3.65,3.65,2360,0
SWK,D,20111012,000000,3.6,3.6,3.6,3.6,550,0
SWK,D,20111013,000000,3.6,3.6,3.6,3.6,50,0
SWK,D,20111014,000000,3.55,3.7,3.15,3.5,2500,0
SWK,D,20111018,000000,3.4,3.4,3.15,3.15,1220,0
SWK,D,20111019,000000,3.15,3.3,3.15,3.3,80,0
SWK,D,20111020,000000,3.16,3.16,3.15,3.15,207,0
SWK,D,20111021,000000,3.15,3.3,3.11,3.3,1780,0
SWK,D,20111024,000000,3.3,3.3,3.3,3.3,6,0
SWK,D,20111025,000000,3.15,3.3,3.15,3.3,4900,0
SWK,D,20111028,000000,3.34,4.08,3.2,4.08,15560,0
SWK,D,20111031,000000,3.51,4.11,3.51,4.11,7709,0
SWK,D,20111102,000000,4,4.01,3.54,3.95,10446,0
SWK,D,20111103,000000,3.95,4.08,3.89,3.99,1548,0
SWK,D,20111104,000000,3.99,3.99,3.88,3.99,439,0
SWK,D,20111107,000000,4.05,4.05,3.85,3.85,1090,0
SWK,D,20111108,000000,3.71,3.71,3.71,3.71,100,0
SWK,D,20111109,000000,3.75,4.08,3.75,4.08,3829,0
SWK,D,20111110,000000,4.08,4.08,3.6,3.61,2985,0
SWK,D,20111114,000000,3.68,3.75,3.61,3.61,1720,0
SWK,D,20111115,000000,3.61,3.61,3.61,3.61,150,0
SWK,D,20111116,000000,3.61,3.61,3.61,3.61,10,0
SWK,D,20111117,000000,3.72,3.85,3.61,3.61,1310,0
SWK,D,20111118,000000,3.65,3.67,3.64,3.64,1440,0
SWK,D,20111121,000000,3.55,3.55,3.5,3.55,1700,0
SWK,D,20111122,000000,3.5,3.5,3.5,3.5,650,0
SWK,D,20111123,000000,3.51,3.6,3.5,3.5,2780,0
SWK,D,20111124,000000,3.45,3.5,3.45,3.5,915,0
SWK,D,20111125,000000,3.47,3.55,3.36,3.5,5255,0
SWK,D,20111128,000000,3.5,3.5,3.5,3.5,10,0
SWK,D,20111129,000000,3.47,3.47,3.47,3.47,120,0
SWK,D,20111130,000000,3.4,3.4,3.35,3.35,696,0
SWK,D,20111201,000000,3.44,3.44,3.44,3.44,100,0
SWK,D,20111202,000000,3.45,3.45,3.4,3.4,200,0
SWK,D,20111205,000000,3.5,3.5,3.5,3.5,715,0
SWK,D,20111206,000000,3.55,3.8,3.55,3.8,60,0
SWK,D,20111207,000000,3.85,4.1,3.8,3.8,4875,0
SWK,D,20111208,000000,4.05,4.05,4.05,4.05,15,0
SWK,D,20111209,000000,4.04,4.04,3.79,3.79,3230,0
SWK,D,20111212,000000,3.7,3.7,3.7,3.7,20,0
SWK,D,20111213,000000,3.7,3.7,3.7,3.7,750,0
SWK,D,20111214,000000,3.66,3.66,3.51,3.55,3580,0
SWK,D,20111215,000000,3.6,3.6,3.6,3.6,10,0
SWK,D,20111216,000000,3.6,3.6,3.6,3.6,10,0
SWK,D,20111219,000000,3.6,3.93,3.56,3.93,5391,0
SWK,D,20111220,000000,3.93,3.99,3.55,3.99,16278,0
SWK,D,20111221,000000,4.01,4.2,3.75,3.95,26761,0
SWK,D,20111222,000000,3.7,3.7,3.51,3.51,5279,0
SWK,D,20111223,000000,3.65,3.7,3.5,3.7,543,0
SWK,D,20111227,000000,3.5,3.5,3.49,3.49,880,0
SWK,D,20111228,000000,3.3,3.3,3.3,3.3,700,0
SWK,D,20111229,000000,3.4,3.5,3.4,3.5,300,0
SWK,D,20111230,000000,3.4,3.4,3.4,3.4,1,0
SWK,D,20120102,000000,3.45,3.45,3.45,3.45,50,0
SWK,D,20120105,000000,3.4,3.4,3.1,3.1,1050,0
SWK,D,20120110,000000,3.1,3.1,2.5,2.99,1330,0
SWK,D,20120111,000000,2.9,2.9,2.9,2.9,5,0
SWK,D,20120112,000000,2.9,2.9,2.9,2.9,5,0
SWK,D,20120116,000000,2.9,2.9,2.9,2.9,10,0
SWK,D,20120117,000000,2.85,2.85,2.38,2.45,1331,0
SWK,D,20120118,000000,2.45,2.45,2.45,2.45,344,0
SWK,D,20120130,000000,2.5,2.5,2.5,2.5,10,0
SWK,D,20120202,000000,2.5,2.5,2.5,2.5,10,0
SWK,D,20120203,000000,2.5,2.5,2.5,2.5,15,0
SWK,D,20120206,000000,2.5,2.5,2.5,2.5,10,0
SWK,D,20120207,000000,2.5,2.5,2.5,2.5,600,0
SWK,D,20120208,000000,2.5,2.5,2.5,2.5,10,0
SWK,D,20120209,000000,2.52,2.52,2.52,2.52,10,0
SWK,D,20120210,000000,2.52,2.52,2.52,2.52,10,0
SWK,D,20120213,000000,2.52,2.52,2.52,2.52,10,0
SWK,D,20120214,000000,2.52,2.52,2.52,2.52,10,0
SWK,D,20120215,000000,2.52,2.52,2.52,2.52,10,0
SWK,D,20120216,000000,2.52,2.52,2.52,2.52,10,0
SWK,D,20120217,000000,2.52,2.52,2.52,2.52,10,0
SWK,D,20120220,000000,2.52,2.52,2.52,2.52,10,0
SWK,D,20120221,000000,2.5,2.5,2.5,2.5,940,0
SWK,D,20120222,000000,2.5,2.5,2.5,2.5,10,0
SWK,D,20120223,000000,2.5,2.5,2.5,2.5,15,0
SWK,D,20120224,000000,2.5,2.6,2.5,2.6,15,0
SWK,D,20120227,000000,2.5,2.5,2.5,2.5,5,0
SWK,D,20120228,000000,2.5,2.6,2.5,2.5,10480,0
SWK,D,20120229,000000,2.6,2.96,2.5,2.5,7840,0
SWK,D,20120301,000000,2.62,2.62,2.5,2.5,1007,0
SWK,D,20120305,000000,2.55,2.55,2.55,2.55,220,0
SWK,D,20120314,000000,2.6,2.6,2.5,2.5,1040,0
SWK,D,20120326,000000,2.5,2.5,2.5,2.5,40,0
SWK,D,20120327,000000,2.5,2.5,2.5,2.5,40,0
SWK,D,20120328,000000,2.5,2.5,2.5,2.5,40,0
SWK,D,20120329,000000,2.5,2.5,2.5,2.5,40,0
SWK,D,20120330,000000,2.5,2.5,2.5,2.5,20,0
SWK,D,20120402,000000,2.5,2.5,2.5,2.5,40,0
SWK,D,20120403,000000,2.5,2.5,2.5,2.5,30,0
SWK,D,20120404,000000,2.5,2.5,2.5,2.5,20,0
SWK,D,20120405,000000,2.5,2.5,2.5,2.5,10,0
SWK,D,20120410,000000,2.5,2.5,2.18,2.18,3220,0
SWK,D,20120411,000000,2.19,2.22,2.19,2.22,700,0
SWK,D,20120412,000000,2.2,2.85,2.2,2.3,5600,0
SWK,D,20120417,000000,2.3,2.41,2.3,2.41,45,0
SWK,D,20120423,000000,2.45,2.45,2.15,2.21,5890,0
SWK,D,20120424,000000,2.21,2.21,2.21,2.21,1135,0
SWK,D,20120425,000000,2.21,2.21,2.21,2.21,628,0
SWK,D,20120426,000000,2.15,2.15,2.15,2.15,50,0
SWK,D,20120427,000000,2.15,2.5,2.15,2.4,3297,0
SWK,D,20120508,000000,2.35,2.35,2.15,2.15,2450,0
SWK,D,20120515,000000,2.05,2.49,2.01,2.1,11128,0
SWK,D,20120516,000000,2.05,2.05,2.05,2.05,1230,0
SWK,D,20120517,000000,2,2,2,2,50,0
SWK,D,20120518,000000,2,2,1.8,1.8,1610,0
SWK,D,20120521,000000,1.75,2.25,1.75,1.87,4676,0
SWK,D,20120606,000000,1.9,1.9,1.9,1.9,200,0
SWK,D,20120620,000000,1.92,1.92,1.7,1.8,2581,0
SWK,D,20120626,000000,1.7,1.7,1.7,1.7,1400,0
SWK,D,20120703,000000,1.68,1.68,1.37,1.37,6680,0
SWK,D,20120705,000000,1.37,1.37,1.12,1.18,2600,0
SWK,D,20120706,000000,1.18,1.18,1.18,1.18,20,0
SWK,D,20120709,000000,1.16,1.16,1.16,1.16,50,0
SWK,D,20120710,000000,1.13,1.13,1.13,1.13,40,0
SWK,D,20120711,000000,1,1.35,1,1.35,2340,0
SWK,D,20120717,000000,1.34,1.34,1.15,1.15,3277,0
SWK,D,20120807,000000,1.18,1.34,1.01,1.34,9273,0
SWK,D,20120808,000000,1.34,1.34,1.34,1.34,220,0
SWK,D,20120809,000000,1.34,1.34,1.34,1.34,20,0
SWK,D,20120810,000000,1.34,1.34,1.34,1.34,10,0
SWK,D,20120813,000000,1.34,1.34,1.34,1.34,20,0
SWK,D,20120814,000000,1.34,1.34,1.34,1.34,15,0
SWK,D,20120820,000000,1.27,1.27,1.01,1.01,4721,0
SWK,D,20120821,000000,1.04,1.2,1.04,1.2,3450,0
SWK,D,20120822,000000,1.2,1.37,1.02,1.2,10197,0
SWK,D,20120823,000000,1.23,1.23,1.23,1.23,35,0
SWK,D,20120824,000000,1.25,1.25,0.99,0.99,6460,0
SWK,D,20120827,000000,1.02,1.09,1.02,1.09,2550,0
SWK,D,20120829,000000,1.09,1.09,0.9,1.08,9541,0
SWK,D,20120830,000000,1.04,1.04,1.04,1.04,10,0
SWK,D,20120831,000000,1.04,1.04,1.04,1.04,10,0
SWK,D,20120903,000000,1.01,1.01,1.01,1.01,30,0
SWK,D,20120904,000000,1.01,1.01,1.01,1.01,30,0
SWK,D,20120905,000000,1.01,1.01,0.88,0.88,2210,0
SWK,D,20120913,000000,0.87,0.87,0.83,0.83,350,0
SWK,D,20120917,000000,0.83,0.83,0.83,0.83,100,0
SWK,D,20120918,000000,0.81,1.1,0.8,0.89,15662,0
SWK,D,20120921,000000,0.84,0.84,0.84,0.84,200,0
SWK,D,20120925,000000,0.85,0.85,0.85,0.85,50,0
SWK,D,20121011,000000,0.85,0.85,0.85,0.85,50,0
SWK,D,20121012,000000,0.85,0.85,0.85,0.85,20,0
SWK,D,20121016,000000,0.85,0.85,0.85,0.85,15,0
SWK,D,20121022,000000,0.85,0.85,0.68,0.69,4300,0
SWK,D,20121102,000000,0.71,0.82,0.71,0.82,2400,0
SWK,D,20121106,000000,0.78,0.78,0.67,0.67,2940,0
SWK,D,20121107,000000,0.65,0.65,0.54,0.6,3700,0
SWK,D,20121109,000000,0.58,0.58,0.56,0.56,536,0
SWK,D,20121112,000000,0.54,0.54,0.54,0.54,335,0
SWK,D,20121128,000000,0.6,0.6,0.6,0.6,100,0
SWK,D,20121129,000000,0.6,0.6,0.6,0.6,50,0
SWK,D,20121130,000000,0.6,0.6,0.6,0.6,60,0
SWK,D,20121203,000000,0.58,0.58,0.58,0.58,60,0
SWK,D,20121205,000000,0.6,0.6,0.6,0.6,50,0
SWK,D,20121206,000000,0.6,0.6,0.6,0.6,50,0
SWK,D,20121211,000000,0.6,0.6,0.5,0.5,4012,0
SWK,D,20121212,000000,0.5,0.5,0.5,0.5,100,0
SWK,D,20121213,000000,0.5,0.5,0.5,0.5,1398,0
SWK,D,20121214,000000,0.52,0.52,0.52,0.52,50,0
SWK,D,20121217,000000,0.52,0.52,0.52,0.52,50,0
SWK,D,20121218,000000,0.54,0.54,0.54,0.54,50,0
SWK,D,20121219,000000,0.52,0.52,0.44,0.44,671,0
SWK,D,20121220,000000,0.46,0.55,0.46,0.55,5480,0
SWK,D,20121221,000000,0.56,0.56,0.56,0.56,50,0
SWK,D,20121228,000000,0.56,0.56,0.56,0.56,50,0
SWK,D,20130102,000000,0.56,0.56,0.56,0.56,20,0
SWK,D,20130107,000000,0.56,0.56,0.56,0.56,148,0
SWK,D,20130114,000000,0.56,0.6,0.56,0.6,3250,0
SWK,D,20130128,000000,0.61,0.65,0.61,0.61,5400,0
SWK,D,20130129,000000,0.58,0.7,0.5,0.5,15480,0
SWK,D,20130219,000000,0.55,0.55,0.44,0.44,3100,0
SWK,D,20130315,000000,0.48,0.48,0.44,0.44,1150,0
SWK,D,20130422,000000,0.44,0.44,0.3,0.3,1560,0
SWK,D,20130423,000000,0.33,0.33,0.33,0.33,500,0
SWK,D,20130507,000000,0.35,0.4,0.35,0.4,2100,0
SWK,D,20130517,000000,0.4,0.4,0.4,0.4,100,0
SWK,D,20130520,000000,0.4,0.4,0.4,0.4,50,0
SWK,D,20130521,000000,0.4,0.4,0.4,0.4,100,0
SWK,D,20130522,000000,0.4,0.4,0.4,0.4,50,0
SWK,D,20130523,000000,0.4,0.4,0.4,0.4,50,0
SWK,D,20130524,000000,0.4,0.4,0.4,0.4,50,0
SWK,D,20130614,000000,0.4,0.45,0.33,0.45,7300,0
SWK,D,20130627,000000,0.43,0.43,0.43,0.43,50,0
SWK,D,20130628,000000,0.43,0.43,0.43,0.43,50,0
SWK,D,20130723,000000,0.4,0.4,0.4,0.4,216,0
SWK,D,20130816,000000,0.43,0.43,0.43,0.43,20,0
SWK,D,20130821,000000,0.43,0.43,0.4,0.4,100,0
SWK,D,20130902,000000,0.42,0.42,0.38,0.38,515,0
SWK,D,20130905,000000,0.4,0.4,0.38,0.38,600,0
SWK,D,20130924,000000,0.38,0.38,0.32,0.32,200,0
SWK,D,20131203,000000,0.36,0.42,0.36,0.42,3250,0
SWK,D,20140108,000000,0.49,0.49,0.49,0.49,100,0
SWK,D,20140109,000000,0.49,0.49,0.49,0.49,50,0
SWK,D,20140110,000000,0.49,0.49,0.49,0.49,50,0
SWK,D,20140113,000000,0.49,0.49,0.49,0.49,50,0
SWK,D,20140114,000000,0.49,0.49,0.49,0.49,40,0
SWK,D,20140115,000000,0.49,0.49,0.49,0.49,40,0
SWK,D,20140116,000000,0.49,0.49,0.49,0.49,40,0
SWK,D,20140117,000000,0.49,0.49,0.49,0.49,30,0
SWK,D,20140120,000000,0.49,0.49,0.49,0.49,40,0
SWK,D,20140121,000000,0.49,0.49,0.49,0.49,30,0
SWK,D,20140122,000000,0.49,0.49,0.49,0.49,30,0
SWK,D,20140123,000000,0.49,0.49,0.49,0.49,50,0
SWK,D,20140124,000000,0.49,0.49,0.49,0.49,40,0
SWK,D,20140127,000000,0.49,0.49,0.49,0.49,30,0
SWK,D,20140128,000000,0.49,0.49,0.49,0.49,40,0
SWK,D,20140129,000000,0.49,0.49,0.49,0.49,40,0
SWK,D,20140130,000000,0.49,0.49,0.49,0.49,30,0
SWK,D,20140131,000000,0.49,0.49,0.49,0.49,30,0
SWK,D,20140203,000000,0.49,0.49,0.49,0.49,40,0
SWK,D,20140204,000000,0.49,0.49,0.44,0.44,47,0
SWK,D,20140205,000000,0.49,0.49,0.49,0.49,50,0
SWK,D,20140206,000000,0.49,0.49,0.49,0.49,50,0
SWK,D,20140207,000000,0.49,0.49,0.49,0.49,40,0
SWK,D,20140210,000000,0.49,0.49,0.49,0.49,10,0
SWK,D,20140211,000000,0.49,0.49,0.49,0.49,30,0
SWK,D,20140212,000000,0.49,0.49,0.49,0.49,40,0
SWK,D,20140213,000000,0.49,0.49,0.49,0.49,40,0
SWK,D,20140214,000000,0.49,0.49,0.49,0.49,40,0
SWK,D,20140217,000000,0.49,0.49,0.49,0.49,40,0
SWK,D,20140218,000000,0.49,0.49,0.49,0.49,40,0
SWK,D,20140219,000000,0.49,0.49,0.49,0.49,40,0
SWK,D,20140220,000000,0.49,0.49,0.49,0.49,40,0
SWK,D,20140221,000000,0.49,0.49,0.49,0.49,40,0
SWK,D,20140224,000000,0.49,0.49,0.49,0.49,40,0
SWK,D,20140225,000000,0.49,0.49,0.49,0.49,50,0
SWK,D,20140226,000000,0.49,0.49,0.49,0.49,40,0
SWK,D,20140227,000000,0.49,0.49,0.49,0.49,40,0
SWK,D,20140228,000000,0.49,0.49,0.49,0.49,40,0
SWK,D,20140304,000000,0.49,0.49,0.49,0.49,50,0
SWK,D,20140305,000000,0.49,0.49,0.49,0.49,30,0
SWK,D,20140306,000000,0.49,0.49,0.49,0.49,40,0
SWK,D,20140307,000000,0.49,0.49,0.49,0.49,40,0
SWK,D,20140310,000000,0.49,0.49,0.49,0.49,30,0
SWK,D,20140311,000000,0.49,0.49,0.49,0.49,30,0
SWK,D,20140312,000000,0.49,0.49,0.49,0.49,1230,0
SWK,D,20140313,000000,0.49,0.49,0.49,0.49,50,0
SWK,D,20140314,000000,0.49,0.55,0.49,0.55,530,0
SWK,D,20140317,000000,0.55,0.59,0.54,0.54,4080,0
SWK,D,20140325,000000,0.48,0.48,0.44,0.44,5600,0
SWK,D,20140326,000000,0.42,0.42,0.38,0.38,4330,0
SWK,D,20140327,000000,0.36,0.36,0.32,0.32,6670,0
SWK,D,20140331,000000,0.33,0.33,0.33,0.33,300,0
SWK,D,20140429,000000,0.33,0.33,0.33,0.33,100,0
SWK,D,20140502,000000,0.32,0.32,0.26,0.26,1880,0
SWK,D,20140505,000000,0.26,0.26,0.26,0.26,50,0
SWK,D,20140506,000000,0.26,0.26,0.26,0.26,450,0
SWK,D,20140507,000000,0.26,0.26,0.26,0.26,350,0
SWK,D,20140508,000000,0.26,0.26,0.26,0.26,50,0
SWK,D,20140509,000000,0.26,0.26,0.26,0.26,200,0
SWK,D,20140512,000000,0.26,0.26,0.26,0.26,550,0
SWK,D,20140513,000000,0.26,0.26,0.26,0.26,50,0
SWK,D,20140514,000000,0.26,0.26,0.26,0.26,550,0
SWK,D,20140515,000000,0.26,0.26,0.26,0.26,150,0
SWK,D,20140516,000000,0.26,0.26,0.26,0.26,50,0
SWK,D,20140519,000000,0.26,0.26,0.26,0.26,100,0
SWK,D,20140520,000000,0.26,0.26,0.26,0.26,100,0
SWK,D,20140521,000000,0.26,0.26,0.26,0.26,100,0
SWK,D,20140522,000000,0.26,0.26,0.26,0.26,100,0
SWK,D,20140523,000000,0.26,0.31,0.26,0.31,6000,0
SWK,D,20140526,000000,0.33,0.35,0.33,0.35,1500,0
SWK,D,20140527,000000,0.39,0.39,0.39,0.39,1160,0
SWK,D,20140528,000000,0.39,0.39,0.39,0.39,150,0
SWK,D,20140529,000000,0.39,0.39,0.39,0.39,100,0
SWK,D,20140530,000000,0.39,0.39,0.39,0.39,100,0
SWK,D,20140602,000000,0.39,0.39,0.39,0.39,20,0
SWK,D,20140603,000000,0.39,0.39,0.39,0.39,50,0
SWK,D,20140604,000000,0.39,0.39,0.39,0.39,20,0
SWK,D,20140605,000000,0.39,0.39,0.39,0.39,100,0
SWK,D,20140606,000000,0.39,0.39,0.39,0.39,100,0
SWK,D,20140609,000000,0.39,0.39,0.39,0.39,50,0
SWK,D,20140610,000000,0.39,0.39,0.39,0.39,20,0
SWK,D,20140611,000000,0.39,0.39,0.39,0.39,150,0
SWK,D,20140612,000000,0.39,0.39,0.39,0.39,50,0
SWK,D,20140616,000000,0.39,0.39,0.39,0.39,40,0
SWK,D,20140617,000000,0.39,0.39,0.39,0.39,40,0
SWK,D,20140618,000000,0.39,0.39,0.39,0.39,50,0
SWK,D,20140620,000000,0.39,0.39,0.39,0.39,1040,0
SWK,D,20140623,000000,0.39,0.39,0.39,0.39,50,0
SWK,D,20140624,000000,0.39,0.39,0.33,0.33,5050,0
SWK,D,20140714,000000,0.33,0.33,0.33,0.33,200,0
SWK,D,20140716,000000,0.35,0.35,0.28,0.33,11120,0
SWK,D,20140717,000000,0.27,0.32,0.26,0.26,6110,0
SWK,D,20140718,000000,0.31,0.37,0.3,0.35,7330,0
SWK,D,20140721,000000,0.35,0.42,0.35,0.42,10650,0
SWK,D,20140722,000000,0.5,0.55,0.41,0.41,4541,0
SWK,D,20140723,000000,0.45,0.45,0.38,0.4,6020,0
SWK,D,20140724,000000,0.35,0.35,0.29,0.29,590,0
SWK,D,20140725,000000,0.3,0.3,0.26,0.26,350,0
SWK,D,20140728,000000,0.26,0.26,0.26,0.26,150,0
SWK,D,20140729,000000,0.26,0.26,0.21,0.21,11048,0
SWK,D,20140730,000000,0.21,0.26,0.2,0.26,7800,0
SWK,D,20140804,000000,0.26,0.3,0.26,0.3,1050,0
SWK,D,20140805,000000,0.32,0.35,0.32,0.35,400,0
SWK,D,20140807,000000,0.35,0.35,0.35,0.35,350,0
SWK,D,20140820,000000,0.34,0.34,0.34,0.34,100,0
SWK,D,20140825,000000,0.35,0.36,0.35,0.36,200,0
SWK,D,20140826,000000,0.38,0.38,0.38,0.38,50,0
SWK,D,20140827,000000,0.38,0.38,0.38,0.38,150,0
SWK,D,20140828,000000,0.38,0.38,0.38,0.38,50,0
SWK,D,20140829,000000,0.38,0.38,0.38,0.38,50,0
SWK,D,20140901,000000,0.38,0.38,0.38,0.38,50,0
SWK,D,20140902,000000,0.38,0.38,0.38,0.38,50,0
SWK,D,20140903,000000,0.38,0.38,0.38,0.38,50,0
SWK,D,20140904,000000,0.38,0.38,0.38,0.38,50,0
SWK,D,20140905,000000,0.38,0.38,0.38,0.38,50,0
SWK,D,20140908,000000,0.38,0.44,0.38,0.44,4450,0
SWK,D,20140909,000000,0.44,0.44,0.44,0.44,30,0
SWK,D,20140910,000000,0.4,0.4,0.4,0.4,50,0
SWK,D,20140911,000000,0.39,0.39,0.39,0.39,30,0
SWK,D,20140912,000000,0.39,0.39,0.39,0.39,40,0
SWK,D,20140915,000000,0.39,0.39,0.39,0.39,50,0
SWK,D,20140916,000000,0.39,0.46,0.39,0.45,25005,0
SWK,D,20140917,000000,0.45,0.53,0.42,0.51,30421,0
SWK,D,20140930,000000,0.51,0.51,0.51,0.51,50,0
SWK,D,20141014,000000,0.51,0.51,0.51,0.51,50,0
SWK,D,20141027,000000,0.51,0.55,0.51,0.55,4950,0
SWK,D,20141106,000000,0.55,0.55,0.55,0.55,50,0
SWK,D,20141110,000000,0.53,0.53,0.53,0.53,50,0
SWK,D,20141117,000000,0.48,0.48,0.46,0.46,250,0
SWK,D,20141118,000000,0.5,0.5,0.5,0.5,50,0
SWK,D,20141119,000000,0.5,0.5,0.5,0.5,100,0
SWK,D,20141120,000000,0.5,0.5,0.5,0.5,30,0
SWK,D,20141121,000000,0.5,0.5,0.5,0.5,40,0
SWK,D,20141124,000000,0.5,0.5,0.5,0.5,30,0
SWK,D,20141125,000000,0.5,0.5,0.5,0.5,40,0
SWK,D,20141126,000000,0.5,0.5,0.5,0.5,40,0
SWK,D,20141127,000000,0.5,0.5,0.5,0.5,30,0
SWK,D,20141128,000000,0.5,0.5,0.5,0.5,40,0
SWK,D,20141201,000000,0.5,0.5,0.5,0.5,20,0
SWK,D,20141202,000000,0.5,0.5,0.5,0.5,30,0
SWK,D,20141203,000000,0.5,0.5,0.5,0.5,40,0
SWK,D,20141204,000000,0.5,0.5,0.5,0.5,100,0
SWK,D,20141205,000000,0.5,0.5,0.5,0.5,80,0
SWK,D,20141208,000000,0.5,0.5,0.5,0.5,30,0
SWK,D,20141209,000000,0.5,0.5,0.5,0.5,30,0
SWK,D,20141210,000000,0.5,0.5,0.5,0.5,30,0
SWK,D,20141211,000000,0.5,0.5,0.5,0.5,40,0
SWK,D,20141212,000000,0.5,0.5,0.5,0.5,60,0
SWK,D,20141215,000000,0.5,0.5,0.5,0.5,30,0
SWK,D,20141216,000000,0.5,0.5,0.5,0.5,30,0
SWK,D,20141217,000000,0.5,0.5,0.5,0.5,30,0
SWK,D,20141218,000000,0.5,0.5,0.5,0.5,100,0
SWK,D,20141219,000000,0.5,0.5,0.5,0.5,30,0
SWK,D,20141222,000000,0.5,0.5,0.5,0.5,100,0
SWK,D,20141223,000000,0.5,0.5,0.5,0.5,100,0
SWK,D,20141229,000000,0.5,0.5,0.5,0.5,100,0
SWK,D,20141230,000000,0.5,0.5,0.5,0.5,100,0
SWK,D,20150102,000000,0.45,0.45,0.4,0.4,1500,0
SWK,D,20150105,000000,0.43,0.49,0.43,0.49,1960,0
SWK,D,20150107,000000,0.44,0.44,0.41,0.41,1960,0
SWK,D,20150108,000000,0.41,0.41,0.41,0.41,50,0
SWK,D,20150109,000000,0.41,0.41,0.41,0.41,30,0
SWK,D,20150112,000000,0.36,0.41,0.29,0.29,40362,0
SWK,D,20150113,000000,0.29,0.33,0.24,0.31,146150,0
SWK,D,20150127,000000,0.31,0.31,0.3,0.3,260,0
SWK,D,20150128,000000,0.27,0.27,0.25,0.25,450,0
SWK,D,20150216,000000,0.25,0.25,0.23,0.23,400,0
SWK,D,20150217,000000,0.23,0.23,0.23,0.23,125,0
SWK,D,20150219,000000,0.23,0.23,0.23,0.23,47,0
SWK,D,20150223,000000,0.24,0.24,0.24,0.24,120,0
SWK,D,20150224,000000,0.24,0.24,0.24,0.24,60,0
SWK,D,20150225,000000,0.24,0.24,0.24,0.24,60,0
SWK,D,20150226,000000,0.24,0.24,0.24,0.24,100,0
SWK,D,20150227,000000,0.24,0.24,0.24,0.24,50,0
SWK,D,20150302,000000,0.24,0.24,0.24,0.24,50,0
SWK,D,20150303,000000,0.24,0.24,0.24,0.24,5,0
SWK,D,20150318,000000,0.26,0.27,0.26,0.27,2000,0
SWK,D,20150324,000000,0.3,0.3,0.3,0.3,50,0
SWK,D,20150325,000000,0.3,0.3,0.3,0.3,40,0
SWK,D,20150326,000000,0.3,0.3,0.3,0.3,40,0
SWK,D,20150327,000000,0.3,0.3,0.3,0.3,50,0
SWK,D,20150330,000000,0.28,0.28,0.25,0.25,2900,0
SWK,D,20150408,000000,0.24,0.24,0.2,0.2,1053,0
SWK,D,20150413,000000,0.17,0.24,0.15,0.24,1891,0
SWK,D,20150414,000000,0.24,0.32,0.24,0.32,4537,0
SWK,D,20150420,000000,0.32,0.32,0.32,0.32,250,0
SWK,D,20150422,000000,0.35,0.35,0.35,0.35,200,0
SWK,D,20150424,000000,0.35,0.35,0.35,0.35,65,0
SWK,D,20150429,000000,0.35,0.35,0.3,0.3,2000,0
SWK,D,20150504,000000,0.32,0.32,0.32,0.32,50,0
SWK,D,20150505,000000,0.32,0.32,0.32,0.32,50,0
SWK,D,20150506,000000,0.32,0.32,0.32,0.32,40,0
SWK,D,20150507,000000,0.32,0.32,0.32,0.32,40,0
SWK,D,20150508,000000,0.32,0.32,0.32,0.32,50,0
SWK,D,20150511,000000,0.32,0.32,0.32,0.32,40,0
SWK,D,20150512,000000,0.32,0.32,0.32,0.32,40,0
SWK,D,20150513,000000,0.32,0.32,0.32,0.32,30,0
SWK,D,20150514,000000,0.32,0.32,0.32,0.32,4,0
SWK,D,20150528,000000,0.33,0.33,0.33,0.33,50,0
SWK,D,20150529,000000,0.32,0.33,0.32,0.33,100,0
SWK,D,20150601,000000,0.33,0.33,0.33,0.33,40,0
SWK,D,20150602,000000,0.33,0.33,0.33,0.33,40,0
SWK,D,20150603,000000,0.33,0.33,0.33,0.33,50,0
SWK,D,20150605,000000,0.33,0.33,0.33,0.33,35,0
SWK,D,20150608,000000,0.33,0.33,0.27,0.27,290,0
SWK,D,20150611,000000,0.29,0.29,0.29,0.29,40,0
SWK,D,20150612,000000,0.29,0.29,0.29,0.29,40,0
SWK,D,20150615,000000,0.29,0.29,0.29,0.29,40,0
SWK,D,20150616,000000,0.29,0.29,0.29,0.29,40,0
SWK,D,20150617,000000,0.29,0.29,0.27,0.27,140,0
SWK,D,20150618,000000,0.29,0.29,0.29,0.29,20,0
SWK,D,20150619,000000,0.29,0.29,0.26,0.26,325,0
SWK,D,20150622,000000,0.26,0.26,0.26,0.26,50,0
SWK,D,20150623,000000,0.26,0.26,0.26,0.26,40,0
SWK,D,20150624,000000,0.26,0.26,0.26,0.26,50,0
SWK,D,20150625,000000,0.26,0.26,0.26,0.26,100,0
SWK,D,20150626,000000,0.26,0.26,0.26,0.26,100,0
SWK,D,20150629,000000,0.26,0.26,0.26,0.26,50,0
SWK,D,20150630,000000,0.26,0.26,0.26,0.26,50,0
SWK,D,20150701,000000,0.26,0.26,0.26,0.26,40,0
SWK,D,20150702,000000,0.26,0.26,0.26,0.26,50,0
SWK,D,20150703,000000,0.26,0.26,0.26,0.26,100,0
SWK,D,20150706,000000,0.26,0.26,0.26,0.26,100,0
SWK,D,20150707,000000,0.26,0.26,0.26,0.26,140,0
SWK,D,20150708,000000,0.26,0.26,0.26,0.26,100,0
SWK,D,20150709,000000,0.26,0.26,0.26,0.26,100,0
SWK,D,20150710,000000,0.26,0.26,0.26,0.26,100,0
SWK,D,20150713,000000,0.26,0.26,0.26,0.26,50,0
SWK,D,20150714,000000,0.26,0.26,0.26,0.26,50,0
SWK,D,20150715,000000,0.26,0.26,0.26,0.26,265,0
SWK,D,20150716,000000,0.26,0.26,0.26,0.26,50,0
SWK,D,20150717,000000,0.26,0.26,0.26,0.26,100,0
SWK,D,20150720,000000,0.26,0.26,0.26,0.26,80,0
SWK,D,20150721,000000,0.28,0.28,0.28,0.28,100,0
SWK,D,20150722,000000,0.28,0.28,0.28,0.28,100,0
SWK,D,20150723,000000,0.28,0.28,0.28,0.28,40,0
SWK,D,20150724,000000,0.28,0.28,0.28,0.28,40,0
SWK,D,20150727,000000,0.28,0.28,0.28,0.28,40,0
SWK,D,20150729,000000,0.28,0.28,0.28,0.28,40,0
SWK,D,20150730,000000,0.28,0.28,0.28,0.28,50,0
SWK,D,20150731,000000,0.28,0.28,0.28,0.28,40,0
SWK,D,20150803,000000,0.28,0.28,0.28,0.28,40,0
SWK,D,20150804,000000,0.28,0.28,0.28,0.28,50,0
SWK,D,20150805,000000,0.28,0.28,0.28,0.28,50,0
SWK,D,20150806,000000,0.28,0.28,0.28,0.28,50,0
SWK,D,20150807,000000,0.28,0.28,0.28,0.28,40,0
SWK,D,20150810,000000,0.28,0.28,0.28,0.28,40,0
SWK,D,20150811,000000,0.29,0.29,0.29,0.29,50,0
SWK,D,20150812,000000,0.29,0.29,0.29,0.29,50,0
SWK,D,20150813,000000,0.29,0.29,0.29,0.29,50,0
SWK,D,20150814,000000,0.29,0.29,0.29,0.29,40,0
SWK,D,20150817,000000,0.28,0.28,0.28,0.28,40,0
SWK,D,20150818,000000,0.28,0.28,0.28,0.28,40,0
SWK,D,20150819,000000,0.28,0.28,0.28,0.28,20,0
SWK,D,20150820,000000,0.28,0.28,0.28,0.28,20,0
SWK,D,20150821,000000,0.28,0.28,0.28,0.28,10,0
SWK,D,20150824,000000,0.28,0.28,0.28,0.28,40,0
SWK,D,20150825,000000,0.28,0.28,0.28,0.28,100,0
SWK,D,20150826,000000,0.28,0.28,0.28,0.28,40,0
SWK,D,20150827,000000,0.28,0.28,0.28,0.28,50,0
SWK,D,20150828,000000,0.28,0.28,0.28,0.28,50,0
SWK,D,20150831,000000,0.28,0.28,0.28,0.28,40,0
SWK,D,20150901,000000,0.28,0.28,0.28,0.28,40,0
SWK,D,20150902,000000,0.28,0.28,0.28,0.28,50,0
SWK,D,20150903,000000,0.28,0.28,0.28,0.28,50,0
SWK,D,20150904,000000,0.28,0.28,0.28,0.28,50,0
SWK,D,20150907,000000,0.28,0.28,0.28,0.28,50,0
SWK,D,20150908,000000,0.28,0.28,0.28,0.28,50,0
SWK,D,20150909,000000,0.28,0.28,0.28,0.28,40,0
SWK,D,20150910,000000,0.28,0.28,0.28,0.28,50,0
SWK,D,20150911,000000,0.28,0.28,0.28,0.28,50,0
SWK,D,20150914,000000,0.28,0.28,0.28,0.28,40,0
SWK,D,20150915,000000,0.28,0.28,0.28,0.28,20,0
SWK,D,20150916,000000,0.28,0.28,0.28,0.28,50,0
SWK,D,20150917,000000,0.28,0.28,0.28,0.28,40,0
SWK,D,20150918,000000,0.28,0.28,0.28,0.28,40,0
SWK,D,20150921,000000,0.28,0.28,0.28,0.28,40,0
SWK,D,20150922,000000,0.28,0.28,0.28,0.28,40,0
SWK,D,20150923,000000,0.28,0.28,0.28,0.28,40,0
SWK,D,20150924,000000,0.28,0.28,0.28,0.28,40,0
SWK,D,20150925,000000,0.28,0.28,0.28,0.28,50,0
SWK,D,20150928,000000,0.28,0.28,0.28,0.28,40,0
SWK,D,20150929,000000,0.28,0.28,0.28,0.28,50,0
SWK,D,20150930,000000,0.28,0.28,0.28,0.28,50,0
SWK,D,20151001,000000,0.28,0.28,0.28,0.28,50,0
SWK,D,20151002,000000,0.28,0.28,0.28,0.28,40,0
SWK,D,20151005,000000,0.28,0.28,0.28,0.28,50,0
SWK,D,20151006,000000,0.28,0.28,0.28,0.28,40,0
SWK,D,20151007,000000,0.28,0.28,0.28,0.28,50,0
SWK,D,20151008,000000,0.28,0.28,0.28,0.28,50,0
SWK,D,20151009,000000,0.28,0.28,0.28,0.28,50,0
SWK,D,20151012,000000,0.28,0.28,0.28,0.28,40,0
SWK,D,20151013,000000,0.28,0.28,0.28,0.28,40,0
SWK,D,20151014,000000,0.28,0.28,0.28,0.28,50,0
SWK,D,20151015,000000,0.28,0.28,0.28,0.28,50,0
SWK,D,20151016,000000,0.28,0.28,0.28,0.28,40,0
SWK,D,20151019,000000,0.29,0.29,0.29,0.29,50,0
SWK,D,20151020,000000,0.29,0.29,0.29,0.29,50,0
SWK,D,20151021,000000,0.29,0.29,0.29,0.29,50,0
SWK,D,20151022,000000,0.29,0.29,0.29,0.29,50,0
SWK,D,20151023,000000,0.29,0.29,0.29,0.29,50,0
SWK,D,20151026,000000,0.29,0.29,0.29,0.29,40,0
SWK,D,20151027,000000,0.29,0.29,0.29,0.29,40,0
SWK,D,20151028,000000,0.29,0.29,0.29,0.29,50,0
SWK,D,20151029,000000,0.29,0.29,0.29,0.29,50,0
SWK,D,20151030,000000,0.29,0.29,0.29,0.29,50,0
SWK,D,20151102,000000,0.29,0.29,0.29,0.29,50,0
SWK,D,20151103,000000,0.29,0.29,0.29,0.29,50,0
SWK,D,20151104,000000,0.3,0.3,0.3,0.3,50,0
SWK,D,20151105,000000,0.3,0.3,0.3,0.3,50,0
SWK,D,20151106,000000,0.3,0.3,0.3,0.3,20,0
SWK,D,20151109,000000,0.31,0.31,0.31,0.31,50,0
SWK,D,20151110,000000,0.31,0.31,0.31,0.31,50,0
SWK,D,20151112,000000,0.31,0.31,0.31,0.31,50,0
SWK,D,20151113,000000,0.31,0.31,0.31,0.31,50,0
SWK,D,20151116,000000,0.31,0.31,0.31,0.31,50,0
SWK,D,20151117,000000,0.31,0.31,0.31,0.31,50,0
SWK,D,20151118,000000,0.31,0.31,0.31,0.31,50,0
SWK,D,20151119,000000,0.31,0.31,0.31,0.31,40,0
SWK,D,20151120,000000,0.31,0.31,0.31,0.31,50,0
SWK,D,20151123,000000,0.31,0.31,0.31,0.31,50,0
SWK,D,20151124,000000,0.31,0.31,0.31,0.31,50,0
SWK,D,20151125,000000,0.31,0.31,0.31,0.31,50,0
SWK,D,20151126,000000,0.31,0.31,0.31,0.31,50,0
SWK,D,20151127,000000,0.31,0.31,0.31,0.31,50,0
SWK,D,20151130,000000,0.33,0.33,0.33,0.33,50,0
SWK,D,20151201,000000,0.32,0.32,0.32,0.32,50,0
SWK,D,20151202,000000,0.33,0.33,0.33,0.33,50,0
SWK,D,20151203,000000,0.33,0.33,0.33,0.33,40,0
SWK,D,20151204,000000,0.33,0.33,0.33,0.33,50,0
SWK,D,20151207,000000,0.33,0.33,0.33,0.33,50,0
SWK,D,20151208,000000,0.34,0.34,0.34,0.34,40,0
SWK,D,20151209,000000,0.34,0.34,0.34,0.34,40,0
SWK,D,20151210,000000,0.34,0.34,0.34,0.34,40,0
SWK,D,20151211,000000,0.34,0.34,0.34,0.34,50,0
SWK,D,20151214,000000,0.34,0.34,0.34,0.34,40,0
SWK,D,20151215,000000,0.34,0.34,0.34,0.34,40,0
SWK,D,20151216,000000,0.34,0.34,0.34,0.34,40,0
SWK,D,20151217,000000,0.35,0.35,0.35,0.35,40,0
SWK,D,20151218,000000,0.35,0.35,0.35,0.35,50,0
SWK,D,20151221,000000,0.35,0.35,0.27,0.27,222,0
SWK,D,20151223,000000,0.32,0.32,0.32,0.32,50,0
SWK,D,20151228,000000,0.32,0.32,0.32,0.32,50,0
SWK,D,20151229,000000,0.33,0.33,0.33,0.33,50,0
SWK,D,20151230,000000,0.33,0.33,0.33,0.33,50,0
SWK,D,20160104,000000,0.34,0.34,0.34,0.34,40,0
SWK,D,20160105,000000,0.34,0.34,0.34,0.34,40,0
SWK,D,20160107,000000,0.34,0.34,0.34,0.34,50,0
SWK,D,20160108,000000,0.34,0.34,0.34,0.34,40,0
SWK,D,20160111,000000,0.34,0.34,0.34,0.34,40,0
SWK,D,20160112,000000,0.34,0.34,0.34,0.34,50,0
SWK,D,20160113,000000,0.34,0.34,0.34,0.34,50,0
SWK,D,20160114,000000,0.34,0.34,0.34,0.34,50,0
SWK,D,20160115,000000,0.34,0.34,0.34,0.34,40,0
SWK,D,20160118,000000,0.34,0.34,0.34,0.34,50,0
SWK,D,20160119,000000,0.34,0.34,0.34,0.34,50,0
SWK,D,20160120,000000,0.34,0.34,0.34,0.34,50,0
SWK,D,20160121,000000,0.34,0.34,0.34,0.34,50,0
SWK,D,20160122,000000,0.34,0.34,0.34,0.34,50,0
SWK,D,20160125,000000,0.34,0.34,0.34,0.34,50,0
SWK,D,20160126,000000,0.34,0.34,0.34,0.34,40,0
SWK,D,20160127,000000,0.34,0.34,0.34,0.34,40,0
SWK,D,20160128,000000,0.34,0.34,0.34,0.34,40,0
SWK,D,20160129,000000,0.34,0.34,0.34,0.34,40,0
SWK,D,20160201,000000,0.34,0.34,0.34,0.34,40,0
SWK,D,20160202,000000,0.34,0.34,0.34,0.34,40,0
SWK,D,20160203,000000,0.34,0.34,0.34,0.34,40,0
SWK,D,20160204,000000,0.34,0.34,0.34,0.34,40,0
SWK,D,20160205,000000,0.34,0.34,0.34,0.34,40,0
SWK,D,20160208,000000,0.34,0.34,0.34,0.34,40,0
SWK,D,20160209,000000,0.34,0.34,0.34,0.34,50,0
SWK,D,20160210,000000,0.34,0.34,0.34,0.34,40,0
SWK,D,20160211,000000,0.34,0.34,0.34,0.34,50,0
SWK,D,20160212,000000,0.34,0.34,0.34,0.34,40,0
SWK,D,20160215,000000,0.34,0.34,0.34,0.34,100,0
SWK,D,20160216,000000,0.34,0.34,0.34,0.34,50,0
SWK,D,20160217,000000,0.34,0.34,0.34,0.34,100,0
SWK,D,20160218,000000,0.34,0.34,0.34,0.34,30,0
SWK,D,20160219,000000,0.34,0.34,0.34,0.34,50,0
SWK,D,20160222,000000,0.34,0.34,0.34,0.34,50,0
SWK,D,20160223,000000,0.34,0.34,0.34,0.34,30,0
SWK,D,20160224,000000,0.34,0.34,0.34,0.34,50,0
SWK,D,20160225,000000,0.34,0.34,0.34,0.34,40,0
SWK,D,20160226,000000,0.34,0.34,0.34,0.34,40,0
SWK,D,20160229,000000,0.34,0.34,0.34,0.34,50,0
SWK,D,20160301,000000,0.34,0.34,0.34,0.34,40,0
SWK,D,20160302,000000,0.34,0.34,0.34,0.34,50,0
SWK,D,20160303,000000,0.34,0.34,0.34,0.34,40,0
SWK,D,20160304,000000,0.35,0.35,0.35,0.35,40,0
SWK,D,20160307,000000,0.35,0.35,0.35,0.35,50,0
SWK,D,20160308,000000,0.35,0.35,0.35,0.35,50,0
SWK,D,20160309,000000,0.35,0.35,0.3,0.3,100,0
SWK,D,20160310,000000,0.35,0.35,0.35,0.35,50,0
SWK,D,20160311,000000,0.35,0.37,0.35,0.37,2240,0
SWK,D,20160318,000000,0.39,0.39,0.39,0.39,40,0
SWK,D,20160321,000000,0.39,0.39,0.39,0.39,40,0
SWK,D,20160322,000000,0.39,0.39,0.39,0.39,40,0
SWK,D,20160323,000000,0.39,0.39,0.39,0.39,40,0
SWK,D,20160324,000000,0.39,0.39,0.39,0.39,40,0
SWK,D,20160329,000000,0.39,0.39,0.39,0.39,40,0
SWK,D,20160330,000000,0.39,0.39,0.39,0.39,40,0
SWK,D,20160331,000000,0.39,0.39,0.39,0.39,40,0
SWK,D,20160401,000000,0.39,0.39,0.39,0.39,13,0
SWK,D,20160406,000000,0.32,0.32,0.32,0.32,100,0
SWK,D,20160412,000000,0.32,0.32,0.28,0.28,350,0
SWK,D,20160420,000000,0.3,0.36,0.3,0.36,3000,0
SWK,D,20160422,000000,0.34,0.4,0.29,0.4,7199,0
SWK,D,20160425,000000,0.35,0.5,0.32,0.5,26152,0
SWK,D,20160426,000000,0.5,0.6,0.49,0.6,13196,0
SWK,D,20160427,000000,0.6,0.86,0.6,0.76,75084,0
SWK,D,20160428,000000,0.82,0.88,0.67,0.67,59590,0
SWK,D,20160504,000000,0.72,0.72,0.48,0.63,59420,0
SWK,D,20160505,000000,0.61,0.61,0.61,0.61,300,0
SWK,D,20160509,000000,0.62,0.62,0.62,0.62,490,0
SWK,D,20160517,000000,0.62,0.71,0.6,0.68,3170,0
SWK,D,20160519,000000,0.66,0.68,0.66,0.68,375,0
SWK,D,20160523,000000,0.68,0.8,0.68,0.8,1008,0
SWK,D,20160525,000000,0.78,0.92,0.77,0.92,6262,0
SWK,D,20160527,000000,0.92,0.92,0.85,0.85,120,0
SWK,D,20160530,000000,0.76,0.76,0.76,0.76,150,0
SWK,D,20160531,000000,0.7,0.82,0.56,0.82,6515,0
SWK,D,20160601,000000,0.7,0.7,0.7,0.7,200,0
SWK,D,20160602,000000,0.74,0.78,0.74,0.78,5000,0
SWK,D,20160603,000000,0.78,0.78,0.78,0.78,50,0
SWK,D,20160606,000000,0.77,0.77,0.69,0.69,1170,0
SWK,D,20160607,000000,0.62,0.7,0.5,0.7,15950,0
SWK,D,20160608,000000,0.71,0.75,0.71,0.75,3065,0
SWK,D,20160609,000000,0.78,0.78,0.75,0.75,1220,0
SWK,D,20160610,000000,0.77,0.77,0.77,0.77,20,0
SWK,D,20160613,000000,0.78,0.78,0.78,0.78,30,0
SWK,D,20160614,000000,0.77,0.77,0.77,0.77,20,0
SWK,D,20160615,000000,0.78,0.78,0.78,0.78,20,0
SWK,D,20160616,000000,0.75,0.75,0.75,0.75,20,0
SWK,D,20160617,000000,0.75,0.75,0.75,0.75,20,0
SWK,D,20160620,000000,0.75,0.75,0.75,0.75,50,0
SWK,D,20160621,000000,0.75,0.75,0.75,0.75,20,0
SWK,D,20160622,000000,0.75,0.75,0.75,0.75,30,0
SWK,D,20160623,000000,0.75,0.75,0.75,0.75,20,0
SWK,D,20160624,000000,0.75,0.75,0.75,0.75,20,0
SWK,D,20160627,000000,0.75,0.75,0.75,0.75,20,0
SWK,D,20160628,000000,0.75,0.75,0.71,0.71,260,0
SWK,D,20160629,000000,0.75,0.84,0.6,0.6,141000,0
SWK,D,20160630,000000,0.64,0.71,0.53,0.63,107884,0
SWK,D,20160701,000000,0.63,0.63,0.63,0.63,50,0
SWK,D,20160704,000000,0.63,0.63,0.63,0.63,30,0
SWK,D,20160705,000000,0.63,0.63,0.63,0.63,20,0
SWK,D,20160706,000000,0.63,0.63,0.63,0.63,50,0
SWK,D,20160707,000000,0.63,0.63,0.63,0.63,50,0
SWK,D,20160708,000000,0.63,0.63,0.63,0.63,50,0
SWK,D,20160711,000000,0.63,0.63,0.63,0.63,60,0
SWK,D,20160712,000000,0.63,0.63,0.63,0.63,60,0
SWK,D,20160713,000000,0.63,0.63,0.63,0.63,100,0
SWK,D,20160714,000000,0.63,0.63,0.63,0.63,50,0
SWK,D,20160715,000000,0.63,0.63,0.63,0.63,50,0
SWK,D,20160718,000000,0.63,0.63,0.63,0.63,50,0
SWK,D,20160719,000000,0.63,0.63,0.63,0.63,50,0
SWK,D,20160720,000000,0.63,0.63,0.63,0.63,50,0
SWK,D,20160721,000000,0.63,0.63,0.63,0.63,50,0
SWK,D,20160722,000000,0.63,0.63,0.63,0.63,50,0
SWK,D,20160725,000000,0.63,0.63,0.63,0.63,50,0
SWK,D,20160726,000000,0.63,0.63,0.63,0.63,50,0
SWK,D,20160727,000000,0.63,0.63,0.63,0.63,50,0
SWK,D,20160728,000000,0.63,0.63,0.63,0.63,50,0
SWK,D,20160729,000000,0.63,0.63,0.63,0.63,50,0
SWK,D,20160801,000000,0.63,0.63,0.63,0.63,50,0
SWK,D,20160802,000000,0.63,0.63,0.63,0.63,50,0
SWK,D,20160803,000000,0.63,0.63,0.63,0.63,50,0
SWK,D,20160804,000000,0.63,0.63,0.63,0.63,50,0
SWK,D,20160805,000000,0.63,0.63,0.58,0.58,1820,0
SWK,D,20160808,000000,0.58,0.58,0.58,0.58,50,0
SWK,D,20160809,000000,0.58,0.58,0.47,0.47,1870,0
SWK,D,20160810,000000,0.47,0.5,0.47,0.5,2170,0
SWK,D,20160812,000000,0.5,0.5,0.5,0.5,60,0
SWK,D,20160816,000000,0.49,0.49,0.49,0.49,200,0
SWK,D,20160817,000000,0.49,0.49,0.49,0.49,100,0
SWK,D,20160818,000000,0.49,0.49,0.49,0.49,50,0
SWK,D,20160819,000000,0.49,0.49,0.49,0.49,15,0
SWK,D,20160822,000000,0.49,0.49,0.49,0.49,100,0
SWK,D,20160823,000000,0.49,0.49,0.49,0.49,30,0
SWK,D,20160824,000000,0.49,0.49,0.49,0.49,30,0
SWK,D,20160825,000000,0.49,0.49,0.49,0.49,100,0
SWK,D,20160826,000000,0.49,0.49,0.49,0.49,50,0
SWK,D,20160829,000000,0.47,0.47,0.47,0.47,30,0
SWK,D,20160830,000000,0.47,0.47,0.4,0.4,3880,0
SWK,D,20160927,000000,0.42,0.46,0.37,0.4,3230,0
SWK,D,20160928,000000,0.42,0.6,0.42,0.57,42822,0
SWK,D,20160929,000000,0.55,0.55,0.52,0.52,1400,0
SWK,D,20160930,000000,0.52,0.52,0.52,0.52,30,0
SWK,D,20161003,000000,0.5,0.5,0.5,0.5,30,0
SWK,D,20161004,000000,0.5,0.5,0.5,0.5,30,0
SWK,D,20161005,000000,0.5,0.5,0.5,0.5,30,0
SWK,D,20161006,000000,0.5,0.5,0.45,0.45,140,0
SWK,D,20161012,000000,0.5,0.5,0.5,0.5,600,0
SWK,D,20161013,000000,0.5,0.5,0.5,0.5,30,0
SWK,D,20161014,000000,0.49,0.5,0.49,0.5,130,0
SWK,D,20161017,000000,0.5,0.5,0.5,0.5,30,0
SWK,D,20161018,000000,0.52,0.52,0.52,0.52,40,0
SWK,D,20161019,000000,0.52,0.52,0.52,0.52,30,0
SWK,D,20161020,000000,0.52,0.52,0.52,0.52,30,0
SWK,D,20161021,000000,0.52,0.52,0.52,0.52,30,0
SWK,D,20161024,000000,0.52,0.52,0.52,0.52,50,0
SWK,D,20161025,000000,0.52,0.52,0.52,0.52,40,0
SWK,D,20161026,000000,0.52,0.52,0.52,0.52,30,0
SWK,D,20161027,000000,0.52,0.52,0.52,0.52,50,0
SWK,D,20161028,000000,0.52,0.52,0.52,0.52,30,0
SWK,D,20161102,000000,0.52,0.52,0.52,0.52,30,0
SWK,D,20161109,000000,0.51,0.51,0.51,0.51,30,0
SWK,D,20161110,000000,0.51,0.51,0.51,0.51,30,0
SWK,D,20161222,000000,0.46,0.46,0.46,0.46,205,0
SWK,D,20170124,000000,0.5,0.5,0.5,0.5,5000,0
SWK,D,20170125,000000,0.5,0.5,0.5,0.5,100,0
SWK,D,20170126,000000,0.5,0.5,0.5,0.5,30,0
SWK,D,20170127,000000,0.5,0.5,0.5,0.5,30,0
SWK,D,20170130,000000,0.5,0.5,0.5,0.5,30,0
SWK,D,20170131,000000,0.5,0.5,0.5,0.5,30,0
SWK,D,20170201,000000,0.5,0.5,0.5,0.5,30,0
SWK,D,20170202,000000,0.5,0.5,0.5,0.5,30,0
SWK,D,20170203,000000,0.5,0.5,0.5,0.5,230,0
SWK,D,20170206,000000,0.5,0.5,0.5,0.5,30,0
SWK,D,20170207,000000,0.5,0.5,0.4,0.4,8902,0
SWK,D,20170208,000000,0.35,0.35,0.35,0.35,3000,0
SWK,D,20170210,000000,0.35,0.35,0.35,0.35,250,0
SWK,D,20170213,000000,0.35,0.35,0.35,0.35,100,0
SWK,D,20170214,000000,0.35,0.35,0.35,0.35,50,0
SWK,D,20170215,000000,0.35,0.35,0.35,0.35,100,0
SWK,D,20170216,000000,0.35,0.35,0.35,0.35,50,0
SWK,D,20170217,000000,0.35,0.35,0.35,0.35,50,0
SWK,D,20170302,000000,0.31,0.31,0.31,0.31,1700,0
SWK,D,20170308,000000,0.31,0.31,0.31,0.31,200,0
SWK,D,20170309,000000,0.31,0.31,0.31,0.31,5,0
SWK,D,20170310,000000,0.31,0.31,0.31,0.31,50,0
SWK,D,20170313,000000,0.31,0.31,0.31,0.31,50,0
SWK,D,20170315,000000,0.33,0.33,0.33,0.33,995,0
SWK,D,20170317,000000,0.29,0.29,0.29,0.29,680,0
SWK,D,20170331,000000,0.28,0.28,0.26,0.26,7030,0
SWK,D,20170403,000000,0.22,0.22,0.22,0.22,4900,0
SWK,D,20170404,000000,0.21,0.21,0.2,0.2,5444,0
SWK,D,20170405,000000,0.2,0.2,0.2,0.2,50,0
SWK,D,20170406,000000,0.2,0.2,0.2,0.2,50,0
SWK,D,20170407,000000,0.2,0.2,0.2,0.2,100,0
SWK,D,20170410,000000,0.2,0.2,0.2,0.2,50,0
SWK,D,20170411,000000,0.2,0.2,0.2,0.2,50,0
SWK,D,20170412,000000,0.2,0.2,0.2,0.2,50,0
SWK,D,20170413,000000,0.2,0.2,0.2,0.2,20,0
SWK,D,20170420,000000,0.15,0.15,0.15,0.15,5000,0
SWK,D,20170424,000000,0.15,0.16,0.15,0.16,250,0
SWK,D,20170505,000000,0.12,0.12,0.12,0.12,3072,0
SWK,D,20170508,000000,0.1,0.1,0.1,0.1,3000,0
SWK,D,20170509,000000,0.12,0.12,0.12,0.12,20200,0
SWK,D,20170510,000000,0.12,0.12,0.12,0.12,976,0
SWK,D,20170511,000000,0.12,0.12,0.12,0.12,17049,0
SWK,D,20170512,000000,0.14,0.15,0.14,0.15,120,0
SWK,D,20170515,000000,0.15,0.15,0.15,0.15,100,0
SWK,D,20170516,000000,0.14,0.14,0.14,0.14,150,0
SWK,D,20170517,000000,0.14,0.14,0.14,0.14,100,0
SWK,D,20170518,000000,0.14,0.14,0.14,0.14,150,0
SWK,D,20170519,000000,0.13,0.13,0.13,0.13,5071,0
SWK,D,20170522,000000,0.13,0.13,0.13,0.13,150,0
SWK,D,20170523,000000,0.14,0.14,0.14,0.14,200,0
SWK,D,20170524,000000,0.14,0.14,0.14,0.14,150,0
SWK,D,20170525,000000,0.14,0.14,0.14,0.14,100,0
SWK,D,20170526,000000,0.14,0.14,0.14,0.14,100,0
SWK,D,20170529,000000,0.14,0.18,0.14,0.18,2100,0
SWK,D,20170530,000000,0.18,0.18,0.18,0.18,100,0
SWK,D,20170531,000000,0.16,0.16,0.16,0.16,100,0
SWK,D,20170601,000000,0.16,0.16,0.16,0.16,100,0
SWK,D,20170602,000000,0.16,0.16,0.16,0.16,100,0
SWK,D,20170605,000000,0.16,0.16,0.16,0.16,100,0
SWK,D,20170606,000000,0.16,0.16,0.16,0.16,100,0
SWK,D,20170607,000000,0.16,0.16,0.16,0.16,100,0
SWK,D,20170608,000000,0.15,0.15,0.15,0.15,150,0
SWK,D,20170609,000000,0.15,0.15,0.15,0.15,100,0
SWK,D,20170612,000000,0.15,0.15,0.15,0.15,3150,0
SWK,D,20170613,000000,0.15,0.15,0.15,0.15,2621,0
SWK,D,20170614,000000,0.16,0.16,0.16,0.16,100,0
SWK,D,20170616,000000,0.16,0.16,0.16,0.16,100,0
SWK,D,20170619,000000,0.16,0.16,0.16,0.16,100,0
SWK,D,20170620,000000,0.16,0.16,0.16,0.16,100,0
SWK,D,20170621,000000,0.16,0.16,0.16,0.16,100,0
SWK,D,20170622,000000,0.16,0.16,0.16,0.16,100,0
SWK,D,20170623,000000,0.16,0.16,0.16,0.16,100,0
SWK,D,20170626,000000,0.16,0.16,0.13,0.13,3108,0
SWK,D,20170627,000000,0.13,0.13,0.13,0.13,2000,0
SWK,D,20170628,000000,0.13,0.13,0.13,0.13,726,0
SWK,D,20170629,000000,0.13,0.13,0.13,0.13,2621,0
SWK,D,20170719,000000,0.14,0.14,0.14,0.14,1000,0
SWK,D,20170720,000000,0.16,0.16,0.16,0.16,2000,0
SWK,D,20170721,000000,0.16,0.16,0.13,0.13,1100,0
SWK,D,20170724,000000,0.13,0.13,0.13,0.13,150,0
SWK,D,20170725,000000,0.13,0.13,0.13,0.13,150,0
SWK,D,20170726,000000,0.13,0.13,0.13,0.13,100,0
SWK,D,20170727,000000,0.13,0.13,0.13,0.13,100,0
SWK,D,20170728,000000,0.13,0.13,0.13,0.13,150,0
SWK,D,20170731,000000,0.13,0.13,0.13,0.13,100,0
SWK,D,20170801,000000,0.13,0.13,0.13,0.13,100,0
SWK,D,20170802,000000,0.13,0.13,0.13,0.13,100,0
SWK,D,20170803,000000,0.13,0.13,0.13,0.13,100,0
SWK,D,20170804,000000,0.13,0.13,0.13,0.13,100,0
SWK,D,20170807,000000,0.13,0.13,0.13,0.13,100,0
SWK,D,20170808,000000,0.13,0.13,0.13,0.13,100,0
SWK,D,20170809,000000,0.13,0.13,0.13,0.13,50,0
SWK,D,20170817,000000,0.12,0.12,0.11,0.11,1800,0
SWK,D,20170818,000000,0.12,0.12,0.12,0.12,1300,0
SWK,D,20170911,000000,0.12,0.12,0.12,0.12,100,0
SWK,D,20170912,000000,0.11,0.11,0.11,0.11,200,0
SWK,D,20170913,000000,0.1,0.1,0.1,0.1,200,0
SWK,D,20170927,000000,0.12,0.12,0.12,0.12,400,0
SWK,D,20170928,000000,0.13,0.14,0.13,0.14,700,0
SWK,D,20171003,000000,0.15,0.15,0.15,0.15,100,0
SWK,D,20171004,000000,0.13,0.13,0.13,0.13,100,0
SWK,D,20171005,000000,0.13,0.13,0.13,0.13,100,0
SWK,D,20171006,000000,0.12,0.12,0.11,0.11,250,0
SWK,D,20171009,000000,0.11,0.11,0.11,0.11,100,0
SWK,D,20171010,000000,0.11,0.11,0.11,0.11,100,0
SWK,D,20171011,000000,0.12,0.12,0.12,0.12,100,0
SWK,D,20171016,000000,0.12,0.12,0.12,0.12,500,0
SWK,D,20171024,000000,0.11,0.11,0.11,0.11,500,0
SWK,D,20171025,000000,0.11,0.11,0.11,0.11,100,0
SWK,D,20171026,000000,0.11,0.11,0.11,0.11,100,0
SWK,D,20171027,000000,0.11,0.11,0.11,0.11,1100,0
SWK,D,20171107,000000,0.11,0.11,0.11,0.11,200,0
SWK,D,20171108,000000,0.11,0.11,0.11,0.11,100,0
SWK,D,20171109,000000,0.11,0.11,0.11,0.11,100,0
SWK,D,20171110,000000,0.11,0.11,0.11,0.11,100,0
SWK,D,20171113,000000,0.11,0.11,0.11,0.11,100,0
SWK,D,20171114,000000,0.11,0.11,0.11,0.11,100,0
SWK,D,20171115,000000,0.11,0.11,0.11,0.11,100,0
SWK,D,20171116,000000,0.11,0.11,0.11,0.11,100,0
SWK,D,20171117,000000,0.11,0.11,0.11,0.11,100,0
SWK,D,20171120,000000,0.11,0.11,0.11,0.11,50,0
SWK,D,20171127,000000,0.11,0.11,0.11,0.11,50,0
SWK,D,20171128,000000,0.11,0.11,0.11,0.11,100,0
SWK,D,20171129,000000,0.11,0.11,0.11,0.11,100,0
SWK,D,20171130,000000,0.11,0.11,0.11,0.11,100,0
SWK,D,20171201,000000,0.11,0.11,0.11,0.11,100,0
SWK,D,20171204,000000,0.11,0.11,0.11,0.11,100,0
SWK,D,20171205,000000,0.11,0.11,0.11,0.11,100,0
SWK,D,20171206,000000,0.11,0.11,0.11,0.11,100,0
SWK,D,20171207,000000,0.11,0.11,0.11,0.11,100,0
SWK,D,20171208,000000,0.11,0.11,0.11,0.11,100,0
SWK,D,20171211,000000,0.11,0.11,0.11,0.11,47,0
SWK,D,20171212,000000,0.1,0.1,0.09,0.09,9953,0
SWK,D,20171213,000000,0.09,0.09,0.09,0.09,200,0
SWK,D,20171214,000000,0.09,0.09,0.09,0.09,200,0
SWK,D,20171215,000000,0.09,0.09,0.09,0.09,150,0
SWK,D,20171218,000000,0.09,0.09,0.09,0.09,150,0
SWK,D,20171219,000000,0.1,0.1,0.1,0.1,200,0
SWK,D,20171220,000000,0.1,0.1,0.1,0.1,100,0
SWK,D,20171221,000000,0.1,0.1,0.1,0.1,100,0
SWK,D,20171227,000000,0.1,0.1,0.1,0.1,100,0
SWK,D,20171228,000000,0.1,0.1,0.1,0.1,47,0
SWK,D,20171229,000000,0.11,0.11,0.11,0.11,100,0
SWK,D,20180104,000000,0.12,0.14,0.12,0.14,3480,0
SWK,D,20180105,000000,0.14,0.14,0.14,0.14,1000,0
SWK,D,20180111,000000,0.12,0.14,0.12,0.14,11770,0
SWK,D,20180112,000000,0.16,0.17,0.16,0.17,10976,0
SWK,D,20180115,000000,0.17,0.19,0.17,0.19,3855,0
SWK,D,20180116,000000,0.18,0.21,0.18,0.2,34268,0
SWK,D,20180117,000000,0.17,0.2,0.16,0.19,8605,0
SWK,D,20180118,000000,0.2,0.2,0.2,0.2,60,0
SWK,D,20180119,000000,0.19,0.19,0.19,0.19,100,0
SWK,D,20180122,000000,0.19,0.19,0.19,0.19,60,0
SWK,D,20180123,000000,0.19,0.19,0.19,0.19,60,0
SWK,D,20180124,000000,0.19,0.26,0.19,0.26,81382,0
SWK,D,20180125,000000,0.26,0.33,0.21,0.33,103080,0
SWK,D,20180126,000000,0.35,0.42,0.28,0.41,16898,0
SWK,D,20180129,000000,0.44,0.52,0.4,0.52,49891,0
SWK,D,20180130,000000,0.53,0.55,0.42,0.55,22664,0
SWK,D,20180131,000000,0.55,0.66,0.5,0.57,48821,0
SWK,D,20180201,000000,0.62,0.62,0.54,0.61,5289,0
SWK,D,20180202,000000,0.63,0.63,0.51,0.61,3465,0
SWK,D,20180205,000000,0.59,0.59,0.4,0.49,10600,0
SWK,D,20180206,000000,0.45,0.46,0.45,0.45,2745,0
SWK,D,20180207,000000,0.37,0.38,0.3,0.3,7580,0
SWK,D,20180208,000000,0.26,0.44,0.21,0.44,37663,0
SWK,D,20180209,000000,0.4,0.57,0.4,0.57,41745,0
SWK,D,20180212,000000,0.61,0.64,0.5,0.6,60898,0
SWK,D,20180213,000000,0.6,0.72,0.6,0.72,14822,0
SWK,D,20180214,000000,0.72,0.72,0.72,0.72,500,0
SWK,D,20180215,000000,0.72,0.72,0.72,0.72,30,0
SWK,D,20180216,000000,0.72,0.72,0.72,0.72,1030,0
SWK,D,20180219,000000,0.72,0.72,0.61,0.7,1565,0
SWK,D,20180220,000000,0.72,0.72,0.72,0.72,2650,0
SWK,D,20180221,000000,0.72,0.84,0.72,0.84,1130,0
SWK,D,20180222,000000,0.8,0.96,0.75,0.78,14306,0
SWK,D,20180223,000000,0.9,0.9,0.9,0.9,50,0
SWK,D,20180226,000000,0.95,0.96,0.95,0.96,500,0
SWK,D,20180227,000000,0.96,0.98,0.96,0.98,2547,0
SWK,D,20180228,000000,0.98,0.98,0.98,0.98,20,0
SWK,D,20180301,000000,0.98,0.98,0.98,0.98,15,0
SWK,D,20180302,000000,0.98,0.98,0.98,0.98,20,0
SWK,D,20180305,000000,0.98,0.98,0.98,0.98,20,0
SWK,D,20180306,000000,0.98,0.98,0.98,0.98,120,0
SWK,D,20180307,000000,0.97,0.97,0.97,0.97,30,0
SWK,D,20180308,000000,0.97,0.97,0.97,0.97,20,0
SWK,D,20180309,000000,0.97,0.97,0.97,0.97,20,0
SWK,D,20180313,000000,0.94,0.94,0.85,0.94,315,0
SWK,D,20180314,000000,0.88,0.88,0.72,0.72,4020,0
SWK,D,20180315,000000,0.81,0.81,0.81,0.81,100,0
SWK,D,20180316,000000,0.82,0.82,0.82,0.82,30,0
SWK,D,20180319,000000,0.82,0.82,0.82,0.82,20,0
SWK,D,20180320,000000,0.82,0.82,0.7,0.7,1120,0
SWK,D,20180321,000000,0.7,0.7,0.66,0.7,400,0
SWK,D,20180322,000000,0.8,0.8,0.8,0.8,300,0
SWK,D,20180323,000000,0.8,0.8,0.66,0.66,330,0
SWK,D,20180326,000000,0.75,0.78,0.74,0.74,4615,0
SWK,D,20180327,000000,0.72,0.72,0.72,0.72,975,0
SWK,D,20180403,000000,0.68,0.68,0.68,0.68,86,0
SWK,D,20180404,000000,0.68,0.68,0.68,0.68,50,0
SWK,D,20180405,000000,0.68,0.68,0.68,0.68,30,0
SWK,D,20180406,000000,0.68,0.68,0.68,0.68,30,0
SWK,D,20180409,000000,0.68,0.68,0.68,0.68,50,0
SWK,D,20180410,000000,0.68,0.68,0.68,0.68,20,0
SWK,D,20180411,000000,0.68,0.68,0.68,0.68,30,0
SWK,D,20180412,000000,0.68,0.68,0.68,0.68,30,0
SWK,D,20180413,000000,0.68,0.68,0.68,0.68,30,0
SWK,D,20180416,000000,0.68,0.68,0.68,0.68,30,0
SWK,D,20180417,000000,0.68,0.68,0.68,0.68,50,0
SWK,D,20180418,000000,0.67,0.67,0.65,0.65,2660,0
SWK,D,20180424,000000,0.61,0.61,0.52,0.52,3840,0
SWK,D,20180425,000000,0.51,0.51,0.45,0.45,50,0
SWK,D,20180426,000000,0.45,0.45,0.45,0.45,20,0
SWK,D,20180430,000000,0.4,0.4,0.4,0.4,20,0
SWK,D,20180511,000000,0.32,0.32,0.26,0.26,5135,0
SWK,D,20180528,000000,0.22,0.22,0.2,0.2,10907,0
SWK,D,20180611,000000,0.17,0.17,0.14,0.16,15635,0
SWK,D,20180628,000000,0.13,0.13,0.12,0.12,8820,0
SWK,D,20180702,000000,0.1,0.1,0.09,0.09,29065,0
SWK,D,20180703,000000,0.09,0.09,0.09,0.09,12006,0
SWK,D,20180706,000000,0.09,0.09,0.09,0.09,120,0
SWK,D,20180709,000000,0.09,0.09,0.08,0.08,18945,0
SWK,D,20180713,000000,0.08,0.08,0.08,0.08,6000,0
SWK,D,20180716,000000,0.07,0.07,0.07,0.07,200,0
SWK,D,20180723,000000,0.06,0.06,0.06,0.06,200,0
SWK,D,20180727,000000,0.05,0.05,0.05,0.05,150,0
SWK,D,20180807,000000,0.06,0.06,0.06,0.06,500,0
SWK,D,20180808,000000,0.06,0.07,0.06,0.07,479,0
SWK,D,20180809,000000,0.07,0.07,0.07,0.07,449,0
SWK,D,20180906,000000,0.07,0.07,0.07,0.07,72,0
SWK,D,20180914,000000,0.07,0.07,0.07,0.07,1000,0
SWK,D,20180928,000000,0.08,0.08,0.08,0.08,13,0
SWK,D,20181012,000000,0.08,0.08,0.08,0.08,150,0
SWK,D,20181015,000000,0.08,0.08,0.08,0.08,150,0
SWK,D,20181016,000000,0.07,0.07,0.07,0.07,150,0
SWK,D,20181029,000000,0.05,0.05,0.05,0.05,1850,0
SWK,D,20181030,000000,0.05,0.05,0.05,0.05,200,0
SWK,D,20181031,000000,0.05,0.06,0.05,0.06,2532,0
SWK,D,20181102,000000,0.07,0.07,0.07,0.07,200,0
SWK,D,20181105,000000,0.07,0.07,0.07,0.07,350,0
SWK,D,20181203,000000,0.07,0.07,0.07,0.07,160,0
SWK,D,20181204,000000,0.07,0.07,0.07,0.07,200,0
SWK,D,20181205,000000,0.07,0.07,0.07,0.07,150,0
SWK,D,20181210,000000,0.08,0.08,0.08,0.08,383,0
SWK,D,20181211,000000,0.05,0.05,0.05,0.05,618,0
SWK,D,20181212,000000,0.05,0.05,0.05,0.05,5382,0
SWK,D,20190102,000000,0.05,0.05,0.05,0.05,200,0
SWK,D,20190103,000000,0.05,0.05,0.05,0.05,200,0
SWK,D,20190104,000000,0.05,0.05,0.05,0.05,200,0
SWK,D,20190107,000000,0.05,0.05,0.05,0.05,200,0
SWK,D,20190108,000000,0.05,0.05,0.05,0.05,200,0
SWK,D,20190109,000000,0.05,0.05,0.05,0.05,200,0
SWK,D,20190110,000000,0.05,0.05,0.05,0.05,12500,0
SWK,D,20190116,000000,0.06,0.06,0.06,0.06,150,0
SWK,D,20190121,000000,0.06,0.06,0.06,0.06,150,0
SWK,D,20190122,000000,0.06,0.06,0.06,0.06,26850,0
SWK,D,20190123,000000,0.06,0.07,0.06,0.07,5700,0
SWK,D,20190124,000000,0.08,0.08,0.08,0.08,700,0
SWK,D,20190125,000000,0.12,0.12,0.12,0.12,12808,0
SWK,D,20190128,000000,0.15,0.15,0.15,0.15,19544,0
SWK,D,20190129,000000,0.19,0.19,0.19,0.19,21485,0
SWK,D,20190130,000000,0.17,0.17,0.14,0.14,27500,0
SWK,D,20190131,000000,0.11,0.11,0.09,0.09,28677,0
SWK,D,20190201,000000,0.09,0.09,0.09,0.09,150,0
SWK,D,20190204,000000,0.1,0.12,0.1,0.12,260,0
SWK,D,20190205,000000,0.12,0.12,0.12,0.12,990,0
SWK,D,20190206,000000,0.14,0.16,0.14,0.16,4022,0
SWK,D,20190207,000000,0.13,0.13,0.13,0.13,8401,0
SWK,D,20190208,000000,0.13,0.13,0.13,0.13,4599,0
SWK,D,20190211,000000,0.14,0.14,0.13,0.13,3829,0
SWK,D,20190212,000000,0.1,0.15,0.1,0.15,7021,0
SWK,D,20190213,000000,0.15,0.15,0.15,0.15,6200,0
SWK,D,20190214,000000,0.15,0.15,0.15,0.15,15922,0
SWK,D,20190215,000000,0.16,0.16,0.16,0.16,5190,0
SWK,D,20190219,000000,0.15,0.16,0.15,0.16,2710,0
SWK,D,20190220,000000,0.15,0.15,0.15,0.15,7000,0
SWK,D,20190228,000000,0.15,0.15,0.1,0.1,11805,0
SWK,D,20190301,000000,0.12,0.12,0.12,0.12,4355,0
SWK,D,20190311,000000,0.14,0.14,0.14,0.14,2078,0
SWK,D,20190314,000000,0.14,0.14,0.14,0.14,300,0
SWK,D,20190322,000000,0.13,0.13,0.13,0.13,100,0
SWK,D,20190328,000000,0.104,0.104,0.1,0.1,15944,0
SWK,D,20190329,000000,0.104,0.104,0.1,0.1,3900,0
SWK,D,20190401,000000,0.104,0.104,0.1,0.1,100,0
SWK,D,20190402,000000,0.104,0.104,0.1,0.1,500,0
SWK,D,20190403,000000,0.0835,0.1,0.0835,0.1,14396,0
SWK,D,20190404,000000,0.1,0.1,0.1,0.1,100,0
SWK,D,20190405,000000,0.1,0.1,0.1,0.1,22100,0
SWK,D,20190408,000000,0.1,0.1,0.1,0.1,6960,0
SWK,D,20190409,000000,0.1,0.1,0.1,0.1,100,0
SWK,D,20190410,000000,0.1,0.1,0.1,0.1,5040,0
SWK,D,20190411,000000,0.118,0.12,0.118,0.12,50000,0
SWK,D,20190423,000000,0.118,0.12,0.118,0.12,100,0
SWK,D,20190502,000000,0.12,0.12,0.12,0.12,500,0
SWK,D,20190513,000000,0.129,0.13,0.129,0.13,120,0
SWK,D,20190514,000000,0.129,0.13,0.129,0.13,90,0
SWK,D,20190515,000000,0.129,0.13,0.129,0.13,100,0
SWK,D,20190516,000000,0.129,0.13,0.129,0.13,80,0
SWK,D,20190517,000000,0.129,0.13,0.129,0.13,100,0
SWK,D,20190523,000000,0.129,0.13,0.129,0.13,100,0
SWK,D,20190524,000000,0.129,0.13,0.129,0.13,100,0
SWK,D,20190527,000000,0.129,0.13,0.129,0.13,90,0
SWK,D,20190528,000000,0.129,0.13,0.129,0.13,100,0
SWK,D,20190529,000000,0.129,0.13,0.129,0.13,80,0
SWK,D,20190531,000000,0.129,0.13,0.129,0.13,100,0
SWK,D,20190604,000000,0.129,0.13,0.129,0.13,80,0
SWK,D,20190605,000000,0.129,0.13,0.129,0.13,100,0
SWK,D,20190606,000000,0.129,0.13,0.129,0.13,90,0
SWK,D,20190607,000000,0.129,0.13,0.129,0.13,5,0
SWK,D,20190610,000000,0.128,0.13,0.128,0.13,5,0
SWK,D,20190612,000000,0.127,0.13,0.127,0.13,100,0
SWK,D,20190613,000000,0.127,0.13,0.127,0.13,100,0
SWK,D,20190617,000000,0.126,0.13,0.126,0.13,100,0
SWK,D,20190618,000000,0.126,0.13,0.126,0.13,90,0
SWK,D,20190619,000000,0.126,0.13,0.126,0.13,100,0
SWK,D,20190621,000000,0.126,0.13,0.126,0.13,100,0
SWK,D,20190626,000000,0.12,0.12,0.12,0.12,1168,0
SWK,D,20190627,000000,0.12,0.12,0.12,0.12,100,0
SWK,D,20190628,000000,0.12,0.12,0.12,0.12,90,0
SWK,D,20190701,000000,0.12,0.12,0.12,0.12,100,0
SWK,D,20190702,000000,0.12,0.12,0.12,0.12,100,0
SWK,D,20190703,000000,0.12,0.12,0.12,0.12,100,0
SWK,D,20190704,000000,0.12,0.12,0.12,0.12,90,0
SWK,D,20190705,000000,0.12,0.12,0.12,0.12,100,0
SWK,D,20190708,000000,0.12,0.12,0.12,0.12,400,0
SWK,D,20190709,000000,0.12,0.12,0.12,0.12,100,0
SWK,D,20190711,000000,0.12,0.12,0.12,0.12,100,0
SWK,D,20190712,000000,0.12,0.12,0.12,0.12,100,0
SWK,D,20190715,000000,0.12,0.12,0.12,0.12,100,0
SWK,D,20190716,000000,0.12,0.12,0.12,0.12,100,0
SWK,D,20190717,000000,0.13,0.13,0.13,0.13,100,0
SWK,D,20190718,000000,0.13,0.13,0.13,0.13,90,0
SWK,D,20190719,000000,0.129,0.13,0.129,0.13,100,0
SWK,D,20190722,000000,0.129,0.13,0.129,0.13,53175,0
SWK,D,20190806,000000,0.14,0.14,0.14,0.14,510,0
SWK,D,20190814,000000,0.138,0.138,0.138,0.138,100,0
SWK,D,20190816,000000,0.14,0.14,0.14,0.14,80,0
SWK,D,20190819,000000,0.14,0.14,0.14,0.14,20,0
SWK,D,20190820,000000,0.14,0.14,0.14,0.14,100,0
SWK,D,20190821,000000,0.14,0.14,0.14,0.14,100,0
SWK,D,20190823,000000,0.14,0.14,0.14,0.14,100,0
SWK,D,20190827,000000,0.14,0.14,0.14,0.14,100,0
SWK,D,20190828,000000,0.14,0.14,0.14,0.14,80,0
SWK,D,20190829,000000,0.14,0.14,0.14,0.14,420,0
SWK,D,20190830,000000,0.144,0.144,0.144,0.144,80,0
SWK,D,20190903,000000,0.149,0.149,0.149,0.149,80,0
SWK,D,20190904,000000,0.149,0.149,0.149,0.149,90,0
SWK,D,20190905,000000,0.149,0.149,0.149,0.149,80,0
SWK,D,20190906,000000,0.1,0.1,0.1,0.1,5000,0
SWK,D,20190909,000000,0.1,0.1,0.1,0.1,8200,0
SWK,D,20190910,000000,0.11,0.119,0.11,0.119,600,0
SWK,D,20190913,000000,0.12,0.12,0.12,0.12,100,0
SWK,D,20190916,000000,0.12,0.12,0.12,0.12,100,0
SWK,D,20190917,000000,0.11,0.11,0.1,0.1,5000,0
SWK,D,20190918,000000,0.08,0.08,0.08,0.08,300,0
SWK,D,20190920,000000,0.1,0.1,0.1,0.1,200,0
SWK,D,20190930,000000,0.092,0.092,0.092,0.092,10000,0
SWK,D,20191001,000000,0.11,0.11,0.11,0.11,1500,0
SWK,D,20191002,000000,0.11,0.11,0.11,0.11,100,0
SWK,D,20191003,000000,0.11,0.11,0.11,0.11,100,0
SWK,D,20191004,000000,0.11,0.11,0.09,0.09,5100,0
SWK,D,20191007,000000,0.09,0.09,0.09,0.09,16750,0
SWK,D,20191018,000000,0.08,0.08,0.08,0.08,11800,0
SWK,D,20191021,000000,0.08,0.08,0.08,0.08,300,0
SWK,D,20191022,000000,0.08,0.08,0.08,0.08,500,0
SWK,D,20191023,000000,0.08,0.08,0.08,0.08,500,0
SWK,D,20191024,000000,0.08,0.08,0.08,0.08,300,0
SWK,D,20191025,000000,0.08,0.08,0.08,0.08,200,0
SWK,D,20191028,000000,0.08,0.08,0.08,0.08,1476,0
SWK,D,20191029,000000,0.08,0.08,0.08,0.08,300,0
SWK,D,20191030,000000,0.092,0.092,0.092,0.092,500,0
SWK,D,20191031,000000,0.1,0.1,0.1,0.1,300,0
SWK,D,20191106,000000,0.1,0.1,0.1,0.1,200,0
SWK,D,20191107,000000,0.1,0.1,0.1,0.1,500,0
SWK,D,20191112,000000,0.1,0.1,0.1,0.1,250,0
SWK,D,20191113,000000,0.08,0.08,0.08,0.08,10719,0
SWK,D,20191114,000000,0.08,0.08,0.08,0.08,150,0
SWK,D,20191115,000000,0.08,0.08,0.08,0.08,300,0
SWK,D,20191118,000000,0.08,0.08,0.08,0.08,130,0
SWK,D,20191119,000000,0.104,0.104,0.104,0.104,200,0
SWK,D,20191126,000000,0.104,0.104,0.104,0.104,350,0
SWK,D,20191220,000000,0.104,0.104,0.104,0.104,99,0
SWK,D,20200117,000000,0.106,0.106,0.106,0.106,400,0
SWK,D,20200130,000000,0.11,0.12,0.11,0.12,10200,0
SWK,D,20200131,000000,0.13,0.14,0.13,0.14,3945,0
SWK,D,20200203,000000,0.191,0.191,0.191,0.191,17405,0
SWK,D,20200204,000000,0.228,0.27,0.228,0.27,119662,0
SWK,D,20200205,000000,0.28,0.28,0.27,0.27,4412,0
SWK,D,20200206,000000,0.27,0.27,0.268,0.268,990,0
SWK,D,20200207,000000,0.27,0.27,0.27,0.27,50,0
SWK,D,20200210,000000,0.28,0.28,0.28,0.28,16613,0
SWK,D,20200211,000000,0.29,0.29,0.25,0.25,2090,0
SWK,D,20200212,000000,0.2,0.2,0.19,0.19,18741,0
SWK,D,20200213,000000,0.22,0.22,0.22,0.22,16500,0
SWK,D,20200214,000000,0.176,0.176,0.176,0.176,11220,0
SWK,D,20200218,000000,0.17,0.17,0.17,0.17,100,0
SWK,D,20200219,000000,0.22,0.22,0.22,0.22,10200,0
SWK,D,20200220,000000,0.22,0.24,0.22,0.24,8100,0
SWK,D,20200221,000000,0.25,0.29,0.25,0.29,19105,0
SWK,D,20200224,000000,0.292,0.35,0.292,0.35,28011,0
SWK,D,20200225,000000,0.37,0.42,0.37,0.42,16251,0
SWK,D,20200226,000000,0.36,0.42,0.36,0.42,35900,0
SWK,D,20200227,000000,0.432,0.5,0.432,0.5,7160,0
SWK,D,20200228,000000,0.49,0.49,0.49,0.49,34253,0
SWK,D,20200303,000000,0.4,0.4,0.4,0.4,1675,0
SWK,D,20200305,000000,0.4,0.4,0.4,0.4,1000,0
SWK,D,20200309,000000,0.3,0.3,0.3,0.3,1700,0
SWK,D,20200310,000000,0.3,0.3,0.3,0.3,5950,0
SWK,D,20200311,000000,0.3,0.3,0.3,0.3,3740,0
SWK,D,20200312,000000,0.3,0.36,0.3,0.36,7202,0
SWK,D,20200313,000000,0.4,0.4,0.4,0.4,40825,0
SWK,D,20200316,000000,0.5,0.5,0.5,0.5,6876,0
SWK,D,20200317,000000,0.51,0.51,0.45,0.45,36978,0
SWK,D,20200318,000000,0.54,0.54,0.54,0.54,35585,0
SWK,D,20200319,000000,0.55,0.6,0.55,0.6,14294,0
SWK,D,20200320,000000,0.5,0.505,0.5,0.505,13470,0
SWK,D,20200324,000000,0.5,0.5,0.41,0.41,178020,0
SWK,D,20200325,000000,0.414,0.414,0.414,0.414,20,0
SWK,D,20200326,000000,0.42,0.515,0.42,0.515,182006,0
SWK,D,20200327,000000,0.68,0.72,0.68,0.72,37150,0
SWK,D,20200330,000000,0.74,0.75,0.74,0.75,15433,0
SWK,D,20200401,000000,0.75,0.75,0.69,0.69,750,0
SWK,D,20200402,000000,0.6,0.6,0.6,0.6,11300,0
SWK,D,20200406,000000,0.6,0.62,0.6,0.62,12325,0
SWK,D,20200407,000000,0.72,0.785,0.72,0.785,22013,0
SWK,D,20200408,000000,0.98,0.98,0.98,0.98,17535,0
SWK,D,20200409,000000,1.09,1.15,1.09,1.15,13735,0
SWK,D,20200414,000000,1.3,1.3,1.3,1.3,70708,0
SWK,D,20200415,000000,1.35,1.6,1.35,1.6,9771,0
SWK,D,20200416,000000,1.5,1.5,1.35,1.35,19079,0
SWK,D,20200417,000000,1.3,1.3,1.3,1.3,11856,0
SWK,D,20200420,000000,1.3,1.55,1.3,1.55,25186,0
SWK,D,20200421,000000,1.55,1.55,1.55,1.55,7561,0
SWK,D,20200422,000000,1.24,1.36,1.24,1.36,2919,0
SWK,D,20200423,000000,1.32,1.32,1.32,1.32,2260,0
SWK,D,20200424,000000,1.34,1.34,1.31,1.31,14470,0
SWK,D,20200427,000000,1.44,1.59,1.44,1.59,550,0
SWK,D,20200428,000000,1.3,1.44,1.3,1.44,6300,0
SWK,D,20200429,000000,1.32,1.32,1.32,1.32,3095,0
SWK,D,20200430,000000,1.3,1.3,1.3,1.3,850,0
SWK,D,20200504,000000,1.2,1.2,1.2,1.2,8150,0
SWK,D,20200505,000000,1.2,1.2,1.2,1.2,6451,0
SWK,D,20200506,000000,1.2,1.2,1.2,1.2,2510,0
SWK,D,20200507,000000,1.2,1.2,1.2,1.2,1010,0
SWK,D,20200508,000000,1.2,1.2,1.09,1.09,3240,0
SWK,D,20200511,000000,1.05,1.05,1.05,1.05,800,0
SWK,D,20200512,000000,1.06,1.21,1.06,1.21,6580,0
SWK,D,20200513,000000,1.36,1.5,1.36,1.5,31209,0
SWK,D,20200514,000000,1.59,1.6,1.59,1.6,25381,0
SWK,D,20200515,000000,1.64,1.64,1.64,1.64,6953,0
SWK,D,20200518,000000,1.65,1.65,1.34,1.34,8070,0
SWK,D,20200519,000000,1.34,1.35,1.34,1.35,1180,0
SWK,D,20200520,000000,1.68,1.68,1.68,1.68,20,0
SWK,D,20200521,000000,1.5,1.5,1.5,1.5,12025,0
SWK,D,20200522,000000,1.4,1.66,1.4,1.66,38500,0
SWK,D,20200525,000000,1.7,1.8,1.7,1.8,6995,0
SWK,D,20200527,000000,1.85,1.85,1.83,1.83,700,0
SWK,D,20200528,000000,1.8,1.8,1.8,1.8,2945,0
SWK,D,20200529,000000,1.8,1.8,1.8,1.8,10,0
SWK,D,20200601,000000,1.8,1.8,1.6,1.6,990,0
SWK,D,20200602,000000,1.86,1.89,1.86,1.89,106000,0
SWK,D,20200603,000000,1.9,1.9,1.9,1.9,26000,0
SWK,D,20200604,000000,1.9,1.9,1.9,1.9,22000,0
SWK,D,20200605,000000,1.9,1.9,1.9,1.9,10,0
SWK,D,20200610,000000,1.86,1.86,1.85,1.85,12368,0
SWK,D,20200612,000000,1.85,1.99,1.85,1.99,2050,0
SWK,D,20200616,000000,1.8,1.8,1.8,1.8,4250,0
SWK,D,20200617,000000,1.8,1.95,1.8,1.95,33043,0
SWK,D,20200619,000000,1.8,1.8,1.8,1.8,27550,0
SWK,D,20200623,000000,1.82,1.82,1.81,1.81,10010,0
SWK,D,20200624,000000,1.7,1.7,1.7,1.7,1380,0
SWK,D,20200626,000000,1.9,1.9,1.9,1.9,53,0
SWK,D,20200629,000000,1.99,1.99,1.99,1.99,5300,0
SWK,D,20200630,000000,1.99,1.99,1.99,1.99,28181,0
SWK,D,20200701,000000,2.02,2.7,2,2.66,204226,0
SWK,D,20200702,000000,2.68,2.68,2.4,2.6,26329,0
SWK,D,20200703,000000,2.64,2.66,2.38,2.38,14163,0
SWK,D,20200706,000000,2.38,2.62,2.38,2.62,2455,0
SWK,D,20200707,000000,2.7,3.2,2.64,3.2,286866,0
SWK,D,20200708,000000,3.28,3.82,3.28,3.68,102844,0
SWK,D,20200709,000000,3.98,4.2,3.76,4.2,52711,0
SWK,D,20200710,000000,4.42,4.64,4.36,4.54,60038,0
SWK,D,20200713,000000,4.96,7.1,4.96,7.1,129015,0
SWK,D,20200714,000000,7.5,9.9,7.1,9.55,177009,0
SWK,D,20200715,000000,9.5,9.6,6.6,7.55,179072,0
SWK,D,20200716,000000,6.8,7.45,6.4,7.2,80104,0
SWK,D,20200717,000000,8.1,8.1,6.9,7.05,22684,0
SWK,D,20200720,000000,7.65,7.65,6.45,6.75,24164,0
SWK,D,20200721,000000,6.75,7.6,6.6,7.4,49575,0
SWK,D,20200722,000000,7.45,8.6,7.4,8.4,145777,0
SWK,D,20200723,000000,8.2,8.6,8.05,8.35,26438,0
SWK,D,20200724,000000,8.2,8.4,8.05,8.4,7936,0
SWK,D,20200727,000000,8.45,8.5,7.85,8.5,23604,0
SWK,D,20200728,000000,8.55,8.6,8.1,8.35,8269,0
SWK,D,20200729,000000,8,8.55,7.9,8.5,6432,0
SWK,D,20200730,000000,8.2,8.4,7.5,7.5,14358,0
SWK,D,20200731,000000,7.85,8.2,7.75,8.2,8507,0
SWK,D,20200803,000000,8.45,9.1,8.45,9,24667,0
SWK,D,20200804,000000,9,9,8.5,8.95,12956,0
SWK,D,20200805,000000,8.5,9.2,8.4,9.2,10933,0
SWK,D,20200806,000000,9.25,10,9.25,9.95,51162,0
SWK,D,20200807,000000,10,10,9.15,9.95,9599,0
SWK,D,20200810,000000,9.95,10,9.55,9.95,4346,0
SWK,D,20200811,000000,9.95,10.1,9.7,9.7,8007,0
SWK,D,20200812,000000,9.65,9.8,9,9.8,7006,0
SWK,D,20200813,000000,9.8,10.3,9.7,10.3,26842,0
SWK,D,20200814,000000,10.5,13.1,10.2,12,110106,0
SWK,D,20200817,000000,11.9,12.3,10.5,10.8,17549,0
SWK,D,20200818,000000,11.5,11.5,10.3,11.3,2510,0
SWK,D,20200819,000000,10.7,11.2,10,11.2,7614,0
SWK,D,20200820,000000,11,11.7,10.9,11.5,23230,0
SWK,D,20200821,000000,11.2,12.1,11,12,11903,0
SWK,D,20200824,000000,12,12,10.6,11.3,5505,0
SWK,D,20200825,000000,11.3,11.6,9.5,10.8,14157,0
SWK,D,20200826,000000,10.8,12.3,10.3,11.3,32672,0
SWK,D,20200827,000000,11.3,11.8,9.4,9.4,29353,0
SWK,D,20200828,000000,9.5,10.1,8.05,9.15,8420,0
SWK,D,20200831,000000,8.65,8.65,8,8.4,5682,0
SWK,D,20200901,000000,8,8,6.9,7.25,9279,0
SWK,D,20200902,000000,7.25,7.4,7.05,7.15,2135,0
SWK,D,20200903,000000,7.15,7.15,7.1,7.1,415,0
SWK,D,20200904,000000,7,7.8,6.95,7.25,3915,0
SWK,D,20200907,000000,7.2,7.45,7.2,7.45,550,0
SWK,D,20200908,000000,7.2,7.2,6.5,6.9,2586,0
SWK,D,20200909,000000,6.6,6.95,6.6,6.95,1618,0
SWK,D,20200910,000000,6.6,7.2,6.2,7.2,2314,0
SWK,D,20200911,000000,7.2,7.2,6.7,7.2,559,0
SWK,D,20200914,000000,6.9,7.3,6.7,7,1235,0
SWK,D,20200915,000000,6.55,6.6,5.65,6.4,6933,0
SWK,D,20200916,000000,6.35,6.35,5.4,5.7,5264,0
SWK,D,20200917,000000,5.5,5.7,4.8,5.4,5220,0
SWK,D,20200918,000000,4.96,5.7,4.86,5.2,3142,0
SWK,D,20200921,000000,5.2,5.2,4.8,5.1,1735,0
SWK,D,20200922,000000,4.9,5.65,4.64,5.65,1285,0
SWK,D,20200923,000000,5.65,5.65,4.9,5.65,1610,0
SWK,D,20200924,000000,5.2,5.3,4.7,5.3,875,0
SWK,D,20200925,000000,4.7,4.7,4.2,4.58,5500,0
SWK,D,20200928,000000,4.58,4.6,4.2,4.56,8739,0
SWK,D,20200929,000000,4.56,4.56,4,4,14569,0
SWK,D,20200930,000000,4,4.3,3.7,3.94,2550,0
SWK,D,20201001,000000,3.96,4.08,3.8,4,1046,0
SWK,D,20201002,000000,3.86,4.5,3.7,4.3,2398,0
SWK,D,20201005,000000,4.3,4.3,4.3,4.3,320,0
SWK,D,20201006,000000,4.1,4.18,4.1,4.1,1033,0
SWK,D,20201007,000000,4.18,4.18,4.18,4.18,1,0
SWK,D,20201008,000000,3.9,3.9,3.9,3.9,299,0
SWK,D,20201009,000000,3.96,4.4,3.6,4.4,11174,0
SWK,D,20201012,000000,4.2,4.2,3.62,4.04,7707,0
SWK,D,20201013,000000,3.7,3.76,3.3,3.74,3818,0
SWK,D,20201014,000000,3.02,3.6,3.02,3.5,826,0
SWK,D,20201015,000000,3.28,3.3,3.28,3.3,405,0
SWK,D,20201016,000000,3,3.3,3,3.3,14987,0
