<TICKER>,<PER>,<DATE>,<TIME>,<OPEN>,<HIGH>,<LOW>,<CLOSE>,<VOL>,<OPENINT>
VEL,D,20120625,000000,0.6,0.6,0.39,0.39,38882,0
VEL,D,20120626,000000,0.3,0.35,0.25,0.25,85388,0
VEL,D,20120627,000000,0.25,0.3,0.24,0.25,16572,0
VEL,D,20120628,000000,0.25,0.26,0.21,0.26,13205,0
VEL,D,20120702,000000,0.24,0.24,0.24,0.24,10,0
VEL,D,20120703,000000,0.19,0.24,0.19,0.24,13698,0
VEL,D,20120704,000000,0.25,0.28,0.2,0.26,64700,0
VEL,D,20120710,000000,0.21,0.23,0.21,0.23,501,0
VEL,D,20120711,000000,0.18,0.22,0.13,0.15,56102,0
VEL,D,20120712,000000,0.15,0.18,0.15,0.18,4423,0
VEL,D,20120716,000000,0.18,0.18,0.18,0.18,2500,0
VEL,D,20120717,000000,0.1,0.14,0.1,0.14,107750,0
VEL,D,20120718,000000,0.16,0.16,0.13,0.15,9748,0
VEL,D,20120719,000000,0.17,0.2,0.17,0.2,27737,0
VEL,D,20120720,000000,0.22,0.22,0.18,0.18,8251,0
VEL,D,20120723,000000,0.19,0.19,0.19,0.19,1000,0
VEL,D,20120724,000000,0.19,0.19,0.16,0.19,4040,0
VEL,D,20120731,000000,0.16,0.19,0.16,0.19,2240,0
VEL,D,20120817,000000,0.16,0.16,0.16,0.16,863,0
VEL,D,20120820,000000,0.15,0.16,0.15,0.16,18400,0
VEL,D,20120821,000000,0.16,0.16,0.16,0.16,300,0
VEL,D,20120914,000000,0.14,0.15,0.14,0.15,11001,0
VEL,D,20120926,000000,0.12,0.13,0.12,0.13,11401,0
VEL,D,20121002,000000,0.14,0.15,0.14,0.15,600,0
VEL,D,20121003,000000,0.11,0.11,0.11,0.11,15825,0
VEL,D,20121004,000000,0.1,0.11,0.09,0.09,128600,0
VEL,D,20121005,000000,0.1,0.1,0.08,0.08,1412,0
VEL,D,20121008,000000,0.1,0.11,0.09,0.09,78263,0
VEL,D,20121009,000000,0.08,0.08,0.08,0.08,7251,0
VEL,D,20121010,000000,0.08,0.08,0.08,0.08,24478,0
VEL,D,20121011,000000,0.08,0.08,0.07,0.08,38623,0
VEL,D,20121012,000000,0.08,0.08,0.08,0.08,28366,0
VEL,D,20121015,000000,0.08,0.08,0.08,0.08,9000,0
VEL,D,20121017,000000,0.08,0.09,0.08,0.09,10800,0
VEL,D,20121018,000000,0.08,0.1,0.08,0.1,15734,0
VEL,D,20121019,000000,0.09,0.09,0.08,0.08,23534,0
VEL,D,20121022,000000,0.1,0.1,0.1,0.1,5654,0
VEL,D,20121023,000000,0.08,0.08,0.08,0.08,249000,0
VEL,D,20121024,000000,0.07,0.09,0.07,0.09,12750,0
VEL,D,20121025,000000,0.08,0.09,0.08,0.09,6000,0
VEL,D,20121026,000000,0.1,0.1,0.1,0.1,1000,0
VEL,D,20121029,000000,0.1,0.11,0.1,0.11,5000,0
VEL,D,20121030,000000,0.09,0.11,0.09,0.11,6663,0
VEL,D,20121102,000000,0.1,0.1,0.09,0.09,21886,0
VEL,D,20121105,000000,0.09,0.09,0.08,0.08,57500,0
VEL,D,20121106,000000,0.08,0.08,0.08,0.08,9592,0
VEL,D,20121108,000000,0.08,0.08,0.08,0.08,36908,0
VEL,D,20121112,000000,0.08,0.1,0.07,0.1,672419,0
VEL,D,20121113,000000,0.12,0.15,0.12,0.15,85942,0
VEL,D,20121114,000000,0.17,0.22,0.17,0.22,163358,0
VEL,D,20121115,000000,0.26,0.28,0.21,0.24,252817,0
VEL,D,20121116,000000,0.23,0.23,0.15,0.17,170719,0
VEL,D,20121119,000000,0.14,0.17,0.14,0.14,91406,0
VEL,D,20121120,000000,0.15,0.18,0.12,0.14,709587,0
VEL,D,20121121,000000,0.15,0.16,0.13,0.14,188981,0
VEL,D,20121122,000000,0.14,0.15,0.13,0.15,140399,0
VEL,D,20121123,000000,0.15,0.17,0.14,0.15,60460,0
VEL,D,20121126,000000,0.17,0.2,0.15,0.2,242727,0
VEL,D,20121127,000000,0.2,0.2,0.17,0.2,114400,0
VEL,D,20121128,000000,0.16,0.16,0.16,0.16,17161,0
VEL,D,20121129,000000,0.14,0.14,0.14,0.14,70373,0
VEL,D,20121130,000000,0.15,0.2,0.13,0.19,117968,0
VEL,D,20121203,000000,0.19,0.22,0.19,0.22,55046,0
VEL,D,20121204,000000,0.22,0.27,0.22,0.26,203993,0
VEL,D,20121205,000000,0.23,0.26,0.21,0.22,105200,0
VEL,D,20121206,000000,0.2,0.21,0.17,0.19,76270,0
VEL,D,20121207,000000,0.17,0.2,0.17,0.2,21423,0
VEL,D,20121210,000000,0.17,0.19,0.16,0.19,20775,0
VEL,D,20121211,000000,0.17,0.17,0.16,0.16,28294,0
VEL,D,20121212,000000,0.15,0.16,0.14,0.15,44753,0
VEL,D,20121213,000000,0.19,0.19,0.17,0.17,4083,0
VEL,D,20121214,000000,0.15,0.17,0.15,0.17,20000,0
VEL,D,20121217,000000,0.15,0.15,0.15,0.15,5368,0
VEL,D,20121218,000000,0.15,0.18,0.15,0.18,17747,0
VEL,D,20121219,000000,0.18,0.25,0.17,0.24,165910,0
VEL,D,20121220,000000,0.22,0.22,0.16,0.16,71500,0
VEL,D,20121221,000000,0.19,0.19,0.19,0.19,1520,0
VEL,D,20121227,000000,0.16,0.18,0.15,0.16,250250,0
VEL,D,20121228,000000,0.16,0.17,0.15,0.17,53410,0
VEL,D,20130102,000000,0.19,0.19,0.19,0.19,1000,0
VEL,D,20130104,000000,0.15,0.15,0.15,0.15,11983,0
VEL,D,20130107,000000,0.15,0.16,0.15,0.16,7003,0
VEL,D,20130108,000000,0.15,0.16,0.15,0.16,5575,0
VEL,D,20130109,000000,0.14,0.14,0.14,0.14,10000,0
VEL,D,20130110,000000,0.14,0.14,0.14,0.14,5800,0
VEL,D,20130111,000000,0.15,0.15,0.15,0.15,8000,0
VEL,D,20130116,000000,0.13,0.13,0.13,0.13,1837,0
VEL,D,20130117,000000,0.15,0.15,0.15,0.15,2000,0
VEL,D,20130121,000000,0.13,0.13,0.13,0.13,12963,0
VEL,D,20130122,000000,0.15,0.15,0.15,0.15,20206,0
VEL,D,20130123,000000,0.15,0.15,0.15,0.15,1000,0
VEL,D,20130124,000000,0.15,0.15,0.15,0.15,178,0
VEL,D,20130125,000000,0.13,0.13,0.13,0.13,9000,0
VEL,D,20130128,000000,0.13,0.13,0.13,0.13,400,0
VEL,D,20130129,000000,0.13,0.13,0.13,0.13,26557,0
VEL,D,20130130,000000,0.13,0.16,0.13,0.16,1100,0
VEL,D,20130131,000000,0.16,0.16,0.16,0.16,5000,0
VEL,D,20130201,000000,0.17,0.17,0.16,0.16,92043,0
VEL,D,20130204,000000,0.17,0.17,0.15,0.15,4900,0
VEL,D,20130205,000000,0.15,0.15,0.15,0.15,300,0
VEL,D,20130206,000000,0.17,0.17,0.16,0.16,1757,0
VEL,D,20130207,000000,0.17,0.17,0.17,0.17,300,0
VEL,D,20130208,000000,0.17,0.17,0.17,0.17,200,0
VEL,D,20130211,000000,0.16,0.16,0.16,0.16,13050,0
VEL,D,20130212,000000,0.16,0.16,0.16,0.16,7295,0
VEL,D,20130213,000000,0.15,0.15,0.15,0.15,7700,0
VEL,D,20130214,000000,0.15,0.15,0.15,0.15,300,0
VEL,D,20130215,000000,0.14,0.14,0.13,0.13,13945,0
VEL,D,20130218,000000,0.14,0.14,0.14,0.14,6500,0
VEL,D,20130219,000000,0.13,0.13,0.12,0.12,17405,0
VEL,D,20130220,000000,0.12,0.12,0.11,0.11,9110,0
VEL,D,20130221,000000,0.13,0.13,0.13,0.13,1330,0
VEL,D,20130222,000000,0.13,0.13,0.12,0.12,13805,0
VEL,D,20130225,000000,0.13,0.13,0.13,0.13,15300,0
VEL,D,20130226,000000,0.12,0.13,0.12,0.13,2771,0
VEL,D,20130227,000000,0.13,0.13,0.13,0.13,15500,0
VEL,D,20130228,000000,0.13,0.13,0.12,0.12,524,0
VEL,D,20130301,000000,0.12,0.12,0.11,0.11,277,0
VEL,D,20130304,000000,0.11,0.11,0.11,0.11,6773,0
VEL,D,20130307,000000,0.11,0.11,0.1,0.1,20050,0
VEL,D,20130308,000000,0.1,0.1,0.1,0.1,9500,0
VEL,D,20130311,000000,0.1,0.11,0.1,0.11,21633,0
VEL,D,20130312,000000,0.12,0.12,0.12,0.12,8450,0
VEL,D,20130313,000000,0.12,0.12,0.12,0.12,250,0
VEL,D,20130318,000000,0.11,0.11,0.11,0.11,1000,0
VEL,D,20130319,000000,0.08,0.08,0.08,0.08,23000,0
VEL,D,20130320,000000,0.08,0.08,0.08,0.08,1000,0
VEL,D,20130322,000000,0.08,0.08,0.08,0.08,10000,0
VEL,D,20130325,000000,0.09,0.09,0.09,0.09,1000,0
VEL,D,20130326,000000,0.1,0.1,0.1,0.1,750,0
VEL,D,20130327,000000,0.11,0.11,0.11,0.11,1000,0
VEL,D,20130402,000000,0.11,0.11,0.08,0.08,25000,0
VEL,D,20130403,000000,0.09,0.09,0.09,0.09,1000,0
VEL,D,20130404,000000,0.08,0.08,0.08,0.08,39500,0
VEL,D,20130405,000000,0.08,0.09,0.08,0.09,13400,0
VEL,D,20130408,000000,0.11,0.13,0.1,0.13,37610,0
VEL,D,20130410,000000,0.11,0.11,0.11,0.11,7700,0
VEL,D,20130411,000000,0.11,0.11,0.11,0.11,1000,0
VEL,D,20130412,000000,0.11,0.11,0.11,0.11,1000,0
VEL,D,20130415,000000,0.1,0.1,0.09,0.09,2000,0
VEL,D,20130418,000000,0.08,0.09,0.08,0.09,26800,0
VEL,D,20130419,000000,0.09,0.09,0.09,0.09,500,0
VEL,D,20130422,000000,0.09,0.1,0.09,0.1,9400,0
VEL,D,20130424,000000,0.1,0.1,0.1,0.1,100,0
VEL,D,20130426,000000,0.09,0.09,0.09,0.09,1000,0
VEL,D,20130508,000000,0.08,0.08,0.08,0.08,6000,0
VEL,D,20130509,000000,0.09,0.09,0.09,0.09,8080,0
VEL,D,20130510,000000,0.08,0.08,0.08,0.08,5000,0
VEL,D,20130513,000000,0.1,0.1,0.1,0.1,6000,0
VEL,D,20130514,000000,0.09,0.09,0.08,0.08,10239,0
VEL,D,20130515,000000,0.08,0.08,0.08,0.08,16761,0
VEL,D,20130516,000000,0.08,0.08,0.08,0.08,414,0
VEL,D,20130524,000000,0.09,0.1,0.09,0.1,461367,0
VEL,D,20130527,000000,0.1,0.11,0.08,0.08,6100,0
VEL,D,20130528,000000,0.09,0.09,0.08,0.08,1200,0
VEL,D,20130529,000000,0.08,0.09,0.08,0.09,23595,0
VEL,D,20130531,000000,0.09,0.09,0.09,0.09,1000,0
VEL,D,20130603,000000,0.1,0.1,0.1,0.1,2200,0
VEL,D,20130606,000000,0.1,0.1,0.09,0.09,3200,0
VEL,D,20130607,000000,0.09,0.1,0.09,0.09,36053,0
VEL,D,20130611,000000,0.09,0.09,0.09,0.09,15000,0
VEL,D,20130612,000000,0.09,0.09,0.09,0.09,6330,0
VEL,D,20130617,000000,0.08,0.08,0.08,0.08,500,0
VEL,D,20130621,000000,0.08,0.08,0.08,0.08,500,0
VEL,D,20130624,000000,0.08,0.08,0.08,0.08,30000,0
VEL,D,20130704,000000,0.08,0.08,0.08,0.08,4000,0
VEL,D,20130709,000000,0.08,0.08,0.07,0.07,8300,0
VEL,D,20130710,000000,0.06,0.07,0.06,0.07,10000,0
VEL,D,20130808,000000,0.07,0.07,0.06,0.06,3000,0
VEL,D,20130813,000000,0.06,0.06,0.06,0.06,4065,0
VEL,D,20130814,000000,0.07,0.07,0.07,0.07,700,0
VEL,D,20130903,000000,0.07,0.08,0.07,0.08,3000,0
VEL,D,20130904,000000,0.09,0.09,0.09,0.09,2000,0
VEL,D,20130923,000000,0.08,0.08,0.08,0.08,10000,0
VEL,D,20131001,000000,0.09,0.09,0.09,0.09,2,0
VEL,D,20131010,000000,0.06,0.06,0.06,0.06,1,0
VEL,D,20131011,000000,0.07,0.08,0.07,0.08,2,0
VEL,D,20131014,000000,0.09,0.09,0.09,0.09,1,0
VEL,D,20131015,000000,0.1,0.1,0.1,0.1,3,0
VEL,D,20131029,000000,0.1,0.1,0.1,0.1,6,0
VEL,D,20131030,000000,0.1,0.1,0.1,0.1,1,0
VEL,D,20131112,000000,0.1,0.1,0.1,0.1,3,0
VEL,D,20131113,000000,0.1,0.1,0.1,0.1,2,0
VEL,D,20131118,000000,0.1,0.1,0.1,0.1,1,0
VEL,D,20131119,000000,0.1,0.1,0.1,0.1,1,0
VEL,D,20131120,000000,0.1,0.1,0.1,0.1,1,0
VEL,D,20131121,000000,0.1,0.1,0.1,0.1,1,0
VEL,D,20131122,000000,0.1,0.1,0.1,0.1,1,0
VEL,D,20131125,000000,0.1,0.1,0.09,0.09,3,0
VEL,D,20131126,000000,0.09,0.09,0.09,0.09,2,0
VEL,D,20131127,000000,0.09,0.09,0.09,0.09,2,0
VEL,D,20131128,000000,0.1,0.1,0.1,0.1,2,0
VEL,D,20131129,000000,0.1,0.1,0.1,0.1,1,0
VEL,D,20131202,000000,0.1,0.1,0.1,0.1,1,0
VEL,D,20131203,000000,0.1,0.1,0.1,0.1,1,0
VEL,D,20131204,000000,0.1,0.1,0.1,0.1,1,0
VEL,D,20131205,000000,0.1,0.1,0.1,0.1,1,0
VEL,D,20131206,000000,0.1,0.1,0.1,0.1,1,0
VEL,D,20131209,000000,0.1,0.1,0.1,0.1,1,0
VEL,D,20131210,000000,0.1,0.1,0.1,0.1,1,0
VEL,D,20131211,000000,0.09,0.09,0.09,0.09,1,0
VEL,D,20131212,000000,0.09,0.09,0.09,0.09,2,0
VEL,D,20131217,000000,0.09,0.09,0.09,0.09,2,0
VEL,D,20131218,000000,0.09,0.09,0.09,0.09,2,0
VEL,D,20131219,000000,0.09,0.09,0.09,0.09,2,0
VEL,D,20131220,000000,0.09,0.09,0.09,0.09,2,0
VEL,D,20131223,000000,0.09,0.09,0.09,0.09,5,0
VEL,D,20131227,000000,0.09,0.09,0.09,0.09,2,0
VEL,D,20131230,000000,0.1,0.1,0.1,0.1,5,0
VEL,D,20140102,000000,0.12,0.12,0.12,0.12,2,0
VEL,D,20140103,000000,0.15,0.15,0.15,0.15,7,0
VEL,D,20140107,000000,0.15,0.16,0.15,0.16,2,0
VEL,D,20140108,000000,0.17,0.17,0.17,0.17,1,0
VEL,D,20140109,000000,0.18,0.2,0.18,0.2,11,0
VEL,D,20140110,000000,0.19,0.19,0.19,0.19,2,0
VEL,D,20140113,000000,0.18,0.18,0.18,0.18,4,0
VEL,D,20140114,000000,0.15,0.15,0.15,0.15,8,0
VEL,D,20140115,000000,0.15,0.15,0.15,0.15,1,0
VEL,D,20140116,000000,0.15,0.15,0.13,0.13,6,0
VEL,D,20140117,000000,0.13,0.15,0.13,0.15,2,0
VEL,D,20140120,000000,0.16,0.16,0.16,0.16,2,0
VEL,D,20140121,000000,0.16,0.16,0.16,0.16,2,0
VEL,D,20140122,000000,0.16,0.16,0.16,0.16,1,0
VEL,D,20140123,000000,0.16,0.16,0.16,0.16,2,0
VEL,D,20140124,000000,0.16,0.16,0.16,0.16,2,0
VEL,D,20140127,000000,0.16,0.16,0.16,0.16,1,0
VEL,D,20140128,000000,0.16,0.17,0.16,0.17,3,0
VEL,D,20140130,000000,0.17,0.17,0.17,0.17,4,0
VEL,D,20140131,000000,0.18,0.18,0.18,0.18,2,0
VEL,D,20140203,000000,0.18,0.18,0.18,0.18,1,0
VEL,D,20140204,000000,0.18,0.18,0.18,0.18,1,0
VEL,D,20140206,000000,0.17,0.17,0.17,0.17,2,0
VEL,D,20140207,000000,0.17,0.17,0.17,0.17,1,0
VEL,D,20140210,000000,0.17,0.17,0.17,0.17,1,0
VEL,D,20140211,000000,0.17,0.17,0.17,0.17,1,0
VEL,D,20140212,000000,0.17,0.17,0.17,0.17,3,0
VEL,D,20140213,000000,0.18,0.18,0.18,0.18,2500,0
VEL,D,20140214,000000,0.18,0.18,0.18,0.18,1,0
VEL,D,20140217,000000,0.18,0.18,0.18,0.18,1,0
VEL,D,20140218,000000,0.18,0.18,0.18,0.18,1,0
VEL,D,20140221,000000,0.18,0.18,0.18,0.18,1,0
VEL,D,20140224,000000,0.18,0.18,0.18,0.18,1,0
VEL,D,20140226,000000,0.18,0.18,0.18,0.18,1,0
VEL,D,20140227,000000,0.18,0.18,0.18,0.18,1,0
VEL,D,20140228,000000,0.18,0.18,0.18,0.18,3,0
VEL,D,20140306,000000,0.18,0.18,0.18,0.18,1,0
VEL,D,20140307,000000,0.15,0.15,0.15,0.15,5,0
VEL,D,20140310,000000,0.18,0.18,0.18,0.18,2,0
VEL,D,20140311,000000,0.18,0.18,0.18,0.18,1,0
VEL,D,20140314,000000,0.16,0.16,0.16,0.16,2,0
VEL,D,20140317,000000,0.17,0.17,0.17,0.17,3,0
VEL,D,20140318,000000,0.17,0.17,0.17,0.17,10,0
VEL,D,20140319,000000,0.17,0.17,0.17,0.17,1,0
VEL,D,20140320,000000,0.17,0.17,0.17,0.17,1,0
VEL,D,20140321,000000,0.17,0.17,0.17,0.17,1,0
VEL,D,20140325,000000,0.17,0.17,0.17,0.17,1,0
VEL,D,20140327,000000,0.17,0.17,0.17,0.17,1,0
VEL,D,20140328,000000,0.17,0.17,0.17,0.17,1,0
VEL,D,20140331,000000,0.17,0.17,0.17,0.17,1,0
VEL,D,20140401,000000,0.17,0.17,0.17,0.17,400,0
VEL,D,20140402,000000,0.17,0.17,0.17,0.17,1000,0
VEL,D,20140403,000000,0.17,0.17,0.17,0.17,200,0
VEL,D,20140404,000000,0.17,0.17,0.17,0.17,150,0
VEL,D,20140407,000000,0.17,0.17,0.17,0.17,750,0
VEL,D,20140409,000000,0.17,0.17,0.17,0.17,10320,0
VEL,D,20140410,000000,0.16,0.17,0.16,0.17,7250,0
VEL,D,20140411,000000,0.15,0.17,0.15,0.17,11000,0
VEL,D,20140417,000000,0.16,0.16,0.16,0.16,15000,0
VEL,D,20140422,000000,0.16,0.17,0.16,0.17,4950,0
VEL,D,20140423,000000,0.17,0.17,0.17,0.17,500,0
VEL,D,20140424,000000,0.17,0.17,0.17,0.17,200,0
VEL,D,20140425,000000,0.16,0.17,0.16,0.17,7400,0
VEL,D,20140428,000000,0.17,0.17,0.17,0.17,150,0
VEL,D,20140502,000000,0.15,0.17,0.14,0.17,26200,0
VEL,D,20140506,000000,0.15,0.16,0.13,0.16,48100,0
VEL,D,20140507,000000,0.13,0.15,0.13,0.15,13000,0
VEL,D,20140508,000000,0.16,0.16,0.13,0.15,77400,0
VEL,D,20140509,000000,0.13,0.15,0.13,0.15,7500,0
VEL,D,20140512,000000,0.15,0.15,0.12,0.13,27837,0
VEL,D,20140513,000000,0.13,0.15,0.13,0.15,13413,0
VEL,D,20140515,000000,0.15,0.15,0.15,0.15,1000,0
VEL,D,20140516,000000,0.15,0.15,0.15,0.15,75,0
VEL,D,20140529,000000,0.13,0.13,0.13,0.13,24880,0
VEL,D,20140602,000000,0.12,0.13,0.12,0.13,22200,0
VEL,D,20140606,000000,0.12,0.12,0.12,0.12,300,0
VEL,D,20140609,000000,0.12,0.12,0.12,0.12,6700,0
VEL,D,20140611,000000,0.12,0.12,0.12,0.12,200,0
VEL,D,20140612,000000,0.13,0.13,0.13,0.13,5271,0
VEL,D,20140613,000000,0.14,0.14,0.14,0.14,129,0
VEL,D,20140617,000000,0.14,0.14,0.14,0.14,300,0
VEL,D,20140620,000000,0.14,0.14,0.14,0.14,150,0
VEL,D,20140627,000000,0.14,0.14,0.14,0.14,300,0
VEL,D,20140630,000000,0.14,0.14,0.14,0.14,158,0
VEL,D,20140701,000000,0.15,0.15,0.15,0.15,50,0
VEL,D,20140707,000000,0.15,0.15,0.15,0.15,180,0
VEL,D,20140708,000000,0.15,0.15,0.12,0.12,1700,0
VEL,D,20140709,000000,0.1,0.12,0.08,0.09,389100,0
VEL,D,20140710,000000,0.09,0.09,0.09,0.09,50000,0
VEL,D,20140711,000000,0.09,0.1,0.08,0.1,50100,0
VEL,D,20140714,000000,0.1,0.1,0.1,0.1,10900,0
VEL,D,20140715,000000,0.1,0.1,0.1,0.1,10000,0
VEL,D,20140717,000000,0.1,0.1,0.1,0.1,2000,0
VEL,D,20140718,000000,0.09,0.1,0.08,0.1,10457,0
VEL,D,20140721,000000,0.11,0.11,0.09,0.09,7407,0
VEL,D,20140725,000000,0.08,0.08,0.08,0.08,9543,0
VEL,D,20140730,000000,0.07,0.08,0.07,0.08,47457,0
VEL,D,20140814,000000,0.08,0.08,0.08,0.08,199,0
VEL,D,20140818,000000,0.08,0.09,0.08,0.09,6201,0
VEL,D,20140819,000000,0.08,0.08,0.08,0.08,25000,0
VEL,D,20140822,000000,0.08,0.08,0.08,0.08,341,0
VEL,D,20140825,000000,0.08,0.08,0.08,0.08,53000,0
VEL,D,20140826,000000,0.07,0.07,0.07,0.07,5600,0
VEL,D,20140918,000000,0.08,0.08,0.08,0.08,1150,0
VEL,D,20140919,000000,0.09,0.09,0.09,0.09,410,0
VEL,D,20140923,000000,0.1,0.11,0.1,0.11,500,0
VEL,D,20140929,000000,0.11,0.13,0.11,0.13,59222,0
VEL,D,20141002,000000,0.14,0.14,0.14,0.14,381,0
VEL,D,20141007,000000,0.14,0.14,0.14,0.14,500,0
VEL,D,20141021,000000,0.13,0.14,0.13,0.14,70699,0
VEL,D,20141024,000000,0.14,0.14,0.12,0.14,105000,0
VEL,D,20141027,000000,0.12,0.12,0.12,0.12,53366,0
VEL,D,20141028,000000,0.12,0.12,0.12,0.12,16634,0
VEL,D,20141029,000000,0.12,0.12,0.12,0.12,18000,0
VEL,D,20141030,000000,0.12,0.14,0.12,0.14,15866,0
VEL,D,20141031,000000,0.14,0.14,0.14,0.14,200,0
VEL,D,20141103,000000,0.14,0.14,0.14,0.14,15457,0
VEL,D,20141119,000000,0.14,0.14,0.14,0.14,100,0
VEL,D,20141124,000000,0.13,0.13,0.13,0.13,107107,0
VEL,D,20141125,000000,0.13,0.13,0.13,0.13,15000,0
VEL,D,20141128,000000,0.13,0.14,0.13,0.14,221400,0
VEL,D,20141202,000000,0.12,0.12,0.12,0.12,25000,0
VEL,D,20141203,000000,0.12,0.14,0.12,0.14,30500,0
VEL,D,20141216,000000,0.13,0.13,0.13,0.13,39800,0
VEL,D,20141222,000000,0.11,0.11,0.11,0.11,20400,0
VEL,D,20141223,000000,0.13,0.13,0.13,0.13,500,0
VEL,D,20141230,000000,0.13,0.14,0.13,0.14,50000,0
VEL,D,20150102,000000,0.14,0.14,0.14,0.14,17500,0
VEL,D,20150107,000000,0.12,0.14,0.12,0.14,3000,0
VEL,D,20150109,000000,0.14,0.14,0.14,0.14,157000,0
VEL,D,20150112,000000,0.14,0.14,0.14,0.14,14561,0
VEL,D,20150113,000000,0.12,0.12,0.12,0.12,45623,0
VEL,D,20150114,000000,0.12,0.12,0.12,0.12,10000,0
VEL,D,20150116,000000,0.13,0.13,0.13,0.13,7368,0
VEL,D,20150119,000000,0.13,0.14,0.13,0.14,3132,0
VEL,D,20150121,000000,0.14,0.14,0.14,0.14,78,0
VEL,D,20150122,000000,0.12,0.14,0.12,0.14,48877,0
VEL,D,20150202,000000,0.11,0.14,0.11,0.14,33500,0
VEL,D,20150203,000000,0.14,0.14,0.12,0.13,36150,0
VEL,D,20150204,000000,0.13,0.14,0.13,0.14,51381,0
VEL,D,20150205,000000,0.14,0.15,0.14,0.14,341227,0
VEL,D,20150206,000000,0.15,0.15,0.15,0.15,500,0
VEL,D,20150211,000000,0.15,0.15,0.15,0.15,32500,0
VEL,D,20150212,000000,0.15,0.18,0.15,0.17,293891,0
VEL,D,20150213,000000,0.19,0.2,0.19,0.2,21586,0
VEL,D,20150216,000000,0.23,0.27,0.23,0.25,6901,0
VEL,D,20150217,000000,0.2,0.22,0.16,0.16,12842,0
VEL,D,20150218,000000,0.17,0.19,0.16,0.19,6626,0
VEL,D,20150219,000000,0.21,0.25,0.21,0.24,44524,0
VEL,D,20150220,000000,0.27,0.27,0.27,0.27,5000,0
VEL,D,20150223,000000,0.2,0.2,0.2,0.2,2500,0
VEL,D,20150224,000000,0.17,0.17,0.17,0.17,8664,0
VEL,D,20150225,000000,0.17,0.17,0.16,0.16,2800,0
VEL,D,20150226,000000,0.17,0.17,0.17,0.17,19075,0
VEL,D,20150227,000000,0.17,0.25,0.17,0.25,596640,0
VEL,D,20150302,000000,0.3,0.36,0.28,0.28,678727,0
VEL,D,20150303,000000,0.3,0.35,0.25,0.3,129117,0
VEL,D,20150304,000000,0.3,0.3,0.28,0.3,2600,0
VEL,D,20150305,000000,0.27,0.29,0.24,0.28,17944,0
VEL,D,20150306,000000,0.25,0.25,0.23,0.25,21561,0
VEL,D,20150309,000000,0.26,0.29,0.25,0.25,13583,0
VEL,D,20150310,000000,0.25,0.3,0.25,0.25,5575,0
VEL,D,20150311,000000,0.25,0.28,0.25,0.28,5498,0
VEL,D,20150312,000000,0.25,0.25,0.2,0.23,133135,0
VEL,D,20150313,000000,0.24,0.24,0.22,0.22,15834,0
VEL,D,20150316,000000,0.23,0.25,0.21,0.25,4600,0
VEL,D,20150317,000000,0.27,0.27,0.27,0.27,300,0
VEL,D,20150319,000000,0.22,0.33,0.22,0.32,239108,0
VEL,D,20150320,000000,0.32,0.32,0.32,0.32,1,0
VEL,D,20150323,000000,0.33,0.33,0.32,0.32,86,0
VEL,D,20150325,000000,0.27,0.32,0.27,0.32,1001,0
VEL,D,20150326,000000,0.32,0.32,0.32,0.32,150,0
VEL,D,20150327,000000,0.32,0.32,0.32,0.32,150,0
VEL,D,20150330,000000,0.26,0.26,0.26,0.26,5841,0
VEL,D,20150331,000000,0.28,0.28,0.23,0.24,22145,0
VEL,D,20150401,000000,0.21,0.25,0.2,0.23,25235,0
VEL,D,20150402,000000,0.21,0.24,0.17,0.2,183685,0
VEL,D,20150407,000000,0.23,0.27,0.23,0.27,129204,0
VEL,D,20150408,000000,0.27,0.32,0.25,0.32,241686,0
VEL,D,20150409,000000,0.31,0.32,0.27,0.27,152849,0
VEL,D,20150410,000000,0.26,0.26,0.24,0.24,4774,0
VEL,D,20150413,000000,0.26,0.31,0.25,0.28,440090,0
VEL,D,20150414,000000,0.26,0.26,0.23,0.26,23651,0
VEL,D,20150415,000000,0.26,0.27,0.24,0.24,9779,0
VEL,D,20150416,000000,0.24,0.26,0.22,0.26,13500,0
VEL,D,20150421,000000,0.25,0.25,0.25,0.25,10000,0
VEL,D,20150422,000000,0.23,0.23,0.23,0.23,8454,0
VEL,D,20150423,000000,0.26,0.26,0.26,0.26,180,0
VEL,D,20150427,000000,0.23,0.24,0.22,0.24,11443,0
VEL,D,20150428,000000,0.24,0.25,0.24,0.25,2150,0
VEL,D,20150429,000000,0.22,0.26,0.22,0.26,15738,0
VEL,D,20150504,000000,0.27,0.27,0.27,0.27,500,0
VEL,D,20150505,000000,0.28,0.29,0.28,0.29,11000,0
VEL,D,20150506,000000,0.29,0.3,0.29,0.3,4459,0
VEL,D,20150507,000000,0.26,0.3,0.26,0.3,5500,0
VEL,D,20150508,000000,0.26,0.3,0.25,0.28,10737,0
VEL,D,20150514,000000,0.27,0.27,0.24,0.26,4200,0
VEL,D,20150515,000000,0.24,0.24,0.24,0.24,820,0
VEL,D,20150518,000000,0.26,0.26,0.26,0.26,500,0
VEL,D,20150519,000000,0.24,0.32,0.24,0.26,215990,0
VEL,D,20150520,000000,0.26,0.28,0.26,0.27,49546,0
VEL,D,20150521,000000,0.27,0.29,0.24,0.24,38682,0
VEL,D,20150525,000000,0.27,0.27,0.24,0.27,7000,0
VEL,D,20150527,000000,0.23,0.23,0.2,0.21,28843,0
VEL,D,20150528,000000,0.26,0.26,0.26,0.26,500,0
VEL,D,20150529,000000,0.27,0.27,0.27,0.27,500,0
VEL,D,20150609,000000,0.22,0.26,0.22,0.26,3000,0
VEL,D,20150610,000000,0.22,0.26,0.18,0.18,17837,0
VEL,D,20150611,000000,0.18,0.22,0.18,0.22,27888,0
VEL,D,20150612,000000,0.22,0.22,0.22,0.22,800,0
VEL,D,20150615,000000,0.22,0.22,0.2,0.2,10800,0
VEL,D,20150619,000000,0.2,0.2,0.2,0.2,300,0
VEL,D,20150622,000000,0.2,0.2,0.2,0.2,1450,0
VEL,D,20150623,000000,0.22,0.22,0.2,0.2,3773,0
VEL,D,20150624,000000,0.2,0.24,0.2,0.23,61400,0
VEL,D,20150625,000000,0.22,0.22,0.2,0.2,26381,0
VEL,D,20150626,000000,0.19,0.19,0.18,0.18,34526,0
VEL,D,20150629,000000,0.18,0.18,0.18,0.18,50,0
VEL,D,20150630,000000,0.18,0.18,0.18,0.18,5920,0
VEL,D,20150701,000000,0.18,0.18,0.18,0.18,100,0
VEL,D,20150702,000000,0.16,0.17,0.13,0.17,82963,0
VEL,D,20150703,000000,0.14,0.15,0.14,0.14,33419,0
VEL,D,20150706,000000,0.14,0.16,0.13,0.16,17014,0
VEL,D,20150707,000000,0.13,0.16,0.13,0.16,11000,0
VEL,D,20150708,000000,0.17,0.17,0.17,0.17,10000,0
VEL,D,20150709,000000,0.16,0.19,0.16,0.19,67100,0
VEL,D,20150710,000000,0.17,0.18,0.14,0.16,75660,0
VEL,D,20150713,000000,0.17,0.17,0.16,0.16,49572,0
VEL,D,20150714,000000,0.16,0.16,0.16,0.16,350,0
VEL,D,20150715,000000,0.16,0.17,0.16,0.16,12104,0
VEL,D,20150716,000000,0.16,0.16,0.16,0.16,100,0
VEL,D,20150717,000000,0.17,0.17,0.17,0.17,1250,0
VEL,D,20150720,000000,0.18,0.19,0.18,0.19,59921,0
VEL,D,20150721,000000,0.19,0.2,0.19,0.2,5800,0
VEL,D,20150722,000000,0.2,0.2,0.19,0.2,100500,0
VEL,D,20150723,000000,0.22,0.23,0.22,0.22,24355,0
VEL,D,20150724,000000,0.23,0.23,0.22,0.23,32416,0
VEL,D,20150727,000000,0.23,0.23,0.23,0.23,77004,0
VEL,D,20150728,000000,0.23,0.23,0.23,0.23,23246,0
VEL,D,20150729,000000,0.24,0.24,0.23,0.23,29606,0
VEL,D,20150730,000000,0.23,0.25,0.23,0.25,53275,0
VEL,D,20150731,000000,0.25,0.32,0.25,0.31,222251,0
VEL,D,20150803,000000,0.31,0.31,0.31,0.31,42620,0
VEL,D,20150804,000000,0.31,0.31,0.31,0.31,4900,0
VEL,D,20150805,000000,0.3,0.3,0.3,0.3,3200,0
VEL,D,20150806,000000,0.29,0.29,0.27,0.27,15027,0
VEL,D,20150807,000000,0.28,0.28,0.28,0.28,100,0
VEL,D,20150810,000000,0.27,0.27,0.26,0.26,124720,0
VEL,D,20150811,000000,0.26,0.27,0.26,0.27,78072,0
VEL,D,20150812,000000,0.27,0.27,0.27,0.27,100,0
VEL,D,20150813,000000,0.27,0.27,0.27,0.27,15802,0
VEL,D,20150814,000000,0.27,0.27,0.26,0.26,7033,0
VEL,D,20150817,000000,0.26,0.26,0.26,0.26,100,0
VEL,D,20150818,000000,0.25,0.25,0.25,0.25,500,0
VEL,D,20150819,000000,0.24,0.24,0.24,0.24,1000,0
VEL,D,20150821,000000,0.23,0.23,0.23,0.23,1000,0
VEL,D,20150824,000000,0.23,0.23,0.23,0.23,1150,0
VEL,D,20150825,000000,0.23,0.23,0.23,0.23,20000,0
VEL,D,20150826,000000,0.23,0.25,0.23,0.25,600,0
VEL,D,20150827,000000,0.25,0.25,0.25,0.25,50,0
VEL,D,20150828,000000,0.25,0.25,0.25,0.25,5500,0
VEL,D,20150831,000000,0.25,0.25,0.22,0.22,19800,0
VEL,D,20150901,000000,0.22,0.22,0.22,0.22,100,0
VEL,D,20150903,000000,0.22,0.22,0.22,0.22,100,0
VEL,D,20150904,000000,0.22,0.22,0.22,0.22,100,0
VEL,D,20150907,000000,0.22,0.22,0.22,0.22,100,0
VEL,D,20150908,000000,0.23,0.23,0.23,0.23,500,0
VEL,D,20150909,000000,0.23,0.23,0.23,0.23,50,0
VEL,D,20150910,000000,0.24,0.28,0.24,0.28,17574,0
VEL,D,20150911,000000,0.3,0.3,0.28,0.3,71119,0
VEL,D,20150914,000000,0.3,0.31,0.3,0.3,11114,0
VEL,D,20150915,000000,0.3,0.3,0.3,0.3,40,0
VEL,D,20150916,000000,0.3,0.3,0.24,0.24,139751,0
VEL,D,20150917,000000,0.25,0.25,0.24,0.24,61550,0
VEL,D,20150918,000000,0.25,0.25,0.23,0.23,10050,0
VEL,D,20150921,000000,0.23,0.24,0.23,0.23,7355,0
VEL,D,20150922,000000,0.23,0.23,0.23,0.23,50,0
VEL,D,20150923,000000,0.23,0.23,0.23,0.23,50,0
VEL,D,20150924,000000,0.23,0.23,0.23,0.23,8773,0
VEL,D,20150925,000000,0.23,0.3,0.2,0.3,52650,0
VEL,D,20150928,000000,0.3,0.3,0.26,0.3,16536,0
VEL,D,20150929,000000,0.3,0.31,0.29,0.31,50925,0
VEL,D,20150930,000000,0.3,0.3,0.29,0.3,13887,0
VEL,D,20151001,000000,0.3,0.3,0.3,0.3,6822,0
VEL,D,20151002,000000,0.3,0.35,0.3,0.31,119009,0
VEL,D,20151005,000000,0.31,0.31,0.31,0.31,50,0
VEL,D,20151006,000000,0.31,0.31,0.31,0.31,1653,0
VEL,D,20151007,000000,0.31,0.31,0.27,0.28,1540,0
VEL,D,20151008,000000,0.3,0.3,0.3,0.3,1000,0
VEL,D,20151009,000000,0.3,0.3,0.3,0.3,150,0
VEL,D,20151012,000000,0.29,0.34,0.26,0.34,57504,0
VEL,D,20151013,000000,0.34,0.39,0.28,0.39,87866,0
VEL,D,20151014,000000,0.32,0.38,0.26,0.29,944056,0
VEL,D,20151015,000000,0.29,0.33,0.29,0.31,9460,0
VEL,D,20151016,000000,0.31,0.32,0.25,0.27,175955,0
VEL,D,20151019,000000,0.28,0.31,0.28,0.31,5918,0
VEL,D,20151020,000000,0.3,0.3,0.28,0.3,7250,0
VEL,D,20151021,000000,0.28,0.28,0.28,0.28,150,0
VEL,D,20151022,000000,0.3,0.3,0.28,0.28,5150,0
VEL,D,20151023,000000,0.3,0.3,0.28,0.28,8355,0
VEL,D,20151026,000000,0.3,0.36,0.3,0.36,102300,0
VEL,D,20151027,000000,0.35,0.36,0.29,0.36,208142,0
VEL,D,20151028,000000,0.36,0.48,0.29,0.47,499820,0
VEL,D,20151029,000000,0.55,0.66,0.44,0.51,196318,0
VEL,D,20151030,000000,0.5,0.5,0.38,0.38,167009,0
VEL,D,20151102,000000,0.42,0.46,0.42,0.46,17266,0
VEL,D,20151103,000000,0.47,0.48,0.42,0.42,4691,0
VEL,D,20151104,000000,0.42,0.48,0.42,0.44,30042,0
VEL,D,20151105,000000,0.44,0.44,0.44,0.44,1450,0
VEL,D,20151106,000000,0.43,0.48,0.41,0.46,32689,0
VEL,D,20151109,000000,0.46,0.55,0.46,0.51,38182,0
VEL,D,20151110,000000,0.54,0.54,0.54,0.54,30,0
VEL,D,20151112,000000,0.51,0.51,0.5,0.51,1700,0
VEL,D,20151113,000000,0.51,0.53,0.49,0.52,48864,0
VEL,D,20151116,000000,0.51,0.51,0.5,0.51,3400,0
VEL,D,20151117,000000,0.49,0.51,0.43,0.51,10988,0
VEL,D,20151118,000000,0.51,0.51,0.41,0.41,30810,0
VEL,D,20151119,000000,0.43,0.43,0.34,0.34,29340,0
VEL,D,20151120,000000,0.34,0.39,0.34,0.39,2472,0
VEL,D,20151123,000000,0.39,0.51,0.39,0.51,35107,0
VEL,D,20151124,000000,0.51,0.51,0.41,0.44,18470,0
VEL,D,20151125,000000,0.47,0.5,0.39,0.5,29630,0
VEL,D,20151127,000000,0.49,0.49,0.49,0.49,40,0
VEL,D,20151130,000000,0.49,0.49,0.43,0.43,13030,0
VEL,D,20151201,000000,0.44,0.5,0.41,0.49,152894,0
VEL,D,20151202,000000,0.49,0.49,0.41,0.41,19668,0
VEL,D,20151203,000000,0.44,0.45,0.39,0.43,13800,0
VEL,D,20151204,000000,0.42,0.47,0.32,0.34,717776,0
VEL,D,20151207,000000,0.34,0.34,0.32,0.32,41005,0
VEL,D,20151208,000000,0.34,0.36,0.32,0.32,107990,0
VEL,D,20151209,000000,0.32,0.35,0.3,0.31,267418,0
VEL,D,20151210,000000,0.31,0.33,0.3,0.3,31557,0
VEL,D,20151211,000000,0.3,0.3,0.28,0.28,31895,0
VEL,D,20151214,000000,0.32,0.32,0.26,0.3,10052,0
VEL,D,20151215,000000,0.32,0.32,0.3,0.3,31436,0
VEL,D,20151216,000000,0.3,0.36,0.3,0.36,205445,0
VEL,D,20151217,000000,0.36,0.37,0.29,0.3,386539,0
VEL,D,20151218,000000,0.3,0.36,0.3,0.36,40250,0
VEL,D,20151221,000000,0.36,0.36,0.36,0.36,50,0
VEL,D,20151222,000000,0.35,0.35,0.26,0.26,622880,0
VEL,D,20151223,000000,0.26,0.28,0.21,0.22,751554,0
VEL,D,20151228,000000,0.22,0.31,0.22,0.31,78156,0
VEL,D,20151229,000000,0.31,0.35,0.31,0.31,54613,0
VEL,D,20151230,000000,0.32,0.36,0.29,0.35,85038,0
VEL,D,20160104,000000,0.35,0.35,0.35,0.35,50,0
VEL,D,20160105,000000,0.35,0.35,0.34,0.34,74,0
VEL,D,20160107,000000,0.34,0.34,0.34,0.34,50,0
VEL,D,20160108,000000,0.33,0.33,0.3,0.3,12550,0
VEL,D,20160111,000000,0.33,0.37,0.3,0.3,115850,0
VEL,D,20160112,000000,0.32,0.32,0.32,0.32,50,0
VEL,D,20160113,000000,0.32,0.33,0.3,0.33,46825,0
VEL,D,20160114,000000,0.33,0.33,0.3,0.32,9040,0
VEL,D,20160115,000000,0.32,0.32,0.28,0.28,74700,0
VEL,D,20160118,000000,0.29,0.32,0.27,0.32,23200,0
VEL,D,20160119,000000,0.32,0.32,0.32,0.32,2050,0
VEL,D,20160120,000000,0.32,0.32,0.26,0.27,153295,0
VEL,D,20160121,000000,0.3,0.3,0.3,0.3,50,0
VEL,D,20160122,000000,0.3,0.3,0.3,0.3,50,0
VEL,D,20160125,000000,0.3,0.3,0.24,0.25,885011,0
VEL,D,20160126,000000,0.27,0.28,0.27,0.28,10150,0
VEL,D,20160127,000000,0.28,0.28,0.25,0.28,34640,0
VEL,D,20160128,000000,0.26,0.28,0.25,0.28,20600,0
VEL,D,20160129,000000,0.28,0.28,0.28,0.28,2050,0
VEL,D,20160201,000000,0.28,0.28,0.28,0.28,50,0
VEL,D,20160202,000000,0.28,0.3,0.28,0.28,14711,0
VEL,D,20160203,000000,0.3,0.3,0.3,0.3,50,0
VEL,D,20160204,000000,0.3,0.3,0.3,0.3,40,0
VEL,D,20160205,000000,0.3,0.3,0.3,0.3,50,0
VEL,D,20160208,000000,0.3,0.3,0.3,0.3,50,0
VEL,D,20160209,000000,0.3,0.3,0.23,0.23,561423,0
VEL,D,20160210,000000,0.24,0.24,0.2,0.21,57594,0
VEL,D,20160211,000000,0.25,0.25,0.25,0.25,6423,0
VEL,D,20160212,000000,0.25,0.28,0.2,0.22,6567819,0
VEL,D,20160215,000000,0.24,0.26,0.2,0.2,9805363,0
VEL,D,20160216,000000,0.2,0.23,0.18,0.2,5291127,0
VEL,D,20160217,000000,0.2,0.22,0.2,0.2,5302578,0
VEL,D,20160218,000000,0.21,0.22,0.2,0.21,5371586,0
VEL,D,20160219,000000,0.21,0.21,0.15,0.15,5102150,0
VEL,D,20160222,000000,0.15,0.16,0.14,0.15,717391,0
VEL,D,20160223,000000,0.16,0.17,0.16,0.16,140545,0
VEL,D,20160224,000000,0.17,0.18,0.16,0.17,254606,0
VEL,D,20160225,000000,0.17,0.2,0.17,0.18,728887,0
VEL,D,20160226,000000,0.18,0.21,0.15,0.16,17089894,0
VEL,D,20160229,000000,0.16,0.17,0.15,0.17,1006769,0
VEL,D,20160301,000000,0.16,0.17,0.16,0.17,123675,0
VEL,D,20160302,000000,0.17,0.18,0.16,0.17,443787,0
VEL,D,20160303,000000,0.17,0.18,0.15,0.17,1196791,0
VEL,D,20160304,000000,0.18,0.2,0.13,0.16,16884030,0
VEL,D,20160307,000000,0.16,0.16,0.15,0.16,522713,0
VEL,D,20160308,000000,0.16,0.16,0.13,0.13,5759745,0
VEL,D,20160309,000000,0.13,0.15,0.12,0.14,1902886,0
VEL,D,20160310,000000,0.15,0.16,0.14,0.15,2647080,0
VEL,D,20160311,000000,0.16,0.16,0.12,0.12,6512054,0
VEL,D,20160314,000000,0.12,0.13,0.12,0.12,727522,0
VEL,D,20160315,000000,0.13,0.14,0.12,0.14,1185513,0
VEL,D,20160316,000000,0.14,0.14,0.12,0.12,1813617,0
VEL,D,20160317,000000,0.12,0.13,0.11,0.12,5488643,0
VEL,D,20160318,000000,0.12,0.12,0.1,0.11,1388798,0
VEL,D,20160321,000000,0.11,0.12,0.11,0.11,149740,0
VEL,D,20160322,000000,0.1,0.12,0.1,0.12,1024861,0
VEL,D,20160323,000000,0.13,0.13,0.11,0.11,161291,0
VEL,D,20160324,000000,0.13,0.13,0.11,0.11,21120,0
VEL,D,20160329,000000,0.12,0.12,0.12,0.12,124651,0
VEL,D,20160330,000000,0.13,0.13,0.12,0.12,184707,0
VEL,D,20160331,000000,0.12,0.13,0.11,0.11,2902076,0
VEL,D,20160401,000000,0.12,0.12,0.11,0.12,111001,0
VEL,D,20160404,000000,0.12,0.13,0.11,0.11,7048295,0
VEL,D,20160405,000000,0.11,0.12,0.11,0.11,503725,0
VEL,D,20160406,000000,0.12,0.12,0.1,0.1,118756,0
VEL,D,20160407,000000,0.11,0.11,0.1,0.11,8347,0
VEL,D,20160408,000000,0.11,0.11,0.1,0.1,1005254,0
VEL,D,20160411,000000,0.1,0.12,0.09,0.12,1872564,0
VEL,D,20160412,000000,0.12,0.14,0.11,0.11,6472045,0
VEL,D,20160413,000000,0.12,0.12,0.11,0.12,307952,0
VEL,D,20160414,000000,0.12,0.12,0.11,0.12,629347,0
VEL,D,20160415,000000,0.11,0.12,0.11,0.11,242931,0
VEL,D,20160418,000000,0.12,0.12,0.1,0.11,283019,0
VEL,D,20160419,000000,0.11,0.11,0.1,0.1,96840,0
VEL,D,20160420,000000,0.11,0.11,0.1,0.1,108989,0
VEL,D,20160421,000000,0.11,0.11,0.1,0.11,33309,0
VEL,D,20160422,000000,0.11,0.11,0.1,0.1,982457,0
VEL,D,20160425,000000,0.1,0.11,0.1,0.1,315574,0
VEL,D,20160426,000000,0.1,0.11,0.09,0.1,149810,0
VEL,D,20160427,000000,0.1,0.11,0.1,0.11,2450356,0
VEL,D,20160428,000000,0.1,0.11,0.1,0.1,554788,0
VEL,D,20160429,000000,0.1,0.1,0.09,0.09,168290,0
VEL,D,20160502,000000,0.09,0.1,0.09,0.1,74044,0
VEL,D,20160504,000000,0.09,0.1,0.09,0.1,25000,0
VEL,D,20160505,000000,0.1,0.1,0.09,0.1,408355,0
VEL,D,20160506,000000,0.1,0.1,0.1,0.1,100,0
VEL,D,20160509,000000,0.1,0.1,0.09,0.1,315036,0
VEL,D,20160510,000000,0.09,0.1,0.09,0.1,36248,0
VEL,D,20160511,000000,0.1,0.11,0.1,0.11,522418,0
VEL,D,20160512,000000,0.11,0.11,0.1,0.11,3911,0
VEL,D,20160513,000000,0.11,0.11,0.09,0.1,578167,0
VEL,D,20160516,000000,0.1,0.1,0.09,0.09,313699,0
VEL,D,20160517,000000,0.09,0.1,0.09,0.1,116244,0
VEL,D,20160518,000000,0.09,0.1,0.08,0.09,154000,0
VEL,D,20160519,000000,0.09,0.1,0.09,0.1,109820,0
VEL,D,20160520,000000,0.09,0.1,0.08,0.08,9999169,0
VEL,D,20160523,000000,0.08,0.09,0.08,0.08,444434,0
VEL,D,20160524,000000,0.09,0.09,0.08,0.08,81253,0
VEL,D,20160525,000000,0.09,0.09,0.07,0.08,573134,0
VEL,D,20160527,000000,0.08,0.08,0.07,0.08,212407,0
VEL,D,20160530,000000,0.08,0.08,0.07,0.08,34450,0
VEL,D,20160531,000000,0.07,0.08,0.07,0.08,354600,0
VEL,D,20160601,000000,0.08,0.08,0.07,0.07,63475,0
VEL,D,20160602,000000,0.07,0.07,0.07,0.07,1600,0
VEL,D,20160603,000000,0.07,0.08,0.07,0.08,8045,0
VEL,D,20160606,000000,0.07,0.08,0.07,0.08,43200,0
VEL,D,20160607,000000,0.08,0.08,0.07,0.08,69896,0
VEL,D,20160608,000000,0.08,0.08,0.06,0.07,155680,0
VEL,D,20160609,000000,0.07,0.07,0.06,0.07,751242,0
VEL,D,20160610,000000,0.06,0.07,0.05,0.06,971201,0
VEL,D,20160613,000000,0.06,0.07,0.05,0.07,791419,0
VEL,D,20160614,000000,0.07,0.08,0.07,0.08,800082,0
VEL,D,20160615,000000,0.07,0.12,0.06,0.09,6042459,0
VEL,D,20160616,000000,0.1,0.11,0.08,0.08,3298448,0
VEL,D,20160617,000000,0.09,0.09,0.07,0.09,908039,0
VEL,D,20160620,000000,0.09,0.09,0.08,0.09,48500,0
VEL,D,20160621,000000,0.09,0.09,0.07,0.07,151459,0
VEL,D,20160622,000000,0.07,0.08,0.07,0.08,96196,0
VEL,D,20160623,000000,0.07,0.09,0.06,0.06,8672402,0
VEL,D,20160624,000000,0.06,0.07,0.06,0.06,1040458,0
VEL,D,20160627,000000,0.07,0.08,0.06,0.07,1597588,0
VEL,D,20160628,000000,0.07,0.07,0.06,0.07,2098395,0
VEL,D,20160629,000000,0.07,0.07,0.06,0.06,839380,0
VEL,D,20160630,000000,0.07,0.07,0.06,0.06,1933798,0
VEL,D,20160701,000000,0.07,0.07,0.05,0.05,687258,0
VEL,D,20160704,000000,0.05,0.06,0.05,0.06,86625,0
VEL,D,20160705,000000,0.05,0.06,0.05,0.05,59346,0
VEL,D,20160706,000000,0.06,0.06,0.06,0.06,12593,0
VEL,D,20160707,000000,0.06,0.06,0.05,0.05,67500,0
VEL,D,20160708,000000,0.05,0.05,0.05,0.05,960596,0
VEL,D,20160711,000000,0.05,0.06,0.04,0.05,435819,0
VEL,D,20160712,000000,0.05,0.06,0.05,0.06,17966,0
VEL,D,20160713,000000,0.06,0.06,0.05,0.05,9380,0
VEL,D,20160714,000000,0.05,0.05,0.05,0.05,80227,0
VEL,D,20160715,000000,0.05,0.06,0.05,0.05,4495,0
VEL,D,20160718,000000,0.05,0.06,0.05,0.06,1130300,0
VEL,D,20160719,000000,0.06,0.07,0.05,0.05,2648864,0
VEL,D,20160720,000000,0.05,0.06,0.05,0.05,145839,0
VEL,D,20160721,000000,0.05,0.06,0.05,0.05,37620,0
VEL,D,20160722,000000,0.06,0.06,0.05,0.05,581036,0
VEL,D,20160725,000000,0.05,0.06,0.05,0.05,44929,0
VEL,D,20160726,000000,0.06,0.06,0.05,0.05,19600,0
VEL,D,20160727,000000,0.05,0.06,0.05,0.05,432926,0
VEL,D,20160728,000000,0.05,0.06,0.05,0.05,11559,0
VEL,D,20160729,000000,0.05,0.06,0.05,0.06,71900,0
VEL,D,20160801,000000,0.06,0.06,0.06,0.06,1708,0
VEL,D,20160802,000000,0.05,0.06,0.05,0.06,4319,0
VEL,D,20160803,000000,0.05,0.06,0.05,0.05,18502,0
VEL,D,20160804,000000,0.06,0.06,0.06,0.06,700,0
VEL,D,20160805,000000,0.05,0.06,0.05,0.06,6651,0
VEL,D,20160808,000000,0.06,0.06,0.04,0.04,256300,0
VEL,D,20160809,000000,0.05,0.05,0.04,0.05,2214928,0
VEL,D,20160810,000000,0.05,0.05,0.04,0.04,59400,0
VEL,D,20160811,000000,0.04,0.05,0.04,0.05,4500,0
VEL,D,20160812,000000,0.04,0.05,0.04,0.05,111100,0
VEL,D,20160816,000000,0.04,0.06,0.04,0.06,1987917,0
VEL,D,20160817,000000,0.06,0.06,0.05,0.05,420488,0
VEL,D,20160818,000000,0.05,0.06,0.04,0.04,183302,0
VEL,D,20160819,000000,0.05,0.06,0.05,0.06,51000,0
VEL,D,20160822,000000,0.05,0.06,0.04,0.06,293408,0
VEL,D,20160823,000000,0.06,0.06,0.05,0.05,60710,0
VEL,D,20160824,000000,0.05,0.05,0.05,0.05,100,0
VEL,D,20160825,000000,0.05,0.05,0.05,0.05,200,0
VEL,D,20160826,000000,0.05,0.05,0.05,0.05,220,0
VEL,D,20160829,000000,0.04,0.05,0.04,0.05,471400,0
VEL,D,20160830,000000,0.05,0.05,0.05,0.05,200,0
VEL,D,20160831,000000,0.05,0.06,0.05,0.06,337933,0
VEL,D,20160901,000000,0.06,0.06,0.05,0.05,216020,0
VEL,D,20160902,000000,0.05,0.05,0.05,0.05,188260,0
VEL,D,20160905,000000,0.05,0.05,0.04,0.05,14413,0
VEL,D,20160906,000000,0.05,0.06,0.05,0.06,90711,0
VEL,D,20160907,000000,0.06,0.06,0.05,0.06,135853,0
VEL,D,20160908,000000,0.05,0.07,0.05,0.07,1420669,0
VEL,D,20160909,000000,0.07,0.11,0.06,0.11,2719699,0
VEL,D,20160912,000000,0.1,0.11,0.09,0.11,1083456,0
VEL,D,20160913,000000,0.1,0.11,0.1,0.1,244733,0
VEL,D,20160914,000000,0.1,0.1,0.07,0.07,1753326,0
VEL,D,20160915,000000,0.07,0.08,0.06,0.07,95845,0
VEL,D,20160916,000000,0.07,0.07,0.07,0.07,88650,0
VEL,D,20160919,000000,0.06,0.07,0.06,0.07,69985,0
VEL,D,20160920,000000,0.07,0.08,0.07,0.07,112972,0
VEL,D,20160921,000000,0.08,0.08,0.06,0.07,1083175,0
VEL,D,20160922,000000,0.07,0.07,0.07,0.07,14700,0
VEL,D,20160923,000000,0.07,0.08,0.07,0.07,922223,0
VEL,D,20160926,000000,0.07,0.08,0.07,0.08,77025,0
VEL,D,20160927,000000,0.08,0.08,0.07,0.08,633077,0
VEL,D,20160928,000000,0.08,0.08,0.07,0.07,324130,0
VEL,D,20160929,000000,0.07,0.08,0.06,0.06,55084,0
VEL,D,20160930,000000,0.07,0.08,0.06,0.06,1601281,0
VEL,D,20161003,000000,0.07,0.07,0.06,0.07,1165599,0
VEL,D,20161004,000000,0.07,0.07,0.06,0.07,274335,0
VEL,D,20161005,000000,0.07,0.07,0.06,0.06,698352,0
VEL,D,20161006,000000,0.06,0.07,0.06,0.07,18508,0
VEL,D,20161007,000000,0.07,0.07,0.07,0.07,14920,0
VEL,D,20161010,000000,0.07,0.07,0.06,0.06,179369,0
VEL,D,20161011,000000,0.07,0.07,0.06,0.07,113488,0
VEL,D,20161012,000000,0.07,0.07,0.06,0.07,14350,0
VEL,D,20161013,000000,0.07,0.07,0.07,0.07,86665,0
VEL,D,20161014,000000,0.07,0.07,0.07,0.07,300,0
VEL,D,20161017,000000,0.07,0.07,0.06,0.06,72463,0
VEL,D,20161018,000000,0.06,0.07,0.06,0.07,2501,0
VEL,D,20161019,000000,0.06,0.06,0.05,0.06,367785,0
VEL,D,20161020,000000,0.06,0.06,0.05,0.06,1610186,0
VEL,D,20161021,000000,0.06,0.06,0.05,0.06,36512,0
VEL,D,20161024,000000,0.06,0.06,0.06,0.06,37547,0
VEL,D,20161025,000000,0.06,0.06,0.05,0.06,3092657,0
VEL,D,20161026,000000,0.05,0.06,0.05,0.05,975938,0
VEL,D,20161027,000000,0.05,0.06,0.05,0.05,67471,0
VEL,D,20161028,000000,0.05,0.06,0.05,0.05,747750,0
VEL,D,20161031,000000,0.05,0.05,0.05,0.05,85000,0
VEL,D,20161102,000000,0.05,0.06,0.05,0.06,18294,0
VEL,D,20161103,000000,0.06,0.06,0.05,0.06,770878,0
VEL,D,20161104,000000,0.06,0.06,0.06,0.06,482758,0
VEL,D,20161107,000000,0.06,0.07,0.05,0.06,1510787,0
VEL,D,20161108,000000,0.06,0.07,0.05,0.06,132500,0
VEL,D,20161109,000000,0.06,0.06,0.05,0.05,1420176,0
VEL,D,20161110,000000,0.05,0.06,0.05,0.05,1939722,0
VEL,D,20161114,000000,0.05,0.06,0.05,0.05,146186,0
VEL,D,20161115,000000,0.06,0.06,0.05,0.06,655447,0
VEL,D,20161116,000000,0.05,0.06,0.04,0.05,459123,0
VEL,D,20161117,000000,0.05,0.06,0.04,0.06,1147442,0
VEL,D,20161118,000000,0.05,0.06,0.04,0.05,2146948,0
VEL,D,20161121,000000,0.06,0.06,0.05,0.05,733534,0
VEL,D,20161122,000000,0.05,0.06,0.05,0.06,606885,0
VEL,D,20161123,000000,0.05,0.05,0.04,0.05,318439,0
VEL,D,20161124,000000,0.05,0.05,0.05,0.05,96528,0
VEL,D,20161125,000000,0.05,0.06,0.05,0.06,84499,0
VEL,D,20161128,000000,0.06,0.06,0.05,0.06,521704,0
VEL,D,20161129,000000,0.06,0.06,0.05,0.05,539157,0
VEL,D,20161130,000000,0.05,0.05,0.04,0.05,132247,0
VEL,D,20161201,000000,0.04,0.05,0.03,0.05,2717996,0
VEL,D,20161202,000000,0.05,0.05,0.05,0.05,400,0
VEL,D,20161205,000000,0.05,0.05,0.04,0.05,574872,0
VEL,D,20161206,000000,0.05,0.05,0.04,0.05,35071,0
VEL,D,20161207,000000,0.05,0.05,0.04,0.05,220444,0
VEL,D,20161208,000000,0.05,0.05,0.04,0.05,14082,0
VEL,D,20161209,000000,0.05,0.05,0.04,0.05,604789,0
VEL,D,20161212,000000,0.05,0.05,0.04,0.05,103022,0
VEL,D,20161213,000000,0.05,0.05,0.04,0.05,1942076,0
VEL,D,20161214,000000,0.04,0.05,0.04,0.04,503792,0
VEL,D,20161215,000000,0.04,0.05,0.04,0.04,348074,0
VEL,D,20161216,000000,0.04,0.06,0.04,0.06,4797749,0
VEL,D,20161219,000000,0.06,0.07,0.05,0.05,8835235,0
VEL,D,20161220,000000,0.05,0.06,0.04,0.05,1008971,0
VEL,D,20161221,000000,0.05,0.06,0.04,0.05,4566597,0
VEL,D,20161222,000000,0.04,0.05,0.04,0.05,2147730,0
VEL,D,20161223,000000,0.04,0.05,0.04,0.05,177776,0
VEL,D,20161227,000000,0.05,0.05,0.04,0.04,265120,0
VEL,D,20161228,000000,0.04,0.05,0.04,0.05,8600,0
VEL,D,20161229,000000,0.04,0.05,0.04,0.05,80674,0
VEL,D,20161230,000000,0.04,0.05,0.04,0.05,67509,0
VEL,D,20170102,000000,0.05,0.05,0.04,0.05,3900,0
VEL,D,20170103,000000,0.05,0.05,0.04,0.05,164318,0
VEL,D,20170104,000000,0.05,0.05,0.04,0.05,122252,0
VEL,D,20170105,000000,0.05,0.05,0.04,0.05,2139144,0
VEL,D,20170109,000000,0.04,0.05,0.04,0.05,92875,0
VEL,D,20170110,000000,0.05,0.05,0.05,0.05,1000,0
VEL,D,20170111,000000,0.05,0.05,0.05,0.05,1000,0
VEL,D,20170112,000000,0.05,0.05,0.04,0.04,66301,0
VEL,D,20170113,000000,0.04,0.04,0.03,0.04,5347036,0
VEL,D,20170116,000000,0.04,0.04,0.03,0.04,618928,0
VEL,D,20170117,000000,0.03,0.04,0.03,0.04,653062,0
VEL,D,20170118,000000,0.04,0.04,0.04,0.04,1048895,0
VEL,D,20170119,000000,0.04,0.04,0.03,0.04,151502,0
VEL,D,20170120,000000,0.04,0.04,0.03,0.04,1806601,0
VEL,D,20170123,000000,0.04,0.04,0.04,0.04,178200,0
VEL,D,20170124,000000,0.04,0.04,0.03,0.03,1834022,0
VEL,D,20170125,000000,0.04,0.04,0.04,0.04,93369,0
VEL,D,20170126,000000,0.03,0.04,0.03,0.04,45380,0
VEL,D,20170127,000000,0.04,0.04,0.03,0.04,932516,0
VEL,D,20170130,000000,0.04,0.04,0.04,0.04,8643,0
VEL,D,20170131,000000,0.03,0.04,0.03,0.04,1574081,0
VEL,D,20170201,000000,0.04,0.05,0.03,0.04,5536526,0
VEL,D,20170202,000000,0.05,0.05,0.04,0.04,2612723,0
VEL,D,20170203,000000,0.05,0.05,0.04,0.04,535022,0
VEL,D,20170206,000000,0.04,0.06,0.04,0.06,3986347,0
VEL,D,20170207,000000,0.06,0.06,0.05,0.06,3625214,0
VEL,D,20170208,000000,0.06,0.06,0.05,0.06,4077182,0
VEL,D,20170209,000000,0.06,0.06,0.05,0.06,449642,0
VEL,D,20170210,000000,0.06,0.06,0.04,0.05,4649365,0
VEL,D,20170213,000000,0.05,0.05,0.04,0.05,595589,0
VEL,D,20170214,000000,0.05,0.06,0.04,0.04,9090353,0
VEL,D,20170215,000000,0.04,0.05,0.04,0.04,629057,0
VEL,D,20170216,000000,0.05,0.05,0.04,0.04,438880,0
VEL,D,20170217,000000,0.05,0.05,0.04,0.04,2985183,0
VEL,D,20170220,000000,0.04,0.04,0.03,0.04,315199,0
VEL,D,20170221,000000,0.04,0.04,0.03,0.04,546582,0
VEL,D,20170222,000000,0.04,0.04,0.03,0.04,706277,0
VEL,D,20170223,000000,0.04,0.04,0.04,0.04,10363976,0
VEL,D,20170224,000000,0.05,0.06,0.04,0.05,7064917,0
VEL,D,20170227,000000,0.05,0.06,0.04,0.04,2044885,0
VEL,D,20170228,000000,0.05,0.05,0.04,0.05,340597,0
VEL,D,20170301,000000,0.05,0.05,0.04,0.04,638599,0
VEL,D,20170302,000000,0.05,0.05,0.04,0.05,221024,0
VEL,D,20170303,000000,0.05,0.05,0.04,0.04,265456,0
VEL,D,20170306,000000,0.04,0.05,0.04,0.05,496375,0
VEL,D,20170307,000000,0.04,0.05,0.04,0.05,3267036,0
VEL,D,20170308,000000,0.04,0.05,0.04,0.05,2301188,0
VEL,D,20170309,000000,0.05,0.05,0.04,0.05,322748,0
VEL,D,20170310,000000,0.04,0.05,0.04,0.05,405800,0
VEL,D,20170313,000000,0.04,0.05,0.04,0.04,1020555,0
VEL,D,20170314,000000,0.05,0.05,0.04,0.05,585880,0
VEL,D,20170315,000000,0.04,0.05,0.04,0.04,148827,0
VEL,D,20170316,000000,0.04,0.04,0.04,0.04,377127,0
VEL,D,20170317,000000,0.04,0.05,0.04,0.04,631160,0
VEL,D,20170320,000000,0.04,0.04,0.03,0.04,1817290,0
VEL,D,20170321,000000,0.04,0.04,0.03,0.04,454418,0
VEL,D,20170322,000000,0.04,0.05,0.04,0.05,91798,0
VEL,D,20170323,000000,0.04,0.05,0.04,0.04,14014,0
VEL,D,20170324,000000,0.04,0.04,0.04,0.04,38434,0
VEL,D,20170327,000000,0.04,0.04,0.03,0.04,1691792,0
VEL,D,20170328,000000,0.04,0.04,0.03,0.04,119011,0
VEL,D,20170329,000000,0.04,0.04,0.03,0.04,82010,0
VEL,D,20170330,000000,0.04,0.04,0.03,0.04,735620,0
VEL,D,20170331,000000,0.04,0.04,0.03,0.03,264909,0
VEL,D,20170403,000000,0.04,0.04,0.04,0.04,616096,0
VEL,D,20170404,000000,0.04,0.04,0.04,0.04,520850,0
VEL,D,20170405,000000,0.04,0.04,0.04,0.04,222107,0
VEL,D,20170406,000000,0.04,0.05,0.04,0.05,23120,0
VEL,D,20170407,000000,0.05,0.05,0.05,0.05,300,0
VEL,D,20170410,000000,0.04,0.04,0.04,0.04,209345,0
VEL,D,20170411,000000,0.04,0.04,0.04,0.04,222000,0
VEL,D,20170412,000000,0.04,0.04,0.04,0.04,14002,0
VEL,D,20170413,000000,0.04,0.04,0.04,0.04,5350,0
VEL,D,20170418,000000,0.04,0.04,0.03,0.03,181120,0
VEL,D,20170419,000000,0.04,0.04,0.04,0.04,739917,0
VEL,D,20170420,000000,0.04,0.05,0.04,0.05,287000,0
VEL,D,20170421,000000,0.04,0.05,0.04,0.05,179340,0
VEL,D,20170424,000000,0.04,0.04,0.04,0.04,30656,0
VEL,D,20170425,000000,0.04,0.04,0.04,0.04,142460,0
VEL,D,20170426,000000,0.04,0.04,0.04,0.04,128000,0
VEL,D,20170427,000000,0.04,0.04,0.04,0.04,124486,0
VEL,D,20170428,000000,0.04,0.04,0.04,0.04,84000,0
VEL,D,20170502,000000,0.04,0.04,0.04,0.04,400,0
VEL,D,20170504,000000,0.04,0.04,0.04,0.04,162800,0
VEL,D,20170505,000000,0.04,0.04,0.04,0.04,117099,0
VEL,D,20170508,000000,0.04,0.04,0.04,0.04,17748,0
VEL,D,20170509,000000,0.03,0.04,0.03,0.04,24750,0
VEL,D,20170510,000000,0.04,0.04,0.04,0.04,190051,0
VEL,D,20170511,000000,0.04,0.04,0.04,0.04,195630,0
VEL,D,20170512,000000,0.04,0.04,0.04,0.04,266221,0
VEL,D,20170515,000000,0.04,0.04,0.04,0.04,320779,0
VEL,D,20170516,000000,0.04,0.04,0.04,0.04,205995,0
VEL,D,20170517,000000,0.04,0.04,0.04,0.04,325,0
VEL,D,20170518,000000,0.03,0.03,0.03,0.03,190000,0
VEL,D,20170519,000000,0.04,0.04,0.04,0.04,992590,0
VEL,D,20170522,000000,0.04,0.04,0.04,0.04,273969,0
VEL,D,20170523,000000,0.04,0.05,0.04,0.05,151352,0
VEL,D,20170524,000000,0.04,0.05,0.04,0.05,459000,0
VEL,D,20170525,000000,0.05,0.05,0.05,0.05,155213,0
VEL,D,20170526,000000,0.05,0.05,0.05,0.05,20914,0
VEL,D,20170529,000000,0.04,0.05,0.04,0.05,14001,0
VEL,D,20170530,000000,0.04,0.05,0.04,0.05,3001,0
VEL,D,20170531,000000,0.05,0.05,0.04,0.04,635450,0
VEL,D,20170601,000000,0.05,0.05,0.04,0.04,1256502,0
VEL,D,20170602,000000,0.05,0.05,0.05,0.05,1135678,0
VEL,D,20170605,000000,0.04,0.05,0.04,0.05,31750,0
VEL,D,20170606,000000,0.05,0.05,0.04,0.04,201676,0
VEL,D,20170607,000000,0.04,0.04,0.04,0.04,123300,0
VEL,D,20170608,000000,0.04,0.05,0.04,0.05,79000,0
VEL,D,20170609,000000,0.04,0.05,0.04,0.05,70277,0
VEL,D,20170614,000000,0.04,0.04,0.04,0.04,171869,0
VEL,D,20170616,000000,0.04,0.05,0.04,0.05,8800,0
VEL,D,20170619,000000,0.04,0.04,0.04,0.04,39000,0
VEL,D,20170620,000000,0.04,0.05,0.04,0.05,349658,0
VEL,D,20170621,000000,0.05,0.05,0.05,0.05,1000,0
VEL,D,20170623,000000,0.04,0.04,0.04,0.04,20000,0
VEL,D,20170626,000000,0.04,0.04,0.04,0.04,365000,0
VEL,D,20170627,000000,0.05,0.05,0.05,0.05,15301,0
VEL,D,20170629,000000,0.04,0.05,0.04,0.05,103000,0
VEL,D,20170630,000000,0.05,0.05,0.05,0.05,500,0
VEL,D,20170703,000000,0.05,0.05,0.05,0.05,500,0
VEL,D,20170704,000000,0.05,0.05,0.05,0.05,200,0
VEL,D,20170705,000000,0.05,0.05,0.05,0.05,250,0
VEL,D,20170706,000000,0.05,0.05,0.05,0.05,200,0
VEL,D,20170707,000000,0.04,0.05,0.04,0.05,3718,0
VEL,D,20170710,000000,0.04,0.04,0.04,0.04,110000,0
VEL,D,20170711,000000,0.05,0.05,0.05,0.05,20000,0
VEL,D,20170712,000000,0.05,0.05,0.05,0.05,300,0
VEL,D,20170713,000000,0.05,0.05,0.05,0.05,200,0
VEL,D,20170714,000000,0.05,0.05,0.05,0.05,1200,0
VEL,D,20170717,000000,0.05,0.05,0.04,0.04,2214200,0
VEL,D,20170718,000000,0.04,0.04,0.04,0.04,2662605,0
VEL,D,20170719,000000,0.04,0.04,0.04,0.04,468810,0
VEL,D,20170720,000000,0.04,0.04,0.04,0.04,180900,0
VEL,D,20170721,000000,0.04,0.05,0.04,0.05,10001,0
VEL,D,20170724,000000,0.04,0.04,0.03,0.03,9500,0
VEL,D,20170725,000000,0.04,0.04,0.04,0.04,12000,0
VEL,D,20170726,000000,0.03,0.03,0.03,0.03,200000,0
VEL,D,20170727,000000,0.04,0.04,0.04,0.04,60000,0
VEL,D,20170728,000000,0.04,0.04,0.04,0.04,24000,0
VEL,D,20170731,000000,0.04,0.04,0.04,0.04,2335,0
VEL,D,20170801,000000,0.04,0.04,0.04,0.04,16002,0
VEL,D,20170804,000000,0.04,0.04,0.04,0.04,5000,0
VEL,D,20170807,000000,0.03,0.04,0.03,0.04,28500,0
VEL,D,20170808,000000,0.04,0.04,0.04,0.04,10010,0
VEL,D,20170809,000000,0.04,0.04,0.04,0.04,3500,0
VEL,D,20170810,000000,0.04,0.04,0.04,0.04,500,0
VEL,D,20170811,000000,0.04,0.05,0.04,0.05,2390610,0
VEL,D,20170814,000000,0.05,0.05,0.04,0.04,1371167,0
VEL,D,20170816,000000,0.05,0.05,0.05,0.05,657965,0
VEL,D,20170817,000000,0.05,0.05,0.05,0.05,262751,0
VEL,D,20170818,000000,0.04,0.05,0.04,0.05,93271,0
VEL,D,20170821,000000,0.05,0.05,0.05,0.05,1025300,0
VEL,D,20170822,000000,0.05,0.05,0.04,0.04,143125,0
VEL,D,20170823,000000,0.05,0.05,0.05,0.05,290000,0
VEL,D,20170824,000000,0.04,0.04,0.04,0.04,32411,0
VEL,D,20170825,000000,0.05,0.05,0.05,0.05,108000,0
VEL,D,20170828,000000,0.05,0.05,0.05,0.05,228000,0
VEL,D,20170829,000000,0.05,0.05,0.04,0.04,223000,0
VEL,D,20170830,000000,0.04,0.05,0.04,0.05,364303,0
VEL,D,20170831,000000,0.04,0.04,0.04,0.04,90499,0
VEL,D,20170901,000000,0.05,0.05,0.05,0.05,13900,0
VEL,D,20170904,000000,0.05,0.05,0.05,0.05,30000,0
VEL,D,20170905,000000,0.04,0.05,0.04,0.05,150000,0
VEL,D,20170906,000000,0.05,0.05,0.05,0.05,1025000,0
VEL,D,20170907,000000,0.04,0.05,0.04,0.05,105010,0
VEL,D,20170908,000000,0.04,0.05,0.04,0.05,2010,0
VEL,D,20170911,000000,0.04,0.05,0.04,0.05,958072,0
VEL,D,20170912,000000,0.04,0.05,0.04,0.05,424445,0
VEL,D,20170913,000000,0.04,0.05,0.04,0.05,42000,0
VEL,D,20170914,000000,0.05,0.05,0.05,0.05,40000,0
VEL,D,20170915,000000,0.04,0.05,0.04,0.05,36350,0
VEL,D,20170918,000000,0.05,0.05,0.05,0.05,31300,0
VEL,D,20170919,000000,0.04,0.05,0.04,0.05,15425,0
VEL,D,20170920,000000,0.04,0.04,0.04,0.04,127354,0
VEL,D,20170921,000000,0.05,0.05,0.05,0.05,4000,0
VEL,D,20170922,000000,0.05,0.05,0.05,0.05,500,0
VEL,D,20170925,000000,0.05,0.05,0.05,0.05,500,0
VEL,D,20170926,000000,0.05,0.05,0.05,0.05,1000,0
VEL,D,20170927,000000,0.05,0.05,0.05,0.05,300,0
VEL,D,20170928,000000,0.04,0.05,0.04,0.05,17500,0
VEL,D,20170929,000000,0.04,0.05,0.04,0.05,54900,0
VEL,D,20171002,000000,0.05,0.05,0.05,0.05,37000,0
VEL,D,20171003,000000,0.04,0.04,0.04,0.04,87900,0
VEL,D,20171004,000000,0.05,0.05,0.05,0.05,13000,0
VEL,D,20171005,000000,0.05,0.05,0.05,0.05,75300,0
VEL,D,20171006,000000,0.05,0.05,0.04,0.04,35025,0
VEL,D,20171009,000000,0.04,0.05,0.04,0.05,40000,0
VEL,D,20171010,000000,0.05,0.05,0.05,0.05,20975,0
VEL,D,20171011,000000,0.04,0.05,0.04,0.05,185099,0
VEL,D,20171012,000000,0.05,0.05,0.04,0.04,99801,0
VEL,D,20171013,000000,0.05,0.05,0.05,0.05,5000,0
VEL,D,20171016,000000,0.05,0.05,0.05,0.05,60,0
VEL,D,20171017,000000,0.05,0.05,0.04,0.04,10200,0
VEL,D,20171018,000000,0.05,0.05,0.05,0.05,1500,0
VEL,D,20171019,000000,0.04,0.04,0.04,0.04,169100,0
VEL,D,20171020,000000,0.04,0.04,0.04,0.04,1652611,0
VEL,D,20171023,000000,0.04,0.04,0.04,0.04,46415,0
VEL,D,20171024,000000,0.04,0.04,0.04,0.04,75500,0
VEL,D,20171025,000000,0.04,0.04,0.04,0.04,118480,0
VEL,D,20171026,000000,0.04,0.04,0.04,0.04,25441,0
VEL,D,20171027,000000,0.04,0.04,0.04,0.04,22499,0
VEL,D,20171030,000000,0.04,0.04,0.04,0.04,43508,0
VEL,D,20171031,000000,0.03,0.03,0.03,0.03,90506,0
VEL,D,20171102,000000,0.04,0.04,0.04,0.04,63402,0
VEL,D,20171103,000000,0.03,0.04,0.03,0.04,31000,0
VEL,D,20171106,000000,0.04,0.04,0.04,0.04,13000,0
VEL,D,20171107,000000,0.04,0.04,0.04,0.04,27260,0
VEL,D,20171108,000000,0.04,0.04,0.04,0.04,5000,0
VEL,D,20171109,000000,0.03,0.03,0.03,0.03,161609,0
VEL,D,20171110,000000,0.03,0.04,0.03,0.04,307107,0
VEL,D,20171113,000000,0.04,0.04,0.04,0.04,400,0
VEL,D,20171114,000000,0.04,0.04,0.04,0.04,10650,0
VEL,D,20171115,000000,0.04,0.04,0.04,0.04,928000,0
VEL,D,20171116,000000,0.04,0.04,0.04,0.04,353000,0
VEL,D,20171117,000000,0.04,0.05,0.04,0.05,423257,0
VEL,D,20171120,000000,0.04,0.04,0.04,0.04,1189385,0
VEL,D,20171121,000000,0.04,0.04,0.04,0.04,32155,0
VEL,D,20171122,000000,0.04,0.04,0.04,0.04,2000,0
VEL,D,20171123,000000,0.04,0.04,0.04,0.04,2000,0
VEL,D,20171124,000000,0.04,0.04,0.04,0.04,2500,0
VEL,D,20171127,000000,0.04,0.04,0.04,0.04,250,0
VEL,D,20171128,000000,0.04,0.04,0.04,0.04,250,0
VEL,D,20171129,000000,0.03,0.04,0.03,0.04,105975,0
VEL,D,20171130,000000,0.04,0.04,0.04,0.04,500,0
VEL,D,20171201,000000,0.04,0.04,0.04,0.04,500,0
VEL,D,20171204,000000,0.04,0.04,0.04,0.04,50200,0
VEL,D,20171205,000000,0.03,0.04,0.03,0.04,52499,0
VEL,D,20171206,000000,0.03,0.04,0.03,0.04,50010,0
VEL,D,20171207,000000,0.04,0.04,0.04,0.04,6000,0
VEL,D,20171208,000000,0.04,0.04,0.04,0.04,1000,0
VEL,D,20171211,000000,0.04,0.04,0.04,0.04,1814945,0
VEL,D,20171212,000000,0.03,0.03,0.03,0.03,156540,0
VEL,D,20171213,000000,0.04,0.04,0.04,0.04,15000,0
VEL,D,20171214,000000,0.04,0.04,0.04,0.04,4000,0
VEL,D,20171215,000000,0.04,0.04,0.04,0.04,42875,0
VEL,D,20171218,000000,0.04,0.04,0.04,0.04,102000,0
VEL,D,20171219,000000,0.04,0.04,0.04,0.04,119500,0
VEL,D,20171220,000000,0.03,0.03,0.03,0.03,275000,0
VEL,D,20171221,000000,0.04,0.04,0.04,0.04,291969,0
VEL,D,20171222,000000,0.04,0.04,0.04,0.04,153031,0
VEL,D,20171227,000000,0.04,0.04,0.03,0.03,167250,0
VEL,D,20171228,000000,0.04,0.04,0.04,0.04,968603,0
VEL,D,20171229,000000,0.04,0.05,0.04,0.05,134568,0
VEL,D,20180103,000000,0.04,0.04,0.04,0.04,100,0
VEL,D,20180104,000000,0.04,0.04,0.04,0.04,83000,0
VEL,D,20180105,000000,0.04,0.05,0.04,0.05,10500,0
VEL,D,20180108,000000,0.04,0.04,0.04,0.04,95350,0
VEL,D,20180109,000000,0.04,0.04,0.04,0.04,11075,0
VEL,D,20180110,000000,0.04,0.04,0.04,0.04,500,0
VEL,D,20180111,000000,0.04,0.04,0.04,0.04,1300,0
VEL,D,20180112,000000,0.04,0.04,0.04,0.04,1250,0
VEL,D,20180115,000000,0.04,0.04,0.04,0.04,500,0
VEL,D,20180116,000000,0.04,0.04,0.04,0.04,300,0
VEL,D,20180117,000000,0.04,0.04,0.04,0.04,350,0
VEL,D,20180118,000000,0.04,0.04,0.04,0.04,300,0
VEL,D,20180119,000000,0.04,0.04,0.04,0.04,350,0
VEL,D,20180122,000000,0.04,0.04,0.04,0.04,100000,0
VEL,D,20180123,000000,0.04,0.04,0.04,0.04,100300,0
VEL,D,20180124,000000,0.04,0.04,0.04,0.04,300,0
VEL,D,20180125,000000,0.04,0.04,0.04,0.04,300,0
VEL,D,20180126,000000,0.04,0.04,0.04,0.04,350,0
VEL,D,20180129,000000,0.04,0.04,0.04,0.04,300,0
VEL,D,20180130,000000,0.04,0.04,0.03,0.03,18200,0
VEL,D,20180131,000000,0.04,0.04,0.04,0.04,25500,0
VEL,D,20180201,000000,0.04,0.04,0.03,0.03,71340,0
VEL,D,20180202,000000,0.04,0.04,0.04,0.04,98000,0
VEL,D,20180205,000000,0.04,0.04,0.04,0.04,350300,0
VEL,D,20180206,000000,0.03,0.03,0.03,0.03,4887,0
VEL,D,20180207,000000,0.03,0.04,0.03,0.04,10600,0
VEL,D,20180208,000000,0.03,0.03,0.03,0.03,100000,0
VEL,D,20180209,000000,0.04,0.04,0.04,0.04,10000,0
VEL,D,20180212,000000,0.04,0.04,0.04,0.04,2100,0
VEL,D,20180213,000000,0.04,0.04,0.03,0.03,330350,0
VEL,D,20180214,000000,0.03,0.04,0.03,0.04,11522,0
VEL,D,20180215,000000,0.04,0.04,0.04,0.04,11300,0
VEL,D,20180216,000000,0.04,0.04,0.04,0.04,28000,0
VEL,D,20180219,000000,0.03,0.04,0.03,0.04,400100,0
VEL,D,20180220,000000,0.03,0.04,0.03,0.04,12100,0
VEL,D,20180221,000000,0.03,0.03,0.03,0.03,78826,0
VEL,D,20180222,000000,0.03,0.04,0.03,0.04,19777,0
VEL,D,20180223,000000,0.04,0.04,0.04,0.04,1715350,0
VEL,D,20180226,000000,0.04,0.04,0.04,0.04,5350,0
VEL,D,20180227,000000,0.03,0.03,0.03,0.03,21250,0
VEL,D,20180228,000000,0.03,0.04,0.03,0.04,17170,0
VEL,D,20180301,000000,0.03,0.04,0.03,0.04,14000,0
VEL,D,20180302,000000,0.04,0.04,0.03,0.03,2007181,0
VEL,D,20180305,000000,0.03,0.03,0.03,0.03,888492,0
VEL,D,20180306,000000,0.03,0.03,0.03,0.03,7000,0
VEL,D,20180307,000000,0.03,0.03,0.03,0.03,245160,0
VEL,D,20180308,000000,0.03,0.04,0.03,0.04,233010,0
VEL,D,20180309,000000,0.03,0.04,0.03,0.04,22000,0
VEL,D,20180312,000000,0.03,0.04,0.03,0.04,53100,0
VEL,D,20180313,000000,0.03,0.03,0.03,0.03,50000,0
VEL,D,20180314,000000,0.03,0.03,0.03,0.03,25000,0
VEL,D,20180315,000000,0.04,0.04,0.04,0.04,1100,0
VEL,D,20180319,000000,0.04,0.04,0.04,0.04,500,0
VEL,D,20180322,000000,0.03,0.04,0.03,0.04,3500,0
VEL,D,20180323,000000,0.03,0.03,0.03,0.03,33000,0
VEL,D,20180326,000000,0.03,0.04,0.03,0.04,31500,0
VEL,D,20180327,000000,0.03,0.03,0.03,0.03,43833,0
VEL,D,20180328,000000,0.03,0.03,0.03,0.03,48000,0
VEL,D,20180329,000000,0.03,0.03,0.03,0.03,66,0
VEL,D,20180403,000000,0.03,0.03,0.03,0.03,1420,0
VEL,D,20180404,000000,0.03,0.03,0.03,0.03,1108350,0
VEL,D,20180405,000000,0.03,0.03,0.03,0.03,2180,0
VEL,D,20180406,000000,0.03,0.03,0.03,0.03,3021400,0
VEL,D,20180409,000000,0.02,0.02,0.02,0.02,1605000,0
VEL,D,20180410,000000,0.03,0.03,0.03,0.03,1291666,0
VEL,D,20180411,000000,0.03,0.03,0.03,0.03,5000,0
VEL,D,20180412,000000,0.03,0.03,0.03,0.03,9350,0
VEL,D,20180413,000000,0.03,0.03,0.02,0.02,39178,0
VEL,D,20180416,000000,0.03,0.03,0.02,0.02,13002,0
VEL,D,20180417,000000,0.02,0.03,0.02,0.03,2001,0
VEL,D,20180418,000000,0.03,0.03,0.03,0.03,350,0
VEL,D,20180419,000000,0.02,0.02,0.02,0.02,1719476,0
VEL,D,20180420,000000,0.02,0.02,0.02,0.02,588600,0
VEL,D,20180423,000000,0.02,0.02,0.02,0.02,75500,0
VEL,D,20180424,000000,0.02,0.02,0.02,0.02,208010,0
VEL,D,20180425,000000,0.02,0.02,0.02,0.02,10000,0
VEL,D,20180426,000000,0.01,0.01,0.01,0.01,128319,0
VEL,D,20180427,000000,0.02,0.02,0.02,0.02,115750,0
VEL,D,20180430,000000,0.02,0.02,0.02,0.02,500,0
VEL,D,20180502,000000,0.02,0.02,0.02,0.02,18200,0
VEL,D,20180504,000000,0.02,0.02,0.01,0.01,30999,0
VEL,D,20180507,000000,0.01,0.02,0.01,0.02,2000,0
VEL,D,20180508,000000,0.02,0.02,0.02,0.02,500,0
VEL,D,20180509,000000,0.02,0.02,0.02,0.02,514000,0
VEL,D,20180510,000000,0.02,0.02,0.01,0.01,9499,0
VEL,D,20180511,000000,0.02,0.02,0.02,0.02,8100,0
VEL,D,20180514,000000,0.02,0.02,0.02,0.02,10,0
VEL,D,20180515,000000,0.02,0.02,0.02,0.02,52000,0
VEL,D,20180516,000000,0.02,0.02,0.02,0.02,30,0
VEL,D,20180517,000000,0.01,0.01,0.01,0.01,10000,0
VEL,D,20180518,000000,0.01,0.01,0.01,0.01,50000,0
VEL,D,20180521,000000,0.02,0.02,0.02,0.02,1000,0
VEL,D,20180522,000000,0.02,0.02,0.02,0.02,500,0
VEL,D,20180524,000000,0.02,0.02,0.02,0.02,500,0
VEL,D,20180525,000000,0.02,0.02,0.02,0.02,500,0
VEL,D,20180528,000000,0.02,0.02,0.02,0.02,500,0
VEL,D,20180529,000000,0.01,0.01,0.01,0.01,998,0
VEL,D,20180601,000000,0.02,0.02,0.02,0.02,500,0
VEL,D,20180604,000000,0.02,0.02,0.02,0.02,500,0
VEL,D,20180605,000000,0.02,0.02,0.02,0.02,500,0
VEL,D,20180606,000000,0.02,0.02,0.02,0.02,500,0
VEL,D,20180608,000000,0.02,0.02,0.02,0.02,5000,0
VEL,D,20180613,000000,0.02,0.02,0.01,0.01,35500,0
VEL,D,20180615,000000,0.02,0.02,0.02,0.02,70000,0
VEL,D,20180618,000000,0.02,0.02,0.02,0.02,25000,0
VEL,D,20180619,000000,0.02,0.02,0.02,0.02,1500,0
VEL,D,20180626,000000,0.01,0.01,0.01,0.01,1000,0
VEL,D,20180627,000000,0.01,0.01,0.01,0.01,500,0
VEL,D,20180628,000000,0.02,0.02,0.02,0.02,1000,0
VEL,D,20180629,000000,0.02,0.02,0.02,0.02,804,0
VEL,D,20180703,000000,0.02,0.02,0.02,0.02,2750,0
VEL,D,20180709,000000,0.01,0.01,0.01,0.01,389743,0
VEL,D,20180711,000000,0.01,0.01,0.01,0.01,1706905,0
VEL,D,20180712,000000,0.01,0.01,0.01,0.01,234697,0
VEL,D,20180713,000000,0.01,0.01,0.01,0.01,18000,0
VEL,D,20180716,000000,0.01,0.01,0.01,0.01,214810,0
VEL,D,20180717,000000,0.01,0.01,0.01,0.01,2500,0
VEL,D,20180719,000000,0.01,0.01,0.01,0.01,17000,0
VEL,D,20180725,000000,0.01,0.01,0.01,0.01,50339,0
VEL,D,20180726,000000,0.01,0.01,0.01,0.01,127000,0
VEL,D,20180801,000000,0.01,0.01,0.01,0.01,222000,0
VEL,D,20180802,000000,0.01,0.01,0.01,0.01,16000,0
VEL,D,20180803,000000,0.01,0.01,0.01,0.01,182078,0
VEL,D,20180806,000000,0.01,0.01,0.01,0.01,79000,0
VEL,D,20180807,000000,0.01,0.01,0.01,0.01,257900,0
VEL,D,20180808,000000,0.01,0.01,0.01,0.01,19100,0
VEL,D,20180809,000000,0.01,0.01,0.01,0.01,18970,0
VEL,D,20180810,000000,0.01,0.01,0.01,0.01,1,0
VEL,D,20180814,000000,0.01,0.01,0.01,0.01,1000000,0
VEL,D,20180816,000000,0.01,0.01,0.01,0.01,36200,0
VEL,D,20180817,000000,0.01,0.01,0.01,0.01,34000,0
VEL,D,20180820,000000,0.01,0.01,0.01,0.01,200,0
VEL,D,20180821,000000,0.01,0.01,0.01,0.01,5390,0
VEL,D,20180822,000000,0.01,0.01,0.01,0.01,200,0
VEL,D,20180823,000000,0.01,0.01,0.01,0.01,3200,0
VEL,D,20180824,000000,0.01,0.01,0.01,0.01,4047,0
VEL,D,20180827,000000,0.01,0.01,0.01,0.01,200,0
VEL,D,20180830,000000,0.01,0.01,0.01,0.01,1,0
VEL,D,20180831,000000,0.01,0.01,0.01,0.01,10000,0
VEL,D,20180903,000000,0.01,0.01,0.01,0.01,6500,0
VEL,D,20180907,000000,0.01,0.01,0.01,0.01,70000,0
VEL,D,20180912,000000,0.01,0.01,0.01,0.01,1500,0
VEL,D,20180914,000000,0.01,0.01,0.01,0.01,10000,0
VEL,D,20180924,000000,0.01,0.01,0.01,0.01,6800,0
VEL,D,20180928,000000,0.01,0.01,0.01,0.01,80000,0
VEL,D,20181003,000000,0.01,0.01,0.01,0.01,40000,0
VEL,D,20181004,000000,0.01,0.01,0.01,0.01,422503,0
VEL,D,20181005,000000,0.01,0.01,0.01,0.01,3034,0
VEL,D,20181031,000000,0.01,0.01,0.01,0.01,10000,0
