<TICKER>,<PER>,<DATE>,<TIME>,<OPEN>,<HIGH>,<LOW>,<CLOSE>,<VOL>,<OPENINT>
WHH,D,20100715,000000,0.86,1.03,0.86,1.03,72857,0
WHH,D,20100716,000000,1.11,1.33,1.02,1.17,187902,0
WHH,D,20100719,000000,1.24,1.25,1.02,1.05,18358,0
WHH,D,20100720,000000,1.08,1.18,1.03,1.04,13669,0
WHH,D,20100721,000000,1.04,1.11,0.96,1.02,13496,0
WHH,D,20100722,000000,0.92,1.06,0.85,1.02,80365,0
WHH,D,20100723,000000,1.05,1.07,1,1,13872,0
WHH,D,20100726,000000,1.05,1.05,0.9,0.93,28563,0
WHH,D,20100727,000000,0.96,0.96,0.88,0.91,13358,0
WHH,D,20100728,000000,0.85,0.9,0.85,0.9,1185,0
WHH,D,20100729,000000,0.91,0.91,0.89,0.9,1227,0
WHH,D,20100730,000000,0.9,0.94,0.85,0.94,989,0
WHH,D,20100802,000000,0.97,0.97,0.9,0.94,3174,0
WHH,D,20100803,000000,0.94,0.94,0.94,0.94,185,0
WHH,D,20100804,000000,0.9,0.9,0.84,0.9,2822,0
WHH,D,20100805,000000,0.94,0.98,0.92,0.92,950,0
WHH,D,20100806,000000,0.92,0.92,0.92,0.92,200,0
WHH,D,20100809,000000,0.92,0.92,0.84,0.9,1200,0
WHH,D,20100810,000000,0.84,0.92,0.84,0.9,800,0
WHH,D,20100811,000000,0.85,1.07,0.85,0.94,48943,0
WHH,D,20100812,000000,0.98,0.99,0.9,0.99,7790,0
WHH,D,20100813,000000,0.97,0.97,0.96,0.97,6100,0
WHH,D,20100816,000000,0.98,0.99,0.96,0.99,7225,0
WHH,D,20100817,000000,1.03,1.04,1.02,1.04,4640,0
WHH,D,20100818,000000,1.05,1.05,0.91,1.02,10573,0
WHH,D,20100819,000000,1.01,1.01,0.93,1.01,6340,0
WHH,D,20100820,000000,1.02,1.02,1.02,1.02,40,0
WHH,D,20100823,000000,1.02,1.04,1.02,1.04,1100,0
WHH,D,20100824,000000,0.91,1.03,0.9,0.97,4089,0
WHH,D,20100825,000000,0.99,0.99,0.99,0.99,101,0
WHH,D,20100826,000000,1,1,0.85,0.95,1734,0
WHH,D,20100830,000000,0.84,0.96,0.84,0.96,16104,0
WHH,D,20100831,000000,0.87,0.98,0.86,0.98,9801,0
WHH,D,20100901,000000,0.89,0.97,0.89,0.97,4100,0
WHH,D,20100908,000000,0.84,0.96,0.84,0.95,2600,0
WHH,D,20100910,000000,0.86,0.94,0.86,0.94,3205,0
WHH,D,20100913,000000,0.89,0.94,0.89,0.94,2350,0
WHH,D,20100914,000000,0.87,0.89,0.85,0.89,4355,0
WHH,D,20100915,000000,0.92,0.92,0.83,0.9,23458,0
WHH,D,20100916,000000,0.9,0.9,0.9,0.9,190,0
WHH,D,20100917,000000,0.87,0.88,0.87,0.88,5570,0
WHH,D,20100920,000000,0.88,0.88,0.88,0.88,142,0
WHH,D,20100921,000000,0.83,0.84,0.83,0.83,6484,0
WHH,D,20100922,000000,0.83,0.83,0.82,0.82,900,0
WHH,D,20100924,000000,0.84,0.84,0.8,0.8,4557,0
WHH,D,20100929,000000,0.84,0.84,0.84,0.84,20,0
WHH,D,20101004,000000,0.84,0.84,0.84,0.84,297,0
WHH,D,20101008,000000,0.8,0.8,0.8,0.8,667,0
WHH,D,20101011,000000,0.83,0.83,0.8,0.8,15842,0
WHH,D,20101012,000000,0.73,0.73,0.69,0.69,2992,0
WHH,D,20101013,000000,0.74,0.74,0.64,0.67,3286,0
WHH,D,20101014,000000,0.73,0.73,0.68,0.68,898,0
WHH,D,20101015,000000,0.71,0.79,0.7,0.78,26326,0
WHH,D,20101018,000000,0.77,0.78,0.75,0.78,2196,0
WHH,D,20101019,000000,0.74,0.74,0.74,0.74,300,0
WHH,D,20101020,000000,0.73,0.73,0.71,0.71,12625,0
WHH,D,20101021,000000,0.71,0.81,0.71,0.76,9119,0
WHH,D,20101022,000000,0.78,0.81,0.74,0.74,11495,0
WHH,D,20101025,000000,0.77,0.77,0.77,0.77,50,0
WHH,D,20101026,000000,0.78,0.78,0.78,0.78,38,0
WHH,D,20101027,000000,0.77,0.77,0.76,0.76,6790,0
WHH,D,20101028,000000,0.72,0.72,0.7,0.7,6423,0
WHH,D,20101029,000000,0.72,0.72,0.72,0.72,312,0
WHH,D,20101102,000000,0.72,0.8,0.72,0.8,2957,0
WHH,D,20101103,000000,0.76,0.76,0.7,0.7,3237,0
WHH,D,20101104,000000,0.73,0.73,0.73,0.73,2500,0
WHH,D,20101105,000000,0.72,0.72,0.72,0.72,300,0
WHH,D,20101110,000000,0.7,0.73,0.7,0.73,10719,0
WHH,D,20101116,000000,0.73,0.73,0.7,0.7,14869,0
WHH,D,20101117,000000,0.7,0.7,0.7,0.7,3125,0
WHH,D,20101119,000000,0.7,0.7,0.58,0.62,27834,0
WHH,D,20101122,000000,0.66,0.67,0.66,0.67,1687,0
WHH,D,20101124,000000,0.66,0.66,0.66,0.66,1500,0
WHH,D,20101125,000000,0.65,0.65,0.65,0.65,1235,0
WHH,D,20101126,000000,0.66,0.66,0.66,0.66,965,0
WHH,D,20101129,000000,0.66,0.66,0.66,0.66,1265,0
WHH,D,20101130,000000,0.64,0.64,0.64,0.64,405,0
WHH,D,20101202,000000,0.66,0.66,0.66,0.66,984,0
WHH,D,20101203,000000,0.67,0.67,0.67,0.67,3000,0
WHH,D,20101206,000000,0.66,0.66,0.66,0.66,2948,0
WHH,D,20101213,000000,0.67,0.67,0.67,0.67,100,0
WHH,D,20101215,000000,0.67,0.67,0.67,0.67,1000,0
WHH,D,20101227,000000,0.64,0.68,0.64,0.68,4784,0
WHH,D,20110103,000000,0.65,0.65,0.65,0.65,2000,0
WHH,D,20110104,000000,0.66,0.66,0.65,0.65,3510,0
WHH,D,20110105,000000,0.64,0.64,0.64,0.64,1222,0
WHH,D,20110110,000000,0.64,0.64,0.6,0.6,5210,0
WHH,D,20110111,000000,0.6,0.63,0.57,0.58,7561,0
WHH,D,20110112,000000,0.57,0.57,0.57,0.57,3720,0
WHH,D,20110114,000000,0.58,0.58,0.57,0.57,389,0
WHH,D,20110117,000000,0.57,0.57,0.57,0.57,1850,0
WHH,D,20110118,000000,0.56,0.56,0.56,0.56,2080,0
WHH,D,20110119,000000,0.56,0.69,0.56,0.69,26389,0
WHH,D,20110120,000000,0.69,0.69,0.68,0.68,3745,0
WHH,D,20110124,000000,0.66,0.66,0.66,0.66,2000,0
WHH,D,20110126,000000,0.64,0.67,0.64,0.67,6000,0
WHH,D,20110127,000000,0.71,0.71,0.67,0.67,7261,0
WHH,D,20110128,000000,0.67,0.67,0.67,0.67,2000,0
WHH,D,20110201,000000,0.66,0.66,0.66,0.66,160,0
WHH,D,20110202,000000,0.66,0.66,0.6,0.63,18362,0
WHH,D,20110207,000000,0.65,0.65,0.63,0.63,1187,0
WHH,D,20110208,000000,0.65,0.74,0.65,0.65,5372,0
WHH,D,20110215,000000,0.62,0.62,0.62,0.62,5800,0
WHH,D,20110216,000000,0.62,0.62,0.62,0.62,6283,0
WHH,D,20110218,000000,0.6,0.6,0.6,0.6,1250,0
WHH,D,20110221,000000,0.59,0.6,0.59,0.6,4619,0
WHH,D,20110223,000000,0.59,0.59,0.59,0.59,1000,0
WHH,D,20110224,000000,0.61,0.61,0.61,0.61,1000,0
WHH,D,20110302,000000,0.59,0.59,0.59,0.59,1000,0
WHH,D,20110303,000000,0.57,0.57,0.55,0.55,3000,0
WHH,D,20110304,000000,0.54,0.54,0.54,0.54,4500,0
WHH,D,20110307,000000,0.54,0.54,0.54,0.54,2641,0
WHH,D,20110308,000000,0.55,0.55,0.55,0.55,2445,0
WHH,D,20110310,000000,0.55,0.55,0.55,0.55,1136,0
WHH,D,20110311,000000,0.53,0.57,0.53,0.53,13216,0
WHH,D,20110314,000000,0.55,0.55,0.55,0.55,4550,0
WHH,D,20110315,000000,0.52,0.52,0.52,0.52,98,0
WHH,D,20110316,000000,0.52,0.52,0.52,0.52,2370,0
WHH,D,20110322,000000,0.52,0.52,0.48,0.48,6156,0
WHH,D,20110323,000000,0.49,0.49,0.49,0.49,2000,0
WHH,D,20110324,000000,0.5,0.5,0.5,0.5,5000,0
WHH,D,20110328,000000,0.51,0.53,0.51,0.52,6600,0
WHH,D,20110329,000000,0.53,0.53,0.53,0.53,2000,0
WHH,D,20110330,000000,0.54,0.54,0.48,0.48,7948,0
WHH,D,20110401,000000,0.5,0.5,0.5,0.5,2000,0
WHH,D,20110404,000000,0.49,0.49,0.49,0.49,2000,0
WHH,D,20110405,000000,0.49,0.49,0.49,0.49,1000,0
WHH,D,20110407,000000,0.51,0.57,0.51,0.57,8405,0
WHH,D,20110408,000000,0.53,0.56,0.49,0.5,23029,0
WHH,D,20110411,000000,0.5,0.54,0.5,0.54,6442,0
WHH,D,20110412,000000,0.53,0.53,0.53,0.53,3500,0
WHH,D,20110413,000000,0.55,0.55,0.55,0.55,600,0
WHH,D,20110414,000000,0.55,0.57,0.55,0.57,8765,0
WHH,D,20110415,000000,0.57,0.57,0.57,0.57,4465,0
WHH,D,20110418,000000,0.57,0.59,0.57,0.59,851,0
WHH,D,20110419,000000,0.59,0.84,0.59,0.8,64336,0
WHH,D,20110420,000000,0.78,0.78,0.71,0.71,25182,0
WHH,D,20110421,000000,0.71,0.71,0.62,0.63,23692,0
WHH,D,20110426,000000,0.61,0.62,0.61,0.62,6633,0
WHH,D,20110427,000000,0.62,0.62,0.6,0.6,8020,0
WHH,D,20110429,000000,0.6,0.66,0.6,0.66,22629,0
WHH,D,20110502,000000,0.68,0.7,0.63,0.68,19566,0
WHH,D,20110504,000000,0.68,0.7,0.68,0.7,4000,0
WHH,D,20110505,000000,0.67,0.67,0.67,0.67,3732,0
WHH,D,20110506,000000,0.64,0.65,0.64,0.65,11814,0
WHH,D,20110509,000000,0.65,0.65,0.61,0.61,4100,0
WHH,D,20110512,000000,0.61,0.61,0.61,0.61,5537,0
WHH,D,20110517,000000,0.64,0.64,0.63,0.63,17258,0
WHH,D,20110520,000000,0.62,0.62,0.6,0.6,4455,0
WHH,D,20110525,000000,0.6,0.6,0.6,0.6,865,0
WHH,D,20110526,000000,0.63,0.63,0.63,0.63,100,0
WHH,D,20110527,000000,0.63,0.66,0.63,0.66,4200,0
WHH,D,20110530,000000,0.66,0.66,0.66,0.66,134,0
WHH,D,20110601,000000,0.62,0.62,0.62,0.62,700,0
WHH,D,20110602,000000,0.61,0.61,0.61,0.61,1235,0
WHH,D,20110608,000000,0.61,0.61,0.61,0.61,10520,0
WHH,D,20110610,000000,0.6,0.6,0.6,0.6,1300,0
WHH,D,20110617,000000,0.62,0.62,0.62,0.62,10,0
WHH,D,20110711,000000,0.57,0.57,0.57,0.57,5765,0
WHH,D,20110714,000000,0.57,0.57,0.57,0.57,96,0
WHH,D,20110715,000000,0.55,0.55,0.55,0.55,3986,0
WHH,D,20110720,000000,0.58,0.58,0.57,0.57,1700,0
WHH,D,20110721,000000,0.57,0.57,0.57,0.57,800,0
WHH,D,20110722,000000,0.57,0.57,0.57,0.57,1400,0
WHH,D,20110725,000000,0.57,0.57,0.57,0.57,300,0
WHH,D,20110726,000000,0.57,0.57,0.57,0.57,150,0
WHH,D,20110727,000000,0.57,0.58,0.57,0.58,5450,0
WHH,D,20110728,000000,0.58,0.58,0.58,0.58,6200,0
WHH,D,20110729,000000,0.58,0.58,0.58,0.58,100,0
WHH,D,20110801,000000,0.58,0.58,0.58,0.58,80,0
WHH,D,20110802,000000,0.58,0.58,0.58,0.58,100,0
WHH,D,20110803,000000,0.58,0.58,0.58,0.58,100,0
WHH,D,20110804,000000,0.58,0.58,0.56,0.56,5020,0
WHH,D,20110805,000000,0.55,0.55,0.54,0.54,6550,0
WHH,D,20110808,000000,0.54,0.54,0.54,0.54,10,0
WHH,D,20110809,000000,0.54,0.54,0.54,0.54,20,0
WHH,D,20110810,000000,0.54,0.54,0.54,0.54,10,0
WHH,D,20110812,000000,0.54,0.54,0.54,0.54,1,0
WHH,D,20110816,000000,0.54,0.54,0.54,0.54,848,0
WHH,D,20110817,000000,0.56,0.56,0.56,0.56,20,0
WHH,D,20110818,000000,0.56,0.56,0.56,0.56,30,0
WHH,D,20110819,000000,0.56,0.56,0.56,0.56,80,0
WHH,D,20110822,000000,0.53,0.53,0.52,0.52,1200,0
WHH,D,20110823,000000,0.53,0.53,0.53,0.53,10000,0
WHH,D,20110824,000000,0.51,0.51,0.5,0.5,6731,0
WHH,D,20110825,000000,0.52,0.53,0.52,0.53,6310,0
WHH,D,20110826,000000,0.5,0.5,0.5,0.5,10,0
WHH,D,20110829,000000,0.5,0.5,0.5,0.5,40,0
WHH,D,20110830,000000,0.52,0.55,0.52,0.55,1050,0
WHH,D,20110831,000000,0.57,0.57,0.57,0.57,10,0
WHH,D,20110901,000000,0.54,0.55,0.54,0.55,3000,0
WHH,D,20110902,000000,0.54,0.54,0.54,0.54,20,0
WHH,D,20110905,000000,0.54,0.54,0.54,0.54,40,0
WHH,D,20110906,000000,0.57,0.57,0.57,0.57,10,0
WHH,D,20110907,000000,0.57,0.57,0.57,0.57,10,0
WHH,D,20110908,000000,0.57,0.57,0.57,0.57,10,0
WHH,D,20110909,000000,0.57,0.57,0.57,0.57,10,0
WHH,D,20110912,000000,0.5,0.5,0.5,0.5,20,0
WHH,D,20110913,000000,0.5,0.5,0.5,0.5,5,0
WHH,D,20110914,000000,0.5,0.5,0.5,0.5,10,0
WHH,D,20110915,000000,0.5,0.5,0.5,0.5,10,0
WHH,D,20110916,000000,0.5,0.5,0.5,0.5,8,0
WHH,D,20110919,000000,0.5,0.5,0.5,0.5,5,0
WHH,D,20110920,000000,0.5,0.5,0.5,0.5,5,0
WHH,D,20110921,000000,0.5,0.5,0.5,0.5,5,0
WHH,D,20110922,000000,0.5,0.5,0.5,0.5,10,0
WHH,D,20110923,000000,0.5,0.5,0.5,0.5,5,0
WHH,D,20110926,000000,0.5,0.5,0.5,0.5,5,0
WHH,D,20110927,000000,0.5,0.5,0.5,0.5,3000,0
WHH,D,20110928,000000,0.51,0.51,0.51,0.51,10,0
WHH,D,20110929,000000,0.51,0.51,0.51,0.51,618,0
WHH,D,20110930,000000,0.51,0.51,0.51,0.51,5,0
WHH,D,20111003,000000,0.49,0.53,0.49,0.53,912,0
WHH,D,20111004,000000,0.48,0.53,0.48,0.53,2080,0
WHH,D,20111005,000000,0.51,0.51,0.51,0.51,5,0
WHH,D,20111006,000000,0.51,0.51,0.51,0.51,5,0
WHH,D,20111007,000000,0.51,0.51,0.51,0.51,5,0
WHH,D,20111010,000000,0.46,0.46,0.46,0.46,1209,0
WHH,D,20111011,000000,0.51,0.53,0.51,0.53,2915,0
WHH,D,20111012,000000,0.52,0.56,0.52,0.56,2000,0
WHH,D,20111013,000000,0.56,0.56,0.56,0.56,5,0
WHH,D,20111014,000000,0.56,0.56,0.56,0.56,5,0
WHH,D,20111017,000000,0.56,0.56,0.56,0.56,5,0
WHH,D,20111018,000000,0.56,0.56,0.56,0.56,5,0
WHH,D,20111019,000000,0.56,0.56,0.56,0.56,5,0
WHH,D,20111020,000000,0.56,0.56,0.56,0.56,5,0
WHH,D,20111021,000000,0.55,0.55,0.55,0.55,5,0
WHH,D,20111024,000000,0.55,0.55,0.55,0.55,5,0
WHH,D,20111025,000000,0.55,0.55,0.55,0.55,5,0
WHH,D,20111026,000000,0.54,0.54,0.54,0.54,10,0
WHH,D,20111027,000000,0.55,0.55,0.55,0.55,5,0
WHH,D,20111028,000000,0.54,0.54,0.54,0.54,5,0
WHH,D,20111031,000000,0.54,0.54,0.54,0.54,10,0
WHH,D,20111102,000000,0.54,0.54,0.54,0.54,20,0
WHH,D,20111103,000000,0.54,0.54,0.54,0.54,5,0
WHH,D,20111104,000000,0.55,0.55,0.55,0.55,10,0
WHH,D,20111108,000000,0.55,0.55,0.49,0.53,5964,0
WHH,D,20111109,000000,0.53,0.53,0.53,0.53,3,0
WHH,D,20111110,000000,0.53,0.53,0.53,0.53,3,0
WHH,D,20111114,000000,0.52,0.52,0.52,0.52,5,0
WHH,D,20111115,000000,0.52,0.52,0.52,0.52,5,0
WHH,D,20111116,000000,0.52,0.52,0.52,0.52,10,0
WHH,D,20111117,000000,0.52,0.52,0.52,0.52,5,0
WHH,D,20111118,000000,0.52,0.52,0.52,0.52,5,0
WHH,D,20111121,000000,0.51,0.51,0.51,0.51,5,0
WHH,D,20111123,000000,0.42,0.42,0.42,0.42,134,0
WHH,D,20111124,000000,0.47,0.47,0.47,0.47,50,0
WHH,D,20111125,000000,0.47,0.48,0.47,0.48,6075,0
WHH,D,20111128,000000,0.53,0.53,0.53,0.53,5,0
WHH,D,20111129,000000,0.51,0.51,0.51,0.51,5,0
WHH,D,20111130,000000,0.51,0.51,0.51,0.51,5,0
WHH,D,20111201,000000,0.51,0.51,0.51,0.51,10,0
WHH,D,20111202,000000,0.51,0.51,0.51,0.51,10,0
WHH,D,20111205,000000,0.51,0.51,0.51,0.51,10,0
WHH,D,20111206,000000,0.51,0.51,0.41,0.41,6510,0
WHH,D,20111207,000000,0.41,0.41,0.41,0.41,15,0
WHH,D,20111208,000000,0.41,0.41,0.41,0.41,10,0
WHH,D,20111209,000000,0.45,0.45,0.45,0.45,10,0
WHH,D,20111212,000000,0.45,0.45,0.45,0.45,5,0
WHH,D,20111213,000000,0.45,0.45,0.45,0.45,5,0
WHH,D,20111214,000000,0.45,0.45,0.45,0.45,5,0
WHH,D,20111216,000000,0.41,0.43,0.4,0.43,4005,0
WHH,D,20111219,000000,0.43,0.43,0.43,0.43,5,0
WHH,D,20111220,000000,0.43,0.43,0.43,0.43,5,0
WHH,D,20111221,000000,0.43,0.43,0.43,0.43,5,0
WHH,D,20111222,000000,0.43,0.43,0.43,0.43,5,0
WHH,D,20111223,000000,0.43,0.43,0.43,0.43,5,0
WHH,D,20111227,000000,0.43,0.43,0.43,0.43,5,0
WHH,D,20111228,000000,0.42,0.42,0.42,0.42,5,0
WHH,D,20111230,000000,0.43,0.43,0.43,0.43,3,0
WHH,D,20120103,000000,0.43,0.43,0.43,0.43,3,0
WHH,D,20120104,000000,0.43,0.43,0.43,0.43,3,0
WHH,D,20120105,000000,0.43,0.43,0.43,0.43,3,0
WHH,D,20120109,000000,0.43,0.43,0.43,0.43,3,0
WHH,D,20120110,000000,0.43,0.43,0.43,0.43,3,0
WHH,D,20120111,000000,0.43,0.43,0.43,0.43,3,0
WHH,D,20120112,000000,0.43,0.46,0.43,0.46,3100,0
WHH,D,20120113,000000,0.45,0.45,0.45,0.45,3,0
WHH,D,20120116,000000,0.45,0.45,0.45,0.45,3,0
WHH,D,20120117,000000,0.45,0.45,0.45,0.45,3,0
WHH,D,20120118,000000,0.45,0.45,0.45,0.45,3,0
WHH,D,20120119,000000,0.45,0.45,0.45,0.45,3,0
WHH,D,20120120,000000,0.45,0.45,0.45,0.45,3,0
WHH,D,20120123,000000,0.45,0.45,0.45,0.45,1,0
WHH,D,20120124,000000,0.45,0.45,0.38,0.38,618,0
WHH,D,20120125,000000,0.45,0.45,0.45,0.45,1,0
WHH,D,20120126,000000,0.45,0.45,0.45,0.45,1,0
WHH,D,20120127,000000,0.45,0.45,0.45,0.45,3,0
WHH,D,20120130,000000,0.45,0.45,0.45,0.45,3,0
WHH,D,20120201,000000,0.45,0.45,0.45,0.45,3,0
WHH,D,20120202,000000,0.45,0.45,0.45,0.45,3,0
WHH,D,20120203,000000,0.45,0.45,0.45,0.45,3,0
WHH,D,20120206,000000,0.45,0.45,0.45,0.45,3,0
WHH,D,20120207,000000,0.45,0.45,0.45,0.45,3,0
WHH,D,20120208,000000,0.45,0.45,0.45,0.45,3,0
WHH,D,20120209,000000,0.45,0.45,0.45,0.45,3,0
WHH,D,20120210,000000,0.45,0.45,0.45,0.45,3,0
WHH,D,20120213,000000,0.45,0.45,0.45,0.45,3,0
WHH,D,20120214,000000,0.45,0.45,0.45,0.45,3,0
WHH,D,20120215,000000,0.45,0.45,0.45,0.45,3,0
WHH,D,20120216,000000,0.45,0.45,0.45,0.45,2,0
WHH,D,20120217,000000,0.45,0.45,0.45,0.45,3,0
WHH,D,20120220,000000,0.45,0.45,0.45,0.45,3,0
WHH,D,20120221,000000,0.45,0.45,0.45,0.45,5,0
WHH,D,20120222,000000,0.45,0.45,0.45,0.45,3,0
WHH,D,20120223,000000,0.45,0.45,0.45,0.45,3,0
WHH,D,20120224,000000,0.45,0.45,0.45,0.45,3,0
WHH,D,20120227,000000,0.45,0.45,0.45,0.45,5,0
WHH,D,20120228,000000,0.45,0.45,0.45,0.45,5,0
WHH,D,20120229,000000,0.45,0.45,0.45,0.45,3,0
WHH,D,20120301,000000,0.45,0.45,0.45,0.45,100,0
WHH,D,20120302,000000,0.45,0.45,0.45,0.45,10,0
WHH,D,20120305,000000,0.45,0.45,0.45,0.45,5,0
WHH,D,20120306,000000,0.45,0.45,0.45,0.45,10,0
WHH,D,20120307,000000,0.45,0.45,0.45,0.45,5,0
WHH,D,20120308,000000,0.45,0.45,0.45,0.45,5,0
WHH,D,20120309,000000,0.45,0.45,0.45,0.45,5,0
WHH,D,20120312,000000,0.45,0.45,0.45,0.45,3,0
WHH,D,20120313,000000,0.45,0.45,0.45,0.45,4,0
WHH,D,20120314,000000,0.44,0.44,0.44,0.44,3,0
WHH,D,20120315,000000,0.45,0.45,0.45,0.45,5,0
WHH,D,20120316,000000,0.45,0.45,0.45,0.45,5,0
WHH,D,20120319,000000,0.45,0.45,0.45,0.45,3,0
WHH,D,20120320,000000,0.45,0.45,0.45,0.45,3,0
WHH,D,20120322,000000,0.45,0.45,0.45,0.45,3,0
WHH,D,20120323,000000,0.4,0.45,0.4,0.45,250,0
WHH,D,20120327,000000,0.45,0.45,0.45,0.45,3,0
WHH,D,20120403,000000,0.45,0.45,0.45,0.45,5,0
WHH,D,20120404,000000,0.45,0.45,0.45,0.45,3,0
WHH,D,20120405,000000,0.45,0.45,0.45,0.45,5,0
WHH,D,20120410,000000,0.45,0.45,0.45,0.45,3,0
WHH,D,20120411,000000,0.45,0.45,0.45,0.45,3,0
WHH,D,20120413,000000,0.45,0.45,0.45,0.45,3,0
WHH,D,20120418,000000,0.45,0.45,0.45,0.45,5,0
WHH,D,20120420,000000,0.45,0.45,0.45,0.45,5,0
WHH,D,20120423,000000,0.45,0.45,0.45,0.45,3,0
WHH,D,20120424,000000,0.45,0.45,0.45,0.45,3,0
WHH,D,20120425,000000,0.45,0.45,0.45,0.45,3,0
WHH,D,20120426,000000,0.4,0.41,0.38,0.41,4196,0
WHH,D,20120427,000000,0.4,0.4,0.4,0.4,197394,0
WHH,D,20120502,000000,0.45,0.45,0.45,0.45,5,0
WHH,D,20120507,000000,0.45,0.45,0.45,0.45,3,0
WHH,D,20120508,000000,0.38,0.38,0.38,0.38,600,0
WHH,D,20120509,000000,0.38,0.38,0.38,0.38,3,0
WHH,D,20120511,000000,0.38,0.38,0.38,0.38,3,0
WHH,D,20120514,000000,0.38,0.38,0.38,0.38,5,0
WHH,D,20120515,000000,0.38,0.38,0.38,0.38,3,0
WHH,D,20120516,000000,0.38,0.38,0.38,0.38,3,0
WHH,D,20120518,000000,0.38,0.38,0.38,0.38,6,0
WHH,D,20120522,000000,0.38,0.38,0.38,0.38,871,0
WHH,D,20120523,000000,0.38,0.38,0.38,0.38,5,0
WHH,D,20120524,000000,0.38,0.38,0.38,0.38,5,0
WHH,D,20120525,000000,0.4,0.4,0.4,0.4,5,0
WHH,D,20120528,000000,0.4,0.4,0.4,0.4,3,0
WHH,D,20120529,000000,0.4,0.4,0.4,0.4,2,0
WHH,D,20120530,000000,0.4,0.4,0.4,0.4,3,0
WHH,D,20120531,000000,0.4,0.4,0.4,0.4,3,0
WHH,D,20120604,000000,0.4,0.4,0.4,0.4,5,0
WHH,D,20120605,000000,0.4,0.4,0.4,0.4,100,0
WHH,D,20120606,000000,0.4,0.4,0.4,0.4,103,0
WHH,D,20120608,000000,0.4,0.4,0.4,0.4,3,0
WHH,D,20120611,000000,0.4,0.4,0.4,0.4,3,0
WHH,D,20120612,000000,0.4,0.4,0.4,0.4,3,0
WHH,D,20120613,000000,0.4,0.4,0.4,0.4,3,0
WHH,D,20120615,000000,0.4,0.4,0.4,0.4,3,0
WHH,D,20120618,000000,0.4,0.4,0.4,0.4,10,0
WHH,D,20120619,000000,0.4,0.4,0.4,0.4,10,0
WHH,D,20120620,000000,0.38,0.4,0.35,0.4,110,0
WHH,D,20120621,000000,0.4,0.4,0.4,0.4,10,0
WHH,D,20120625,000000,0.4,0.4,0.4,0.4,5,0
WHH,D,20120626,000000,0.4,0.4,0.4,0.4,3,0
WHH,D,20120627,000000,0.4,0.4,0.4,0.4,2,0
WHH,D,20120628,000000,0.4,0.4,0.4,0.4,3,0
WHH,D,20120629,000000,0.4,0.4,0.4,0.4,2,0
WHH,D,20120703,000000,0.4,0.4,0.4,0.4,3,0
WHH,D,20120704,000000,0.4,0.4,0.4,0.4,3,0
WHH,D,20120705,000000,0.36,0.36,0.36,0.36,100,0
WHH,D,20120706,000000,0.4,0.4,0.4,0.4,3,0
WHH,D,20120709,000000,0.4,0.4,0.4,0.4,3,0
WHH,D,20120710,000000,0.4,0.4,0.4,0.4,3,0
WHH,D,20120711,000000,0.4,0.4,0.4,0.4,1,0
WHH,D,20120712,000000,0.4,0.4,0.4,0.4,1,0
WHH,D,20120713,000000,0.4,0.4,0.4,0.4,1,0
WHH,D,20120716,000000,0.4,0.4,0.4,0.4,1,0
WHH,D,20120717,000000,0.4,0.4,0.4,0.4,1,0
WHH,D,20120803,000000,0.4,0.4,0.4,0.4,2,0
WHH,D,20120806,000000,0.4,0.4,0.4,0.4,10,0
WHH,D,20120807,000000,0.4,0.4,0.4,0.4,10,0
WHH,D,20120808,000000,0.4,0.4,0.4,0.4,10,0
WHH,D,20120809,000000,0.4,0.4,0.4,0.4,10,0
WHH,D,20120810,000000,0.4,0.4,0.4,0.4,9,0
WHH,D,20120820,000000,0.4,0.4,0.4,0.4,5,0
WHH,D,20120828,000000,0.39,0.39,0.39,0.39,3,0
WHH,D,20120904,000000,0.39,0.39,0.39,0.39,2,0
WHH,D,20120907,000000,0.4,0.4,0.4,0.4,3,0
WHH,D,20120910,000000,0.4,0.4,0.4,0.4,3,0
WHH,D,20120911,000000,0.4,0.4,0.4,0.4,1,0
WHH,D,20120912,000000,0.4,0.4,0.4,0.4,1,0
WHH,D,20120913,000000,0.4,0.4,0.4,0.4,2,0
WHH,D,20120914,000000,0.4,0.4,0.4,0.4,1,0
WHH,D,20120917,000000,0.4,0.4,0.4,0.4,1,0
WHH,D,20120918,000000,0.4,0.4,0.4,0.4,1,0
WHH,D,20120919,000000,0.4,0.4,0.4,0.4,1,0
WHH,D,20120924,000000,0.39,0.39,0.39,0.39,1,0
WHH,D,20120926,000000,0.39,0.39,0.39,0.39,1,0
WHH,D,20120927,000000,0.39,0.39,0.39,0.39,1,0
WHH,D,20121002,000000,0.4,0.4,0.4,0.4,1,0
WHH,D,20121003,000000,0.4,0.4,0.4,0.4,1,0
WHH,D,20121005,000000,0.4,0.4,0.4,0.4,1,0
WHH,D,20121010,000000,0.39,0.39,0.39,0.39,1,0
WHH,D,20121016,000000,0.33,0.33,0.33,0.33,4600,0
WHH,D,20121019,000000,0.33,0.33,0.33,0.33,3,0
WHH,D,20121023,000000,0.33,0.33,0.33,0.33,2,0
WHH,D,20121026,000000,0.33,0.33,0.33,0.33,2,0
WHH,D,20121029,000000,0.33,0.33,0.33,0.33,2,0
WHH,D,20121030,000000,0.33,0.33,0.33,0.33,1,0
WHH,D,20121106,000000,0.33,0.33,0.33,0.33,4,0
WHH,D,20121107,000000,0.33,0.33,0.33,0.33,2,0
WHH,D,20121109,000000,0.33,0.33,0.33,0.33,10,0
WHH,D,20121112,000000,0.33,0.33,0.33,0.33,2,0
WHH,D,20121116,000000,0.33,0.33,0.33,0.33,3,0
WHH,D,20121120,000000,0.33,0.33,0.33,0.33,2,0
WHH,D,20121121,000000,0.33,0.33,0.33,0.33,2,0
WHH,D,20121122,000000,0.33,0.33,0.33,0.33,1,0
WHH,D,20121123,000000,0.33,0.33,0.33,0.33,1,0
WHH,D,20121129,000000,0.33,0.33,0.33,0.33,1,0
WHH,D,20121210,000000,0.3,0.3,0.3,0.3,3,0
WHH,D,20121213,000000,0.33,0.33,0.33,0.33,1,0
WHH,D,20121217,000000,0.33,0.33,0.33,0.33,1,0
WHH,D,20121218,000000,0.33,0.33,0.33,0.33,1,0
WHH,D,20121219,000000,0.33,0.33,0.33,0.33,1,0
WHH,D,20121227,000000,0.33,0.33,0.33,0.33,1,0
WHH,D,20130111,000000,0.3,0.3,0.3,0.3,50,0
WHH,D,20130114,000000,0.3,0.3,0.3,0.3,3,0
WHH,D,20130116,000000,0.3,0.3,0.3,0.3,5,0
WHH,D,20130117,000000,0.3,0.3,0.3,0.3,15,0
WHH,D,20130118,000000,0.3,0.3,0.3,0.3,10,0
WHH,D,20130124,000000,0.3,0.3,0.3,0.3,4,0
WHH,D,20130125,000000,0.3,0.3,0.3,0.3,2,0
WHH,D,20130128,000000,0.3,0.3,0.3,0.3,5,0
WHH,D,20130129,000000,0.3,0.3,0.3,0.3,5,0
WHH,D,20130131,000000,0.3,0.3,0.3,0.3,3,0
WHH,D,20130201,000000,0.3,0.3,0.3,0.3,4,0
WHH,D,20130204,000000,0.3,0.3,0.3,0.3,5,0
WHH,D,20130205,000000,0.3,0.3,0.3,0.3,5,0
WHH,D,20130207,000000,0.3,0.3,0.3,0.3,5,0
WHH,D,20130218,000000,0.3,0.3,0.3,0.3,5,0
WHH,D,20130219,000000,0.3,0.3,0.3,0.3,5,0
WHH,D,20130221,000000,0.3,0.3,0.3,0.3,30,0
WHH,D,20130225,000000,0.3,0.3,0.3,0.3,50,0
WHH,D,20130226,000000,0.3,0.3,0.3,0.3,50,0
WHH,D,20130227,000000,0.3,0.3,0.3,0.3,49,0
WHH,D,20130304,000000,0.3,0.3,0.3,0.3,90,0
WHH,D,20130308,000000,0.3,0.3,0.3,0.3,96,0
WHH,D,20130311,000000,0.3,0.3,0.3,0.3,100,0
WHH,D,20130313,000000,0.3,0.3,0.3,0.3,604,0
WHH,D,20130410,000000,0.3,0.3,0.3,0.3,2,0
WHH,D,20130529,000000,0.2,0.2,0.2,0.2,1050,0
WHH,D,20130730,000000,0.2,0.21,0.2,0.21,3909,0
WHH,D,20130807,000000,0.24,0.26,0.24,0.26,9049,0
WHH,D,20130808,000000,0.31,0.31,0.31,0.31,200,0
WHH,D,20130809,000000,0.3,0.31,0.3,0.31,635,0
WHH,D,20130813,000000,0.31,0.35,0.31,0.35,1800,0
WHH,D,20130814,000000,0.35,0.42,0.35,0.38,2250,0
WHH,D,20130816,000000,0.44,0.44,0.44,0.44,100,0
WHH,D,20130829,000000,0.42,0.5,0.42,0.5,2050,0
WHH,D,20130830,000000,0.52,0.52,0.52,0.52,50,0
WHH,D,20130902,000000,0.61,0.61,0.61,0.61,20,0
WHH,D,20130911,000000,0.52,0.52,0.52,0.52,1,0
WHH,D,20131004,000000,0.52,0.52,0.52,0.52,520,0
WHH,D,20131008,000000,0.52,0.62,0.52,0.62,6330,0
WHH,D,20131009,000000,0.71,0.71,0.71,0.71,40,0
WHH,D,20131010,000000,0.6,0.6,0.48,0.48,3124,0
WHH,D,20131011,000000,0.48,0.48,0.39,0.39,3240,0
WHH,D,20131017,000000,0.32,0.32,0.31,0.31,4960,0
WHH,D,20131022,000000,0.32,0.32,0.32,0.32,1300,0
WHH,D,20131203,000000,0.32,0.32,0.3,0.3,9,0
WHH,D,20131216,000000,0.23,0.23,0.23,0.23,1670,0
WHH,D,20131223,000000,0.23,0.23,0.23,0.23,2,0
WHH,D,20131230,000000,0.23,0.23,0.23,0.23,2800,0
WHH,D,20140128,000000,0.25,0.25,0.25,0.25,1000,0
WHH,D,20140331,000000,0.25,0.25,0.25,0.25,2,0
WHH,D,20140425,000000,0.3,0.35,0.3,0.35,4950,0
WHH,D,20140428,000000,0.35,0.43,0.32,0.43,5790,0
WHH,D,20140429,000000,0.43,0.55,0.43,0.51,46877,0
WHH,D,20140430,000000,0.54,0.64,0.54,0.64,4674,0
WHH,D,20140508,000000,0.59,0.6,0.59,0.6,3000,0
WHH,D,20140512,000000,0.5,0.5,0.5,0.5,300,0
WHH,D,20140515,000000,0.5,0.5,0.5,0.5,11,0
WHH,D,20140516,000000,0.6,0.6,0.5,0.5,1100,0
WHH,D,20140522,000000,0.55,0.55,0.55,0.55,20,0
WHH,D,20140527,000000,0.45,0.45,0.45,0.45,221,0
WHH,D,20140529,000000,0.42,0.42,0.42,0.42,1000,0
WHH,D,20140609,000000,0.34,0.34,0.34,0.34,1000,0
WHH,D,20140707,000000,0.3,0.3,0.3,0.3,254,0
WHH,D,20140709,000000,0.3,0.3,0.3,0.3,285,0
WHH,D,20140825,000000,0.4,0.46,0.4,0.46,3120,0
WHH,D,20140826,000000,0.51,0.55,0.51,0.55,300,0
WHH,D,20140827,000000,0.6,0.6,0.6,0.6,807,0
WHH,D,20140829,000000,0.65,0.65,0.65,0.65,47,0
WHH,D,20140908,000000,0.65,0.65,0.65,0.65,10,0
WHH,D,20141002,000000,0.62,0.62,0.62,0.62,50,0
WHH,D,20141003,000000,0.62,0.62,0.62,0.62,2,0
WHH,D,20141006,000000,0.62,0.62,0.62,0.62,2,0
WHH,D,20141007,000000,0.62,0.62,0.62,0.62,1,0
WHH,D,20141008,000000,0.62,0.62,0.62,0.62,1,0
WHH,D,20141009,000000,0.62,0.62,0.62,0.62,1,0
WHH,D,20141010,000000,0.62,0.62,0.62,0.62,2,0
WHH,D,20141013,000000,0.62,0.62,0.62,0.62,2,0
WHH,D,20141016,000000,0.62,0.62,0.62,0.62,1,0
WHH,D,20141020,000000,0.62,0.62,0.62,0.62,1,0
WHH,D,20141021,000000,0.62,0.62,0.62,0.62,1,0
WHH,D,20141024,000000,0.62,0.62,0.62,0.62,2,0
WHH,D,20141030,000000,0.62,0.62,0.62,0.62,2,0
WHH,D,20141105,000000,0.62,0.62,0.62,0.62,2,0
WHH,D,20141107,000000,0.62,0.65,0.62,0.63,2228,0
WHH,D,20141117,000000,0.51,0.51,0.51,0.51,800,0
WHH,D,20141124,000000,0.41,0.41,0.41,0.41,700,0
WHH,D,20141210,000000,0.35,0.35,0.35,0.35,4200,0
WHH,D,20150109,000000,0.32,0.38,0.32,0.38,6600,0
WHH,D,20150116,000000,0.31,0.31,0.31,0.31,485,0
WHH,D,20150203,000000,0.35,0.35,0.35,0.35,20,0
WHH,D,20150217,000000,0.38,0.38,0.38,0.38,1000,0
WHH,D,20150218,000000,0.38,0.38,0.38,0.38,20,0
WHH,D,20150219,000000,0.34,0.34,0.34,0.34,500,0
WHH,D,20150227,000000,0.38,0.38,0.38,0.38,100,0
WHH,D,20150304,000000,0.38,0.38,0.38,0.38,17,0
WHH,D,20150306,000000,0.42,0.42,0.42,0.42,100,0
WHH,D,20150311,000000,0.42,0.42,0.42,0.42,50,0
WHH,D,20150408,000000,0.43,0.43,0.43,0.43,100,0
WHH,D,20150413,000000,0.43,0.43,0.43,0.43,20,0
WHH,D,20150421,000000,0.43,0.43,0.43,0.43,50,0
WHH,D,20150430,000000,0.43,0.43,0.43,0.43,90,0
WHH,D,20150512,000000,0.43,0.43,0.43,0.43,100,0
WHH,D,20150513,000000,0.43,0.51,0.43,0.51,6416,0
WHH,D,20150514,000000,0.56,0.66,0.45,0.5,2754,0
WHH,D,20150518,000000,0.6,0.7,0.55,0.7,3220,0
WHH,D,20150519,000000,0.82,0.82,0.6,0.6,2107,0
WHH,D,20150520,000000,0.69,0.69,0.69,0.69,10,0
WHH,D,20150521,000000,0.6,0.6,0.48,0.48,4035,0
WHH,D,20150525,000000,0.57,0.57,0.47,0.47,4010,0
WHH,D,20150529,000000,0.46,0.46,0.46,0.46,224,0
WHH,D,20150611,000000,0.46,0.46,0.46,0.46,50,0
WHH,D,20150612,000000,0.46,0.52,0.42,0.42,7860,0
WHH,D,20150616,000000,0.45,0.45,0.45,0.45,1120,0
WHH,D,20150619,000000,0.43,0.43,0.43,0.43,1120,0
WHH,D,20150713,000000,0.43,0.43,0.43,0.43,20,0
WHH,D,20150730,000000,0.43,0.43,0.43,0.43,100,0
WHH,D,20150824,000000,0.38,0.38,0.38,0.38,700,0
WHH,D,20150831,000000,0.43,0.43,0.43,0.43,100,0
WHH,D,20150907,000000,0.43,0.5,0.43,0.5,7517,0
WHH,D,20150908,000000,0.6,0.6,0.53,0.54,2930,0
WHH,D,20150909,000000,0.48,0.48,0.48,0.48,1100,0
WHH,D,20150928,000000,0.42,0.42,0.41,0.41,1350,0
WHH,D,20150929,000000,0.45,0.45,0.45,0.45,1120,0
WHH,D,20150930,000000,0.42,0.42,0.42,0.42,502,0
WHH,D,20151027,000000,0.5,0.6,0.5,0.55,6574,0
WHH,D,20151029,000000,0.58,0.8,0.58,0.8,5165,0
WHH,D,20151030,000000,0.8,0.8,0.79,0.79,409,0
WHH,D,20151102,000000,0.91,0.91,0.65,0.65,900,0
WHH,D,20151103,000000,0.7,0.8,0.66,0.66,1485,0
WHH,D,20151104,000000,0.57,0.58,0.57,0.58,2865,0
WHH,D,20151106,000000,0.53,0.63,0.5,0.63,4217,0
WHH,D,20151109,000000,0.53,0.53,0.53,0.53,950,0
WHH,D,20151110,000000,0.48,0.48,0.48,0.48,975,0
WHH,D,20151117,000000,0.47,0.47,0.47,0.47,1000,0
WHH,D,20151118,000000,0.41,0.41,0.41,0.41,379,0
WHH,D,20151120,000000,0.41,0.41,0.41,0.41,432,0
WHH,D,20151130,000000,0.41,0.41,0.41,0.41,30,0
WHH,D,20160114,000000,0.41,0.41,0.41,0.41,1000,0
WHH,D,20160125,000000,0.35,0.36,0.28,0.28,3283,0
WHH,D,20160127,000000,0.35,0.35,0.35,0.35,450,0
WHH,D,20160420,000000,0.42,0.42,0.42,0.42,639,0
WHH,D,20160422,000000,0.39,0.39,0.39,0.39,1400,0
WHH,D,20160426,000000,0.39,0.39,0.39,0.39,1400,0
WHH,D,20160429,000000,0.39,0.39,0.39,0.39,287,0
WHH,D,20160520,000000,0.49,0.53,0.49,0.53,2400,0
WHH,D,20160523,000000,0.57,0.65,0.49,0.64,4570,0
WHH,D,20160524,000000,0.52,0.52,0.52,0.52,200,0
WHH,D,20160525,000000,0.45,0.45,0.36,0.38,5990,0
WHH,D,20160614,000000,0.43,0.43,0.43,0.43,1180,0
WHH,D,20160624,000000,0.44,0.44,0.44,0.44,1000,0
WHH,D,20160817,000000,0.47,0.47,0.47,0.47,1100,0
WHH,D,20160909,000000,0.49,0.49,0.49,0.49,101,0
WHH,D,20160913,000000,0.48,0.48,0.48,0.48,1000,0
WHH,D,20160916,000000,0.48,0.49,0.48,0.49,1420,0
WHH,D,20160928,000000,0.29,0.29,0.29,0.29,6000,0
WHH,D,20160929,000000,0.33,0.39,0.18,0.24,40992,0
WHH,D,20160930,000000,0.19,0.24,0.17,0.2,90855,0
WHH,D,20161003,000000,0.2,0.24,0.2,0.22,43302,0
WHH,D,20161004,000000,0.21,0.28,0.2,0.26,57762,0
WHH,D,20161005,000000,0.24,0.28,0.23,0.23,43136,0
WHH,D,20161006,000000,0.22,0.22,0.21,0.22,7848,0
WHH,D,20161007,000000,0.24,0.33,0.24,0.33,77712,0
WHH,D,20161010,000000,0.35,0.41,0.31,0.36,119607,0
WHH,D,20161011,000000,0.4,0.45,0.39,0.45,63466,0
WHH,D,20161012,000000,0.41,0.46,0.39,0.41,16110,0
WHH,D,20161013,000000,0.44,0.51,0.44,0.46,5566,0
WHH,D,20161014,000000,0.46,0.5,0.46,0.5,5630,0
WHH,D,20161017,000000,0.46,0.52,0.45,0.52,6100,0
WHH,D,20161018,000000,0.47,0.47,0.45,0.45,9000,0
WHH,D,20161019,000000,0.45,0.45,0.44,0.44,480,0
WHH,D,20161020,000000,0.43,0.43,0.41,0.41,2500,0
WHH,D,20161021,000000,0.44,0.44,0.41,0.41,454,0
WHH,D,20161024,000000,0.41,0.41,0.41,0.41,1284,0
WHH,D,20161026,000000,0.39,0.39,0.39,0.39,5278,0
WHH,D,20161028,000000,0.44,0.44,0.44,0.44,300,0
WHH,D,20161031,000000,0.35,0.42,0.35,0.39,29413,0
WHH,D,20161107,000000,0.4,0.4,0.4,0.4,171,0
WHH,D,20161110,000000,0.39,0.39,0.39,0.39,1,0
WHH,D,20161115,000000,0.37,0.37,0.37,0.37,3000,0
WHH,D,20161116,000000,0.36,0.36,0.34,0.34,4000,0
WHH,D,20161118,000000,0.34,0.34,0.34,0.34,2485,0
WHH,D,20161128,000000,0.36,0.36,0.36,0.36,1,0
WHH,D,20161206,000000,0.34,0.34,0.34,0.34,3015,0
WHH,D,20161207,000000,0.34,0.34,0.34,0.34,2,0
WHH,D,20161209,000000,0.3,0.3,0.3,0.3,1633,0
WHH,D,20161223,000000,0.28,0.28,0.28,0.28,2000,0
WHH,D,20161227,000000,0.28,0.32,0.28,0.32,3695,0
WHH,D,20161228,000000,0.28,0.28,0.28,0.28,1000,0
WHH,D,20170113,000000,0.32,0.32,0.32,0.32,2000,0
WHH,D,20170210,000000,0.32,0.32,0.32,0.32,200,0
WHH,D,20170217,000000,0.32,0.32,0.32,0.32,400,0
WHH,D,20170220,000000,0.3,0.3,0.3,0.3,2000,0
WHH,D,20170224,000000,0.32,0.32,0.32,0.32,5400,0
WHH,D,20170323,000000,0.29,0.33,0.29,0.33,2100,0
WHH,D,20170329,000000,0.32,0.32,0.32,0.32,400,0
WHH,D,20170426,000000,0.32,0.32,0.32,0.32,2060,0
WHH,D,20170427,000000,0.32,0.32,0.32,0.32,1550,0
WHH,D,20170428,000000,0.32,0.32,0.28,0.28,490,0
WHH,D,20170505,000000,0.32,0.32,0.32,0.32,150,0
WHH,D,20170518,000000,0.32,0.32,0.32,0.32,1000,0
WHH,D,20170531,000000,0.32,0.32,0.32,0.32,460,0
WHH,D,20170606,000000,0.32,0.38,0.32,0.38,8410,0
WHH,D,20170607,000000,0.45,0.45,0.45,0.45,35,0
WHH,D,20170703,000000,0.37,0.37,0.37,0.37,700,0
WHH,D,20170704,000000,0.43,0.43,0.35,0.35,710,0
WHH,D,20170711,000000,0.42,0.42,0.42,0.42,100,0
WHH,D,20170731,000000,0.41,0.41,0.41,0.41,4,0
WHH,D,20170804,000000,0.33,0.33,0.33,0.33,705,0
WHH,D,20170808,000000,0.39,0.39,0.39,0.39,3,0
WHH,D,20170814,000000,0.39,0.46,0.39,0.46,9766,0
WHH,D,20170816,000000,0.47,0.47,0.47,0.47,400,0
WHH,D,20170818,000000,0.47,0.55,0.47,0.48,4200,0
WHH,D,20170821,000000,0.57,0.68,0.51,0.64,5095,0
WHH,D,20170822,000000,0.52,0.75,0.5,0.75,7550,0
WHH,D,20170823,000000,0.75,0.75,0.6,0.75,3050,0
WHH,D,20170824,000000,0.62,0.65,0.5,0.5,6435,0
WHH,D,20170825,000000,0.48,0.48,0.47,0.47,4100,0
WHH,D,20170906,000000,0.42,0.42,0.42,0.42,2450,0
WHH,D,20170907,000000,0.35,0.35,0.35,0.35,5950,0
WHH,D,20170911,000000,0.34,0.34,0.34,0.34,1495,0
WHH,D,20170913,000000,0.33,0.33,0.33,0.33,130,0
WHH,D,20170926,000000,0.33,0.33,0.33,0.33,3000,0
WHH,D,20171026,000000,0.36,0.36,0.36,0.36,10,0
WHH,D,20171027,000000,0.36,0.36,0.33,0.33,170,0
WHH,D,20171030,000000,0.36,0.36,0.36,0.36,7080,0
WHH,D,20171031,000000,0.4,0.4,0.4,0.4,4400,0
WHH,D,20171102,000000,0.37,0.41,0.32,0.41,7325,0
WHH,D,20171103,000000,0.39,0.39,0.37,0.37,1415,0
WHH,D,20171106,000000,0.4,0.4,0.4,0.4,5,0
WHH,D,20171107,000000,0.4,0.4,0.4,0.4,4,0
WHH,D,20171108,000000,0.4,0.4,0.4,0.4,4,0
WHH,D,20171109,000000,0.4,0.4,0.4,0.4,5,0
WHH,D,20171110,000000,0.4,0.4,0.4,0.4,3,0
WHH,D,20171113,000000,0.4,0.4,0.33,0.33,6415,0
WHH,D,20171116,000000,0.33,0.33,0.32,0.32,6500,0
WHH,D,20171214,000000,0.31,0.31,0.31,0.31,2000,0
WHH,D,20180109,000000,0.3,0.3,0.3,0.3,6680,0
WHH,D,20180201,000000,0.28,0.33,0.28,0.33,7250,0
WHH,D,20180209,000000,0.39,0.39,0.39,0.39,2250,0
WHH,D,20180222,000000,0.45,0.45,0.45,0.45,50,0
WHH,D,20180228,000000,0.44,0.44,0.44,0.44,2,0
WHH,D,20180305,000000,0.44,0.44,0.44,0.44,10,0
WHH,D,20180404,000000,0.44,0.44,0.44,0.44,8,0
WHH,D,20180409,000000,0.44,0.44,0.44,0.44,2,0
WHH,D,20180416,000000,0.44,0.44,0.44,0.44,5,0
WHH,D,20180423,000000,0.44,0.44,0.44,0.44,1,0
WHH,D,20180502,000000,0.44,0.44,0.44,0.44,2,0
WHH,D,20180514,000000,0.44,0.44,0.44,0.44,1,0
WHH,D,20180525,000000,0.44,0.44,0.44,0.44,1,0
WHH,D,20180528,000000,0.44,0.44,0.44,0.44,1,0
WHH,D,20180702,000000,0.44,0.44,0.44,0.44,2,0
WHH,D,20180709,000000,0.44,0.44,0.44,0.44,2,0
WHH,D,20180731,000000,0.44,0.44,0.44,0.44,1,0
WHH,D,20180806,000000,0.44,0.44,0.44,0.44,2,0
WHH,D,20180813,000000,0.44,0.44,0.44,0.44,2,0
WHH,D,20180816,000000,0.44,0.44,0.44,0.44,2,0
WHH,D,20180820,000000,0.44,0.44,0.44,0.44,2,0
WHH,D,20180827,000000,0.44,0.44,0.44,0.44,2,0
WHH,D,20180903,000000,0.35,0.35,0.35,0.35,184,0
WHH,D,20180927,000000,0.36,0.36,0.36,0.36,1,0
WHH,D,20181009,000000,0.3,0.3,0.3,0.3,50,0
WHH,D,20181115,000000,0.27,0.27,0.27,0.27,7300,0
WHH,D,20181119,000000,0.3,0.3,0.3,0.3,1,0
WHH,D,20181129,000000,0.22,0.22,0.22,0.22,1000,0
WHH,D,20181203,000000,0.23,0.23,0.23,0.23,3300,0
WHH,D,20181228,000000,0.23,0.23,0.2,0.2,4006,0
WHH,D,20190102,000000,0.22,0.22,0.22,0.22,4550,0
WHH,D,20190305,000000,0.2,0.2,0.2,0.2,3500,0
WHH,D,20190311,000000,0.22,0.26,0.19,0.19,19190,0
WHH,D,20190319,000000,0.19,0.19,0.19,0.19,51,0
WHH,D,20190325,000000,0.22,0.22,0.22,0.22,2,0
WHH,D,20190326,000000,0.19,0.19,0.19,0.19,5500,0
WHH,D,20190327,000000,0.19,0.19,0.153,0.15,5512,0
WHH,D,20190328,000000,0.16,0.16,0.16,0.16,4400,0
WHH,D,20190403,000000,0.175,0.175,0.175,0.18,20,0
WHH,D,20190405,000000,0.175,0.175,0.175,0.18,2,0
WHH,D,20190528,000000,0.17,0.17,0.17,0.17,10,0
WHH,D,20190529,000000,0.18,0.18,0.18,0.18,10,0
WHH,D,20190530,000000,0.18,0.18,0.18,0.18,1,0
WHH,D,20190603,000000,0.17,0.17,0.17,0.17,10,0
WHH,D,20190606,000000,0.17,0.17,0.17,0.17,2,0
WHH,D,20190607,000000,0.17,0.17,0.17,0.17,5,0
WHH,D,20190611,000000,0.17,0.17,0.17,0.17,5,0
WHH,D,20190612,000000,0.17,0.17,0.17,0.17,5821,0
WHH,D,20190613,000000,0.185,0.185,0.185,0.19,1,0
WHH,D,20190614,000000,0.185,0.185,0.185,0.19,1,0
WHH,D,20190617,000000,0.185,0.185,0.185,0.19,1000,0
WHH,D,20190618,000000,0.185,0.185,0.185,0.19,1472,0
WHH,D,20190621,000000,0.185,0.19,0.18,0.19,8,0
WHH,D,20190624,000000,0.19,0.19,0.14,0.14,8013,0
WHH,D,20190628,000000,0.17,0.19,0.17,0.19,21981,0
WHH,D,20190701,000000,0.19,0.2,0.19,0.2,47500,0
WHH,D,20190702,000000,0.171,0.171,0.171,0.17,10000,0
WHH,D,20190703,000000,0.175,0.198,0.161,0.16,34574,0
WHH,D,20190731,000000,0.161,0.161,0.16,0.16,15226,0
WHH,D,20190801,000000,0.16,0.16,0.16,0.16,12500,0
WHH,D,20190807,000000,0.151,0.151,0.15,0.15,8166,0
WHH,D,20190809,000000,0.14,0.14,0.14,0.14,14500,0
WHH,D,20190821,000000,0.09,0.09,0.09,0.09,15185,0
WHH,D,20190822,000000,0.09,0.09,0.09,0.09,300,0
WHH,D,20190826,000000,0.09,0.09,0.09,0.09,50,0
WHH,D,20190828,000000,0.09,0.09,0.09,0.09,22500,0
WHH,D,20190829,000000,0.0805,0.0805,0.08,0.08,22500,0
WHH,D,20190903,000000,0.09,0.09,0.09,0.09,13,0
WHH,D,20190911,000000,0.09,0.09,0.09,0.09,22,0
WHH,D,20190913,000000,0.09,0.09,0.09,0.09,16,0
WHH,D,20190916,000000,0.09,0.09,0.09,0.09,9,0
WHH,D,20190917,000000,0.09,0.09,0.09,0.09,5,0
WHH,D,20190918,000000,0.09,0.09,0.08,0.08,5003,0
WHH,D,20190923,000000,0.09,0.09,0.09,0.09,23500,0
WHH,D,20190924,000000,0.117,0.13,0.117,0.13,899,0
WHH,D,20190925,000000,0.12,0.12,0.12,0.12,100,0
WHH,D,20190927,000000,0.11,0.11,0.11,0.11,40,0
WHH,D,20191002,000000,0.132,0.132,0.132,0.132,1000,0
WHH,D,20191003,000000,0.11,0.132,0.11,0.132,47200,0
WHH,D,20191205,000000,0.15,0.15,0.15,0.15,60,0
WHH,D,20191210,000000,0.15,0.15,0.15,0.15,349,0
WHH,D,20191213,000000,0.15,0.15,0.15,0.15,100,0
WHH,D,20191219,000000,0.12,0.12,0.12,0.12,1,0
WHH,D,20191223,000000,0.12,0.12,0.118,0.118,2113,0
WHH,D,20200107,000000,0.12,0.12,0.12,0.12,130,0
WHH,D,20200116,000000,0.15,0.15,0.15,0.15,10,0
WHH,D,20200127,000000,0.12,0.12,0.11,0.12,15598,0
WHH,D,20200128,000000,0.12,0.13,0.11,0.11,14611,0
WHH,D,20200129,000000,0.1,0.149,0.08,0.149,41798,0
WHH,D,20200130,000000,0.148,0.169,0.148,0.169,47203,0
WHH,D,20200203,000000,0.169,0.17,0.169,0.17,18888,0
WHH,D,20200204,000000,0.169,0.169,0.136,0.16,15184,0
WHH,D,20200207,000000,0.12,0.149,0.12,0.149,33979,0
WHH,D,20200210,000000,0.12,0.12,0.12,0.12,991,0
WHH,D,20200213,000000,0.14,0.14,0.14,0.14,1200,0
WHH,D,20200214,000000,0.16,0.16,0.14,0.16,21790,0
WHH,D,20200218,000000,0.16,0.16,0.16,0.16,1543,0
WHH,D,20200313,000000,0.1,0.1,0.1,0.1,2591,0
WHH,D,20200318,000000,0.11,0.13,0.11,0.13,520,0
WHH,D,20200320,000000,0.13,0.13,0.13,0.13,4069,0
WHH,D,20200323,000000,0.13,0.13,0.13,0.13,4050,0
WHH,D,20200324,000000,0.12,0.12,0.12,0.12,2110,0
WHH,D,20200325,000000,0.12,0.12,0.12,0.12,8,0
WHH,D,20200327,000000,0.12,0.14,0.12,0.14,1667,0
WHH,D,20200330,000000,0.14,0.15,0.14,0.15,200,0
WHH,D,20200401,000000,0.137,0.15,0.11,0.11,1100,0
WHH,D,20200407,000000,0.1,0.1,0.1,0.1,33,0
WHH,D,20200423,000000,0.15,0.15,0.15,0.15,500,0
WHH,D,20200506,000000,0.15,0.16,0.15,0.16,4500,0
WHH,D,20200511,000000,0.16,0.16,0.16,0.16,3606,0
WHH,D,20200512,000000,0.14,0.14,0.14,0.14,3000,0
WHH,D,20200515,000000,0.16,0.16,0.16,0.16,500,0
WHH,D,20200521,000000,0.16,0.206,0.16,0.206,28201,0
WHH,D,20200522,000000,0.216,0.24,0.216,0.24,4680,0
WHH,D,20200525,000000,0.24,0.28,0.24,0.28,30053,0
WHH,D,20200526,000000,0.28,0.29,0.22,0.26,22572,0
WHH,D,20200529,000000,0.256,0.256,0.256,0.256,300,0
WHH,D,20200608,000000,0.228,0.228,0.18,0.18,13972,0
WHH,D,20200609,000000,0.18,0.22,0.18,0.216,2100,0
WHH,D,20200615,000000,0.216,0.216,0.21,0.21,1438,0
WHH,D,20200622,000000,0.18,0.216,0.18,0.18,4580,0
WHH,D,20200623,000000,0.216,0.216,0.18,0.18,5520,0
WHH,D,20200624,000000,0.21,0.21,0.15,0.208,452,0
WHH,D,20200625,000000,0.208,0.208,0.208,0.208,550,0
WHH,D,20200626,000000,0.208,0.22,0.208,0.22,16180,0
WHH,D,20200630,000000,0.218,0.248,0.218,0.248,1191,0
WHH,D,20200701,000000,0.23,0.25,0.23,0.25,430,0
WHH,D,20200702,000000,0.25,0.25,0.25,0.25,10,0
WHH,D,20200703,000000,0.25,0.25,0.25,0.25,5,0
WHH,D,20200706,000000,0.25,0.28,0.25,0.28,2000,0
WHH,D,20200707,000000,0.226,0.28,0.22,0.28,7760,0
WHH,D,20200709,000000,0.23,0.28,0.23,0.28,7300,0
WHH,D,20200710,000000,0.28,0.28,0.28,0.28,10,0
WHH,D,20200713,000000,0.28,0.28,0.24,0.278,6200,0
WHH,D,20200714,000000,0.278,0.278,0.278,0.278,120,0
WHH,D,20200715,000000,0.278,0.278,0.278,0.278,20,0
WHH,D,20200716,000000,0.278,0.278,0.278,0.278,50,0
WHH,D,20200717,000000,0.278,0.278,0.278,0.278,100,0
WHH,D,20200720,000000,0.278,0.278,0.278,0.278,100,0
WHH,D,20200721,000000,0.278,0.278,0.278,0.278,125,0
WHH,D,20200722,000000,0.278,0.278,0.26,0.276,350,0
WHH,D,20200723,000000,0.26,0.278,0.23,0.278,1050,0
WHH,D,20200724,000000,0.278,0.33,0.278,0.33,34023,0
WHH,D,20200727,000000,0.33,0.47,0.33,0.47,83765,0
WHH,D,20200728,000000,0.5,0.6,0.46,0.57,26519,0
WHH,D,20200729,000000,0.57,0.57,0.456,0.5,13192,0
WHH,D,20200730,000000,0.496,0.496,0.41,0.41,6523,0
WHH,D,20200731,000000,0.428,0.44,0.36,0.418,8435,0
WHH,D,20200803,000000,0.35,0.42,0.34,0.4,22852,0
WHH,D,20200804,000000,0.4,0.48,0.39,0.39,4952,0
WHH,D,20200805,000000,0.45,0.45,0.36,0.4,11273,0
WHH,D,20200810,000000,0.4,0.5,0.324,0.5,31609,0
WHH,D,20200811,000000,0.58,0.59,0.47,0.47,28400,0
WHH,D,20200812,000000,0.48,0.5,0.402,0.44,12630,0
WHH,D,20200814,000000,0.44,0.52,0.44,0.52,12565,0
WHH,D,20200817,000000,0.52,0.59,0.51,0.51,4131,0
WHH,D,20200818,000000,0.44,0.51,0.352,0.4,26711,0
WHH,D,20200819,000000,0.398,0.398,0.27,0.35,50937,0
WHH,D,20200820,000000,0.288,0.3,0.27,0.3,31362,0
WHH,D,20200821,000000,0.3,0.38,0.252,0.38,45955,0
WHH,D,20200824,000000,0.456,0.5,0.382,0.448,50032,0
WHH,D,20200825,000000,0.448,0.46,0.4,0.438,18442,0
WHH,D,20200826,000000,0.44,0.468,0.352,0.468,66001,0
WHH,D,20200827,000000,0.468,0.48,0.42,0.454,30848,0
WHH,D,20200828,000000,0.45,0.466,0.4,0.45,25712,0
WHH,D,20200831,000000,0.42,0.458,0.4,0.458,23003,0
WHH,D,20200901,000000,0.45,0.45,0.404,0.44,6367,0
WHH,D,20200902,000000,0.39,0.476,0.39,0.41,29911,0
WHH,D,20200903,000000,0.41,0.448,0.4,0.448,7500,0
WHH,D,20200904,000000,0.46,0.46,0.404,0.458,11331,0
WHH,D,20200907,000000,0.404,0.45,0.404,0.444,14109,0
WHH,D,20200908,000000,0.458,0.458,0.38,0.41,28355,0
WHH,D,20200909,000000,0.4,0.42,0.382,0.382,35182,0
WHH,D,20200910,000000,0.44,0.458,0.4,0.42,7251,0
WHH,D,20200911,000000,0.384,0.454,0.384,0.43,22,0
WHH,D,20200914,000000,0.382,0.382,0.382,0.382,5000,0
WHH,D,20200915,000000,0.382,0.382,0.382,0.382,681,0
WHH,D,20200916,000000,0.45,0.45,0.39,0.448,3140,0
WHH,D,20200917,000000,0.444,0.444,0.38,0.444,14479,0
WHH,D,20200918,000000,0.382,0.44,0.382,0.44,1439,0
WHH,D,20200921,000000,0.382,0.43,0.382,0.43,4182,0
WHH,D,20200923,000000,0.38,0.38,0.38,0.38,1741,0
WHH,D,20200928,000000,0.36,0.42,0.36,0.42,12844,0
WHH,D,20200929,000000,0.42,0.42,0.42,0.42,250,0
WHH,D,20200930,000000,0.37,0.37,0.36,0.36,1000,0
WHH,D,20201001,000000,0.34,0.42,0.34,0.42,994,0
WHH,D,20201002,000000,0.42,0.42,0.37,0.37,1650,0
WHH,D,20201005,000000,0.36,0.36,0.36,0.36,6769,0
WHH,D,20201006,000000,0.33,0.42,0.31,0.42,21876,0
WHH,D,20201007,000000,0.38,0.39,0.38,0.39,10480,0
WHH,D,20201008,000000,0.38,0.38,0.326,0.35,25755,0
WHH,D,20201009,000000,0.35,0.35,0.28,0.316,56128,0
WHH,D,20201012,000000,0.284,0.31,0.284,0.306,29122,0
WHH,D,20201013,000000,0.31,0.35,0.254,0.33,68108,0
WHH,D,20201014,000000,0.28,0.324,0.28,0.324,19705,0
WHH,D,20201015,000000,0.32,0.32,0.32,0.32,771,0
